4027 4031
3997 3998
3993 4030
3980 4009
4003 4009
4002 4023
3982 3997
3992 4000
3980 4034
3998 4009
3997 4023
4020 4027
4004 4038
3980 3992
3982 4037
3982 4026
3980 4016
3986 4026
3986 4000
3980 4029
3980 4010
3980 4028
4013 4031
594 4031
4019 4026
3980 4037
3980 4014
3998 4019
3993 4004
4004 4030
4016 4025
3990 4007
3994 3997
3980 4003
3986 4014
3998 4018
3991 4031
3980 4027
3980 4007
4004 4013
4001 4029
4009 4019
3983 4017
4018 4023
4004 4031
3990 4025
4006 4027
4020 4031
3980 4018
3989 3991
3998 4002
4020 4037
4018 4030
3985 3988
594 3989
3985 3995
3997 4019
3980 4001
4000 4030
3980 3990
4013 4038
3980 4012
3980 3986
3998 3999
3987 4012
3982 4009
3980 4035
3980 3987
3980 4038
4017 4021
3980 4030
3980 3984
4003 4023
3982 4014
3997 4009
4007 4016
3980 4015
4021 4026
594 4011
3980 4023
3998 4023
3980 4011
3990 4016
3980 3989
3995 4004
3980 4036
3980 4005
3997 4030
3980 3985
3980 3995
3980 3983
3995 4014
4000 4033
4017 4030
3986 4033
3993 3995
3989 4013
3988 3993
3980 4000
4017 4026
3982 3986
3996 4028
3980 4017
4023 4031
3980 4032
3981 4009
3981 3997
3982 3988
3995 4026
4004 4020
3988 3995
4023 4030
3992 4017
3981 4018
3980 3997
4019 4030
4004 4023
3994 4030
4031 4038
3994 4018
3980 4008
3980 4021
4011 4031
4009 4030
3994 3998
4021 4030
3994 4023
3986 4021
3980 3981
4014 4037
3998 4021
3980 3993
4014 4038
3989 4011
3985 4014
3980 4033
3995 4023
3982 4023
3986 4017
4020 4030
4027 4032
3981 3998
4014 4017
3985 4004
4020 4038
3994 3996
3980 4006
3980 4025
4000 4021
3980 3999
4000 4026
3982 4021
4014 4030
4002 4020
3981 4019
3980 4013
4002 4031
3985 3993
3980 3982
3980 4020
4023 4038
3995 4000
4009 4023
3994 4019
