766 827
812 837
779 835
695 724
799 845
715 805
755 814
718 803
760 834
686 846
715 781
728 773
697 713
705 719
764 787
696 840
792 828
711 724
686 717
702 839
719 762
719 853
727 770
817 827
686 832
747 800
723 734
696 713
690 731
828 830
800 845
705 814
728 828
762 842
840 856
708 819
742 789
732 771
722 745
792 805
719 823
728 838
735 819
713 726
805 843
694 695
708 797
756 826
697 800
705 808
783 809
686 809
741 800
739 807
810 828
718 764
708 840
828 829
821 836
715 745
752 827
817 819
819 830
695 697
695 751
686 817
687 697
820 831
755 783
686 715
745 794
803 837
687 783
758 849
696 828
688 771
760 829
723 766
745 774
751 784
724 784
700 794
815 819
752 766
824 835
724 824
760 824
745 828
745 817
795 820
783 787
747 792
688 751
694 800
686 707
697 828
731 810
722 738
686 739
694 697
747 815
747 764
703 838
686 826
777 824
686 718
696 738
755 827
728 764
789 833
719 772
713 815
752 815
724 736
710 853
800 834
817 830
703 823
752 829
792 807
820 834
810 823
736 850
697 748
748 817
698 729
713 780
711 745
802 806
733 786
719 731
728 774
787 793
708 781
768 816
735 856
834 847
707 736
705 807
805 853
766 771
686 793
697 820
741 823
819 827
703 820
697 827
734 847
748 787
710 805
769 800
786 829
694 812
747 805
716 849
767 839
714 789
756 827
766 780
726 812
745 845
696 845
781 814
694 738
698 703
754 838
694 781
686 792
701 830
710 847
774 811
739 740
686 801
770 828
696 719
781 827
718 781
707 714
716 795
731 745
818 822
687 747
719 787
686 755
709 819
708 800
737 815
720 832
688 845
720 730
770 797
723 849
774 805
781 787
747 753
780 815
754 835
705 830
778 844
781 824
720 808
693 828
686 842
709 840
791 822
701 774
793 850
794 795
763 820
769 811
721 848
787 809
703 792
696 829
764 824
696 745
830 846
761 827
830 849
719 834
687 819
824 844
745 760
815 853
686 838
694 752
754 780
805 824
717 852
719 722
764 797
819 834
805 828
784 834
686 830
805 847
738 774
709 805
781 815
738 751
815 830
731 847
705 763
693 726
708 747
693 837
747 769
823 830
800 853
770 845
810 827
758 787
828 834
688 853
780 803
828 845
741 781
805 810
823 856
697 781
718 762
686 756
694 696
713 819
694 711
827 830
695 784
723 824
694 722
701 781
705 834
718 793
828 848
703 835
773 820
764 793
771 789
740 817
696 842
745 814
688 766
792 837
702 732
728 747
686 788
784 853
698 798
814 853
694 772
825 856
713 853
705 824
745 829
723 828
793 797
780 835
780 792
724 726
686 749
733 782
696 853
718 770
712 714
792 850
823 843
706 773
774 784
807 828
745 795
708 811
716 770
807 843
758 817
732 822
690 784
727 830
782 786
754 792
817 850
752 847
803 840
726 745
828 837
728 823
830 856
761 842
708 724
792 803
726 751
686 738
754 777
760 805
687 739
719 759
771 806
713 760
830 845
772 845
797 828
706 713
719 734
741 807
697 747
736 818
695 781
701 726
792 815
783 827
694 756
701 834
758 814
695 766
713 724
830 847
766 810
731 815
707 767
697 721
701 845
688 695
687 838
711 784
773 828
688 777
777 779
