3087 3299
3255 3385
2793 3169
2929 3029
2910 3000
3021 3146
3211 3215
2778 2823
3049 3335
2721 3077
3017 3182
2676 3078
3049 3247
3198 3331
3172 3261
2730 3191
3079 3350
2827 2916
2719 3039
2675 3219
2869 3060
2712 3415
2679 3174
2698 2800
2909 2986
2716 3154
2676 2705
2754 3033
1684 3236
2661 2687
3070 3265
3201 3344
2738 2741
2937 3179
1684 3169
2777 3220
2683 2862
2950 3152
3020 3196
2831 3365
3104 3384
3201 3360
2925 2986
2991 3172
2960 3226
2901 3154
2800 2854
2976 3182
2969 3364
2843 3196
3059 3300
3046 3360
2869 2881
3321 3422
3011 3350
3065 3284
3213 3363
2806 3000
2679 2810
3123 3158
2701 3396
3078 3108
3078 3090
2823 2894
3153 3392
2784 3150
3150 3223
2734 3121
3100 3182
2909 3250
3288 3434
2772 3093
3199 3259
1684 3435
2964 3038
3108 3195
2703 3314
2793 2991
2841 2858
3177 3273
1684 3188
1684 3056
3129 3226
1684 3317
3054 3078
2738 3232
2694 3096
2754 2986
3115 3224
2774 2817
2724 2779
2897 3232
2944 3135
3072 3287
3392 3430
2887 2956
2733 3011
2759 2909
2991 3396
2672 3274
2888 2978
3203 3210
2983 3066
1684 3126
2741 2953
3296 3350
2763 2960
3168 3366
2683 3137
2931 3026
2950 3076
3169 3267
2737 2869
2833 2894
2992 3355
2718 3396
2782 2906
2730 2871
1684 3362
2766 2794
1684 2869
3082 3391
2873 3257
3079 3179
2676 3142
1684 2720
3106 3434
2855 2904
2813 2848
2684 3434
2770 3416
2839 3250
2684 2708
3039 3422
1684 2672
2738 2756
2880 2945
2841 3081
3124 3185
2925 3065
2981 3158
2950 3182
1534 3245
3146 3152
3076 3422
2750 2782
2743 2931
2853 3169
2832 3275
2970 3102
2698 3149
2939 3391
2756 2862
3272 3347
1684 3327
3101 3113
2744 3156
2803 3214
3182 3280
3406 3409
1684 3010
2665 2675
2957 3196
2919 2997
2973 3041
2904 3411
2968 3020
2950 3335
2926 3376
3096 3284
2712 3350
2839 3414
2753 3106
2835 2906
2726 2899
2989 3355
2728 3019
3084 3362
2965 3107
2865 3032
2880 3220
3157 3350
2742 3320
2717 3339
2694 2956
2986 3036
2853 3070
1684 3186
2682 3001
2958 3276
2681 2757
3291 3335
3225 3274
3060 3332
2847 2856
2679 2689
3115 3185
3162 3233
2749 2810
2906 2908
2815 2987
2719 2853
2964 3374
2869 3330
2755 3339
2804 2992
2877 3054
2844 3087
2782 3026
2782 2815
2974 3220
2796 3277
2904 3360
3090 3158
2786 2874
2920 2960
3184 3390
2897 2912
2875 3320
2880 3232
2690 2871
2832 3312
2711 3177
3077 3415
2921 3107
3025 3257
2911 2960
3068 3168
2763 3042
2744 3255
2951 3038
2674 3265
3112 3378
2927 3036
2729 3089
2698 3142
2911 2940
2718 2955
2668 3177
1505 3245
2884 2909
2681 3184
3082 3206
2914 3279
3277 3378
2888 3130
2920 3284
2676 2927
2913 3232
2678 3057
1684 2814
2833 3116
3144 3235
3035 3419
2890 3348
2943 3029
2828 3344
2776 2861
2679 3000
2907 3293
2829 3162
2901 3140
2928 3390
990 1666
1684 3179
3146 3330
3116 3214
2786 2977
3016 3171
3187 3255
2675 2730
3113 3272
2956 3084
2810 2887
2943 2960
2890 3387
3052 3193
2871 3189
2944 3023
2782 3040
2937 3262
2908 3004
1684 3177
2673 2877
3142 3195
2997 3081
2705 2943
3008 3382
3066 3128
3185 3335
3040 3142
2738 3293
171 2885
2801 3256
1684 3403
2911 2986
2689 2800
2847 3173
2864 2909
2713 3077
2785 3431
3035 3353
2828 3397
2878 2904
2716 3274
2690 2844
3177 3241
3152 3297
2668 3307
3149 3348
2750 2986
2871 3256
3402 3427
2869 3116
2851 3394
2985 3033
2753 3378
2873 3033
2758 3187
3116 3291
2823 3403
2828 3038
2920 3033
2682 3068
2999 3253
3021 3206
2905 3047
3029 3085
3115 3397
2738 3238
3046 3106
2666 2897
2782 3064
2954 3190
2690 2735
2883 3385
2695 2839
2996 3190
2828 2973
3167 3385
2839 3025
2793 3344
2797 3332
3116 3431
2729 2755
2921 3249
2748 3344
2956 3123
2716 2845
1684 3307
1684 2832
2974 3363
3002 3076
2738 3092
3116 3252
2763 2913
2763 2945
3084 3426
3041 3326
2665 2781
2683 3237
2875 3261
3318 3423
2778 3327
2681 3054
2708 3079
3107 3330
2828 3116
3371 3420
2736 2836
2770 3265
2948 3193
2679 2777
2731 2874
3038 3116
3150 3154
2719 2881
2716 3051
3116 3330
2919 3054
2976 3360
3089 3403
2944 3220
2696 3246
3185 3434
3152 3419
2827 2956
2846 3038
1684 3083
3034 3101
2694 2755
2901 3351
3243 3417
2863 3198
2896 3228
2702 3395
2955 3032
3078 3293
2956 2969
2828 3209
2936 3386
2985 3399
3039 3172
2947 2951
2970 3344
3221 3248
2927 3078
3002 3356
2992 3113
3101 3360
2785 2846
2849 3267
2756 3104
2994 3149
3112 3280
3365 3385
2896 2919
2920 3213
3297 3419
3152 3274
2864 3417
2666 2913
3026 3293
3051 3170
3138 3208
2748 3360
3204 3267
2977 3384
3145 3267
2718 3107
2742 3260
3030 3084
2841 3248
2804 2984
2946 3149
2905 2919
2875 3332
2743 3073
3103 3150
1684 2762
1684 3244
3118 3145
2913 3426
2757 3033
2868 3224
2786 3433
2986 3363
2836 3221
3199 3378
2800 2880
2781 3347
2754 2988
1684 2730
3303 3426
2688 2725
2738 3114
3087 3313
2915 3384
3019 3379
3140 3161
2901 3070
3052 3315
2848 3203
2873 3084
2763 2891
2859 3365
2761 3362
3086 3103
3083 3126
3132 3212
1726 3179
3021 3302
2830 3019
2850 3195
2679 2956
2915 2928
2759 3286
2906 2974
1684 2944
3002 3019
2742 2781
2901 3206
3101 3280
2911 3399
2880 2974
2898 3424
2786 2916
2770 2863
2744 3369
2694 2920
1656 3165
2796 2849
3103 3136
3162 3273
2906 2966
3152 3329
2799 3200
2745 2786
3050 3335
2853 3344
3162 3285
58 2885
3115 3247
1684 2999
2748 2976
3101 3277
2912 3090
2911 3054
2662 3177
2681 2864
2835 2960
3116 3265
2810 2944
2833 3224
2944 2974
3060 3102
2754 2812
1684 2863
3082 3116
3000 3348
2674 2765
2782 3232
2781 2894
2755 3054
3113 3351
2664 3090
2680 3348
2872 3294
2715 3264
2908 2911
3174 3363
2991 3297
2661 2849
3010 3080
2916 2943
2890 2915
2719 2936
3111 3150
2780 3198
2795 3211
3280 3397
2666 3004
3184 3286
2783 2984
2959 2982
3081 3138
2869 3152
2749 3047
2701 3079
3154 3379
2705 3056
1684 2900
2953 3119
3144 3214
3204 3378
3076 3281
2853 3049
2870 3107
3086 3371
3154 3277
2828 3261
3234 3315
2683 3129
2746 2866
3178 3307
3084 3417
2892 3420
3027 3291
2934 3186
2796 3351
2997 3012
2793 2833
2828 3247
3263 3287
2909 3022
2866 2909
3100 3233
2716 3287
3084 3364
2869 3386
2894 3112
3116 3419
2698 3387
2991 3239
3184 3417
3291 3391
2743 3417
2694 3142
3177 3204
2853 3247
3132 3381
3397 3419
3035 3102
2672 3179
3280 3296
2724 3405
2970 3201
2867 3174
2800 2867
1534 3361
2830 3207
2724 3100
3198 3351
2755 3163
2661 2828
2893 3327
3133 3366
1684 3111
3082 3148
2700 2812
2992 3252
2800 3096
2668 2946
3101 3288
3101 3146
3033 3363
1684 2871
2870 3406
2713 3038
2679 2835
2836 3421
3146 3351
2806 3114
2815 3033
3024 3397
2854 3286
3039 3287
2738 3004
3196 3236
1684 2718
3102 3280
2991 3378
2705 3193
3000 3158
2770 3247
2981 3130
3020 3263
2743 2810
2937 3011
2866 3430
2782 2927
3089 3332
2724 2957
1684 3101
3086 3263
2901 3355
2689 2896
2772 2996
3347 3351
2698 2782
2822 2831
2737 2892
3026 3137
2680 3029
2827 3426
3203 3321
3090 3163
2778 2881
2664 2839
3116 3335
1684 2978
3111 3219
2828 2970
2904 3148
2782 3387
2867 2913
2770 3277
3198 3342
2724 3379
2911 3363
2738 3104
2668 3291
1505 2883
2924 3025
3080 3333
2912 3250
2741 3220
2709 2795
2824 3091
3152 3351
2877 3047
2680 3033
1684 3194
1684 2765
1642 3355
3000 3135
2944 3085
2804 3416
2724 3308
2703 3309
2932 3404
2810 3073
2725 3302
990 3136
3330 3337
3110 3302
2757 2906
3224 3313
2674 3169
3150 3397
3084 3238
2831 3312
2716 3320
2751 3291
2931 3054
3101 3224
2748 2950
2969 3304
2894 3350
3391 3406
3077 3118
3260 3292
2881 3076
2905 2915
2951 3346
3107 3323
2783 3369
1684 3400
3287 3403
2669 2757
2669 2908
2884 3044
3005 3165
3219 3256
2720 3089
2741 3433
2785 3138
2748 2853
2780 3360
2846 3320
2749 2943
2833 3035
2719 3353
2913 3339
2782 3339
2862 3073
2706 2810
3093 3154
2863 3116
3120 3240
2919 2985
3133 3233
2724 3001
2674 3150
2697 3246
3381 3434
3115 3411
3320 3360
2718 2901
2915 3092
2719 3225
2853 3106
2782 2913
2662 3192
2841 2898
2955 3221
2992 3240
2698 3232
2686 3034
2896 3022
1684 2860
3172 3296
1684 2996
2742 3051
3034 3397
2880 3078
2698 2839
3345 3352
3279 3326
2939 3152
3041 3352
3084 3158
3158 3232
2719 3172
2782 3195
2713 3082
2989 3046
2939 3351
2670 3311
3082 3351
1684 3328
2907 2988
3347 3416
3280 3434
3116 3297
2741 2945
2831 3393
2778 3297
3237 3315
2927 3430
3136 3253
2665 3253
3339 3426
2793 3150
3196 3221
2866 3047
3195 3226
2778 2991
3050 3312
3253 3255
2664 2897
2669 2986
3062 3331
2719 3113
2661 3082
3033 3435
2926 3338
3054 3303
2711 3412
2937 3397
2892 3001
3148 3306
3046 3406
2683 3010
2784 3179
2862 2985
2904 3267
2973 3201
2945 3023
2828 3027
2972 3382
2850 2880
2781 3120
2661 3265
3013 3260
2777 3022
3053 3354
2796 3101
2780 3089
2683 2874
3171 3214
2827 2943
3017 3328
2758 3154
2897 2906
3000 3435
2867 3098
2661 3272
2705 3301
3081 3398
2666 3108
2664 2910
2730 2739
3152 3169
2750 2754
2668 2958
3146 3383
3009 3027
2770 3049
2812 3291
3344 3345
3027 3113
3033 3054
2906 3387
2978 3080
2991 3330
2706 3324
1684 3223
3425 3427
2676 3033
3051 3330
2785 3335
2849 3201
2876 2904
2701 3350
2784 3259
2711 2714
1684 2844
2862 3324
3093 3171
1684 3081
2966 3108
2981 3073
3205 3278
2909 3000
3145 3347
3154 3415
2738 3098
2674 3330
2743 2887
2797 2901
2728 3359
3043 3110
3052 3348
2807 3400
3110 3327
2977 3243
2911 3387
2757 2974
2684 3060
2699 2972
2828 3035
3140 3321
2839 3065
2666 2755
2742 3035
3115 3179
3060 3403
3334 3366
2741 3084
2758 3307
2705 2867
2750 2864
2894 2991
1684 3016
2828 3152
1684 3199
3201 3347
2733 3060
3295 3346
2784 3214
2743 3158
3141 3271
2734 3157
3258 3360
2802 3106
2866 2873
2717 3363
2989 3330
2877 3324
2718 2758
3049 3419
3384 3387
2711 3062
3253 3431
3397 3406
3201 3350
3150 3406
2787 3291
2823 3079
3277 3344
3106 3120
3009 3035
2778 2875
2997 3368
3106 3239
3136 3365
2909 2960
2683 2887
2739 3191
2921 3034
3076 3113
3021 3351
2932 3196
3026 3303
3081 3266
2809 3394
3089 3252
2960 3033
1684 3021
2701 3287
3256 3358
3005 3072
2716 3082
3005 3254
3208 3214
2755 2757
2690 2881
2707 2938
2667 2868
1684 3333
2915 2994
2786 2912
3198 3434
2662 3233
3117 3174
2681 3056
3115 3265
2916 2986
2827 2877
2755 3348
2762 2841
2793 3140
2661 3419
2664 3184
2782 3142
2836 3005
2940 2986
2755 2993
1684 2884
3256 3264
2832 3267
2719 3288
2748 3299
2719 3406
2986 3114
1684 3105
2716 3198
2840 3377
2901 3110
2742 3148
3090 3326
2750 3363
3101 3145
3017 3060
2661 2793
3017 3287
2882 3027
3152 3188
3261 3422
1684 2818
3021 3049
2778 3419
3220 3362
2827 2872
2869 3396
2960 3000
2757 3096
3146 3302
3069 3366
2996 3027
3208 3431
2681 2924
3198 3255
3028 3368
2943 3243
2992 3347
1684 3369
2875 2976
1684 1758
2748 2846
2675 2781
1684 3283
2973 3212
2986 3056
2864 3348
2867 2915
2991 3350
2949 3155
2773 2890
3152 3320
2960 3348
3101 3351
2951 3100
3016 3144
3150 3265
2851 3114
3149 3226
2730 3359
2735 2976
2774 3055
2866 3142
3179 3397
1534 2883
2661 3206
2707 2719
2800 2960
3047 3426
3204 3342
3184 3226
3022 3047
3039 3225
2742 3319
2781 3201
3344 3386
1684 3154
1684 3332
3235 3397
2733 3434
2744 3256
3075 3198
3038 3089
2854 3426
2666 2909
2786 2827
2904 3132
1656 3263
3140 3302
3033 3117
3090 3426
2839 2967
3111 3287
2985 3348
3263 3406
3053 3105
2828 2989
3060 3079
2855 3272
2716 2720
2993 3137
2717 3047
2937 3206
2973 3035
2866 3195
2851 3139
2937 3172
2680 2705
2742 3058
3033 3163
2904 3345
2715 2881
1684 3272
2733 2937
2946 2986
2706 3426
1684 2830
2719 2823
2936 3355
2945 3029
2992 3199
2892 2995
3036 3364
2666 3022
3170 3298
2797 2936
2743 3400
2891 3324
3061 3081
2761 3426
2825 3256
2745 3004
1684 3058
2754 2908
2854 3213
2681 3301
2873 3090
2661 2863
2778 3113
2729 3293
2894 3116
3313 3327
2782 3363
2951 3106
2901 3082
2844 2878
2863 3419
2904 3150
3302 3356
2880 3085
2951 3196
2839 2866
2672 3396
2758 3081
3047 3417
2833 3185
3254 3272
2777 2943
1684 2955
2666 2917
3100 3162
2951 3001
2873 3435
2886 3322
2849 3070
2919 3056
2719 2894
3076 3377
3232 3400
2845 3172
2711 3207
2927 3044
3077 3410
3078 3363
2854 3363
3106 3252
2661 2950
2770 3297
3146 3288
2777 2944
3009 3206
3007 3154
2889 3008
2825 2942
2877 3195
2950 3035
2743 3301
3051 3204
2793 3116
3419 3434
2839 2986
3077 3420
3082 3140
2880 2910
2781 3060
2956 3174
3203 3342
2780 3219
2906 3104
3162 3359
2750 2916
3079 3288
3035 3051
2662 3207
3152 3172
3107 3186
2737 3160
2755 2839
2846 3058
2787 3116
1684 3181
2875 3060
3079 3386
2670 3309
2932 3369
3154 3288
3201 3316
2924 3433
2830 3412
2742 3350
2910 3117
2845 3287
3026 3234
2901 3321
2950 3246
1684 2988
2777 2815
1684 3292
2746 2925
1684 3117
2839 2966
2938 3118
2669 2872
2970 3391
3144 3255
2669 2880
3191 3366
3178 3357
3150 3252
2930 3181
2819 3328
3185 3419
2741 2890
2904 3198
3035 3277
2970 3101
3132 3330
3202 3324
3009 3109
2996 3224
2748 3291
2945 3073
3021 3332
3029 3220
2944 3387
3145 3255
2851 3130
2769 2807
3011 3396
1684 3408
2761 2948
2946 3117
3024 3160
2978 3231
2742 2785
3043 3369
3014 3362
3026 3339
1505 2725
3040 3348
3051 3397
2862 2993
3221 3383
2668 3321
2956 3243
2754 2755
2715 3276
2750 2915
2786 2928
2958 3353
2699 3283
2750 3023
1684 3419
1684 2878
2835 3226
2693 3069
3084 3232
2753 2936
3014 3184
2828 2939
3067 3157
2939 3280
2669 2985
2985 2993
1684 3406
3010 3388
2936 3302
2840 2973
2666 3363
3120 3198
2795 3254
2937 3201
2770 3351
3351 3397
3127 3147
3116 3247
2716 3350
1684 2710
2680 3149
3224 3434
3034 3385
2970 3419
2772 3027
3144 3346
3240 3416
1684 2798
2719 3101
3047 3098
2764 3319
2939 3434
3101 3297
2824 2962
2965 3162
2719 3434
2906 3301
1666 3278
3162 3177
2892 2934
2938 3062
3054 3096
2911 2966
2728 3420
3005 3366
1684 3183
2676 2966
2672 3255
3124 3205
3163 3226
3154 3233
2669 3184
2913 3142
3295 3331
2905 2912
2696 2934
2925 3348
2974 3174
3064 3363
2783 2976
2933 3363
2910 2928
3249 3346
2790 3203
1684 3008
2931 3056
3291 3421
2724 2845
3416 3419
3145 3274
3048 3374
2886 3066
3154 3240
2904 3201
1684 3107
2736 2771
2778 3082
3376 3402
2713 3285
2770 2853
2864 3135
2880 2905
2989 3051
1684 3417
3019 3077
2711 3009
2781 3204
2724 3011
2770 3280
2960 3284
2937 3332
2729 3279
2669 3064
2721 3091
2966 3387
2889 3423
1684 3436
2759 3324
3288 3360
2750 2985
3291 3345
3149 3232
3207 3223
2801 3221
2738 2835
3077 3233
2897 2985
2777 3108
2720 3342
3145 3330
2929 3026
1684 2808
2765 3277
2951 3087
1684 3190
2809 2837
2675 3341
1684 2769
2720 2868
2669 2897
3104 3243
2752 2781
3017 3330
2950 3185
2666 2698
2800 2940
2880 3073
2918 2932
3101 3302
2729 2877
3145 3204
2897 3098
2711 2779
2750 3073
2784 3219
3185 3403
3013 3041
2719 3076
3302 3321
3002 3224
3089 3360
2839 2906
3087 3321
2938 3369
2853 3297
2928 3033
2763 2800
3038 3252
2841 3335
2724 3168
2716 2904
3010 3231
3359 3412
2909 3213
2906 3119
1505 3019
2843 3236
2866 2917
2687 3320
3101 3102
2985 3047
2743 3433
2747 2901
2719 3274
2825 3431
1684 2932
2871 3062
2905 3014
2738 3257
3107 3117
3330 3358
2951 3415
1684 3251
2775 3346
2661 3154
3249 3421
2866 2872
3021 3152
2867 2906
2841 3383
2839 3023
2880 2906
2970 3297
3039 3396
2665 3136
2890 3014
2985 3426
2800 3135
3149 3426
1684 3238
3076 3381
2955 3256
3201 3296
3140 3341
3151 3326
2925 3324
2782 2985
2940 2944
2924 2945
2698 2913
2719 3116
3056 3085
2761 3315
3320 3381
3000 3257
3135 3220
3189 3415
3226 3387
2820 3233
3239 3345
2872 3195
2877 2880
2910 3250
3150 3277
2784 2813
2748 2772
3079 3434
3108 3250
2730 3327
2719 2793
3087 3107
2785 3101
2764 2999
3052 3184
2703 2889
2901 2989
2755 2985
2793 3406
2865 3196
2756 2929
3321 3397
2944 3022
3038 3355
2711 3198
3116 3150
2687 2716
2763 3000
2862 3104
2757 2919
3150 3253
2867 2944
1684 2789
2841 3171
3084 3114
2698 2873
2806 2839
2718 3081
2846 3360
2763 2864
2956 3184
2786 3078
3079 3320
2700 2784
2796 2833
3017 3377
2742 3046
2786 2873
3201 3406
2679 2905
3070 3391
2683 3025
2878 3214
2853 2939
1684 2926
2872 3098
3362 3387
3077 3086
2910 2986
3120 3267
3070 3297
3196 3330
2866 3078
3111 3224
3140 3360
3080 3104
1684 3121
3118 3233
2807 3123
3046 3319
2966 2994
2685 2865
3333 3388
2738 3036
2905 3052
990 2941
3345 3391
3113 3366
2994 3362
2823 3396
2729 3166
2927 2985
2729 3104
2910 3226
3001 3162
2869 3170
2843 3198
3114 3435
2778 3076
2877 3399
1726 3263
2665 3342
2662 3107
3120 3406
3330 3335
2821 3158
3185 3350
2872 2880
2729 3080
3002 3291
2694 2946
2718 3369
2958 3396
3051 3320
3010 3317
2757 3040
3087 3255
2674 3192
3029 3257
3148 3327
1684 3189
3115 3335
2966 3022
2777 2839
3195 3301
3148 3411
2892 2951
2846 3013
2956 3029
1656 1726
3038 3177
2765 3049
2793 3330
2676 3304
3094 3204
2786 2966
2696 3274
2753 3101
3345 3397
2748 3215
2832 2958
2679 2757
3214 3276
3145 3185
3152 3434
2932 3358
2679 3046
2731 2738
2896 3193
3027 3292
3001 3273
2668 3341
3306 3331
2845 3186
2661 3277
3089 3393
2694 3174
2966 3226
2709 3178
2694 2897
2944 2978
1684 3295
2966 3000
3239 3347
3224 3351
2706 3023
2734 3077
2803 2881
2759 3303
2661 3406
2833 3280
2662 3274
3042 3303
3214 3253
2852 2940
2934 2962
2738 2873
3101 3169
2910 2911
2938 3087
3326 3393
2866 3174
3184 3213
2742 2869
3084 3339
3019 3160
2960 3022
2786 3026
2719 3297
2778 3320
2757 3286
3072 3302
2839 2864
3299 3403
3172 3320
2928 2956
1450 3289
2962 3273
3054 3324
3355 3391
1684 3182
2877 2944
1684 3312
2683 3363
2737 2796
2936 3291
2741 3243
3082 3169
2921 3075
1684 3293
1684 3275
2916 3129
2666 2993
2745 3237
2866 2994
2694 2944
1684 2834
2914 3154
2909 2969
2742 3258
2996 3277
2862 3022
3314 3325
2915 3014
3113 3297
2694 2806
3188 3306
2665 3299
3026 3426
2809 3269
2873 3348
2753 2901
1684 2783
2724 3266
2956 3238
2757 2986
2729 2907
3198 3347
2719 3386
2993 3339
2669 2911
1684 3390
2742 3076
2863 3097
3047 3078
3316 3416
2851 3229
2759 3383
2833 3272
2828 3330
2892 3154
3264 3337
2872 3142
2994 3114
3124 3419
2951 3274
3136 3337
2955 3385
3128 3336
2784 3365
1684 3096
2849 3319
2758 2932
2867 2877
3001 3244
2683 2867
2730 2863
3226 3426
2936 3320
2865 3393
2674 3101
2679 3108
3040 3339
1684 3331
2836 3424
2694 2827
2694 3065
2821 3119
2675 2833
2780 3172
2729 3073
3119 3174
2944 3301
1450 1505
1684 2979
3019 3168
2845 3019
2742 3267
2955 3196
3014 3090
2928 3394
3333 3394
2685 3263
3140 3225
2748 3038
1684 2958
3107 3246
3194 3320
2668 3380
2755 3226
2910 3073
3029 3384
3051 3277
2778 3252
2754 3025
3206 3347
1684 2843
2716 2730
2661 3344
2771 2836
2693 2802
2773 2987
3072 3305
2989 3198
1684 2885
2872 2909
2840 3118
3203 3395
3049 3267
2951 3077
3201 3351
3140 3214
3017 3051
3052 3090
990 2968
3033 3232
2793 2936
2675 3327
2853 3280
2987 3084
3367 3396
3379 3412
2805 3028
3068 3162
2818 3353
2807 3025
2939 3247
2708 2796
2869 3113
3022 3117
3080 3269
2694 3324
2912 3339
2763 2967
2859 3291
2849 3291
2865 3061
2951 3353
3145 3378
2694 3033
2901 3342
2692 3162
2881 3366
3103 3371
2810 3236
3190 3248
3087 3358
3152 3288
3092 3303
3273 3412
2974 2994
2966 3098
2793 2992
3100 3118
3146 3201
2966 3026
3084 3149
1726 3057
2871 3327
2897 2920
3002 3397
3101 3179
3035 3120
2695 3213
2706 3213
3299 3406
2943 2945
2886 2999
2905 3022
2773 3090
2677 3185
2782 2911
3401 3425
2683 2966
2742 3332
3335 3357
2806 2877
3201 3381
2680 3054
2823 3262
1684 3304
2680 2891
2846 3299
3246 3275
2773 2786
3162 3255
2974 3054
2686 3075
3070 3239
2867 3426
2955 3087
3095 3143
2713 3291
3172 3351
2665 3107
2927 3433
2717 2867
2775 3186
2844 3140
1684 3415
3076 3199
3029 3084
2683 2927
3280 3396
3094 3145
2708 3179
3280 3344
2773 3293
2741 3234
3040 3090
2997 3072
2754 3142
2920 3124
2724 3062
2763 2927
3406 3421
2819 3280
2989 3353
2661 2785
3185 3225
3021 3265
2927 3387
3168 3346
2670 2767
2849 3185
2950 3087
2775 3233
3111 3172
3198 3321
2679 3184
3154 3291
3366 3370
2865 3187
3386 3397
2939 2973
2747 3312
3233 3359
2733 3350
2901 3101
2988 3433
2831 3326
3352 3360
3034 3082
2888 3090
2699 3309
3082 3115
3195 3387
2828 2937
3302 3403
3017 3276
3168 3405
1684 2874
2810 2910
2812 3041
2786 2906
1684 3102
1684 2788
3073 3163
107 1405
3285 3420
2943 3232
2887 3036
2679 3054
3080 3090
3027 3253
2694 2905
1419 3034
2977 3014
2748 3355
3255 3369
2753 3291
3182 3298
2935 2999
2872 2920
2896 3304
3332 3434
2724 3077
2944 3158
3297 3330
2936 3347
2826 3361
2664 3029
2681 2683
1684 2786
2905 2986
2678 3222
3027 3380
2864 3104
2896 3348
2738 2945
2951 3075
1684 3284
2909 3426
2763 2810
2914 3321
2991 3252
3102 3320
2904 3214
3000 3149
2827 2917
2875 3101
2773 2905
3259 3337
2988 3135
3141 3216
2787 3302
3318 3382
2910 3345
3177 3285
2952 3045
2915 3363
3072 3155
2669 2994
2910 3195
2803 2996
2978 3303
3153 3428
1684 3049
3167 3236
2674 3416
2738 2862
3226 3433
3214 3312
3196 3255
2985 3078
3362 3417
3051 3406
3169 3351
3291 3396
2910 3033
3252 3316
3301 3363
2661 3391
3225 3261
2950 3351
3051 3113
2878 3346
2730 2955
2673 2761
1684 3425
3104 3130
2942 3233
3259 3404
2751 3043
3032 3196
2833 3299
1642 3361
2827 3108
3145 3280
2688 3086
2849 2904
3353 3385
3116 3272
3297 3335
2706 2880
2815 3040
3187 3385
2911 2920
2987 3387
3111 3118
3042 3257
3046 3212
3182 3378
2720 3154
2661 3320
2765 3094
2965 3378
3137 3348
2844 2871
1684 3360
3179 3350
2697 3186
2956 3119
2940 3054
2664 3339
2690 2723
3084 3433
2928 3426
3063 3368
3038 3342
2679 2800
2839 2909
2780 3233
2796 3082
2865 2979
3101 3267
2890 3052
2956 2966
2730 3062
2915 3004
3035 3132
3072 3385
2807 3080
3169 3419
3191 3379
2687 3209
2943 3284
2862 3417
2909 2967
3320 3367
3331 3366
3261 3335
3011 3398
2679 2911
2880 2986
3072 3152
2819 3306
3016 3208
2907 2945
1684 2774
3201 3434
2712 3132
3196 3369
3132 3291
2696 3001
3219 3409
3206 3239
2887 3119
2987 3014
2872 3284
2777 2985
2865 3253
3117 3215
2873 3000
2666 2815
3000 3026
2763 3193
2787 2939
2960 3040
3053 3216
2773 2931
2676 3149
2711 2724
3186 3233
3162 3302
2694 2786
2750 2897
1405 2869
2674 2778
3025 3114
3362 3426
3086 3366
3111 3253
2828 3101
2683 2773
107 1758
2946 2957
3239 3297
3252 3321
2749 2750
1684 3373
2717 2956
2694 3022
3398 3405
2751 3177
2738 3014
2863 3070
3166 3232
2925 2940
3137 3394
1684 2667
2960 3119
2869 2939
3089 3116
2754 2877
2776 3271
2925 3304
2853 3330
3291 3353
2679 2931
2729 3090
2910 3119
2667 2856
2708 2845
3148 3254
2662 3412
3051 3344
2773 2977
1684 3012
3188 3299
2953 3000
2706 2920
2766 3119
3035 3330
3261 3378
3077 3168
1684 2689
2671 2721
2766 3413
3266 3405
3256 3376
3078 3339
3049 3265
2919 2960
2772 2895
3038 3093
2749 3257
3115 3116
2916 3056
2806 3237
2851 3430
2859 3302
2664 2749
3168 3295
2915 3294
2866 3324
3098 3142
3285 3410
2840 3082
2815 2910
2684 3172
2790 2848
3150 3347
2793 3049
2859 3027
2946 3000
2816 3256
2723 2787
2988 3026
2836 2840
2745 2864
2920 3054
2877 3052
3330 3369
2751 3038
2988 3104
2997 3020
2716 3013
2778 3101
3035 3252
2677 2971
2827 3166
3069 3154
3145 3385
2904 3378
2676 3301
2742 3116
1684 3348
3185 3287
2743 2794
3152 3235
2781 3148
2738 2988
2923 3046
2871 3360
2832 3017
2665 2914
3199 3358
3049 3132
3179 3296
2911 3232
2716 2796
3160 3186
2748 2753
2854 2864
2892 3086
2717 2754
2757 3108
2969 3426
2735 2932
3309 3423
2914 3214
2960 3387
2749 3056
3054 3149
2778 2869
3065 3085
3233 3273
3016 3252
2896 3117
3136 3219
2794 3135
3330 3351
1684 3134
1684 3000
3107 3219
1684 2671
2866 3390
2755 2906
1684 2983
3279 3432
3072 3086
2924 2960
2916 2960
3044 3232
2979 3340
3273 3373
2670 2699
2661 2939
3051 3332
2810 3123
3234 3362
2754 2862
2833 2863
2849 3396
2844 3101
2763 3294
2973 3206
2741 2977
2796 3111
2676 3195
3297 3397
2684 3258
3148 3280
3079 3396
2807 2978
2806 3004
3320 3397
2761 2763
3267 3320
1642 2822
2793 2950
2912 3047
2669 2906
3109 3188
1684 3184
3012 3028
2868 3215
2960 3117
2777 2928
2683 3390
2706 2969
3108 3284
3176 3295
3087 3395
2890 3394
2930 3180
3140 3203
3338 3425
2683 3220
3107 3342
2803 3178
2881 3113
3058 3299
2701 2708
3038 3060
2794 2874
1684 3139
3157 3327
2689 3284
2694 3090
2778 2894
2943 3073
2839 2981
2717 3426
3150 3411
2753 3116
2711 2748
2662 3397
2904 3088
3148 3298
2748 2989
2684 2976
2801 3255
3151 3312
2843 3255
2729 3000
2731 2821
3034 3067
2754 2867
2746 2754
2793 3386
3152 3265
1684 3171
3193 3324
3085 3228
2960 3232
2698 3195
3132 3288
3237 3286
3035 3211
3214 3279
1684 2738
2854 3430
2781 3157
3351 3434
3139 3426
2872 2993
2701 2937
2824 3077
2742 3206
2761 2966
2777 3426
2753 3051
2839 3174
2772 2803
2719 3120
2772 2831
2815 2925
2936 3160
3280 3327
2840 3267
2789 3026
2690 3395
2911 3250
3001 3154
2937 3060
2959 3008
2728 3176
2978 3010
3113 3148
3148 3242
2787 3072
2674 3097
2844 3395
2728 3162
2867 2986
2754 3026
3114 3166
2716 3038
1684 3030
2778 3102
2867 3023
2754 2912
2793 3342
2890 3104
3002 3249
2921 3204
2662 2804
2876 3116
3293 3433
2873 3293
2839 2911
2754 3078
2672 3182
3198 3219
2939 3150
2664 2745
3225 3403
2741 3257
2831 3050
2989 3041
2996 3302
3173 3381
2757 3054
3004 3399
2715 3050
2787 2849
2713 3176
3101 3419
3014 3149
2683 3158
2734 3347
2786 3293
1684 3280
1666 1726
2679 3142
2859 3341
2750 3142
1656 2964
2765 3120
3027 3366
2674 3291
2865 3264
2768 3409
2724 3203
2941 3263
2667 2841
3104 3137
3214 3327
3101 3182
3288 3332
2862 2890
1684 2681
2877 2890
2666 2689
3312 3365
3157 3320
3089 3240
3049 3102
2674 3397
2723 3383
2919 3184
2755 2912
2778 3115
2828 3351
3353 3434
2758 3198
3186 3295
2832 3082
2800 2974
2761 3303
3234 3400
3034 3360
3256 3402
2846 3046
1534 3385
2667 3349
2708 2823
2912 2940
2901 3214
2748 3101
3116 3381
2771 2858
3284 3426
2716 2990
2976 3118
2717 3174
2791 3088
3283 3309
3099 3329
2951 2989
2754 2850
2877 2969
2706 2754
2764 3302
2813 2818
2716 3385
2670 2879
2785 3058
2694 3085
3106 3386
3168 3412
2866 2966
2969 3096
2750 3052
2773 3417
1684 2892
1642 2725
2742 2937
2915 2924
2750 2786
2839 3284
2816 2843
2728 3371
1684 3344
2867 3149
2719 3005
1684 2797
3102 3252
2781 2836
3186 3320
2743 3036
3056 3195
2870 3002
2793 3038
2908 2909
3090 3364
2662 3152
2781 3434
990 2883
3088 3116
3256 3338
2896 3435
3172 3298
3115 3152
3256 3312
1684 3392
2782 3078
2770 3146
2778 3145
2793 3106
1684 3378
3088 3280
2694 2912
2909 3047
3025 3426
2683 2689
2836 3248
2675 3411
2698 3417
1684 2782
3272 3422
1684 2763
3018 3154
2948 3301
2777 3228
2664 3064
2712 2833
1684 3391
2811 3272
2754 3228
3179 3201
1684 3085
3274 3396
2696 2751
2671 2962
2806 3363
2976 3320
2812 2869
3100 3295
3102 3330
2768 3017
2698 2927
3017 3224
2715 2936
2881 3188
2755 2910
3136 3327
58 3173
2931 3090
2712 3150
2664 2835
3026 3362
3342 3419
2939 3185
1684 2918
2973 3252
2782 3149
2764 3278
2739 3273
2683 2890
3301 3426
2727 3205
2905 2993
2901 3116
2790 2803
2910 2943
2716 2992
2852 2920
3132 3179
2756 3084
3215 3224
2773 3158
2982 3283
2880 2967
2796 2869
2863 3120
2969 3054
3032 3140
3145 3261
2854 2969
1684 3372
3259 3365
2664 2738
1684 2995
3018 3019
3170 3172
2810 2927
2709 3307
2719 3391
2840 3172
3047 3339
2928 2945
2743 2945
3162 3346
2916 2917
1684 2997
2901 3009
2669 2913
2758 3019
2872 3348
2759 3117
2664 2698
2815 3085
2877 2943
3176 3225
1684 3065
2762 3248
2735 2914
2806 3417
2690 2787
2973 3319
3093 3342
2863 3330
2679 2906
1684 2770
3074 3147
2818 2882
3179 3265
2945 3158
3021 3297
2698 3430
3021 3397
3081 3308
2716 2939
2749 2994
2960 3158
2923 3296
2698 3324
3190 3383
2828 3320
1684 3246
2848 3405
3228 3426
2867 2907
2876 3331
2794 2810
3041 3360
2782 3022
2690 2730
3089 3209
3096 3232
2911 3040
2713 3103
3064 3284
2956 3117
3277 3297
2742 2970
2759 3237
2811 3331
2743 3056
3043 3357
3150 3272
3309 3314
3184 3315
2841 3389
1684 2839
2850 2924
3149 3174
3201 3378
2674 3247
2880 3054
3247 3397
1666 2883
2840 3225
2912 2956
2950 3198
2819 3342
3350 3411
2708 2875
2845 3051
1684 2800
2793 3280
1684 3035
3170 3291
2778 3120
107 1684
3047 3090
3239 3416
3107 3263
2665 3017
2960 3078
2757 2966
3140 3406
2863 2869
2683 3119
2763 3414
2846 3345
2728 3018
2833 3319
3108 3226
3224 3397
2661 3140
3049 3411
3096 3363
3350 3381
2684 3079
2901 3330
2720 3345
2925 3129
3330 3422
2905 2927
1684 3242
1684 3142
2742 3038
1505 1684
2895 3358
2863 3265
2742 3411
2901 3120
3021 3102
1684 3300
2749 2777
1684 2998
3329 3409
3046 3345
2663 3139
2767 3314
2757 2782
2749 3142
2681 2944
2711 3019
3108 3348
2986 3166
2793 2853
3026 3435
2956 2981
3097 3215
1684 2679
2995 3168
2883 3101
3179 3182
2928 3054
3097 3101
3256 3369
1684 3054
3247 3335
3062 3295
2730 3211
2955 3253
2929 3119
3298 3381
3086 3136
2862 3119
2877 3026
3038 3204
2665 3263
2953 3014
2665 2711
2662 3027
2956 3195
2915 3114
2786 3394
2665 2989
3341 3359
2717 3142
2940 3078
2700 3431
2853 2863
3082 3150
3291 3355
3035 3247
2886 3126
3034 3072
2912 2919
2771 2841
2729 2766
3177 3207
2670 3314
2871 3337
3087 3289
2911 3339
2889 3318
2719 3377
2664 2757
3038 3120
2949 3336
2881 3199
1684 3342
2749 3073
2963 3084
2906 3054
2746 2931
2755 2890
2951 3344
2800 3023
2800 2945
2982 3008
3162 3168
3082 3172
2750 2988
2992 3172
2931 3073
3120 3169
2676 2689
2862 3363
1684 3225
2904 3017
3242 3274
2999 3128
2715 2723
3169 3316
2928 3029
3347 3378
2796 3347
2890 2906
3195 3284
1684 3003
3019 3113
3038 3291
2989 3386
2869 3035
3005 3060
2833 3320
2854 2953
2758 3219
3185 3261
2845 3261
2781 3327
2871 3395
2759 3213
3068 3176
3046 3146
1684 2821
2849 3351
2711 2881
2669 3149
3100 3346
2919 2920
3179 3411
3205 3276
2705 3426
2900 3233
2743 2974
2665 3020
2919 2940
3212 3434
2661 3291
2887 3135
2905 3226
1684 3286
2797 3182
2908 2986
2862 2986
2928 3078
2741 2873
2672 3258
2748 3154
2683 2761
2920 3117
3026 3036
3151 3431
2825 3198
3295 3334
3252 3277
2982 3325
2862 3232
2960 3073
2713 3154
2866 2906
2862 3084
3032 3365
2683 3029
2940 2960
2666 3387
3086 3285
2872 3293
2733 2894
2754 3363
2900 3162
3000 3096
2812 3287
2843 3402
3014 3029
2770 3021
2780 3209
2974 3096
2666 2750
3017 3385
3172 3378
3182 3262
3109 3415
3210 3313
2867 3158
2963 3042
2687 3345
2956 3362
1684 3335
2773 3238
2694 2988
2793 2939
2720 2932
3327 3383
2718 3263
3401 3402
2828 3434
3149 3195
2786 3022
3004 3426
2944 3056
1684 2675
2866 2940
3018 3136
2683 3080
2890 2929
2828 3148
3280 3320
2669 3085
3095 3139
3140 3145
2729 2738
2661 2833
2901 3049
1684 3427
1684 3198
2754 3284
2970 3049
2914 3101
2957 3061
3303 3315
3015 3287
2729 2874
2950 3172
3082 3152
2951 3150
3116 3179
3106 3146
2969 3284
1684 3124
2850 2867
2694 2896
3107 3242
2828 3396
2772 3374
2937 3152
3299 3397
2768 3274
3100 3366
3295 3356
2734 2840
3132 3321
