810 823
719 800
729 753
856 876
861 878
698 886
886 889
747 828
828 856
708 819
708 747
776 873
867 873
698 888
819 880
825 884
867 877
774 828
719 830
803 840
698 729
753 823
713 772
876 888
873 874
708 719
830 856
708 828
882 889
867 887
729 861
708 769
857 862
698 800
804 856
753 856
719 745
870 871
729 889
708 713
811 869
863 889
698 882
698 804
879 881
698 840
774 823
865 868
804 888
697 769
713 719
698 872
698 866
776 874
876 878
819 840
703 747
858 881
863 886
776 885
698 805
830 840
698 887
769 774
