3472 3644
3893 3941
3687 3737
3537 3664
3534 3617
3559 3731
3617 3830
3542 3658
3511 3763
3829 3956
3511 3719
3714 3833
3916 3950
3660 3775
3446 3662
3454 3677
3500 3920
3545 3838
3886 3948
3475 3877
3510 3554
3455 3850
3545 3674
3819 3868
3804 3926
3502 3911
3497 3790
3472 3482
3460 3601
3804 3913
3456 3943
3542 3838
3447 3894
3499 3834
3684 3828
1085 3886
3505 3607
3606 3745
3574 3596
3511 3555
3475 3838
3584 3620
3487 3496
3776 3791
3473 3892
3517 3677
3514 3860
3869 3924
3479 3883
3696 3967
3758 3945
3437 3834
3518 3702
3860 3913
3578 3828
3557 3642
3636 3705
3599 3753
3471 3971
3779 3872
3529 3630
3938 3968
3731 3762
3675 3836
3480 3586
3596 3604
3610 3674
3542 3902
3492 3756
3505 3753
3468 3718
3449 3841
3529 3554
3599 3735
3497 3672
3545 3824
3524 3770
3662 3905
3655 3960
3587 3960
3454 3693
3915 3972
3674 3979
3751 3787
3521 3831
3765 3830
3651 3877
3625 3830
3841 3962
3763 3924
567 3723
3939 3963
3463 3861
3719 3924
3596 3640
3596 3804
3608 3921
3584 3904
3964 3967
3443 3554
3701 3957
3525 3886
3615 3867
3873 3966
3474 3945
3491 3962
3672 3702
3460 3931
3521 3629
3468 3826
3528 3804
3645 3782
3510 3915
3456 3586
3495 3797
3514 3938
3505 3936
3567 3912
3630 3829
3532 3564
3715 3740
3437 3779
3780 3877
3672 3838
3609 3943
3448 3889
3718 3793
3556 3971
3907 3921
3790 3804
3531 3949
3680 3969
3573 3576
3525 3577
3491 3851
3460 3881
3756 3830
3528 3687
3480 3841
3529 3668
3636 3753
3485 3627
3585 3679
3643 3810
3584 3718
3558 3869
3437 3718
3830 3832
3831 3842
3674 3847
3722 3740
3501 3756
3847 3916
3800 3830
3485 3518
3631 3792
3488 3627
3596 3692
3714 3870
3524 3602
3613 3919
3609 3721
3711 3792
3586 3677
3740 3907
3528 3707
3782 3793
3833 3924
3722 3778
3529 3945
3558 3738
3508 3747
3630 3634
3577 3677
3486 3591
3806 3894
3645 3680
3548 3897
3443 3906
3786 3793
3509 3593
3838 3902
3677 3938
3529 3909
3521 3592
3784 3833
3572 3706
3456 3756
3558 3758
3485 3966
3764 3895
3702 3804
3454 3586
3450 3790
3794 3906
3643 3924
3595 3725
3495 3872
3670 3731
3731 3884
3496 3775
3705 3924
3643 3951
3655 3783
3500 3960
3476 3759
3499 3534
3822 3826
3492 3496
3545 3703
3651 3929
3611 3966
3513 3952
3545 3642
3474 3604
3557 3635
3540 3841
3771 3949
3705 3722
3540 3674
3558 3826
3486 3826
3596 3838
3506 3895
3437 3770
3437 3721
3501 3824
3670 3686
3486 3969
3615 3907
3611 3785
3757 3836
3675 3757
3918 3923
3475 3543
3593 3786
3564 3803
3545 3687
3464 3915
3664 3901
3565 3756
3605 3800
3534 3568
3562 3883
3797 3851
3456 3884
3633 3667
3464 3726
3555 3754
3576 3596
3891 3930
3567 3874
3437 3825
3596 3828
3553 3599
3654 3703
3578 3858
3900 3947
3447 3679
3642 3730
3577 3938
862 3517
3873 3971
3495 3756
3482 3698
3504 3551
3518 3604
3455 3498
3488 3514
3608 3694
3797 3971
3611 3852
3464 3738
3833 3969
3466 3726
3437 3551
3465 3836
3561 3927
3689 3721
3498 3862
3601 3623
3599 3636
3731 3902
3609 3968
3568 3758
3900 3976
3442 3753
3762 3800
3644 3685
3458 3903
3498 3521
3438 3501
3622 3803
3547 3747
3586 3760
3518 3707
3437 3771
3590 3608
3571 3757
3670 3830
3506 3924
3495 3633
3532 3803
3455 3470
3485 3845
3768 3906
3830 3943
3487 3961
3437 3615
3491 3693
3623 3793
3672 3845
3703 3968
3672 3877
3602 3630
3586 3651
3452 3545
3792 3969
3568 3973
3508 3598
3538 3567
3501 3962
3455 3722
3508 3728
3740 3865
3456 3968
3555 3591
3593 3714
3644 3698
3636 3710
3495 3796
3562 3613
3517 3877
3523 3613
3758 3810
3705 3713
3752 3761
3596 3611
3777 3829
3488 3702
862 3495
3482 3598
3604 3889
3586 3674
3557 3702
3738 3761
3447 3624
3499 3764
3468 3529
3450 3930
3525 3968
3667 3736
3620 3969
3542 3730
3726 3752
3553 3629
3569 3714
3600 3612
3838 3971
3633 3873
3455 3590
3515 3566
3488 3542
3590 3629
3506 3810
3800 3944
3684 3830
3721 3860
3530 3551
3568 3601
3713 3867
3762 3934
1085 3872
3504 3677
3629 3867
3636 3835
3529 3906
3490 3624
3692 3962
3539 3690
3476 3579
3450 3913
3506 3718
3581 3883
3706 3870
3943 3948
3680 3951
3717 3744
3528 3860
3677 3797
3610 3847
3455 3815
3826 3951
3586 3756
3571 3837
3521 3573
3463 3924
3526 3685
3568 3768
3641 3967
3664 3933
3469 3474
3604 3943
3466 3829
698 862
3501 3797
1085 3677
3442 3907
3482 3508
3824 3873
3747 3776
3545 3830
3792 3951
3523 3649
3601 3818
3506 3620
3665 3676
3463 3680
3837 3918
3658 3756
3437 3640
3768 3945
3884 3968
3555 3600
3731 3926
3914 3967
3562 3594
3610 3979
3792 3882
3601 3768
3653 3720
3896 3903
3450 3596
3519 3918
3518 3858
3437 3861
3576 3611
3455 3835
3625 3674
3793 3833
3446 3580
3521 3840
3692 3756
3578 3877
3593 3833
3926 3943
3737 3800
3824 3858
3870 3896
3569 3593
3449 3877
3601 3604
3553 3728
3756 3889
3669 3830
3680 3869
3734 3841
3510 3931
1085 3437
3926 3938
3826 3958
3591 3794
3505 3521
3784 3947
3586 3765
3667 3968
3578 3938
3483 3524
3596 3702
3525 3721
3456 3697
3480 3830
3475 3702
3833 3947
3836 3918
3508 3698
3514 3824
3604 3869
3857 3917
3794 3924
3708 3757
3652 3825
3506 3833
3555 3803
3469 3915
3440 3734
3511 3794
3437 3945
3803 3906
3459 3793
3632 3720
3525 3962
3776 3920
3618 3625
3611 3902
3493 3711
3463 3947
3473 3725
3501 3760
3540 3971
3443 3464
3525 3683
567 3961
3466 3881
3476 3809
3488 3804
3518 3804
3604 3627
3569 3909
3500 3933
3576 3577
3491 3611
3541 3868
3568 3782
3545 3576
3577 3741
3574 3576
3612 3895
3528 3790
3464 3829
3608 3710
3468 3878
3471 3852
3584 3593
3604 3721
3460 3469
3596 3627
3707 3731
3478 3960
3674 3677
3562 3581
3867 3907
3442 3918
3532 3767
3499 3671
3906 3973
3684 3948
3437 3963
3641 3655
3444 3904
3554 3761
3830 3968
3568 3617
3641 3933
3557 3604
3750 3968
3722 3918
3542 3800
3559 3573
3568 3614
3456 3858
3501 3596
3450 3642
3708 3759
3488 3845
3651 3824
3456 3824
3938 3948
3684 3841
3660 3847
3714 3906
3483 3499
3516 3898
3478 3766
3680 3833
3486 3794
3601 3906
3460 3726
3574 3731
1085 3721
3611 3926
3538 3541
3602 3869
3481 3695
3454 3621
3569 3680
3496 3550
3497 3966
3506 3584
3702 3832
3437 3656
3521 3590
3664 3696
3493 3810
3514 3545
3611 3877
3684 3780
3654 3824
3849 3861
3628 3743
3522 3592
3510 3634
3616 3848
3460 3937
3603 3756
3516 3639
3525 3625
3791 3964
3595 3657
3507 3754
3491 3586
3877 3930
3640 3642
3586 3938
3764 3793
3604 3962
3817 3851
3539 3904
698 857
3497 3604
3574 3877
3683 3877
3634 3915
3722 3753
3596 3889
3734 3737
3722 3802
3526 3553
3628 3819
3796 3851
3684 3852
3586 3693
3454 3775
3604 3948
3448 3966
3621 3861
3548 3948
3469 3561
3521 3615
3864 3911
3628 3917
3848 3918
3495 3734
3438 3448
3535 3645
3458 3593
3501 3692
3495 3971
3659 3779
3819 3874
3474 3764
3945 3972
3678 3791
3860 3966
3716 3799
3938 3966
3738 3782
3824 3966
3700 3830
3707 3838
3484 3940
3623 3906
3464 3510
3460 3464
3437 3803
3835 3850
3488 3658
3615 3636
3529 3752
3546 3939
3596 3605
3645 3866
3545 3640
3696 3776
3622 3927
3498 3715
3495 3586
3790 3824
3464 3764
3692 3886
3506 3784
3631 3786
3611 3640
3605 3860
3514 3672
3714 3829
3508 3722
3822 3909
3757 3759
3478 3696
3638 3647
3501 3889
3720 3923
3713 3735
3750 3971
3800 3943
3479 3639
3578 3730
3593 3706
3576 3702
3492 3556
3722 3835
3684 3734
3480 3799
3527 3611
3611 3824
3505 3526
3495 3968
3604 3645
3580 3894
3891 3926
3642 3779
3522 3872
3734 3962
3633 3797
3437 3893
3455 3827
3738 3859
3697 3971
3556 3625
3940 3966
3517 3586
3559 3926
862 3721
3557 3611
3576 3785
3593 3711
3468 3680
3718 3951
3656 3929
3595 3917
3722 3876
3599 3715
3464 3895
3495 3948
3575 3672
3826 3890
3621 3721
3667 3692
3565 3637
3640 3702
3545 3790
3634 3752
3790 3830
3845 3966
3501 3873
3509 3869
3488 3966
3720 3749
3851 3948
3576 3756
3483 3895
3464 3668
3493 3792
3800 3851
3504 3626
3821 3881
3945 3956
3663 3735
3595 3628
3495 3618
3454 3642
3578 3838
3568 3834
3621 3902
3463 3558
3596 3677
3617 3834
3486 3822
3446 3531
3540 3760
3605 3670
3591 3706
3542 3790
1085 3877
3605 3824
3445 3628
3478 3776
3526 3722
3485 3488
3467 3533
3503 3930
3633 3943
3475 3873
3475 3938
3442 3629
3553 3827
3465 3774
3503 3596
3566 3723
3659 3930
3499 3535
3576 3926
3557 3838
3501 3800
3501 3938
3662 3682
3756 3943
3538 3912
3605 3702
3725 3868
3596 3943
862 3948
3658 3966
3614 3825
3772 3950
3471 3851
3496 3505
3517 3760
3595 3912
3590 3710
3810 3924
3497 3852
3545 3734
3633 3962
3584 3758
3577 3800
3546 3963
3438 3533
3483 3793
3623 3645
3756 3938
3613 3695
3462 3488
3437 3677
3617 3931
3495 3721
3690 3895
3718 3900
3449 3693
3517 3633
3449 3971
3456 3804
1085 3797
3591 3833
3609 3692
3533 3734
3792 3924
3526 3769
3525 3550
3519 3957
3437 3844
3604 3672
3758 3825
3527 3966
3587 3766
3645 3843
3577 3780
3592 3888
3499 3843
3493 3924
1085 3556
3472 3508
3437 3947
3545 3938
3605 3730
3767 3958
3528 3605
3793 3803
3514 3578
1085 3851
3696 3960
3470 3796
3671 3958
3633 3796
3574 3830
3618 3797
3698 3840
3831 3938
3962 3968
3455 3876
3440 3971
3469 3630
3679 3863
3554 3956
3506 3648
3599 3862
3455 3685
3697 3842
3558 3643
3633 3884
3611 3672
3470 3753
3471 3877
3518 3938
3442 3599
3547 3684
3499 3829
3758 3764
3629 3728
3677 3734
3590 3867
3887 3931
3437 3830
3448 3797
3648 3903
3479 3523
3655 3747
3567 3857
3750 3830
3626 3916
3437 3521
3655 3920
3617 3690
3528 3611
3464 3634
3652 3665
3590 3815
3612 3673
3507 3511
3521 3936
3624 3662
3490 3894
3667 3902
3527 3542
3488 3518
3679 3894
3833 3976
3524 3906
3449 3889
3438 3545
3443 3645
3604 3756
3884 3902
3633 3841
3510 3529
3460 3529
3567 3657
3479 3481
3625 3841
3462 3838
3521 3553
3697 3824
3462 3576
3584 3810
3791 3960
3545 3913
3900 3969
3635 3938
3793 3794
3889 3938
3488 3838
3584 3870
3782 3786
3499 3793
3501 3796
3503 3959
3764 3927
3762 3884
3677 3800
3566 3780
3452 3902
3790 3800
3554 3561
3786 3945
3607 3747
3579 3774
3658 3891
3655 3967
3564 3690
3605 3737
3591 3951
3584 3782
3564 3825
3538 3657
3514 3707
3495 3501
3804 3830
3528 3627
3677 3692
3869 3947
3508 3809
3907 3960
3758 3793
3439 3616
3456 3693
3442 3644
3459 3758
3767 3782
3535 3623
3659 3950
3759 3965
3711 3881
3495 3934
3719 3764
1085 3962
3599 3713
3525 3540
3518 3730
3501 3971
3509 3718
3569 3951
3722 3728
3633 3651
3719 3895
3448 3830
3733 3861
3518 3670
3593 3951
3449 3625
3799 3848
3586 3633
1085 3456
3557 3800
3611 3790
3555 3758
3478 3587
3521 3722
3577 3651
3690 3821
3523 3830
3442 3608
3497 3576
3726 3972
3786 3906
3826 3976
3488 3731
3540 3734
3616 3918
3571 3579
3562 3639
3514 3913
1085 3495
3604 3687
3462 3756
3596 3731
3602 3945
3829 3945
3734 3851
3454 3605
3677 3968
3465 3519
3521 3740
3702 3800
3471 3966
3711 3794
3511 3900
3475 3526
3690 3803
3545 3966
3596 3633
3449 3948
3841 3950
3452 3658
3582 3752
3521 3802
3578 3824
3437 3775
3690 3768
3528 3800
3489 3825
3719 3758
3636 3735
3480 3604
3810 3833
3592 3979
3493 3593
3473 3628
3574 3635
3509 3706
3687 3938
3485 3559
3509 3833
3509 3794
3656 3750
3627 3681
3489 3652
3611 3851
3758 3761
3525 3651
3514 3800
3495 3545
3484 3684
3558 3866
3576 3642
3628 3857
3446 3585
3791 3967
3540 3966
3576 3605
3520 3550
3756 3785
3705 3794
3605 3785
3835 3921
3538 3871
3728 3769
3661 3737
3680 3714
3442 3508
3529 3758
3793 3900
3902 3966
3795 3830
3521 3685
3558 3584
3514 3832
3540 3563
3635 3832
3817 3842
3930 3941
3690 3878
3577 3721
3674 3948
3495 3548
3721 3741
3539 3895
3509 3896
3577 3851
3617 3754
3495 3577
3633 3734
3532 3931
3684 3971
3803 3890
3714 3951
3515 3555
3449 3677
3851 3968
3761 3829
3501 3633
3643 3718
3627 3640
3491 3540
3612 3937
3442 3735
3540 3656
3643 3711
3576 3966
3793 3931
3552 3625
3835 3867
3555 3829
3677 3756
3514 3838
3449 3830
3502 3700
3852 3971
3449 3618
3612 3825
3670 3880
3568 3623
3475 3485
3903 3951
3456 3830
3471 3672
3503 3838
3446 3490
3780 3842
3487 3566
3486 3569
3468 3532
3437 3604
3794 3826
3633 3800
3449 3851
3714 3823
3541 3912
3604 3640
3559 3891
3666 3710
3495 3877
3559 3681
3702 3891
3437 3837
3501 3604
3579 3675
3755 3830
3601 3645
3479 3695
3535 3825
3665 3931
3821 3829
3568 3931
3609 3633
3506 3631
3701 3910
3523 3883
3529 3777
3909 3924
3439 3638
3647 3932
3761 3945
3596 3785
3526 3543
3611 3842
3448 3756
3576 3938
3594 3613
3776 3967
3558 3870
3465 3975
3545 3577
3604 3926
3656 3756
3505 3722
3706 3794
3644 3840
3702 3737
3737 3824
3629 3907
3758 3777
3604 3790
3521 3597
3555 3593
3759 3774
3449 3491
3528 3702
3611 3830
3481 3562
3543 3859
3550 3872
3576 3838
3471 3475
3842 3851
3654 3804
3469 3554
3478 3747
3521 3876
3584 3794
3463 3593
3550 3672
3538 3725
3826 3869
3487 3925
3593 3601
3625 3938
3858 3884
3448 3800
3540 3780
3514 3926
3545 3586
3501 3609
3440 3938
3449 3800
3463 3569
3437 3593
3789 3923
3485 3790
3594 3898
3655 3696
3535 3927
3476 3757
3462 3604
3545 3804
3605 3611
3576 3800
3534 3564
3470 3876
3680 3794
3445 3538
3501 3625
3672 3926
3708 3918
3499 3825
3577 3929
3474 3634
3508 3607
3581 3649
3448 3577
3692 3841
3558 3646
3506 3855
3440 3755
3577 3734
3640 3800
3677 3697
3752 3937
3571 3975
3490 3531
3684 3817
3525 3970
3638 3799
3516 3695
3705 3740
3506 3969
3595 3868
3738 3752
3677 3847
3612 3941
3772 3847
3506 3869
3538 3857
3520 3684
3448 3642
3615 3740
3448 3609
3456 3545
3633 3741
3543 3576
3534 3612
3475 3545
3613 3649
3587 3783
3625 3842
3486 3572
3797 3948
3744 3830
3473 3857
3499 3947
3569 3826
3521 3769
3521 3867
3718 3870
3466 3821
3675 3837
3525 3737
3684 3692
3663 3713
3549 3812
3497 3528
3648 3924
3623 3810
3455 3773
3486 3869
3469 3738
3509 3803
3599 3615
3633 3824
3495 3884
3545 3891
3620 3711
3593 3768
3505 3698
3438 3586
3891 3966
3480 3968
3495 3609
3587 3967
3868 3892
3509 3855
3739 3874
3517 3948
3643 3719
3526 3684
3649 3695
3456 3609
3649 3919
3628 3871
3708 3836
3586 3841
3604 3913
3725 3743
3456 3703
3593 3829
3438 3540
3544 3808
3596 3860
3569 3705
3527 3707
3604 3845
3573 3877
3596 3902
3529 3793
3718 3924
3487 3504
3713 3862
3586 3948
3643 3976
3625 3873
3470 3521
3538 3739
3735 3867
3886 3968
3656 3830
3645 3764
3546 3580
3714 3803
3712 3734
3437 3948
3829 3843
3438 3633
3459 3782
3538 3595
3710 3769
3518 3687
3518 3542
3642 3731
3790 3938
3452 3596
3685 3840
3702 3877
3437 3819
3506 3829
3586 3889
3615 3776
3750 3795
3725 3871
3653 3789
3809 3901
3802 3921
3615 3835
3874 3912
3645 3941
3563 3886
3584 3951
3492 3697
3475 3940
3535 3782
3554 3752
3786 3947
3593 3924
3830 3873
3535 3881
3549 3624
3480 3677
3640 3832
3459 3529
3449 3517
3458 3648
3509 3826
3557 3670
3590 3713
3558 3881
3455 3802
3782 3818
3621 3797
3646 3924
3703 3831
3538 3868
3702 3838
3450 3672
3550 3667
3502 3864
3511 3706
3471 3930
3486 3506
3671 3882
3656 3886
3743 3917
3610 3732
3512 3517
3823 3946
3758 3786
3793 3947
3726 3738
3503 3731
3463 3591
3449 3456
3440 3797
3756 3772
3505 3747
3471 3902
857 3621
3437 3554
3437 3612
3587 3809
3668 3956
3479 3562
3622 3878
3571 3899
3558 3945
3633 3692
3491 3968
3870 3906
3501 3841
3651 3677
3711 3719
3596 3721
3545 3889
3571 3675
3573 3625
3784 3896
3722 3850
3684 3926
3851 3889
3693 3756
3667 3962
3768 3947
3593 3758
3704 3891
3540 3556
3776 3964
3894 3963
3566 3662
3637 3756
3437 3539
3687 3702
3695 3898
3593 3869
3448 3944
3611 3817
3712 3838
3763 3799
3456 3800
3515 3958
3465 3579
3573 3930
3461 3559
3456 3618
3810 3896
3437 3759
3486 3714
3791 3920
3584 3768
3616 3647
3572 3822
3780 3929
3672 3938
3519 3836
3809 3920
3519 3579
3540 3797
3577 3756
862 3797
3633 3828
3692 3948
3883 3898
3473 3874
3571 3759
3476 3675
3558 3829
3485 3817
3830 3898
3545 3578
3661 3908
3822 3870
3573 3702
3448 3697
3593 3931
3536 3549
3680 3826
3826 3896
3442 3521
3651 3750
3442 3526
3646 3711
3804 3930
3475 3828
3604 3852
3880 3970
3577 3886
3558 3909
3456 3962
3488 3559
3633 3788
3491 3966
3631 3903
3623 3768
3455 3553
3794 3822
3438 3971
3488 3938
3831 3884
3621 3689
3797 3938
3710 3735
3720 3918
3503 3672
3635 3804
3461 3831
3759 3957
3877 3966
3758 3947
3870 3924
862 1085
3587 3696
3448 3841
3757 3899
3488 3800
3446 3814
3684 3966
3706 3906
3475 3586
3735 3753
3504 3723
3450 3804
3741 3852
3720 3787
3437 3470
3835 3907
3460 3474
3466 3761
3623 3818
3469 3726
3508 3615
3822 3969
3529 3634
3610 3779
3542 3852
3793 3822
3511 3738
3646 3951
3464 3630
3480 3692
3495 3621
3449 3586
3466 3680
3468 3568
3523 3581
3948 3971
3541 3657
3599 3722
3611 3804
3569 3794
3512 3737
3698 3747
3458 3822
3443 3593
3512 3533
3756 3886
3563 3741
3569 3947
3573 3672
3449 3684
3605 3804
3442 3472
3495 3962
3607 3933
3545 3697
3456 3514
3662 3745
3604 3938
3509 3909
3626 3847
3638 3932
3602 3770
3692 3734
3534 3758
3536 3812
3616 3638
3696 3933
3794 3869
3824 3877
3762 3930
1085 3577
3521 3728
3501 3525
3790 3884
3730 3832
3654 3830
3553 3722
3474 3554
3725 3819
3700 3911
3590 3705
3437 3938
3625 3797
3734 3824
3576 3877
3836 3957
3667 3852
3440 3576
3873 3968
3518 3557
3703 3755
3643 3648
3736 3830
3674 3788
3611 3845
1085 3592
3527 3902
3781 3823
1085 3741
3685 3698
3449 3797
3684 3831
3495 3667
3692 3877
3464 3466
3533 3795
3514 3542
3438 3693
3497 3940
3780 3966
3553 3710
3822 3896
3858 3926
3514 3804
3445 3819
3480 3667
3719 3927
3830 3971
3439 3647
3730 3800
3707 3913
3469 3529
3581 3613
3482 3832
3925 3961
3874 3892
3596 3750
3727 3949
3651 3873
3602 3738
3596 3930
3815 3867
3640 3670
3600 3861
3512 3800
3517 3577
3842 3971
3584 3826
3495 3750
3456 3654
3443 3469
3611 3971
3879 3918
3647 3716
3535 3584
3611 3930
3505 3685
3684 3872
3478 3607
3577 3586
3495 3684
3557 3737
3587 3655
3528 3926
3526 3840
3584 3927
3612 3836
3599 3802
3498 3615
3437 3949
3851 3877
3757 3918
3497 3658
3508 3521
3705 3763
3609 3851
3596 3681
3656 3734
3489 3676
3474 3829
3752 3915
3463 3486
3726 3909
3481 3594
3902 3930
3596 3686
3902 3926
3651 3851
3525 3656
3498 3728
3736 3831
3457 3944
3608 3735
3495 3651
3713 3802
3549 3814
3731 3858
3657 3725
3758 3906
3555 3956
3553 3835
3440 3968
3442 3710
3636 3769
3713 3835
3467 3830
3486 3803
3550 3968
3518 3545
3482 3644
3525 3596
3518 3611
3605 3790
3521 3608
3526 3850
3684 3886
3791 3933
3837 3975
3752 3764
3738 3754
3629 3722
3458 3493
3507 3555
3455 3921
3711 3870
3900 3924
3584 3690
3577 3948
3847 3979
3616 3844
3441 3662
3711 3718
3868 3912
3899 3957
3858 3930
3852 3873
3705 3818
3621 3684
3515 3706
3446 3863
3664 3918
3455 3521
3584 3784
3578 3737
3793 3976
3596 3762
3505 3598
3437 3894
3599 3728
3442 3722
3646 3758
3473 3538
3468 3823
3458 3718
3551 3925
3852 3926
3496 3722
3625 3633
3878 3903
3593 3631
3826 3909
3713 3722
3563 3830
3466 3554
3519 3708
3800 3962
3705 3867
3636 3921
3641 3907
3766 3933
3497 3707
3828 3966
3591 3855
3440 3633
3629 3713
3774 3836
3503 3800
3521 3625
3797 3962
3617 3777
3947 3976
3521 3556
3549 3682
3514 3828
3762 3804
3538 3874
3692 3797
3518 3832
3546 3624
3437 3566
3687 3858
3488 3604
3448 3948
3527 3804
3751 3789
3488 3913
3731 3785
3479 3919
3638 3716
3472 3629
3830 3842
3651 3886
3830 3926
3920 3960
3602 3761
3818 3896
3591 3714
3656 3968
3794 3833
3576 3860
3633 3687
3442 3773
3463 3714
3773 3778
3578 3731
3805 3950
3486 3705
3909 3931
3869 3900
3785 3858
3596 3832
3734 3968
3523 3695
3488 3573
3497 3596
3663 3740
3653 3918
3764 3818
3611 3762
3443 3909
3499 3532
3792 3822
3618 3971
3951 3969
3459 3763
3933 3960
3448 3633
3616 3716
3577 3873
3783 3933
3526 3629
3506 3507
3525 3950
3547 3677
3448 3779
3703 3902
3622 3719
3672 3851
3438 3456
3657 3739
3521 3778
3706 3900
3540 3618
3680 3803
3440 3886
3741 3851
3514 3730
3449 3692
3635 3838
3544 3888
3455 3778
3629 3977
3464 3474
3466 3937
3481 3649
3663 3728
3511 3821
3668 3761
3548 3737
3596 3684
3609 3756
3463 3931
3636 3728
3759 3837
3593 3718
3604 3770
3579 3708
3497 3527
3661 3948
3654 3930
3477 3756
3525 3734
3646 3810
3468 3584
3534 3825
3713 3907
3438 3522
3656 3683
3584 3969
3514 3760
3471 3940
3693 3970
3723 3961
3507 3554
3501 3851
3473 3819
1085 3561
3475 3642
3558 3793
567 3454
3524 3786
3503 3785
3528 3596
3610 3950
3629 3778
3516 3649
3462 3926
3557 3858
3440 3851
3741 3830
3625 3886
3568 3914
3714 3793
3437 3544
3463 3555
3449 3651
3713 3921
3557 3860
3794 3969
3483 3617
3495 3929
3593 3680
3593 3634
3669 3864
3880 3908
3514 3640
3830 3864
3529 3937
3718 3969
3460 3786
3677 3888
3519 3705
3779 3938
3455 3629
3496 3861
3610 3660
3635 3830
3527 3800
3609 3877
3668 3945
3502 3669
3471 3702
3590 3599
3684 3962
3697 3884
3469 3829
857 3456
3578 3804
3480 3684
3618 3684
3596 3687
862 3621
3593 3794
3739 3912
3509 3900
3793 3906
3469 3956
3437 3962
3577 3841
3508 3644
3842 3929
3657 3743
3461 3934
3800 3824
3573 3902
3581 3898
3877 3938
3707 3891
3844 3848
3464 3529
3639 3883
3567 3743
3501 3517
3546 3811
3639 3830
3830 3902
3877 3948
3569 3591
3636 3862
3599 3705
3567 3595
3540 3750
3706 3793
3505 3629
3442 3876
3542 3707
3448 3545
3681 3790
3476 3708
3448 3540
3448 3491
3734 3830
3514 3884
3605 3938
3470 3520
3860 3930
3794 3870
3643 3896
3469 3761
3866 3947
3481 3516
3611 3891
3480 3625
3506 3569
3442 3791
3648 3816
3663 3921
3758 3937
3576 3790
3651 3756
3468 3777
3617 3927
3604 3858
857 3495
3672 3797
3680 3895
3757 3975
3680 3690
3786 3810
3563 3852
3623 3786
3545 3654
3587 3964
3464 3823
3562 3649
3590 3728
3937 3945
3656 3692
3521 3773
3718 3906
3721 3968
3493 3969
3663 3862
3468 3758
3542 3687
3677 3788
3670 3790
3463 3705
3461 3968
3634 3956
3604 3633
3568 3818
3473 3567
3737 3804
3495 3831
3815 3835
3634 3829
3675 3957
3605 3828
3618 3692
3506 3896
3833 3909
3753 3921
3473 3743
3790 3860
3521 3550
3456 3604
3586 3797
3586 3684
3545 3557
3577 3692
3587 3933
3626 3839
3499 3719
3737 3858
3586 3796
3559 3902
3486 3793
3779 3979
3900 3906
3472 3505
3499 3821
3604 3915
3471 3485
3516 3919
3473 3871
3741 3938
3480 3674
3672 3852
3491 3838
3680 3822
3604 3674
3656 3948
3619 3880
3577 3842
3444 3861
3693 3851
3542 3596
3851 3938
3521 3835
3483 3724
3553 3921
3564 3568
3739 3892
3519 3757
3546 3949
3909 3976
1085 3674
3443 3466
3525 3948
3521 3598
3726 3829
3557 3790
3540 3968
3471 3540
3464 3469
3804 3824
3475 3902
3902 3938
3466 3602
3593 3738
3460 3515
3739 3871
3734 3938
3782 3906
3571 3965
3521 3705
3818 3866
3486 3976
3764 3915
3577 3693
3529 3947
3611 3734
3810 3947
3571 3957
3577 3642
3948 3968
3554 3829
3466 3634
3836 3975
3694 3867
3758 3768
3793 3870
3586 3839
3469 3752
3525 3692
3594 3883
3485 3930
3506 3711
3558 3903
3680 3870
3620 3900
3628 3912
3564 3878
3609 3830
3822 3976
3480 3491
3457 3938
3579 3918
3718 3833
3620 3646
3496 3677
3599 3773
3718 3822
3750 3948
3687 3790
3469 3927
3514 3633
3679 3905
3766 3964
3521 3698
3475 3842
3763 3793
3596 3858
3687 3762
3505 3827
3636 3907
3498 3636
3545 3841
3603 3828
3599 3608
3438 3491
3667 3683
3841 3948
3577 3830
3474 3823
3476 3701
3490 3580
3568 3645
3714 3794
3736 3938
3926 3971
3586 3596
3452 3603
3515 3829
3725 3857
3514 3627
3669 3700
3609 3750
3536 3679
3554 3726
3609 3886
3915 3945
3951 3958
3581 3594
3758 3833
3469 3764
3633 3677
3547 3628
3523 3594
3826 3906
3545 3681
3458 3569
3518 3902
3614 3758
3518 3860
3484 3831
3604 3838
3677 3712
3506 3568
3694 3816
3670 3702
3438 3760
3561 3738
3793 3825
3574 3762
3790 3838
3695 3830
3437 3772
3477 3847
3452 3573
3608 3907
862 3577
3519 3759
3740 3815
3517 3830
3550 3797
3737 3930
3830 3948
3554 3945
3527 3838
3455 3867
3711 3826
3584 3866
3576 3640
3605 3838
3526 3865
3610 3764
3500 3587
3532 3777
3596 3674
3493 3558
3877 3971
3449 3756
3797 3830
3579 3757
3500 3655
3498 3722
3542 3804
3710 3753
3752 3945
3635 3790
3480 3633
3587 3641
3814 3949
3824 3902
3590 3666
3702 3721
3545 3785
3819 3912
3821 3825
3705 3907
3437 3758
3883 3919
3672 3902
3460 3630
3510 3668
3795 3929
3643 3646
3518 3824
3759 3918
3522 3677
3502 3830
3465 3701
3634 3937
1085 3692
3683 3968
3639 3898
3446 3624
3624 3806
3657 3857
3478 3783
3737 3860
3620 3648
3651 3828
3506 3643
3627 3824
3492 3930
3549 3566
3459 3770
3632 3787
3538 3819
3559 3838
3493 3506
3609 3797
3735 3740
3525 3677
3466 3469
3442 3590
3938 3971
3484 3633
3873 3943
3563 3667
3646 3648
3471 3543
3448 3943
3450 3731
3826 3900
3477 3651
3527 3672
3896 3969
1085 3540
3563 3684
3442 3505
3822 3833
3672 3940
3466 3915
3625 3677
3500 3664
3697 3797
3677 3693
3437 3763
3480 3938
3617 3803
3718 3826
3501 3968
3539 3724
3576 3930
3442 3778
3535 3601
3605 3830
3521 3850
3545 3672
3577 3797
3866 3906
3488 3877
3630 3738
3545 3851
3527 3926
3574 3828
3604 3966
3712 3938
3632 3791
3633 3938
3469 3881
3756 3968
3576 3670
3540 3667
3545 3730
3443 3972
3560 3830
3514 3858
3483 3878
3479 3830
3498 3705
3776 3809
3540 3842
3487 3530
3569 3924
3620 3810
3556 3693
3541 3725
3728 3815
3478 3967
3714 3869
3605 3635
3464 3777
3737 3884
3753 3907
3525 3573
3586 3930
3442 3685
3524 3782
3513 3799
3802 3907
3460 3634
3656 3684
3749 3918
3527 3930
3528 3681
3487 3551
3860 3938
3498 3867
3448 3596
3682 3812
3790 3858
3821 3927
3624 3679
3593 3947
3495 3880
3464 3680
3542 3611
3680 3882
3441 3546
3490 3905
3491 3971
3692 3851
3697 3830
3728 3835
3472 3698
3456 3948
3901 3933
3602 3829
3578 3604
3550 3684
3506 3593
3473 3595
3466 3738
3731 3877
3500 3747
3737 3838
3476 3519
3507 3823
3466 3784
3584 3893
3915 3956
3496 3547
3520 3971
3600 3825
3448 3851
3608 3713
3437 3979
3579 3957
3825 3843
3558 3648
3684 3721
3760 3948
3794 3909
3452 3576
3520 3667
3617 3719
3822 3869
3841 3851
3488 3707
3860 3902
3491 3797
3725 3892
3514 3611
3602 3634
3460 3466
3563 3968
3750 3797
3449 3788
3561 3612
3497 3545
3821 3933
3926 3968
3680 3830
3512 3577
3721 3938
3756 3944
3624 3905
3715 3815
3738 3945
3642 3659
3838 3845
3525 3551
3483 3782
862 3592
3611 3938
3488 3611
1085 3948
3599 3921
3711 3924
3690 3955
3728 3740
3505 3508
3547 3693
3674 3851
3500 3809
1085 3943
3760 3962
3456 3557
3587 3791
3664 3960
3675 3774
3711 3896
3476 3836
3511 3515
3437 3689
3506 3515
3558 3958
3633 3684
3442 3553
3596 3672
3478 3964
3437 3660
3617 3878
3448 3930
3779 3930
3522 3979
3559 3804
3824 3860
3488 3640
3460 3761
3610 3927
3516 3581
3550 3971
3628 3760
3509 3924
3529 3601
3667 3734
3598 3685
3553 3769
3734 3800
3528 3557
3478 3809
3708 3774
3449 3938
3517 3756
3590 3835
3475 3948
3722 3827
3542 3672
3501 3877
3550 3552
3543 3605
3536 3606
3455 3713
3495 3860
3683 3830
3493 3648
3564 3622
3518 3578
3629 3876
3521 3526
3511 3896
3785 3966
3734 3877
3531 3662
3454 3880
3651 3884
3589 3592
3801 3921
3486 3680
3584 3906
3442 3835
3561 3945
3702 3966
3456 3841
3578 3596
3573 3838
3545 3860
3557 3627
3776 3960
3555 3810
3528 3938
3469 3604
3652 3676
3690 3946
3596 3877
3633 3721
3587 3776
3516 3830
3622 3690
3525 3851
3464 3945
3459 3645
3733 3954
3501 3943
3493 3900
3642 3938
3604 3828
3625 3656
3521 3842
3615 3705
3692 3873
3931 3947
3731 3938
3731 3736
3809 3933
3571 3918
3533 3830
3640 3804
3747 3766
3625 3962
3488 3902
3629 3921
3667 3948
3557 3804
3670 3858
3793 3924
3557 3730
3655 3933
3545 3604
3524 3645
3498 3713
3672 3804
3774 3918
3460 3956
3512 3525
3668 3829
3900 3909
3605 3877
3488 3830
3826 3833
3577 3609
3533 3674
3458 3584
3577 3618
3599 3710
3557 3824
3782 3881
3452 3891
3455 3886
3488 3528
3756 3877
3611 3838
3601 3782
3702 3830
3471 3838
3599 3666
3640 3731
3948 3962
3583 3825
3592 3626
3608 3740
3438 3877
3755 3926
3804 3860
3479 3649
3906 3909
3838 3852
3758 3951
3480 3651
3677 3841
3764 3881
3495 3908
3753 3876
3505 3773
3440 3495
3710 3740
3498 3907
3528 3545
3456 3501
3568 3915
3463 3822
3675 3899
3615 3629
3524 3584
3531 3771
3475 3484
3567 3739
3486 3906
3634 3945
3690 3866
3458 3719
3629 3840
3606 3662
3521 3827
3747 3967
3612 3810
3821 3931
3780 3851
3532 3535
3842 3908
3671 3793
3518 3790
3604 3902
3455 3740
3753 3802
3640 3884
3577 3625
3764 3825
3692 3721
3591 3793
3510 3602
3547 3750
3605 3640
3490 3546
3533 3633
3721 3830
3529 3829
3539 3890
3455 3907
3558 3786
3750 3938
3524 3866
3702 3902
3605 3948
3540 3886
3449 3737
3604 3804
3539 3584
3634 3761
3873 3886
3499 3564
3789 3918
3674 3760
3830 3918
3586 3604
3551 3723
3750 3831
3545 3605
3518 3830
3799 3918
3481 3898
3501 3586
3873 3948
3575 3872
3586 3697
3888 3950
3553 3867
3535 3823
3569 3969
3643 3833
3465 3708
3822 3855
3448 3828
3524 3568
3460 3768
3833 3900
3903 3924
3448 3640
3486 3909
3437 3705
3444 3742
3886 3971
3545 3852
3441 3949
3533 3760
3680 3955
3826 3969
3926 3930
3633 3830
3510 3761
3496 3520
3768 3770
3568 3810
3620 3792
3491 3788
3677 3943
3545 3902
3938 3943
3642 3838
3731 3913
3680 3924
3440 3545
3947 3973
3634 3738
3651 3938
3465 3571
3590 3615
3604 3658
3801 3885
3718 3758
3671 3770
3590 3715
3633 3674
3528 3930
3584 3764
3584 3711
3509 3569
3822 3906
3503 3640
3442 3865
3442 3713
3508 3933
3516 3523
3623 3947
3646 3719
3482 3850
3558 3768
3764 3767
3476 3837
3869 3931
3620 3906
3698 3728
3825 3931
3836 3910
3449 3873
3690 3758
3593 3782
3618 3842
3538 3628
3756 3948
3577 3604
3510 3821
3577 3962
3614 3652
3577 3889
3452 3462
3667 3842
3488 3737
3761 3956
3444 3849
3463 3869
3617 3758
3721 3797
3710 3867
3472 3850
3439 3932
3537 3887
3620 3714
3490 3814
3643 3903
3720 3751
3542 3635
3438 3449
3810 3906
3495 3943
3838 3934
3734 3788
3603 3672
3640 3730
3618 3734
3710 3715
3794 3914
3550 3950
3529 3738
3462 3934
3583 3600
3605 3731
3463 3826
3438 3938
3617 3823
3636 3815
3522 3779
3628 3962
3466 3583
3514 3790
3601 3786
3534 3535
3681 3707
3493 3646
3500 3964
3884 3926
3691 3830
3532 3610
3530 3925
3463 3794
3463 3951
3543 3940
3574 3891
3605 3672
3731 3891
3674 3841
3486 3711
3629 3698
3564 3680
3546 3894
3906 3924
3506 3786
3437 3482
3491 3684
3576 3707
3683 3944
3743 3868
3596 3938
3466 3972
3511 3671
3538 3892
3596 3830
3579 3701
3629 3740
3681 3804
3528 3858
3831 3968
3718 3896
3831 3851
3496 3551
3448 3737
3633 3750
3743 3892
3701 3774
3497 3902
3535 3821
3680 3958
3661 3897
3607 3698
3493 3584
3533 3877
3471 3873
3696 3791
3541 3892
3506 3555
3592 3891
3518 3596
3667 3873
3596 3670
3617 3821
3604 3830
3482 3553
3707 3828
3599 3835
3790 3851
3524 3601
3499 3690
3596 3880
3656 3667
3578 3611
3956 3972
3468 3534
3702 3948
3546 3863
3705 3822
3656 3677
3714 3822
3707 3930
3680 3909
3521 3713
3506 3951
3503 3576
3783 3920
3573 3611
3508 3791
3700 3864
3460 3752
3614 3945
3462 3800
3437 3836
3553 3598
3870 3951
3609 3938
3472 3685
3460 3568
3495 3625
3540 3677
3574 3605
3554 3915
3577 3633
3574 3642
3558 3947
3497 3804
3830 3919
3483 3821
3771 3956
3479 3581
3745 3812
3906 3937
3804 3858
3845 3851
3534 3705
3873 3902
3488 3824
3468 3900
3692 3830
3592 3677
3464 3612
3861 3954
3721 3796
3518 3605
3817 3971
3636 3666
3437 3624
3509 3714
3455 3663
3459 3614
3730 3913
3788 3841
3584 3643
3490 3863
3515 3593
3514 3596
3696 3747
3535 3866
3702 3790
3718 3903
3870 3903
3590 3921
3599 3740
3672 3930
3781 3946
3676 3825
3456 3677
3590 3722
3625 3756
3705 3835
3731 3966
1085 3550
3793 3818
3821 3834
3496 3831
3568 3680
3495 3842
3456 3797
3797 3872
3824 3938
3548 3908
3471 3845
3494 3583
3577 3684
3502 3813
3542 3966
3677 3684
3598 3936
3478 3500
3800 3804
3756 3828
3847 3953
3633 3842
3437 3651
3604 3860
567 3861
3518 3528
3471 3545
3896 3951
3610 3659
3495 3596
3877 3943
3465 3837
3439 3799
3488 3596
3825 3893
3711 3969
3769 3778
3593 3855
3558 3782
3736 3968
3555 3584
3620 3764
3693 3938
3590 3636
3448 3734
3859 3861
3697 3831
3449 3721
3443 3829
3602 3972
3564 3678
3667 3886
3472 3553
3718 3810
3627 3707
3567 3917
3527 3702
3617 3738
3545 3633
3768 3786
3957 3975
3495 3978
3705 3714
3449 3943
3794 3900
3739 3819
3692 3938
3586 3734
3603 3640
3658 3731
3836 3837
3550 3625
3586 3830
3452 3611
3740 3835
3669 3813
3617 3793
3677 3851
3464 3724
3465 3759
3736 3873
3690 3782
3484 3568
3869 3870
3613 3830
3672 3684
3782 3945
3466 3956
3757 3774
3460 3945
3677 3828
3521 3672
3470 3710
3506 3558
3799 3932
3458 3792
3857 3868
3701 3757
3918 3975
3799 3952
3562 3830
3648 3763
3642 3860
3809 3960
3437 3592
3684 3736
3596 3635
3466 3510
3456 3692
567 3487
3542 3926
3574 3611
3523 3919
3584 3833
3469 3668
3838 3940
3545 3930
3568 3825
3546 3662
3504 3530
3554 3680
3728 3735
3501 3533
3618 3633
3629 3735
3877 3886
3584 3793
3569 3793
3785 3800
862 3550
3536 3727
3797 3886
3445 3725
3866 3881
3611 3860
3596 3841
3534 3770
3442 3470
3526 3563
3764 3821
3768 3782
3500 3776
3577 3944
3631 3711
3760 3830
3519 3774
3531 3546
3501 3741
3702 3938
3813 3830
3780 3971
3572 3705
3539 3678
3654 3755
3448 3475
3601 3823
3706 3869
3480 3734
3638 3952
3526 3559
3462 3596
3635 3948
3466 3652
3591 3924
3506 3822
3440 3697
3537 3901
3540 3684
3580 3679
3784 3973
3437 3623
3843 3927
3559 3762
3933 3964
3493 3680
862 3609
3860 3884
3482 3685
3728 3921
3511 3566
3596 3603
3481 3883
3617 3895
3651 3948
3443 3937
3774 3975
3561 3964
3555 3777
3628 3657
3623 3782
3558 3711
3501 3577
3553 3663
3500 3641
3693 3838
3468 3535
3747 3783
3546 3549
3593 3810
3521 3948
3521 3815
3658 3785
3728 3867
3612 3759
3440 3703
3683 3756
3586 3971
3642 3737
3450 3605
3604 3605
3531 3863
3674 3888
3505 3644
3717 3830
3747 3791
3629 3705
3509 3793
3730 3926
3730 3731
3604 3635
3611 3858
3483 3937
3858 3860
3655 3791
3514 3518
3800 3938
3437 3518
3540 3962
3944 3948
3437 3568
3800 3838
3443 3630
3501 3948
3528 3604
3534 3906
3648 3706
3524 3768
3563 3683
3514 3670
3525 3780
3553 3753
3830 3851
3617 3869
3601 3866
3672 3891
3637 3659
3437 3880
3576 3828
3930 3938
3640 3707
3558 3810
3529 3614
3830 3930
3598 3850
3495 3525
3740 3862
3516 3562
3553 3773
3682 3814
3468 3927
3514 3635
3556 3684
3472 3840
3450 3528
3776 3933
1085 3684
3636 3867
3619 3760
3437 3782
3767 3803
3559 3576
3707 3756
3452 3877
3481 3919
3778 3827
3877 3902
3449 3545
3838 3884
3684 3873
3790 3828
3793 3810
3466 3529
3552 3573
3573 3966
3586 3712
3870 3900
3553 3936
3924 3976
3569 3706
3481 3639
3636 3802
3488 3672
3455 3735
3584 3973
3884 3948
3692 3712
3456 3596
3488 3687
3437 3494
3701 3759
3448 3485
3625 3948
3498 3921
3577 3674
3475 3971
3830 3880
3643 3680
3635 3800
3609 3779
3452 3966
3968 3971
3506 3623
3726 3861
3527 3545
3635 3930
3454 3547
3862 3921
3734 3929
3725 3739
3794 3947
3552 3672
3566 3961
3473 3917
3525 3756
3790 3913
3642 3658
3518 3800
3659 3979
3799 3844
3497 3611
3486 3924
3508 3632
3875 3887
3475 3966
3783 3960
3768 3914
3761 3915
3553 3685
3684 3851
3771 3855
3613 3639
3515 3855
3545 3968
3635 3686
3506 3826
3449 3596
3437 3553
3674 3692
3708 3837
3519 3701
3506 3534
3604 3734
3616 3799
3497 3838
3950 3979
3510 3881
3485 3528
3622 3821
3465 3757
3545 3684
3525 3674
3645 3786
3596 3779
3930 3934
3542 3824
3448 3938
3463 3706
3737 3938
3592 3916
3495 3938
3725 3912
3659 3772
3558 3792
3687 3838
3442 3636
3608 3722
3545 3800
3437 3555
3599 3769
3672 3707
3475 3488
3524 3623
3462 3762
3775 3953
3737 3966
3576 3604
3553 3563
3545 3737
3484 3968
3660 3780
3830 3841
3828 3860
3466 3945
3448 3495
3526 3862
3800 3913
3486 3951
3749 3923
3741 3966
3439 3699
3656 3842
3474 3967
3469 3510
3822 3900
3488 3860
3553 3705
3794 3951
3830 3913
3553 3778
3495 3824
3456 3750
3458 3793
3506 3758
3722 3907
3577 3968
3574 3640
3568 3593
3469 3825
3571 3774
3750 3877
3734 3971
3858 3913
3556 3688
3672 3928
3547 3779
3456 3873
3468 3881
3449 3495
3627 3790
3711 3784
3605 3687
3442 3715
3440 3596
3580 3905
3687 3824
3697 3858
3695 3919
3569 3803
3511 3904
3737 3873
3604 3861
3486 3855
3568 3843
3572 3714
3629 3769
3596 3884
3477 3637
3506 3509
3558 3969
3668 3738
3684 3756
3584 3924
3633 3860
3541 3628
3804 3838
3734 3873
3452 3824
3437 3939
3448 3677
3450 3860
3741 3877
3873 3962
3437 3675
3518 3838
3458 3969
3455 3588
3534 3761
3605 3756
3783 3809
3481 3581
3442 3597
3684 3968
3458 3643
3596 3642
3596 3737
3726 3956
3701 3975
3558 3593
3564 3927
3556 3817
3514 3687
3534 3881
3651 3830
3456 3762
3590 3862
3443 3738
3823 3927
3458 3711
3640 3858
3643 3895
3741 3780
3824 3831
3470 3553
3448 3604
3734 3756
3830 3858
3492 3684
3456 3674
3802 3835
3442 3728
3851 3873
3440 3684
3530 3723
3679 3806
3503 3804
3437 3605
3757 3957
3437 3617
3519 3571
3586 3800
3639 3649
3437 3907
3680 3843
3674 3962
3584 3818
3710 3713
3496 3684
3720 3802
3545 3926
3437 3454
3654 3697
3462 3966
3442 3936
3693 3841
3588 3827
3706 3833
3518 3635
3610 3953
3631 3833
3462 3672
3588 3862
3557 3731
3702 3731
3648 3810
3679 3963
3505 3553
3819 3917
3490 3662
3765 3930
3640 3737
3491 3845
3591 3826
3527 3604
3684 3902
3773 3850
3596 3851
3511 3866
3663 3710
3731 3790
3674 3750
3711 3810
3612 3837
3438 3842
3569 3906
3782 3810
3446 3546
3488 3576
3553 3698
3559 3884
3510 3630
3460 3782
3614 3900
3648 3711
3703 3830
3473 3912
3579 3975
3529 3972
3797 3842
3612 3764
3509 3947
3545 3788
3489 3665
3690 3870
3523 3562
3703 3971
3703 3938
3501 3684
3549 3662
3604 3730
857 3797
3938 3962
3838 3860
3630 3945
3810 3951
3749 3789
3601 3881
3680 3931
3607 3644
3767 3927
3469 3945
3898 3919
3663 3977
3539 3583
3461 3495
3514 3737
3458 3951
3540 3851
3545 3971
3872 3888
3561 3803
3488 3730
3448 3838
3538 3743
3528 3824
3478 3933
3633 3656
3441 3538
3442 3867
3687 3731
3830 3831
3767 3829
3564 3617
3833 3869
3456 3461
3683 3948
3481 3613
3631 3648
3838 3943
3624 3863
3608 3728
3463 3909
3728 3753
3526 3773
3545 3756
3852 3886
3658 3800
3547 3775
3437 3799
3625 3684
3863 3894
3495 3944
3493 3951
3821 3906
3715 3867
3518 3640
3488 3545
3490 3771
3525 3841
3510 3738
3450 3730
3497 3543
3705 3759
3455 3599
3464 3604
3481 3830
3684 3693
3731 3860
3611 3633
3761 3972
3821 3947
3482 3505
3628 3725
3604 3914
3605 3880
3512 3760
3877 3968
3465 3957
3743 3871
3751 3923
3906 3976
3625 3667
3617 3724
3458 3506
3642 3828
3554 3972
3616 3699
3561 3825
3529 3602
3450 3497
3506 3591
3633 3877
3692 3693
3534 3593
3524 3535
3742 3954
3914 3915
3506 3958
3710 3862
3535 3694
3658 3828
3443 3529
3578 3633
3617 3645
3730 3790
3455 3608
3738 3821
3511 3770
3495 3930
3633 3654
3655 3964
3836 3899
3590 3740
3635 3640
3591 3900
3662 3814
3705 3921
3684 3797
3793 3951
3545 3831
3828 3938
3685 3850
3488 3527
3495 3697
3437 3476
3813 3911
3793 3973
862 3586
3594 3695
3458 3468
3569 3833
3462 3930
3670 3687
3670 3948
3553 3802
3460 3829
3608 3867
3705 3906
3563 3962
3438 3734
3463 3506
1085 3525
3593 3906
3616 3932
3823 3956
3437 3895
3725 3874
3628 3874
3478 3655
3730 3824
3738 3956
3687 3830
3534 3810
3512 3873
3501 3830
3569 3900
3577 3656
3762 3902
3538 3917
3774 3957
3736 3948
857 3586
3672 3737
3456 3938
3774 3899
3635 3731
3596 3913
3569 3869
3825 3927
3831 3971
3625 3968
3896 3976
3483 3754
3459 3564
3506 3511
3851 3966
3593 3793
3684 3938
3612 3758
3596 3966
3559 3930
3527 3557
3442 3455
3480 3971
3502 3898
3687 3730
3541 3743
3696 3783
3830 3886
3437 3766
3584 3821
3553 3644
3530 3673
3585 3863
3449 3609
3861 3904
3545 3702
3790 3902
3552 3830
3833 3973
3559 3944
3672 3966
3510 3829
3526 3753
3562 3919
3528 3576
3506 3690
3492 3521
3437 3753
3457 3830
3449 3734
3529 3568
3449 3962
3479 3898
3571 3701
3777 3803
3655 3776
3874 3917
3862 3867
3542 3940
3684 3842
3703 3926
3651 3734
3545 3755
3756 3929
3536 3682
3743 3874
3740 3977
3584 3631
3758 3818
3646 3763
3598 3698
3496 3629
3703 3842
3456 3651
3835 3862
3756 3851
3727 3745
3608 3705
3457 3831
3683 3886
3697 3756
3854 3918
3579 3837
3484 3501
3599 3850
3803 3869
3596 3788
3590 3663
3719 3951
3437 3690
3822 3951
3622 3931
3459 3945
3496 3817
1085 3750
3671 3768
3468 3810
3817 3831
3633 3756
3441 3536
3889 3943
3629 3753
3640 3762
3651 3841
3826 3947
3475 3684
3782 3927
3456 3495
3804 3902
3525 3842
3750 3756
3920 3964
3763 3782
3440 3540
3687 3966
3438 3784
3640 3860
3657 3868
3470 3778
3555 3604
3526 3590
3754 3927
3470 3767
3501 3674
3591 3822
3523 3898
3608 3615
3443 3460
3528 3730
3590 3756
3501 3677
3455 3728
3545 3884
3536 3922
3555 3767
3909 3945
3578 3683
3445 3868
3501 3734
3635 3670
3548 3661
3475 3672
3726 3945
3611 3800
3460 3972
3745 3949
3521 3618
3714 3924
3763 3810
3531 3549
3488 3790
3443 3956
3638 3918
3677 3930
3571 3708
3469 3634
3495 3851
3713 3740
3753 3867
3532 3927
3542 3604
3669 3911
3514 3528
3805 3916
3545 3858
3642 3930
3721 3756
3532 3617
3877 3929
3455 3526
3584 3903
3558 3855
3838 3944
3643 3909
3605 3707
3500 3508
3520 3672
3926 3934
3506 3646
3545 3611
3635 3730
3730 3804
3736 3785
3572 3794
