3524 3584
3756 3948
3617 3931
3554 3680
567 3454
3867 3907
3915 3945
3488 3858
3738 3752
3842 3966
3437 3772
3612 3810
3705 3869
3469 3474
3506 3631
3757 3918
3703 3971
3645 3843
3584 3620
3651 3851
3804 3845
3752 3764
3684 3938
3947 3976
3869 3870
3620 3792
3475 3485
3545 3596
3618 3971
3459 3825
3703 3902
3529 3900
3463 3861
3906 3931
3578 3828
3836 3893
3620 3714
3481 3639
3657 3819
3778 3827
3609 3948
862 3550
3458 3810
3495 3934
3804 3926
3479 3581
3448 3830
3469 3945
3719 3924
3692 3851
3761 3972
3545 3756
3486 3976
3702 3737
3714 3793
3584 3764
3624 3863
3651 3674
3794 3969
3804 3913
3819 3868
3480 3693
3702 3790
3449 3596
3460 3937
3491 3962
3513 3952
3629 3705
3633 3760
3495 3978
3486 3826
3633 3841
3577 3886
3581 3649
3535 3927
3515 3958
3445 3868
3644 3747
3604 3914
3501 3889
3711 3870
3884 3971
3756 3943
3539 3890
3747 3967
3460 3630
3455 3769
3472 3521
3437 3775
3671 3958
3455 3588
3629 3862
3586 3692
3506 3643
3747 3964
3520 3550
3518 3635
3437 3763
3794 3822
3437 3617
3576 3966
3568 3834
3842 3929
3506 3623
3495 3884
3495 3750
3683 3877
3477 3651
3519 3759
3437 3895
3793 3818
3542 3604
3501 3971
3586 3693
3514 3913
3440 3600
3788 3841
3527 3542
3501 3596
3555 3591
3456 3968
3548 3661
3604 3734
1085 3495
3674 3979
3642 3731
3774 3957
3437 3521
3715 3921
3831 3971
3577 3618
3764 3818
3662 3814
3705 3826
3573 3797
3636 3710
3533 3830
3577 3944
3558 3711
3860 3938
3786 3810
3705 3740
3596 3938
3610 3888
3483 3690
3449 3943
3701 3957
3569 3969
3476 3757
3437 3645
3495 3734
3517 3577
3475 3488
3550 3552
3470 3629
3809 3933
3464 3510
3448 3609
3490 3624
3918 3957
3491 3586
3503 3596
3584 3794
3475 3672
3456 3948
3488 3576
3666 3728
3577 3938
3701 3910
3803 3906
3608 3862
3460 3726
3726 3956
3768 3786
3476 3836
3590 3867
3680 3711
3640 3938
3464 3823
3633 3971
3577 3780
3801 3921
3495 3586
3456 3501
3462 3926
3548 3897
3509 3906
3508 3809
3437 3907
3640 3731
3584 3896
3460 3782
3449 3651
3692 3712
3625 3851
3614 3900
3482 3521
3478 3783
3438 3491
3819 3912
3799 3848
3738 3956
3646 3951
3677 3800
3734 3851
3920 3964
3610 3979
3558 3906
3710 3713
3679 3894
3741 3851
3756 3830
3643 3718
3822 3976
3571 3774
3829 3972
3609 3968
3455 3907
3591 3593
3604 3788
3550 3968
3790 3824
3596 3824
3514 3884
3667 3886
3635 3702
3577 3642
3630 3738
3756 3884
3474 3761
3498 3629
3835 3867
3740 3867
3437 3605
3767 3958
3710 3769
3873 3948
3643 3909
3548 3908
3500 3766
862 3501
3501 3633
3528 3860
3758 3855
3521 3598
3514 3674
3672 3707
3495 3545
3741 3966
3782 3866
3521 3685
3462 3488
3498 3740
3877 3968
3545 3674
3617 3834
3504 3723
3511 3763
3508 3685
3458 3643
3730 3804
3495 3971
3498 3715
3804 3930
3540 3780
3622 3927
3843 3927
3841 3929
1085 3437
3829 3900
3722 3921
3502 3898
3705 3822
3491 3712
3464 3583
3648 3758
3500 3960
3684 3872
3449 3501
3726 3861
3809 3960
3626 3979
3514 3824
3628 3868
3521 3592
3501 3545
3797 3842
3696 3791
3469 3738
3448 3800
3849 3904
3689 3721
3722 3778
3619 3760
3810 3855
3549 3814
3633 3860
3567 3868
3532 3535
3571 3708
3471 3485
3506 3718
3629 3867
3514 3737
3506 3784
3486 3833
3545 3838
3547 3684
3456 3687
3492 3521
3784 3947
3462 3966
3499 3671
3587 3809
3641 3967
3877 3971
3555 3767
3722 3850
3525 3625
3449 3480
3667 3683
3437 3912
3488 3930
3647 3932
3790 3938
3553 3598
3604 3756
3539 3823
3527 3604
3793 3866
3640 3824
3569 3951
3604 3611
3824 3831
3634 3915
3604 3926
3674 3734
3603 3838
3529 3869
3800 3830
3477 3847
3472 3698
3657 3725
3488 3800
3845 3891
3549 3624
3702 3804
3625 3677
3640 3687
3751 3787
3620 3870
3540 3760
3449 3889
3484 3684
3449 3805
3690 3768
3440 3703
3456 3674
3851 3938
3860 3902
3506 3810
3495 3633
3576 3605
3579 3701
3469 3761
3642 3860
3835 3850
3720 3923
3461 3930
3460 3515
3590 3921
3593 3680
3718 3793
3475 3873
3568 3601
3800 3943
3779 3872
3838 3877
3545 3642
3756 3824
3562 3883
3526 3629
3723 3961
3693 3734
3448 3577
3452 3824
3789 3807
3448 3797
3730 3790
3613 3830
3684 3851
3437 3771
3486 3569
3496 3521
3903 3924
3610 3772
3677 3948
3553 3722
3500 3809
3555 3617
3824 3938
3461 3559
3742 3861
3521 3666
3507 3555
3506 3714
3524 3786
3463 3822
3542 3687
3611 3877
3596 3611
3797 3971
3456 3971
3485 3681
3793 3951
3518 3578
3558 3719
3555 3810
3525 3734
3891 3916
3487 3925
3443 3582
3534 3614
3631 3786
3471 3702
3558 3643
3594 3883
3521 3713
3449 3674
3722 3827
3713 3862
3612 3869
3579 3774
3703 3755
3468 3568
3604 3633
3635 3800
3578 3737
3484 3521
3460 3881
3585 3863
3624 3806
3664 3918
3442 3508
3514 3611
3615 3629
3607 3933
3591 3714
3572 3705
3557 3824
3472 3840
3539 3584
3437 3962
3533 3929
3593 3906
3483 3937
3545 3576
3473 3892
3519 3918
3687 3884
3526 3684
3774 3975
3692 3756
3750 3968
3628 3760
3711 3881
3656 3886
3481 3883
3474 3738
3524 3602
3633 3721
3518 3545
3590 3907
3521 3722
3611 3860
3726 3829
3759 3957
3576 3824
3718 3810
3493 3593
3750 3756
3596 3674
3481 3919
3521 3778
3470 3773
3528 3542
3545 3559
3437 3633
3731 3790
3889 3943
3527 3557
3554 3726
3680 3794
3567 3912
3590 3629
3747 3960
3826 3947
3463 3826
3655 3967
3826 3869
3475 3684
3655 3960
3511 3738
3455 3505
3830 3886
3791 3901
3466 3652
3599 3802
3926 3930
3488 3891
3500 3641
3496 3629
3750 3831
3633 3651
3701 3965
3491 3611
3791 3920
3906 3909
3830 3832
3558 3793
3836 3957
3632 3918
3802 3921
3486 3951
3495 3692
3598 3685
3456 3545
3559 3884
3471 3930
3439 3716
3599 3835
3604 3687
3444 3904
3456 3830
3437 3564
3713 3921
3663 3977
3715 3740
3516 3649
3495 3684
3437 3799
3455 3921
3516 3898
3860 3966
3725 3868
3482 3685
3457 3703
3563 3684
3511 3515
3469 3726
3505 3747
3485 3790
3460 3761
3455 3629
3501 3884
857 3586
3640 3832
3804 3860
3574 3640
3549 3682
3648 3810
3684 3741
3719 3758
3830 3841
3452 3891
3636 3907
3622 3878
3845 3966
3717 3830
3478 3747
3568 3914
3674 3847
3462 3800
3722 3918
3555 3803
3488 3542
3506 3754
3773 3802
3842 3873
3629 3710
3726 3738
3440 3545
3833 3869
3478 3967
3829 3956
3546 3580
3506 3829
3526 3722
3513 3932
3469 3927
3873 3886
3666 3921
3623 3782
3534 3617
3468 3622
3627 3635
3528 3707
3456 3800
3449 3545
3495 3831
3568 3793
3500 3933
3545 3788
3596 3838
3633 3654
3596 3797
3623 3786
3710 3753
3640 3737
3437 3544
3557 3604
3519 3837
3900 3969
3741 3830
3909 3945
3460 3900
3558 3794
3869 3906
3690 3781
3604 3838
3842 3886
3884 3902
3506 3555
3590 3815
3459 3770
3569 3705
3564 3821
3803 3821
3456 3609
3705 3794
3641 3696
3549 3812
3726 3945
3892 3917
3618 3692
3572 3714
3532 3931
3474 3915
3612 3759
3635 3926
3800 3824
3459 3564
3438 3480
3475 3948
3549 3662
3708 3759
3468 3777
3790 3832
3611 3762
3515 3593
3486 3794
3636 3769
3718 3906
3830 3842
3536 3727
3766 3933
3437 3593
3821 3878
3540 3677
3669 3864
3479 3695
3674 3756
3455 3827
3499 3829
3571 3918
3588 3827
3575 3672
3806 3963
3578 3838
3528 3604
3540 3667
3449 3586
3793 3931
3663 3921
3768 3906
3478 3809
3604 3635
3670 3948
3463 3706
3463 3951
3556 3851
3697 3824
3511 3900
3576 3877
3509 3826
3464 3668
3604 3677
3636 3740
3599 3629
3715 3907
3471 3540
3491 3968
3613 3695
3627 3681
3484 3940
3645 3941
3681 3707
3440 3495
3565 3756
3518 3611
3883 3898
3562 3594
3437 3945
3557 3596
3464 3469
3830 3883
3707 3828
3677 3692
3677 3684
3745 3949
3543 3605
3550 3573
3456 3962
3639 3830
3711 3758
3475 3940
3669 3911
3536 3662
3454 3586
3527 3966
3456 3873
3753 3778
3851 3889
3625 3968
3790 3902
3487 3961
3529 3972
3771 3855
3741 3948
3558 3584
3529 3906
3604 3605
3714 3924
3447 3682
3462 3756
3520 3667
3471 3611
3483 3878
3464 3726
3683 3842
3627 3702
3677 3788
3640 3800
3687 3800
3938 3948
3562 3639
3583 3758
3562 3830
3525 3651
3586 3788
3632 3791
3759 3836
3605 3730
3767 3803
3583 3600
3525 3540
3655 3920
3479 3883
3448 3944
3792 3969
3486 3509
3442 3773
3794 3870
3552 3830
3611 3734
3791 3964
3511 3904
3633 3741
3558 3593
3493 3648
3579 3675
3496 3817
3527 3926
3731 3858
3672 3928
3628 3962
3573 3702
3915 3956
3649 3898
3437 3534
3833 3896
3683 3830
3578 3804
3602 3630
3948 3962
3596 3804
3674 3830
3633 3804
3656 3677
3655 3776
3510 3602
3437 3777
3510 3829
3680 3951
3670 3880
3584 3782
3677 3839
3495 3577
3822 3951
3442 3678
3506 3584
3625 3734
3598 3936
3606 3745
3476 3957
3609 3797
3472 3685
3595 3628
3488 3707
3776 3964
3538 3743
3682 3814
3714 3803
3534 3881
3518 3687
3737 3884
3448 3838
3558 3909
3771 3949
3838 3860
3613 3919
3517 3830
3460 3786
3571 3757
3731 3891
3838 3971
3793 3794
3449 3841
3558 3829
3636 3815
3527 3707
3736 3785
3718 3822
3486 3680
3505 3850
3625 3830
3654 3804
3495 3908
3501 3968
3596 3756
3493 3719
3687 3762
3508 3791
3576 3670
3503 3731
3730 3926
3739 3871
3547 3779
3464 3895
3830 3966
3450 3913
3679 3963
3549 3905
3655 3696
3608 3735
3542 3635
3545 3633
3665 3931
3530 3925
3540 3797
3722 3773
3545 3672
3697 3756
3682 3812
3690 3870
3525 3577
3629 3722
3877 3943
3739 3874
3452 3488
3679 3863
3528 3938
3488 3658
3527 3545
3480 3756
3482 3832
3643 3648
3667 3736
3793 3803
1085 3440
3464 3634
3596 3785
3498 3705
3790 3858
3874 3912
3495 3525
3577 3656
3509 3793
3469 3604
3710 3907
3690 3821
3534 3937
3578 3640
3521 3672
3497 3543
3739 3892
3474 3630
3506 3758
3740 3977
3486 3593
3563 3741
3437 3753
3625 3656
3758 3768
3675 3836
3616 3932
3620 3969
3576 3640
3776 3783
3514 3596
3701 3757
3718 3833
3621 3861
3633 3693
3523 3594
3547 3677
3710 3867
3642 3658
3437 3568
3872 3950
3722 3740
3651 3938
3790 3830
3747 3766
3508 3598
857 3456
3500 3587
3558 3620
3643 3711
3762 3824
3821 3931
3616 3844
3638 3716
3529 3758
3462 3877
3601 3768
3455 3715
3521 3962
3562 3919
3612 3758
3836 3918
3842 3877
3796 3851
3634 3761
3547 3775
862 3677
3731 3785
3735 3753
3823 3927
3797 3851
3830 3864
3679 3939
3758 3833
3609 3962
3757 3836
3710 3722
1085 3962
3437 3586
3758 3810
3743 3857
3498 3867
3617 3927
3667 3684
3684 3948
3734 3948
3842 3968
3780 3966
3702 3731
3478 3920
3610 3764
3609 3938
3455 3713
3842 3948
3764 3834
3793 3810
3471 3873
3554 3945
3568 3786
3621 3689
3793 3833
3510 3752
3555 3754
