705 720
695 745
693 834
708 800
758 849
760 784
739 793
713 844
719 766
693 823
728 809
709 823
805 823
783 827
748 764
826 842
719 805
806 839
726 752
713 818
773 834
771 802
772 856
697 731
781 805
686 831
771 850
787 793
805 844
686 821
727 845
701 842
696 713
713 819
701 781
695 844
795 853
686 727
726 823
740 817
828 851
724 766
709 828
711 738
718 823
757 775
807 823
805 815
751 828
806 833
697 834
694 738
738 760
726 815
699 833
738 826
792 824
787 797
774 820
686 818
770 849
688 740
686 780
747 830
726 812
722 745
716 728
753 823
697 708
763 803
830 844
705 770
724 777
724 834
697 818
719 762
783 849
703 805
819 830
696 739
741 820
734 756
687 820
695 847
697 772
816 833
705 823
721 848
705 814
818 822
686 815
738 795
705 726
834 847
708 849
687 730
686 699
739 828
792 807
734 853
767 796
793 849
687 819
762 781
713 828
821 836
827 830
689 714
719 853
770 777
697 849
703 792
758 793
706 713
686 692
687 856
726 828
735 819
780 823
693 695
793 809
696 774
793 836
724 734
792 815
686 744
823 838
718 814
686 823
790 832
815 828
703 747
701 726
688 774
719 733
791 818
732 802
686 740
781 800
746 816
720 739
705 718
755 849
736 816
718 720
728 765
697 819
738 751
741 800
718 817
708 814
723 826
686 760
701 780
797 808
688 819
774 824
689 702
823 834
780 845
686 689
728 819
730 849
694 842
711 795
713 814
805 834
787 849
830 849
738 774
805 817
804 849
812 824
694 831
690 694
730 803
824 837
733 768
720 730
747 856
784 834
747 800
730 797
800 853
774 805
686 833
709 819
747 804
695 780
695 829
794 795
741 827
686 741
747 763
810 834
731 805
754 773
697 713
686 841
762 814
720 790
687 830
852 855
779 835
686 839
806 850
718 787
686 803
815 824
705 803
758 836
815 856
694 827
695 815
780 834
686 711
774 823
719 849
687 728
695 781
777 780
731 815
728 807
706 773
731 774
800 842
709 843
688 840
686 710
697 800
820 845
828 849
686 782
705 758
758 787
688 695
752 774
727 784
738 745
792 850
705 739
764 823
824 834
814 827
697 835
703 764
725 839
819 835
805 853
715 827
711 724
719 828
784 824
697 820
758 814
694 810
713 774
695 760
696 830
686 763
703 817
706 847
715 814
686 756
707 833
766 853
764 838
838 856
713 830
708 730
694 724
814 834
815 823
793 817
686 846
800 823
688 845
687 807
808 809
700 815
686 691
696 711
686 688
747 807
777 824
829 853
726 778
708 827
712 768
686 804
824 826
705 787
747 752
695 842
734 846
687 718
713 773
820 848
718 748
755 845
702 789
703 828
773 781
713 781
752 853
694 800
706 828
688 719
773 853
701 778
774 811
686 806
768 839
703 831
828 838
769 774
758 809
738 784
781 836
686 808
737 837
686 789
719 842
803 840
755 797
760 828
770 828
731 828
703 709
760 829
708 823
713 777
772 827
734 849
694 760
703 787
831 853
840 848
807 843
748 779
755 783
715 834
822 850
732 822
771 789
835 837
694 853
739 823
731 830
764 779
703 824
809 817
718 745
787 809
719 745
779 828
799 835
718 805
745 800
686 731
810 814
687 765
728 737
703 741
735 769
