566 593
428 438
436 604
412 431
395 465
378 544
628 661
524 567
588 644
374 566
423 637
374 475
363 475
592 677
646 651
612 654
626 644
647 670
414 660
633 636
422 592
614 676
618 631
590 633
438 634
515 524
592 672
428 431
422 685
591 637
483 514
348 414
632 670
400 514
592 680
634 651
428 641
623 684
414 590
618 682
513 580
500 513
412 567
586 587
436 673
591 646
513 606
363 506
579 654
414 428
422 620
600 681
461 506
373 400
414 427
395 645
573 605
428 601
400 614
475 524
374 461
620 678
436 563
428 524
378 580
515 559
422 653
422 579
395 506
475 500
618 680
567 604
596 618
173 414
376 394
412 544
599 628
650 681
414 649
654 666
414 542
414 632
483 524
544 566
577 670
414 597
391 559
483 606
600 662
363 566
423 492
395 428
612 617
559 606
373 428
465 515
584 639
658 661
619 678
605 626
643 661
544 645
596 655
412 561
394 492
414 506
428 559
616 678
465 556
595 640
592 684
395 438
630 672
618 633
584 616
617 644
348 428
544 683
414 626
578 595
678 685
576 681
628 643
513 567
579 644
609 666
414 578
647 650
348 500
604 651
461 483
400 513
630 636
400 580
556 652
553 620
591 645
414 514
619 644
378 492
609 626
423 586
577 583
650 661
612 678
592 609
658 659
376 414
370 666
618 685
412 559
578 662
107 348
573 609
573 664
553 666
639 678
609 680
348 395
363 591
496 506
378 676
578 583
661 662
659 675
583 635
559 566
577 675
591 683
611 664
412 436
615 632
394 542
576 650
513 614
617 619
630 663
636 653
438 465
582 627
475 563
414 500
378 604
373 553
391 637
395 637
630 664
414 553
553 556
492 559
515 637
475 544
428 606
578 665
363 412
412 593
643 665
431 683
492 604
600 640
414 631
680 685
391 428
592 620
561 566
423 436
465 591
600 670
616 631
573 685
395 561
373 641
601 644
438 500
434 563
603 605
395 412
378 542
617 677
513 559
553 566
378 559
412 580
592 633
373 634
374 683
414 678
597 680
559 591
412 645
400 506
513 553
431 465
391 566
422 636
561 580
625 644
423 513
647 658
542 567
436 652
513 561
513 566
643 662
584 596
374 438
376 683
580 606
436 566
414 627
363 370
600 659
475 580
635 640
583 640
400 428
431 514
376 610
414 612
627 643
370 515
628 647
483 591
580 601
647 665
376 391
400 492
438 461
492 591
514 544
576 659
428 683
492 567
631 639
492 542
363 656
428 515
414 614
107 376
625 684
374 561
567 610
414 683
373 604
414 611
376 500
605 680
600 615
378 394
376 431
373 514
400 465
599 643
348 434
575 630
374 500
475 513
173 348
378 391
598 684
436 646
670 675
395 483
582 600
370 431
580 591
588 633
461 683
573 618
436 591
395 567
579 633
567 590
576 627
414 574
370 376
363 514
483 669
414 558
620 644
434 475
561 567
438 566
370 553
414 633
423 559
662 665
618 684
635 659
391 431
461 561
423 587
595 659
348 422
373 378
598 677
434 604
661 665
630 631
592 597
483 639
654 684
599 650
373 412
645 671
34 428
428 667
587 651
612 664
395 513
436 524
618 619
414 615
524 559
373 515
620 653
600 658
373 566
630 653
438 559
553 669
583 661
577 599
378 461
414 620
414 621
