417 538
432 497
434 490
395 423
353 400
525 526
360 362
428 456
419 471
484 538
463 500
402 523
488 524
513 525
466 522
475 483
432 510
355 412
484 503
391 566
357 518
370 520
460 475
391 491
376 515
353 419
373 520
409 538
388 452
446 475
543 570
402 515
497 524
364 441
394 513
412 461
524 542
431 559
456 561
457 509
458 475
387 506
408 412
492 561
475 482
376 519
353 370
438 559
516 518
460 515
348 448
348 526
407 563
412 456
348 378
469 516
432 559
359 474
374 500
408 456
507 566
412 428
419 544
469 563
424 509
419 503
376 463
497 537
359 530
430 432
458 555
428 570
348 447
473 495
398 479
483 561
457 518
350 563
419 513
368 479
373 502
391 460
396 474
481 555
382 470
388 465
494 503
398 497
456 527
440 493
442 531
500 514
439 445
359 455
362 560
363 565
408 511
368 493
376 431
408 559
471 566
463 535
348 494
537 538
525 561
431 515
360 514
480 543
374 567
353 493
376 544
378 452
433 455
387 513
543 546
373 397
420 439
479 538
482 553
402 514
370 374
502 548
373 417
370 431
373 376
369 554
452 465
434 456
364 476
348 506
374 566
482 497
402 559
354 547
395 419
410 463
373 497
426 546
422 504
453 468
378 506
400 506
419 484
354 510
381 486
380 424
357 516
354 452
423 567
445 487
425 477
398 526
391 502
413 535
419 431
482 556
544 553
477 518
460 524
487 493
456 511
348 512
367 547
350 369
436 527
391 490
419 505
348 554
370 438
362 495
348 354
481 539
402 463
438 488
487 492
348 426
431 561
396 555
348 350
484 497
348 508
404 525
374 378
412 500
388 537
460 479
373 465
366 538
363 515
455 568
388 412
391 431
359 531
397 418
391 525
463 570
360 463
458 482
546 563
425 523
361 531
372 543
436 461
390 450
458 507
374 559
517 525
500 506
428 508
512 561
461 475
430 465
547 548
404 538
464 552
400 553
402 507
511 525
496 514
394 515
420 566
417 460
403 553
376 500
392 482
538 560
479 513
494 526
348 469
353 559
414 556
493 512
437 532
382 474
394 438
473 539
380 389
352 409
475 553
438 523
446 491
370 492
353 462
370 548
461 567
363 493
439 527
422 432
366 402
360 520
420 483
388 497
348 422
350 519
436 524
439 475
423 473
363 370
488 497
549 563
422 545
426 455
483 496
484 514
348 542
348 489
376 492
513 553
493 538
422 497
373 527
354 481
373 563
536 561
359 475
431 545
475 513
348 383
348 564
392 483
483 535
394 488
370 439
370 416
387 520
392 460
353 432
475 524
359 452
471 524
373 566
434 559
376 491
361 557
417 456
513 561
374 483
353 408
397 504
364 393
367 396
425 439
469 551
480 563
455 497
523 545
374 412
370 465
542 553
404 487
434 496
348 359
503 524
522 568
407 528
513 514
454 564
353 431
484 566
400 539
527 538
356 472
348 568
439 542
438 444
421 487
355 553
350 546
391 553
436 484
497 565
368 462
445 520
349 478
417 465
372 545
503 525
412 565
544 559
376 420
403 497
487 559
353 526
484 559
417 500
480 540
366 483
370 506
425 553
543 563
432 506
360 565
433 528
395 561
523 524
512 538
548 556
391 527
417 428
408 537
376 388
492 524
394 544
396 547
387 507
479 484
366 520
348 547
417 537
361 450
465 559
363 482
462 493
376 566
458 515
391 517
400 515
475 519
391 497
408 439
477 563
398 503
471 561
430 553
523 544
537 561
420 451
421 445
432 553
198 351
368 503
357 563
366 446
387 514
378 496
352 484
503 537
389 435
357 551
419 492
546 547
387 517
412 431
423 500
445 460
386 532
422 474
419 483
507 514
432 507
436 525
419 518
436 561
376 391
493 494
509 554
359 546
437 453
428 431
434 506
360 558
479 520
460 543
510 553
460 508
456 494
497 561
400 524
458 510
376 523
423 561
368 375
372 547
475 523
367 416
394 538
395 567
355 455
486 505
506 553
353 538
374 556
359 403
439 473
370 373
489 519
348 364
434 475
348 561
400 514
353 566
376 412
496 508
432 483
492 497
415 428
462 532
389 505
404 415
348 398
484 527
506 557
388 415
363 561
391 492
375 404
376 396
422 460
355 546
460 463
534 563
388 463
348 376
417 524
370 402
354 555
492 515
400 414
495 507
553 565
482 506
515 545
456 493
500 563
434 566
428 482
517 526
409 460
198 348
394 436
405 568
430 503
488 513
355 376
470 562
373 463
348 362
475 563
508 544
444 544
475 500
483 560
373 450
553 556
348 556
376 567
431 525
387 544
475 556
400 404
366 434
408 461
421 444
374 439
413 448
496 517
527 553
395 495
378 391
367 555
362 492
499 532
423 517
414 559
354 359
403 555
460 473
434 534
372 444
376 465
373 483
374 431
500 521
471 567
409 561
373 392
471 559
374 418
431 511
504 522
412 473
412 561
512 515
392 428
428 526
553 559
474 475
348 358
373 500
350 504
511 566
392 542
444 523
402 561
474 481
531 563
374 465
457 554
378 426
414 542
391 500
366 513
507 520
436 438
389 509
428 523
367 422
362 463
391 493
531 547
473 527
351 454
438 553
376 460
461 497
484 500
387 402
397 570
352 431
348 553
475 507
455 500
348 449
493 526
463 481
417 560
357 369
370 567
537 545
397 426
482 525
416 569
396 422
409 536
357 389
348 503
363 559
404 452
378 394
398 525
452 544
417 503
391 446
348 410
378 513
449 563
488 559
432 557
485 518
463 504
471 563
414 558
503 538
348 432
484 494
348 520
475 565
397 444
388 493
418 555
412 430
490 502
494 497
506 545
366 515
428 497
415 444
504 531
380 457
429 455
376 559
374 506
420 553
374 444
376 419
355 543
427 496
511 561
434 436
504 570
506 508
417 497
354 470
353 513
370 497
348 572
481 489
362 542
473 556
489 546
348 463
352 408
538 559
517 566
506 524
446 482
363 507
395 461
397 509
374 417
395 542
522 531
363 506
387 556
431 503
373 548
522 546
404 428
372 460
428 479
482 483
425 479
420 430
431 475
416 563
348 430
409 512
353 537
370 544
388 487
449 480
348 427
