1980 2012
1912 2206
2047 2283
2419 2525
2262 2506
2010 2629
2218 2477
2215 2384
2328 2567
2151 2498
2154 2468
1912 2556
2206 2556
1946 2118
2022 2284
2213 2261
2040 2354
2124 2363
2207 2426
1958 2024
2207 2486
2073 2140
2478 2623
2109 2446
2007 2646
2378 2447
2509 2598
2203 2649
1929 2108
2340 2347
2108 2200
1993 2407
1943 2324
2183 2510
2063 2104
2239 2543
2276 2646
1943 2559
2203 2389
2140 2593
2062 2111
2074 2083
2127 2254
2300 2449
2307 2428
2031 2047
1916 2292
1912 2518
2016 2022
2125 2169
2220 2233
2510 2643
2162 2238
2058 2172
2292 2463
2218 2631
2473 2598
2292 2588
2108 2409
2287 2601
2240 2553
2332 2368
2033 2546
2194 2642
2200 2418
1971 2433
1995 1999
1966 2306
2154 2469
2153 2319
2133 2394
2462 2464
2103 2258
2218 2615
1912 2139
2386 2492
2284 2645
2200 2324
2140 2311
1984 2021
1954 2072
2292 2508
2108 2142
2098 2339
1917 2576
1940 1948
2225 2640
2180 2264
2069 2121
2006 2365
2408 2489
2206 2308
2275 2550
1912 2422
2319 2508
2351 2642
1948 2246
2033 2290
1979 2060
2176 2555
2104 2124
2220 2340
2340 2546
1962 2526
1912 2117
2174 2491
2220 2369
2109 2306
2428 2601
2174 2461
2056 2150
1979 2115
1946 2462
2374 2546
1948 2241
2190 2374
1939 2603
2007 2086
2232 2384
2211 2272
2246 2289
2333 2415
1912 2623
2044 2142
2174 2368
1935 2389
1953 2551
2354 2386
2495 2550
2098 2122
2057 2332
2326 2601
2619 2655
2194 2338
2206 2554
2107 2656
1989 2299
1931 2627
2125 2327
2498 2592
1964 2176
2257 2347
2340 2370
2055 2266
2165 2526
2095 2552
2353 2521
2010 2151
1918 2520
2556 2625
2129 2342
2212 2482
2084 2393
2154 2615
2140 2308
2529 2531
2328 2415
2491 2617
2151 2649
1938 2484
2083 2112
2088 2218
2349 2515
2108 2551
2460 2573
2247 2344
2081 2609
2460 2602
2131 2485
2103 2604
1918 1963
1983 2638
2093 2429
1966 2359
1917 2030
2206 2611
2464 2543
1973 2171
2108 2579
1995 2645
2492 2615
2087 2420
1976 2009
1987 2419
2104 2593
2035 2448
2212 2600
2549 2619
2220 2638
2081 2629
1926 2149
2404 2579
2150 2340
1962 2409
2272 2289
2039 2279
2233 2374
1928 2009
2068 2471
2021 2179
2200 2560
2072 2420
2446 2638
1941 2229
1975 2361
2176 2463
2251 2618
2236 2322
2139 2574
2069 2485
2267 2302
2082 2397
1994 2062
2287 2386
2309 2549
2520 2539
1925 1929
2308 2624
2083 2212
2589 2598
2253 2307
2108 2520
2037 2060
2226 2498
2020 2638
2115 2408
1943 2553
2331 2601
1953 2108
2072 2282
2176 2453
2046 2446
2000 2284
2118 2140
2161 2199
2418 2500
1912 2646
1979 2142
2030 2414
1963 2409
2111 2415
1971 2109
2131 2520
1975 2175
1935 1999
2047 2332
2336 2419
2124 2370
2063 2190
2268 2491
2118 2579
1958 2585
2521 2611
2506 2573
2347 2374
2468 2506
2394 2543
1912 2149
2145 2566
2132 2419
2313 2614
1465 2007
1939 2479
2253 2348
2233 2492
2276 2299
2504 2615
1718 2010
2147 2545
2404 2615
2309 2428
2224 2295
2048 2581
2347 2351
2274 2438
1718 2543
2308 2520
1912 2014
1985 2237
2507 2655
2157 2583
2578 2593
2142 2551
1945 2367
2196 2642
2308 2381
2009 2571
1959 2169
2187 2436
2469 2624
2153 2597
2045 2090
2084 2108
2188 2201
2123 2410
2384 2508
2289 2649
1998 2284
2404 2611
2030 2275
2363 2489
2007 2183
1985 2468
2561 2573
2151 2292
2387 2449
2007 2429
2434 2509
2343 2463
1986 2521
2019 2393
2053 2332
2112 2353
2046 2492
2346 2658
2123 2500
2039 2328
2098 2188
2605 2643
2024 2538
2156 2341
2229 2300
2078 2561
2144 2384
2200 2542
2187 2502
1926 2296
1912 2513
2500 2615
2179 2334
2095 2446
2212 2334
2233 2323
2004 2620
2121 2150
2212 2539
1991 2657
1946 2261
2308 2339
2072 2174
2030 2586
1984 2546
2045 2489
2139 2601
2047 2318
2059 2123
2491 2653
1916 2010
2179 2376
2241 2328
2124 2590
2123 2201
1983 2140
1938 2098
2142 2347
2383 2546
2062 2183
2329 2623
1917 2258
2095 2213
2099 2358
2043 2073
2250 2567
2282 2533
2090 2103
2348 2539
2052 2072
2395 2532
2077 2526
2282 2544
2324 2560
1998 2636
2035 2236
2122 2460
1929 2484
2276 2348
1912 1962
2074 2407
2430 2563
2033 2240
1577 2149
2092 2409
2317 2412
1996 2565
2047 2325
1975 2534
2118 2233
2064 2136
2468 2482
2088 2586
2117 2368
2333 2491
2189 2266
2560 2630
2278 2575
2172 2354
2134 2511
2215 2264
2187 2598
2313 2342
1972 2001
2500 2631
2023 2341
2122 2300
2118 2553
2053 2398
1912 2428
2407 2551
2223 2347
1912 2263
1973 2159
1959 2283
1993 2069
1912 2371
1947 2594
2374 2600
1993 2323
1951 1973
2127 2510
1941 1945
1984 2381
1923 2205
2532 2601
2139 2489
2029 2313
2110 2438
1963 2604
2458 2518
1993 2118
2348 2615
2354 2504
2093 2164
2561 2591
2020 2560
2340 2429
2033 2600
1993 2646
2386 2625
1931 2657
2081 2396
2478 2611
1577 2417
1939 2475
2084 2123
2200 2309
2095 2611
1946 2131
2278 2631
1986 2449
2378 2645
2199 2617
2526 2654
2433 2575
2123 2339
2102 2215
1946 2521
1941 2144
2097 2659
2150 2469
1954 2620
2046 2188
2389 2626
2078 2363
2023 2316
2068 2223
2352 2410
2482 2539
2150 2275
2198 2344
1945 2038
2189 2611
2336 2543
1951 2297
2504 2561
1988 2594
2553 2559
1962 2601
2346 2435
2229 2287
2032 2475
2068 2508
2090 2409
2187 2292
2368 2555
1936 2388
2132 2396
1964 2226
1947 2616
2137 2608
2095 2507
1980 1995
2451 2508
2053 2385
2331 2630
136 2461
1993 2139
2188 2623
2142 2363
2052 2292
2030 2563
2514 2588
1918 2142
1959 2194
1718 2117
1997 2030
1979 2560
2007 2414
2284 2459
2356 2631
2511 2512
2045 2122
2154 2460
1940 2133
2006 2658
1925 2624
1917 1983
2179 2216
2102 2189
2028 2475
2309 2561
1940 2289
2039 2267
2037 2216
1983 2190
2627 2657
1912 2261
2036 2211
2030 2104
2069 2619
2293 2468
1961 2128
2254 2385
1921 1980
2104 2179
2304 2511
1971 2536
1947 2101
2078 2093
2539 2623
1993 2410
2055 2324
2150 2290
2108 2542
2323 2423
2078 2109
1912 2289
2042 2653
2525 2557
2074 2495
2053 2555
1912 2197
2118 2429
2054 2203
2257 2604
2216 2460
2280 2283
1946 2520
2507 2560
1577 2616
2039 2053
2118 2172
1973 1995
2123 2492
2218 2553
1971 2324
2154 2573
2118 2410
1912 2035
2088 2593
2367 2406
2334 2543
1997 2574
2164 2630
2254 2289
2338 2468
2542 2546
2196 2325
2020 2190
2104 2212
2087 2325
2133 2256
2469 2615
2007 2117
2150 2619
1981 2333
2020 2083
2059 2142
2331 2495
2073 2308
2318 2525
2248 2534
1923 2185
2073 2468
1971 2500
2090 2433
2278 2374
2602 2619
2409 2418
2118 2266
2353 2370
2037 2090
1718 2028
2395 2526
2081 2293
2140 2184
2112 2433
2485 2564
2108 2150
1983 1993
2128 2203
2408 2586
2241 2508
2165 2579
2212 2410
1912 2170
2112 2414
2040 2098
1962 2347
1968 2171
2027 2202
1938 2348
2347 2533
2150 2561
2414 2446
2187 2241
2183 2592
2244 2477
1917 2542
2340 2623
1955 2338
2339 2381
2121 2374
2410 2507
2205 2211
2005 2190
136 2102
2069 2443
2087 2203
2139 2542
2283 2355
2546 2590
2216 2611
2028 2605
2161 2509
2347 2542
2042 2336
2287 2363
2121 2430
2077 2395
1917 2418
1959 2285
2048 2544
1945 1994
1912 1988
2154 2329
2350 2410
2038 2296
2477 2601
2165 2563
2072 2396
2037 2619
2384 2389
2040 2329
2132 2280
2030 2331
1944 2038
2037 2539
2172 2485
2426 2526
2174 2327
2201 2507
2028 2471
2197 2440
1971 2347
2125 2501
2190 2579
1912 2509
2059 2329
2110 2652
1966 2427
2086 2409
2352 2500
2072 2075
2200 2206
2289 2351
1994 2302
2290 2615
2271 2575
2180 2555
2144 2333
2147 2350
2103 2561
2011 2025
2077 2428
2416 2637
2033 2073
1912 2121
2064 2391
1948 2344
2308 2553
2134 2254
2052 2461
1577 1945
2213 2624
2085 2523
1960 2089
2408 2549
1955 2007
2188 2574
2127 2246
2002 2128
2098 2428
2011 2472
2257 2654
2386 2654
1912 2015
2042 2372
1932 2589
2108 2278
2037 2477
2164 2579
2119 2397
2116 2284
2098 2184
1917 2601
2399 2608
2370 2492
1965 2126
2347 2604
2030 2552
2142 2423
2253 2331
2107 2146
2111 2161
2077 2624
2233 2376
2054 2344
2254 2653
2061 2648
2047 2474
2086 2408
2206 2391
2370 2611
2280 2294
2115 2299
2135 2302
2218 2309
2073 2213
2024 2645
2134 2194
1945 2196
2165 2347
2235 2394
2069 2352
2059 2556
1988 2515
2053 2333
2021 2409
2340 2410
2140 2611
2561 2576
2359 2446
2276 2309
2088 2408
2121 2123
1984 2602
2093 2383
1465 2032
2334 2604
2244 2446
2323 2591
2132 2458
1985 2308
2482 2520
2061 2202
2115 2624
2091 2099
2229 2240
2464 2468
2134 2169
2141 2242
1918 2532
2046 2591
2467 2573
2085 2091
2028 2134
2054 2319
1997 2063
2331 2359
1941 2215
2174 2458
2172 2484
2074 2271
2352 2381
1965 2557
2278 2551
2196 2292
2028 2180
2054 2399
1941 2334
2053 2347
2436 2498
2083 2104
2330 2336
1920 2007
2261 2392
2325 2642
2451 2458
2440 2628
2190 2507
2005 2078
2096 2390
2077 2340
2185 2425
2005 2354
2221 2226
1945 2434
1989 2244
2428 2604
1985 2340
1929 2086
2095 2369
136 2180
2020 2271
1971 2340
2140 2370
2409 2489
1926 2153
2221 2235
1966 2356
2482 2543
1984 2020
2059 2611
2247 2496
1946 2408
2165 2369
2109 2655
2142 2607
2368 2582
1465 2508
2234 2404
2029 2242
2142 2392
1941 2090
2409 2615
2175 2286
1926 2347
2172 2352
2201 2586
1577 1959
2203 2267
2381 2591
2102 2475
2098 2492
1959 2599
2058 2478
2408 2414
2083 2323
2347 2372
1971 2123
2040 2172
2446 2615
2090 2625
2607 2623
2232 2566
2112 2615
2126 2371
2211 2419
1920 2385
2067 2430
2199 2417
2213 2290
2125 2279
2216 2564
1932 2279
1953 2055
1943 2084
2073 2370
2046 2586
1920 2398
2464 2556
2052 2187
2356 2408
2334 2339
1920 2151
2102 2285
1983 2460
2090 2631
2492 2543
1963 2140
2337 2639
2206 2593
1923 2047
2218 2623
2148 2509
2123 2504
2199 2283
1975 2119
1984 2095
2244 2386
2188 2556
2153 2250
2268 2419
2550 2553
2142 2300
2077 2123
2259 2594
2485 2654
2429 2546
1917 2504
1940 2180
2171 2494
2229 2257
2059 2655
2149 2385
2121 2504
2024 2447
2073 2244
2145 2612
2200 2240
2109 2331
2069 2607
2313 2618
2367 2612
2026 2153
2083 2290
2392 2619
1931 1954
1945 1954
1985 2347
2433 2615
2124 2573
2143 2336
2126 2455
2318 2557
2446 2573
2378 2417
2551 2619
2078 2556
1938 2150
2131 2353
1916 2007
2336 2347
1912 2618
2446 2477
2052 2151
2504 2553
1912 1943
2404 2492
2115 2477
2149 2461
1925 2069
1973 2660
2091 2411
2326 2630
2123 2543
1984 2290
1974 2368
1912 2480
2087 2328
2345 2406
2221 2415
2078 2467
2134 2191
2559 2623
2077 2356
2327 2649
2416 2603
2019 2526
2069 2573
2172 2539
2153 2302
2083 2467
2235 2598
2240 2539
2140 2520
1971 2005
2200 2408
1943 2045
2071 2351
2233 2350
1945 2292
2339 2601
2055 2404
1979 2190
1946 2507
2165 2468
2074 2539
2299 2370
2142 2590
2216 2578
2213 2220
2469 2655
2083 2630
1957 2435
2046 2495
2292 2616
2494 2648
2095 2615
2127 2508
2257 2586
2384 2491
2154 2549
2201 2551
2131 2374
2312 2529
1955 2328
2039 2268
2104 2190
1912 2160
2389 2610
2083 2611
1920 2461
2054 2138
2020 2040
2101 2327
1984 2309
2035 2049
2259 2635
1963 2506
2103 2140
2020 2625
2243 2458
1920 2420
1962 2462
2267 2617
2138 2533
2293 2302
2363 2469
2045 2477
2386 2655
2073 2409
2144 2401
2499 2524
2088 2331
2170 2486
2160 2313
2177 2252
2369 2623
2327 2603
2005 2586
2190 2559
2102 2283
2150 2624
2200 2575
1929 2638
2179 2359
2364 2648
2199 2594
2433 2625
2155 2221
2046 2410
1940 2343
2348 2428
2206 2408
2117 2555
2323 2467
2345 2394
2504 2578
2032 2196
2074 2460
2480 2540
2233 2630
1923 2328
2319 2653
2153 2292
1993 2370
2097 2538
2043 2391
2494 2647
2300 2350
2021 2030
2302 2330
2042 2328
2071 2458
2033 2112
2095 2276
2103 2210
2307 2574
2284 2633
2083 2093
2259 2280
2502 2582
1971 2356
1941 2283
2129 2587
2086 2253
2229 2492
2239 2480
2289 2510
2559 2604
2201 2477
2005 2124
2043 2356
2143 2198
2328 2372
2463 2475
1943 2290
2007 2533
2145 2502
1920 2194
2183 2215
1718 2198
1941 2347
1959 2302
2420 2468
136 1939
2306 2500
2154 2206
2092 2303
2398 2501
2047 2185
2140 2542
2129 2397
2179 2266
2053 2285
2150 2258
2131 2624
1975 2114
2086 2088
1912 2153
2052 2250
2081 2246
2184 2546
2148 2315
2203 2508
2039 2199
2387 2427
2138 2259
2003 2537
2028 2336
2308 2654
2151 2351
1918 2093
1986 2520
2060 2433
1947 2102
2294 2463
2607 2646
2002 2196
2467 2630
2068 2617
2200 2359
1984 2240
2468 2564
2199 2325
2011 2657
2183 2294
2033 2090
2317 2580
2109 2376
1718 2294
2309 2578
1983 2058
2187 2419
1982 2092
1972 2640
2154 2257
2469 2638
1983 2093
1928 1951
2131 2395
2052 2117
2477 2520
2356 2630
2246 2343
2127 2355
1997 2095
2123 2347
2077 2492
1993 2574
2201 2369
1985 2392
1939 2384
2104 2108
2395 2477
2339 2575
2301 2535
2398 2461
2088 2266
2218 2469
2071 2465
1948 2010
2212 2604
2078 2551
1935 2022
2299 2506
2331 2623
1953 2200
2294 2533
2549 2604
2007 2302
2077 2266
1987 2215
2254 2471
2060 2549
2264 2547
2500 2611
1912 1976
2054 2445
2138 2394
2220 2482
2004 2016
2090 2323
2575 2655
2140 2354
2414 2539
2006 2659
2135 2267
1929 2520
1923 2209
1912 2636
2134 2399
2326 2591
2091 2540
2537 2592
1912 2465
1917 2374
2331 2579
2075 2344
2206 2506
2526 2611
2103 2573
2047 2273
2222 2438
1943 2347
2124 2468
2289 2325
2267 2529
2149 2516
1998 2346
2078 2532
1971 2607
2396 2511
2190 2347
1940 2533
2190 2601
2153 2268
2077 2308
2222 2568
2071 2588
2247 2347
2353 2423
2467 2600
2064 2275
2172 2404
2387 2429
2323 2363
2445 2510
2336 2420
2336 2463
2122 2339
2246 2588
1985 2131
1912 2382
1931 2024
1994 2283
2189 2472
2266 2512
1999 2284
2188 2326
1935 1957
1962 2536
2026 2351
2234 2386
1465 2597
2007 2241
2282 2315
1966 2090
2086 2359
2088 2363
2308 2655
2521 2623
1718 2125
2056 2262
2348 2604
2250 2347
2579 2601
2169 2327
1912 2527
2074 2340
2095 2591
2104 2323
2261 2290
2103 2409
1966 1971
1912 2608
2264 2368
2447 2658
2240 2306
2333 2344
2087 2398
2180 2451
2416 2557
2304 2608
2395 2543
1927 2011
2123 2309
2129 2317
2029 2081
1966 2261
2090 2095
1918 2619
2086 2334
1920 2617
2020 2233
2433 2590
1577 2293
2460 2578
2101 2132
2465 2472
2121 2339
2023 2035
1966 2414
2127 2351
2229 2482
2187 2191
2153 2398
2533 2597
2383 2564
2108 2381
1912 2453
2206 2409
2410 2526
2052 2372
2061 2284
2285 2629
2067 2200
2150 2467
2073 2630
2078 2520
2428 2561
2560 2624
2379 2508
2071 2420
2287 2446
2092 2147
2098 2638
1975 2286
2139 2307
1941 2123
2068 2384
2069 2624
2129 2412
2138 2176
2339 2602
2098 2123
2074 2575
1465 2501
2160 2251
1913 2400
1978 2534
2172 2549
1932 2052
1968 2365
1928 1976
2387 2619
2468 2526
1959 2057
2125 2399
2377 2394
1926 2246
2042 2138
2091 2156
1938 2579
2233 2536
1917 2275
2464 2536
2255 2486
1966 2381
2010 2047
1923 1945
2521 2542
2492 2623
2201 2579
2095 2154
2045 2206
1919 2627
2253 2477
2144 2330
1997 2340
2111 2398
2190 2549
2062 2161
2346 2636
2300 2543
2386 2409
2364 2494
2433 2492
2226 2566
2132 2509
1465 2629
2331 2501
2095 2499
2088 2276
2083 2574
2143 2292
2032 2054
1953 2460
2627 2633
1935 2011
1577 2463
2554 2590
2179 2188
2101 2274
1926 2176
2155 2235
2234 2391
2047 2616
2194 2279
2506 2607
1983 2549
1953 2370
1986 2266
1925 1966
2374 2404
1931 1968
2075 2274
1941 2475
1978 2248
2423 2433
2210 2309
1998 2001
1954 2032
2202 2659
2073 2625
1718 2042
2377 2479
2043 2112
2129 2236
1994 2592
1979 2278
2329 2446
2109 2131
2131 2578
1917 2561
2240 2600
1929 2446
2055 2526
2063 2655
2333 2451
2408 2418
2289 2471
1986 1993
2189 2303
2153 2293
1927 2647
2059 2275
2374 2601
1912 2217
2340 2354
2309 2477
2326 2460
2057 2102
2259 2475
2220 2244
1925 2500
1942 2019
2435 2583
1925 2504
2073 2200
1929 2109
2060 2340
2241 2617
2152 2357
1917 2478
2133 2406
2026 2224
2039 2047
1997 2504
2220 2363
2268 2642
2374 2409
2059 2654
2240 2549
2208 2292
2422 2558
2007 2054
1925 2233
1988 1992
2045 2060
1919 2659
2062 2075
1920 2458
2536 2630
1948 2138
2032 2144
2191 2555
136 2451
2026 2191
2189 2512
2506 2579
2030 2551
1912 1987
1912 2606
2511 2616
1943 1986
2088 2093
1944 2029
2073 2139
2139 2210
2309 2446
2069 2206
1983 2124
1964 2322
2174 2384
2122 2139
1954 2377
1989 2253
2067 2084
2199 2547
1973 1980
2063 2485
1985 2121
2087 2598
2210 2240
2521 2600
2414 2563
1917 2363
2150 2606
2064 2482
2083 2386
2138 2305
1995 2006
2033 2654
2468 2489
2340 2549
2327 2451
1984 2045
2059 2140
1964 2236
2312 2400
1986 2043
2418 2477
2542 2578
2031 2138
2501 2568
2111 2203
1993 2526
2340 2433
2109 2139
2121 2307
2067 2428
2123 2593
2086 2564
2624 2625
2351 2420
2128 2250
2218 2554
2299 2492
2556 2602
2169 2187
2289 2333
2184 2395
2191 2336
1976 2337
2018 2636
2050 2171
2484 2586
2289 2362
2116 2389
2494 2639
1940 2026
2230 2313
2025 2346
2140 2164
1916 2273
2126 2577
2001 2645
2376 2579
2144 2599
2258 2356
2032 2224
2292 2509
2200 2271
2446 2464
2122 2340
2022 2192
2127 2279
2064 2261
2112 2504
1955 2264
2232 2445
2309 2507
2557 2637
2074 2619
2010 2224
2244 2299
2003 2221
2506 2611
2215 2530
2333 2472
1938 2359
2252 2294
2022 2050
1912 2392
2056 2478
1912 2321
1979 2290
1928 2538
2573 2611
2069 2189
2209 2425
1997 2561
2550 2604
2069 2201
1954 2224
2418 2654
2059 2418
2241 2594
2538 2640
2058 2063
2302 2351
2145 2642
2138 2283
2133 2508
1986 2084
2151 2294
1966 2020
2233 2240
2564 2615
2288 2345
2140 2561
2253 2489
2018 2284
2002 2026
2022 2097
2058 2154
2331 2410
2395 2492
1955 2509
2254 2512
2142 2606
2115 2638
2326 2604
2191 2264
2214 2288
2268 2555
1984 2184
1946 2638
1912 2366
2054 2081
2088 2340
2092 2234
2271 2469
2154 2339
1971 2549
2220 2539
2108 2550
2246 2475
2283 2516
1966 2266
2440 2577
2250 2273
2003 2235
2237 2561
2367 2379
2342 2402
1916 2283
2495 2543
1994 2384
1932 2533
2429 2590
2020 2348
2088 2307
2033 2108
2074 2601
1943 2213
2033 2253
1947 2355
1993 2064
2212 2625
2163 2183
2237 2334
2042 2543
2224 2451
2419 2598
2369 2546
2413 2459
1945 2194
1982 2134
2172 2550
1912 2185
2037 2654
2418 2564
2088 2115
1940 2328
1926 2333
2068 2071
2030 2124
2064 2624
2142 2275
2075 2081
1966 2601
2054 2302
2108 2410
2218 2308
2282 2377
2103 2237
2229 2428
1960 2440
2074 2600
2061 2225
2220 2307
2126 2160
2097 2447
2020 2623
2042 2649
2081 2087
2187 2347
2047 2226
2074 2275
2108 2655
2376 2551
1929 2045
2073 2307
1943 2037
2504 2638
2093 2352
2159 2346
2076 2255
1980 2583
1965 2325
1917 2140
2216 2586
2381 2655
2154 2359
1983 2506
2206 2573
2181 2405
2128 2304
2395 2590
2392 2410
2294 2608
2190 2395
2391 2625
2250 2511
2174 2223
2078 2381
2161 2603
2134 2336
1998 2171
2040 2464
2294 2384
2207 2320
2304 2399
2521 2543
2555 2649
2148 2372
2240 2407
2289 2448
2246 2509
2258 2478
2174 2239
2289 2463
2104 2500
2123 2334
2117 2153
2007 2010
2277 2373
2533 2643
2200 2414
1971 2655
2021 2560
2116 2660
2118 2409
2351 2598
2098 2423
2280 2594
2174 2372
2115 2526
2556 2575
2059 2109
2246 2518
2131 2619
2112 2551
2078 2115
2086 2428
2060 2271
2123 2600
2059 2602
2228 2361
2084 2374
1918 2600
2090 2275
1916 2176
2206 2359
2504 2590
2064 2395
2051 2126
2172 2552
2336 2368
2038 2211
2210 2551
2174 2336
1912 2484
2056 2147
2296 2345
1971 2504
2224 2436
2539 2607
1938 2536
2200 2611
2049 2628
2117 2242
2072 2292
2150 2532
1718 2325
2123 2354
1962 2554
2222 2617
2073 2655
2093 2561
2408 2543
2072 2169
2369 2539
1984 2561
2125 2223
2317 2342
2339 2363
2075 2451
1917 2172
1925 2506
2399 2598
2233 2287
2428 2429
1946 2093
2309 2469
2164 2593
2224 2336
2039 2153
1946 2334
1977 2566
2351 2567
2184 2556
2266 2521
2056 2363
2069 2575
2007 2491
2053 2491
2387 2393
2027 2538
2039 2176
2088 2564
2019 2092
2102 2459
2090 2564
2036 2345
2122 2477
2188 2359
1983 2237
2196 2215
2378 2538
1924 1988
2338 2547
2511 2597
2446 2484
2323 2630
2198 2502
1912 2064
2271 2625
2244 2619
1929 2229
2276 2586
1919 2006
1997 2043
2374 2586
2418 2507
2218 2560
1934 2373
2334 2429
2257 2607
2398 2468
1984 2482
2083 2218
2611 2638
2043 2278
2187 2333
2032 2508
2007 2102
2081 2643
2220 2563
2121 2369
1912 2021
2502 2543
1936 1978
2199 2643
1954 2338
1993 2309
2485 2500
2111 2438
2484 2578
2410 2482
2148 2643
2240 2638
2228 2411
2187 2496
2088 2354
2485 2601
2053 2472
1964 2642
2103 2348
2376 2561
2244 2520
1972 2006
2284 2494
2060 2206
1918 2467
2142 2240
2462 2551
2122 2646
2118 2414
2005 2374
2354 2410
2552 2619
1577 1994
2154 2654
2273 2463
2567 2616
2363 2418
2309 2353
2135 2138
1926 2419
2550 2624
1941 2338
2218 2339
2033 2520
1953 2123
1994 2332
2411 2497
2131 2561
2363 2414
2319 2419
2267 2592
2111 2582
1945 2616
2308 2489
2223 2555
2004 2626
1912 2452
2333 2394
2289 2296
2433 2624
1932 2347
2012 2378
2039 2169
2131 2468
2370 2590
2037 2136
2093 2495
2262 2350
2201 2492
1718 2643
2188 2210
1985 2300
1981 2458
2369 2600
1984 2308
1944 2133
2112 2549
1983 2630
2492 2586
2042 2268
2467 2556
1959 2232
1917 2046
2351 2461
2478 2564
2472 2592
2088 2600
2591 2638
2078 2121
1945 2289
1925 2611
2364 2435
2201 2574
2010 2199
2039 2183
2278 2306
1912 2116
2052 2199
2093 2560
2570 2587
2020 2278
2073 2201
2045 2468
2446 2625
2266 2476
2454 2478
2220 2347
2318 2362
2127 2153
1955 2053
2102 2589
2138 2196
1971 2329
2069 2244
1929 2630
2150 2179
2057 2208
1991 2157
2033 2532
2056 2352
2060 2428
2009 2013
2334 2374
1929 2462
1912 2461
1953 2631
1966 2060
2220 2323
2347 2559
2055 2302
2059 2549
1946 2210
2147 2575
1921 2143
2088 2391
2040 2574
2352 2607
2103 2469
2200 2370
2248 2503
1948 2007
2347 2462
2218 2446
1993 2550
2526 2553
2071 2555
2529 2530
2332 2385
2068 2180
1954 2509
1936 2023
2206 2213
1980 2365
2142 2398
1465 2385
1941 2489
1966 2005
1979 2206
2338 2372
2169 2196
2334 2520
2104 2278
136 2598
2007 2031
2359 2638
2276 2638
2278 2485
2139 2410
2220 2526
2073 2172
2235 2592
1985 2370
2579 2590
2030 2184
2090 2521
2125 2295
1940 1994
2430 2549
2283 2436
2493 2641
2004 2027
2600 2606
2030 2381
1979 2165
1994 2571
1954 2538
2343 2491
2072 2183
2176 2594
2133 2176
2031 2232
2172 2520
2359 2423
2088 2306
2257 2492
1920 2472
1920 2533
2552 2590
2043 2532
2087 2344
2331 2468
2109 2404
2111 2135
2334 2526
2020 2253
2074 2122
2056 2078
2123 2564
1577 2268
2353 2414
1947 2617
2069 2504
2619 2631
2131 2606
1948 2169
1917 2064
2224 2543
2206 2352
2188 2356
2063 2464
2395 2507
2033 2150
1979 2428
2299 2307
2485 2602
2037 2607
2084 2506
2123 2539
1920 2608
2198 2511
1962 2073
2300 2545
1938 2374
2090 2467
2081 2372
1918 1983
2080 2614
2054 2153
2282 2333
2593 2646
1912 2311
136 1998
2115 2376
1918 2165
2040 2112
2299 2395
1939 2394
2244 2575
2240 2477
1912 2112
2420 2555
2229 2578
1921 2297
2072 2438
2241 2598
1917 2086
2334 2464
1912 2006
2306 2348
2344 2390
1940 2555
1941 2053
1943 2593
2338 2555
2045 2142
2081 2128
1943 2504
2072 2243
2121 2553
2103 2410
2063 2423
2325 2406
2247 2518
2464 2615
2187 2246
2073 2506
2508 2597
2138 2223
2241 2516
1912 2323
2324 2521
2039 2498
2045 2395
1926 2223
2153 2496
1925 2625
2282 2294
1918 2140
1993 2150
2078 2240
2037 2220
2356 2615
1983 2631
2190 2381
2030 2266
2189 2436
2392 2607
2001 2018
2201 2299
2246 2510
2384 2510
1943 2619
2309 2414
2040 2147
1919 2202
2007 2151
2330 2417
2223 2254
2640 2658
1932 2649
1957 2097
1962 2046
2111 2344
2241 2555
2464 2549
1997 2601
2118 2600
2410 2553
2115 2240
1912 2660
2122 2253
2045 2201
1912 2102
1998 2116
2046 2220
2532 2630
2253 2257
2020 2188
2043 2549
1945 2148
2464 2467
2282 2344
1984 2040
2164 2433
2083 2410
2266 2443
1928 1995
1912 1989
1912 1956
2410 2631
2238 2562
2010 2283
2326 2348
2172 2348
1929 2573
2417 2571
2237 2324
1916 2002
2188 2275
2199 2603
2376 2552
2133 2272
2098 2507
2329 2546
2131 2539
2469 2611
1946 1966
2530 2567
1941 2563
2200 2257
2229 2553
2348 2414
2083 2347
2233 2460
2103 2477
1920 2153
2205 2232
1962 2210
2087 2508
2266 2549
2095 2395
2093 2353
2065 2530
1984 2542
2289 2608
2604 2607
2077 2623
2300 2631
2478 2576
2339 2489
1912 2052
2428 2646
1938 2237
2333 2461
2398 2589
2031 2557
2411 2412
2363 2539
2005 2638
2121 2188
2102 2292
2262 2387
2233 2482
2222 2243
2229 2290
2507 2575
2108 2299
1997 2033
136 2660
2131 2469
2115 2590
1465 2315
2331 2586
2000 2157
1941 2117
2578 2611
2356 2386
1923 2272
2384 2436
2398 2496
2229 2615
2026 2398
2108 2331
1985 2578
2131 2237
2074 2124
2138 2215
2055 2356
2030 2354
2384 2533
2198 2471
1920 2616
2293 2461
2126 2162
2118 2309
2087 2372
2294 2438
2150 2600
1951 2011
2201 2261
2328 2511
2268 2458
2374 2625
2180 2199
2139 2188
1914 2225
2395 2506
2072 2268
2188 2433
2073 2602
1983 2172
1980 2050
2111 2463
2095 2323
2020 2124
2154 2240
1912 2459
2206 2356
2124 2655
1912 2567
2232 2267
2093 2118
1577 2649
2108 2428
1920 2047
2534 2659
1959 2438
1912 2593
2302 2547
2118 2646
2161 2508
2414 2520
2212 2374
2339 2482
2245 2281
2206 2655
2121 2212
2208 2560
2199 2302
1976 2472
2055 2414
2072 2254
1918 2630
1577 2468
1965 2335
1966 2347
1995 2648
2161 2292
2187 2203
2338 2344
2391 2611
2171 2648
2165 2604
1966 2212
2449 2526
2104 2306
1945 2332
2575 2586
1925 1993
1938 2083
1941 2253
2268 2592
2047 2254
2221 2434
2063 2086
2069 2549
2313 2439
2324 2467
2040 2334
1983 2579
2353 2499
1917 2352
2356 2573
2245 2301
2104 2154
2333 2592
2533 2582
2423 2552
2339 2638
2582 2616
2324 2433
2489 2604
2038 2372
2499 2655
2047 2338
2392 2495
2102 2338
1912 2274
2363 2433
2429 2449
1929 2646
2218 2579
1972 2585
2436 2544
2033 2363
136 2157
2074 2104
1972 2128
2322 2656
2184 2381
2086 2363
1968 2378
2203 2328
1955 2224
2606 2638
2187 2463
1920 2319
2420 2629
2133 2224
2279 2582
1962 2083
1985 2602
2271 2363
2108 2323
2033 2037
2110 2384
2144 2174
2468 2611
2555 2589
2183 2282
2142 2323
1932 2125
2250 2617
1943 2478
2063 2482
2176 2582
2526 2623
2024 2660
2046 2615
1912 2365
2315 2555
2121 2376
2563 2615
2123 2376
2526 2551
2291 2406
2047 2609
1984 2539
2287 2607
1933 2360
2069 2560
2249 2332
2266 2271
2408 2430
2319 2400
2049 2313
1943 2271
2434 2537
2220 2507
2123 2216
2109 2574
1918 2123
2161 2649
2512 2560
1920 2038
2304 2617
2091 2659
2250 2502
1962 2550
1938 2482
2143 2620
2171 2645
2322 2566
2237 2369
2363 2404
2428 2563
1993 2276
2482 2564
1988 2259
2586 2655
2019 2334
2356 2433
2435 2647
2007 2289
2046 2607
2377 2463
2109 2275
2140 2615
2231 2474
2334 2369
1941 2169
2311 2326
2068 2643
2492 2552
2208 2229
1912 2379
1966 2069
2111 2199
1927 2297
2409 2654
2151 2180
2037 2340
1983 2290
2325 2416
2275 2574
2165 2600
2212 2532
2145 2366
1912 2507
2313 2322
2155 2425
1982 2349
2334 2492
2033 2489
2433 2551
1998 2583
1953 2573
1993 2347
2210 2423
2087 2594
136 2116
2369 2552
2078 2521
1912 2491
2045 2309
2323 2374
2282 2313
2233 2631
2112 2340
2354 2356
2107 2120
2026 2498
2211 2642
1941 2058
2131 2564
2090 2287
1985 2154
2052 2368
1941 2354
2020 2469
2526 2630
2211 2656
2564 2624
2101 2333
2376 2559
2189 2319
2471 2642
2045 2271
2056 2271
2012 2365
2246 2463
2032 2512
2165 2492
2315 2533
2104 2556
2073 2206
2127 2189
2209 2642
2477 2604
2032 2336
2210 2323
2061 2364
2153 2187
2068 2345
2206 2216
2096 2438
2240 2625
2086 2478
2122 2418
2407 2655
1912 2603
2006 2192
2150 2172
2338 2629
2030 2257
1971 2543
2182 2642
2477 2590
2131 2575
2153 2223
2566 2612
2025 2365
2199 2336
2469 2590
2229 2591
2196 2643
2244 2559
1912 2472
2081 2328
2081 2144
2121 2477
2142 2306
1918 2095
2386 2500
2180 2224
2409 2507
1997 2467
1918 2026
2446 2482
2526 2543
2387 2410
2040 2564
2043 2140
2087 2283
1983 2210
1926 2366
2073 2179
1925 2655
1912 2123
2338 2594
2081 2511
1962 2060
2233 2613
1972 2660
2150 2654
2506 2553
1912 2054
2309 2553
1966 2033
2134 2283
2088 2549
2212 2468
2063 2418
1718 2368
2532 2590
2180 2351
2063 2261
1941 2040
2057 2384
2266 2278
2033 2407
2345 2449
2180 2268
2282 2420
2233 2423
2121 2190
2046 2395
1959 2445
2123 2408
2087 2196
2201 2410
2530 2560
2090 2526
1972 2000
2072 2111
2606 2619
2081 2138
1984 2551
2142 2427
2087 2247
2602 2606
2069 2591
2078 2324
2471 2475
1986 2200
2471 2598
2179 2381
2007 2199
1960 2231
2299 2423
2034 2321
1958 2494
2040 2326
2277 2357
2374 2414
1912 2336
2471 2592
2300 2383
2020 2140
2134 2149
2179 2324
2302 2347
2128 2372
2339 2564
2052 2304
1932 2191
2300 2468
2103 2550
2327 2333
2123 2206
2063 2408
2198 2247
2240 2613
2180 2189
2500 2507
1577 2302
2124 2560
2294 2510
2398 2445
1917 2112
2103 2586
1918 1941
2212 2308
1918 2560
1953 2059
1984 2506
1987 2191
2061 2645
2391 2404
2055 2593
2083 2354
2045 2154
2087 2138
2117 2137
2122 2261
2117 2458
1917 2563
2460 2564
1917 2624
1966 2044
2532 2593
2194 2199
1971 2309
2069 2532
2257 2278
2047 2065
2563 2600
1983 2300
1922 2412
1948 2597
2150 2556
2290 2334
2104 2233
2180 2332
2007 2509
2328 2344
2392 2509
2047 2315
2032 2039
2009 2459
2415 2501
2386 2430
2554 2654
2300 2446
1926 2463
2088 2271
2271 2624
2058 2206
1948 2463
2085 2322
2203 2223
2284 2657
2064 2500
2292 2598
1970 2153
2037 2258
2210 2600
2077 2220
2326 2485
2007 2598
2464 2539
2271 2381
2139 2550
2140 2574
2374 2593
2491 2510
2392 2507
2334 2564
2124 2549
2045 2575
1994 2351
2102 2239
2266 2553
1940 2330
1980 2061
2289 2642
1914 2585
2054 2327
2053 2203
2215 2508
2002 2267
2127 2176
2311 2446
2187 2189
2526 2615
1945 2516
2266 2469
2078 2386
2434 2501
1946 2469
2237 2556
2140 2623
2430 2469
2055 2278
2081 2302
2507 2539
2115 2602
2289 2416
2007 2399
1951 1976
1943 2078
2213 2352
2600 2638
136 2004
2381 2386
2050 2640
2289 2377
2292 2465
2266 2407
2271 2554
2438 2603
2556 2579
2161 2222
2408 2482
1993 2489
2068 2183
2064 2112
2067 2334
2229 2324
2193 2397
2009 2660
2164 2278
2206 2404
2140 2423
2140 2543
2254 2398
2319 2328
2059 2539
1918 2309
2216 2404
2118 2131
2282 2302
1944 2209
1916 2128
2328 2384
2088 2356
2500 2520
2121 2253
2282 2510
2244 2433
2355 2594
1944 2325
2344 2432
2087 2510
2366 2642
1983 2046
2038 2612
2123 2381
1912 2127
2007 2234
2289 2543
2140 2484
2111 2491
2138 2174
1939 2052
1943 2370
2127 2543
2090 2410
2309 2605
2292 2420
1966 2206
1917 2370
2361 2618
1926 2555
2026 2239
2002 2475
2071 2623
1918 2495
2124 2467
2037 2121
1920 2250
2171 2636
2040 2331
2376 2546
2123 2404
1971 2276
2386 2395
2504 2607
1946 2124
2172 2507
2032 2246
2142 2484
2150 2546
2607 2611
2286 2314
2395 2615
2002 2250
2294 2344
2190 2560
2027 2435
2293 2543
2345 2379
2244 2550
1981 2101
2331 2561
2043 2590
1994 2028
2333 2597
2184 2324
2098 2561
2077 2218
2233 2244
1925 2123
2118 2326
2150 2257
1986 2078
2154 2165
2059 2363
1961 2281
2211 2473
1997 2309
2392 2460
1938 2395
2216 2369
2261 2359
1941 2355
2292 2642
2132 2510
1927 2006
2283 2458
1939 2222
1465 2180
1718 1916
2451 2608
2224 2616
2319 2394
1912 2506
2271 2586
1914 1935
1925 2376
2039 2372
2103 2395
2125 2642
2257 2376
2434 2603
2363 2630
1932 2032
2086 2131
2133 2282
2200 2563
2323 2446
2067 2507
2190 2237
1925 2200
2071 2183
2030 2543
2142 2611
1912 2572
2266 2575
2150 2299
2133 2203
2140 2329
2462 2600
1962 2430
2090 2464
2120 2156
2308 2484
1962 2074
2093 2602
2201 2539
1932 2597
2045 2121
2000 2472
2074 2140
1954 2640
2484 2611
1948 2087
136 2038
1932 2643
2064 2590
2200 2654
1984 2220
1997 2122
1945 2169
1927 2022
2131 2482
2520 2579
2233 2606
1963 2340
2267 2293
2469 2549
2060 2088
1912 1996
2076 2170
2134 2588
2432 2509
2606 2625
2121 2521
2188 2253
2117 2567
2190 2418
2218 2261
2108 2615
2078 2546
2063 2142
2006 2636
2218 2601
2085 2197
2176 2512
2136 2504
2150 2495
2226 2612
2500 2504
2555 2597
1984 2088
2059 2625
2233 2574
1914 2116
2394 2547
2098 2323
2007 2063
1932 2199
2237 2410
1947 2368
2218 2233
2071 2285
1912 2141
2210 2266
2253 2624
2436 2463
2012 2494
2210 2326
2408 2578
2398 2642
2122 2619
2271 2374
2600 2602
2064 2615
2040 2253
1938 2607
2016 2116
2331 2430
2162 2540
2330 2510
2087 2273
1917 1918
1987 2510
2148 2338
2060 2324
2324 2409
2377 2598
136 2458
1939 2518
1984 2104
2000 2435
2190 2574
2043 2121
2072 2189
1978 2503
2037 2526
1912 2008
2071 2511
1938 2154
2005 2201
1983 2512
2007 2629
1912 2062
2468 2533
2003 2453
1955 2463
2047 2314
2177 2451
1966 2059
2369 2482
2068 2187
1932 2516
1918 2340
1946 2058
2007 2384
2554 2607
2184 2278
2192 2447
2171 2639
2053 2629
2060 2200
2384 2420
2118 2586
2313 2431
2039 2071
2070 2260
2374 2464
2419 2557
2081 2496
2090 2271
2475 2555
2467 2601
2306 2549
1943 2112
2179 2485
2109 2184
2132 2598
2433 2559
2469 2482
1925 2395
2253 2339
1985 2451
1951 1998
1920 2187
2216 2253
2215 2629
2040 2363
2419 2491
2045 2188
2543 2588
2189 2582
2462 2506
2184 2552
1979 2266
2173 2314
2229 2370
1983 2615
2510 2629
2057 2111
1917 2590
1986 2354
2114 2160
2350 2615
2102 2471
2165 2266
1983 2088
2619 2638
1465 2135
2139 2504
2170 2466
2063 2429
2495 2579
1938 2573
1926 2345
1913 2116
2221 2384
2266 2386
2021 2526
2029 2199
2053 2344
2240 2354
1981 2617
2036 2047
1912 2135
1577 2039
1912 2183
1948 2543
2231 2322
2244 2374
2138 2153
2112 2404
2032 2519
2428 2554
2387 2602
2169 2512
1947 2243
2309 2552
1964 2256
2468 2561
2133 2198
2367 2608
2153 2385
2194 2327
1968 2633
1997 2324
2520 2590
1465 2491
2303 2393
1971 2124
1923 2289
2103 2591
2140 2165
2143 2471
2037 2369
1947 2280
2564 2578
2507 2561
2107 2227
2264 2417
2278 2564
1916 2241
1971 2600
2144 2336
1945 2445
1947 2510
2142 2331
2276 2624
1927 2159
2139 2278
2564 2625
2502 2643
2010 2419
2392 2602
2132 2491
2001 2447
2188 2573
1984 2218
2526 2604
2578 2586
2207 2393
2264 2473
1941 2271
2032 2047
2244 2347
2372 2510
2348 2600
2037 2504
1929 2392
2150 2646
2063 2586
2135 2544
1985 2407
2191 2649
2069 2154
2394 2594
1983 2218
2352 2359
2331 2504
2240 2423
2093 2306
1946 2074
2095 2299
2332 2649
2324 2539
2396 2592
2112 2139
2005 2340
2084 2131
2078 2574
1943 2446
1958 2022
2278 2329
1912 2155
2108 2370
2095 2468
2125 2351
2020 2579
1963 2655
2193 2497
2087 2153
2451 2537
2253 2386
2078 2590
1930 2035
2150 2253
2142 2226
1983 1989
1984 2348
2161 2511
2046 2630
2329 2536
1987 2223
1939 2415
2327 2338
2084 2551
1919 1921
2123 2433
2174 2434
1913 2531
2153 2629
1988 2490
2093 2404
2324 2462
2236 2440
2159 2627
2559 2563
2098 2271
1972 2435
2103 2630
2194 2325
2221 2652
2010 2498
1465 1577
2020 2200
1927 2620
1912 2628
1945 2643
2223 2510
2107 2126
2026 2247
2436 2589
1979 2121
1953 2257
2283 2582
1946 2623
1993 2184
2302 2502
2244 2354
1951 2447
1935 2000
2623 2624
2137 2468
2133 2231
1912 2100
2268 2512
2043 2504
2433 2560
2331 2423
2069 2172
2183 2594
2172 2542
2048 2292
2040 2164
2030 2078
2525 2540
2150 2408
2279 2368
1923 2141
2125 2183
2309 2484
2095 2340
2468 2510
2118 2507
2077 2546
2124 2478
2172 2307
2093 2507
2394 2445
1997 2201
2364 2538
2133 2294
2123 2551
2109 2121
2084 2353
1929 2220
1929 2033
2229 2340
1929 1966
2148 2635
2337 2583
1991 2004
2338 2533
2282 2617
2372 2385
2275 2433
2111 2501
2347 2567
1979 2546
2331 2615
2516 2555
136 2292
136 2653
2176 2592
2499 2520
2385 2530
2149 2268
2542 2552
1912 2101
2347 2410
2229 2560
2512 2576
2147 2604
2055 2142
2087 2169
2043 2484
2190 2278
1912 2582
1918 2326
1577 2283
2243 2518
2123 2560
2011 2192
2112 2123
2290 2654
1983 2619
2074 2492
2222 2226
2228 2397
2206 2613
2504 2631
2482 2625
2138 2338
2356 2409
2064 2329
2233 2257
1946 2244
2112 2218
2037 2261
2090 2484
2271 2423
2235 2501
1946 2139
1985 2384
2296 2566
2088 2348
136 2475
2203 2400
2122 2409
2577 2587
2276 2339
2081 2510
2482 2593
2002 2582
1962 1993
2083 2220
1917 1985
2150 2370
1947 2087
2088 2631
136 2583
2460 2623
2433 2607
2040 2206
1938 2549
2214 2291
1938 2329
2409 2549
2030 2539
1919 2645
2132 2642
2164 2561
2261 2381
2024 2636
2419 2436
1940 1945
2275 2363
2326 2575
2142 2552
2124 2409
2121 2266
2275 2460
2103 2104
2354 2369
2275 2404
2037 2550
2054 2062
2118 2179
1942 2499
2034 2156
2384 2498
2098 2206
2410 2423
1577 2643
2030 2109
2172 2546
2347 2404
1465 2399
1718 2071
1986 2150
1947 2264
2209 2283
2283 2358
1991 2018
2068 2398
2033 2055
1961 2535
2492 2624
2047 2134
2132 2198
2072 2198
2257 2271
2069 2370
2093 2244
1943 2060
2054 2451
2093 2654
2133 2475
2122 2414
2010 2325
2161 2367
2278 2464
2109 2485
2055 2559
1912 2240
136 2547
2213 2638
2290 2381
2376 2600
1972 1976
1577 2394
1912 2280
2075 2132
2122 2607
2328 2394
2132 2333
2259 2345
2404 2539
2019 2058
2336 2372
2604 2619
2056 2507
2583 2659
2154 2611
1925 2495
2174 2176
2118 2446
2139 2611
2001 2192
2344 2434
2602 2631
1912 2396
2561 2638
2179 2414
2092 2206
2030 2590
2384 2413
2176 2224
2244 2334
2331 2433
2183 2555
1971 2550
2309 2560
1986 2309
2268 2471
2084 2326
1919 1935
2225 2472
1577 1718
1912 2517
2266 2300
2128 2302
2062 2438
1912 2439
2200 2507
2257 2418
2172 2467
2278 2615
2142 2575
2062 2542
1946 1997
1941 2398
2069 2258
1936 1990
1932 2332
1929 2275
2276 2654
1954 2116
2030 2233
2211 2296
1968 2202
1919 1927
1980 2585
2111 2343
1919 2365
1971 2552
2007 2038
2122 2184
2529 2610
1947 2222
2046 2500
1942 2443
2398 2629
2149 2617
1984 2550
2090 2619
2510 2533
1931 1998
2404 2564
2115 2244
2318 2325
2064 2407
2220 2602
2283 2319
2509 2544
2153 2475
2150 2324
2121 2549
1999 2459
1949 2173
2111 2502
2515 2545
2093 2553
1946 2356
2492 2506
2332 2384
2330 2588
2153 2174
2109 2462
2125 2333
2056 2615
2001 2025
1912 2355
2122 2123
2030 2460
1925 2560
1932 1948
2104 2600
2061 2657
2098 2118
2507 2552
2278 2544
2150 2464
2143 2153
2128 2598
2425 2498
2029 2117
2319 2471
2011 2658
1997 2108
1953 2046
2111 2510
1955 2384
2414 2606
1917 2550
2214 2302
2037 2123
2532 2624
2333 2543
2216 2604
2375 2558
2374 2428
2395 2619
2394 2491
2278 2520
2081 2161
1993 2619
1945 2635
2078 2136
1945 2451
2118 2551
2507 2543
2223 2417
2460 2559
2322 2366
1912 2616
2278 2553
2381 2526
2026 2526
2032 2351
2160 2238
2188 2546
2059 2098
2131 2574
2037 2104
2151 2224
1951 1958
2128 2328
2520 2611
2003 2132
1991 2627
2072 2223
2347 2586
2240 2381
2224 2273
1971 2593
1941 2028
2283 2461
2526 2655
1938 1985
1947 2151
2276 2553
1920 2582
2257 2429
2229 2374
2368 2519
2446 2600
2339 2506
2398 2592
2093 2308
2407 2564
2069 2631
2125 2419
2153 2461
2329 2611
1945 2135
2434 2511
2244 2551
2308 2467
1577 2267
2574 2630
2575 2600
2047 2231
2068 2249
1995 2660
2510 2598
2045 2093
2428 2613
1920 2508
2058 2607
2298 2582
2323 2414
2593 2611
2095 2309
1912 2005
2088 2469
2071 2151
2436 2510
1980 2025
1939 2054
1962 2037
1577 2052
2136 2638
2153 2582
2414 2430
2241 2582
2376 2500
2356 2507
2436 2511
2045 2591
1972 2202
2329 2551
2328 2603
2007 2052
1912 2087
2086 2184
2203 2445
1959 2533
2374 2630
2279 2555
2268 2372
1985 2306
2040 2543
1923 2491
2290 2331
2115 2552
2292 2472
2469 2492
2131 2376
2069 2543
2395 2549
2183 2461
1943 2484
1925 2551
2194 2332
2379 2594
2240 2536
1984 1993
1926 2302
1995 2025
2047 2242
1925 2423
1962 2103
2449 2623
1718 1932
2242 2325
2290 2561
2285 2597
2266 2353
1987 2087
2183 2351
2033 2543
2064 2206
2184 2430
2054 2629
1991 2538
2154 2602
2510 2653
2115 2404
1577 2273
1918 2551
2003 2479
2135 2436
1931 2364
2084 2290
2111 2652
1966 2563
2328 2399
2615 2631
2258 2428
1993 2340
2593 2624
2275 2386
2118 2590
2218 2549
2083 2495
2331 2604
2246 2555
2395 2611
2037 2290
2266 2331
2464 2602
2017 2321
2123 2526
1966 2164
2646 2654
2059 2306
2090 2560
1986 2363
1971 2654
2381 2414
2460 2507
1966 2423
1966 2655
2563 2638
2325 2366
2369 2591
1966 2095
2081 2148
2145 2296
2191 2609
2046 2212
1959 2451
1912 2621
2290 2409
2083 2655
1993 2299
1465 2183
2084 2309
1971 2646
1969 2087
2142 2261
2218 2550
2028 2294
1918 2591
2331 2574
2139 2604
1912 2089
2369 2489
2115 2350
2586 2630
2486 2513
2282 2588
2045 2563
2324 2469
2302 2463
2501 2603
2040 2560
2331 2485
1918 2578
2189 2285
2555 2653
1932 1945
2309 2499
2144 2463
2073 2554
2135 2555
2285 2294
2085 2265
2196 2567
1912 2514
2283 2643
1921 2472
1465 1920
2010 2196
2103 2593
2279 2629
2009 2538
2275 2374
2078 2190
2246 2294
2436 2649
1951 2001
2059 2469
2169 2472
2220 2381
1939 2652
2334 2578
2077 2549
2092 2584
2216 2477
2183 2347
2280 2384
2186 2367
2032 2319
1963 2240
2395 2504
2161 2282
1926 2396
1966 2536
2289 2508
1965 2049
1913 2529
2095 2370
2342 2644
2307 2504
2046 2460
1946 2654
2054 2280
2250 2399
2084 2098
2257 2353
2118 2229
2095 2601
2118 2460
2084 2482
2598 2635
2224 2268
2438 2643
2500 2602
1946 1962
2078 2150
2430 2607
2430 2560
2045 2556
2039 2187
2131 2339
2174 2588
1979 2046
1918 2244
2233 2526
1959 2187
2378 2494
1985 2220
2615 2646
2275 2395
2007 2174
2216 2492
2109 2619
2107 2562
1577 2247
2206 2392
2451 2511
2190 2201
2046 2423
2095 2495
1938 2216
2323 2477
2042 2642
1966 2326
1917 2485
2124 2408
2086 2578
2151 2319
2101 2603
2047 2420
2123 2464
2554 2624
2347 2521
1918 2573
2429 2492
2309 2590
2447 2648
2142 2278
2278 2533
1966 2484
1938 2073
2275 2560
2224 2420
2026 2183
2122 2326
1959 2598
2270 2642
2289 2425
2028 2032
2602 2655
2086 2430
1926 2537
2325 2452
1718 2246
2111 2537
2121 2559
2259 2268
2328 2336
2169 2471
2074 2090
2393 2449
2143 2315
2030 2564
2394 2438
2536 2574
1972 2494
1970 2652
2116 2378
2266 2433
2056 2579
2145 2473
2235 2288
2124 2326
1962 2059
1993 2604
2011 2494
2006 2116
1950 2626
2266 2578
2077 2600
2180 2543
2153 2598
2175 2176
2045 2593
2183 2279
2183 2332
2334 2469
2123 2549
1953 2086
2110 2142
2064 2575
1952 1970
2054 2603
2003 2101
2469 2560
2309 2554
2069 2308
2122 2271
2084 2112
2600 2646
2115 2600
1577 2294
2200 2428
2279 2338
2040 2308
2005 2489
2368 2649
2218 2573
2128 2143
1971 2485
1917 2532
1912 2175
2103 2184
2084 2139
2620 2633
2206 2237
2123 2409
2257 2386
1981 2537
2103 2376
2289 2291
2304 2438
1979 2369
1981 2336
2179 2308
2153 2351
2315 2332
2419 2629
2211 2214
2037 2278
2206 2553
2030 2118
2199 2282
2133 2187
2078 2624
2224 2330
2066 2517
2071 2250
1962 2460
2020 2073
2294 2598
2010 2461
2147 2404
1953 2638
1912 1974
1939 1947
2462 2482
2619 2624
1912 2154
2246 2471
2506 2600
1962 2477
2201 2323
2084 2460
2121 2352
2150 2586
1962 2098
1926 2509
1920 2028
2447 2647
2138 2239
2071 2338
1989 2499
2275 2619
2174 2289
2287 2485
2409 2521
2081 2547
2633 2647
2154 2184
2036 2612
2084 2552
2087 2475
2118 2563
2063 2218
1912 2043
2035 2126
1961 2487
2009 2018
2337 2645
2225 2639
1918 2030
1917 2638
2387 2526
2216 2539
2001 2006
1986 2340
2233 2560
2112 2499
2432 2486
1917 2409
2306 2381
2201 2495
2110 2511
1577 2419
2052 2125
2028 2176
2104 2485
2369 2408
2020 2600
2054 2132
1912 2455
2236 2361
2201 2326
1954 2472
1973 2627
2056 2206
2053 2247
2198 2642
2133 2436
1912 2247
2111 2249
1912 2607
2468 2492
2026 2336
1989 2573
2213 2521
2246 2438
2331 2354
1963 2369
2088 2655
2146 2371
2075 2221
2063 2507
2328 2652
2020 2123
2172 2593
2088 2287
2225 2645
2047 2215
2043 2654
1983 2429
2448 2562
1948 2134
2236 2342
2134 2598
2561 2579
2047 2149
2201 2266
2090 2586
2139 2484
1938 2108
1980 2009
2078 2623
2170 2320
2115 2271
2117 2149
2218 2370
2020 2604
2149 2283
2140 2602
1989 2460
2257 2326
2095 2520
2006 2159
2014 2284
2047 2175
1966 2404
2073 2489
2347 2623
1912 2471
2083 2553
2001 2620
2116 2648
1991 2494
2250 2543
2218 2500
2299 2323
2144 2268
1992 2444
2332 2475
1577 2223
1948 2472
2005 2030
2394 2649
2293 2338
2154 2220
1946 2551
2084 2140
2047 2328
2344 2582
1990 2314
1979 2506
2546 2615
2206 2504
2550 2615
1968 2640
2226 2434
2173 2540
2365 2639
2093 2526
2233 2428
1918 2104
2115 2220
1997 2560
2140 2216
2506 2601
2336 2616
2206 2492
1926 2451
2043 2430
2153 2264
1912 2481
1959 2510
2036 2288
2028 2609
2218 2414
1979 2353
2095 2165
1941 2108
2131 2359
2161 2243
2069 2611
2011 2459
2315 2465
1942 2631
2399 2471
2093 2625
2190 2467
2308 2554
2104 2418
2154 2409
2090 2348
2201 2550
2182 2480
1964 2081
136 2636
2277 2488
2108 2418
2075 2603
2011 2660
2394 2603
1970 2452
2149 2293
2084 2369
2187 2491
2056 2266
2283 2616
2543 2625
2073 2646
2133 2169
2086 2600
1997 2354
2038 2384
2047 2344
2164 2468
2407 2556
2072 2289
2127 2398
2070 2236
2040 2467
1577 2343
2520 2526
1964 2289
2398 2649
2201 2271
1913 2203
2133 2416
2309 2352
2326 2623
2218 2600
2409 2551
2220 2414
2086 2593
2164 2615
2244 2591
2216 2559
2216 2374
2329 2590
1962 2093
2585 2626
2372 2567
2319 2496
2494 2538
2445 2526
1959 2102
1938 2363
2477 2495
2289 2292
2212 2615
1465 2149
2101 2458
2045 2370
2084 2387
2040 2604
2188 2300
2356 2593
2164 2165
2063 2216
2381 2578
1920 2328
2187 2351
2266 2489
2007 2147
2133 2138
2302 2468
1951 1957
2030 2549
2091 2162
2299 2331
2142 2216
1979 2554
1935 2346
2005 2428
2232 2635
2461 2588
2243 2438
1985 2188
2282 2567
2416 2425
2229 2438
1577 2042
2039 2475
1986 2615
1988 2466
2064 2404
2282 2338
2295 2516
2294 2511
2191 2194
2374 2532
2139 2433
2135 2347
2078 2275
1986 2233
2104 2381
2005 2602
2085 2366
1962 2354
2438 2543
1986 2607
1973 1999
2404 2553
2275 2307
1947 2436
2538 2620
2410 2430
2023 2412
1912 2357
2039 2148
2127 2250
2176 2637
2200 2233
2202 2636
2257 2414
2047 2128
2030 2433
1979 2331
2148 2351
1919 2620
2180 2589
2216 2482
2026 2138
2240 2258
2319 2384
2471 2537
2020 2172
2124 2630
1970 2605
2197 2361
2030 2370
2123 2387
2386 2631
1985 2356
2043 2339
2226 2366
2020 2370
2037 2064
2218 2276
2190 2433
1921 1935
2354 2428
2174 2653
1916 2544
2102 2567
2088 2410
2359 2591
2306 2646
2060 2078
2049 2397
2414 2500
2340 2564
2509 2597
1970 2226
2122 2507
1577 2598
2229 2549
2083 2418
2073 2546
2188 2423
2347 2472
2078 2184
1946 2543
2230 2283
2354 2478
2232 2491
1966 2561
1912 2094
1993 2339
1918 2005
2184 2363
2336 2434
2266 2354
2356 2559
2046 2200
1979 1985
2401 2515
2059 2410
2124 2542
2043 2323
2083 2165
2313 2656
1954 2292
2253 2536
2334 2356
2266 2329
2087 2294
2254 2463
2047 2250
2299 2601
2181 2412
2140 2201
2075 2243
2315 2372
1997 2005
2463 2516
2028 2289
2407 2504
1947 2501
2246 2377
2074 2428
2098 2499
2132 2592
1971 2140
2275 2381
2235 2280
2408 2477
2297 2435
2145 2146
2068 2268
2130 2659
1938 2624
1948 2279
2412 2424
2423 2574
2128 2283
2023 2197
2085 2107
2057 2292
2121 2329
2331 2532
1966 2586
2027 2636
2313 2375
2489 2600
2590 2630
2326 2600
2579 2611
2035 2091
2617 2649
1962 2551
2059 2339
2144 2289
1917 2507
2093 2492
2280 2451
2520 2564
2053 2461
2010 2516
2206 2631
1954 2125
2578 2615
2477 2575
2226 2510
2039 2653
2590 2613
2299 2484
1918 2539
2257 2553
2140 2309
2210 2567
2064 2201
2551 2559
2078 2139
2433 2464
2008 2232
2190 2423
1920 2279
2078 2257
2311 2625
2586 2623
1985 2574
2081 2509
1973 2004
2348 2506
2268 2649
2103 2655
2148 2279
2160 2260
2478 2561
2374 2446
2507 2578
2103 2560
2002 2247
2078 2299
2062 2333
2040 2526
2043 2410
2088 2164
2033 2348
2327 2351
1946 2433
2074 2564
2142 2631
1946 2369
2064 2381
2005 2543
2306 2504
1942 2556
1960 2405
2150 2278
2384 2417
1983 2147
1984 2055
1993 2045
2228 2628
2121 2464
1970 2151
2007 2133
2142 2499
2354 2376
2117 2183
2257 2576
2005 2046
2010 2377
2083 2631
2304 2396
2132 2415
2491 2536
1917 2098
2112 2553
1943 2340
2084 2606
2214 2228
1929 2428
2199 2332
2196 2319
2020 2464
2404 2433
2069 2551
1970 2062
2331 2409
1986 2275
2002 2268
2033 2573
2351 2398
2040 2213
2229 2611
2235 2461
2292 2533
2307 2586
2311 2324
2439 2528
2117 2434
2102 2491
2461 2471
2478 2543
2081 2438
2323 2574
1935 1980
2155 2289
2030 2485
2056 2393
2381 2559
2154 2307
2271 2329
2333 2508
1985 2601
2187 2336
1932 2148
2386 2586
2161 2451
1920 2081
2158 2488
2111 2194
1935 2192
2233 2619
2165 2543
1987 2199
2081 2254
2376 2418
2087 2289
2047 2126
1917 2623
2290 2307
1932 2039
2111 2189
2081 2589
1921 2659
2135 2502
2485 2624
2425 2525
2118 2468
1973 2583
1991 2027
2446 2507
2210 2579
2096 2243
2144 2319
1927 2202
2361 2644
2594 2617
2099 2283
2192 2659
2268 2364
2148 2530
2078 2526
2045 2551
2220 2631
2218 2492
2109 2625
2131 2326
2075 2390
2543 2642
2201 2563
2103 2428
1962 2104
2244 2655
1938 2275
1993 2409
2129 2628
2340 2383
2124 2131
2275 2554
2118 2559
2033 2060
2308 2556
2447 2640
2052 2629
2136 2275
2019 2476
2218 2563
2347 2607
2139 2140
2090 2112
2279 2351
2226 2581
2115 2462
2172 2407
2122 2492
2585 2648
2272 2318
2169 2398
2164 2563
2025 2202
2333 2465
1943 2074
2187 2294
2143 2289
2304 2475
1927 1972
2296 2379
2471 2498
2236 2405
2554 2600
2221 2328
2009 2024
2601 2611
2247 2610
2056 2233
2133 2474
2005 2216
2088 2460
2131 2220
2340 2607
1938 2109
2327 2509
2458 2543
1986 2059
2398 2511
2040 2299
2396 2473
2415 2511
2253 2329
2103 2520
2043 2630
1976 2022
2319 2344
2425 2557
2392 2575
2102 2417
2381 2391
2235 2617
2028 2149
2346 2626
2059 2553
2139 2646
2436 2616
1975 2474
2214 2256
2140 2446
2093 2287
2309 2464
2303 2391
2268 2445
2499 2560
1979 2069
1718 2509
2309 2654
2395 2579
2129 2402
2112 2586
1945 2465
2020 2093
2532 2552
1938 2331
2347 2615
2084 2354
2218 2356
2108 2348
2324 2543
2271 2324
2323 2504
1995 2159
1929 2118
1971 1984
2127 2144
2306 2460
2131 2139
1944 2141
2215 2239
2072 2594
1945 2283
1946 2311
2118 2408
2313 2581
2381 2607
2267 2351
2352 2553
2047 2327
1926 1970
2123 2414
2002 2419
2283 2555
2102 2610
2176 2343
2440 2618
2118 2381
2138 2592
1994 2372
2261 2542
2026 2555
2253 2308
1577 2298
1971 2573
2363 2543
2101 2344
2108 2543
2404 2526
2309 2348
2329 2613
2478 2560
2086 2551
2328 2463
1953 2210
2247 2384
1979 2098
1993 2369
2352 2504
2241 2451
1965 2474
1993 2190
2070 2644
2021 2233
2123 2391
2319 2498
2115 2266
1971 2563
2071 2510
2142 2546
2064 2350
2083 2408
2202 2633
2077 2408
1918 2056
1998 2585
2217 2448
2290 2359
1940 2333
2142 2336
1928 2417
2108 2414
2111 2419
2176 2310
2073 2460
2238 2251
2233 2654
2414 2575
2123 2418
2086 2638
2187 2617
2122 2201
1993 2392
2102 2176
1962 2033
2433 2586
1964 2292
1985 2579
2149 2343
2218 2433
2084 2275
2261 2507
2560 2586
1923 2318
1912 2049
2384 2544
1985 2189
2221 2350
2056 2576
2233 2624
2131 2340
1947 2283
2074 2109
2203 2343
2327 2438
2384 2502
2086 2370
2073 2348
2333 2432
1912 1953
2196 2417
1929 2150
1912 2487
1916 2032
2363 2578
2337 2447
2059 2590
1935 1951
1963 2093
1920 2502
2018 2116
1929 1993
2032 2134
2108 2467
2045 2631
2164 2575
2332 2567
2187 2588
2108 2404
2024 2378
2194 2241
2115 2142
2188 2386
2080 2145
2386 2485
2174 2511
2164 2590
2404 2655
1946 2299
2005 2200
2062 2137
1960 2173
2179 2575
2064 2532
1959 2071
2184 2482
1932 2194
2188 2631
2088 2446
2213 2324
2326 2467
1925 2573
2329 2619
2098 2500
2478 2482
2064 2354
2169 2434
1972 2538
2084 2512
2294 2475
2488 2644
2553 2619
1959 2132
1941 2551
2103 2306
2201 2212
2446 2646
2047 2589
2536 2575
2398 2451
1940 2052
2019 2303
2273 2292
2108 2244
2111 2608
1983 2201
2542 2559
1995 2268
2115 2469
2075 2537
563 1967
1577 2315
1957 2284
1985 2124
2054 2315
1923 2610
2344 2617
2575 2601
2003 2344
2187 2635
1948 2582
2189 2234
2377 2471
2464 2492
2140 2363
2054 2415
2555 2608
2077 2324
2333 2372
2078 2233
2134 2319
2086 2142
2042 2148
2222 2432
2201 2504
2023 2091
2326 2552
2189 2232
1963 2564
2630 2631
2108 2356
1964 2023
2005 2624
2207 2650
2067 2584
1986 2356
2240 2546
2054 2111
2233 2593
1962 2122
1953 2121
2221 2333
2062 2384
2333 2533
1920 2649
1943 2546
1983 2391
2216 2331
2148 2241
1986 2278
1912 2216
2188 2619
2003 2501
2323 2324
1926 1964
2154 2326
2554 2586
2215 2336
2040 2104
2259 2347
2065 2462
2276 2484
2139 2299
2093 2253
1943 2564
2332 2458
2198 2241
2038 2111
2551 2607
2410 2604
2046 2619
2275 2489
2237 2331
2038 2125
2381 2549
2069 2579
2351 2465
2201 2381
2418 2625
2142 2206
1912 2182
2102 2241
2150 2433
2386 2551
2278 2468
2430 2552
1932 2592
2560 2600
2218 2307
2526 2619
2220 2500
2031 2117
2090 2154
2025 2364
1959 2328
1718 2333
2347 2508
2124 2507
2532 2591
1918 2276
2164 2604
1912 2496
2002 2327
2054 2117
2188 2329
2043 2492
1926 2268
2553 2630
1912 2150
1917 2631
2292 2319
2072 2434
2103 2446
1985 2638
2240 2329
2116 2365
2241 2333
2028 2533
2123 2348
2165 2484
2131 2200
2235 2510
2117 2610
2210 2559
2394 2509
2300 2395
1975 2411
2123 2200
1963 2308
2200 2638
2327 2629
1938 2103
2240 2467
2122 2410
2229 2559
2276 2601
2165 2376
1984 2278
1985 2646
2506 2542
2183 2653
1920 2259
2069 2306
1984 2124
2224 2328
2059 2060
1914 1995
1917 2492
2072 2501
2087 2241
2555 2643
2200 2323
2427 2449
2218 2520
1955 2451
2053 2138
2090 2240
2506 2624
2003 2243
1932 2247
2104 2492
2239 2588
2257 2504
2333 2463
2283 2629
1912 2345
2559 2654
2636 2639
1966 2542
1953 2326
2344 2629
1577 2135
2132 2451
2172 2500
2610 2637
1933 2160
2507 2520
2037 2229
2520 2546
2471 2519
2590 2600
2218 2348
2348 2586
2045 2290
2199 2315
2344 2652
2110 2199
2266 2600
2095 2324
2351 2491
2257 2564
2460 2546
1918 2624
2624 2638
1993 2331
2172 2300
2074 2624
1927 2585
1917 2309
2047 2144
2093 2606
2295 2519
1926 2199
2057 2530
1990 2335
2262 2300
2033 2212
1939 2161
2184 2271
1997 2410
2102 2347
1992 2426
1966 2229
2250 2445
2056 2059
2111 2247
2546 2579
2224 2509
2077 2078
1938 2334
1912 1949
1966 2387
2045 2216
2261 2495
2189 2458
2216 2363
2078 2591
2410 2586
1917 2593
2259 2471
2068 2149
2563 2602
136 2302
2090 2611
2474 2523
1912 2126
2435 2538
1985 2095
2092 2526
2121 2334
2046 2084
1953 2188
2599 2653
1918 2348
2469 2630
1912 2071
1920 2434
1966 2654
2039 2463
2137 2629
2198 2434
2072 2235
2478 2646
2101 2235
2172 2386
2052 2491
2128 2279
1718 2649
1943 2460
2244 2484
2154 2200
2239 2372
2081 2399
2200 2506
2062 2096
1947 2032
2069 2104
2102 2149
2064 2564
2164 2323
2317 2448
1952 2368
2117 2315
2172 2275
2489 2638
2520 2631
2123 2576
2377 2390
2495 2604
2108 2464
2147 2189
2257 2539
2046 2553
2058 2395
2308 2623
2078 2601
1912 2466
2276 2395
2127 2312
2203 2399
2509 2592
2369 2630
2055 2477
2095 2543
2278 2408
2220 2575
2395 2485
2154 2188
1986 2033
1718 2283
2410 2607
2299 2392
2033 2428
2614 2618
2377 2652
2356 2477
2247 2592
2060 2163
2354 2638
2521 2556
2616 2653
1960 2474
1968 1980
2126 2317
2004 2659
1938 2136
1985 2065
2317 2411
1925 2190
2404 2477
2309 2539
1914 2018
2336 2491
2078 2550
2508 2555
2122 2356
2307 2308
2073 2340
2483 2595
2602 2607
2220 2308
2020 2615
2171 2583
2244 2430
2354 2551
2468 2500
2296 2581
2043 2059
2040 2059
1962 2630
2002 2187
1962 1984
2038 2127
2258 2507
2414 2469
2131 2386
2224 2289
1989 2404
2229 2278
2394 2592
2578 2601
2142 2602
2324 2623
2189 2429
136 2071
1718 2224
2299 2631
2220 2348
2377 2451
2257 2549
2083 2206
1945 2327
2423 2654
1918 2206
2273 2649
2069 2590
2253 2306
2420 2533
1962 2542
2078 2500
2289 2294
2418 2539
2244 2507
2122 2354
2543 2572
2054 2597
2237 2482
1947 2588
2045 2253
2154 2278
2147 2266
2112 2275
2020 2521
2199 2313
2464 2542
2083 2088
1917 2190
2395 2407
2095 2261
2121 2410
2121 2575
1927 2583
1914 2626
2268 2459
1963 2542
1981 2399
2064 2521
2293 2332
2010 2588
2484 2591
2093 2500
2353 2630
2188 2220
2212 2340
2133 2498
2121 2600
2299 2353
2590 2625
2174 2254
2286 2503
1979 2088
2187 2199
2233 2392
2083 2613
2088 2404
2318 2415
2482 2654
2284 2627
2254 2509
2549 2561
2139 2229
2418 2462
2053 2501
1955 2420
1963 2309
2325 2603
2547 2555
2147 2478
2416 2419
2053 2609
1946 2206
1973 2006
2159 2297
2551 2586
2071 2643
2183 2529
1465 2293
2336 2398
1955 2555
2095 2467
2134 2508
2206 2539
2348 2551
2074 2123
2200 2329
1976 1998
2336 2582
1953 2324
2045 2073
2343 2536
2359 2539
2300 2303
2026 2250
2213 2464
1987 2417
1930 2335
1993 2093
2087 2125
2111 2191
1962 2115
2542 2607
1970 2471
2073 2591
2200 2290
2202 2378
1912 2523
2063 2124
2190 2244
2386 2593
2293 2398
2047 2511
2104 2607
1912 2000
1975 2197
2007 2419
2033 2309
1986 2395
1912 2611
1912 2655
2241 2608
1916 2143
1912 2502
2153 2315
2054 2189
2283 2293
2150 2201
2218 2275
2104 2200
2037 2492
2077 2606
1962 2352
2081 2149
2124 2504
1941 2194
2317 2628
2052 2294
2220 2504
2071 2328
2056 2485
1983 2590
1959 2396
2043 2575
2071 2471
2074 2625
2384 2465
2289 2555
2172 2554
2179 2602
2325 2555
2244 2408
2104 2218
2143 2180
2553 2593
2088 2551
2347 2354
2264 2267
2290 2484
2064 2276
1947 2598
2220 2410
2199 2294
2140 2409
2084 2356
2199 2616
2062 2420
2420 2465
2283 2347
1972 2116
2309 2556
2054 2101
2153 2203
2220 2553
2060 2112
2340 2654
2378 2639
2537 2616
2089 2614
2005 2359
2280 2598
2032 2629
2093 2556
1912 2575
2324 2607
2144 2187
2348 2550
2218 2429
2139 2602
2469 2606
2253 2278
1938 1962
1962 2271
2220 2370
2461 2508
1989 2271
2464 2499
2049 2248
2268 2533
136 2289
2336 2598
2043 2376
1922 2156
1987 2289
2367 2566
2026 2233
1926 2367
2191 2347
2206 2395
2111 2508
2220 2309
1989 2500
2156 2160
2189 2292
2273 2475
2194 2629
1964 2318
2030 2037
2086 2112
1947 2199
2464 2625
2040 2240
1465 2279
2308 2646
2007 2254
2657 2658
2283 2304
2095 2604
1912 2492
2608 2629
2043 2506
2102 2203
2428 2654
2084 2579
1964 2440
2088 2095
2140 2290
2059 2506
2138 2273
2123 2363
2399 2461
1929 2287
2229 2468
2446 2550
2520 2630
2426 2650
2027 2459
2379 2635
2133 2296
2144 2194
2386 2418
1976 2192
2030 2623
2123 2604
1944 2610
2087 2315
1912 2605
2095 2244
2187 2516
2149 2419
1953 2550
2007 2343
2026 2607
1929 2326
1933 2126
2100 2450
1941 2495
2045 2606
2135 2598
2253 2625
1577 2026
2516 2642
2223 2327
1921 2620
2108 2307
2552 2564
2323 2395
2064 2556
2506 2543
2241 2247
1940 2007
2042 2592
2190 2624
1946 2624
1930 2397
2190 2324
2521 2590
2313 2621
2250 2509
2020 2308
2189 2449
2387 2391
2038 2451
2007 2601
1919 2648
1960 2361
2118 2347
2189 2196
2266 2430
2139 2467
2142 2578
2338 2347
2324 2559
2290 2539
2348 2410
2127 2343
1947 2642
2169 2608
2073 2109
2376 2433
1929 2467
2153 2347
2283 2338
1917 2324
1926 2235
2028 2592
2339 2600
2593 2638
1970 2389
2095 2655
2063 2521
2004 2435
2118 2601
2196 2332
1970 2555
2072 2132
2218 2638
2353 2504
2201 2573
2135 2319
1917 1986
1925 2507
2060 2551
1929 1979
2071 2315
2561 2619
2428 2578
2098 2611
1983 2086
2282 2475
2521 2602
2127 2223
2289 2302
2394 2417
2006 2061
1989 2356
1919 1958
1983 2078
2381 2520
1985 2213
2414 2630
2233 2433
2482 2551
2492 2602
2104 2414
1966 1986
2215 2372
1946 2123
2073 2495
2592 2629
2144 2351
2210 2347
2073 2579
1962 2165
1946 2257
1931 1976
1577 2144
2546 2591
1577 2148
2395 2482
2029 2540
1986 2393
2342 2411
2064 2240
2448 2618
2022 2116
1950 1995
2330 2589
428 563
2292 2560
1916 2246
2410 2449
2408 2409
2278 2602
2184 2613
2150 2418
2187 2328
2323 2484
1912 2421
1979 2059
2151 2347
2069 2556
1920 2511
2163 2344
2363 2600
2326 2564
2118 2464
1920 2653
1987 2581
1912 2241
2645 2648
2352 2625
2372 2555
2315 2319
2053 2273
2299 2604
2109 2484
1912 2546
2310 2540
2112 2240
1971 2354
2134 2616
2326 2340
2083 2331
1993 2300
2006 2494
2460 2611
2420 2653
2042 2385
2071 2254
2600 2623
136 2640
1936 2193
1983 2354
1998 2365
2200 2593
1979 2339
1946 2037
1912 2098
2485 2578
1983 2233
2196 2283
2086 2201
2139 2654
2058 2546
2146 2659
2123 2546
2384 2394
1912 2424
2143 2598
2213 2369
2032 2174
1941 2649
2122 2495
2240 2395
1998 2626
2439 2621
2324 2630
2229 2606
2276 2552
136 2247
2286 2335
2033 2244
2220 2276
2369 2410
1994 2042
1962 2220
1983 2184
2423 2506
2340 2579
2371 2440
2020 2220
1985 2623
2030 2206
2134 2384
2535 2570
1943 2586
2471 2508
2189 2224
2266 2554
2032 2582
2216 2220
2146 2488
2007 2589
2508 2516
2356 2359
1941 2564
1993 2352
2218 2506
2307 2625
1962 2216
2326 2624
2180 2465
2410 2485
2463 2649
2270 2557
1957 2620
2389 2400
2083 2374
2037 2308
2173 2341
2220 2564
1971 2240
2255 2320
2171 2447
2268 2451
2408 2485
2068 2394
2215 2292
2359 2409
2559 2561
2338 2529
1718 2250
1993 2376
2037 2045
2359 2482
2053 2336
2359 2601
1971 2464
1985 2339
1941 2543
2365 2659
2201 2370
2083 2090
2101 2282
2085 2235
2122 2600
2271 2615
2124 2271
1942 2078
1946 2005
2020 2213
2096 2509
2356 2549
2124 2521
1993 2086
2257 2542
2090 2654
2069 2482
1918 2482
1979 2040
2352 2624
2309 2329
2142 2386
2139 2499
2174 2338
1991 2061
1912 2030
1943 2309
1948 2377
2433 2619
2154 2369
2102 2117
1953 2261
2187 2420
1912 2138
1931 2006
2169 2491
2598 2653
2090 2356
2078 2244
2160 2341
1979 2131
1925 2464
1962 2520
2125 2509
2035 2614
2074 2507
2155 2273
2276 2564
2395 2654
2458 2511
2590 2638
2374 2543
2196 2609
2184 2356
1945 2174
1960 1964
1916 2102
2336 2394
2276 2307
2188 2464
1923 2038
2132 2187
2359 2395
2229 2443
1912 2629
1935 2006
2093 2201
2007 2268
2169 2180
2047 2592
136 2133
2060 2553
2308 2532
1912 2648
2387 2454
2287 2352
2111 2183
1912 1981
2419 2610
1960 2523
2273 2328
1972 2378
2193 2335
2122 2172
1938 2069
2003 2511
2068 2203
2326 2553
2125 2629
2494 2645
2239 2242
2153 2471
2395 2553
1947 2081
2410 2542
2199 2399
2007 2547
2064 2190
2276 2593
1912 2276
2007 2471
2104 2546
2139 2409
2381 2489
2275 2526
2120 2126
2188 2323
2352 2600
1929 2200
2392 2542
2108 2625
2296 2325
2242 2289
2149 2512
2328 2512
2047 2491
2018 2027
2216 2507
2434 2518
2224 2598
2068 2232
2266 2654
1986 2088
2278 2482
1946 1984
2003 2304
1912 2543
2077 2122
2063 2154
2479 2617
1947 2603
1971 2078
2504 2556
2131 2409
2328 2445
2083 2172
2210 2216
2131 2229
1938 2045
1946 2220
1923 2419
2369 2381
2348 2469
1946 2549
1985 2021
1920 2292
1954 2273
2148 2597
2183 2187
1985 2624
2022 2024
2319 2461
1718 2054
2056 2578
2084 2553
1945 2133
2104 2210
2021 2348
2451 2652
2500 2591
2172 2188
2125 2519
2059 2601
2058 2142
2083 2299
1912 2541
2224 2250
2560 2623
1934 2523
2356 2492
2176 2250
1946 2201
2271 2550
2057 2199
2445 2653
2103 2478
1718 1945
2030 2601
2030 2090
2040 2093
2083 2266
1577 2176
2046 2073
1925 1979
1718 2399
2233 2326
1945 2273
2196 2510
2123 2646
1917 2131
2084 2638
1955 2589
2067 2234
2244 2560
2287 2323
2485 2646
1997 2090
2187 2330
2282 2351
2010 2475
1943 2040
2311 2395
2344 2511
1912 2140
2032 2161
2330 2445
2115 2593
2149 2325
2121 2276
1935 2633
1953 2625
1957 1980
1993 2427
2506 2590
2395 2464
1971 2619
1718 2336
1947 2516
2354 2578
1971 2165
2116 2447
1987 2385
2051 2450
1912 2651
1981 2161
2210 2564
2122 2556
2042 2133
2052 2143
2043 2240
2460 2579
2292 2347
1932 2292
2190 2542
1929 2500
1993 2108
2414 2578
1947 2377
2237 2356
2212 2218
1945 2072
2155 2475
1955 2180
1986 2108
2081 2133
2205 2473
2352 2354
2131 2216
2233 2590
1912 2659
1945 2254
2340 2404
2165 2500
2134 2292
2392 2500
1966 2172
2220 2615
2333 2390
2069 2150
2326 2392
1912 2440
2161 2522
2133 2325
2299 2564
1912 2479
1993 2423
2097 2192
1971 1997
2002 2279
2104 2142
1954 2289
2074 2309
2039 2117
2039 2072
2087 2259
1919 1968
2043 2086
2344 2642
2118 2428
1938 2495
1943 2462
2087 2111
1985 2326
2363 2590
2202 2297
2202 2626
2020 2184
2047 2372
2520 2655
2020 2108
2127 2203
2143 2649
1951 2640
2059 2467
2464 2654
2138 2292
1970 2461
2338 2643
2184 2607
2030 2043
2324 2392
2184 2189
1988 2170
2630 2638
1912 2254
2151 2543
1971 2359
1945 1948
1963 2500
2559 2574
2465 2555
1993 2428
2271 2309
2394 2537
2266 2556
1916 2169
2444 2513
2044 2512
2347 2646
2237 2276
1920 2111
2063 2564
1984 2123
2282 2537
2500 2607
2187 2475
2052 2543
2253 2602
1916 1932
2127 2396
2045 2625
2554 2655
2104 2551
1962 2213
2181 2440
1912 2331
2202 2364
2184 2550
2118 2271
2116 2145
2323 2600
2500 2553
2407 2539
1912 2293
2103 2638
2125 2246
2019 2387
2201 2216
2625 2655
2224 2332
2567 2598
2364 2639
2109 2542
2624 2630
2134 2187
1920 2333
2232 2345
1918 2290
2302 2512
2433 2549
2087 2336
2074 2551
2212 2593
2143 2582
2075 2327
2064 2184
2272 2416
2088 2324
2081 2224
2139 2407
1954 2149
2319 2533
2005 2615
2161 2259
2311 2430
1997 2553
2039 2336
2046 2339
2052 2511
2212 2559
2282 2649
2081 2582
1979 2064
2059 2334
2078 2579
2090 2624
1929 2188
2428 2482
2282 2438
2132 2327
1918 2423
2484 2574
2410 2532
2239 2555
2030 2115
2233 2484
1985 2040
2359 2615
2359 2506
2123 2218
2370 2495
2095 2112
2109 2607
2033 2064
1986 2408
2095 2271
2102 2151
2081 2132
1946 2468
2220 2590
2286 2403
2206 2253
2139 2477
2166 2371
2083 2586
