1293 1888
1610 1746
1380 1888
1229 1257
1082 1277
993 1632
1323 1839
1480 1800
1076 1605
1416 1652
952 1017
1786 1893
1437 1864
1192 1720
1124 1184
107 1736
1074 1341
1199 1662
1335 1623
1099 1661
1662 1809
960 1399
1367 1622
1210 1767
967 1835
1028 1589
1126 1399
989 1875
1100 1345
1110 1290
1019 1899
1706 1794
952 967
949 1630
1246 1872
1653 1746
1159 1260
1418 1504
971 1247
1211 1361
1062 1226
363 651
1146 1622
1290 1891
942 1595
993 1609
916 999
1004 1795
1238 1813
1489 1704
1617 1791
1632 1888
1220 1537
1542 1800
1669 1757
1172 1580
1084 1620
1343 1569
1521 1911
1272 1485
971 1704
1656 1684
1322 1841
1632 1877
1163 1352
1520 1540
978 1804
1570 1833
1280 1431
107 1789
1456 1809
1064 1453
1530 1833
1727 1876
1104 1204
1117 1201
1279 1786
1361 1388
1076 1416
1335 1737
107 1733
960 1287
1205 1811
1370 1380
1480 1809
1278 1867
1117 1456
917 1225
1085 1825
1601 1837
975 1872
1721 1902
1774 1911
1116 1540
1076 1079
924 1469
1477 1641
1125 1610
1312 1714
934 1291
1573 1591
1184 1845
1192 1204
1513 1791
1185 1559
1341 1835
1502 1725
1337 1805
1282 1812
1250 1804
958 1137
420 596
1630 1703
1352 1623
1221 1432
1515 1638
1668 1833
1360 1726
1101 1864
1040 1370
1086 1613
1124 1804
902 1857
964 1428
921 1540
995 1651
921 1393
1500 1536
1612 1888
1003 1746
580 1294
1516 1735
1123 1440
483 596
1112 1250
428 1013
1054 1717
637 1606
1201 1331
947 1717
1256 1879
1192 1515
1292 1404
107 1668
1149 1305
953 1714
1060 1728
1184 1524
1010 1304
1281 1282
1117 1683
1047 1721
1267 1643
1129 1611
420 1692
1302 1516
1458 1480
1173 1520
1512 1740
1480 1757
1192 1742
1236 1310
1352 1431
1352 1846
1149 1769
1606 1881
107 1688
580 1320
1211 1289
1032 1783
1273 1454
1531 1876
1431 1665
107 934
946 1376
1440 1863
1215 1591
606 1179
1162 1696
917 1820
1017 1078
566 1574
1026 1460
927 1609
1012 1237
1070 1536
1331 1456
1029 1842
1192 1423
995 1580
1504 1815
1554 1734
1554 1752
1269 1609
1160 1793
1604 1811
1373 1894
898 1277
1440 1626
1219 1352
1375 1717
1643 1669
1067 1628
1609 1675
927 1530
1067 1322
1352 1535
1048 1175
1007 1661
925 1269
1305 1480
982 1845
1413 1647
1191 1352
927 1819
1024 1271
896 1432
483 1631
896 1636
1199 1547
1292 1573
1238 1302
1159 1355
1729 1786
1172 1662
1269 1622
1156 1238
1211 1821
1242 1291
1123 1612
1289 1551
934 1126
1721 1750
1043 1368
927 1724
993 1799
975 988
936 1506
1117 1665
1452 1648
1210 1831
1076 1420
1594 1909
1199 1370
1093 1168
1768 1902
1189 1630
1227 1277
1190 1231
1644 1700
1482 1630
1047 1420
978 1509
1665 1810
1341 1467
107 923
925 1048
1330 1868
1021 1060
1516 1791
916 1402
1341 1683
651 1080
1010 1308
925 978
1082 1158
992 1733
1014 1020
1056 1290
1188 1338
1204 1503
979 1218
1238 1471
1125 1589
1117 1637
1284 1315
1377 1761
1596 1680
909 955
1223 1724
1022 1086
1006 1799
1049 1623
1603 1795
1076 1888
1366 1876
1221 1350
1289 1886
1049 1877
1006 1864
1132 1302
348 363
1076 1861
966 1559
1255 1305
1110 1864
606 917
1377 1590
1547 1826
953 1330
1291 1590
1178 1419
1191 1323
1256 1610
1175 1540
1398 1827
1101 1554
1399 1864
1115 1235
1003 1639
1132 1471
483 1907
1565 1679
1774 1836
1117 1861
1128 1727
966 1663
1010 1770
1066 1893
1018 1284
1113 1464
1135 1620
1344 1352
1380 1600
1375 1584
1335 1393
995 1730
960 1598
1736 1768
966 1330
903 917
1754 1864
1604 1772
1714 1902
1469 1536
1044 1596
1078 1175
1102 1324
428 1237
1161 1321
363 1545
1172 1604
946 1182
1117 1804
1335 1793
1591 1873
1074 1736
1380 1730
1335 1580
1142 1446
927 1124
1118 1468
908 1615
1075 1724
1104 1158
1820 1848
978 1730
1352 1563
1569 1699
1078 1589
952 1736
1042 1634
1509 1791
1037 1170
1591 1872
1605 1902
1199 1334
972 1809
1126 1685
1340 1344
1340 1750
947 1799
1475 1818
1059 1278
1712 1736
1535 1717
896 1502
1296 1385
980 1399
1572 1737
905 1114
1389 1609
1232 1648
1468 1837
1456 1488
1361 1718
921 1761
1489 1503
1227 1728
1086 1888
107 1391
966 1107
1367 1746
1070 1429
1072 1472
1565 1645
1391 1522
1063 1285
1004 1659
1164 1570
107 1745
1211 1707
963 1319
1480 1666
1399 1584
1396 1638
107 1828
1621 1810
1086 1149
925 1632
1174 1705
1714 1809
1092 1447
966 1491
1415 1770
1088 1866
1063 1370
941 1706
1048 1609
1067 1345
1313 1446
1644 1819
952 1269
1593 1803
1539 1608
1258 1343
1366 1504
1167 1275
1020 1373
1359 1557
897 1329
1021 1587
1576 1628
946 1700
1352 1712
1048 1554
107 1505
958 1787
1589 1833
1067 1716
1117 1389
1113 1142
1369 1780
1146 1827
1491 1662
1622 1752
1377 1842
483 1850
1743 1831
641 1210
1086 1761
1505 1534
1434 1585
1172 1842
1334 1620
926 1151
1006 1741
1649 1790
1292 1315
580 1645
1229 1862
1086 1185
1659 1721
982 1390
1058 1470
1143 1650
953 1191
107 1123
1078 1341
1431 1877
1076 1156
1370 1600
1010 1725
1319 1548
1012 1074
1305 1467
1335 1584
1544 1564
1698 1825
1330 1331
1800 1826
1447 1816
1471 1516
944 1634
1086 1416
1048 1431
994 1009
1551 1604
1237 1313
641 915
1413 1790
1482 1869
1584 1712
1471 1559
1079 1612
898 1783
641 1273
1267 1735
1338 1869
1231 1899
483 1396
1662 1789
1733 1892
1257 1596
1329 1750
1589 1810
1238 1826
1517 1813
1060 1373
1243 1509
1185 1809
1373 1783
1710 1771
1639 1761
1247 1503
1196 1799
1582 1728
916 1456
1075 1557
1589 1717
1367 1809
1516 1598
1712 1849
1125 1757
1201 1388
1523 1609
1044 1279
1540 1718
1114 1677
1181 1700
1076 1323
1175 1675
1123 1460
1129 1158
1101 1789
917 1221
1450 1684
1366 1699
1480 1849
1255 1405
1117 1280
1669 1799
924 1260
1185 1730
1130 1707
1447 1888
1132 1335
916 1483
1685 1833
1004 1163
1243 1669
1371 1692
917 1018
1231 1448
922 1846
1179 1545
898 1732
1211 1291
1323 1470
1029 1570
1398 1458
1502 1649
1282 1508
1024 1816
1473 1536
1250 1572
1663 1761
1471 1842
975 1682
934 1612
1447 1879
1146 1214
917 1595
897 1219
958 1319
1621 1707
1113 1565
1211 1516
1352 1619
928 1144
1597 1688
1029 1604
1709 1756
1245 1824
1203 1555
1033 1806
1292 1462
1312 1734
1052 1699
1590 1883
1472 1807
1703 1748
1192 1322
1232 1371
907 1420
1146 1222
637 1142
1740 1744
1750 1867
1073 1325
1153 1173
1516 1839
966 1153
967 1516
1482 1650
1304 1634
1066 1820
1101 1621
1390 1620
1199 1898
941 1502
1139 1869
1580 1665
1314 1802
946 991
980 1839
1037 1681
1102 1108
1227 1298
563 1808
1153 1238
1256 1335
1146 1886
1237 1616
1735 1886
1017 1683
1246 1481
1112 1688
1570 1663
1552 1642
1148 1345
1109 1469
1302 1752
1471 1613
1555 1825
526 1290
1249 1748
1516 1621
1473 1654
1334 1435
1049 1572
988 1227
1137 1533
1059 1761
1185 1886
1413 1479
1478 1671
1429 1786
1416 1886
1086 1427
1734 1800
1292 1783
1049 1344
1427 1853
1079 1659
1700 1827
1768 1909
1663 1861
993 1390
1126 1813
1086 1289
1376 1528
917 1052
1205 1826
986 1355
980 1460
1042 1831
1192 1573
1029 1669
1665 1795
917 1848
1685 1809
1182 1391
1211 1547
898 1751
1082 1347
1238 1868
1185 1302
1026 1155
1509 1563
934 952
952 1399
1596 1903
1774 1845
483 1294
1632 1752
1580 1608
1290 1609
1051 1228
526 1265
1048 1126
1056 1800
637 1536
0 58
1165 1178
917 1235
483 1543
981 1227
1241 1686
1036 1899
1003 1652
1344 1612
538 1320
353 1645
1284 1492
1810 1826
1078 1547
1155 1420
1534 1701
1689 1796
1260 1703
993 1621
1256 1563
1696 1761
1297 1387
917 1436
978 1734
1800 1898
897 1513
1131 1310
1457 1598
1605 1622
975 1459
1003 1340
1175 1639
957 1423
1649 1742
1026 1775
1162 1761
1180 1520
1110 1339
1655 1872
1189 1366
1329 1735
1432 1862
1107 1375
1493 1787
1181 1799
1533 1733
1207 1480
1104 1229
1219 1839
1603 1800
1039 1832
1548 1747
1572 1724
389 1699
1417 1899
967 1584
1352 1810
1784 1837
1497 1814
1083 1736
1020 1104
1307 1687
1337 1858
1006 1391
1554 1879
1192 1764
1568 1747
1318 1332
1024 1902
1565 1763
967 1420
1184 1491
1184 1572
960 1447
1522 1765
1305 1823
1431 1570
1432 1495
107 1623
1238 1849
925 1771
376 483
995 1173
1528 1663
995 1280
1741 1879
993 1580
966 1488
107 1469
1520 1612
1006 1331
1538 1750
1768 1891
1610 1612
1390 1516
483 1332
1051 1225
1367 1877
1086 1898
1290 1390
1539 1612
1242 1839
1016 1138
1272 1685
1083 1714
1077 1866
1028 1305
1432 1857
1125 1172
1079 1126
1207 1542
1570 1730
1559 1689
946 968
1223 1320
1238 1520
1290 1632
1195 1612
1557 1879
962 1831
1137 1452
1265 1528
1228 1355
1361 1376
1124 1754
982 1269
1522 1898
1185 1612
1415 1667
896 1036
1551 1683
936 1179
1080 1358
896 1413
107 1814
1011 1348
1017 1163
1812 1824
1467 1639
978 1757
1604 1685
916 1290
946 1532
1149 1659
917 1418
995 1458
1175 1891
1005 1089
1289 1804
1512 1660
1305 1563
1127 1183
107 1795
1164 1765
1388 1402
1291 1352
1390 1771
1166 1783
538 580
1110 1390
1279 1611
1129 1764
107 1528
1100 1227
1006 1352
988 1303
916 1613
1361 1753
1399 1532
932 953
897 1256
1083 1800
1030 1237
925 1612
1124 1707
1424 1798
1589 1839
1017 1123
1390 1420
934 1399
1280 1663
1361 1741
1126 1376
1271 1741
988 1893
1545 1853
1665 1730
1250 1849
1117 1662
964 1739
1364 1897
1768 1888
1402 1868
1196 1845
1665 1793
1657 1776
1340 1376
1275 1630
1504 1703
1381 1573
1077 1858
1100 1578
1036 1298
1367 1909
1416 1530
905 1692
1367 1714
906 1551
1344 1735
946 1800
1737 1789
1358 1767
1214 1911
1525 1549
1107 1721
959 1163
1243 1376
1075 1752
1423 1884
1117 1570
1551 1637
1107 1714
1603 1623
483 1012
1282 1824
1017 1617
1014 1261
960 1712
1609 1813
1181 1632
1457 1622
366 1300
1222 1888
1126 1391
1209 1827
1515 1573
960 1017
1702 1718
1608 1768
1123 1398
1613 1735
1148 1647
1473 1673
1085 1421
1148 1715
1367 1600
1375 1730
1101 1665
1538 1603
1261 1273
107 1547
906 1827
1601 1784
975 1473
1562 1896
1598 1613
1456 1816
1339 1768
1237 1763
1330 1420
1456 1610
1569 1646
1639 1851
1107 1623
1563 1662
1390 1724
1557 1754
107 906
1024 1267
1730 1811
1633 1634
1857 1899
1255 1737
1226 1246
1285 1370
1181 1643
1665 1707
1637 1761
1363 1733
538 606
1349 1878
1339 1804
1618 1622
1761 1791
637 1671
1222 1399
1523 1811
107 414
982 983
1567 1615
1012 1882
959 1238
1017 1735
906 1877
1357 1536
1315 1479
1302 1329
1246 1875
961 1087
919 1373
1153 1524
1329 1389
1078 1467
1160 1688
1580 1805
1041 1482
1292 1857
983 1736
1269 1600
1488 1668
1209 1730
966 1172
1018 1066
952 1752
1059 1707
1675 1800
1278 1800
1173 1271
1620 1877
1108 1729
1483 1498
1557 1867
1551 1827
1807 1818
1015 1231
1621 1867
1126 1721
952 1302
1028 1287
1017 1761
1396 1871
1230 1833
1153 1804
1199 1551
983 1399
1376 1736
1165 1419
1528 1608
1487 1853
1322 1479
1375 1390
580 1113
1173 1698
1132 1305
900 1553
1431 1689
1136 1360
897 1029
902 1277
1523 1557
1048 1522
1024 1800
1744 1844
971 1158
1298 1345
1066 1515
483 1066
917 1507
967 1441
1283 1817
596 1859
1076 1222
1468 1548
1447 1685
1124 1255
1369 1405
1125 1198
1082 1129
1165 1758
1158 1495
1409 1571
1039 1160
366 484
1052 1109
1256 1330
1388 1604
993 1796
1278 1730
1049 1407
1059 1833
995 1238
1621 1757
1367 1377
1479 1573
1613 1753
1195 1669
933 1273
1593 1758
1021 1720
1123 1271
1376 1547
1003 1867
1351 1610
1172 1879
917 1686
1302 1517
1377 1659
1104 1221
1029 1856
1269 1799
1269 1399
917 1725
917 1373
1107 1589
1211 1827
1192 1596
1037 1482
1603 1721
1399 1867
1059 1598
1021 1227
975 1347
1431 1643
1323 1330
1520 1707
970 1511
414 601
1227 1899
1028 1597
517 580
1597 1603
1509 1833
1381 1583
1483 1621
984 1820
1345 1884
1117 1222
978 1274
1389 1675
1003 1563
927 1377
1048 1746
1469 1504
1107 1809
896 1158
1249 1703
1702 1858
1349 1531
1170 1296
1014 1235
1211 1250
1398 1612
1214 1662
1153 1331
1175 1570
960 1804
1292 1379
1037 1727
953 1040
1056 1712
1139 1815
1460 1480
363 1671
1620 1885
1626 1851
1117 1795
1265 1269
1418 1830
1741 1816
1396 1894
1173 1527
1006 1668
1127 1840
1117 1902
1256 1302
1242 1516
1447 1761
1479 1859
1516 1669
1112 1737
1191 1864
1288 1707
1367 1685
1600 1603
1397 1409
1327 1352
1570 1639
1574 1870
1126 1336
1128 1416
1204 1432
1214 1480
1488 1898
1572 1644
1036 1426
1447 1843
980 1768
1078 1456
1006 1804
1330 1431
1409 1553
1238 1571
947 1597
107 1086
1449 1826
1715 1899
1564 1666
1024 1736
1156 1722
943 1225
901 1568
1135 1885
1086 1222
971 1273
1146 1352
1887 1899
1156 1886
993 1877
1303 1595
1457 1888
1076 1520
1595 1894
1163 1471
353 1677
1727 1881
1646 1675
1348 1709
1554 1723
980 1126
1628 1859
1427 1695
1669 1835
1482 1904
982 1898
1331 1610
1612 1730
1590 1782
1154 1543
1210 1425
1563 1689
1730 1879
1668 1768
1163 1613
896 1257
1091 1752
1329 1376
1144 1251
1182 1643
953 1201
989 1227
1339 1839
1350 1575
1645 1679
957 1192
1714 1761
1724 1737
1391 1750
1032 1638
107 1837
1497 1683
1104 1315
1097 1424
1159 1569
997 1402
1086 1598
1340 1632
107 1612
921 1135
999 1211
1601 1787
1462 1715
1666 1684
1126 1335
897 1420
1329 1761
1551 1791
483 1661
1048 1075
1181 1810
1341 1399
526 1528
1460 1513
1668 1791
1376 1846
107 1676
1227 1426
925 1563
1587 1820
1598 1789
916 1864
1017 1547
1211 1570
517 1179
1010 1159
1114 1300
941 1257
982 1589
1345 1459
971 1014
1470 1730
1601 1798
1222 1335
1398 1845
1551 1589
1120 1573
1287 1712
1468 1493
1086 1571
1528 1753
1427 1882
1335 1610
1681 1847
1106 1507
1219 1879
1645 1766
1124 1609
1035 1500
1085 1494
1106 1727
1036 1647
1059 1390
1125 1191
1471 1663
1744 1829
1479 1502
1227 1841
1078 1662
107 566
1271 1898
1300 1357
1113 1763
1675 1867
944 1536
1751 1820
641 1060
107 1431
1052 1260
1279 1292
1070 1525
1054 1644
1118 1216
1215 1850
1416 1659
1683 1881
1516 1612
1125 1799
1380 1547
1643 1813
1399 1746
1001 1080
1000 1010
1707 1839
1163 1271
1222 1867
1113 1427
1467 1528
1086 1267
968 1827
1181 1879
1547 1868
1004 1146
1012 1881
1006 1069
1539 1791
1454 1661
1475 1628
1053 1138
1064 1473
1522 1608
1488 1879
1402 1619
1054 1344
981 1044
1125 1823
1190 1426
1509 1617
1724 1827
1315 1899
999 1538
982 1856
483 517
1149 1563
1334 1669
936 1882
1569 1591
526 606
916 1707
1014 1592
1810 1877
1813 1835
1256 1768
1159 1703
932 1741
1663 1826
1420 1721
1040 1809
1662 1891
1440 1817
1110 1600
1340 1572
1467 1867
1735 1761
921 1589
1497 1831
1393 1879
951 1641
1561 1852
1003 1600
993 1460
1340 1717
966 1471
1024 1458
1376 1416
999 1532
1557 1823
1349 1427
993 1255
1324 1824
1153 1789
1075 1175
1259 1469
1339 1879
1367 1610
1237 1882
483 1881
1078 1675
1243 1675
1475 1661
1173 1219
1312 1614
1458 1590
1538 1556
1014 1303
1305 1768
1161 1779
960 1123
1471 1675
1056 1329
1343 1630
1031 1666
1173 1199
947 1867
1367 1827
1467 1613
637 1616
1456 1752
1086 1665
1617 1746
941 1379
1048 1341
1097 1232
1175 1377
1449 1707
1215 1459
901 1371
908 1518
1130 1399
1365 1689
1291 1789
107 1008
1583 1682
1199 1839
1516 1608
1126 1886
1017 1622
1653 1789
1048 1888
1125 1795
1516 1804
1110 1540
1721 1724
896 1315
1551 1610
1310 1633
1448 1591
1361 1768
1076 1530
1563 1621
1167 1630
995 1239
1054 1689
1447 1809
1014 1742
1604 1722
1467 1843
1332 1427
1643 1768
1516 1789
1329 1590
1032 1215
1589 1827
1370 1832
946 1365
420 1237
959 1132
1256 1377
1156 1736
637 1574
897 1458
982 1380
1256 1864
1132 1598
1112 1771
1315 1903
966 1833
942 1148
981 1872
1520 1675
1329 1768
966 1185
1642 1908
1004 1539
1735 1833
1783 1794
1305 1774
1261 1848
925 1198
1813 1861
1528 1563
1612 1849
1101 1219
1259 1260
1291 1377
1225 1686
1523 1827
1293 1714
1367 1826
1192 1282
1028 1612
1449 1610
1288 1456
1357 1487
1087 1838
1245 1508
1199 1302
1101 1480
1621 1689
1280 1809
1175 1201
982 1730
1804 1827
1277 1282
1076 1796
902 1573
1104 1432
1132 1810
1063 1900
1563 1570
1238 1610
1363 1533
1028 1603
107 1752
1495 1706
1340 1516
1302 1491
1665 1821
966 1736
984 1245
1369 1836
1242 1491
1127 1304
1076 1175
1078 1800
1023 1674
1597 1659
1256 1542
1463 1804
979 1016
960 1663
1062 1435
1626 1780
1281 1820
1596 1786
1645 1790
1126 1280
1075 1597
1155 1320
1329 1557
1083 1809
1017 1184
1259 1482
637 1012
1020 1591
1047 1323
946 1617
978 1800
1003 1054
1278 1344
1132 1757
1337 1441
959 1201
1076 1563
1024 1707
1017 1799
1160 1409
1813 1826
1219 1842
947 1467
1127 1472
936 1114
1028 1185
983 1083
1405 1467
983 1888
1588 1593
902 1036
1043 1111
1133 1442
1839 1909
1519 1553
925 1795
952 1663
1508 1786
906 1757
1125 1352
1714 1839
1612 1836
1431 1439
1375 1617
1573 1893
1287 1888
353 376
1359 1741
953 1471
1010 1472
1613 1793
1121 1159
1250 1644
1570 1652
1683 1721
1530 1559
1079 1757
916 1849
1051 1159
1538 1559
1810 1868
1024 1086
1243 1800
484 1512
1345 1628
1339 1707
1562 1886
1554 1839
353 1012
1800 1811
1320 1766
1225 1500
1114 1357
1290 1793
1078 1256
1015 1104
966 1823
1509 1765
1412 1500
1732 1907
1800 1891
1751 1893
1277 1875
1471 1554
1128 1391
1597 1689
1073 1861
1424 1889
1280 1598
107 1863
1584 1768
1525 1703
1888 1891
1076 1597
1509 1612
1004 1185
1371 1568
1554 1827
1565 1773
1222 1800
1413 1691
1122 1237
1449 1836
957 1413
1296 1472
1013 1574
1549 1773
925 1184
1685 1768
1526 1696
1550 1578
1811 1842
1619 1826
1672 1739
1433 1615
1447 1849
1117 1211
1329 1559
1261 1812
1289 1643
1052 1807
1516 1888
1052 1897
1491 1621
921 1603
1369 1779
1424 1747
1375 1724
975 1379
1153 1199
1604 1863
1736 1804
1136 1433
1331 1539
1613 1665
1340 1341
1712 1898
1791 1833
1568 1798
1291 1810
1078 1721
952 1589
1632 1683
1339 1833
566 1740
1158 1715
941 1894
1112 1683
1333 1787
1199 1663
1269 1334
1373 1661
1237 1349
107 1442
1525 1529
1068 1211
1173 1335
1491 1622
1015 1322
914 1052
1107 1622
1431 1447
1054 1540
989 1680
1090 1703
1530 1849
1124 1175
1341 1736
1612 1623
941 1729
1165 1719
1235 1413
1613 1685
1204 1875
1236 1634
1076 1557
1452 1784
1284 1628
1674 1758
1175 1617
997 1835
1415 1507
1126 1375
1150 1327
1112 1600
107 1118
1663 1772
1004 1730
1211 1420
1017 1685
917 1828
1366 1492
1018 1742
107 1467
1004 1367
1407 1688
1243 1799
1437 1663
1355 1366
1606 1740
1320 1694
1426 1475
1028 1800
1746 1868
921 1128
1316 1729
1066 1783
1462 1903
107 1018
1702 1722
963 1798
1175 1559
1544 1779
1447 1702
1390 1540
952 1199
1688 1791
967 1361
1040 1736
1352 1911
1431 1717
484 1095
1472 1634
1580 1637
1617 1689
1476 1527
980 1813
1461 1758
1359 1768
1351 1662
1431 1898
107 1073
1391 1845
1746 1752
1298 1862
1054 1435
1288 1665
483 606
1100 1413
1331 1652
1047 1675
1479 1587
946 1538
1126 1554
1628 1873
925 1717
1544 1905
1344 1861
904 1224
1621 1868
1591 1828
1367 1800
1289 1888
1359 1608
1199 1721
1563 1835
1275 1296
1330 1833
1066 1316
1503 1794
1123 1782
947 1305
1246 1630
1649 1871
1375 1669
1789 1877
1334 1765
1047 1267
966 1271
107 990
942 1324
1166 1504
1059 1435
1231 1273
1059 1107
1214 1668
1390 1603
1305 1663
1097 1468
1219 1662
1447 1622
1019 1129
1172 1613
1045 1788
1020 1475
946 1456
1683 1700
1205 1447
1086 1663
1059 1610
1006 1619
1608 1730
916 1287
1350 1404
1125 1291
1200 1268
1261 1828
1289 1842
1768 1864
959 960
1420 1622
1714 1750
538 1080
1420 1819
1523 1746
1003 1480
953 1589
1787 1837
1550 1647
1005 1504
999 1737
946 1238
1630 1658
1754 1819
1221 1462
1235 1783
1117 1833
1272 1753
1420 1879
1373 1591
1086 1091
1131 1188
1600 1730
1160 1570
1554 1833
1102 1382
538 1870
1271 1370
1617 1799
1339 1771
999 1617
916 946
1332 1844
1273 1373
997 1255
1305 1683
1175 1811
1172 1668
1409 1527
1439 1589
1718 1836
1391 1839
1432 1647
925 1644
1029 1707
903 1216
921 1835
1003 1683
538 1408
1283 1520
980 1879
1146 1867
925 1799
1636 1899
977 1756
1255 1750
1598 1600
1275 1624
475 1179
1076 1761
1438 1592
1333 1378
1227 1475
1086 1344
1184 1730
1573 1592
1516 1752
1687 1705
896 1628
963 1747
1017 1471
1721 1819
1132 1874
1623 1707
1649 1794
1271 1712
1067 1715
1804 1898
1244 1781
1060 1628
997 1559
1117 1864
1199 1335
1472 1781
1175 1513
1794 1897
651 1223
1574 1882
1352 1542
1335 1754
1431 1621
917 1733
1017 1833
1563 1752
1347 1628
1528 1603
1166 1306
1609 1804
1357 1897
1622 1707
913 1818
1584 1843
1370 1736
1048 1528
1571 1600
1174 1687
1184 1886
989 1661
1230 1399
1795 1819
1495 1729
1267 1623
1329 1835
1032 1281
1564 1675
1258 1306
1538 1810
1322 1742
1450 1666
1329 1471
1101 1559
1391 1431
1017 1551
1447 1898
1097 1733
1585 1822
1330 1811
1390 1617
1361 1879
1182 1835
1613 1643
1129 1857
1184 1689
1398 1538
1539 1839
1539 1559
967 1048
1288 1849
1132 1530
107 1787
1269 1736
1011 1469
1132 1330
1804 1863
966 1821
1099 1729
1491 1791
954 1396
1636 1680
1281 1429
1478 1566
1185 1520
1070 1876
1377 1885
1153 1201
1714 1799
1032 1582
1568 1837
1123 1305
1101 1230
1274 1866
1377 1612
1318 1881
1423 1899
1678 1819
484 1813
606 1766
1341 1610
107 1900
1107 1823
1277 1382
1779 1883
1250 1613
1277 1479
1509 1610
1610 1669
939 1831
1449 1598
1865 1911
484 953
1632 1644
1214 1409
1117 1388
902 1438
1173 1610
1539 1750
1308 1310
934 1516
946 1619
953 1389
1107 1391
962 1487
1339 1557
1613 1791
1214 1793
917 1630
1156 1632
984 1786
958 1880
1665 1799
363 1425
1219 1470
1508 1871
1847 1866
1215 1475
1149 1323
1187 1705
1402 1571
934 1391
1658 1794
1522 1768
1665 1772
1761 1818
1211 1551
1367 1399
1125 1457
1306 1507
1012 1692
1520 1662
925 1431
1663 1683
1564 1585
1857 1884
1322 1448
1281 1783
917 1086
980 1185
916 1612
1761 1765
913 1897
1175 1191
1526 1766
651 1012
1334 1718
1059 1238
1341 1702
1059 1796
1256 1341
1125 1707
916 1471
1399 1793
1101 1471
1191 1488
944 1472
1597 1721
1130 1833
107 1769
1051 1366
1102 1502
1289 1622
1557 1864
1199 1563
978 1126
1115 1647
1322 1859
967 1377
1020 1820
1163 1804
1070 1549
1367 1380
944 1258
944 1169
1198 1752
1101 1604
1520 1730
1207 1833
1365 1842
1290 1835
1201 1389
1078 1447
927 1621
1336 1809
1499 1546
1505 1674
1471 1612
1512 1694
1330 1388
1185 1613
1271 1612
1290 1754
1209 1717
1541 1624
913 1247
1673 1878
1130 1219
1216 1747
1390 1707
1508 1638
976 1677
1429 1502
974 1000
1574 1692
1038 1518
947 1608
1747 1784
1021 1899
995 1205
927 1730
1086 1318
1620 1813
1259 1311
1322 1413
1125 1271
896 984
1172 1793
1191 1707
1426 1573
1638 1786
944 1306
1617 1700
898 1166
1359 1409
1243 1639
1243 1570
1124 1361
1471 1600
981 1596
897 967
1009 1790
1510 1650
1626 1805
1335 1668
1099 1638
1288 1399
1584 1621
1066 1451
1663 1712
1054 1242
978 1440
1086 1668
1347 1591
1198 1538
1376 1485
1413 1841
982 1491
1175 1662
1735 1768
946 1589
1269 1420
1391 1520
953 1243
982 1207
353 1878
1130 1376
896 1347
1154 1531
107 1448
1242 1341
1316 1322
1199 1658
1209 1278
1063 1768
949 1072
967 1689
1086 1662
1082 1459
1211 1620
998 1173
1460 1730
966 983
1312 1431
566 968
1004 1810
1100 1475
1049 1644
925 1520
1571 1796
651 1645
1663 1879
606 1444
1129 1322
1452 1468
1104 1448
1093 1529
1004 1867
1257 1413
1124 1665
1654 1767
898 1102
925 1485
1707 1722
967 1047
376 606
1637 1842
1589 1753
1165 1384
1205 1839
1806 1825
1238 1287
1041 1259
1198 1199
1060 1573
414 566
1124 1800
1608 1772
1047 1389
1376 1491
1017 1707
1248 1785
1235 1611
916 1293
906 1795
901 1232
941 1282
997 1153
933 1649
906 1222
1085 1593
953 1619
1261 1475
1137 1733
1139 1170
1227 1742
1497 1675
1390 1757
1004 1101
1643 1735
1491 1879
1734 1746
1067 1227
1604 1898
1185 1835
1132 1839
1048 1305
1199 1793
1580 1898
1600 1714
1059 1714
975 1857
1067 1611
927 1367
1669 1753
908 1433
1330 1483
902 1322
1028 1799
1377 1669
1553 1861
353 651
1273 1282
1258 1355
1449 1874
1212 1910
1261 1582
107 1269
1236 1725
1333 1629
1044 1459
942 1508
1351 1431
1382 1396
966 1730
978 1376
1551 1843
1358 1673
980 1323
1344 1644
1135 1269
897 1791
1766 1882
637 1358
1191 1230
1810 1879
1659 1730
1242 1877
1028 1124
1388 1888
1621 1835
1589 1608
1347 1426
1009 1044
1135 1604
1280 1722
1075 1112
1806 1866
1108 1828
1101 1420
1063 1069
992 1787
475 1374
1107 1665
1583 1647
947 1639
919 1871
1175 1902
1520 1683
980 1637
1352 1736
1557 1800
1000 1840
651 936
993 1184
1052 1225
1396 1582
1526 1844
1025 1429
960 1449
1172 1665
1334 1389
1221 1315
1211 1793
1458 1805
1736 1845
1191 1584
1659 1737
1457 1746
1652 1809
1166 1725
902 1691
1132 1665
1041 1415
1199 1799
999 1431
1314 1895
1040 1289
1164 1557
1112 1752
901 1319
1885 1897
995 1323
1324 1396
954 1729
1452 1880
1431 1491
1153 1621
995 1201
1052 1366
1209 1554
1454 1706
1741 1861
999 1059
1409 1734
1146 1614
1132 1367
916 1516
1827 1839
957 1315
982 1488
1515 1732
896 1732
1211 1845
1017 1845
1125 1367
1007 1021
1622 1639
946 1079
1628 1720
1522 1609
1483 1669
1004 1076
1156 1538
917 1406
1219 1902
538 1545
1098 1705
1183 1667
1413 1495
1626 1674
1205 1663
1104 1190
1648 1733
995 1377
1222 1557
1255 1799
1148 1347
1056 1238
484 1223
1181 1367
1142 1464
1361 1839
1179 1606
1520 1530
1230 1723
1336 1391
939 1154
1420 1891
1204 1322
1298 1841
1172 1598
1389 1584
1456 1804
1265 1570
107 1087
1329 1620
1512 1616
1078 1331
1626 1883
1036 1859
1146 1879
1341 1559
526 1600
1267 1835
1603 1753
1361 1547
1191 1811
107 1344
924 1035
641 1459
982 1331
1048 1191
1232 1378
1277 1392
1343 1897
1172 1388
1257 1292
1199 1614
1761 1897
1331 1864
1328 1511
1149 1390
1341 1746
1273 1316
1370 1542
1534 1825
1566 1831
946 1603
1086 1112
1019 1279
1613 1772
1344 1827
1404 1720
1184 1735
1226 1536
1117 1124
1131 1756
1576 1583
1052 1525
1769 1774
1305 1589
1098 1553
915 1565
1110 1407
1610 1652
1130 1460
1537 1806
983 1849
1215 1649
566 1320
1774 1879
1378 1548
1175 1663
930 1374
980 1520
1181 1689
1066 1080
1004 1516
1187 1593
1123 1886
1068 1457
637 1179
1612 1637
1125 1330
962 1574
1056 1191
1720 1764
1006 1130
1309 1720
1423 1573
960 1619
1358 1606
1351 1799
1339 1491
1059 1329
896 1706
1060 1298
1468 1880
1107 1437
1101 1835
1214 1559
1003 1843
1184 1250
1288 1622
1287 1598
1538 1793
1061 1494
1216 1232
1049 1724
1549 1740
982 1809
1123 1471
1277 1893
1300 1744
1083 1707
1246 1862
1201 1447
1132 1613
1086 1377
1230 1750
978 993
963 1733
1011 1472
1330 1488
1520 1610
1620 1724
1107 1361
1128 1800
1429 1487
1361 1557
960 966
1404 1573
1198 1598
1420 1765
1548 1802
1345 1873
916 1184
1378 1493
107 1636
1036 1573
1052 1876
1158 1903
1132 1198
1258 1536
1163 1559
1135 1835
1231 1728
1610 1663
997 1741
107 1398
1159 1444
1757 1888
1522 1617
1379 1423
936 1358
1277 1322
1184 1620
1085 1806
1078 1117
1076 1256
1517 1604
1431 1845
965 1634
1391 1584
993 1833
1024 1123
1514 1740
1059 1086
960 1078
1211 1269
1177 1436
964 1259
1376 1891
1211 1864
1079 1804
1158 1423
107 1684
483 1870
1156 1390
1467 1612
1140 1666
1863 1879
1182 1191
1175 1547
1126 1331
1299 1686
1618 1717
1166 1638
1192 1786
1213 1624
1121 1259
1600 1689
1608 1823
951 1687
1578 1655
1589 1665
1399 1619
1091 1471
1181 1391
1186 1798
1600 1736
1175 1637
1106 1725
981 1459
1056 1447
1158 1628
1689 1827
933 1215
1175 1622
1235 1680
1004 1559
1075 1528
538 1543
1541 1727
1059 1721
1584 1789
1172 1222
1470 1826
1489 1515
1083 1898
986 1299
1396 1451
1611 1636
1014 1636
1355 1634
1078 1746
1576 1691
1783 1824
107 1447
580 1427
952 1250
1568 1601
1605 1619
1369 1563
1238 1530
1184 1623
1191 1390
1003 1835
946 1810
1473 1545
916 1092
1209 1243
916 1329
942 1406
1598 1717
1020 1108
1064 1343
1006 1086
1274 1593
972 1736
484 1122
1613 1821
951 1540
1104 1691
1261 1661
1092 1250
1250 1652
1409 1570
1003 1724
1402 1605
1652 1737
1671 1878
1467 1886
1569 1781
1205 1570
1341 1668
1335 1663
1143 1215
1480 1768
1345 1716
919 1742
1146 1509
982 1598
1391 1668
1078 1845
1167 1260
1291 1398
896 981
962 1425
1573 1655
1011 1709
107 1848
946 1153
107 1197
1104 1192
1229 1578
1030 1254
1112 1184
1538 1789
1279 1628
651 1122
1178 1803
1214 1329
938 1363
1128 1799
976 1801
1123 1485
1565 1602
1126 1816
1250 1754
947 1028
1707 1804
1448 1857
966 1605
953 1800
1653 1867
921 1643
1126 1612
1004 1079
1344 1796
1112 1185
1287 1816
1153 1470
982 1211
1142 1878
1104 1473
993 1079
1522 1685
353 1475
1250 1420
1307 1325
936 1320
1323 1609
1350 1583
1717 1888
1359 1791
1132 1551
1250 1620
1120 1227
1199 1535
1086 1714
1735 1845
1411 1618
1117 1584
107 1223
1198 1888
896 1235
1184 1391
1491 1761
1027 1890
1709 1785
1667 1840
1473 1818
1250 1816
916 1288
1612 1769
1185 1471
934 1793
1261 1893
1260 1366
1302 1800
1107 1447
1017 1522
1086 1879
1160 1201
1331 1632
1099 1309
1668 1888
1160 1804
1589 1799
1522 1886
1036 1067
1048 1049
1737 1816
1420 1485
538 1025
993 1768
1195 1538
1447 1717
1547 1662
1079 1391
1382 1783
1375 1735
1308 1703
1329 1509
1236 1906
1211 1530
1303 1396
954 1373
967 1175
1170 1213
1211 1399
1462 1716
1222 1323
1222 1675
1235 1350
1498 1827
107 980
1230 1622
1123 1480
1106 1591
1083 1172
1083 1652
1320 1740
1159 1241
1557 1795
1278 1416
1448 1628
1799 1867
1360 1511
1503 1850
1491 1888
1356 1478
1589 1643
1639 1839
1409 1842
1107 1172
942 1261
916 1280
969 1081
915 1192
1279 1462
1282 1502
1092 1754
959 983
1304 1355
1589 1639
1444 1713
1588 1803
1116 1230
1610 1717
921 1323
966 1449
973 1369
982 1537
1335 1813
1612 1752
1243 1753
917 1876
1331 1393
1116 1269
1584 1827
1522 1551
1040 1330
1229 1459
1256 1639
1727 1808
966 1331
1367 1524
1361 1644
1219 1437
1284 1502
898 1824
107 428
1128 1135
1075 1845
1230 1376
1026 1156
1557 1791
1108 1454
1613 1683
1688 1845
1750 1793
1349 1844
1480 1556
976 1122
946 1024
1612 1886
978 1222
1078 1603
1391 1793
1225 1299
1390 1668
1243 1483
1320 1358
1763 1878
1450 1726
1522 1530
960 1480
1367 1804
921 1078
1420 1570
1285 1736
1012 1400
1199 1238
1374 1790
1207 1868
1432 1578
1683 1769
1060 1104
939 1295
1688 1811
1503 1828
1334 1570
1329 1522
1135 1646
1123 1799
1330 1669
1014 1257
1367 1522
1730 1800
1198 1488
1142 1790
997 1804
953 1741
1522 1799
1125 1827
916 1580
1381 1635
1242 1559
107 1060
1352 1839
580 931
1331 1663
1191 1827
1083 1271
1604 1843
1059 1800
925 1075
997 1722
1211 1736
1679 1882
1156 1789
1449 1612
1188 1299
975 1104
1004 1467
107 1572
1149 1643
900 1615
1494 1676
1563 1612
1014 1907
1078 1285
1159 1167
1456 1619
1078 1255
1204 1229
1491 1669
1126 1196
1842 1849
1377 1604
1576 1716
1272 1662
1485 1799
1126 1810
1344 1597
1479 1873
1373 1873
1470 1888
1275 1536
1199 1849
1363 1837
1415 1725
1101 1376
1366 1703
1004 1390
1305 1516
1222 1811
946 1827
971 1032
1173 1811
1222 1559
963 1468
1256 1863
1423 1875
1261 1282
914 1882
1101 1874
941 1303
1255 1416
1323 1888
897 1305
1149 1352
1370 1821
967 1290
1377 1791
1024 1712
1101 1329
1590 1643
908 1327
910 912
960 1398
1406 1871
898 1875
983 1211
1192 1691
1570 1643
1201 1456
1102 1812
1663 1688
1341 1449
1277 1413
538 566
1746 1849
1067 1277
1398 1851
1131 1504
107 1034
517 1320
1488 1793
1211 1589
1459 1592
1209 1663
1255 1600
999 1367
1316 1742
1153 1768
1302 1367
1580 1791
1048 1864
981 1100
1420 1590
526 1557
1616 1790
1459 1583
1083 1826
389 1472
1009 1015
1671 1763
1591 1661
1204 1828
1728 1872
1146 1302
1080 1113
1292 1475
1182 1570
1117 1849
1028 1291
1260 1686
1008 1505
896 1170
1306 1738
1280 1391
1024 1604
1129 1413
1503 1894
1192 1857
1018 1595
1347 1396
943 1189
1106 1304
1041 1246
1192 1873
978 1613
1227 1462
1052 1472
1260 1815
925 1132
1313 1543
1358 1763
1526 1794
1153 1809
1083 1132
966 1902
1048 1116
993 1867
1207 1898
1235 1742
1839 1849
1289 1665
1449 1888
1204 1379
1488 1826
1148 1899
989 1899
1066 1638
1279 1596
1117 1390
983 1380
1126 1329
1006 1809
1166 1525
1804 1839
1515 1893
1185 1590
1052 1541
1667 1783
1265 1590
916 1800
978 1842
989 1583
1070 1634
1006 1211
916 1665
1250 1288
1125 1839
927 980
1530 1737
1231 1347
1199 1201
1185 1269
1190 1628
1352 1516
1078 1391
1149 1267
905 1263
1256 1835
1072 1348
1177 1889
1153 1730
1608 1736
1201 1480
1217 1620
1117 1571
1399 1473
1712 1804
1184 1267
1101 1791
1078 1437
1192 1790
1069 1238
1399 1750
1066 1716
1173 1214
1673 1844
947 1211
946 1509
1632 1768
1021 1475
1015 1495
1672 1869
1322 1635
1026 1612
1281 1844
1134 1709
1006 1376
1006 1746
1304 1725
1161 1327
1315 1680
1722 1868
1449 1480
1551 1617
1044 1884
1411 1891
1559 1561
1397 1673
1794 1818
946 1799
1172 1714
1299 1469
1570 1765
1330 1736
651 1179
1522 1557
1422 1730
1509 1669
1118 1798
1044 1235
1159 1525
1067 1682
993 1639
1029 1730
1060 1715
1211 1741
1379 1459
1347 1859
1040 1868
1307 1588
1302 1804
1222 1238
1472 1869
637 1830
1165 1866
1313 1320
966 1572
1597 1600
1112 1710
1222 1471
107 1610
1028 1449
1056 1519
1059 1339
107 1183
1669 1793
1768 1809
1269 1613
1453 1575
1132 1289
1444 1807
1230 1741
906 1623
1602 1790
1824 1893
1678 1811
1167 1876
983 1006
1230 1754
993 1209
1714 1821
637 1479
1019 1459
1124 1589
1561 1702
1040 1547
1204 1647
1017 1456
1213 1869
538 1374
107 1669
932 1211
924 1275
1471 1480
1863 1911
1256 1361
1557 1746
1342 1831
937 1248
1009 1691
968 1334
1454 1636
1272 1639
1195 1843
1390 1520
976 1645
1101 1288
363 1790
1360 1615
1128 1650
967 1528
1286 1462
1001 1179
934 1551
946 1004
1033 1908
1211 1683
1352 1721
1450 1792
1338 1756
1425 1633
1010 1549
1340 1557
1470 1519
1185 1750
1199 1280
934 1367
107 1128
921 995
993 1804
1214 1736
1505 1561
1001 1358
1284 1655
1459 1587
1422 1808
933 1729
946 1431
1626 1800
1156 1816
1130 1849
1653 1827
1083 1752
1291 1879
1285 1380
1139 1906
1680 1893
1126 1539
1230 1377
967 1796
1066 1396
1590 1902
1003 1242
475 1545
1079 1653
1056 1902
1337 1697
1015 1129
1348 1541
1416 1597
1039 1551
1214 1842
957 1066
1737 1799
1126 1390
1367 1621
484 1237
1518 1774
1277 1583
1146 1714
1158 1277
1341 1551
997 1163
1571 1663
1730 1839
1318 1427
1159 1170
1251 1421
1604 1818
1211 1721
1416 1810
1163 1663
1191 1563
1689 1864
1323 1460
957 1479
1255 1554
1078 1538
938 1319
1184 1287
1462 1790
1628 1715
1003 1707
483 1210
1138 1218
1622 1879
1347 1872
1106 1630
1004 1391
1250 1662
1302 1622
1584 1741
1459 1661
1188 1876
1617 1718
1104 1350
992 1895
1159 1258
1199 1632
1012 1778
1052 1738
1391 1735
1566 1680
1112 1367
946 1302
484 1217
1655 1680
1076 1447
1024 1863
1504 1633
1288 1547
1067 1871
916 1026
1314 1533
1420 1659
1402 1617
934 1888
1028 1375
1783 1887
978 1399
1367 1689
1118 1892
1267 1516
1419 1843
1287 1800
606 1349
1683 1717
1285 1668
606 1070
1124 1622
1791 1861
925 1737
1059 1076
990 1674
1037 1504
1291 1467
1377 1539
1175 1833
997 1675
966 978
1791 1804
1006 1795
1375 1621
1068 1613
1835 1845
483 1767
995 1083
1516 1800
1539 1827
107 1678
1110 1911
1457 1665
1343 1738
1352 1902
580 1870
943 1308
1589 1637
993 1589
1289 1619
1259 1783
1130 1619
985 1127
908 1567
975 1596
580 1080
1296 1785
596 1515
967 980
1491 1557
1635 1636
1185 1734
1327 1369
1117 1608
1604 1675
966 1305
1243 1662
1113 1332
1146 1265
1435 1444
1148 1231
1238 1470
1334 1471
1217 1444
1086 1660
1470 1563
1171 1173
1009 1636
1129 1583
1567 1803
1795 1877
1804 1842
1156 1603
606 1487
1685 1746
1460 1622
971 1783
1175 1851
1348 1529
1637 1746
970 1687
1107 1845
1056 1124
107 1614
1361 1898
1367 1796
1429 1515
1117 1717
925 1516
957 1578
1041 1213
1376 1551
1440 1780
1329 1823
1175 1409
1712 1888
1359 1377
1309 1392
1299 1500
1269 1757
1032 1204
1331 1612
1132 1623
930 1694
967 1405
1009 1475
1012 1075
1688 1795
1004 1431
1024 1130
1184 1331
1312 1717
1153 1761
1235 1448
1095 1210
1112 1340
1205 1409
942 1899
1374 1844
1402 1483
982 1336
1722 1797
1018 1786
1271 1619
1309 1848
1212 1671
1547 1813
913 1620
1184 1662
1047 1669
1060 1636
1139 1259
938 1568
946 1026
1290 1827
1336 1668
1332 1878
1107 1132
1181 1610
1800 1864
1199 1330
1305 1637
925 1539
1295 1785
1014 1611
934 1026
1835 1864
1040 1823
1214 1447
1255 1528
1068 1832
1377 1623
1001 1616
1125 1480
1048 1669
1080 1677
1128 1491
1113 1320
1611 1872
1390 1730
1376 1902
1557 1613
1479 1596
1124 1659
953 1163
1425 1625
1479 1578
1274 1615
1339 1683
107 1793
969 1451
1582 1828
1329 1864
1285 1456
1205 1605
1122 1574
1769 1799
1191 1491
1787 1798
1508 1742
1691 1875
1267 1750
1124 1335
1354 1672
1107 1409
1267 1622
916 1662
1610 1665
1491 1849
925 1185
1669 1833
1009 1680
1010 1525
993 1600
1714 1868
942 1495
1662 1845
1447 1813
1156 1271
1048 1124
915 1625
916 1361
1112 1209
1078 1330
1367 1509
1639 1779
1153 1757
1271 1456
1608 1761
107 1737
1166 1893
988 1628
896 1873
1613 1621
1547 1864
966 1416
1100 1655
1379 1862
1291 1752
353 1075
1017 1752
1082 1148
1578 1628
1538 1833
972 1117
1551 1580
1199 1622
1126 1198
898 1020
1255 1643
1740 1766
1028 1700
1361 1867
947 1622
1086 1447
1333 1601
566 651
1117 1598
1086 1285
993 1291
483 1142
1283 1505
1373 1481
953 1637
1255 1730
1482 1529
1302 1603
1166 1282
1406 1786
1032 1850
917 1786
952 1800
1551 1754
1032 1227
1020 1261
107 1424
1457 1547
1289 1827
1514 1645
1219 1509
1470 1768
1163 1604
1014 1583
1597 1644
1127 1709
1435 1569
1069 1431
1004 1888
1066 1324
1024 1101
1367 1879
1254 1368
1107 1584
1495 1824
1617 1888
1550 1628
1237 1800
1736 1754
963 1378
107 1262
1241 1502
1520 1714
1509 1570
1216 1733
1029 1487
925 1590
1291 1761
1125 1132
1420 1523
926 1026
1070 1507
1066 1875
1211 1902
1191 1608
566 1844
1322 1404
1217 1366
1060 1459
997 1861
1059 1078
1377 1811
1423 1636
107 1112
1187 1806
1021 1281
596 1032
1076 1181
1199 1361
1619 1861
1221 1807
107 979
1136 1705
1017 1826
1259 1906
1408 1740
963 1629
1109 1630
1024 1652
1108 1820
1321 1521
978 1272
1293 1340
980 1793
1522 1603
606 1565
1068 1488
1463 1741
1548 1601
1099 1166
1732 1783
1086 1273
637 1543
1502 1573
526 1609
1771 1867
1163 1863
917 1108
995 1741
1216 1333
1420 1538
1006 1207
999 1589
1086 1153
1010 1496
1373 1794
1360 1803
376 538
1041 1131
925 1416
983 1063
960 1604
934 1835
1370 1757
1536 1881
1336 1598
1336 1380
1068 1365
1574 1645
983 1285
1540 1600
1041 1876
1101 1584
1101 1839
916 1718
1108 1495
1184 1823
1409 1517
993 1509
1479 1715
1551 1877
1014 1508
107 1143
538 1358
1707 1772
1352 1753
1794 1871
1219 1399
952 1076
930 1514
1493 1880
917 1060
1663 1718
1523 1724
1234 1831
1589 1617
1021 1636
1275 1869
1314 1747
1250 1255
1327 1656
1352 1799
1290 1663
1189 1338
1567 1698
952 1714
919 1582
983 1712
1343 1831
1159 1338
1148 1636
1120 1448
1532 1810
1318 1446
1104 1894
1107 1238
934 1334
951 1656
1457 1714
1516 1833
1211 1839
1669 1685
913 1699
989 1432
1068 1793
1377 1584
1452 1787
1116 1835
1082 1235
906 1816
955 1045
1153 1335
982 1083
1480 1652
1345 1903
1139 1904
1281 1373
1173 1483
1098 1165
1047 1330
1516 1530
925 1092
1628 1903
1174 1421
420 483
896 1423
980 1669
1293 1522
925 1610
1054 1075
1513 1522
1809 1816
978 1833
1736 1793
1160 1842
1416 1663
1026 1172
994 1573
1021 1573
1278 1827
1115 1857
1006 1584
1250 1796
925 1688
916 1199
1436 1699
1365 1643
1480 1804
1269 1471
1746 1879
997 1608
1454 1495
1312 1485
959 1153
1682 1884
1352 1809
1078 1390
1722 1805
1107 1149
483 1373
1283 1477
1571 1754
1020 1751
1098 1806
1076 1750
1225 1366
376 1374
1391 1447
1235 1691
526 1435
1184 1752
1553 1698
1471 1683
526 1882
1621 1668
1340 1819
916 1554
1313 1844
915 1766
1212 1831
1095 1487
1404 1448
1457 1839
1199 1402
1485 1846
1017 1867
1092 1860
1271 1722
1199 1795
983 1809
1598 1665
919 1020
975 1903
1059 1547
1291 1833
1292 1459
1328 1421
932 982
1126 1330
1102 1316
1003 1523
1086 1238
1085 1420
1250 1435
1357 1688
1485 1782
1277 1459
1043 1384
1258 1738
1199 1250
1427 1429
1719 1825
1017 1059
925 1618
1017 1370
1704 1706
107 1766
1277 1903
107 526
981 1322
952 1341
1420 1717
1214 1598
1621 1888
1006 1040
1480 1612
1147 1894
1554 1757
637 1128
1370 1746
965 986
1471 1717
1021 1691
1109 1507
1078 1849
1128 1620
947 1683
1800 1879
1784 1895
1120 1462
1810 1845
1059 1789
1131 1831
930 976
1584 1804
969 1406
1250 1737
1682 1903
1288 1402
629 1850
1478 1910
1037 1412
947 1800
1390 1608
1441 1564
1496 1709
1376 1539
1021 1322
1158 1872
1021 1229
1207 1746
1484 1754
1525 1783
1272 1888
1746 1826
1502 1596
1367 1520
1495 1894
1336 1663
1112 1886
1098 1360
1425 1801
953 995
930 1679
1212 1829
1479 1899
1128 1242
1250 1879
934 1613
1370 1604
1736 1750
637 1677
1199 1359
1617 1793
919 1396
1391 1827
389 1469
1159 1225
960 1163
1204 1628
1377 1867
1616 1677
917 1121
107 1283
1182 1782
1126 1799
1694 1910
946 1752
974 1640
1569 1650
1554 1800
107 1516
1584 1761
1378 1895
1361 1911
1491 1714
1300 1358
1250 1375
999 1799
906 1867
963 1216
1074 1519
1376 1471
1571 1741
1421 1615
1146 1520
1584 1753
917 1681
1604 1768
1078 1879
1380 1809
1130 1879
925 1668
916 1685
1609 1842
1086 1722
921 1663
1659 1750
1124 1437
1514 1882
1557 1620
973 1883
1542 1662
1520 1589
954 984
1614 1886
1006 1605
1182 1663
1039 1809
1108 1502
1467 1730
1098 1317
1584 1717
1554 1559
1120 1129
1590 1639
1209 1819
1067 1257
1153 1605
1052 1355
1138 1896
1238 1689
902 1872
1302 1736
1001 1207
1371 1895
1348 1681
1086 1457
1211 1243
1017 1399
1179 1616
1867 1886
980 1049
1035 1472
1407 1754
1345 1859
1345 1576
1180 1741
1017 1130
1798 1895
999 1124
483 984
1021 1578
1165 1641
1036 1100
1235 1884
1211 1597
1642 1674
1172 1833
922 1800
1078 1238
1021 1104
1434 1441
1273 1820
1231 1550
1082 1438
1495 1573
1015 1021
1449 1735
1559 1665
1032 1489
1149 1612
1091 1207
1287 1845
1598 1823
1126 1149
1086 1298
1083 1604
1589 1612
1319 1378
1480 1805
994 1258
1563 1845
1040 1768
1080 1086
1522 1746
1816 1826
107 1001
1090 1749
1104 1576
1024 1530
1321 1561
1100 1841
946 1559
948 1878
1623 1867
1320 1512
414 606
1357 1767
1048 1675
1212 1443
1309 1751
1791 1827
1555 1687
988 1277
1543 1870
1277 1423
901 1216
1522 1613
1440 1858
1329 1799
1272 1622
1457 1868
1095 1397
107 1099
1471 1488
1247 1794
1610 1761
1609 1793
1075 1340
1608 1612
995 1029
1125 1456
1551 1811
898 1282
1714 1789
1227 1229
1077 1577
1662 1816
1056 1457
1260 1525
1621 1891
896 1859
1099 1907
1582 1742
1822 1905
1006 1530
1314 1798
1238 1842
1014 1322
1376 1761
1181 1800
966 1809
1290 1520
1184 1435
1563 1637
1144 1328
1432 1824
1019 1862
1320 1616
1367 1620
566 1673
1238 1380
1584 1810
1040 1359
1365 1420
1565 1625
1738 1876
1603 1707
1175 1879
1652 1683
1497 1761
1632 1827
1078 1124
1107 1621
1766 1844
948 1025
1126 1603
651 1357
1153 1488
960 1126
1204 1728
1227 1347
1632 1835
1686 1876
957 1596
908 1588
966 1746
1459 1872
1100 1350
903 1493
1185 1456
1097 1137
1019 1636
1235 1635
1331 1827
1166 1876
1085 1588
1120 1636
1318 1645
1222 1361
1414 1573
1128 1436
1110 1711
107 1265
1049 1075
1316 1732
1644 1823
1736 1799
1540 1717
107 1149
1075 1688
1605 1730
1305 1799
1090 1244
526 1407
1557 1796
1816 1835
1707 1730
1230 1839
1282 1475
1730 1898
1477 1792
1275 1473
1576 1680
1349 1744
1375 1827
107 1137
1173 1447
901 1363
1595 1786
1833 1902
1593 1708
1083 1833
637 1300
1377 1765
1714 1752
1214 1483
952 1539
1416 1524
980 1557
917 1785
1011 1482
1431 1598
1431 1799
1484 1845
1643 1714
934 1522
1023 1861
1846 1851
1244 1630
1221 1418
1017 1849
1451 1824
1099 1786
1160 1551
1712 1868
986 1225
1079 1540
483 1001
1624 1770
980 1243
1128 1185
1209 1528
1075 1290
959 1898
917 1412
1124 1305
1565 1882
1101 1125
1146 1813
1076 1559
1216 1601
967 1663
1352 1520
1068 1809
1689 1902
1154 1349
901 958
1227 1515
1255 1377
1173 1431
1399 1559
1402 1609
1272 1730
1377 1388
1857 1872
917 1159
1361 1663
1467 1791
1449 1614
1146 1523
1209 1339
1528 1620
946 1879
1597 1652
1085 1866
1054 1059
1542 1902
1149 1761
980 1584
1557 1736
1210 1332
896 1824
1273 1508
980 1589
1655 1764
1190 1475
1327 1600
1047 1753
1175 1800
1017 1230
980 1707
1269 1735
366 637
916 1888
366 1767
1621 1791
1509 1746
428 1408
957 1611
1247 1818
1129 1716
1306 1525
1361 1621
1598 1793
946 1516
1447 1584
942 1751
1217 1487
1445 1702
1243 1621
947 1864
1293 1605
1598 1772
1341 1538
1130 1800
914 1575
1290 1688
1029 1201
1076 1199
1480 1653
1505 1666
993 1849
1376 1839
1559 1782
1527 1911
1250 1867
1413 1578
1542 1589
949 1831
946 1746
1628 1636
1644 1717
1226 1320
953 1604
1211 1663
1272 1603
1142 1574
975 1448
1281 1309
1282 1742
1271 1285
1250 1717
1109 1904
1496 1536
1795 1861
982 1839
1106 1121
1374 1767
908 1325
1322 1691
1066 1148
1479 1515
1255 1280
962 1235
1122 1740
1391 1843
1196 1272
1006 1351
954 1783
1480 1598
517 1514
1126 1833
1000 1134
1261 1277
921 1714
1032 1502
1470 1553
919 1303
1033 1615
1185 1584
938 1378
1086 1164
1604 1605
363 1400
1199 1584
1238 1902
1130 1746
1273 1751
1067 1229
1026 1028
1126 1269
1006 1132
1475 1502
1308 1366
1540 1683
1307 1494
1349 1740
1124 1172
1021 1231
1686 1794
1645 1763
1181 1623
1694 1790
896 1231
1182 1617
915 1801
1152 1525
107 991
1110 1523
1509 1517
1619 1879
1622 1653
1483 1619
483 1778
981 1502
1626 1683
1600 1653
1707 1879
596 1022
1707 1809
1042 1686
1009 1899
1494 1825
1267 1483
1183 1686
107 1054
916 1509
1583 1873
1076 1736
1214 1839
1376 1718
988 1192
1214 1609
1380 1488
1623 1795
1329 1519
1501 1851
1826 1842
1017 1336
1199 1399
1554 1819
1021 1862
107 1603
1017 1842
1108 1824
1605 1665
1113 1881
1217 1569
1780 1817
1528 1557
947 1516
1078 1351
1101 1813
1683 1724
1646 1813
1025 1324
1467 1520
1361 1722
1377 1827
1793 1823
1399 1752
1846 1883
1222 1622
1231 1462
1447 1804
1004 1352
902 1204
1615 1698
1539 1669
1026 1730
946 1199
107 1700
976 1358
1636 1903
1322 1347
1390 1600
1070 1500
1020 1166
1361 1805
1341 1898
1085 1307
1524 1589
1173 1460
1516 1643
1329 1407
1256 1551
1609 1620
903 1452
1231 1573
1659 1688
1029 1483
1382 1751
942 1732
1149 1375
1255 1589
925 993
1124 1842
960 1571
1060 1578
1530 1826
1004 1620
1180 1483
1488 1737
1198 1589
1449 1556
1611 1903
1125 1793
1126 1765
1302 1761
1267 1608
1153 1662
1222 1487
1112 1721
915 1897
1600 1612
1516 1547
1613 1768
1298 1635
1277 1729
1124 1554
953 1768
1683 1791
925 1714
999 1439
1049 1352
1183 1472
947 1287
483 1720
1125 1804
1128 1420
1471 1816
989 1067
973 1863
1735 1774
1156 1256
1331 1879
1181 1826
1083 1741
1290 1420
1161 1909
1471 1547
1342 1637
1367 1839
953 1377
1010 1785
1284 1550
920 1334
1110 1791
921 1420
1172 1707
1370 1431
1155 1490
1076 1737
1222 1256
1505 1528
1371 1601
909 1043
1009 1100
1516 1849
968 1738
916 1589
1685 1845
1028 1714
1341 1352
1380 1879
1001 1542
1390 1735
1125 1868
1211 1267
1068 1153
1597 1823
1199 1754
1091 1839
1345 1432
1376 1810
1146 1390
1491 1752
1604 1714
1559 1736
1066 1907
1793 1804
1571 1902
905 1001
1232 1568
1704 1786
1049 1329
1717 1750
958 1216
1662 1772
1409 1746
1247 1729
1247 1429
1365 1589
932 1399
1519 1674
1524 1613
1559 1800
1083 1832
1154 1785
1377 1554
1320 1565
107 1534
1444 1783
1043 1788
943 1236
1173 1570
989 1655
1211 1287
993 1888
1182 1608
1101 1793
1132 1336
1864 1902
1288 1712
1269 1675
1174 1803
1221 1873
946 1416
1399 1447
526 1444
107 1471
1689 1813
906 1609
946 1736
1085 1136
1832 1839
1083 1160
932 1517
1323 1551
1132 1793
913 1377
1520 1643
1598 1714
1238 1330
1238 1746
538 1226
1352 1367
1199 1456
989 1720
1712 1833
1075 1620
968 1897
107 1418
1542 1816
1591 1893
1554 1621
1303 1824
1522 1714
923 961
1280 1842
1431 1796
966 1335
1041 1189
1340 1547
1006 1024
1844 1878
1335 1632
1049 1110
969 1742
1444 1876
1062 1357
981 1379
917 1316
954 1649
953 1665
1077 1702
1184 1563
1551 1813
1131 1338
1446 1692
1017 1823
1349 1743
1214 1804
1390 1877
898 1742
1746 1800
1595 1742
1256 1431
1416 1835
517 1487
1198 1819
1339 1886
1589 1623
1115 1284
1131 1815
1535 1663
1190 1448
1361 1891
896 1862
475 1427
1291 1864
1426 1884
1014 1392
580 1300
1163 1879
1557 1663
107 1619
1427 1790
1332 1766
1580 1833
107 1621
1059 1620
1730 1819
1092 1741
1296 1504
389 1037
1304 1536
1596 1862
1358 1695
1363 1880
1029 1280
1523 1852
1532 1800
1157 1909
1164 1761
563 1136
1621 1662
1083 1447
107 1263
903 1837
1799 1839
1305 1746
1721 1752
1049 1589
1440 1590
1117 1173
1402 1888
1040 1665
1001 1543
1199 1407
1702 1806
1603 1888
1399 1437
1334 1377
1222 1613
1086 1868
1267 1431
1470 1741
1272 1449
1409 1898
916 1069
1076 1746
651 1512
1380 1457
1049 1800
1032 1303
1322 1569
947 1078
1477 1909
1735 1836
1153 1370
1172 1554
1661 1786
1610 1868
1505 1593
1768 1827
1146 1160
1243 1522
921 1195
1185 1675
1376 1522
1036 1715
538 1565
1614 1819
1093 1667
983 1199
1107 1662
1049 1230
967 1813
983 1879
1389 1551
897 1058
1294 1844
1400 1487
1435 1800
1293 1621
1704 1742
1014 1573
1399 1622
1373 1824
932 1669
1026 1734
906 1209
1674 1863
1312 1663
1020 1893
1416 1714
1227 1292
1554 1623
1040 1288
1104 1655
932 1775
947 1079
1437 1736
1102 1309
1259 1815
1083 1280
1256 1351
1589 1867
1370 1665
1462 1628
993 1851
944 1815
1017 1187
1040 1712
921 1845
1842 1888
1199 1570
1117 1402
1226 1469
916 1730
1219 1827
1040 1793
896 1720
1391 1589
941 1227
997 1201
1331 1622
1117 1267
1176 1591
1120 1298
1184 1390
1565 1660
1173 1584
916 1663
1250 1746
1128 1418
1369 1420
1075 1754
1302 1665
1014 1373
1398 1513
988 1591
1207 1336
1689 1721
902 1448
1080 1673
1230 1289
107 1174
1029 1609
1379 1611
1211 1761
1236 1504
1404 1479
1359 1571
1377 1620
1765 1842
1024 1752
1331 1399
957 1764
1467 1516
1078 1835
1539 1584
1396 1454
601 629
980 1352
1431 1551
1519 1832
982 1288
996 1860
1523 1554
1293 1339
1269 1377
1409 1816
1181 1491
1083 1125
107 982
1497 1646
1625 1773
957 1231
959 1380
1086 1877
1334 1516
1180 1793
1014 1406
483 1303
1054 1554
1473 1786
1416 1791
1540 1813
1184 1539
641 1671
1082 1873
930 1425
1242 1390
1195 1639
1331 1559
1127 1703
1148 1454
1184 1612
107 1138
1078 1092
1523 1863
925 1804
1184 1617
1639 1813
1020 1081
947 1613
1117 1675
1683 1835
1377 1689
1059 1793
1291 1730
1339 1344
1049 1416
1266 1434
1277 1862
1608 1839
366 1374
1107 1399
997 1604
1280 1609
1235 1475
917 1503
1041 1904
1416 1789
526 1710
1243 1643
1244 1428
1391 1608
1639 1768
937 1725
1237 1514
107 348
1352 1598
1059 1662
1045 1197
1663 1793
1483 1746
932 1902
1219 1377
1167 1299
951 1618
1086 1358
1110 1897
1658 1807
1420 1746
1554 1737
1081 1820
1069 1736
651 1428
1609 1861
1388 1835
1070 1624
1238 1793
1048 1688
1351 1833
1609 1898
1573 1716
1070 1699
1092 1361
1329 1613
1175 1668
1129 1277
1250 1380
1203 1588
1078 1288
1416 1879
1115 1432
1079 1209
1036 1841
1309 1786
1343 1807
1341 1864
1037 1259
1499 1552
1024 1898
1669 1768
949 1541
1427 1763
1884 1903
1231 1592
1078 1132
980 1195
1083 1391
1304 1709
1345 1392
902 1479
1483 1707
389 1041
1600 1819
107 1818
897 1553
1612 1643
983 1101
1525 1536
1493 1895
1483 1898
1724 1752
1539 1789
1083 1390
1470 1570
1150 1626
1683 1813
1427 1660
107 1532
931 1566
1622 1724
1504 1725
896 1082
1423 1841
107 1746
1561 1678
1199 1557
921 1793
933 971
1448 1472
1413 1611
932 1580
428 606
1483 1832
1520 1685
1198 1242
925 1125
1459 1720
1489 1850
1029 1835
353 1512
1164 1329
1083 1480
1006 1768
1697 1806
1735 1804
1076 1621
1427 1625
1146 1746
1456 1613
1180 1598
999 1752
1032 1812
1473 1709
1082 1680
1571 1793
1163 1185
1132 1288
1662 1823
1547 1827
1391 1730
966 1516
484 1358
1480 1833
1630 1781
1626 1817
1207 1359
1112 1390
1374 1400
944 1876
1153 1256
1138 1562
1458 1782
1329 1888
1235 1862
1778 1882
1717 1736
1055 1544
1714 1723
1004 1554
1026 1305
1238 1613
1530 1768
1795 1835
651 1536
1420 1483
1390 1584
953 1323
1604 1662
1661 1893
1081 1786
1107 1902
1205 1804
1032 1729
934 1376
1191 1528
1191 1211
1144 1825
1242 1572
988 1104
1611 1655
1390 1663
1181 1714
651 1320
1227 1322
1086 1123
1020 1894
1393 1407
1729 1907
1598 1639
1365 1823
1250 1810
1563 1836
1644 1800
1683 1795
1059 1563
1327 1523
1668 1868
1598 1736
1399 1530
1330 1610
962 1677
1293 1352
1388 1772
1507 1630
1286 1322
1047 1813
1534 1674
1643 1723
1080 1881
1093 1366
966 1665
1502 1786
1375 1620
1359 1517
1158 1729
1879 1888
1279 1636
940 1418
1196 1836
1392 1413
1898 1902
1813 1879
1184 1420
1619 1663
939 1497
1375 1714
1132 1199
898 1515
1323 1730
1029 1620
483 1844
1554 1826
917 1515
1049 1340
1285 1610
1800 1827
1715 1729
1554 1835
1256 1833
1024 1285
1293 1796
1335 1589
1598 1707
1221 1578
1483 1663
1197 1368
1363 1629
969 1261
1729 1783
897 1639
1158 1345
902 1379
1070 1296
1267 1302
1431 1793
1522 1845
1181 1399
1578 1857
1433 1687
1275 1904
1078 1619
641 1616
1547 1809
925 967
1388 1849
1642 1684
1614 1761
1225 1876
1724 1816
1124 1909
1011 1169
1222 1678
1431 1467
1528 1685
1052 1436
978 1888
971 1020
1210 1671
1125 1365
921 1164
107 1767
1003 1752
1153 1604
1144 1360
1030 1252
1148 1691
1211 1335
1334 1535
998 1722
1188 1536
1117 1722
1334 1431
916 1222
107 1387
1572 1789
1128 1344
1006 1287
1382 1786
978 1439
1230 1420
1172 1823
1373 1502
1198 1789
1235 1899
1610 1827
1530 1809
968 1818
107 1111
1431 1810
1150 1656
1483 1598
1663 1799
925 1491
1393 1813
1198 1644
1576 1899
483 1158
1060 1423
959 1519
1766 1801
999 1230
993 1287
1440 1639
1495 1783
925 1181
1880 1895
1718 1780
1251 1705
920 1484
1420 1752
1199 1598
944 1703
975 1423
1205 1888
1216 1784
107 987
1199 1289
1529 1709
1269 1610
1120 1273
1520 1765
1758 1835
1435 1699
1047 1622
1390 1610
1056 1805
1873 1903
1555 1593
908 1687
1485 1659
1268 1876
1617 1632
1172 1610
1714 1768
1004 1717
1879 1898
1603 1752
930 1773
1481 1591
1091 1619
1052 1630
917 1824
1079 1530
1156 1800
970 1847
1318 1744
913 1366
1242 1620
901 903
1117 1205
1269 1879
1718 1835
1101 1707
1235 1655
1110 1377
1004 1842
1124 1675
1066 1245
1399 1689
1509 1663
997 1101
921 1669
1291 1795
1266 1585
1085 1705
1118 1629
950 1687
1540 1891
1131 1258
1551 1721
641 1565
1557 1789
1663 1730
1148 1587
993 1101
1184 1456
1227 1576
1159 1366
1205 1813
1356 1910
1153 1402
1238 1391
1117 1255
955 1030
1116 1845
1128 1376
1452 1533
1743 1829
1330 1605
1124 1447
1191 1833
925 927
1329 1609
1269 1864
1431 1535
1076 1819
1083 1547
913 1630
1331 1608
942 1824
1655 1728
934 1390
1305 1367
1126 1523
897 1470
1331 1623
978 1643
1832 1898
902 1104
980 1795
1796 1867
1555 1705
1668 1879
1516 1736
1574 1677
1074 1902
1238 1839
947 1559
1004 1600
978 1819
1636 1893
946 1006
1516 1813
1793 1796
1122 1677
1059 1823
1086 1643
1449 1736
1471 1509
1392 1426
1292 1691
1338 1686
1557 1757
1040 1107
1191 1407
1114 1692
1735 1851
1377 1470
1210 1606
1655 1859
1516 1737
1529 1630
989 1044
1550 1611
1449 1800
1204 1231
993 1559
1623 1864
1283 1863
1596 1873
1570 1637
1388 1741
1341 1420
1256 1447
1737 1833
1230 1721
1675 1714
1593 1705
1351 1367
1079 1879
1015 1459
967 1182
1231 1783
1185 1617
1256 1559
1707 1714
1230 1879
1766 1773
107 1675
1095 1794
1538 1563
1250 1736
1004 1092
1291 1675
1255 1323
1237 1358
1156 1653
1621 1734
1051 1709
1376 1584
980 1047
926 960
1513 1852
107 901
994 1818
1125 1665
1475 1591
1766 1870
1610 1721
1198 1663
1336 1714
1389 1637
1473 1767
376 580
1699 1807
1299 1727
107 910
107 1679
961 1688
1613 1675
1598 1668
1198 1799
107 1845
1136 1307
1844 1882
1255 1334
921 1049
942 1820
984 1020
1175 1447
1408 1885
1269 1816
1327 1769
517 1095
1130 1805
1235 1345
1070 1897
1199 1757
1557 1600
947 1604
1334 1782
1185 1810
1416 1516
1374 1574
984 1032
1086 1799
1083 1799
1876 1906
1199 1867
994 1473
1277 1448
1011 1338
1238 1377
1075 1123
484 1604
1250 1344
1684 1758
921 1369
1801 1844
1488 1827
107 1184
1730 1791
