212 295
297 322
0 169
14 144
184 320
31 142
212 298
186 239
252 285
304 325
147 219
181 328
271 332
115 262
8 91
277 315
56 199
86 177
26 232
126 322
104 109
39 141
26 172
223 271
29 247
45 104
232 291
56 88
28 41
0 64
231 232
180 254
101 242
67 199
9 30
21 323
94 302
13 211
25 170
26 141
55 123
0 110
0 220
116 312
133 315
36 309
48 126
115 192
103 323
2 20
125 169
254 330
108 272
139 159
55 170
0 77
0 171
67 322
48 119
78 275
21 104
261 265
146 148
120 136
239 303
89 319
13 252
199 232
17 115
0 343
109 277
25 332
186 236
85 272
133 236
0 69
50 109
236 272
248 265
2 226
82 261
242 299
14 20
329 332
142 203
62 199
323 332
98 304
119 185
236 297
109 239
48 73
231 239
48 53
21 165
170 332
123 142
0 26
134 334
142 186
170 260
0 172
26 66
133 183
13 26
0 207
48 332
169 280
5 87
25 336
0 82
0 56
213 236
268 271
128 169
252 342
62 323
53 92
40 280
65 203
62 236
5 169
9 322
108 281
115 144
80 101
0 258
85 156
9 156
277 304
285 315
213 303
46 175
284 320
56 203
26 298
94 330
50 331
274 341
213 277
112 174
28 326
135 184
211 315
271 276
57 213
0 89
122 323
161 322
0 144
277 285
82 98
56 272
66 334
9 232
13 261
156 295
93 310
109 322
62 276
25 272
203 332
67 325
257 322
0 5
238 325
86 227
80 213
48 322
232 280
0 303
172 332
28 151
84 265
178 206
302 346
59 118
156 235
0 152
0 242
0 347
152 181
4 273
111 312
132 277
199 239
208 332
115 214
315 345
261 285
14 226
63 271
257 315
132 334
48 57
80 173
223 313
21 248
109 304
21 251
102 296
169 248
67 313
150 163
0 203
326 343
127 159
134 304
224 261
142 332
104 318
103 271
30 236
0 81
236 303
0 208
13 238
159 281
103 185
113 261
271 331
224 236
208 277
320 329
225 278
25 40
0 135
169 318
144 151
82 169
21 284
0 2
23 230
41 326
211 238
129 339
103 136
113 285
1 73
141 276
143 227
180 249
252 338
46 143
95 147
148 339
53 191
21 325
122 297
0 324
56 297
13 236
10 323
26 169
98 238
136 339
291 332
204 242
0 227
0 276
203 308
67 82
98 239
200 223
9 169
227 296
5 315
40 239
63 261
56 315
199 200
168 291
219 319
23 267
72 172
146 317
20 214
9 280
13 239
222 238
53 194
148 272
0 86
224 332
40 133
24 180
176 271
64 217
33 42
38 178
170 271
122 213
188 277
181 275
40 274
21 345
277 332
84 237
159 345
161 277
13 172
224 324
10 332
53 317
56 207
182 253
89 219
80 88
57 92
100 217
211 272
7 304
100 150
142 280
0 45
254 346
6 147
21 239
268 325
104 295
13 67
189 217
21 55
117 231
108 251
108 159
119 163
203 271
0 125
106 332
31 109
0 271
41 343
86 225
0 212
132 242
98 170
75 188
146 313
36 127
1 322
104 303
116 326
162 343
2 312
0 85
172 268
0 249
0 180
127 135
172 238
118 313
271 314
5 187
22 185
0 177
203 322
32 167
41 214
40 142
56 211
131 143
0 295
72 272
277 324
187 254
290 323
26 109
21 252
141 323
31 304
265 313
0 92
0 291
19 343
25 291
13 98
155 157
56 67
252 322
20 162
67 169
203 341
16 329
0 113
0 41
312 343
117 280
92 299
10 169
1 236
0 304
0 128
92 187
21 136
0 179
272 329
170 285
9 161
44 111
67 280
315 324
119 148
172 325
127 197
9 141
56 213
0 321
200 285
148 261
239 252
98 252
194 204
25 199
7 136
148 185
50 277
0 224
188 322
82 199
272 297
56 303
19 138
186 325
21 66
53 322
23 175
129 291
62 142
214 326
73 88
252 277
0 38
13 119
119 150
7 246
85 323
0 101
0 176
228 283
72 239
28 149
188 223
27 329
0 344
232 276
199 314
56 104
28 312
67 188
122 271
224 276
301 324
30 331
0 264
21 188
80 92
36 135
51 83
48 80
1 346
135 309
224 304
57 80
172 265
199 342
116 226
64 150
25 232
170 304
186 223
110 259
212 344
0 66
204 302
21 236
136 308
25 231
139 281
142 308
67 186
67 122
170 268
214 289
118 342
99 263
0 54
172 261
277 325
14 310
65 339
82 170
104 186
92 196
30 304
25 83
7 65
0 215
84 236
203 325
128 248
143 278
0 12
227 263
170 203
200 277
28 115
119 261
21 315
109 324
196 204
251 309
92 101
32 137
200 276
122 235
26 113
196 285
21 308
56 322
260 322
139 197
187 249
73 130
0 161
67 224
249 330
113 277
82 158
21 56
109 332
80 330
208 285
249 299
170 334
83 84
136 324
59 325
59 98
98 172
21 88
0 9
266 330
0 216
80 320
26 313
67 308
122 169
60 285
87 291
13 271
55 56
62 186
65 118
113 342
272 304
200 325
188 297
101 346
40 141
25 271
