368 408
348 454
442 531
504 529
370 378
373 473
394 475
412 460
392 465
513 563
462 493
428 524
493 512
396 555
513 520
353 542
451 563
431 432
456 545
413 461
482 553
460 524
352 538
407 433
364 476
431 538
416 483
441 564
415 495
376 559
450 557
458 482
413 415
495 544
425 563
392 527
368 431
475 490
391 490
376 570
431 537
359 547
520 524
389 419
537 567
500 538
409 456
390 450
511 525
545 563
410 548
408 487
409 494
348 477
398 409
424 435
408 503
531 568
423 567
350 504
446 517
500 527
394 479
506 507
461 561
428 497
402 543
370 388
417 566
376 546
348 531
355 382
407 513
387 400
375 479
355 543
418 523
391 414
354 361
412 482
348 379
388 513
348 500
444 495
412 559
354 489
361 530
363 412
366 492
483 487
444 513
420 569
450 548
378 506
370 387
360 365
389 509
428 561
348 452
513 514
460 563
395 556
391 488
438 525
452 531
538 566
350 455
395 488
404 560
348 488
348 483
438 523
532 572
403 546
515 559
492 542
356 411
484 503
376 553
507 559
361 562
373 446
483 524
348 547
391 423
471 537
407 455
444 517
360 497
392 560
352 525
503 525
414 431
370 436
514 517
354 470
397 570
378 465
510 528
373 566
357 516
423 537
484 566
363 527
408 412
483 503
512 560
483 535
452 506
426 546
503 553
504 514
455 466
354 500
412 430
414 483
473 479
198 399
470 555
450 547
366 524
493 526
376 524
452 475
370 563
387 408
482 565
415 542
506 561
380 424
542 559
423 524
422 481
497 515
394 398
523 524
348 361
363 565
432 497
431 492
484 525
430 537
460 558
455 569
444 545
354 531
460 566
373 515
363 561
412 461
392 482
387 513
453 498
348 543
427 549
416 500
492 524
363 475
493 525
423 484
353 400
434 497
381 551
395 479
462 536
515 548
359 481
352 409
355 402
416 497
353 419
396 570
484 559
457 505
463 535
388 493
388 415
446 475
512 545
392 436
387 465
381 389
435 563
389 497
373 438
413 473
428 567
348 513
431 511
431 462
198 364
376 423
395 520
391 465
349 508
404 545
503 527
412 558
412 503
408 537
432 504
395 461
460 492
367 373
360 460
369 378
544 556
430 456
473 542
348 539
481 555
426 455
479 559
353 363
402 428
396 519
461 548
368 503
459 486
432 571
439 451
524 527
357 457
432 546
430 471
353 484
434 488
391 438
392 492
376 542
432 559
378 517
425 520
423 497
428 432
444 523
392 525
524 559
368 479
456 527
493 537
506 523
402 553
441 501
388 523
497 560
431 434
361 470
420 483
523 545
198 351
419 486
416 567
373 402
374 432
403 515
561 565
431 512
362 570
348 524
527 542
373 421
348 495
404 542
430 503
363 553
368 419
348 365
405 568
417 513
374 500
483 563
463 507
428 438
432 456
173 427
430 563
563 566
493 559
362 415
452 460
487 538
376 471
515 557
404 503
504 563
408 511
483 557
348 422
416 503
512 538
367 548
439 567
373 378
487 513
397 421
361 547
348 358
408 500
490 523
457 477
366 373
493 497
493 503
348 562
355 410
391 517
374 419
404 415
395 463
387 570
470 531
511 566
536 561
537 569
397 541
387 523
489 546
510 513
361 405
400 500
456 524
524 566
34 348
348 487
387 517
479 515
400 419
493 566
398 493
352 368
410 475
391 417
438 456
348 515
432 555
503 560
436 525
432 510
391 513
348 457
370 460
419 492
475 548
366 408
404 512
434 478
450 489
381 486
404 462
475 491
463 560
378 412
388 438
367 490
442 544
474 481
414 428
360 561
369 389
373 471
416 430
418 463
377 383
503 567
461 483
360 376
348 557
352 456
415 428
507 545
496 517
395 559
366 428
387 436
545 553
515 517
497 513
353 373
353 417
412 566
370 414
492 514
455 539
360 428
475 545
371 460
500 566
436 524
415 563
367 412
475 521
434 496
471 569
363 517
376 463
395 560
524 565
368 500
412 507
416 419
398 494
412 487
369 554
436 523
525 526
370 397
500 514
419 538
350 407
387 506
348 527
388 452
425 553
430 525
366 515
392 497
409 526
399 501
391 503
348 429
400 417
370 415
348 458
359 546
424 518
458 490
420 524
367 553
397 444
348 549
350 433
348 398
392 503
365 513
348 546
391 544
381 516
395 514
451 567
432 460
360 412
376 465
419 513
452 507
374 535
391 400
466 529
370 559
352 404
357 563
409 542
417 493
363 507
392 542
460 475
412 494
363 409
412 555
400 465
370 456
450 481
517 553
483 515
436 511
452 547
494 526
444 559
419 471
352 484
397 422
404 561
404 452
465 524
378 487
374 559
368 526
375 408
405 428
362 460
425 456
388 496
449 480
373 461
348 453
348 503
353 388
448 460
463 542
488 553
500 555
449 543
369 442
397 510
475 527
374 376
397 449
348 569
504 513
398 517
538 545
360 370
483 514
372 570
391 506
504 546
563 567
408 520
412 452
389 459
380 518
486 554
470 547
354 382
543 563
537 560
394 556
363 544
393 399
455 529
455 561
523 570
418 568
422 483
416 493
465 542
409 525
370 565
404 496
474 500
548 555
348 475
400 445
414 567
525 561
367 452
357 518
354 519
423 456
388 559
385 461
361 555
361 557
483 542
364 564
355 474
474 557
435 551
376 434
403 510
455 531
492 538
479 536
397 432
426 563
381 419
547 548
348 359
516 518
397 504
357 397
378 417
503 561
456 517
387 503
547 555
398 456
348 520
525 536
456 567
453 468
482 506
417 421
513 559
370 465
400 436
198 501
421 500
426 513
428 549
403 458
437 572
513 561
348 497
405 563
198 441
500 519
408 536
400 487
417 465
348 441
348 415
412 523
546 557
355 515
475 492
488 559
416 465
561 567
364 501
362 495
391 553
374 527
355 528
479 561
408 513
361 396
400 503
456 503
436 563
455 510
400 482
391 431
372 410
545 566
451 514
469 551
434 517
373 525
419 484
493 494
386 532
460 473
353 538
457 554
414 422
404 566
492 537
352 398
419 516
368 497
402 517
400 513
376 555
376 387
438 493
348 481
374 496
428 559
484 513
482 484
373 395
376 417
366 368
415 556
387 412
465 513
425 427
522 529
394 408
373 414
389 486
395 506
376 561
398 545
349 534
432 475
520 542
420 514
450 500
348 522
392 567
359 452
414 434
460 547
475 559
431 479
432 506
523 563
395 428
507 553
524 525
369 486
397 402
500 525
363 521
348 523
526 538
357 509
525 559
373 450
348 530
400 412
348 459
348 485
492 515
417 561
497 542
483 537
374 444
370 419
546 555
428 444
507 525
353 409
348 371
375 525
451 569
436 461
392 431
364 399
400 475
438 506
463 504
376 507
458 469
477 554
424 516
396 500
372 422
400 488
475 567
376 513
374 517
506 544
348 496
395 524
369 469
553 561
348 439
515 566
430 451
520 523
431 561
376 475
412 422
376 438
432 444
363 432
367 396
412 417
391 502
366 438
526 553
370 428
436 483
419 488
388 463
475 500
380 516
173 414
422 553
404 536
376 458
439 500
391 492
373 502
348 395
511 545
504 547
376 428
500 520
451 471
402 421
428 513
198 476
507 526
378 423
388 444
348 455
428 465
395 536
368 517
525 545
510 533
367 416
438 473
366 526
484 511
399 441
404 465
409 500
439 561
405 418
507 524
425 477
504 553
475 563
446 482
348 393
492 500
348 561
461 553
402 563
423 506
465 544
425 570
417 553
400 542
487 559
402 475
348 536
362 373
376 548
507 520
409 492
408 560
348 425
428 515
438 566
362 542
414 496
395 553
348 469
419 565
348 373
408 438
417 506
512 525
479 483
378 495
428 451
540 560
432 514
380 509
445 500
524 553
429 522
561 566
402 465
407 533
483 566
391 458
370 540
395 471
479 538
400 553
455 528
370 423
359 557
348 572
348 467
374 545
437 463
395 537
367 547
466 539
414 553
349 478
436 513
502 548
375 484
378 471
370 451
471 513
415 445
368 559
402 417
455 497
460 465
475 481
409 538
451 553
352 492
460 543
374 544
413 465
408 483
420 430
362 463
460 559
497 526
396 568
506 520
434 515
442 460
350 563
553 558
444 475
495 520
474 547
420 556
513 566
363 559
348 375
369 419
408 561
357 424
419 537
394 515
348 490
348 368
421 493
423 461
457 459
545 558
541 568
398 526
492 506
488 511
389 516
508 541
359 470
396 531
492 559
463 517
446 490
370 514
417 460
439 473
370 461
376 496
438 546
369 509
348 363
461 542
536 538
474 489
412 515
376 397
486 551
412 560
493 557
422 489
348 478
363 461
476 501
504 571
497 555
378 452
348 462
428 452
426 544
446 491
387 428
433 533
389 397
366 544
461 520
461 567
422 547
517 537
460 545
438 452
408 559
517 566
370 497
395 402
388 400
428 460
439 442
353 544
539 568
458 555
465 487
493 500
484 560
391 566
513 544
357 551
418 481
387 402
355 489
412 423
370 520
389 457
500 503
428 563
368 375
517 538
373 546
419 440
400 524
481 539
422 504
422 460
412 431
446 492
424 505
455 500
393 564
414 556
348 428
473 525
518 551
503 537
414 427
484 500
431 566
373 390
465 503
527 553
492 517
479 493
348 560
387 444
428 525
473 527
500 537
348 553
469 486
482 497
198 348
408 431
400 493
409 419
421 563
353 471
497 565
482 525
451 506
439 566
378 553
419 561
348 498
475 557
348 417
487 503
363 417
385 507
410 547
370 439
348 405
460 567
395 423
376 431
436 561
496 508
428 456
397 523
353 497
423 500
354 555
483 544
423 513
549 563
428 508
427 496
410 474
473 539
474 475
374 430
360 373
513 557
394 414
482 548
402 515
391 394
398 497
350 552
380 505
392 556
451 561
556 563
497 500
397 563
419 559
380 389
348 446
438 507
412 529
376 456
375 456
419 431
374 378
430 559
431 472
373 524
395 430
510 555
420 484
364 441
396 557
466 504
438 517
417 428
367 491
404 482
421 455
494 503
355 359
438 563
389 551
382 470
353 514
391 567
469 540
430 566
367 378
412 432
409 462
484 493
483 567
520 544
392 423
493 561
477 563
374 497
438 521
385 524
543 545
475 547
438 511
348 568
396 475
348 409
500 521
452 553
402 495
439 461
438 514
366 566
417 524
439 487
406 437
416 557
438 556
354 376
510 521
360 542
414 465
412 496
354 452
485 563
361 568
348 519
544 566
489 535
437 498
483 553
503 542
402 436
414 506
399 476
497 561
475 523
402 413
456 525
428 520
348 534
413 460
374 456
364 393
410 500
471 515
348 555
348 480
469 516
507 563
483 560
486 505
388 500
419 483
475 517
366 402
387 461
376 502
440 538
423 444
452 500
452 566
417 542
348 492
431 506
378 484
465 483
348 545
539 560
360 444
392 514
410 568
407 543
394 513
460 517
409 561
348 418
373 392
350 561
504 522
495 507
412 533
365 408
354 481
412 438
444 473
400 456
391 475
404 538
419 469
398 511
353 492
404 559
352 536
431 497
412 525
500 546
462 494
436 484
394 511
412 473
368 456
400 537
370 515
348 410
515 527
374 563
500 548
409 412
463 519
392 500
428 461
397 507
421 543
460 523
460 521
488 524
423 523
370 417
374 569
515 525
387 417
376 436
426 431
438 465
454 564
355 455
374 526
506 514
363 487
423 553
370 412
511 517
484 536
480 540
354 474
531 543
412 538
419 518
355 547
376 388
369 381
408 538
360 395
360 553
395 400
366 539
475 553
348 494
348 397
173 464
360 432
353 412
389 424
461 524
507 517
394 488
452 510
452 465
348 533
348 431
419 526
373 434
517 559
367 519
392 487
373 556
534 563
367 391
451 493
395 465
350 484
481 519
417 431
409 487
495 514
352 394
373 428
348 472
465 556
348 403
398 479
439 507
361 475
471 563
400 492
483 484
488 527
395 398
435 555
504 570
348 369
508 542
388 507
466 522
376 460
375 526
531 557
198 549
374 523
348 416
445 493
432 507
397 420
458 489
404 456
348 451
493 538
354 359
497 570
479 513
402 493
359 403
398 536
461 475
353 513
362 371
444 487
372 568
368 536
370 561
398 488
348 432
366 378
428 506
387 556
425 534
373 497
391 456
403 497
403 452
497 525
500 553
494 537
373 527
408 512
442 523
374 521
417 445
432 557
355 403
400 567
374 492
391 556
442 475
509 554
520 567
378 488
363 436
348 383
363 402
414 515
455 541
418 514
436 497
370 402
481 504
500 557
452 513
400 539
417 507
432 566
376 506
497 557
378 544
409 497
423 428
456 559
525 537
397 518
378 414
497 527
348 526
423 527
512 513
444 538
512 536
444 483
514 548
412 484
444 531
439 444
395 419
487 500
424 486
388 503
431 436
381 509
363 483
369 551
551 554
348 399
348 438
396 547
348 517
513 542
419 536
368 409
359 367
484 538
439 525
348 385
515 555
432 452
391 500
363 376
523 553
513 515
529 531
378 394
376 563
381 424
557 570
412 547
417 523
400 444
439 513
416 417
391 493
367 455
497 566
497 517
372 543
477 516
372 545
353 370
465 484
475 488
415 460
422 432
375 431
408 484
475 544
431 493
362 473
350 419
506 537
363 414
431 471
422 546
531 563
525 542
514 538
366 483
370 525
411 498
492 561
461 513
452 546
465 566
425 439
392 473
506 527
360 513
428 526
475 483
363 378
374 506
363 484
408 417
376 491
402 523
544 559
422 455
506 524
369 407
553 556
433 563
374 417
374 483
362 535
348 558
378 500
456 460
412 483
463 524
373 507
34 173
450 474
423 492
425 479
374 561
433 510
439 542
438 524
348 548
370 458
497 567
419 475
408 439
392 553
514 524
439 553
433 528
520 561
445 520
504 510
398 559
360 507
492 497
542 556
461 463
475 542
526 561
395 422
503 557
375 409
355 367
353 496
436 559
353 540
463 483
378 434
537 538
376 473
360 495
511 561
461 517
370 376
360 524
455 504
423 436
388 492
402 570
431 438
494 538
497 546
465 495
395 460
382 500
402 444
348 392
392 404
348 377
417 444
376 391
348 447
362 445
348 381
537 559
420 506
366 496
388 537
461 506
418 553
403 489
417 538
511 536
488 496
198 564
395 513
366 417
372 460
409 536
497 544
418 432
370 430
370 420
348 391
352 494
348 465
363 514
400 497
473 515
438 520
352 503
436 496
431 563
348 444
489 547
376 545
434 506
558 570
465 475
370 452
483 500
400 561
414 566
514 561
373 542
366 482
373 417
438 461
404 556
412 504
368 494
455 568
373 374
487 492
470 507
563 569
481 522
500 560
430 439
389 469
376 461
492 553
444 556
355 373
382 403
360 570
402 508
355 555
509 516
461 507
414 438
517 561
363 482
434 523
420 513
456 538
387 520
374 513
405 513
459 516
397 554
376 390
513 524
457 509
348 537
420 567
400 404
382 547
438 492
489 557
412 542
404 494
434 490
360 417
511 538
517 520
397 557
417 527
374 463
458 470
434 566
434 456
348 471
365 520
492 503
354 510
479 545
419 487
395 497
503 511
348 484
421 444
420 507
363 515
391 482
507 570
370 524
460 482
506 553
407 426
391 539
428 558
481 547
415 558
540 559
370 471
482 507
376 557
374 482
400 461
355 463
527 559
348 570
414 563
391 525
513 525
394 438
400 515
417 560
420 439
382 410
506 559
519 557
404 421
439 477
506 517
446 539
513 517
385 436
408 526
424 469
412 527
444 503
516 554
350 497
420 553
483 527
451 503
517 525
363 526
387 544
348 505
432 483
440 484
412 434
508 544
395 421
353 431
412 548
366 559
465 526
373 388
370 392
432 544
450 539
522 568
385 483
409 479
500 524
363 366
357 469
432 541
412 455
348 394
425 523
461 492
415 520
388 445
404 511
419 517
417 514
373 456
479 520
390 539
432 465
348 424
366 475
370 492
366 538
391 548
465 493
397 514
412 517
431 500
378 561
362 413
348 364
409 515
475 497
372 429
492 566
542 561
363 500
544 553
348 400
412 524
431 556
359 530
404 408
359 491
423 538
456 513
435 497
514 566
378 542
439 475
366 484
353 394
420 563
438 483
375 503
402 432
400 556
479 492
376 419
463 475
495 558
477 485
348 501
458 514
423 561
462 487
400 511
489 531
400 421
432 521
348 362
372 539
520 563
415 535
376 526
380 554
34 414
419 430
493 517
391 559
470 562
483 520
374 439
475 565
198 393
460 461
348 564
396 489
419 423
417 438
543 546
417 556
461 544
398 431
439 563
527 538
428 500
397 483
436 465
398 503
465 558
436 517
394 517
408 525
504 548
409 517
359 391
376 556
463 500
373 413
441 476
373 492
430 432
458 496
427 428
518 554
484 494
389 554
348 566
392 456
359 422
355 460
398 430
412 526
402 412
370 555
428 511
418 555
400 538
450 475
506 513
517 556
514 525
400 414
398 538
559 567
432 561
417 495
428 430
408 465
360 387
348 474
400 408
513 553
420 471
497 510
430 541
479 527
439 456
492 560
559 566
355 553
408 488
412 528
428 545
478 508
361 450
370 469
348 473
553 569
465 561
373 423
348 419
484 506
525 567
350 369
544 545
423 430
378 524
432 563
449 507
478 534
409 460
357 486
496 506
376 544
436 438
484 497
451 465
395 404
412 565
425 434
467 532
373 496
496 565
348 538
392 493
380 486
475 482
392 475
348 571
423 558
417 497
452 559
438 561
471 553
348 493
431 527
348 354
497 503
376 395
473 561
436 527
353 515
367 504
374 451
391 484
402 558
460 553
438 495
417 508
348 512
484 567
368 493
360 567
465 559
392 538
524 567
408 517
372 547
366 520
497 524
357 505
395 425
363 566
415 463
414 436
402 438
465 537
376 481
514 570
507 523
428 431
449 563
479 542
394 566
456 520
412 537
422 520
360 461
415 421
503 526
483 538
359 455
506 563
503 559
378 563
492 567
472 533
404 487
488 497
418 475
431 507
439 520
376 525
531 547
422 449
348 351
407 528
498 532
445 535
488 513
548 556
367 525
368 538
402 545
348 442
353 559
455 543
417 503
456 465
456 561
402 460
404 445
405 531
418 557
456 511
374 553
388 487
374 461
423 559
517 544
370 542
500 563
366 513
360 402
429 481
484 526
547 557
461 525
367 566
414 544
407 490
368 462
525 566
348 551
482 483
424 551
488 556
408 445
402 561
353 524
363 506
370 374
517 526
523 544
394 503
366 493
366 542
412 513
373 520
356 472
486 509
397 513
479 503
353 520
428 473
509 518
497 537
503 538
434 458
489 519
536 545
433 455
469 518
348 518
376 482
348 476
436 556
431 515
391 512
374 402
395 413
500 547
525 563
348 491
366 394
360 523
353 493
434 492
412 436
374 566
460 508
430 561
426 531
374 391
376 497
431 483
506 545
348 352
353 517
392 394
378 475
370 431
376 405
514 544
404 431
538 560
491 502
348 507
409 503
366 374
504 541
360 510
374 414
455 546
381 554
459 563
394 512
419 505
434 534
438 513
465 515
426 525
372 531
354 463
496 566
507 557
484 520
348 466
463 481
382 531
475 502
348 541
496 513
378 436
451 556
471 566
432 553
383 387
422 570
513 527
512 561
484 544
374 525
374 418
456 484
402 422
402 500
398 484
348 380
477 518
376 515
494 517
355 565
372 444
400 559
439 465
419 422
497 538
413 535
475 484
444 488
391 487
434 563
423 475
440 508
353 487
525 527
479 484
366 391
500 506
348 437
373 391
444 544
351 364
355 519
449 504
512 556
372 558
473 535
348 349
500 565
408 440
566 567
507 514
360 555
361 463
354 547
361 500
456 523
431 475
414 542
373 439
414 500
348 434
428 434
362 560
428 517
395 517
369 424
517 545
374 488
376 439
545 561
355 500
515 545
479 517
443 453
368 371
517 527
392 483
407 458
434 559
402 482
348 540
402 497
397 457
350 543
413 448
483 526
353 430
366 514
416 537
359 376
418 506
375 493
351 564
484 514
370 395
546 547
376 489
374 507
376 413
368 395
348 390
431 559
391 446
348 378
494 536
361 489
369 518
355 397
471 561
524 561
350 527
483 507
465 569
400 566
506 519
506 557
444 506
398 408
426 471
438 553
421 487
370 373
395 561
446 548
485 518
353 446
378 426
437 532
431 513
348 407
395 414
404 440
366 548
481 531
496 523
460 570
370 548
487 556
374 504
369 455
504 521
506 525
402 566
408 430
173 348
519 555
395 456
348 509
367 555
367 474
442 563
465 506
367 422
458 497
475 546
503 539
354 403
544 570
404 506
456 512
445 556
368 553
553 555
423 560
424 457
376 523
348 542
370 507
360 544
514 559
376 483
507 565
391 514
438 488
420 432
499 532
373 408
360 514
462 538
428 570
500 513
388 475
437 462
397 469
421 558
348 449
431 545
507 513
395 438
391 460
367 403
412 456
387 406
471 524
376 490
397 516
394 436
353 420
556 559
388 497
373 548
373 460
438 548
348 554
474 546
473 495
373 558
368 398
376 432
471 514
389 505
553 565
463 555
391 527
538 542
412 567
400 434
467 572
395 452
469 563
359 405
407 510
420 451
353 391
542 567
517 536
420 566
408 444
409 521
452 557
373 483
370 567
350 426
497 506
370 483
380 457
430 465
390 475
372 421
430 469
374 465
397 458
511 556
374 460
504 555
461 497
417 483
394 538
493 539
357 389
412 418
445 495
439 445
391 563
373 491
362 558
363 542
403 519
495 542
387 395
428 523
422 474
439 544
353 537
348 450
412 481
438 503
504 539
507 556
444 570
395 525
359 475
482 496
428 553
475 496
373 463
348 468
483 496
421 545
425 460
416 432
376 442
355 510
382 452
402 542
395 515
348 506
360 438
363 370
420 537
422 523
440 456
517 524
417 511
541 563
421 445
436 566
429 466
353 376
421 457
474 531
432 525
531 555
482 517
348 525
378 461
500 556
348 544
457 563
34 428
373 553
363 374
430 569
376 547
521 544
369 397
348 461
378 515
369 457
462 532
423 503
392 515
367 502
475 506
489 555
432 471
406 532
355 557
438 559
402 506
392 566
367 489
528 553
387 559
348 529
395 495
423 431
378 391
361 531
492 495
502 539
415 473
355 481
173 549
352 462
497 523
417 520
376 567
402 559
400 432
359 396
412 442
444 445
400 409
353 460
353 560
481 489
389 518
408 456
403 475
353 561
378 482
420 465
353 428
475 524
394 520
419 452
366 404
348 521
412 544
376 378
395 527
492 544
348 413
450 463
418 547
376 520
419 493
376 414
348 411
363 368
396 470
362 412
421 465
479 511
397 418
355 396
525 544
400 438
373 561
348 387
382 555
427 563
440 525
376 514
378 431
348 396
488 517
430 497
352 431
350 528
484 537
366 431
412 561
367 483
352 517
419 525
360 558
432 439
431 440
369 516
348 426
437 467
414 559
348 448
465 538
473 560
350 397
527 561
394 544
482 515
348 421
506 508
488 512
373 465
422 497
483 493
396 510
397 543
374 567
378 456
428 514
363 367
387 525
475 519
427 464
348 528
419 428
431 482
516 551
537 566
500 507
366 553
426 504
412 506
352 412
408 473
461 559
388 465
426 524
531 539
355 412
374 565
460 507
415 465
544 561
370 413
368 521
478 496
450 531
348 435
560 561
388 557
519 531
432 545
397 509
402 567
363 538
500 542
407 563
444 500
348 563
373 431
348 460
369 477
493 560
519 548
456 497
446 515
496 497
392 430
373 528
363 463
354 507
494 561
418 497
465 507
414 513
366 446
407 504
553 559
460 506
400 544
413 542
465 471
392 537
428 492
432 513
373 397
456 495
376 519
422 561
394 400
418 465
366 497
360 506
434 475
348 430
348 502
388 421
483 494
348 370
397 485
368 412
523 561
378 496
348 388
503 517
430 484
495 570
355 546
350 384
414 558
469 497
503 524
352 493
456 553
388 412
514 569
492 513
363 419
419 424
496 507
378 483
460 479
440 493
376 396
373 565
378 497
349 434
402 458
431 514
404 479
391 491
438 500
430 483
363 385
370 523
455 522
403 555
414 480
373 567
531 546
546 563
503 514
410 555
430 514
370 416
400 514
458 553
445 465
520 527
373 545
359 474
374 524
412 488
360 565
500 531
436 507
400 512
553 567
388 566
397 544
397 546
417 570
507 566
461 471
445 460
507 561
422 545
438 446
497 507
440 449
348 565
400 420
503 556
416 569
455 553
554 563
387 524
428 436
544 557
408 556
419 544
395 567
352 375
553 570
504 562
370 553
348 360
348 374
375 404
504 544
348 445
391 515
