438 683
559 604
629 641
465 542
589 611
579 664
414 599
492 561
428 465
423 634
587 591
428 553
348 513
559 669
422 630
544 559
640 647
436 669
376 436
465 683
475 606
573 605
599 665
376 604
348 414
400 465
414 607
348 559
496 506
395 465
599 662
553 609
414 681
475 524
173 414
431 651
588 654
600 658
622 663
578 658
576 658
412 669
414 556
376 395
414 423
423 637
414 594
483 639
500 651
635 681
672 678
612 630
348 566
573 685
492 606
373 434
475 515
573 664
645 669
579 677
475 544
173 427
662 665
434 436
588 619
677 684
614 683
643 665
412 492
542 567
374 563
378 506
524 683
475 500
465 566
376 676
578 681
591 604
544 676
348 422
559 651
348 428
374 556
376 414
578 647
577 627
625 654
650 659
677 680
513 580
461 506
374 669
617 654
378 669
597 644
391 500
414 591
611 618
626 657
579 626
378 500
627 640
654 677
373 558
635 658
483 553
595 658
654 672
414 682
665 675
579 625
618 679
622 684
348 556
363 591
627 643
436 673
475 591
370 666
370 465
370 461
500 614
423 436
391 580
370 514
492 641
373 475
616 630
636 644
577 583
400 559
465 559
412 483
374 567
475 553
378 412
422 617
400 515
400 553
422 631
422 561
428 604
391 544
428 544
589 592
348 492
630 644
348 431
414 600
376 587
579 609
395 620
583 628
500 637
428 601
553 645
558 604
556 614
475 542
436 492
595 643
414 431
422 609
422 604
465 580
412 506
597 611
590 633
578 670
506 561
515 620
612 636
414 596
573 588
414 436
395 561
370 428
619 625
414 638
515 637
589 636
391 513
431 515
559 591
412 434
414 679
492 515
583 647
573 619
395 414
544 683
620 672
363 656
500 553
348 427
573 618
513 524
376 651
414 515
563 566
619 684
436 683
576 600
461 669
483 671
461 590
395 574
559 567
436 513
465 556
461 645
513 610
431 559
654 683
394 492
423 492
348 483
579 589
659 670
373 428
603 619
414 483
400 506
500 604
461 553
496 566
584 678
391 563
412 683
414 592
414 629
605 678
378 496
376 634
636 653
628 647
414 635
601 629
496 669
619 636
475 559
611 677
400 614
438 604
573 603
412 645
436 475
107 566
363 669
480 563
395 637
576 650
373 423
480 593
597 623
378 414
414 617
579 630
643 661
653 666
605 653
434 559
553 561
423 651
582 600
428 524
600 662
376 566
414 639
394 438
414 628
618 666
465 567
596 678
595 615
400 669
582 615
680 685
363 374
461 561
370 646
584 682
395 514
579 680
615 635
589 596
391 591
465 544
597 636
500 563
370 506
376 544
434 506
630 664
496 514
475 514
661 662
542 559
577 632
654 678
395 645
348 363
513 542
373 492
579 636
431 436
596 639
583 615
378 563
622 678
544 645
664 666
559 614
373 590
574 596
589 625
609 653
601 609
609 623
544 580
414 619
414 605
566 637
670 675
578 627
627 661
376 378
374 412
475 676
670 681
513 567
600 661
513 641
626 677
400 524
373 561
515 654
414 623
475 651
373 542
374 544
376 438
348 461
370 669
575 617
598 605
635 675
500 506
579 611
553 556
400 580
579 663
436 483
373 563
395 559
579 588
376 591
647 681
428 514
599 643
400 434
423 431
609 626
465 604
414 678
414 630
373 637
615 675
378 524
658 665
475 604
595 627
414 654
412 524
643 659
414 582
661 670
615 659
378 591
592 612
544 556
561 651
422 678
542 561
414 683
465 483
376 610
618 619
584 631
363 414
348 524
595 640
414 621
577 640
412 558
599 600
625 630
524 590
615 632
640 681
378 514
414 680
400 641
589 597
431 563
577 658
400 431
553 669
617 620
625 684
630 678
465 669
423 669
577 600
422 663
395 678
492 591
414 427
431 483
363 559
596 655
559 561
414 665
612 617
376 500
591 634
579 623
475 506
173 348
616 618
655 657
461 465
496 513
348 378
629 637
414 603
604 637
414 672
414 422
630 631
373 465
597 603
506 604
575 685
422 483
431 513
483 515
616 621
612 664
500 514
363 606
514 614
515 566
465 676
567 646
391 428
438 524
623 684
633 653
391 431
394 601
434 496
658 662
378 436
627 635
414 663
556 683
590 680
576 578
603 644
576 659
592 616
378 492
620 630
395 524
391 465
592 609
370 683
600 665
524 651
609 620
630 641
414 659
583 662
414 558
107 629
653 678
514 683
438 606
391 483
567 590
395 436
599 661
475 566
483 496
414 662
374 438
579 592
461 492
348 373
506 610
363 492
438 645
582 658
506 645
600 675
428 559
598 684
566 591
577 647
573 579
625 677
679 682
414 438
627 650
592 623
378 431
394 414
615 647
588 617
414 647
616 622
589 664
669 671
483 601
428 609
578 659
592 618
414 513
578 632
513 601
428 492
414 627
632 658
592 605
612 619
506 513
422 596
500 591
617 685
620 636
438 461
605 680
376 461
412 609
513 683
605 630
620 653
506 606
650 681
373 374
436 524
374 492
363 483
461 524
414 611
616 678
414 612
370 492
438 563
461 544
617 619
605 654
605 644
436 542
644 666
483 559
678 679
604 676
617 625
414 614
573 653
423 428
637 679
617 677
577 661
414 579
619 677
376 646
573 597
412 436
615 681
576 615
374 378
647 670
414 653
617 648
582 670
400 436
423 604
395 669
600 643
395 438
395 483
395 515
395 412
376 434
622 623
395 461
559 566
412 567
423 559
391 394
592 666
391 553
635 661
654 680
640 658
394 436
376 492
107 483
363 370
636 685
513 566
566 593
414 660
591 606
483 524
579 622
391 506
662 675
579 685
658 675
588 685
630 657
609 680
595 681
395 513
414 574
636 677
559 683
394 559
414 583
567 651
573 666
632 675
370 567
553 620
654 685
423 591
659 661
400 542
395 553
589 622
436 651
414 475
632 650
438 506
591 651
544 553
378 544
414 563
559 637
598 677
589 620
414 636
618 653
583 650
582 627
391 524
666 680
438 514
566 580
591 683
617 664
643 681
374 391
653 664
438 566
513 563
583 643
400 591
391 492
492 651
513 553
622 639
414 428
640 643
579 633
599 670
492 604
627 647
599 628
370 431
573 625
625 633
596 620
374 559
567 683
619 623
500 601
348 376
475 641
378 604
584 630
659 681
583 670
603 611
604 645
573 654
363 544
376 561
576 627
395 423
619 654
395 630
363 542
647 650
414 553
414 664
400 500
573 626
370 376
370 373
414 573
428 667
626 630
378 423
573 617
582 635
373 461
414 566
414 625
394 614
348 563
579 684
614 645
640 661
599 632
575 579
616 623
376 683
373 580
514 524
414 651
614 669
592 622
597 625
348 514
515 641
658 670
616 663
414 644
659 665
573 611
363 580
475 513
513 651
604 671
542 591
412 676
412 513
626 654
378 559
612 680
400 606
427 428
647 658
428 434
374 376
600 632
578 640
438 483
583 665
348 480
496 580
414 577
348 400
414 661
627 659
378 461
438 634
492 637
515 524
591 637
506 544
376 673
412 542
422 597
559 676
348 465
604 606
589 609
583 659
422 601
436 438
643 670
524 544
378 566
423 558
647 665
577 681
496 515
438 553
436 461
370 559
395 428
603 677
576 583
423 465
414 604
414 567
107 641
107 376
370 475
395 431
513 645
465 513
616 660
580 641
630 682
414 626
378 651
348 542
506 514
573 677
394 400
414 544
637 669
544 566
650 670
619 653
434 591
580 591
630 663
391 556
461 683
461 483
598 618
622 625
461 559
592 644
107 348
598 653
553 683
428 641
394 620
583 681
579 616
513 606
661 675
461 567
400 637
579 644
514 544
414 576
619 678
515 553
414 580
395 556
431 561
567 580
422 653
391 514
395 614
566 676
577 582
575 630
414 615
609 636
414 675
609 666
627 665
592 611
428 542
579 621
373 515
628 681
395 591
678 682
680 684
650 662
391 566
561 580
431 500
592 654
630 636
577 595
597 680
575 592
574 678
107 363
584 639
603 609
618 631
373 614
591 645
611 654
524 614
582 661
589 684
583 627
611 653
576 675
414 616
597 684
580 601
475 496
506 524
544 604
400 683
376 542
609 664
513 646
513 634
584 679
561 683
542 556
373 506
588 678
592 617
492 514
618 685
348 395
483 506
592 625
596 604
616 684
615 643
400 514
592 598
422 680
438 676
614 676
348 567
595 635
412 515
601 644
636 678
423 646
640 650
395 567
600 627
595 675
615 665
577 615
592 633
644 664
515 614
588 682
422 618
370 544
348 394
605 626
438 651
348 475
436 563
575 654
376 506
376 559
107 649
544 563
623 636
414 590
414 640
627 658
566 567
461 606
658 661
588 592
592 653
492 524
414 500
587 646
483 637
647 675
438 492
428 438
465 591
561 604
626 664
376 563
595 661
513 561
589 623
461 591
483 500
423 461
583 661
373 651
604 669
597 633
600 681
378 400
428 606
553 591
374 514
412 614
378 637
414 676
373 436
665 670
661 665
423 587
436 561
436 566
574 579
348 374
645 646
579 620
579 612
600 628
465 506
428 594
636 684
513 544
348 370
436 652
587 645
596 609
596 663
414 492
591 641
348 496
513 669
623 677
579 619
107 601
658 681
373 567
492 542
584 616
500 542
370 524
579 603
373 395
431 475
640 662
373 634
34 348
483 513
483 563
588 633
634 645
378 428
586 587
348 515
625 644
374 461
637 678
173 649
635 640
609 619
619 630
412 431
363 515
632 659
588 653
412 593
363 566
376 586
391 515
592 672
628 661
524 606
653 685
582 640
370 412
373 669
676 683
475 580
582 595
590 617
376 556
394 513
436 604
434 604
553 559
561 591
632 661
618 636
637 639
577 659
374 515
414 598
373 524
615 662
524 566
414 434
598 625
422 654
428 558
475 563
363 651
496 641
575 664
654 664
556 559
513 514
576 661
412 496
590 644
661 681
595 600
619 633
635 643
595 659
625 653
606 641
414 622
373 514
394 515
370 436
586 646
583 658
654 666
373 483
515 559
423 475
627 681
645 671
483 514
370 566
640 675
599 658
400 567
573 575
394 544
400 676
650 665
524 553
605 617
662 681
617 644
620 678
378 553
577 650
492 567
370 563
603 605
414 620
422 584
626 644
483 604
492 544
461 475
603 623
376 465
376 475
374 524
500 566
427 563
483 641
400 556
592 685
374 513
431 438
376 431
630 685
582 662
609 630
423 561
574 584
553 567
653 680
373 500
640 670
414 655
376 514
574 616
576 640
363 561
662 670
422 438
618 678
580 606
566 651
373 513
414 641
376 428
579 666
583 599
605 619
677 682
422 685
412 422
599 659
391 475
514 561
599 635
592 626
391 637
631 682
400 438
506 563
370 561
640 659
483 614
374 506
627 662
561 606
609 617
574 631
556 676
584 660
675 681
348 558
524 637
436 553
578 675
589 617
578 615
598 609
582 675
428 591
431 556
483 566
414 631
107 428
500 580
423 506
394 542
584 592
598 654
590 623
496 591
577 662
611 680
107 414
363 553
578 599
438 556
563 567
647 662
619 644
428 475
414 578
561 566
378 515
606 645
348 423
378 561
597 619
599 681
400 492
465 475
659 662
414 618
428 676
395 400
414 602
391 561
578 665
579 590
500 645
630 672
635 659
583 635
431 614
573 636
595 662
378 542
578 635
563 594
363 376
483 580
559 606
644 654
370 515
578 600
633 636
370 374
574 663
376 423
391 669
599 650
573 633
578 661
431 669
664 685
635 670
348 544
422 682
632 647
376 412
376 652
107 475
374 496
592 664
412 544
653 672
584 596
617 666
34 428
431 606
606 614
612 678
506 566
600 615
436 591
592 603
587 651
475 561
465 614
600 640
559 580
627 632
513 614
623 654
583 675
515 591
374 561
615 640
567 610
583 632
370 423
414 584
378 483
423 567
414 632
492 669
422 579
391 423
414 609
400 651
391 614
414 684
592 682
579 598
592 678
603 680
611 664
391 412
651 683
596 618
592 636
434 580
428 561
617 680
363 475
363 436
395 506
434 563
428 500
632 640
595 650
374 553
428 669
653 654
376 606
592 680
553 644
492 566
586 634
592 677
423 553
628 643
603 684
581 642
423 645
373 412
412 461
618 684
615 658
414 677
645 651
582 599
577 670
400 601
634 651
374 566
579 653
632 643
422 614
412 561
414 643
506 553
628 632
573 623
414 514
524 559
599 640
595 670
376 400
378 465
616 657
589 677
597 630
592 597
436 637
431 434
599 647
414 670
107 580
604 651
373 544
376 513
657 682
376 567
615 661
395 604
606 669
373 604
378 614
414 496
542 606
578 583
427 496
563 645
374 483
391 567
609 612
636 666
630 653
598 636
373 641
475 483
378 513
374 414
434 492
373 645
414 542
632 662
628 665
376 669
598 619
363 506
394 683
643 662
394 556
373 559
391 559
374 591
422 619
544 669
588 618
654 684
376 496
573 592
475 567
412 414
492 513
597 654
400 428
583 640
438 596
573 644
492 559
436 496
436 635
414 461
589 603
492 580
611 636
611 684
370 645
428 431
376 394
591 646
577 599
370 604
573 630
597 677
348 506
601 630
618 630
373 414
414 685
414 666
592 655
373 680
600 650
515 580
561 669
575 589
590 609
