723 849
686 819
767 839
824 828
730 747
696 824
774 819
724 731
810 853
688 828
754 779
688 727
728 797
695 734
745 799
703 797
764 793
805 838
719 755
686 850
687 805
724 821
719 724
824 827
686 767
710 810
703 819
724 738
695 713
773 842
726 766
696 738
697 698
754 835
835 838
761 800
698 825
760 823
709 838
823 853
736 818
709 805
713 831
734 803
686 784
824 848
700 795
730 787
714 725
748 849
728 774
789 806
724 742
781 793
713 840
687 838
719 827
763 820
765 835
752 829
697 805
728 838
747 797
686 828
796 818
737 824
830 853
726 821
744 848
754 780
737 773
719 772
697 705
686 825
703 843
707 742
686 690
697 748
719 768
705 773
686 771
748 793
713 734
752 766
715 738
724 760
716 741
711 722
745 845
734 784
698 810
703 779
719 731
733 782
706 810
736 746
696 829
734 785
728 747
719 810
696 773
766 771
773 824
807 838
718 764
763 770
787 803
805 837
745 817
738 781
781 817
724 830
754 830
732 789
690 713
705 713
686 827
697 844
724 781
705 778
724 828
772 800
738 842
693 778
764 828
711 828
752 800
686 776
781 783
725 732
701 713
728 759
687 828
711 766
686 725
747 831
726 751
724 853
800 828
686 830
780 824
784 795
781 809
686 783
716 718
695 777
718 834
694 845
686 738
765 807
817 819
752 773
824 843
695 696
713 813
728 805
713 721
697 754
688 815
697 709
726 830
694 812
817 850
686 750
745 760
697 747
686 795
764 781
747 823
753 856
686 730
734 847
713 731
719 823
748 830
705 827
781 830
745 781
747 765
695 830
779 840
713 752
779 792
686 837
747 769
723 734
773 780
782 833
747 780
747 840
828 834
720 787
830 838
771 806
745 747
688 694
754 805
719 784
761 842
695 724
722 768
694 727
719 727
686 832
707 736
705 819
705 847
739 740
719 800
720 745
828 847
688 751
752 805
706 745
847 853
686 712
707 712
748 770
810 847
686 722
686 735
828 846
686 733
697 781
728 824
687 817
708 781
802 818
724 829
693 844
743 833
686 742
686 812
716 747
819 827
691 746
713 834
781 849
828 830
728 783
786 813
728 741
703 765
739 764
696 778
805 847
713 782
713 766
718 730
720 809
688 726
686 779
796 822
792 823
724 826
705 807
747 810
800 827
805 824
739 840
688 723
719 764
758 783
737 843
703 781
697 753
754 838
766 780
696 834
712 789
773 784
836 853
728 820
694 820
686 705
728 817
713 745
700 794
696 840
793 808
747 828
705 780
701 760
688 734
687 774
800 856
712 816
694 706
727 828
752 823
747 838
690 853
686 716
707 714
745 773
819 856
706 731
686 802
687 697
824 849
708 828
720 832
750 770
686 753
749 757
702 839
722 784
759 828
697 777
844 848
783 820
766 820
703 835
760 781
688 830
694 773
695 711
800 811
828 829
724 819
819 823
708 747
705 843
694 798
691 822
705 824
702 822
688 792
779 823
688 752
698 798
728 856
695 700
780 815
713 853
812 837
721 736
726 834
686 687
703 856
742 759
713 736
784 829
690 773
686 801
745 847
705 842
705 755
760 814
694 731
762 805
701 834
739 787
770 824
686 754
842 853
752 759
724 754
739 805
708 769
805 807
726 754
728 764
768 789
701 830
705 720
695 745
693 834
708 800
758 849
760 784
739 793
713 844
719 766
693 823
728 809
709 823
805 823
783 827
748 764
826 842
719 805
806 839
726 752
713 818
773 834
771 802
772 856
697 731
781 805
686 831
771 850
787 793
805 844
686 821
727 845
701 842
696 713
713 819
701 781
695 844
795 853
686 727
726 823
740 817
828 851
724 766
709 828
711 738
718 823
757 775
807 823
805 815
751 828
806 833
697 834
694 738
738 760
726 815
699 833
738 826
792 824
787 797
774 820
686 818
770 849
688 740
686 780
747 830
726 812
722 745
716 728
753 823
697 708
763 803
830 844
705 770
724 777
724 834
697 818
719 762
783 849
703 805
819 830
696 739
741 820
734 756
687 820
695 847
697 772
816 833
705 823
721 848
705 814
818 822
686 815
738 795
705 726
834 847
708 849
687 730
686 699
739 828
792 807
734 853
767 796
793 849
687 819
762 781
713 828
821 836
827 830
689 714
719 853
770 777
697 849
703 792
758 793
706 713
686 692
687 856
726 828
735 819
780 823
693 695
793 809
696 774
793 836
724 734
792 815
686 744
823 838
718 814
686 823
790 832
815 828
703 747
701 726
688 774
719 733
791 818
732 802
686 740
781 800
746 816
720 739
705 718
755 849
736 816
718 720
728 765
697 819
738 751
741 800
718 817
708 814
723 826
686 760
701 780
797 808
688 819
774 824
689 702
823 834
780 845
686 689
728 819
730 849
694 842
711 795
713 814
805 834
787 849
830 849
738 774
805 817
804 849
812 824
694 831
690 694
730 803
824 837
733 768
720 730
747 856
784 834
747 800
730 797
800 853
774 805
686 833
709 819
747 804
695 780
695 829
794 795
741 827
686 741
747 763
810 834
731 805
754 773
697 713
686 841
762 814
720 790
687 830
852 855
779 835
686 839
806 850
718 787
686 803
815 824
705 803
758 836
815 856
694 827
695 815
780 834
686 711
774 823
719 849
687 728
695 781
777 780
731 815
728 807
706 773
731 774
800 842
709 843
688 840
686 710
697 800
820 845
828 849
686 782
705 758
758 787
688 695
752 774
727 784
738 745
792 850
705 739
764 823
824 834
814 827
697 835
703 764
725 839
819 835
805 853
715 827
711 724
719 828
784 824
697 820
758 814
694 810
713 774
695 760
696 830
686 763
703 817
706 847
715 814
686 756
707 833
766 853
764 838
838 856
713 830
708 730
694 724
814 834
815 823
793 817
686 846
800 823
688 845
687 807
808 809
700 815
686 691
696 711
686 688
747 807
777 824
829 853
726 778
708 827
712 768
686 804
824 826
705 787
747 752
695 842
734 846
687 718
713 773
820 848
718 748
755 845
702 789
703 828
773 781
713 781
752 853
694 800
706 828
688 719
773 853
701 778
774 811
686 806
768 839
703 831
828 838
769 774
758 809
738 784
781 836
686 808
737 837
686 789
719 842
803 840
755 797
760 828
770 828
731 828
703 709
760 829
708 823
713 777
772 827
734 849
694 760
703 787
831 853
840 848
807 843
748 779
755 783
715 834
822 850
732 822
771 789
835 837
694 853
739 823
731 830
764 779
703 824
809 817
718 745
787 809
719 745
779 828
799 835
718 805
745 800
686 731
810 814
687 765
728 737
703 741
735 769
701 794
709 848
803 820
688 697
740 831
827 849
686 792
724 745
824 829
747 805
769 856
797 820
728 739
717 852
718 803
686 770
739 797
783 809
747 792
687 703
688 777
826 830
726 780
698 803
766 810
705 784
815 853
745 829
783 787
686 842
686 695
694 823
694 772
829 847
711 842
792 837
741 835
686 814
741 770
714 822
734 805
686 781
695 697
686 758
703 820
708 797
786 833
781 810
719 747
745 853
701 821
827 828
703 719
719 830
751 795
781 794
708 819
746 833
705 772
764 843
713 742
713 760
769 811
796 806
763 804
688 834
686 773
752 842
698 776
688 724
717 855
697 815
805 828
705 761
705 849
799 813
834 844
727 752
703 728
712 767
696 795
747 773
690 831
814 828
745 774
719 829
713 800
800 851
727 800
686 845
731 752
780 835
755 836
708 824
688 756
724 726
738 805
694 784
686 720
748 787
787 836
814 842
695 726
728 779
724 736
697 780
713 724
686 693
815 838
817 827
792 830
697 719
713 815
713 784
806 818
760 800
686 799
764 787
714 732
792 838
720 803
733 795
820 828
686 704
745 828
716 770
828 837
694 829
820 853
751 830
713 748
819 848
829 834
707 767
722 853
742 786
747 758
686 700
716 799
781 834
718 747
705 800
819 840
705 731
708 724
716 820
752 810
719 728
824 835
787 817
686 800
741 823
828 848
824 838
716 795
694 713
768 816
747 793
714 806
814 853
752 820
747 837
762 799
770 797
710 711
778 834
805 831
747 754
694 834
737 830
760 830
713 829
778 812
783 817
705 741
687 780
799 845
714 789
694 754
752 827
697 701
736 833
753 819
780 819
752 831
802 806
689 712
705 759
741 828
792 835
817 830
686 759
705 752
810 815
719 722
828 853
770 781
782 786
705 834
809 827
697 824
713 851
769 800
724 752
830 834
712 742
747 753
735 856
695 738
726 824
686 836
825 856
820 824
711 727
731 745
718 758
695 752
686 708
713 722
824 844
760 766
762 827
810 828
687 688
745 795
708 713
709 754
724 820
686 745
724 848
695 824
695 834
708 760
795 813
739 780
690 820
810 823
761 772
810 856
686 749
686 787
807 856
763 849
766 824
754 823
837 840
713 810
773 827
704 799
686 848
738 813
723 727
727 770
798 852
780 805
686 768
725 771
705 706
726 745
800 814
686 807
724 842
698 753
686 847
742 789
778 828
745 784
694 766
686 809
704 777
761 848
686 718
705 835
686 785
765 779
731 781
707 768
719 720
797 828
752 830
778 844
756 847
703 845
718 719
766 784
800 810
713 833
784 800
689 839
741 781
712 714
726 853
795 829
817 828
688 696
705 760
688 824
784 827
773 829
726 781
789 818
701 747
718 797
706 815
764 797
713 738
785 846
827 834
792 819
828 844
738 829
725 818
688 747
774 856
686 793
728 754
695 766
701 754
714 839
686 732
793 850
823 827
793 797
715 805
724 823
694 737
754 821
705 722
824 842
695 718
823 835
772 805
686 805
811 856
729 856
820 830
705 762
812 815
686 794
713 780
705 844
818 839
706 752
694 824
709 777
773 815
686 706
805 810
722 737
686 852
828 840
765 843
696 747
703 739
686 829
756 805
751 784
728 803
759 766
705 820
686 746
725 806
703 718
780 840
688 771
774 800
779 807
695 701
708 753
730 763
697 842
694 830
728 792
792 828
829 842
705 715
686 723
687 739
698 769
720 774
697 765
718 827
805 827
713 772
815 819
819 838
784 853
695 794
688 821
774 830
768 833
760 794
737 828
686 696
697 840
792 803
731 834
723 830
729 804
705 747
711 745
760 805
694 847
706 719
696 697
723 745
732 788
788 806
740 748
694 695
795 820
694 781
697 828
805 814
705 745
696 805
693 713
693 824
771 839
705 781
830 846
719 817
713 794
711 847
686 755
698 745
686 728
755 827
768 822
705 828
701 777
686 719
727 830
727 805
686 747
766 830
739 747
708 856
705 728
747 848
695 778
711 853
695 706
724 794
804 856
773 774
737 745
686 849
791 822
773 810
767 822
830 847
686 840
738 794
772 845
723 770
688 713
741 763
710 847
686 798
752 847
686 697
687 747
724 827
778 830
805 842
686 835
688 800
694 795
745 842
694 752
709 840
731 784
718 781
696 724
686 844
764 809
739 774
770 845
819 824
724 784
704 848
782 829
784 794
696 719
686 717
823 843
810 827
701 724
689 732
734 760
736 788
698 840
695 754
724 814
705 764
686 743
838 840
787 823
724 795
706 853
686 810
745 755
718 793
707 746
694 705
823 856
747 849
705 748
764 824
777 830
695 751
763 836
686 854
712 822
766 847
730 764
691 782
766 805
720 781
719 834
747 774
701 845
713 847
719 726
686 824
705 836
695 805
718 815
698 774
698 703
713 816
719 848
747 809
686 715
731 847
828 835
760 834
694 780
686 834
727 847
754 840
727 824
702 732
789 833
722 738
696 842
815 835
753 769
758 808
719 799
756 826
697 769
694 696
694 756
773 823
698 713
720 793
713 805
815 834
754 815
686 772
720 755
781 815
697 760
716 849
805 840
820 831
726 773
687 764
756 827
694 710
766 849
738 853
813 833
711 752
786 829
806 822
700 784
697 827
695 853
694 745
739 807
686 726
823 840
745 820
819 834
727 853
703 754
705 719
805 818
737 805
783 793
697 856
822 839
741 836
754 777
774 843
688 739
713 827
714 771
709 824
719 845
688 780
830 856
694 722
760 820
694 774
713 778
747 815
834 842
845 849
765 792
726 760
703 759
719 814
772 814
781 829
760 842
816 850
698 719
764 805
764 783
737 820
686 826
745 752
686 816
719 787
705 738
686 788
724 805
787 827
712 782
708 719
797 809
754 848
734 842
824 830
703 809
766 815
770 820
697 726
737 815
740 770
705 810
724 824
733 786
686 709
747 748
741 807
766 828
713 746
703 793
713 817
819 828
745 762
686 765
712 839
719 756
711 829
686 702
780 828
730 783
800 805
726 820
762 810
810 842
782 804
745 815
739 754
709 835
719 760
719 819
733 839
686 778
755 809
696 784
713 823
708 840
688 772
705 831
748 831
686 721
732 806
694 815
794 842
774 853
705 830
772 828
828 856
719 820
807 819
780 838
820 834
755 758
731 827
694 726
686 757
686 811
727 846
796 829
687 797
745 830
781 824
726 731
686 737
774 784
718 762
686 851
698 804
686 707
752 828
686 843
728 730
770 799
694 697
686 739
686 774
687 783
728 780
695 719
820 849
727 756
732 818
752 784
686 796
748 797
697 721
799 814
823 830
714 767
