810 823
719 800
729 753
856 876
861 878
698 886
886 889
747 828
828 856
708 819
708 747
776 873
867 873
698 888
819 880
825 884
867 877
774 828
719 830
803 840
698 729
753 823
713 772
876 888
873 874
708 719
830 856
708 828
882 889
867 887
729 861
708 769
857 862
698 800
804 856
753 856
719 745
870 871
729 889
708 713
811 869
863 889
698 882
698 804
879 881
698 840
774 823
865 868
804 888
697 769
713 719
698 872
698 866
776 874
876 878
819 840
703 747
858 881
863 886
776 885
698 805
830 840
698 887
769 774
866 879
729 856
713 828
697 708
872 887
856 863
729 804
719 840
745 810
698 880
745 774
698 857
698 708
747 804
828 880
729 882
697 747
713 823
698 877
872 885
819 830
698 772
774 819
810 856
772 828
876 886
713 774
698 883
747 830
776 867
882 886
698 828
698 889
719 772
769 856
713 810
800 828
698 862
866 894
774 840
747 805
697 830
870 895
708 869
857 868
862 868
747 803
823 856
769 800
703 856
863 878
713 830
856 869
873 885
857 865
745 805
874 885
708 774
800 810
825 889
708 856
753 769
698 867
697 713
747 774
800 823
871 879
861 876
713 800
805 880
698 895
805 810
719 828
698 878
703 823
698 719
703 880
804 886
805 840
804 863
804 861
697 890
876 882
774 869
729 886
772 805
858 895
698 747
719 823
859 885
856 893
697 800
719 810
698 825
871 881
698 875
747 880
858 871
856 861
698 874
719 819
719 805
708 840
867 874
697 753
745 828
769 811
856 889
708 753
819 823
698 856
819 856
776 877
811 856
698 745
698 753
697 719
863 888
863 882
811 890
800 830
708 890
862 865
774 805
803 880
876 889
745 747
713 745
747 856
698 879
698 810
698 885
840 856
869 890
745 830
878 889
698 858
729 876
861 888
745 823
879 894
884 893
874 887
866 881
774 810
774 830
877 885
867 872
747 840
823 830
828 840
698 774
857 871
863 876
698 823
774 856
698 803
856 864
703 819
867 885
805 823
719 747
747 823
697 840
753 819
697 819
708 823
861 863
697 698
753 861
698 881
872 874
861 889
698 873
856 882
858 870
747 819
772 800
747 769
708 800
747 810
881 895
878 886
825 856
697 772
888 889
747 800
878 888
697 856
703 828
698 893
729 878
805 828
805 830
804 878
776 887
