102 175
10 200
169 318
254 266
274 341
116 149
176 188
172 298
0 270
99 102
118 271
25 236
25 94
120 247
0 74
48 88
203 285
31 308
223 342
142 252
175 277
119 148
0 310
26 297
109 203
137 312
203 334
94 204
0 194
181 275
9 322
153 280
46 175
119 325
224 291
9 128
111 310
72 291
13 261
246 340
29 338
277 322
56 128
5 156
67 212
104 295
98 186
98 203
186 236
304 332
212 252
26 313
239 272
66 239
143 175
17 312
150 163
16 261
252 265
93 167
48 73
115 226
26 123
170 277
26 239
122 213
108 251
67 118
0 89
26 118
0 51
21 223
64 217
56 103
91 264
68 177
277 323
223 325
0 342
150 189
271 322
271 285
0 50
17 214
261 342
67 119
40 77
132 242
252 277
98 141
119 329
63 342
62 98
80 300
111 214
25 232
101 330
121 236
60 291
185 285
67 325
17 116
121 280
0 154
0 173
0 319
84 236
118 324
231 332
22 339
0 12
5 235
104 303
7 168
3 122
3 200
0 148
128 199
0 125
80 101
0 259
0 146
45 122
21 252
48 126
304 334
272 280
0 141
249 302
248 311
252 315
122 176
75 258
147 319
10 285
9 304
139 159
20 312
312 326
218 328
313 339
67 185
99 131
0 334
111 279
187 249
203 268
251 320
56 334
177 225
0 294
277 315
96 133
176 271
324 332
66 308
25 122
26 133
119 324
0 215
123 342
20 44
200 239
211 342
141 291
305 312
281 320
21 323
45 322
98 271
123 239
53 180
72 200
0 90
0 38
9 232
133 236
304 315
213 236
82 222
0 280
0 25
85 170
48 199
65 297
113 271
26 232
25 84
21 304
291 315
211 239
48 57
159 184
10 323
285 345
24 94
53 242
80 92
180 194
170 304
226 312
66 134
0 77
108 127
26 277
75 272
122 277
136 304
14 226
48 302
211 271
141 257
117 285
0 10
75 188
56 313
45 132
38 322
150 217
40 257
59 252
133 183
0 242
123 186
21 161
0 35
7 65
0 5
213 332
26 122
0 299
78 195
56 67
102 296
3 323
211 304
56 186
65 252
170 185
9 272
101 249
78 273
318 334
250 322
36 108
200 304
236 303
19 112
213 308
133 322
53 302
50 119
216 243
13 239
119 285
268 271
84 224
122 128
116 226
28 151
87 161
252 304
40 142
9 329
45 104
169 236
53 196
271 314
199 231
149 312
22 87
104 239
10 291
0 318
44 111
122 274
200 248
21 200
0 264
56 252
72 212
21 325
189 217
48 322
99 177
0 297
13 148
56 298
67 224
22 324
67 323
36 135
56 291
0 235
40 271
54 329
203 297
0 98
187 266
21 109
311 344
41 230
72 329
199 342
6 147
0 187
280 322
0 6
142 239
200 285
119 217
16 82
85 188
7 246
77 117
56 119
32 310
67 252
20 226
41 151
59 118
39 161
2 226
266 346
30 271
25 221
0 165
72 252
56 98
80 187
0 46
78 306
119 239
285 315
21 142
21 332
2 116
172 212
167 310
223 271
118 161
143 177
59 98
7 308
26 236
19 227
56 223
56 277
325 342
176 239
94 299
19 138
98 103
135 184
254 299
0 225
92 242
250 252
200 223
115 220
213 324
104 203
56 118
5 315
19 175
142 285
168 339
26 40
117 231
232 271
98 291
239 271
197 281
224 304
30 303
26 55
188 280
188 304
95 319
30 188
161 252
109 314
36 309
0 185
59 238
123 261
204 346
56 222
121 206
0 240
277 304
98 113
252 313
59 203
126 260
214 343
251 284
40 141
80 346
0 344
232 298
232 239
62 341
238 271
203 238
142 323
0 212
16 118
0 96
116 312
149 333
98 122
118 203
26 142
104 113
0 175
166 198
28 41
162 343
19 312
40 258
0 172
285 323
0 256
39 105
116 162
0 293
57 92
21 55
50 314
13 56
172 203
262 312
62 133
21 297
0 254
200 274
88 186
67 170
99 278
146 339
224 332
8 201
80 173
132 311
98 104
53 330
168 277
9 148
124 157
116 140
26 169
10 67
25 170
31 129
38 141
158 317
308 338
172 331
175 263
67 213
17 41
67 313
242 254
303 315
0 131
178 329
104 109
170 285
109 169
113 142
217 324
178 186
271 277
104 128
89 319
185 344
118 239
0 103
0 113
17 140
1 73
67 109
172 252
14 310
67 161
1 299
257 304
87 213
188 223
0 286
122 325
259 264
0 127
223 265
144 343
6 95
199 265
170 250
199 291
32 167
41 326
82 199
162 333
82 231
142 271
151 312
32 93
119 248
159 272
55 56
0 80
142 200
136 322
211 315
173 202
203 315
248 252
81 269
26 172
94 249
55 252
213 246
0 313
0 190
258 323
31 168
98 304
19 343
31 252
13 265
122 285
52 192
130 191
118 331
223 246
0 347
88 242
80 320
170 239
67 265
0 29
202 329
57 302
0 277
108 320
78 275
67 223
213 322
9 169
75 170
23 116
9 113
67 334
25 148
26 185
148 271
28 326
40 332
83 237
56 82
0 211
23 144
252 325
0 229
203 331
13 199
122 322
136 146
122 203
311 325
98 238
125 136
0 189
85 271
25 271
140 312
194 346
188 323
79 188
285 322
172 268
105 315
1 92
122 141
59 186
8 259
25 79
239 322
103 252
123 252
236 271
56 297
55 277
17 115
23 227
203 332
9 185
222 240
1 194
104 271
200 203
44 343
109 239
300 346
63 261
0 295
103 271
229 334
67 261
25 277
64 189
53 213
211 331
136 156
7 291
30 178
254 330
0 224
53 248
103 185
80 94
44 312
93 137
158 232
141 304
123 334
85 156
132 303
277 308
24 80
0 218
118 199
158 339
122 251
271 325
98 332
13 21
0 144
143 225
23 237
98 123
60 285
105 257
105 236
59 239
14 115
186 188
303 322
224 276
59 250
25 104
49 192
0 41
39 277
236 314
66 142
128 170
26 322
55 203
86 225
92 187
185 271
306 328
92 266
26 291
0 15
41 214
0 32
122 239
9 231
50 334
26 271
9 30
120 277
21 127
115 192
7 213
170 332
0 204
0 39
53 92
180 187
188 291
170 323
0 84
0 52
239 276
324 331
17 326
55 170
109 322
56 261
134 203
124 170
144 312
128 211
0 312
170 322
7 340
57 346
26 276
98 276
49 255
212 295
0 291
21 134
82 211
102 227
9 199
231 280
118 211
26 285
299 302
109 148
106 238
40 322
98 325
56 88
165 169
151 310
9 85
31 142
199 304
0 134
39 313
62 239
101 242
56 188
78 218
0 261
53 317
203 239
31 338
227 263
172 265
0 323
67 315
119 261
53 191
22 347
0 246
119 176
56 231
40 224
23 51
113 121
165 188
199 232
0 55
313 315
199 325
0 149
261 297
103 169
31 304
98 172
0 123
80 88
5 213
109 119
181 306
53 101
21 251
118 277
0 85
128 313
252 324
9 142
0 210
238 325
199 238
0 251
0 139
0 108
94 101
146 313
199 324
142 308
40 274
200 236
146 285
186 331
315 345
13 67
21 334
170 313
82 252
127 320
25 322
272 291
252 332
1 88
122 276
248 291
128 176
0 124
63 313
0 338
104 188
92 299
185 280
212 298
186 277
96 213
9 188
143 227
92 94
156 235
304 308
181 195
0 200
85 176
113 342
323 332
67 156
133 315
88 178
134 238
239 313
17 19
272 285
25 141
136 308
200 280
99 175
184 320
170 252
80 266
0 58
163 173
81 286
211 268
21 88
130 329
6 319
13 109
67 345
67 200
50 277
266 302
56 341
280 323
36 197
195 218
0 117
128 172
322 323
130 277
223 315
56 325
180 196
99 296
211 313
313 314
0 65
122 188
0 325
45 200
0 23
79 271
25 103
232 322
185 315
3 72
199 271
0 209
140 214
82 158
0 109
21 123
213 231
280 291
25 224
57 242
224 322
0 119
115 343
0 223
7 31
180 346
211 261
170 203
4 328
14 116
122 224
184 272
122 332
0 168
21 184
136 315
165 200
199 288
220 312
0 114
40 231
115 326
67 272
82 118
56 122
82 313
302 346
140 144
62 322
224 236
239 277
56 66
40 169
130 322
258 272
180 302
98 118
211 325
48 332
0 333
199 222
177 227
9 200
53 346
0 199
203 270
249 299
119 313
277 339
1 346
122 142
21 271
29 82
30 56
280 329
308 334
291 339
127 281
141 224
142 170
167 337
53 254
0 62
122 156
187 242
100 323
132 158
154 219
188 290
265 271
308 329
25 323
0 336
29 203
203 342
67 248
101 204
9 105
1 236
67 277
137 214
67 104
38 117
113 119
2 343
130 204
98 277
196 249
57 320
56 272
88 106
122 281
223 252
214 326
0 315
21 284
98 331
134 334
304 322
0 152
297 323
91 201
67 142
98 285
0 207
309 320
13 119
21 197
200 323
187 299
203 313
112 174
9 203
271 297
118 200
119 163
21 280
109 285
85 258
213 272
14 20
16 29
23 175
271 280
0 170
40 317
109 142
27 324
226 326
132 315
271 298
184 329
98 239
41 226
186 222
17 111
186 223
1 119
152 275
261 318
238 265
116 326
82 169
185 322
113 199
188 224
65 314
170 211
281 284
75 85
187 302
184 346
26 170
57 80
0 118
122 235
116 144
0 70
107 171
194 254
56 59
0 316
25 272
9 295
197 329
62 186
290 322
80 213
213 224
257 322
111 337
334 339
26 295
53 260
56 332
57 277
0 86
82 261
0 13
56 239
170 186
212 239
56 172
82 170
261 265
26 224
25 169
56 134
61 193
280 315
4 275
129 347
48 330
8 91
0 257
14 326
284 329
277 332
71 230
290 323
0 233
46 143
67 196
243 310
98 313
25 130
212 344
246 339
78 328
14 41
180 204
172 342
200 252
19 89
75 304
203 265
200 277
200 334
0 255
71 307
0 271
299 330
72 298
161 199
161 339
208 291
55 200
252 308
194 249
4 218
26 158
46 278
119 170
3 188
165 342
20 326
67 82
45 186
271 331
9 119
238 261
242 249
67 72
72 132
186 271
21 272
26 304
25 297
257 344
0 206
56 265
252 342
200 271
159 345
186 325
141 239
91 259
261 313
5 169
0 309
148 224
170 334
0 213
133 280
0 247
186 341
261 314
53 299
26 248
331 332
169 277
55 261
9 186
236 297
109 252
89 327
53 194
0 45
26 67
115 262
96 314
9 79
36 281
236 252
236 304
218 306
184 197
35 143
9 141
104 318
20 115
109 229
55 186
213 249
5 187
30 224
136 246
48 80
99 143
265 311
119 125
213 291
48 180
188 274
100 150
0 227
178 345
56 232
85 322
92 194
0 28
122 272
272 281
67 344
140 326
39 200
277 334
25 276
0 244
59 271
159 172
119 208
29 172
0 281
137 337
9 21
162 312
119 252
0 258
142 332
7 339
122 271
142 277
51 237
26 200
56 211
159 281
40 329
21 26
31 109
56 185
9 342
41 140
9 134
25 285
319 327
115 137
101 302
119 277
14 144
90 179
77 231
92 254
142 345
322 342
0 192
98 261
104 332
21 66
8 264
62 96
62 261
98 109
67 98
0 339
144 149
25 158
7 304
199 252
3 25
56 207
291 329
88 130
0 99
252 271
203 338
25 200
230 307
142 280
21 308
171 217
21 277
56 199
67 69
178 272
41 116
89 147
47 301
300 320
178 213
161 277
180 266
197 251
315 339
91 110
31 291
164 285
0 301
211 272
67 303
188 271
203 223
4 195
95 327
108 281
39 165
104 142
49 241
26 265
119 150
133 232
207 322
26 298
122 252
0 290
67 203
13 188
134 277
221 303
130 346
25 65
115 116
85 274
224 271
275 328
51 84
199 239
56 63
142 322
0 267
109 303
169 252
137 289
72 239
108 159
29 118
98 252
98 315
87 308
239 325
0 79
51 83
188 315
0 33
75 322
59 211
118 252
56 315
7 129
118 261
106 332
25 188
252 285
40 298
0 122
65 82
0 174
85 272
252 297
186 345
169 239
169 280
25 283
56 285
28 116
23 230
9 334
87 246
62 170
21 108
19 289
56 221
48 203
119 132
92 346
13 172
0 64
180 242
86 175
158 248
252 322
3 280
69 236
231 291
133 224
0 69
273 306
186 213
238 313
13 332
272 304
222 313
0 49
2 326
19 293
188 208
163 249
21 274
185 200
41 111
195 328
21 40
92 180
0 274
224 261
29 106
169 322
21 212
25 73
67 342
1 322
56 212
271 276
106 329
119 229
82 325
246 285
161 308
129 339
13 223
40 334
248 332
4 181
175 321
86 278
82 238
67 75
21 39
149 343
146 148
113 200
208 285
199 314
280 297
194 204
212 271
218 275
0 314
100 189
67 308
0 76
148 176
225 227
0 193
39 141
142 203
119 171
67 332
48 299
25 98
53 249
40 315
178 206
271 315
170 260
136 339
246 315
55 123
128 271
0 145
67 297
161 325
0 116
119 323
0 269
53 204
291 332
257 258
271 318
172 271
86 177
273 328
8 193
24 92
127 159
9 26
41 93
150 171
196 254
109 200
56 132
4 306
0 345
322 329
211 238
178 303
122 297
171 189
159 277
82 268
69 304
67 186
115 144
72 172
277 311
103 136
70 230
98 148
40 265
93 310
213 242
0 83
302 330
9 323
30 236
73 331
141 236
113 277
172 277
56 331
314 342
0 57
66 113
228 283
9 75
66 252
82 271
29 231
0 136
84 276
91 245
265 313
101 254
0 140
204 329
23 83
281 309
220 262
30 329
62 161
0 21
106 169
5 204
105 277
58 107
97 182
142 315
21 345
0 17
130 300
260 339
67 290
13 252
1 315
62 323
127 309
199 261
0 245
141 276
128 322
25 270
186 272
269 329
170 274
72 271
111 326
119 332
203 211
13 304
103 211
110 264
62 141
186 323
28 144
0 183
67 79
254 346
16 172
67 122
62 224
145 179
123 318
119 318
212 232
323 341
30 200
101 299
271 304
53 322
0 121
182 253
188 334
113 165
25 72
119 146
0 61
184 284
186 199
26 141
204 213
0 40
188 342
30 213
25 237
59 172
172 211
239 280
0 126
0 252
98 272
77 294
20 333
25 231
170 223
24 101
109 324
9 271
122 236
0 3
63 271
128 315
238 342
5 180
82 318
252 338
113 304
0 93
3 85
67 134
161 258
48 130
139 251
25 176
0 48
69 121
62 318
142 297
185 274
315 322
0 133
26 186
31 83
122 200
73 126
48 271
65 203
92 204
67 169
236 272
25 185
0 203
125 169
0 147
119 128
17 310
99 263
200 224
0 219
225 278
242 322
127 251
222 238
17 137
39 121
7 322
0 214
119 189
68 296
135 197
55 185
0 161
109 323
21 188
0 220
80 194
233 256
0 330
156 188
119 199
132 334
21 342
23 190
19 174
142 186
122 169
21 170
13 271
21 31
123 200
0 303
223 261
82 172
194 302
277 324
7 103
10 169
55 104
25 290
104 122
101 180
239 261
299 346
0 101
67 239
248 323
236 257
62 142
236 280
172 325
40 280
320 329
126 322
26 134
0 132
24 180
31 84
232 280
10 142
2 333
136 285
40 172
113 134
40 212
40 67
195 306
170 315
0 250
199 212
24 57
143 321
158 325
0 94
213 303
170 176
9 315
152 339
80 204
190 229
60 158
25 83
196 266
200 324
98 170
136 324
113 188
0 164
172 223
196 285
168 291
105 119
40 213
231 315
23 245
137 140
115 149
41 115
48 119
92 196
53 54
0 268
324 329
41 144
26 199
96 323
3 283
40 203
122 248
0 63
0 67
113 291
118 268
160 260
9 280
0 304
161 322
119 203
94 300
111 312
297 322
113 203
25 56
185 297
186 203
6 219
21 67
304 341
60 239
118 134
197 272
169 334
99 227
122 303
137 167
134 199
211 223
213 315
109 297
203 324
203 325
20 149
143 278
32 137
243 337
0 47
144 151
204 242
0 202
45 67
9 224
280 304
94 187
101 317
128 252
113 169
94 266
161 271
239 265
135 320
67 128
66 67
73 299
82 121
159 284
238 324
53 266
84 237
28 115
103 339
7 347
82 314
55 239
0 14
0 24
14 214
172 238
203 341
123 142
280 290
232 276
100 119
25 26
0 92
94 180
199 315
26 334
23 155
274 323
103 172
329 332
20 111
56 75
128 186
277 294
172 231
0 317
133 188
50 331
0 311
242 330
222 325
186 285
0 276
98 119
0 340
21 236
130 213
0 16
0 266
277 285
258 295
122 284
170 341
155 157
0 157
79 185
261 325
20 41
26 308
14 149
0 9
197 309
54 313
87 136
284 320
122 344
181 273
31 122
148 185
0 81
83 84
62 199
272 329
40 72
239 303
19 115
56 213
135 251
139 197
137 310
339 340
94 315
261 345
26 79
67 141
9 258
204 277
25 288
212 304
0 177
0 143
104 212
180 254
265 298
0 343
116 214
134 248
24 187
0 1
194 266
170 271
28 149
24 302
98 200
113 313
169 257
0 115
137 326
7 315
3 142
236 315
56 323
186 200
25 252
150 324
239 344
14 151
0 308
0 248
13 211
56 290
127 346
17 144
38 248
195 273
72 113
184 251
16 331
224 324
284 309
9 25
0 326
67 304
53 88
104 252
275 306
80 315
148 339
200 276
203 272
41 343
50 109
169 315
134 252
41 243
87 315
78 181
172 332
219 319
118 222
184 281
30 331
5 158
132 317
113 172
58 269
88 164
271 332
131 225
26 176
28 312
3 26
200 232
25 113
109 186
40 158
1 280
56 203
67 123
185 188
22 277
168 347
67 322
128 203
53 332
26 72
94 194
57 204
169 185
175 227
158 322
26 66
252 261
271 313
0 328
119 122
232 285
128 213
193 259
103 285
9 170
85 323
0 285
119 342
0 208
40 199
27 54
50 113
40 133
76 270
142 169
122 123
26 161
48 54
53 130
38 332
88 303
248 265
204 266
53 94
304 347
128 169
139 281
199 223
188 258
285 342
142 188
167 243
22 168
133 271
119 188
0 151
53 146
79 200
101 194
73 88
118 325
59 325
33 42
45 303
25 67
102 263
224 232
66 304
4 152
62 236
21 119
122 186
21 104
67 188
238 252
56 322
239 295
122 232
203 322
20 214
132 134
180 249
0 87
3 274
208 332
135 281
26 203
177 278
21 136
39 119
166 202
50 203
120 136
111 137
271 291
0 37
184 309
31 200
53 315
24 242
7 22
188 322
19 319
339 347
211 285
21 165
186 322
170 200
226 343
92 249
88 236
199 313
0 282
109 331
218 273
0 36
57 184
56 136
149 226
69 105
14 312
119 339
67 236
40 132
0 73
21 203
82 98
144 326
119 280
196 330
141 323
27 329
88 322
104 277
91 193
172 313
156 272
245 259
3 67
59 82
130 257
231 239
0 279
127 139
27 119
67 158
68 143
273 275
26 188
175 278
211 222
0 237
82 203
60 322
66 122
65 118
0 198
141 271
24 194
170 290
24 299
257 280
9 156
301 324
13 26
104 123
30 48
56 113
57 213
122 170
56 271
308 322
271 342
322 339
31 67
77 332
26 109
188 297
188 285
84 265
26 315
139 184
0 95
40 239
80 330
0 289
0 158
31 237
96 274
113 325
302 315
31 51
26 323
188 277
136 213
29 40
122 280
0 288
0 249
242 302
0 331
57 249
165 334
249 266
45 221
188 252
22 158
121 169
290 342
0 128
21 122
131 177
249 254
271 290
285 313
13 236
68 263
172 304
308 323
87 339
104 200
146 317
276 322
271 272
122 345
333 343
131 143
97 230
0 332
148 229
68 227
0 34
82 148
158 332
261 268
185 272
0 324
89 219
127 197
158 315
0 150
4 78
261 271
221 322
28 140
94 242
128 223
141 172
158 242
109 325
75 200
0 20
20 343
7 136
31 280
67 136
158 304
121 165
119 185
213 277
226 333
21 105
98 199
239 285
39 257
0 31
3 9
0 278
56 303
172 261
56 169
21 186
68 175
178 231
56 170
199 298
45 142
142 236
242 346
0 54
252 272
0 238
80 249
62 200
45 345
0 60
4 273
62 122
326 343
98 342
244 282
239 338
203 271
59 268
