3460 3786
3677 3888
3519 3705
3779 3938
3455 3629
3496 3861
3610 3660
3635 3830
3527 3800
3609 3877
3668 3945
3502 3669
3471 3702
3590 3599
3684 3962
3697 3884
3469 3829
857 3456
3578 3804
3480 3684
3618 3684
3596 3687
862 3621
3593 3794
3739 3912
3509 3900
3793 3906
3469 3956
3437 3962
3577 3841
3508 3644
3842 3929
3657 3743
3461 3934
3800 3824
3573 3902
3581 3898
3877 3938
3707 3891
3844 3848
3464 3529
3639 3883
3567 3743
3501 3517
3546 3811
3639 3830
3830 3902
3877 3948
3569 3591
3636 3862
3599 3705
3567 3595
3540 3750
3706 3793
3505 3629
3442 3876
3542 3707
3448 3545
3681 3790
3476 3708
3448 3540
3448 3491
3734 3830
3514 3884
3605 3938
3470 3520
3860 3930
3794 3870
3643 3896
3469 3761
3866 3947
3481 3516
3611 3891
3480 3625
3506 3569
3442 3791
3648 3816
3663 3921
3758 3937
3576 3790
3651 3756
3468 3777
3617 3927
3604 3858
857 3495
3672 3797
3680 3895
3757 3975
3680 3690
3786 3810
3563 3852
3623 3786
3545 3654
3587 3964
3464 3823
3562 3649
3590 3728
3937 3945
3656 3692
3521 3773
3718 3906
3721 3968
3493 3969
3663 3862
3468 3758
3542 3687
3677 3788
3670 3790
3463 3705
3461 3968
3634 3956
3604 3633
3568 3818
3473 3567
3737 3804
3495 3831
3815 3835
3634 3829
3675 3957
3605 3828
3618 3692
3506 3896
3833 3909
3753 3921
3473 3743
3790 3860
3521 3550
3456 3604
3586 3797
3586 3684
3545 3557
3577 3692
3587 3933
3626 3839
3499 3719
3737 3858
3586 3796
3559 3902
3486 3793
3779 3979
3900 3906
3472 3505
3499 3821
3604 3915
3471 3485
3516 3919
3473 3871
3741 3938
3480 3674
3672 3852
3491 3838
3680 3822
3604 3674
3656 3948
3619 3880
3577 3842
3444 3861
3693 3851
3542 3596
3851 3938
3521 3835
3483 3724
3553 3921
3564 3568
3739 3892
3519 3757
3546 3949
3909 3976
1085 3674
3443 3466
3525 3948
3521 3598
3726 3829
3557 3790
3540 3968
3471 3540
3464 3469
3804 3824
3475 3902
3902 3938
3466 3602
3593 3738
3460 3515
3739 3871
3734 3938
3782 3906
3571 3965
3521 3705
3818 3866
3486 3976
3764 3915
3577 3693
3529 3947
3611 3734
3810 3947
3571 3957
3577 3642
3948 3968
3554 3829
3466 3634
3836 3975
3694 3867
3758 3768
3793 3870
3586 3839
3469 3752
3525 3692
3594 3883
3485 3930
3506 3711
3558 3903
3680 3870
3620 3900
3628 3912
3564 3878
3609 3830
3822 3976
3480 3491
3457 3938
3579 3918
3718 3833
3620 3646
3496 3677
3599 3773
3718 3822
3750 3948
3687 3790
3469 3927
3514 3633
3679 3905
3766 3964
3521 3698
3475 3842
3763 3793
3596 3858
3687 3762
3505 3827
3636 3907
3498 3636
3545 3841
3603 3828
3599 3608
3438 3491
3667 3683
3841 3948
3577 3830
3474 3823
3476 3701
3490 3580
3568 3645
3714 3794
3736 3938
3926 3971
3586 3596
3452 3603
3515 3829
3725 3857
3514 3627
3669 3700
3609 3750
3536 3679
3554 3726
3609 3886
3915 3945
3951 3958
3581 3594
3758 3833
3469 3764
3633 3677
3547 3628
3523 3594
3826 3906
3545 3681
3458 3569
3518 3902
3614 3758
3518 3860
3484 3831
3604 3838
3677 3712
3506 3568
3694 3816
3670 3702
3438 3760
3561 3738
3793 3825
3574 3762
3790 3838
3695 3830
3437 3772
3477 3847
3452 3573
3608 3907
862 3577
3519 3759
3740 3815
3517 3830
3550 3797
3737 3930
3830 3948
3554 3945
3527 3838
3455 3867
3711 3826
3584 3866
3576 3640
3605 3838
3526 3865
3610 3764
3500 3587
3532 3777
3596 3674
3493 3558
3877 3971
3449 3756
3797 3830
3579 3757
3500 3655
3498 3722
3542 3804
3710 3753
3752 3945
3635 3790
3480 3633
3587 3641
3814 3949
3824 3902
3590 3666
3702 3721
3545 3785
3819 3912
3821 3825
3705 3907
3437 3758
3883 3919
3672 3902
3460 3630
3510 3668
3795 3929
3643 3646
3518 3824
3759 3918
3522 3677
3502 3830
3465 3701
3634 3937
1085 3692
3683 3968
3639 3898
3446 3624
3624 3806
3657 3857
3478 3783
3737 3860
3620 3648
3651 3828
3506 3643
3627 3824
3492 3930
3549 3566
3459 3770
3632 3787
3538 3819
3559 3838
3493 3506
3609 3797
3735 3740
3525 3677
3466 3469
3442 3590
3938 3971
3484 3633
3873 3943
3563 3667
3646 3648
3471 3543
3448 3943
3450 3731
3826 3900
3477 3651
3527 3672
3896 3969
1085 3540
3563 3684
3442 3505
3822 3833
3672 3940
3466 3915
3625 3677
3500 3664
3697 3797
3677 3693
3437 3763
3480 3938
3617 3803
3718 3826
3501 3968
3539 3724
3576 3930
3442 3778
3535 3601
3605 3830
3521 3850
3545 3672
3577 3797
3866 3906
3488 3877
3630 3738
3545 3851
3527 3926
3574 3828
3604 3966
3712 3938
3632 3791
3633 3938
3469 3881
3756 3968
3576 3670
3540 3667
3545 3730
3443 3972
3560 3830
3514 3858
3483 3878
3479 3830
3498 3705
3776 3809
3540 3842
3487 3530
3569 3924
3620 3810
3556 3693
3541 3725
3728 3815
3478 3967
3714 3869
3605 3635
3464 3777
3737 3884
3753 3907
3525 3573
3586 3930
3442 3685
3524 3782
3513 3799
3802 3907
3460 3634
3656 3684
3749 3918
3527 3930
3528 3681
3487 3551
3860 3938
3498 3867
3448 3596
3682 3812
3790 3858
3821 3927
3624 3679
3593 3947
3495 3880
3464 3680
3542 3611
3680 3882
3441 3546
3490 3905
3491 3971
3692 3851
3697 3830
3728 3835
3472 3698
3456 3948
3901 3933
3602 3829
3578 3604
3550 3684
3506 3593
3473 3595
3466 3738
3731 3877
3500 3747
3737 3838
3476 3519
3507 3823
3466 3784
3584 3893
3915 3956
3496 3547
3520 3971
3600 3825
3448 3851
3608 3713
3437 3979
3579 3957
3825 3843
3558 3648
3684 3721
3760 3948
3794 3909
3452 3576
3520 3667
3617 3719
3822 3869
3841 3851
3488 3707
3860 3902
3491 3797
3725 3892
3514 3611
3602 3634
3460 3466
3563 3968
3750 3797
3449 3788
3561 3612
3497 3545
3821 3933
3926 3968
3680 3830
3512 3577
3721 3938
3756 3944
3624 3905
3715 3815
3738 3945
3642 3659
3838 3845
3525 3551
3483 3782
862 3592
3611 3938
3488 3611
1085 3948
3599 3921
3711 3924
3690 3955
3728 3740
3505 3508
3547 3693
3674 3851
3500 3809
1085 3943
3760 3962
3456 3557
3587 3791
3664 3960
3675 3774
3711 3896
3476 3836
3511 3515
3437 3689
3506 3515
3558 3958
3633 3684
3442 3553
3596 3672
3478 3964
3437 3660
3617 3878
3448 3930
3779 3930
3522 3979
3559 3804
3824 3860
3488 3640
3460 3761
3610 3927
3516 3581
3550 3971
3628 3760
3509 3924
3529 3601
3667 3734
3598 3685
3553 3769
3734 3800
3528 3557
3478 3809
3708 3774
3449 3938
3517 3756
3590 3835
3475 3948
3722 3827
3542 3672
3501 3877
3550 3552
3543 3605
3536 3606
3455 3713
3495 3860
3683 3830
3493 3648
3564 3622
3518 3578
3629 3876
3521 3526
3511 3896
3785 3966
3734 3877
3531 3662
3454 3880
3651 3884
3589 3592
3801 3921
3486 3680
3584 3906
3442 3835
3561 3945
3702 3966
3456 3841
3578 3596
3573 3838
3545 3860
3557 3627
3776 3960
3555 3810
3528 3938
3469 3604
3652 3676
3690 3946
3596 3877
3633 3721
3587 3776
3516 3830
3622 3690
3525 3851
3464 3945
3459 3645
3733 3954
3501 3943
3493 3900
3642 3938
3604 3828
3625 3656
3521 3842
3615 3705
3692 3873
3931 3947
3731 3938
3731 3736
3809 3933
3571 3918
3533 3830
3640 3804
3747 3766
3625 3962
3488 3902
3629 3921
3667 3948
3557 3804
3670 3858
3793 3924
3557 3730
3655 3933
3545 3604
3524 3645
3498 3713
3672 3804
3774 3918
3460 3956
3512 3525
3668 3829
3900 3909
3605 3877
3488 3830
3826 3833
3577 3609
3533 3674
3458 3584
3577 3618
3599 3710
3557 3824
3782 3881
3452 3891
3455 3886
3488 3528
3756 3877
3611 3838
3601 3782
3702 3830
3471 3838
3599 3666
3640 3731
3948 3962
3583 3825
3592 3626
3608 3740
3438 3877
3755 3926
3804 3860
3479 3649
3906 3909
3838 3852
3758 3951
3480 3651
3677 3841
3764 3881
3495 3908
3753 3876
3505 3773
3440 3495
3710 3740
3498 3907
3528 3545
3456 3501
3568 3915
3463 3822
3675 3899
3615 3629
3524 3584
3531 3771
3475 3484
3567 3739
3486 3906
3634 3945
3690 3866
3458 3719
3629 3840
3606 3662
3521 3827
3747 3967
3612 3810
3821 3931
3780 3851
3532 3535
3842 3908
3671 3793
3518 3790
3604 3902
3455 3740
3753 3802
3640 3884
3577 3625
3764 3825
3692 3721
3591 3793
3510 3602
3547 3750
3605 3640
3490 3546
3533 3633
3721 3830
3529 3829
3539 3890
3455 3907
3558 3786
3750 3938
3524 3866
3702 3902
3605 3948
3540 3886
3449 3737
3604 3804
3539 3584
3634 3761
3873 3886
3499 3564
3789 3918
3674 3760
3830 3918
3586 3604
3551 3723
3750 3831
3545 3605
3518 3830
3799 3918
3481 3898
3501 3586
3873 3948
3575 3872
3586 3697
3888 3950
3553 3867
3535 3823
3569 3969
3643 3833
3465 3708
3822 3855
3448 3828
3524 3568
3460 3768
3833 3900
3903 3924
3448 3640
3486 3909
3437 3705
3444 3742
3886 3971
3545 3852
3441 3949
3533 3760
3680 3955
3826 3969
3926 3930
3633 3830
3510 3761
3496 3520
3768 3770
3568 3810
3620 3792
3491 3788
3677 3943
3545 3902
3938 3943
3642 3838
3731 3913
3680 3924
3440 3545
3947 3973
3634 3738
3651 3938
3465 3571
3590 3615
3604 3658
3801 3885
3718 3758
3671 3770
3590 3715
3633 3674
3528 3930
3584 3764
3584 3711
3509 3569
3822 3906
3503 3640
3442 3865
3442 3713
3508 3933
3516 3523
3623 3947
3646 3719
3482 3850
3558 3768
3764 3767
3476 3837
3869 3931
3620 3906
3698 3728
3825 3931
3836 3910
3449 3873
3690 3758
3593 3782
3618 3842
3538 3628
3756 3948
3577 3604
3510 3821
3577 3962
3614 3652
3577 3889
3452 3462
3667 3842
3488 3737
3761 3956
3444 3849
3463 3869
3617 3758
3721 3797
3710 3867
3472 3850
3439 3932
3537 3887
3620 3714
3490 3814
3643 3903
3720 3751
3542 3635
3438 3449
3810 3906
3495 3943
3838 3934
3734 3788
3603 3672
3640 3730
3618 3734
3710 3715
3794 3914
3550 3950
3529 3738
3462 3934
3583 3600
3605 3731
3463 3826
3438 3938
3617 3823
3636 3815
3522 3779
3628 3962
3466 3583
3514 3790
3601 3786
3534 3535
3681 3707
3493 3646
3500 3964
3884 3926
3691 3830
3532 3610
3530 3925
3463 3794
3463 3951
3543 3940
3574 3891
3605 3672
3731 3891
3674 3841
3486 3711
3629 3698
3564 3680
3546 3894
3906 3924
3506 3786
3437 3482
3491 3684
3576 3707
3683 3944
3743 3868
3596 3938
3466 3972
3511 3671
3538 3892
3596 3830
3579 3701
3629 3740
3681 3804
3528 3858
3831 3968
3718 3896
3831 3851
3496 3551
3448 3737
3633 3750
3743 3892
3701 3774
3497 3902
3535 3821
3680 3958
3661 3897
3607 3698
3493 3584
3533 3877
3471 3873
3696 3791
3541 3892
3506 3555
3592 3891
3518 3596
3667 3873
3596 3670
3617 3821
3604 3830
3482 3553
3707 3828
3599 3835
3790 3851
3524 3601
3499 3690
3596 3880
3656 3667
3578 3611
3956 3972
3468 3534
3702 3948
3546 3863
3705 3822
3656 3677
3714 3822
3707 3930
3680 3909
3521 3713
3506 3951
3503 3576
3783 3920
3573 3611
3508 3791
3700 3864
3460 3752
3614 3945
3462 3800
3437 3836
