1390 1736
1110 1242
1793 1888
1483 1768
956 1138
1191 1280
107 1214
1605 1663
1132 1398
1136 1698
984 1382
1661 1828
1165 1641
898 1871
1338 1496
1729 1824
940 1906
1056 1110
1744 1778
1238 1868
1090 1725
1159 1258
1331 1352
1614 1752
1340 1750
637 1808
978 1734
1124 1327
1014 1032
1494 1555
1074 1736
1503 1850
1199 1399
1086 1902
1752 1804
1273 1783
1307 1866
1243 1483
1589 1799
1236 1725
1037 1904
925 1753
1420 1675
1223 1320
966 1826
1570 1623
1576 1720
107 1293
1737 1888
1086 1128
1359 1868
1204 1303
1277 1578
902 1298
1674 1883
1121 1541
1520 1877
1439 1471
1231 1459
1639 1835
1330 1431
1129 1277
975 1611
1115 1899
1750 1752
1129 1462
1281 1661
1470 1663
1407 1753
596 1215
1299 1504
1761 1768
1256 1864
1721 1796
1637 1791
1014 1108
1286 1611
1250 1712
1215 1475
1603 1663
1538 1652
1569 1872
1235 1576
1274 1806
1110 1911
1360 1806
1135 1663
1163 1605
1467 1750
1331 1839
1816 1826
1212 1372
107 1181
1488 1539
1737 1789
999 1376
1059 1185
982 1456
1522 1816
1719 1825
1117 1331
1067 1587
1142 1549
637 1479
1799 1849
1107 1460
1753 1891
1015 1100
1115 1190
1827 1888
939 1910
1390 1771
1063 1288
980 1891
1336 1622
1175 1668
1221 1529
1672 1869
967 1485
1475 1893
1128 1575
1211 1547
1195 1765
107 916
1101 1522
1799 1827
1359 1551
1470 1563
1675 1867
993 1637
1559 1833
1704 1729
1132 1589
1207 1285
1183 1703
1516 1522
1126 1662
976 1679
1367 1516
1006 1039
1528 1754
1109 1275
606 1512
1421 1719
428 1013
1006 1024
1623 1826
1080 1790
1367 1867
897 1398
1107 1559
1144 1705
1356 1497
1099 1871
931 1566
1205 1888
920 1182
1291 1888
1604 1622
1153 1823
1590 1639
940 1650
1269 1845
1243 1721
1123 1132
930 1878
932 1843
1459 1742
1620 1683
1072 1428
902 1611
1528 1589
1101 1370
1049 1407
1152 1807
1160 1849
1420 1782
1177 1436
1691 1875
1185 1219
366 1514
1155 1487
1324 1850
1048 1724
1169 1709
1835 1851
1026 1714
1296 1694
1348 1529
1662 1768
1405 1765
1032 1099
1447 1580
1714 1804
483 933
1023 1445
1230 1612
1148 1576
908 1698
1475 1786
1495 1715
1393 1407
1198 1810
1255 1312
1365 1689
1619 1736
930 1514
1156 1199
1584 1703
1040 1330
1242 1554
1472 1667
1610 1849
1600 1827
1110 1352
1714 1730
1714 1757
1126 1843
1117 1547
1144 1593
1431 1839
1086 1126
107 1886
1370 1665
1513 1584
1584 1619
975 1345
1787 1837
898 1515
1280 1391
1593 1803
1655 1862
1381 1857
1334 1685
934 1613
1610 1623
1154 1785
1021 1459
1315 1680
1181 1800
1590 1819
1132 1456
1730 1804
1277 1345
1173 1534
1216 1880
1432 1680
978 1389
1067 1715
967 1076
1604 1849
1159 1876
1542 1839
1215 1661
1516 1768
1305 1590
1730 1826
1399 1741
107 1723
921 1826
1269 1768
1296 1525
1452 1787
1302 1621
1440 1909
1899 1903
353 1487
1305 1513
1247 1897
1049 1128
353 1122
1352 1662
1352 1520
107 1724
1123 1156
1259 1672
1153 1793
1052 1634
917 1469
1307 1567
1509 1804
1029 1175
580 930
1199 1535
1661 1871
1152 1525
1539 1603
1707 1845
1555 1678
906 1877
1158 1628
1399 1402
1125 1199
1563 1621
1230 1243
1136 1421
1099 1638
1151 1171
1026 1377
1086 1789
966 1289
1205 1714
980 1659
1336 1714
1247 1273
1766 1844
1471 1530
1136 1494
932 1864
363 1692
1432 1841
1107 1267
971 1215
1044 1315
948 1313
1153 1610
927 1730
1323 1377
1583 1884
1282 1451
1371 1548
1192 1426
1184 1341
1535 1608
932 1663
1199 1238
1125 1191
1524 1800
906 1688
1798 1895
1598 1600
1163 1736
1774 1836
1006 1793
1546 1889
997 1622
1028 1352
925 1523
909 1889
1128 1344
1194 1492
916 1730
353 1012
1123 1612
925 1736
897 1782
1076 1675
1791 1851
1315 1715
1185 1757
931 1831
988 1636
1064 1212
1661 1894
1074 1269
1538 1750
1404 1573
1122 1692
978 1554
1489 1591
1531 1743
1329 1603
916 1753
1447 1827
1026 1827
1339 1688
1222 1330
1323 1610
107 1317
1291 1839
1345 1812
1211 1554
1088 1866
1059 1532
1184 1877
952 1752
992 1548
1609 1620
960 1559
1536 1876
1256 1271
1551 1888
988 1322
1124 1201
1685 1888
1079 1688
1619 1757
1323 1643
1530 1597
1220 1498
982 1006
896 1015
566 1435
1223 1385
975 1628
1565 1763
1083 1449
1459 1576
1249 1831
984 1261
1110 1528
1477 1585
1059 1339
483 1400
1668 1849
1289 1768
1191 1861
1609 1768
1083 1456
1086 1722
1597 1714
1040 1868
1539 1559
1329 1868
1174 1494
1669 1827
953 1205
1274 1698
1019 1060
1431 1864
1530 1902
1196 1769
1117 1768
1122 1616
1377 1799
1066 1716
376 566
1285 1809
1380 1598
1192 1592
526 1191
1155 1400
1189 1553
1572 1827
1434 1590
1021 1423
1107 1605
1017 1864
978 1833
1146 1291
1184 1644
1554 1795
1148 1192
1608 1888
1120 1292
1331 1835
1345 1381
484 1179
1149 1730
1668 1839
1410 1705
1113 1210
1124 1522
1694 1790
993 1604
1020 1894
1181 1600
1338 1630
1056 1135
981 1479
1005 1624
1017 1198
1191 1608
1335 1714
1312 1405
947 1250
1185 1603
1454 1783
1617 1845
908 1567
993 1827
1339 1819
1531 1876
1369 1851
1783 1828
1290 1609
1329 1637
1215 1907
1415 1482
1609 1663
1424 1548
1456 1902
1331 1367
1559 1799
596 1680
1366 1373
1741 1868
1048 1519
1141 1308
1522 1898
1610 1813
1659 1827
1331 1730
1207 1238
1214 1823
637 1464
1109 1311
1082 1764
1544 1585
947 1754
991 1590
901 1468
941 969
1014 1261
978 1793
1128 1557
1243 1420
1399 1665
1199 1556
1237 1763
1242 1431
1361 1702
1312 1819
1238 1488
1199 1804
1332 1901
1078 1380
1519 1553
1603 1621
944 1051
1472 1496
1594 1851
959 1519
925 1683
1196 1305
363 1122
107 1036
1746 1796
977 1304
1199 1516
1409 1589
1026 1622
993 1530
1185 1416
1082 1279
1867 1886
1115 1404
930 962
1181 1612
898 1020
1122 1574
483 580
993 1191
1113 1878
1169 1703
1198 1584
1714 1799
1399 1491
967 993
922 1341
1553 1570
960 1398
1633 1686
1245 1848
484 1217
1539 1877
1149 1618
1078 1730
1199 1449
1683 1833
1184 1352
1471 1556
1761 1868
1214 1652
1256 1335
1009 1404
1604 1898
917 942
1078 1256
1085 1317
1456 1483
1109 1507
1281 1396
1205 1717
1076 1132
1300 1694
1143 1661
1184 1390
1338 1469
1367 1621
107 1039
1603 1662
1359 1839
1638 1824
353 428
1149 1769
997 1389
1336 1488
1247 1575
1259 1415
1011 1482
1101 1849
1707 1810
1214 1863
934 1663
1541 1681
1514 1882
107 958
1235 1436
906 1243
1459 1661
1709 1725
1128 1390
1746 1877
897 1084
637 1427
1312 1793
1124 1321
1185 1663
1214 1551
1598 1902
1211 1816
1610 1888
1272 1886
1166 1241
1084 1570
1098 1593
1491 1668
964 1624
941 1303
1325 1708
1097 1601
1367 1746
1528 1612
1250 1390
1182 1617
1236 1749
946 1146
1570 1753
1180 1663
1341 1621
1747 1880
1488 1813
1689 1717
1078 1833
1553 1688
925 1637
1518 1683
1107 1849
1257 1655
1204 1227
947 1721
1216 1895
949 1831
1584 1736
1172 1809
1182 1639
944 1260
1012 1400
1076 1737
1063 1285
1288 1431
1091 1271
952 1086
1201 1456
1190 1284
1367 1653
1230 1331
1205 1685
1159 1504
900 1494
1431 1439
1536 1881
1630 1703
1032 1503
1018 1099
1061 1174
1005 1672
107 1215
1360 1705
1434 1846
1092 1605
1685 1902
1248 1725
1067 1204
1338 1699
1172 1662
1598 1772
1339 1752
1204 1715
1437 1626
903 1837
107 1765
946 947
1593 1825
1688 1746
1369 1522
917 1382
1335 1816
1006 1791
1336 1888
1106 1273
1584 1809
1584 1608
1589 1612
1457 1605
1079 1839
1124 1361
1555 1676
1600 1835
1278 1746
1338 1624
1330 1833
925 1547
1024 1898
1277 1872
947 1267
1275 1469
1707 1868
1495 1649
1075 1888
1143 1215
1730 1810
1476 1670
1073 1908
1024 1816
363 475
1118 1629
1278 1724
1085 1178
1478 1671
1101 1610
1117 1746
930 1801
1211 1570
1734 1741
1488 1868
1330 1722
927 1269
1006 1293
1042 1536
1539 1620
1272 1329
1267 1663
1125 1736
1211 1391
1086 1463
1557 1737
946 1132
1050 1564
1377 1753
1110 1813
1101 1559
954 1014
107 389
1555 1687
947 1559
1167 1709
1376 1752
980 1637
1255 1359
1149 1617
1020 1316
980 1078
1108 1235
1017 1471
1039 1619
1230 1826
1146 1290
1405 1485
975 1857
107 1420
1172 1554
1530 1559
1465 1483
1132 1793
637 1487
1207 1256
1402 1571
1079 1340
1369 1405
1696 1814
1350 1404
1376 1813
1249 1756
946 1816
1597 1752
1589 1605
1153 1879
1037 1109
1148 1884
1794 1897
1205 1271
1587 1893
1369 1769
1079 1214
1116 1522
1026 1554
1335 1339
1209 1867
1835 1891
966 1083
1112 1312
1761 1835
1049 1377
1160 1804
1361 1909
1361 1811
1515 1573
1070 1624
1323 1447
1185 1613
1605 1722
1377 1608
1352 1610
953 1813
1132 1605
1332 1766
1820 1907
1204 1282
1032 1396
1083 1398
1078 1291
1159 1500
962 1095
1334 1765
1156 1570
1056 1409
932 1488
1149 1467
925 1669
1352 1439
1054 1861
954 1018
1107 1621
1662 1714
1842 1861
1185 1305
107 1314
1495 1894
896 1350
1075 1659
1086 1516
1608 1746
1199 1289
1250 1800
1583 1873
927 1420
1643 1663
927 1603
1256 1351
1244 1781
483 1294
946 1737
1100 1573
1079 1610
1079 1757
1645 1694
1160 1180
1724 1737
580 1744
1584 1653
1216 1787
1269 1891
1584 1643
1683 1737
1116 1835
925 1198
932 1813
1060 1067
1130 1707
925 1795
1366 1496
1199 1761
1142 1332
1075 1572
1173 1557
366 1237
1025 1901
1729 1850
1436 1699
1269 1528
1480 1619
1044 1583
1545 1696
1213 1415
1091 1752
1188 1308
1260 1472
1173 1590
1511 1705
1557 1800
1289 1399
982 1619
909 1043
1222 1819
1121 1348
1125 1827
1563 1774
1132 1888
946 1163
1458 1769
606 1374
1280 1722
1621 1867
1352 1621
1491 1800
1379 1438
1185 1652
1530 1598
1480 1652
107 1320
1502 1725
1361 1488
1522 1689
1018 1824
1173 1470
1449 1757
1173 1559
1399 1501
1292 1345
1502 1591
1329 1750
1396 1595
1589 1752
1471 1741
1277 1720
1265 1323
953 1736
1347 1742
1522 1609
1334 1520
1259 1507
1512 1790
107 913
1425 1778
1149 1375
921 1584
1597 1689
1347 1783
980 1613
1689 1796
1809 1810
1160 1722
1175 1305
1069 1900
1572 1597
1086 1330
1026 1765
1078 1662
1019 1345
484 1223
1222 1580
1661 1732
1076 1532
1044 1448
1135 1467
107 1098
993 1839
1146 1891
1399 1516
1303 1729
1519 1620
606 1671
977 1703
1195 1603
1199 1431
1079 1714
993 1352
925 1799
1540 1718
1401 1839
1547 1832
1175 1230
1049 1572
1060 1628
947 1329
1083 1741
484 1645
1290 1619
1070 1429
1281 1309
1582 1728
1125 1132
1139 1904
1483 1707
1361 1858
1230 1833
1172 1330
1381 1573
1267 1390
1522 1659
975 1899
978 1746
989 1857
980 1239
971 1282
1331 1754
1668 1683
1118 1493
1132 1431
1018 1261
1186 1733
946 1330
1250 1730
1001 1352
1250 1793
946 1491
1060 1742
1530 1689
1003 1255
517 606
1017 1351
1124 1637
1107 1256
1126 1146
1006 1663
1238 1741
1471 1598
1364 1794
1098 1165
1528 1675
1440 1702
1597 1623
927 947
1219 1768
1215 1413
1273 1595
1730 1750
1207 1336
1281 1582
1598 1888
1813 1839
1013 1385
1150 1865
1516 1835
1557 1662
1124 1604
1724 1861
1589 1614
1390 1757
925 1538
483 1794
1101 1107
1146 1164
1190 1448
1447 1741
1287 1826
903 1601
1469 1815
1155 1506
1462 1764
1590 1782
993 1146
1273 1830
1649 1706
1637 1779
925 1796
1475 1576
978 1439
1173 1519
1593 1787
1367 1724
1175 1863
1083 1471
1600 1621
1481 1503
1180 1888
1048 1570
1373 1824
1435 1540
1614 1689
1530 1714
1243 1584
1752 1819
1407 1620
977 1348
1608 1669
1714 1761
1078 1761
1359 1793
1313 1565
1516 1721
993 1516
1003 1175
1376 1724
1242 1714
1143 1783
1823 1902
1339 1352
1712 1879
1459 1682
1491 1839
975 1596
1154 1295
1290 1791
965 1052
1344 1570
1279 1292
1791 1833
1820 1859
107 1568
941 1596
1416 1532
1014 1875
1535 1663
1099 1824
1149 1305
1101 1714
1375 1623
1235 1273
484 1080
1747 1895
1367 1813
1330 1795
1015 1235
1185 1344
1132 1361
1652 1665
1013 1035
1079 1810
1402 1598
1509 1603
1648 1798
1048 1800
1366 1525
1336 1391
917 1066
1115 1315
1587 1596
1340 1799
1367 1632
980 1610
1006 1823
1132 1665
966 1078
1126 1175
1089 1624
1036 1479
1160 1238
1557 1757
1352 1589
1345 1432
1804 1813
1095 1210
919 1032
1079 1659
1217 1794
1340 1622
1149 1669
1230 1714
1333 1468
1363 1378
1118 1548
1115 1647
953 1688
517 1543
999 1399
1559 1816
1559 1717
1056 1329
1739 1904
1509 1675
997 1620
1041 1482
1596 1716
1684 1758
1334 1377
1149 1750
1557 1888
1604 1793
1102 1495
1211 1439
107 1719
1571 1604
1242 1584
986 1634
1512 1543
1003 1662
921 993
913 1408
896 1716
1835 1902
921 1393
1164 1761
916 1456
1082 1345
982 1714
1377 1782
1389 1467
1100 1884
993 1849
980 1632
1680 1715
1006 1331
1273 1412
1724 1752
1668 1793
483 1631
1048 1835
1370 1456
1426 1628
1472 1869
1049 1110
1405 1509
948 1464
1432 1647
1110 1344
1108 1661
1113 1446
1380 1621
1110 1688
1672 1709
975 1786
993 1659
1495 1661
1335 1621
1009 1790
1185 1488
958 1452
1388 1722
1750 1771
942 1404
1279 1345
1569 1807
1029 1604
946 1717
1086 1255
1608 1835
1243 1269
1457 1663
1017 1842
483 606
1675 1902
1062 1444
1576 1728
906 1557
1422 1487
927 1026
1557 1589
921 1551
1158 1611
1153 1723
921 1793
1003 1484
1225 1304
983 1156
1305 1509
1307 1708
960 1652
1209 1339
906 1003
651 1545
1103 1794
1645 1679
897 1513
1238 1839
995 1280
1388 1620
1086 1898
922 1312
1150 1321
1790 1878
919 942
1174 1421
1017 1730
946 1750
1340 1819
1718 1836
1068 1571
1066 1504
1393 1609
1816 1898
1665 1816
1604 1811
1361 1796
925 1265
1017 1845
1051 1807
107 1288
1272 1563
1839 1842
1184 1344
1782 1888
1148 1573
1117 1211
1086 1101
1254 1368
1510 1770
1600 1737
1323 1637
1644 1765
1028 1329
1294 1671
1076 1632
1687 1866
1041 1226
1035 1525
957 1413
925 1710
993 1768
1371 1468
1158 1479
1396 1786
1160 1861
1126 1431
1225 1630
1199 1675
1504 1630
1750 1789
960 1712
1323 1753
1281 1638
1148 1596
1123 1590
1605 1804
952 1888
967 1484
1189 1709
995 1419
1026 1589
1456 1480
1491 1864
1741 1888
1040 1589
1124 1175
1207 1605
1367 1826
1222 1867
1257 1857
1483 1619
1070 1500
1243 1730
1117 1271
1337 1518
1272 1551
1782 1851
1557 1736
1153 1207
1001 1095
1174 1687
1591 1655
1092 1214
1009 1381
1024 1868
1330 1420
1582 1828
1470 1559
1184 1605
947 1808
1204 1706
989 1875
1393 1551
1181 1888
1356 1831
1643 1867
1750 1879
1088 1540
917 1020
1374 1673
906 1816
1589 1867
1813 1888
1674 1860
1288 1330
1216 1363
1217 1408
1227 1706
924 1035
1205 1522
1221 1279
1339 1467
1006 1391
1092 1199
1289 1471
1559 1669
932 1269
1612 1888
1292 1611
1391 1598
1494 1803
1065 1739
1880 1895
1158 1871
1231 1786
1425 1545
1195 1612
353 1512
947 1367
1530 1868
1513 1782
1024 1902
1116 1484
1079 1431
1258 1807
1571 1600
1078 1683
1610 1622
1408 1818
1336 1359
1740 1766
1613 1833
1101 1402
107 1872
1563 1753
1312 1622
1707 1757
916 1746
1827 1833
1126 1520
1128 1823
1256 1898
1719 1803
951 1445
1026 1522
637 1574
1209 1789
1452 1568
1084 1571
107 1075
1182 1584
1551 1757
606 1444
1230 1554
1360 1433
1067 1871
1351 1730
1159 1634
1199 1230
1399 1902
975 1379
1390 1435
1175 1823
1261 1583
637 1647
1146 1662
1773 1844
1227 1628
526 606
107 1402
1479 1596
1637 1730
1662 1683
1463 1741
906 1572
1407 1754
952 1376
934 1835
1258 1630
1331 1613
1215 1587
1389 1675
1089 1783
1100 1432
1234 1443
1761 1897
1032 1204
1024 1288
1062 1223
1513 1765
1158 1783
1621 1637
1514 1744
1467 1663
1351 1391
1597 1867
107 1035
1185 1799
1117 1361
1318 1740
966 1849
1746 1826
1267 1768
1520 1659
1124 1214
1536 1699
1812 1894
1396 1729
1250 1380
896 1715
1220 1483
1345 1680
1107 1488
1114 1808
1107 1827
1063 1809
1303 1894
1511 1555
1648 1733
1483 1597
1352 1361
107 1079
927 1765
1117 1604
606 1766
1340 1610
1390 1888
924 1876
978 1435
1504 1624
1211 1668
606 1113
1149 1833
1563 1768
919 1661
1019 1628
1011 1624
906 1600
1184 1557
1100 1227
1118 1733
1743 1910
1199 1799
966 1172
1255 1522
1167 1246
896 1082
1315 1655
107 1436
1663 1723
1360 1687
1006 1799
1175 1622
1179 1210
1214 1321
993 1172
1345 1495
1589 1886
1828 1894
1061 1494
1082 1322
1827 1891
1047 1243
1211 1305
1082 1716
1199 1547
1483 1793
1207 1888
1626 1683
107 1209
1305 1863
1724 1800
1679 1773
1059 1290
1580 1861
1323 1470
1047 1199
1032 1245
1306 1624
1525 1897
1542 1707
1210 1743
1471 1736
1210 1844
1334 1584
925 1059
947 1230
1668 1712
947 1211
1565 1882
961 1688
1277 1790
1135 1746
1117 1163
1375 1669
986 1536
1405 1614
1334 1570
1144 1676
1122 1427
1309 1848
1656 1684
925 1075
1107 1399
1609 1669
1006 1665
1169 1831
1370 1604
1619 1722
1104 1479
1447 1551
1025 1113
1352 1617
1079 1416
1129 1192
1504 1904
1410 1421
1063 1488
1290 1721
946 1153
1621 1652
389 1109
1282 1828
1287 1795
1789 1804
1622 1861
1516 1613
983 1456
1313 1446
1507 1876
924 1159
1591 1857
1578 1871
1044 1392
898 1166
1523 1827
1399 1793
1199 1754
107 1700
946 1028
914 1818
1613 1639
1653 1826
968 1658
947 1399
980 1182
1550 1591
353 1692
1343 1897
107 1138
1597 1877
946 1078
1054 1827
1079 1813
997 1637
107 1183
1017 1522
1305 1613
1423 1884
1112 1757
1265 1520
1128 1761
1523 1621
984 1591
952 1230
566 968
1686 1794
1285 1879
1675 1685
1185 1730
896 1347
1584 1868
1099 1894
1004 1416
1515 1786
1698 1847
1153 1156
107 1867
1334 1669
1842 1868
1344 1796
1522 1791
1063 1101
997 1388
1209 1352
1483 1535
1135 1881
517 1114
1544 1779
995 1553
900 908
1379 1716
897 1083
1004 1287
1184 1287
1652 1746
1447 1608
1524 1623
1520 1846
1180 1483
1736 1827
1086 1288
1199 1416
1173 1793
1388 1613
1256 1879
1029 1580
1471 1668
1292 1647
1619 1796
1358 1397
1049 1653
1289 1431
1768 1888
1189 1507
1002 1890
956 1403
1159 1828
960 1603
1721 1800
1312 1563
1617 1791
1316 1583
483 1844
952 1603
1388 1662
606 1606
1004 1730
1334 1431
963 1319
1219 1879
1610 1652
1341 1589
1652 1800
1293 1522
1329 1819
995 1431
1156 1375
1662 1839
1066 1102
1522 1639
1199 1736
1199 1291
1641 1817
957 1550
1538 1839
1223 1371
1315 1636
981 1347
1282 1495
366 1844
1273 1515
1768 1809
1076 1819
1588 1847
538 1237
1207 1804
1056 1669
1616 1844
1067 1628
1256 1665
1604 1668
1118 1452
1638 1871
946 1402
1799 1813
1120 1345
948 1677
1683 1804
960 1613
1024 1516
1238 1665
1198 1714
483 1786
1541 1847
1643 1669
1322 1636
1376 1795
1156 1399
1551 1839
993 1302
1528 1710
1214 1723
1344 1557
1341 1735
1347 1495
1033 1325
1153 1800
1431 1557
1284 1907
925 1718
1240 1693
1361 1793
925 1774
1449 1707
1067 1345
1243 1902
957 1591
1323 1669
1373 1894
1445 1702
107 1387
1361 1753
992 1648
1021 1204
1656 1806
1110 1659
967 1047
1006 1842
1617 1662
1090 1131
1321 1561
939 1356
1076 1683
927 1563
1216 1232
1413 1423
1135 1509
1288 1471
1377 1597
1632 1796
580 1870
1833 1879
1101 1535
1013 1549
898 1261
1291 1598
1405 1612
1230 1669
917 1812
1284 1715
376 517
1017 1289
1462 1635
1570 1839
1123 1175
1331 1610
919 1020
1513 1621
651 1692
1352 1689
1235 1578
1444 1569
1088 1178
1551 1609
1059 1344
897 967
1598 1712
1685 1800
915 1427
1235 1347
1217 1525
1146 1753
606 1882
1146 1222
1006 1222
1475 1887
1361 1509
1014 1729
934 1668
1082 1873
1036 1221
1535 1559
1181 1339
963 1798
1108 1848
1559 1668
907 980
1146 1344
1006 1238
1445 1806
1509 1520
960 1083
1163 1707
1570 1813
1375 1750
1275 1296
1318 1332
1078 1230
1361 1791
1217 1885
1491 1746
1289 1551
1104 1728
1391 1522
363 1616
1432 1899
1354 1469
1126 1163
980 1746
925 1757
1006 1390
1535 1898
1472 1536
1351 1621
1584 1765
1597 1827
1309 1515
1190 1379
1712 1846
1210 1300
1291 1341
366 1767
1480 1851
1354 1660
1456 1772
1686 1699
1521 1909
1467 1846
934 1291
1209 1278
1017 1163
1413 1462
1067 1459
1427 1767
1287 1804
1527 1670
1347 1786
1456 1559
1066 1324
1211 1399
1003 1076
1217 1888
1612 1836
1413 1680
1209 1752
1302 1816
1591 1893
1003 1597
1817 1846
1829 1831
960 1086
1047 1076
1053 1607
1352 1717
1488 1547
1724 1867
1336 1380
1076 1175
1132 1610
1175 1509
1714 1826
954 1324
1049 1391
896 1060
1457 1714
1603 1888
1391 1717
1260 1275
1635 1859
526 1600
1272 1765
1340 1623
1052 1070
934 1608
1243 1688
1199 1488
1110 1339
1092 1768
1528 1608
988 1221
1321 1702
1040 1391
959 1359
1789 1827
1135 1835
1833 1902
1514 1844
1675 1888
1003 1390
1475 1691
1717 1736
1125 1757
1269 1746
1148 1583
1291 1590
1123 1480
967 1126
957 1576
1570 1768
1555 1656
938 1468
1182 1888
637 968
1557 1609
1132 1737
1205 1675
1250 1662
1468 1493
1032 1473
1238 1902
1336 1447
1126 1909
1483 1741
637 1790
1014 1783
1522 1530
1199 1393
1026 1557
1037 1159
906 1768
1488 1663
1612 1799
1146 1165
1146 1613
1663 1752
107 1126
1115 1231
1181 1344
1617 1877
348 475
925 1491
1135 1813
1445 1505
596 1148
1180 1388
1243 1376
1010 1525
1125 1620
1775 1845
107 1223
1339 1800
107 1701
1281 1894
1235 1315
1339 1796
1543 1679
1335 1612
1124 1810
1112 1688
961 1780
1052 1299
1587 1786
1121 1536
1078 1551
1376 1621
1156 1603
1302 1557
1324 1820
1462 1857
1123 1398
1709 1831
906 1622
1037 1259
1076 1199
925 1323
1056 1620
896 1392
1153 1888
925 1800
1380 1584
1040 1199
1305 1563
978 1811
1238 1457
1399 1816
1166 1373
1675 1810
1361 1605
1320 1565
1127 1304
1048 1341
1124 1570
1791 1793
1600 1816
1509 1609
960 1612
1592 1628
1255 1341
1235 1298
1437 1780
1390 1800
1283 1911
1227 1298
1447 1662
953 1323
982 1269
1794 1844
1479 1857
975 1680
927 1146
526 1630
1195 1554
1112 1612
1850 1893
1250 1584
517 566
978 1076
1676 1687
999 1092
1272 1327
1334 1473
925 1610
978 1537
1447 1804
896 1032
1811 1902
1009 1060
1522 1589
1172 1597
1530 1813
1243 1663
974 1236
946 1059
1238 1359
1669 1793
1056 1793
1229 1350
1185 1377
1626 1858
1698 1806
538 1320
1256 1832
1104 1315
1352 1639
1819 1827
1156 1898
925 1367
1399 1730
1269 1819
978 1146
526 1435
484 1122
1006 1086
1037 1296
921 1864
1298 1423
1288 1833
1099 1396
1341 1736
1431 1608
1357 1794
1746 1891
952 1621
1663 1718
1173 1868
1078 1329
1597 1653
1714 1736
1653 1714
1017 1662
1015 1899
1374 1400
951 1618
1250 1644
1207 1886
1018 1284
1124 1589
1166 1396
1617 1864
1765 1835
353 1114
526 1688
906 1049
1432 1578
1369 1663
1219 1377
1072 1847
1117 1590
1014 1104
1241 1481
978 1626
1367 1530
1259 1783
1589 1683
1112 1721
954 1649
1159 1525
1153 1173
1369 1505
953 1083
1559 1741
1428 1831
1352 1431
902 1345
483 1114
1123 1668
1598 1843
1081 1396
1650 1904
1078 1289
1597 1735
1511 1615
1154 1356
1320 1767
1101 1793
1060 1426
1452 1747
1108 1582
905 1226
1444 1540
1741 1823
1078 1668
1283 1554
1074 1839
1458 1590
1032 1286
1480 1774
942 954
1051 1366
1126 1562
1659 1746
1243 1290
483 1158
1367 1849
1186 1837
1471 1712
1661 1680
917 1225
1423 1824
1369 1460
1488 1752
1051 1727
1539 1632
1243 1613
1090 1749
107 1881
1204 1231
1330 1623
1658 1807
353 1881
1258 1492
1207 1816
107 1875
908 1144
1317 1803
1054 1209
1520 1557
1459 1592
1264 1749
1807 1818
1146 1563
1070 1258
1491 1849
1106 1348
1559 1689
1293 1632
1221 1647
1198 1416
1420 1796
1198 1538
1592 1841
956 1548
1137 1895
1622 1791
1488 1863
1056 1722
1367 1757
1761 1765
1366 1807
966 1662
1010 1051
1192 1215
988 1426
1416 1516
980 1879
1146 1610
1047 1352
1028 1800
1677 1744
1344 1810
1628 1899
1431 1449
1321 1780
1379 1459
1211 1843
992 1568
1044 1158
1256 1330
1361 1637
1881 1885
1114 1746
1238 1447
107 929
1605 1843
967 1405
958 1837
960 1799
1024 1442
946 1243
1806 1825
1322 1873
1413 1495
1530 1746
1163 1285
1107 1799
946 1746
1554 1813
916 1643
1653 1804
1391 1832
1076 1185
1584 1735
946 1431
1255 1833
1669 1813
1007 1426
1183 1630
966 1813
1359 1571
1112 1184
1040 1900
1204 1728
1204 1820
964 1507
1082 1120
1663 1721
1006 1017
1639 1662
1604 1736
932 997
1431 1757
1564 1675
1172 1791
1487 1910
1197 1788
1114 1210
1345 1720
1126 1344
1067 1462
1377 1888
1026 1813
1609 1643
1205 1637
1129 1438
934 1376
1136 1866
931 1671
1361 1902
953 1029
1792 1860
1447 1598
107 1085
944 1748
1163 1610
1431 1752
947 1613
1221 1862
107 906
1827 1845
1083 1800
1003 1712
1685 1835
981 1322
1361 1554
1289 1584
1261 1871
1059 1435
946 1584
1712 1736
1391 1530
1637 1663
649 1023
1609 1675
1280 1609
1132 1530
1227 1812
1523 1663
1793 1827
1168 1472
954 1893
1070 1897
483 1720
957 1573
1146 1173
896 1229
951 1656
1563 1612
1609 1811
1348 1472
1590 1879
483 1801
908 1537
1075 1175
953 1768
1329 1800
1179 1740
1269 1491
909 1788
1433 1615
1525 1703
1361 1662
1509 1559
1449 1826
927 1554
932 1898
896 1587
901 1798
966 978
1028 1376
1219 1547
1079 1750
1110 1540
1523 1554
1196 1718
1130 1639
1029 1613
1352 1620
1132 1351
936 1616
1551 1867
966 1331
107 1799
902 1129
917 1245
1054 1250
1036 1655
1678 1852
1621 1746
1835 1842
1347 1475
1325 1687
1024 1789
1018 1899
651 1512
978 1768
1456 1556
1335 1431
1172 1201
952 1730
1863 1911
916 999
1488 1621
1533 1837
1340 1886
978 1643
966 1199
1613 1827
1052 1529
1352 1780
960 1617
1630 1807
1086 1600
1504 1725
1331 1823
1020 1828
1104 1448
1426 1899
1459 1691
1101 1827
1059 1563
1187 1803
526 1128
1275 1869
1483 1570
606 1778
1123 1610
946 1589
1379 1872
1391 1613
1542 1598
1146 1551
1149 1222
1209 1250
1126 1522
1605 1839
1001 1179
1255 1329
1025 1427
1107 1491
1717 1723
1128 1804
1435 1630
1828 1848
1275 1310
1078 1823
1227 1235
1528 1827
992 1837
1502 1871
1009 1082
1456 1488
919 1396
1026 1391
903 1548
1026 1775
1265 1891
1344 1390
1566 1910
1482 1529
1285 1839
1479 1636
1618 1622
1461 1505
1639 1714
1211 1604
1051 1473
1610 1874
1121 1159
1551 1898
947 1028
896 1115
925 1909
1302 1598
1375 1737
934 1390
1665 1795
1205 1730
107 1558
1752 1796
1750 1761
1223 1436
1139 1504
1341 1488
925 1675
1250 1750
1205 1604
1431 1750
1122 1358
964 1213
1180 1793
947 1845
969 1894
921 1389
1479 1502
1471 1868
1496 1507
1267 1589
1059 1827
107 1110
1004 1291
1444 1703
1051 1876
1768 1827
921 1195
538 1878
1070 1504
1049 1819
1305 1471
1172 1361
1182 1554
1184 1456
1688 1750
1059 1833
915 1294
1516 1717
1258 1709
1589 1816
1219 1553
980 1795
1339 1789
1551 1833
1520 1613
580 936
1621 1791
1353 1357
1495 1591
1290 1523
1622 1652
1443 1910
1393 1813
1082 1204
1011 1815
953 1201
1159 1591
897 1590
1079 1539
908 1325
1323 1551
1014 1396
1370 1809
1559 1761
1440 1805
897 1331
1159 1686
1056 1290
1112 1209
1098 1666
954 1729
1056 1377
914 1897
1123 1662
1005 1507
1256 1598
1117 1522
1382 1786
905 1237
1551 1608
1230 1888
1522 1765
1302 1329
959 1380
1440 1523
1250 1888
1663 1717
1287 1617
1608 1772
1086 1449
1243 1885
1256 1289
1009 1899
1681 1847
1199 1867
928 1144
1045 1360
1074 1707
1550 1647
1158 1903
944 1258
1470 1843
1185 1737
1156 1652
1015 1423
993 1209
1108 1277
1344 1861
1678 1819
1148 1859
997 1517
428 1778
1115 1148
483 1742
925 1746
1742 1893
961 1283
1293 1826
1100 1413
1101 1668
376 651
1030 1237
1188 1338
1226 1320
637 1616
896 1018
967 1730
1420 1823
1735 1752
1086 1652
1391 1409
1339 1879
970 1866
1449 1736
1361 1458
1322 1550
1185 1734
1032 1273
651 1318
1330 1821
1437 1663
1114 1300
1124 1689
1088 1421
1431 1590
1172 1230
1431 1662
1019 1298
1267 1621
1174 1705
897 1329
1431 1613
1048 1659
1302 1399
1020 1158
1796 1799
1598 1622
1341 1734
1487 1885
994 1217
921 1765
963 1787
1078 1302
1377 1886
1451 1783
1473 1818
1117 1849
930 1763
1126 1827
1513 1842
1330 1551
1153 1399
366 475
1184 1813
1135 1470
1086 1757
1058 1171
1373 1638
637 1060
1243 1842
1004 1091
915 948
1622 1722
903 1787
1330 1570
1557 1750
1003 1652
1449 1823
1188 1310
995 1334
1048 1864
1401 1516
1559 1663
925 1572
925 1623
1112 1278
107 1468
944 1275
906 1377
483 1875
1146 1238
1235 1573
1500 1785
1080 1767
1746 1902
1196 1845
1603 1623
1171 1297
1099 1751
1291 1827
1772 1868
1025 1696
1449 1836
966 1271
1520 1768
475 1425
1214 1846
1245 1871
1053 1896
1132 1613
1330 1453
1056 1330
1046 1586
959 972
1017 1352
1545 1743
1591 1727
1344 1835
1348 1541
1076 1827
1330 1335
1184 1799
949 1472
988 1190
1032 1309
896 1635
1054 1612
1339 1600
1457 1665
1089 1213
1576 1578
1526 1545
1458 1852
107 1805
1503 1729
1402 1839
1290 1335
1215 1828
1156 1669
1591 1596
1037 1727
1347 1715
1101 1125
1052 1310
1310 1703
1419 1883
1184 1665
1315 1841
1132 1772
1293 1796
1225 1275
1075 1867
1494 1593
1415 1739
1375 1789
1464 1794
997 1361
1059 1823
1687 1719
941 1281
1011 1258
994 1366
1751 1828
1704 1894
921 1420
980 1329
1204 1691
1305 1823
1146 1723
1185 1639
927 1048
1099 1812
1292 1628
953 1230
1619 1663
1330 1800
1068 1832
1020 1475
1469 1624
1199 1623
1280 1605
1192 1550
1032 1235
1250 1685
1351 1668
1316 1894
1125 1888
1049 1416
1148 1279
921 1407
1191 1791
1540 1652
1256 1639
1420 1799
1437 1440
1516 1750
1460 1730
1340 1572
896 1373
1482 1770
1444 1738
1519 1768
980 1520
1044 1227
1155 1677
1412 1502
1608 1839
1017 1603
1434 1441
1181 1352
1207 1826
1205 1570
952 1761
1107 1861
1104 1894
1114 1692
1339 1886
1499 1552
1280 1402
1012 1882
1352 1761
1222 1513
1167 1686
1370 1723
1626 1863
934 1800
1431 1832
1291 1551
1567 1866
916 1086
1746 1867
1006 1902
896 1862
1338 1709
1153 1617
980 1554
1380 1447
999 1126
1299 1500
964 1415
988 1279
1738 1807
917 1051
1487 1794
1284 1647
1209 1291
1371 1895
997 1243
966 1370
1807 1897
953 1621
1616 1881
994 1435
1205 1207
1088 1803
1126 1819
1462 1636
1222 1864
1609 1898
1668 1746
1709 1904
1238 1605
1707 1722
1132 1380
1256 1380
1215 1790
1360 1726
107 1263
1717 1826
1333 1880
1367 1730
1173 1804
1662 1809
1488 1800
107 1165
1589 1637
1014 1907
1185 1367
959 960
1149 1361
1153 1480
959 1288
1255 1269
637 1300
946 1827
1433 1705
1600 1867
1322 1862
1250 1572
1399 1761
1083 1091
1864 1902
1413 1841
1475 1742
1377 1399
1083 1662
1538 1888
1589 1665
1377 1646
1341 1584
1130 1689
1278 1827
1359 1791
1024 1238
959 1551
366 1549
999 1612
107 1034
1237 1390
934 1334
1004 1198
898 1382
1033 1806
1132 1863
353 1778
1509 1669
1004 1800
1156 1352
1404 1578
1104 1583
1488 1804
1551 1603
1019 1715
1548 1798
1578 1857
1279 1716
1099 1261
934 1399
1542 1868
1380 1388
1181 1736
1291 1420
1184 1255
1502 1587
566 1673
1075 1795
1335 1736
966 1222
1367 1618
1256 1367
1557 1663
1020 1729
107 923
1258 1536
934 1508
1018 1166
1284 1742
1356 1694
1305 1804
1449 1663
483 954
1082 1459
1047 1813
1688 1813
1652 1789
1628 1691
1741 1861
1066 1582
1104 1691
1272 1823
1131 1634
924 1472
896 1872
1059 1086
1497 1620
1768 1909
1256 1619
1409 1604
1080 1878
960 1898
1669 1811
1104 1429
484 1358
971 1204
1130 1839
1540 1630
1315 1462
1132 1547
1179 1645
1284 1423
984 1020
1026 1793
1459 1515
1514 1616
993 1376
1313 1671
1365 1669
1112 1416
1107 1388
1101 1589
1199 1712
1204 1284
1028 1305
1035 1246
916 960
1551 1712
942 1396
1156 1668
1768 1868
1710 1730
1238 1723
1309 1742
912 1122
1048 1182
1547 1804
1165 1254
1108 1282
1675 1800
1107 1542
1292 1691
107 1774
1011 1189
1454 1732
580 1300
1265 1608
1080 1660
1025 1536
953 1135
353 1616
1655 1682
1291 1879
1074 1554
1163 1613
1363 1880
1104 1575
1316 1828
1285 1610
1173 1613
1371 1880
1173 1389
1107 1714
1074 1842
1205 1826
1271 1712
1278 1572
1323 1389
966 1821
1557 1653
1873 1903
1628 1873
925 1643
107 1360
1472 1781
1153 1811
1703 1807
1132 1416
1117 1447
1504 1876
1114 1767
1534 1674
1222 1255
1463 1888
1694 1910
1102 1166
1251 1421
1132 1868
1799 1804
1493 1787
1108 1871
1565 1740
1451 1582
606 915
917 1121
1371 1784
1597 1610
1279 1636
1352 1782
1471 1603
1827 1867
1101 1879
1198 1833
538 1767
1092 1609
1076 1746
1187 1593
1271 1898
1148 1636
1571 1589
1680 1859
1309 1783
1074 1222
1149 1796
1520 1765
1153 1230
1052 1507
1170 1228
1335 1365
896 1479
1675 1813
1580 1849
1339 1390
916 1069
1163 1185
1249 1338
1504 1525
1645 1763
1117 1483
922 1817
1128 1436
1376 1816
973 1272
1250 1796
981 1067
366 1012
902 1573
538 1545
1393 1688
1181 1597
1082 1423
1059 1659
353 1744
1117 1835
1742 1871
1063 1370
1664 1876
984 1273
1006 1302
1370 1793
1012 1616
1487 1744
1509 1823
1185 1255
1366 1738
1153 1809
1179 1631
1009 1583
1622 1886
1014 1592
1029 1813
1081 1732
896 1014
1683 1689
1227 1899
1390 1467
1017 1750
946 1835
1032 1104
1335 1800
1691 1857
1271 1800
1171 1173
1622 1689
1632 1877
906 1059
1255 1730
1318 1625
1231 1475
1472 1650
1375 1584
1730 1753
1109 1709
1480 1849
1037 1072
1332 1487
1604 1620
1559 1804
1389 1663
1124 1199
1140 1534
1061 1144
1238 1431
1216 1568
1074 1078
1250 1597
1110 1250
1483 1604
1388 1707
1126 1280
1569 1738
981 1596
1612 1736
1344 1367
1535 1793
1284 1680
1296 1472
1003 1339
1530 1554
1605 1757
1018 1281
980 1861
1345 1596
1230 1484
1032 1751
1434 1460
1529 1828
1011 1504
1318 1602
1826 1842
1235 1764
1312 1398
1399 1547
526 968
1067 1661
1612 1668
1322 1628
1458 1805
1571 1772
925 1879
651 1012
1584 1614
1246 1504
942 969
1645 1801
1283 1321
1382 1454
1612 1669
1047 1523
1161 1283
1361 1835
1247 1604
1291 1750
1392 1611
1126 1621
1554 1827
1520 1791
1459 1715
898 1742
1235 1857
1221 1338
1528 1685
1251 1410
1161 1656
1480 1833
1004 1799
1491 1622
896 1007
948 1427
1528 1811
1352 1753
1815 1869
1483 1816
1136 1433
1571 1730
1365 1538
1806 1908
966 1707
1021 1573
1321 1865
1589 1730
1768 1795
1434 1860
1329 1685
1004 1399
1728 1841
1260 1355
1603 1827
1717 1827
1143 1591
1101 1584
1024 1617
414 580
1515 1871
1427 1844
1067 1680
1179 1692
1051 1228
1115 1550
1049 1597
1230 1540
1697 1702
1520 1816
566 1740
1036 1235
913 1897
1040 1132
938 1378
1316 1396
1289 1632
937 1248
1574 1616
376 475
1017 1665
1725 1785
526 1519
1454 1894
1126 1391
1426 1475
1559 1603
1551 1861
915 1192
1086 1351
107 1174
1184 1563
1598 1868
1550 1576
1082 1235
1699 1770
1171 1883
1376 1509
1129 1413
1191 1551
1175 1827
903 992
1083 1722
107 1191
1322 1691
1522 1551
1153 1390
1014 1277
1210 1740
1563 1813
1217 1658
1402 1613
1598 1603
580 1313
934 1714
1288 1900
1153 1665
1117 1132
1163 1621
1714 1789
1800 1843
1107 1554
1290 1845
980 1367
901 963
1513 1835
1644 1867
1590 1617
930 1671
1377 1614
1184 1402
1370 1480
1409 1736
952 1391
1104 1628
1175 1663
1214 1620
1004 1644
1199 1351
1080 1427
1153 1663
1067 1292
907 1155
1003 1416
1256 1722
925 967
1331 1339
1717 1804
1359 1608
1551 1761
1006 1287
1185 1335
1282 1508
1516 1551
1683 1849
1083 1589
1280 1861
1077 1866
1098 1505
1543 1870
1536 1690
1768 1860
1569 1903
1079 1662
1013 1465
1598 1833
1086 1163
1449 1458
1281 1820
946 1123
1205 1849
1135 1590
1053 1183
1086 1135
483 1025
1637 1861
1246 1630
1026 1590
1576 1628
1409 1730
948 1080
1184 1717
1669 1707
1162 1696
917 1820
993 1026
1479 1655
1298 1315
1158 1550
917 1007
1185 1809
1006 1376
997 1238
1707 1750
1595 1729
1516 1669
596 1650
1256 1542
1551 1589
1086 1620
936 1374
1431 1689
1107 1538
1589 1823
1010 1529
1185 1516
484 1514
107 1895
1515 1820
1612 1891
1004 1663
1568 1733
1331 1789
1839 1879
1142 1514
1377 1689
968 1334
1351 1361
1280 1352
1447 1702
1371 1758
992 1601
976 1122
1181 1644
939 1478
483 1113
1804 1861
1279 1576
1333 1452
1056 1685
1146 1255
1488 1746
1128 1522
896 984
1470 1509
1181 1737
1665 1793
933 1820
1163 1617
1107 1643
968 1711
1570 1804
1316 1322
1391 1888
1570 1811
1331 1843
1352 1714
1643 1761
1293 1746
1810 1816
1173 1791
1308 1355
1255 1447
1409 1868
1068 1280
1238 1539
1557 1659
107 1760
1327 1561
538 580
1349 1677
1109 1847
1104 1873
1613 1734
1019 1462
1148 1190
1219 1662
1539 1612
1008 1337
916 966
1167 1783
107 1441
1485 1559
1723 1800
1376 1685
989 1628
1377 1491
1250 1255
898 1783
990 1419
1127 1725
934 1211
1156 1619
1124 1542
1320 1740
995 1470
1237 1526
1182 1522
366 1490
580 1080
428 1574
1199 1329
993 1420
1155 1631
944 1011
1390 1523
1076 1361
1554 1669
1479 1790
966 1431
980 1128
1029 1201
1598 1795
1019 1413
1391 1632
940 1139
1463 1804
947 1589
1070 1183
1279 1899
1163 1604
1485 1845
1791 1864
1242 1375
1590 1608
1079 1101
1522 1799
1339 1746
967 1238
1608 1707
1425 1574
1099 1595
1153 1789
1327 1769
1453 1694
993 1730
1399 1821
1754 1879
1740 1744
1137 1533
1413 1475
1800 1833
1752 1833
1279 1728
1170 1495
1462 1628
1160 1331
972 1488
1039 1205
1066 1108
896 1680
943 1042
1427 1695
1534 1701
1195 1846
980 1344
475 641
1110 1845
1238 1809
1041 1306
1456 1471
1355 1473
1384 1758
1344 1752
1572 1688
1632 1663
1588 1676
1365 1752
1583 1680
1563 1804
1454 1820
483 1565
1083 1163
1214 1797
1509 1891
1499 1889
964 1783
517 526
1185 1250
1250 1707
1135 1637
1207 1447
1377 1827
1117 1730
978 1622
1680 1691
1079 1540
1153 1845
1060 1573
1146 1584
1420 1530
1335 1793
1003 1724
1288 1879
1718 1782
1256 1746
1553 1908
1181 1621
1375 1613
1302 1352
1597 1879
1427 1464
1260 1504
1390 1835
1382 1742
1185 1662
1351 1619
1454 1495
922 1805
517 936
1367 1800
641 1122
1833 1867
107 1845
1095 1897
926 997
1237 1420
1183 1525
1312 1883
107 1588
1108 1454
1214 1509
1566 1671
1471 1752
1414 1573
1211 1746
651 1179
1014 1636
1125 1868
1591 1611
1341 1879
1001 1536
1214 1222
1211 1608
1479 1720
1604 1835
1590 1902
1522 1839
1391 1539
1426 1884
1717 1768
1104 1350
1752 1835
1101 1376
1117 1289
366 1694
1124 1180
1316 1871
939 1425
1210 1320
1461 1758
1547 1864
996 1505
1204 1828
107 1471
1078 1267
1170 1303
1423 1591
1099 1406
1248 1749
1584 1879
980 995
1100 1655
1352 1750
993 1639
1331 1484
1059 1663
1336 1598
107 1817
1204 1459
1352 1827
1447 1707
921 1059
1331 1431
637 1744
1032 1215
1238 1598
947 1365
484 1545
1448 1573
107 1614
1352 1772
1350 1764
1381 1475
947 1420
1059 1613
1187 1705
1207 1370
1192 1764
1639 1891
1298 1636
1156 1557
526 1344
1226 1681
1509 1827
1496 1745
1487 1844
1125 1554
1517 1604
1083 1714
1086 1352
484 651
934 1456
924 1781
1126 1256
1477 1792
995 1809
483 1382
1571 1619
1589 1604
1214 1359
1052 1881
1377 1746
107 526
1238 1842
1210 1549
1637 1714
1532 1653
1091 1619
538 1679
1334 1835
1629 1895
1078 1816
1172 1399
1612 1753
1149 1554
1593 1806
1339 1557
1174 1251
1345 1783
107 1523
1173 1330
1009 1392
1637 1795
1315 1682
1436 1620
1014 1303
1277 1583
1163 1584
366 1882
1375 1597
1166 1316
1507 1667
1076 1721
1720 1862
1534 1666
1551 1723
915 1766
902 1636
1256 1604
1182 1431
1245 1783
651 1565
966 1335
1578 1596
1185 1819
1558 1860
1009 1691
1540 1600
1460 1480
1238 1520
1335 1488
1717 1737
917 1273
967 980
107 1736
1009 1716
1257 1315
1431 1799
982 1302
1199 1222
1559 1835
942 1406
1187 1698
938 1216
1329 1757
1110 1730
1281 1751
1754 1819
1080 1095
1613 1757
1376 1637
1339 1431
1242 1344
1040 1712
1530 1888
1101 1126
1810 1868
1611 1716
1398 1851
976 1514
1066 1192
927 1827
929 1838
1226 1709
1292 1583
1222 1678
1396 1515
1589 1754
1112 1367
1001 1422
1426 1515
1508 1751
1447 1879
1271 1879
1175 1637
1453 1743
922 1662
107 1504
1389 1391
1137 1798
1379 1611
1352 1683
107 1458
964 1739
1086 1842
1302 1761
1714 1810
1603 1717
997 1793
1589 1879
1265 1811
1198 1361
1021 1277
957 1899
944 1709
1149 1819
1387 1549
1064 1497
1365 1557
1268 1343
1198 1557
930 1349
1190 1277
1447 1839
917 992
1006 1059
1000 1134
1774 1879
1271 1665
1352 1793
946 1352
1199 1791
927 1621
1070 1630
1314 1333
1132 1598
1685 1813
946 1768
1084 1470
1006 1242
420 1237
993 1600
1191 1570
1080 1086
1696 1761
905 1536
1524 1757
1126 1768
1431 1810
988 1576
954 984
909 1111
1751 1786
1124 1323
1332 1660
948 1446
1608 1617
566 1574
1675 1768
1536 1738
1177 1896
538 1677
1106 1496
1706 1729
1300 1313
1236 1275
1267 1868
1318 1773
1041 1739
1447 1809
1184 1603
958 1548
896 1417
1244 1630
906 1730
1352 1795
1707 1804
1126 1289
980 1845
1621 1804
1431 1823
1126 1752
1101 1163
1015 1655
1191 1898
1153 1746
366 1801
1290 1659
1283 1301
1006 1289
1542 1665
1222 1688
930 1616
1108 1828
1800 1898
1597 1721
1104 1279
1191 1864
1067 1438
1406 1729
1335 1610
1435 1827
1545 1844
1277 1841
1416 1610
1522 1613
1359 1637
1338 1472
1039 1864
366 1446
1643 1730
1019 1115
1144 1588
1136 1307
966 1125
1335 1367
1182 1369
917 984
1015 1903
1352 1391
1230 1488
1238 1376
1098 1187
1632 1717
1609 1842
1269 1663
1125 1612
1614 1851
1036 1576
1623 1768
1135 1604
1078 1393
1024 1584
942 1148
1184 1793
1444 1783
1516 1603
1197 1851
1746 1804
1504 1699
1475 1636
953 1488
1232 1798
968 1523
1126 1211
1079 1242
1608 1861
1377 1621
1131 1756
1286 1591
1551 1604
1456 1736
916 1191
1118 1371
1620 1845
107 1290
1277 1573
1175 1557
1070 1213
1573 1871
1246 1749
1160 1637
1584 1886
1115 1655
1017 1211
1337 1863
1399 1622
1694 1743
1107 1604
1083 1668
1707 1826
917 1751
1230 1754
1335 1813
107 1623
1137 1648
107 1612
1526 1878
1772 1888
978 1243
1399 1813
1329 1761
483 936
1120 1583
980 1622
1344 1757
1426 1680
1312 1544
933 1241
1072 1121
1125 1351
1175 1804
1255 1610
1447 1772
993 1341
1229 1413
1398 1399
1015 1120
1590 1735
980 1675
913 1658
1507 1847
1232 1452
1367 1584
1425 1625
1098 1140
1663 1886
1226 1496
1137 1733
1302 1488
651 1001
1672 1828
896 1432
1059 1793
1793 1867
348 563
1377 1842
1309 1661
1453 1897
1367 1819
966 1341
1122 1844
1269 1460
1433 1687
980 1312
1496 1624
1341 1551
1277 1680
107 1337
1359 1826
1102 1309
1520 1842
1083 1172
1620 1622
1345 1347
1565 1645
1107 1623
1146 1827
1626 1911
1329 1842
1242 1750
1303 1820
1132 1214
1019 1862
1822 1905
1235 1682
1238 1471
1149 1323
1304 1634
1078 1835
917 1907
107 1521
917 1296
1184 1420
1688 1791
942 1871
1269 1827
1175 1265
1236 1650
924 1010
1059 1557
1277 1426
107 1699
916 1092
1530 1826
978 1391
1135 1431
913 1675
107 1452
1352 1491
1456 1604
993 1377
1584 1768
1737 1796
1184 1288
1122 1543
1380 1800
1166 1876
1113 1844
922 1199
1707 1752
902 1204
1159 1569
1124 1341
1688 1721
484 1673
930 1446
1377 1881
1028 1799
1591 1595
483 1464
1017 1185
1003 1112
1617 1663
641 1300
1489 1503
1358 1512
1600 1804
1622 1659
1250 1613
1376 1833
1146 1365
1619 1898
1164 1334
107 1787
1275 1472
1076 1813
1665 1826
1516 1761
353 1855
1209 1796
1244 1472
1559 1750
0 107
1078 1608
1032 1108
1565 1801
1589 1768
1199 1888
1359 1754
980 1835
1064 1831
1255 1291
919 1729
1530 1563
953 1431
960 1542
1322 1573
946 1181
906 1075
1607 1896
1078 1488
1483 1621
107 1133
1135 1603
1199 1255
1060 1086
1431 1471
1078 1707
1559 1662
1083 1336
917 1436
1282 1591
966 1736
1757 1886
1180 1551
1180 1205
1610 1675
1142 1695
1112 1420
1083 1132
1380 1605
1232 1593
915 1446
107 1767
483 1778
1613 1842
1520 1612
1217 1818
896 957
1439 1888
1175 1559
941 1257
1181 1683
1052 1260
981 1227
1467 1551
1258 1569
1161 1327
1068 1881
1341 1761
1211 1757
1078 1753
1456 1619
1076 1804
925 1291
993 1184
926 1604
925 1049
1129 1596
959 1457
1172 1214
1591 1715
1388 1604
1189 1482
1153 1833
1153 1589
938 1648
1101 1761
1175 1471
1192 1871
1041 1249
1242 1810
1341 1707
1347 1426
997 1280
1390 1554
1735 1761
1049 1230
1100 1459
978 1484
1439 1559
1128 1269
969 1032
1047 1377
1663 1689
1449 1800
1048 1750
526 1882
1528 1722
1211 1833
1017 1125
1388 1622
1184 1886
1643 1675
1199 1845
1021 1587
953 1620
947 1608
967 1334
930 1113
1670 1908
580 1882
1559 1898
1589 1598
1277 1611
916 1280
1420 1839
1590 1886
641 1844
1665 1799
980 1175
949 1415
1184 1559
637 1901
1293 1662
1182 1334
1483 1685
988 1100
1469 1634
1274 1866
1245 1396
1682 1903
1001 1237
1199 1256
1622 1750
960 1551
1070 1236
958 1333
1559 1597
483 1783
107 1172
1588 1678
1441 1822
1099 1309
1191 1267
1083 1663
1198 1471
1576 1680
1006 1707
1364 1818
1352 1736
1003 1563
1377 1707
1117 1323
1140 1505
975 1235
651 1744
1305 1603
1049 1746
1110 1622
1470 1835
1049 1075
1014 1502
1347 1432
1544 1564
1230 1827
1076 1659
1352 1791
1370 1431
1130 1833
1819 1888
1475 1682
1491 1559
1171 1684
1026 1663
952 1156
1192 1691
1613 1789
1329 1352
1483 1598
1092 1795
1231 1277
957 1596
1227 1423
1153 1488
1198 1652
1110 1243
1207 1768
1491 1539
917 1324
1235 1655
1597 1643
1023 1687
1606 1778
972 1069
960 1800
1273 1649
1277 1508
1097 1568
1335 1721
897 1470
1222 1827
1003 1721
1314 1378
1565 1744
962 1294
925 1110
1296 1418
1522 1620
967 1734
1415 1469
980 1551
1554 1833
1006 1449
1146 1250
1235 1257
107 983
1236 1703
1004 1600
1180 1789
1452 1733
1079 1800
1048 1185
1772 1861
1021 1578
1322 1720
1347 1583
1024 1879
1163 1380
1303 1812
1377 1750
947 1287
1483 1613
922 1909
1380 1570
1231 1596
1059 1312
1598 1714
1182 1399
1376 1659
1868 1902
993 1195
1580 1604
913 1093
925 978
107 1077
637 1578
1285 1900
1352 1659
992 1629
1548 1880
1070 1496
1011 1052
978 1377
1059 1589
1555 1588
107 1555
1379 1426
1199 1816
1565 1773
1125 1367
903 1333
1431 1605
1106 1569
1192 1583
484 1095
1712 1804
1330 1391
1714 1717
1163 1516
1222 1603
1614 1669
1528 1768
1120 1573
954 1382
1066 1396
1310 1366
1226 1428
1079 1867
941 954
1427 1794
1343 1364
1580 1842
1047 1389
1329 1735
1622 1888
1107 1467
1863 1883
921 995
1129 1611
1617 1833
1142 1766
1367 1735
1250 1617
1343 1738
1334 1569
942 984
1079 1551
1131 1355
1603 1795
1367 1737
896 1021
984 1649
978 1902
1367 1520
1416 1524
1450 1534
993 1662
1017 1597
1520 1833
1070 1703
1456 1539
1730 1757
983 1409
1376 1793
366 1320
1370 1483
992 1371
1340 1416
1460 1639
1083 1184
107 1178
916 1662
1082 1438
1159 1785
971 1794
1296 1504
1001 1673
1483 1868
1037 1549
1255 1750
1613 1652
988 1655
980 1467
1010 1228
1646 1881
1804 1839
1255 1675
965 1225
1540 1689
1210 1358
475 1155
953 1163
934 1721
1341 1619
1221 1655
1290 1407
1261 1382
1271 1717
107 1572
1331 1380
953 1124
1238 1610
988 1192
1146 1800
1015 1462
1345 1392
1073 1806
1122 1645
1471 1753
1126 1449
1741 1827
1380 1399
107 1620
1399 1517
1525 1770
1302 1622
1323 1768
936 1740
1125 1804
538 1695
1247 1807
932 1604
1125 1291
1411 1540
952 1750
1475 1706
1051 1275
1523 1750
1047 1222
1017 1735
1161 1540
1471 1610
1484 1874
1347 1893
1373 1515
1458 1467
1267 1668
366 1408
1431 1470
1730 1746
1185 1198
1117 1772
1589 1597
949 1630
1383 1909
1272 1735
1017 1584
1041 1748
1334 1352
1399 1663
1813 1833
1028 1823
1078 1516
1189 1226
1209 1750
1135 1761
1135 1185
903 1371
1135 1584
1209 1757
1125 1153
1189 1667
376 428
1052 1536
1219 1509
1003 1435
1028 1509
1873 1899
1377 1539
1361 1540
1329 1864
1344 1799
1620 1707
1017 1361
1273 1824
953 1173
1625 1801
1222 1389
1373 1495
1086 1663
1712 1717
1569 1818
606 641
1064 1694
1009 1036
1126 1539
1079 1589
1163 1712
1344 1554
1612 1683
1177 1499
1079 1377
1257 1872
1522 1643
993 1589
1164 1329
1431 1597
637 1142
993 1175
1535 1639
1657 1776
1312 1391
967 1833
946 1196
580 1349
1188 1630
1547 1730
1283 1505
964 1469
1551 1864
1538 1799
1030 1197
975 1502
1246 1872
1125 1391
1717 1750
1334 1793
1440 1817
1621 1902
1076 1211
1359 1447
1255 1513
1327 1384
946 1539
1519 1900
954 1732
1613 1712
920 1584
1272 1584
1359 1768
1783 1848
1273 1508
641 1744
1530 1879
1181 1335
1423 1636
1359 1619
1101 1398
1204 1379
1608 1612
916 1207
949 1226
1226 1482
538 1487
1520 1813
1077 1863
954 1032
1047 1330
1576 1716
958 1787
1734 1888
1757 1810
1370 1886
1637 1768
1051 1630
1324 1582
1181 1663
1182 1643
1199 1250
1196 1485
1010 1412
1315 1413
1339 1795
1179 1320
1004 1181
959 1201
1508 1848
1539 1835
1271 1612
1376 1891
1610 1782
1323 1554
1300 1357
1298 1322
1360 1410
1261 1729
1078 1163
966 1556
1290 1522
1017 1126
1539 1584
1416 1724
1219 1813
1238 1619
934 1768
1630 1727
931 1910
916 1329
1398 1437
1256 1605
1146 1340
917 964
1036 1231
1449 1886
1810 1888
1214 1888
916 983
1173 1610
1282 1582
1255 1614
1173 1768
1199 1457
915 1636
1467 1613
904 1224
896 1324
1255 1622
1634 1807
906 1250
1146 1554
1378 1648
1242 1833
1459 1489
1516 1662
1596 1682
1375 1721
1352 1718
1768 1799
1107 1721
1610 1811
483 517
107 1779
1662 1864
1017 1663
1604 1675
966 1153
1799 1823
1283 1520
1267 1791
949 1507
1045 1111
982 1604
946 1048
1256 1447
942 1347
1020 1751
363 1844
902 1873
1211 1269
1153 1285
1612 1867
1576 1691
908 1687
1160 1707
978 1305
1302 1613
1791 1827
1367 1835
1610 1707
1389 1811
979 1138
1234 1829
1390 1522
1056 1201
1352 1644
925 1600
363 1374
1330 1559
1793 1800
1017 1059
1574 1766
1179 1300
1404 1716
1204 1596
1110 1710
1214 1637
1390 1877
475 1313
1344 1376
1169 1482
1529 1745
1112 1375
1750 1795
995 1084
1612 1879
1407 1688
901 1452
1026 1367
1332 1549
1269 1302
1084 1722
1192 1715
921 1888
107 1553
1182 1608
1540 1554
1199 1447
1292 1576
1399 1768
978 1331
1059 1730
992 1880
1370 1612
1125 1833
1329 1833
1097 1452
1793 1809
1413 1573
957 1404
1663 1768
1477 1641
526 1329
981 1060
1603 1839
1204 1824
1604 1902
1391 1816
903 1378
1130 1370
896 1298
1083 1513
1226 1507
107 1559
1198 1491
1070 1472
952 1390
1012 1320
1431 1721
1688 1885
1211 1730
1559 1826
107 1753
1006 1211
1215 1459
1078 1843
1126 1888
1144 1410
1067 1322
1367 1707
517 1645
1471 1826
1494 1705
1072 1348
1835 1888
1018 1848
1350 1550
1351 1849
921 1669
896 1170
1746 1810
1307 1705
1491 1589
1242 1724
1209 1331
1441 1564
1019 1279
1341 1598
1702 1909
1565 1844
1006 1091
1170 1282
1231 1426
1315 1479
1347 1573
1662 1730
1049 1813
1483 1589
1479 1595
1049 1754
1622 1688
1626 1865
964 1876
908 1433
1377 1389
1079 1530
1004 1736
1191 1609
1128 1376
1514 1694
1427 1773
1257 1596
1017 1370
1570 1823
925 1047
993 1287
1647 1682
1331 1768
898 1108
1141 1310
1799 1879
1026 1517
1078 1617
1617 1826
997 1902
1142 1464
1082 1392
637 1148
1209 1746
1488 1879
1104 1647
959 1271
946 1563
1789 1879
958 1798
997 1191
994 1235
1452 1548
1170 1781
1075 1813
1273 1316
1464 1766
1282 1893
925 1608
1341 1352
1131 1188
1293 1488
1243 1746
1213 1672
1012 1318
1209 1688
1614 1730
1617 1813
1391 1736
1453 1621
1399 1610
1361 1563
993 1683
1139 1876
931 1829
1019 1231
947 1509
1223 1724
1090 1703
1818 1897
1238 1280
1167 1630
1551 1563
1324 1824
1389 1609
1122 1400
637 1374
1101 1302
1467 1757
1409 1622
968 1897
1402 1772
917 1260
1222 1520
1522 1888
606 1179
1040 1125
1238 1900
1153 1331
1638 1783
1613 1665
1525 1709
1643 1813
1173 1879
1652 1804
1204 1716
1584 1791
1003 1086
1563 1793
1540 1683
1272 1644
1409 1734
1211 1643
983 1668
1610 1809
1003 1480
1734 1902
1547 1793
1227 1282
1035 1529
1205 1520
1522 1685
107 1381
1104 1636
1107 1789
1175 1391
1571 1768
1528 1835
1452 1837
1059 1867
1006 1367
1003 1600
932 1845
107 1112
1179 1545
1529 1650
1516 1823
948 1012
1076 1597
1021 1298
1291 1833
1148 1655
953 1520
1538 1793
1126 1793
1805 1911
1530 1736
596 1412
1683 1819
1322 1859
1291 1622
1047 1559
1271 1288
1334 1563
1076 1163
1528 1791
1520 1861
1589 1639
992 1452
1604 1813
1079 1613
1188 1366
1710 1771
563 566
1306 1748
1587 1611
1564 1585
1070 1828
1471 1580
1343 1473
1130 1488
1287 1399
1431 1585
1309 1751
931 1212
348 526
1126 1563
1391 1877
1349 1744
1689 1877
1199 1439
1761 1799
1655 1680
353 1075
1390 1811
1341 1823
1195 1768
1131 1306
1610 1772
1067 1279
952 993
936 1237
389 1745
1588 1719
1662 1835
1158 1596
1003 1799
1570 1833
916 947
1181 1623
1389 1730
967 1800
483 1611
1036 1592
1320 1673
1156 1456
1406 1751
1419 1843
1231 1448
1345 1716
1174 1410
1267 1272
981 988
1649 1786
942 1824
1322 1479
1573 1595
1359 1813
1051 1236
1542 1793
1010 1785
1112 1340
1502 1729
1426 1790
1292 1591
1416 1879
935 1531
1124 1902
1086 1804
1431 1623
1080 1673
1288 1331
1473 1703
1393 1540
538 651
1459 1872
1301 1518
925 1149
1182 1609
1447 1665
1124 1488
1104 1720
1012 1155
917 1871
1189 1681
1288 1832
1107 1617
1520 1795
1505 1534
1554 1757
1483 1888
1309 1392
1335 1707
1481 1783
953 1289
1528 1613
483 1899
999 1367
1081 1573
955 1111
1662 1712
984 1204
1238 1361
1085 1555
1361 1402
1032 1661
1391 1600
1125 1256
946 1623
1724 1771
1689 1826
982 1040
1685 1799
1289 1598
1520 1793
1828 1871
1491 1572
1158 1284
606 1738
925 1250
1365 1559
1315 1884
1305 1846
414 641
978 1623
1214 1609
1004 1597
1550 1728
1036 1715
1156 1175
1081 1894
1163 1331
1324 1742
1185 1439
1172 1609
1522 1712
171 1486
1070 1709
1409 1580
1175 1867
1302 1376
1113 1625
1059 1243
1495 1515
1255 1399
1707 1816
1447 1722
1524 1688
1243 1621
1210 1408
1619 1741
1173 1772
1079 1746
1600 1791
993 1597
1770 1904
1409 1632
389 1507
1540 1584
1160 1571
1237 1512
1289 1791
1101 1741
947 1795
913 1813
927 1467
1070 1686
1006 1604
1282 1347
1283 1384
1448 1462
1576 1884
1153 1280
957 975
414 566
1800 1816
1122 1677
1590 1804
1281 1729
1365 1886
1318 1358
1509 1613
1003 1420
1647 1899
1535 1804
1218 1889
1223 1778
1488 1604
1204 1345
896 1158
947 1823
897 1460
1107 1619
1449 1668
1321 1361
1199 1613
1100 1279
957 1298
1324 1875
1662 1891
1705 1719
1563 1610
1359 1663
1265 1513
1682 1841
1128 1584
1448 1459
1269 1609
1004 1789
606 1001
1312 1765
1269 1761
1257 1573
1516 1867
1235 1583
1040 1665
1761 1791
1075 1416
1261 1454
1211 1620
1101 1604
1021 1345
1166 1273
1142 1427
1191 1827
1505 1701
1471 1832
1315 1345
1839 1849
1024 1431
1663 1782
1470 1669
1026 1584
1431 1622
1725 1850
107 1080
962 1831
107 1250
1109 1770
1823 1888
1101 1845
978 1839
1280 1483
1298 1345
1047 1110
1056 1483
1211 1632
922 1614
1644 1793
1539 1622
1076 1375
1800 1810
1032 1850
917 965
1329 1431
1631 1673
1513 1522
1186 1548
1226 1246
971 1732
913 1377
1340 1714
1180 1280
980 1267
1277 1751
953 1842
1352 1437
1495 1783
1076 1344
1632 1665
1099 1282
1551 1621
1456 1663
978 1132
1210 1268
947 1302
1280 1447
1320 1358
1004 1367
901 1601
897 1768
999 1554
1204 1857
1092 1291
1341 1416
1146 1796
1683 1752
1037 1170
1462 1583
1685 1775
916 1305
1609 1800
1149 1209
1471 1809
994 1658
924 1170
1204 1871
1331 1447
1163 1800
107 1585
1225 1500
1086 1335
526 1644
1580 1613
1610 1868
922 1398
1516 1888
999 1879
1770 1778
1480 1821
563 1013
1681 1727
1613 1868
1390 1849
1180 1804
1358 1427
1230 1289
1551 1610
1049 1752
1561 1678
1067 1082
1786 1812
1665 1800
974 1703
1175 1288
916 1156
107 1833
959 1069
1049 1123
107 1378
1180 1471
1479 1893
1507 1770
1207 1789
993 1750
1288 1352
1333 1784
932 1483
1557 1623
1569 1781
1126 1523
606 1536
1156 1542
1761 1807
1714 1888
1794 1910
1175 1617
1205 1902
1265 1329
580 1320
1736 1746
1432 1479
428 962
983 1864
1139 1338
1345 1379
1608 1795
1129 1229
517 1374
1078 1447
1097 1371
1211 1707
1662 1750
919 1303
1426 1786
1112 1390
946 1662
1548 1802
1571 1879
1779 1822
1032 1783
1163 1826
1310 1504
1255 1302
1129 1350
941 1081
1388 1665
1791 1823
1122 1790
1495 1508
993 1126
1361 1603
1431 1598
1626 1817
1049 1623
1048 1557
897 1323
389 1013
1125 1816
1431 1741
1255 1409
1584 1818
1199 1902
1047 1721
107 1445
1182 1669
1040 1662
1345 1448
896 1454
1479 1786
1153 1542
1242 1823
1284 1841
1571 1663
905 1658
960 1175
1011 1748
1211 1823
107 1107
1107 1431
957 1475
993 1460
1112 1819
1735 1827
1745 1830
1211 1849
974 1010
947 1243
1371 1787
1190 1655
986 1236
1471 1559
1331 1864
1365 1714
1124 1420
1275 1703
1003 1614
1399 1752
1092 1230
1409 1563
1547 1757
1329 1376
1184 1391
988 1019
1175 1460
1707 1833
1267 1520
1191 1376
1310 1536
1352 1614
994 1159
1112 1799
1496 1709
1288 1547
1380 1839
1660 1801
1004 1757
921 1049
1199 1604
934 1391
946 1810
901 938
1126 1272
1341 1380
1112 1185
1425 1478
1139 1703
1048 1584
1367 1688
1127 1840
107 1621
1212 1478
1850 1857
936 1512
1542 1816
1335 1827
951 1806
1092 1741
1630 1658
1712 1849
952 1059
1399 1810
1310 1634
934 1827
952 1377
1365 1617
1159 1338
1243 1761
1496 1541
921 1390
107 1262
1582 1729
1198 1632
1056 1584
942 1495
1099 1893
1066 1392
1361 1842
1185 1746
990 1726
1157 1909
1222 1800
1003 1184
1049 1688
981 1691
1647 1720
1222 1359
1352 1809
1059 1879
1146 1199
1227 1459
1029 1620
1485 1618
1185 1886
1067 1682
606 936
1238 1271
1405 1846
1175 1590
1305 1570
1201 1768
1242 1491
1228 1308
1551 1891
1128 1750
1112 1250
1683 1888
1349 1427
1426 1691
107 1197
