2131 2551
2117 2294
2111 2344
2445 2508
2054 2518
2115 2299
2302 2351
2010 2344
2228 2402
1929 2200
2001 2346
2172 2212
2206 2370
2462 2550
2385 2572
2108 2188
2115 2553
2038 2211
2583 2645
2095 2334
2020 2150
1718 2589
2351 2465
2093 2655
2250 2582
2311 2485
2028 2196
1919 1972
2020 2323
1951 2657
2070 2236
2411 2580
2329 2601
2275 2623
2005 2500
1993 2495
2124 2201
1912 2103
1989 2030
2218 2306
2191 2319
2250 2588
2218 2387
2062 2081
1957 2001
2292 2543
2033 2433
1979 1986
2305 2572
2198 2264
2471 2582
2427 2611
1987 2419
2194 2332
1718 2052
2206 2646
1923 2031
2240 2348
2176 2616
2399 2598
1932 2465
2333 2463
2160 2360
2586 2590
2328 2351
2247 2362
2150 2154
2005 2253
1916 2176
2169 2385
1983 2507
2502 2530
2131 2290
2574 2615
2132 2451
428 1912
1991 2494
2218 2477
2319 2451
1985 2638
2001 2435
2139 2339
2506 2604
2409 2460
2212 2329
1912 2474
1941 2169
2033 2201
2131 2449
2060 2495
2233 2307
2078 2240
2264 2280
1962 2020
2331 2655
2164 2601
2045 2593
2092 2350
2042 2224
1987 2385
2226 2608
1991 2647
2117 2463
2198 2511
1912 2215
2370 2607
2149 2572
2009 2018
2064 2602
2264 2282
2476 2561
2030 2602
1927 1995
2551 2578
1985 2574
1912 2627
2240 2504
2118 2324
2324 2623
2080 2313
2244 2370
2118 2307
2398 2491
2206 2631
2188 2600
1912 2093
2033 2600
1932 2153
2546 2579
2124 2579
2492 2532
2399 2512
1985 2308
1917 2334
2005 2559
2071 2250
2229 2495
1989 2233
2191 2649
2542 2654
2499 2591
2064 2469
2334 2556
1947 2498
2520 2604
2551 2654
2210 2404
2083 2561
1960 2317
2633 2657
2108 2381
1962 2586
2327 2343
2398 2653
2526 2625
2127 2224
2043 2206
2104 2179
2247 2273
2045 2359
2071 2127
2253 2359
1465 2338
2233 2324
2266 2507
2313 2528
2254 2598
1977 2291
2279 2555
2090 2093
1997 2504
2039 2180
2165 2408
2361 2448
2058 2478
2510 2511
2176 2419
1972 2001
2508 2592
1938 2033
2004 2660
2177 2333
2418 2489
2022 2192
2012 2365
2190 2201
2160 2361
1940 2199
2127 2289
2218 2630
2040 2164
1917 2073
2257 2386
1912 2143
2087 2292
2348 2410
2240 2414
2139 2352
1938 2142
2198 2463
2033 2098
1966 2040
2108 2212
2133 2330
1918 2615
2064 2623
1925 2201
2185 2198
2340 2602
136 2459
2563 2623
2467 2560
1978 2497
1993 2201
2253 2340
2064 2460
2010 2471
2337 2639
2070 2335
2232 2612
2184 2482
2279 2399
1914 1972
1952 2084
2037 2646
2218 2539
2351 2597
2299 2326
1940 2071
2282 2616
2323 2550
2520 2532
2045 2088
2086 2309
2046 2326
2308 2348
2200 2331
2097 2645
2345 2555
2200 2323
2033 2404
2024 2648
1938 2064
1953 2631
1465 2293
1989 2376
2007 2161
2121 2550
2062 2479
1999 2627
2299 2484
2323 2536
2078 2374
2370 2467
2282 2292
2104 2271
2087 2224
2142 2482
2021 2348
2227 2534
2115 2607
1943 2630
2058 2131
2053 2223
2364 2636
1981 2304
2290 2553
1985 2393
2047 2503
2104 2307
2132 2199
2244 2418
2075 2274
2543 2605
1950 2014
2140 2410
1912 2642
2347 2500
2090 2237
2088 2339
2554 2602
1983 2339
2492 2564
2007 2247
2124 2549
2026 2087
2287 2604
2526 2654
2143 2292
2436 2653
2499 2623
1946 2253
1966 2201
1920 2509
2510 2555
2216 2359
2353 2586
2273 2294
1917 2356
2149 2512
2336 2458
2084 2499
2414 2489
1958 2159
2284 2585
2032 2511
1941 2068
1914 2365
2188 2339
2423 2433
1963 2607
2005 2275
2083 2477
2064 2477
2433 2602
2540 2634
2063 2560
2282 2347
2159 2225
2007 2451
1955 2419
2391 2576
2063 2363
2173 2335
2220 2460
2542 2546
2329 2428
2323 2554
2047 2534
2001 2648
2475 2508
2039 2052
2326 2334
2137 2468
2053 2338
2201 2218
1951 2494
2115 2604
2210 2579
2124 2428
2010 2516
2188 2553
2275 2489
2134 2616
2109 2323
1947 2509
2118 2467
1938 2090
2261 2492
2362 2425
1912 2307
2084 2429
2055 2404
2052 2463
2549 2556
1918 2354
1945 2451
2143 2472
2098 2423
1984 2078
2207 2259
2172 2462
1912 2120
2332 2592
2216 2271
2395 2556
2290 2433
2123 2554
2224 2508
1966 2604
2043 2165
2117 2246
2369 2611
2273 2475
2372 2463
2532 2556
2007 2601
2030 2190
2299 2500
2063 2408
2039 2215
2160 2260
1946 2069
2058 2492
2056 2476
2216 2334
2074 2381
2240 2654
1999 2004
1938 2309
2077 2500
2396 2511
2104 2407
2187 2635
2275 2331
2188 2218
2064 2500
2328 2332
2391 2607
2357 2397
1912 2585
2165 2218
2073 2218
1994 2598
2276 2323
2229 2266
2047 2491
1912 2365
1465 2328
1999 2645
2040 2309
2068 2417
2150 2404
1939 2642
2136 2428
2275 2306
2218 2266
2180 2511
2407 2446
1992 2622
2102 2629
2247 2480
1932 2461
2333 2603
2095 2257
2212 2655
2117 2496
2053 2420
2109 2542
2030 2095
1971 2625
2123 2575
2128 2233
1917 2630
2123 2408
2257 2429
2322 2562
2323 2543
1940 2149
2624 2638
1976 1999
1983 2549
2593 2646
2077 2374
2184 2446
2331 2532
2164 2300
2063 2492
1979 2233
2095 2601
2277 2411
1970 2183
2037 2206
1942 1984
2115 2271
2593 2631
2277 2373
2042 2653
1465 2032
2289 2406
2142 2287
2093 2123
2243 2509
2368 2608
1946 2433
2133 2268
2275 2392
2033 2369
2283 2445
2532 2553
2076 2486
1943 2271
2196 2247
2010 2176
2507 2564
2467 2554
1944 2209
2229 2615
2229 2521
2188 2630
2131 2408
1939 2501
2220 2356
1912 2388
2590 2655
2334 2619
2020 2324
1966 2275
1946 2539
2073 2593
2334 2374
2223 2451
2083 2123
2088 2536
2184 2339
2290 2573
2049 2173
2180 2215
1938 2154
1941 2649
2395 2551
2356 2423
2307 2601
2136 2275
2151 2203
2404 2467
2419 2493
2236 2322
2240 2556
2161 2304
2124 2253
2475 2588
2131 2619
2109 2495
2068 2161
2037 2354
2115 2624
2339 2374
2188 2520
2433 2591
2030 2526
2059 2370
2347 2463
1947 2463
1973 2022
2464 2554
2153 2254
2164 2233
2150 2615
2369 2462
2237 2331
2190 2564
2190 2623
2057 2111
2032 2351
1941 1947
2095 2139
2042 2292
2445 2463
2213 2326
1973 2297
2266 2552
2148 2398
2005 2083
1925 2266
1983 2564
2340 2638
2258 2311
2124 2467
2087 2649
2148 2463
2308 2354
1945 2399
2045 2077
2306 2604
1981 2222
2033 2556
2392 2520
2287 2410
2084 2611
1943 2240
2010 2032
2190 2611
2184 2210
2239 2372
1926 2002
1912 2637
2244 2573
1985 2083
1946 2485
2376 2646
2433 2611
2284 2346
2191 2451
2083 2408
2071 2148
1465 2007
2111 2555
2190 2631
2186 2277
2053 2510
2045 2506
2386 2464
2037 2468
2369 2423
2130 2448
2156 2455
1979 2423
2600 2606
1953 2329
2620 2648
2276 2630
1947 2304
1966 1993
2451 2510
2199 2419
2140 2275
1991 2001
2404 2468
2092 2147
2247 2377
2121 2573
1926 2598
2299 2549
2088 2140
2073 2485
2218 2324
1920 2468
2004 2157
1955 2169
2023 2440
2003 2377
2129 2313
2354 2428
1926 2187
1938 1966
2045 2056
2287 2542
2273 2328
2123 2165
1912 1914
2326 2619
2112 2257
1971 2103
2024 2268
1929 2376
2037 2261
2520 2611
1938 1989
2416 2610
1921 2365
2055 2150
2199 2384
1958 2050
2297 2447
2024 2447
2220 2308
2149 2519
1955 1959
1995 2016
2044 2454
2076 2513
1923 2452
2093 2278
2184 2309
2131 2495
2083 2147
2078 2423
1947 2133
2183 2608
2352 2619
2619 2631
2446 2520
2026 2287
1577 2273
2040 2469
2145 2313
2040 2276
2121 2536
2060 2095
1983 2095
2109 2446
1988 2170
2134 2149
2117 2377
2029 2362
2287 2625
2172 2220
2067 2303
2131 2154
2284 2494
2334 2485
2069 2591
2073 2077
1984 2046
2184 2407
2095 2504
2162 2313
1942 2478
2362 2416
2369 2485
2064 2350
2059 2326
2484 2615
2083 2492
2220 2376
1999 2018
1961 2281
1929 2108
1577 2413
2404 2409
2161 2194
2209 2525
2253 2460
1933 2488
1957 1980
1979 2374
2436 2543
1912 2275
2416 2603
2338 2609
1993 2323
2165 2329
1932 2196
1921 2627
2434 2617
1987 2232
2366 2612
1577 2445
1979 2030
1912 1921
1970 2396
2127 2451
1943 2593
1984 2334
2084 2624
2250 2498
2067 2526
2149 2226
1912 2543
1959 2282
2131 2237
2578 2638
2347 2407
2300 2391
2139 2433
2478 2611
2244 2600
2184 2561
1986 2619
2356 2630
2142 2395
2336 2351
2384 2385
2257 2551
2539 2590
2059 2206
2244 2482
2081 2243
2336 2434
2374 2561
2124 2464
2104 2290
1920 2191
2290 2624
2201 2275
2345 2510
2339 2606
2169 2643
2369 2623
1966 2131
2071 2117
2606 2655
2154 2654
2047 2345
2103 2631
2381 2495
2353 2611
2037 2056
2369 2428
2033 2103
2142 2573
2246 2282
2133 2629
2151 2512
2040 2074
2354 2414
2172 2446
2042 2283
1959 2420
2308 2429
2331 2631
1938 2179
2171 2378
2553 2586
2144 2268
2033 2374
2118 2602
2037 2121
2100 2450
2212 2323
2226 2379
2359 2615
2144 2174
2109 2604
2142 2414
2237 2590
1932 2420
2323 2586
2119 2474
1917 2216
2353 2615
2553 2646
2038 2145
2579 2625
2172 2370
1951 2050
2419 2557
2118 2329
2123 2229
2451 2522
2199 2302
2258 2408
2033 2233
2418 2638
2267 2472
2054 2465
2331 2606
2242 2637
2313 2380
1912 2449
2508 2598
1973 1995
2074 2575
2149 2292
2172 2359
2409 2464
2328 2616
2036 2291
1577 2072
1979 2369
2317 2580
2074 2216
2352 2428
2059 2559
1925 2271
1994 2007
2111 2144
2102 2384
2184 2188
1912 1963
2032 2491
2023 2236
2047 2293
1917 2561
2102 2280
1962 2485
2351 2372
2323 2607
1970 2163
2040 2546
1993 2654
2282 2438
2350 2404
2033 2359
1984 2428
2039 2224
2395 2460
2033 2550
2401 2650
2116 2538
2043 2090
2090 2576
2131 2381
2446 2549
2242 2498
2074 2308
2112 2140
2533 2629
2231 2341
2492 2506
1997 2374
2184 2395
2058 2154
2067 2478
2273 2344
1983 2329
2409 2625
1963 2131
2283 2344
2064 2428
2392 2395
2329 2460
2248 2405
2200 2266
2054 2368
2474 2523
2495 2552
2005 2331
2063 2179
1940 2643
2363 2561
2084 2276
2095 2591
2101 2110
2054 2191
2573 2600
2071 2547
2077 2521
2046 2131
2314 2503
2359 2549
2417 2640
1979 2359
1966 2115
2062 2542
2050 2447
1465 2250
1985 2539
2229 2601
1940 2010
2035 2628
2112 2500
2430 2625
2448 2488
2123 2576
2055 2271
1917 2059
2181 2562
2069 2074
1920 2292
1912 2074
2460 2478
2563 2564
2206 2615
2047 2509
1941 2478
2521 2600
2464 2579
1976 2159
2069 2655
1997 2290
2187 2597
2083 2579
2078 2551
2033 2495
2429 2512
1946 2601
2128 2347
1975 2360
2069 2499
2150 2261
1984 2590
2464 2593
2294 2328
2206 2625
2353 2654
2351 2498
2288 2350
1941 2042
2395 2606
2127 2594
2006 2027
2409 2559
2419 2588
2047 2641
2063 2331
2377 2510
2049 2474
2040 2574
2469 2623
2161 2199
1943 2489
2279 2461
1957 1998
2212 2495
2331 2624
2467 2484
2243 2617
2136 2300
2116 2640
2021 2543
1933 2317
2589 2594
2194 2338
2083 2299
2273 2384
2117 2416
2078 2460
1939 2222
1945 2002
2091 2197
2235 2537
1948 2068
2560 2604
2374 2428
2059 2468
2633 2639
2059 2339
2309 2395
2206 2500
136 1991
2229 2611
1964 2362
2073 2190
1934 2523
2072 2203
2108 2550
1577 2629
2035 2313
2090 2150
1953 2046
2188 2552
1986 2307
2124 2590
2246 2543
2460 2542
2309 2478
2056 2271
2030 2430
1925 2095
2136 2564
1970 2176
2347 2597
1912 2071
1986 2504
2546 2564
1945 2567
1953 2395
1989 2542
2289 2319
2165 2586
2001 2494
2299 2611
2069 2118
2112 2172
2033 2574
2131 2311
2367 2379
1994 2081
2224 2289
2333 2465
2180 2434
1935 2633
1918 2381
2240 2334
2086 2395
2233 2606
2386 2414
2122 2123
2328 2432
2233 2593
2115 2329
2087 2537
2445 2649
1912 2111
2261 2619
2202 2640
1945 2102
1943 2410
1966 2468
1984 2468
1965 2286
2250 2516
1920 2241
136 2475
1986 2556
1997 2074
1912 2497
1945 2161
2066 2211
2075 2199
2214 2256
2199 2228
2010 2047
2296 2498
2058 2564
1980 2538
1979 2275
1940 2032
2118 2253
2377 2471
2383 2564
2206 2484
2150 2237
2125 2458
1912 2334
1980 2050
2154 2334
1912 2017
2125 2344
2171 2346
2431 2558
2386 2467
1919 2364
2180 2385
1917 2354
2254 2330
2354 2549
2039 2117
2233 2348
1940 2026
1939 2543
2161 2475
2549 2551
2142 2646
1997 2078
1912 2533
1941 2047
2290 2550
2183 2367
2131 2573
1962 2561
2203 2319
2176 2247
1938 2392
1946 2210
2220 2543
1953 2257
1917 2275
2132 2185
1986 2200
1913 2250
1960 2488
2078 2109
1994 2333
2404 2504
1979 2550
1953 2347
2369 2591
2122 2485
2356 2410
2500 2573
1970 2283
1973 2659
2103 2559
1912 2110
2289 2440
2201 2418
2058 2507
2030 2354
1981 2327
2642 2649
2064 2184
2086 2340
2047 2653
2155 2498
2047 2313
2140 2549
2289 2436
2040 2150
1931 1957
2279 2434
2354 2423
2142 2606
1963 2240
2559 2563
2429 2449
1973 2626
2088 2500
1948 2465
2398 2642
2367 2617
2521 2611
2240 2477
2598 2617
2446 2625
2206 2549
2111 2438
2111 2652
2404 2520
1925 1946
2020 2088
1941 2142
2020 2428
2407 2539
2553 2625
2485 2654
1955 2283
2002 2512
1997 2507
2199 2394
1959 2555
2272 2432
2300 2506
2216 2586
1943 2244
1959 2501
2183 2351
2575 2591
2384 2509
2126 2173
2174 2267
1912 1939
2069 2482
2213 2593
2284 2459
2047 2302
2199 2465
2578 2579
2553 2556
2101 2436
2169 2295
2404 2499
2043 2446
2313 2450
2093 2386
2199 2491
2143 2279
2327 2394
1577 2385
1938 2602
2212 2543
2172 2579
2063 2600
1993 2188
2095 2492
2118 2309
1920 2250
1918 1979
2347 2508
2289 2384
2188 2410
1912 2559
2043 2624
2189 2476
1912 2084
2026 2180
2078 2428
2027 2626
2428 2624
1975 1990
2492 2601
2026 2350
2018 2171
2155 2475
1948 2282
1966 2356
2137 2510
1953 2573
1918 2482
2366 2592
2088 2348
2347 2398
1954 2327
2069 2553
2139 2190
2055 2266
2098 2299
1912 2366
2135 2653
2142 2512
2103 2218
1948 2338
2556 2625
2409 2542
2404 2602
2309 2370
2082 2448
1986 2030
2410 2430
2244 2611
2272 2642
2244 2462
2200 2290
2173 2251
2208 2292
2233 2331
1972 2472
1953 2172
1465 1959
1953 2340
1982 2262
1971 2386
2578 2604
2069 2142
2336 2472
1941 2081
2030 2564
2115 2140
2150 2359
2118 2150
1912 2315
2107 2488
2419 2516
2111 2183
2043 2324
2011 2116
2071 2302
1926 2032
2104 2122
1912 2656
2032 2599
2128 2516
2137 2153
1971 2261
2098 2115
2247 2384
2154 2271
2091 2129
2123 2600
2495 2593
2110 2111
2190 2275
2118 2428
1465 2111
2229 2443
2118 2563
2200 2495
2201 2492
2393 2478
1993 2261
1925 2376
2328 2529
1947 1948
2172 2363
2032 2510
1993 2059
2118 2376
2279 2417
2415 2603
2009 2648
2233 2306
1941 2370
2413 2616
2101 2264
1919 2061
2551 2601
2188 2646
1927 2365
2240 2460
2220 2271
2506 2561
2131 2307
2451 2598
2446 2561
1970 2221
1986 2108
1943 2073
136 2224
2233 2386
1983 2512
2409 2560
1941 2348
2069 2189
2069 2556
2183 2533
2197 2260
1941 2282
2363 2433
1951 2061
1947 2282
2273 2608
2103 2468
2055 2477
2247 2616
2089 2448
2123 2220
2081 2496
1993 2563
2201 2329
2116 2583
2573 2624
2053 2081
1958 2027
2093 2306
2243 2458
2104 2188
2232 2366
2052 2289
2237 2604
2190 2410
2132 2198
2395 2615
2184 2326
2237 2624
2098 2600
1971 2489
2030 2446
2205 2416
2123 2244
2261 2556
2078 2506
1954 2588
1953 2115
2299 2607
2215 2239
2233 2553
2436 2635
1940 2203
2148 2336
2088 2630
2078 2179
1929 2646
2040 2201
2328 2512
2385 2398
2210 2333
1986 2109
2370 2601
2067 2584
2140 2253
2396 2617
1932 2338
2396 2438
2078 2602
2131 2477
1947 2279
2353 2414
2063 2429
2045 2233
1949 2152
2283 2332
2172 2266
2322 2361
1953 2407
2154 2240
2340 2430
2033 2045
1960 2152
2560 2613
2500 2552
2492 2552
2473 2612
2033 2172
2136 2408
2071 2264
2072 2187
1955 2522
2341 2361
2234 2449
2206 2601
2276 2563
2047 2318
2047 2065
2308 2381
2229 2467
2385 2608
2084 2326
2417 2597
2010 2054
2469 2611
2073 2654
2365 2640
2026 2191
2212 2220
2143 2544
2425 2594
2476 2584
2502 2605
2189 2512
2040 2607
2344 2598
2187 2516
1947 1970
2096 2438
1955 2328
1917 2290
2085 2232
2154 2184
2235 2652
2257 2539
2188 2655
2304 2518
2078 2500
1947 2246
2118 2573
1918 2026
2153 2472
2247 2509
1971 2287
2201 2216
2370 2423
2038 2180
1986 2139
2039 2582
2606 2607
2187 2332
2011 2225
2042 2153
2040 2206
2397 2628
1985 2469
1929 2536
2029 2642
2324 2521
2215 2592
2174 2241
2233 2655
2132 2292
2311 2560
2338 2592
2446 2655
2131 2563
2482 2613
2184 2308
2069 2206
2095 2578
2038 2149
2379 2617
1912 2457
1989 2037
1984 2499
2433 2559
2283 2294
2132 2368
2110 2390
2076 2622
2333 2512
2191 2282
2153 2543
1993 2069
2293 2592
2122 2142
2184 2414
2033 2409
1972 2447
2093 2507
2054 2420
2229 2307
2090 2309
1971 2560
2095 2131
2229 2590
1920 2194
1946 2395
2354 2464
1952 2416
2125 2343
2510 2629
1920 2153
2037 2601
2020 2586
1963 2074
2138 2302
2087 2151
2353 2542
2232 2292
2278 2624
1912 2022
1941 2090
2520 2590
2283 2537
2037 2553
2038 2566
2323 2429
2259 2471
2026 2267
2268 2510
2002 2327
2128 2344
2352 2482
2198 2283
2075 2415
2151 2241
1914 2658
2201 2334
1912 1934
2040 2433
2410 2625
2092 2387
2189 2394
2118 2430
2549 2601
2339 2429
2081 2189
2007 2512
1985 2299
2220 2638
1918 2506
2165 2212
2176 2366
2115 2492
2087 2332
1946 2654
2464 2550
2240 2323
2021 2564
2039 2463
2406 2612
2208 2608
2241 2250
2200 2423
2086 2118
2241 2465
1959 2572
2037 2103
2369 2559
1912 2317
2043 2306
2419 2518
1917 2359
1991 1995
2216 2429
2290 2606
1577 2351
2378 2639
1964 2036
2108 2433
2007 2379
2283 2649
2007 2394
1917 2046
2145 2366
2001 2337
1929 2271
2283 2617
1959 2498
1912 2557
2127 2319
1916 2434
1917 2631
2037 2074
2069 2276
1912 2246
2648 2659
2021 2484
1946 2489
2325 2509
2071 2498
2518 2519
2136 2376
2118 2550
1986 2374
2055 2339
2064 2492
2069 2410
2088 2220
1995 2006
2154 2579
2090 2504
2154 2546
2053 2617
2200 2381
1948 2436
2161 2338
1917 2492
2136 2326
1976 2620
2060 2602
1912 1969
1912 2124
2218 2347
2064 2526
2098 2118
2045 2500
2410 2654
2354 2409
1943 2348
1912 2603
2165 2271
2419 2471
2050 2494
2003 2642
136 2417
2028 2148
2150 2468
2053 2282
2194 2283
2058 2073
2111 2268
2087 2597
2598 2653
2139 2306
1926 2458
1929 1943
1963 2253
2047 2203
2284 2627
2575 2604
2244 2308
2084 2575
2395 2590
2365 2633
2093 2607
2246 2518
1925 1942
2027 2657
1923 2205
2184 2348
2520 2546
2324 2507
2033 2088
2037 2064
1984 2131
1936 2497
2103 2339
2030 2625
1953 2600
2218 2600
2500 2600
1989 2504
1923 2254
2032 2247
1912 2099
1993 2258
136 2511
2345 2594
2410 2564
2028 2512
2241 2436
2172 2550
2122 2418
2072 2304
2429 2489
2150 2526
1926 2273
1982 2092
2101 2617
2555 2643
2184 2200
2098 2624
2026 2434
2133 2231
2290 2464
2244 2278
1970 2003
2351 2475
2029 2272
2001 2378
2054 2458
2399 2471
1934 2388
2425 2468
2177 2451
2250 2649
2313 2548
2226 2304
2090 2374
2200 2504
2133 2343
1938 2074
1943 2233
2046 2532
2142 2392
2033 2253
2083 2229
2394 2434
2010 2347
2419 2649
2287 2326
1920 2336
2187 2267
2339 2392
2339 2468
2290 2579
2069 2468
2139 2559
2183 2196
2377 2511
2138 2241
2485 2623
2261 2339
2063 2278
2142 2506
2561 2615
2097 2626
2213 2575
2155 2425
2123 2363
1577 2151
2139 2154
2020 2142
2494 2645
1945 2259
2468 2482
2188 2257
1964 2525
2169 2332
2054 2143
2128 2567
1997 2063
2340 2485
2376 2423
2165 2630
1912 2421
2309 2602
2309 2542
2028 2194
2003 2384
1939 2394
2220 2560
1918 2055
2068 2473
2153 2643
2024 2640
2104 2391
2645 2657
2189 2594
1964 2416
2112 2553
2174 2283
1947 2053
2405 2412
2161 2617
2237 2492
2403 2497
1951 2636
2353 2575
2143 2151
2030 2093
1962 2074
2250 2511
2103 2611
2116 2157
2215 2372
2384 2451
2276 2526
2593 2611
1957 2633
1987 2305
2074 2578
2313 2632
2201 2300
2052 2072
2073 2532
2104 2201
2220 2407
1577 2567
2244 2460
2007 2092
2037 2387
1912 2599
2056 2350
1998 2657
2111 2510
2109 2520
2032 2589
2325 2544
2495 2539
1944 2318
2007 2653
2328 2544
1984 2339
2046 2376
2492 2600
2299 2423
2200 2356
1970 2243
2147 2590
1932 2555
2273 2582
1946 2139
2191 2199
2386 2550
1983 2218
1912 2283
2149 2508
1955 2608
1946 2477
2161 2434
2043 2347
2253 2428
2474 2644
2259 2443
2053 2194
2247 2343
2118 2278
2010 2194
2172 2190
2059 2354
2367 2510
2482 2561
2278 2370
1971 2499
2331 2561
1958 2297
2047 2087
2045 2123
2324 2492
2063 2098
2199 2643
2074 2098
2220 2428
2118 2359
2139 2446
2553 2655
1938 2624
2216 2624
1946 2655
2266 2290
2081 2468
2267 2292
2521 2607
2087 2293
2467 2521
2069 2607
2567 2589
2410 2532
2233 2543
1938 2030
1925 2579
2130 2341
1963 2275
2059 2520
2326 2482
1943 2561
2131 2276
1939 2319
1993 2353
2075 2396
2216 2339
2354 2564
1995 2639
2221 2226
2191 2643
2063 2308
2107 2227
2138 2398
2542 2631
2223 2616
1987 2191
1938 2112
2108 2339
2229 2460
1985 2615
2122 2593
2133 2436
1959 2289
2524 2526
1912 2584
2086 2428
2062 2501
1981 2394
2081 2479
2270 2525
2122 2520
2344 2461
2221 2537
2238 2335
2140 2184
2005 2233
2124 2492
2218 2590
1929 2104
2037 2521
2333 2597
2086 2446
2188 2429
1947 2491
2336 2642
2038 2367
1979 2086
2333 2491
2063 2485
1946 2218
1971 2271
2125 2273
2309 2654
2543 2582
2537 2543
1912 1990
2398 2518
2081 2475
1917 2593
1993 2622
1984 2098
2126 2129
2275 2573
2112 2520
1953 2240
1959 2054
2294 2434
2347 2655
2101 2222
2090 2492
2134 2399
1912 2360
2073 2374
2088 2201
2338 2436
2347 2374
1935 2284
2201 2495
2032 2096
1925 1971
2543 2646
2099 2199
2236 2488
2111 2224
2485 2586
2086 2468
2319 2598
2293 2351
2276 2374
2290 2370
2236 2411
2579 2631
2053 2071
136 2081
1953 2428
1912 2402
2052 2176
2030 2103
2201 2563
2332 2649
2292 2498
2069 2601
1979 2150
2133 2210
2579 2655
2365 2657
2520 2579
2131 2356
1943 2586
2043 2140
2511 2512
2058 2118
2154 2429
2203 2544
2085 2581
2064 2121
2241 2594
1945 2491
2112 2244
2108 2526
2324 2428
2266 2433
2103 2374
2028 2510
2142 2579
2137 2283
1943 2179
2018 2364
2033 2290
2088 2482
1931 2001
2469 2575
2332 2465
2395 2492
2103 2206
2058 2172
2563 2611
2060 2088
2307 2381
1941 2509
2083 2112
2053 2072
2129 2628
1932 2372
2308 2625
1986 2131
1913 2203
1997 2237
1985 2043
2536 2575
2218 2520
1965 2114
1983 2429
2169 2372
2591 2615
1962 2045
1912 2221
2144 2292
2037 2575
2485 2542
2206 2575
1912 2458
1962 2573
2296 2612
2028 2516
2299 2418
1921 2024
2329 2414
2083 2410
2233 2624
2111 2332
2278 2376
2164 2306
2063 2376
2030 2244
2216 2409
2526 2579
1997 2108
2088 2506
1912 1970
1962 2040
1936 2644
1942 1983
2407 2593
2324 2489
1918 2165
2069 2606
2142 2586
2395 2410
2225 2648
2588 2653
2104 2299
1718 2031
2081 2327
2115 2324
2284 2583
2102 2305
2060 2611
2495 2520
2136 2200
2010 2328
2343 2516
1941 2104
2054 2629
2346 2659
2339 2381
1964 2279
2026 2475
2244 2615
2046 2573
2287 2331
2103 2216
2200 2210
1927 2660
2252 2304
2485 2607
2543 2572
1972 2006
2275 2552
2604 2622
2257 2352
2172 2257
2077 2266
2038 2419
2295 2557
2253 2395
2063 2275
2398 2649
2626 2633
2074 2374
2045 2324
2031 2141
2140 2257
1957 2659
1916 2512
1963 2326
1962 2329
2138 2555
1912 2343
2184 2521
1920 1955
2172 2630
1948 2028
2111 2463
2101 2294
2136 2308
2081 2153
1917 2020
2180 2328
2179 2539
1982 2134
2484 2536
1962 2064
2188 2210
2190 2536
1983 2563
2327 2338
2275 2359
1975 2361
1983 2253
2104 2326
2189 2542
2073 2554
2047 2436
2144 2289
1577 2355
2198 2344
1920 2351
1966 2467
2055 2278
2059 2591
2465 2599
2228 2361
2364 2378
2165 2601
2409 2414
2047 2336
1984 2520
2086 2615
1465 2547
2058 2623
1941 2002
2068 2344
1914 2647
1465 2385
2150 2478
2138 2279
2054 2183
2117 2525
1465 2399
2283 2582
2350 2576
2111 2420
2323 2553
2234 2506
2047 2126
2109 2261
1946 2220
2188 2619
2080 2236
2028 2649
2099 2510
2536 2611
1917 2309
2218 2278
2109 2607
2085 2566
2324 2407
2126 2160
2444 2513
2124 2179
2354 2573
1918 2290
2271 2326
2308 2520
2340 2460
2111 2132
2084 2507
1913 2116
2520 2553
2292 2377
1993 2056
2092 2423
1945 2398
2138 2267
2560 2623
1928 1995
2142 2552
2434 2537
2128 2135
1976 2013
2191 2472
1912 2377
2165 2323
2093 2586
2069 2624
1718 1948
2078 2084
2102 2511
2275 2563
1927 2459
2033 2257
2139 2407
2107 2403
2340 2376
2179 2347
2239 2518
2433 2551
2047 2344
1980 2022
2233 2602
2264 2372
2183 2511
2220 2492
2201 2237
2307 2326
2007 2468
2309 2485
1912 2146
2146 2173
1946 2446
2059 2579
2504 2611
2095 2552
2266 2611
2069 2140
1966 2387
1983 2340
2446 2499
2090 2112
2043 2074
2253 2307
2430 2446
2370 2381
2127 2338
2261 2553
2271 2586
2059 2190
2143 2289
2043 2184
2037 2574
2165 2552
1912 2516
2057 2491
2020 2543
2353 2590
2184 2489
1966 2542
1912 2172
1718 2509
2426 2526
2095 2356
2261 2495
2115 2257
1986 2083
2403 2503
2115 2188
2271 2369
2007 2643
2108 2467
2026 2608
2460 2624
2430 2460
2121 2218
2484 2552
2020 2237
2073 2543
2275 2309
1962 2484
2104 2308
2063 2404
1918 1943
2216 2266
2140 2601
2302 2543
1932 2071
2307 2370
2005 2504
2093 2354
2228 2618
2472 2609
2279 2649
2093 2139
1923 2226
1972 2202
2327 2617
2290 2492
2042 2081
2123 2391
2271 2374
2104 2655
2045 2646
2001 2171
2172 2546
2409 2423
2005 2586
2392 2408
2591 2600
2043 2563
2005 2414
2128 2153
2326 2611
2077 2090
2433 2604
1912 2254
2220 2564
1946 2063
2366 2642
2308 2404
2334 2564
2398 2463
2063 2500
2434 2512
2153 2434
1925 2123
2171 2538
2228 2440
2044 2084
1966 2526
2189 2292
1951 2297
1993 2376
1979 2046
2326 2468
2121 2532
2007 2332
2203 2384
1925 2553
1965 2289
2103 2404
1912 1980
2143 2319
2150 2464
1932 2224
2074 2482
1962 2123
2344 2432
2275 2462
2289 2509
1997 2484
2047 2315
2282 2319
2065 2215
1979 2184
2172 2460
2356 2638
2007 2533
1948 2053
2267 2293
2189 2395
2059 2478
1912 2210
2123 2469
1947 2117
2083 2206
2174 2211
1945 2280
2247 2289
2332 2582
2229 2559
2108 2354
2206 2552
2033 2059
2144 2543
2000 2636
2174 2296
2306 2410
2124 2275
2333 2336
2101 2274
2307 2482
1912 2182
1913 2400
2128 2368
2224 2384
2377 2509
1943 2638
1983 2521
2046 2369
1912 2013
1912 2604
2336 2451
2007 2434
2180 2653
1931 2658
2103 2331
2376 2484
2352 2356
2020 2045
1932 2042
2133 2543
2246 2641
2201 2638
2054 2279
2139 2499
2077 2150
2042 2333
2124 2352
2064 2655
2392 2560
1993 2299
2122 2586
2296 2581
2088 2485
2384 2582
2140 2430
1951 1958
1465 2087
1917 2308
2510 2512
2005 2124
1912 2117
2224 2445
2086 2206
2276 2485
2125 2336
2154 2553
2273 2629
1979 2500
1918 2619
2153 2292
2299 2601
2058 2601
2418 2625
2054 2128
1983 2630
1981 2294
1929 2409
2553 2579
2180 2332
2148 2153
2266 2331
2492 2602
2150 2276
2218 2615
2368 2519
2047 2153
2180 2509
2614 2632
2030 2331
2395 2560
1912 2471
1962 2551
2103 2408
2186 2406
2183 2472
2093 2376
2278 2539
2133 2272
2131 2499
2352 2484
2071 2472
2228 2644
2111 2283
2247 2588
2043 2063
2315 2491
2363 2395
2279 2582
2084 2142
1951 2659
2143 2598
2104 2410
2069 2638
1971 2624
2278 2578
2257 2354
2359 2404
1997 2492
2293 2594
2038 2325
2030 2573
2046 2602
2052 2199
2428 2532
2220 2418
2028 2298
2077 2611
2111 2594
2140 2307
2104 2542
2345 2366
1964 2589
2210 2564
2395 2532
1940 2194
2093 2492
2111 2471
1962 2433
1946 2123
2293 2567
2188 2271
2092 2200
2002 2344
2142 2336
2304 2509
2224 2319
2109 2339
2478 2556
1955 2053
2236 2644
1912 1946
2233 2552
2107 2628
2250 2289
2143 2224
1984 2578
2430 2552
2005 2206
1912 2433
1985 2108
2074 2104
2258 2468
2072 2125
2074 2638
1938 2469
2097 2647
1916 2221
2331 2376
2033 2121
2180 2294
2061 2648
2340 2446
2073 2563
2273 2283
2040 2347
2244 2386
2354 2615
2002 2246
2567 2617
2001 2011
2153 2336
2032 2148
2165 2244
1971 2348
2005 2495
2103 2591
2020 2112
2136 2229
2071 2293
1971 2536
2045 2526
2176 2194
2280 2394
1918 2140
2059 2593
1966 2257
2065 2302
2154 2630
2172 2354
2163 2368
2093 2564
2394 2458
2102 2133
2220 2253
2121 2520
2021 2179
2268 2508
2237 2306
1926 1932
2464 2560
2491 2537
2353 2600
1994 2028
1912 2660
2157 2583
2115 2123
2018 2435
2200 2348
2093 2339
1941 2028
2095 2468
2060 2083
2196 2292
2062 2279
1983 2303
2300 2392
1946 2095
2356 2575
2180 2368
2354 2546
2516 2543
1947 2347
2276 2324
2111 2417
2090 2546
2506 2520
1916 2149
1960 2126
2069 2275
2117 2310
2463 2643
2484 2586
2154 2233
1946 2602
1966 2058
2347 2550
2194 2333
1927 1972
2636 2657
1934 2540
2169 2649
2389 2512
1931 2116
2390 2438
2052 2053
1465 2279
1994 2117
2086 2212
2324 2591
1919 2585
2055 2611
2189 2223
2103 2201
2150 2429
2037 2045
2005 2334
1912 2179
2188 2381
2043 2331
2200 2526
1993 2506
2276 2347
1935 2001
2176 2425
2218 2573
2122 2278
1941 2616
2111 2567
2059 2492
2005 2489
2428 2521
2213 2237
2056 2092
2109 2630
2184 2543
2071 2133
2240 2278
2200 2271
2037 2122
2028 2642
1996 2565
1997 2088
1988 2076
136 2157
2611 2625
2446 2619
2154 2391
1932 2347
1927 2627
1960 2448
2423 2590
2184 2261
2501 2560
2133 2241
2330 2589
2601 2638
1999 2027
1914 2116
2063 2237
1970 2328
1953 2623
1962 2446
2382 2456
2327 2345
2248 2503
2210 2395
1947 2010
2147 2611
2218 2500
2037 2600
1926 2224
2356 2631
1943 2340
2072 2081
1912 2624
1953 2409
1577 2543
2273 2285
2471 2588
2095 2395
2247 2642
1718 2132
2304 2516
2266 2551
2042 2502
2086 2414
2611 2615
1991 2061
2216 2526
2127 2332
2112 2521
1971 2410
2127 2589
2381 2623
1978 2534
2092 2391
2047 2279
2068 2338
2074 2495
1926 2283
1964 2127
2009 2647
1948 2292
2495 2625
2232 2594
1978 2049
2157 2171
2085 2197
2267 2502
1943 2409
2494 2648
2428 2601
1968 2018
1912 2300
2312 2319
2347 2578
2326 2590
2117 2637
2093 2504
2139 2331
2237 2414
2128 2283
1993 2078
2344 2537
2407 2602
2306 2559
2084 2103
2561 2593
2112 2121
1918 2507
2461 2491
2310 2416
2611 2624
2030 2109
2032 2264
2346 2640
1998 2640
1929 2131
1986 2604
2233 2573
1985 2331
1966 2625
2118 2306
2196 2282
2083 2604
1917 2590
1718 2547
2444 2486
2087 2133
2139 2613
2040 2638
1954 2498
2244 2551
2126 2488
2282 2491
2008 2455
2036 2345
2346 2585
2329 2410
2138 2387
2047 2053
2285 2372
2507 2646
2189 2232
1912 2243
2532 2574
2559 2615
2218 2276
2039 2135
2228 2411
2407 2564
2191 2196
1973 2192
2143 2169
2060 2093
2294 2491
2420 2555
2294 2649
2088 2190
1926 2082
2309 2363
2478 2623
2445 2597
2381 2607
1916 2111
2259 2347
1964 2498
2150 2381
1912 1984
2408 2482
2521 2560
2138 2223
1958 2000
2237 2356
2153 2343
1955 2533
2262 2506
2042 2047
2030 2340
1945 2246
2275 2299
2494 2626
2139 2521
2459 2538
2153 2279
1577 2608
2338 2343
1955 2268
2053 2283
2011 2097
2346 2389
2038 2283
2054 2616
2040 2395
2088 2261
2289 2294
2293 2533
1984 2112
2361 2540
2233 2370
2118 2429
1959 2351
2176 2267
2069 2354
2070 2488
2145 2277
2018 2050
2253 2543
2211 2289
2356 2590
1941 2005
2033 2210
1980 2626
2294 2592
2235 2509
2430 2499
2108 2356
2117 2126
2543 2546
2575 2590
2125 2143
2153 2509
1959 2283
1986 2276
2551 2623
1943 2104
2257 2563
2216 2520
2083 2542
1718 2149
2108 2363
2374 2615
2320 2401
2005 2271
2410 2550
2324 2539
2308 2586
2324 2506
2104 2526
2183 2653
1951 2011
2007 2471
2032 2465
2495 2532
2179 2381
2165 2468
2199 2235
2049 2503
2223 2543
2022 2097
2506 2607
1959 2511
2142 2339
1912 1971
2077 2561
2090 2593
2244 2429
2433 2468
1998 2459
2246 2273
2365 2378
1983 2586
2222 2568
2447 2585
2054 2498
1929 2124
2279 2394
2030 2654
2142 2253
1920 2399
2069 2139
2125 2203
2115 2590
1946 2229
1941 2542
2537 2616
1993 2430
2128 2372
2124 2278
1941 2332
2136 2201
2287 2323
1989 2077
2404 2604
2052 2183
2258 2564
2232 2327
2460 2638
2118 2552
1979 2484
2127 2597
2068 2135
2095 2499
1916 2343
2601 2615
2275 2326
2462 2586
2250 2319
2001 2627
2081 2125
1970 2377
2189 2508
2244 2506
2366 2367
1997 2593
2212 2624
2410 2468
2543 2624
1912 2592
1914 2018
1940 2224
2283 2342
1939 2264
2331 2408
1919 2636
1985 2428
2020 2309
2560 2630
1956 2245
2323 2655
2194 2292
2087 2149
1919 2538
2111 2279
2244 2520
2272 2310
2047 2594
2016 2225
1985 2374
2199 2417
2536 2630
2145 2406
2035 2618
2037 2201
2143 2451
2004 2627
1955 2617
2208 2385
2188 2579
1943 2484
2347 2638
2124 2500
2347 2579
1926 2186
2482 2507
2134 2642
2309 2347
2123 2601
1921 2143
2033 2521
2254 2285
2196 2333
1979 2200
2054 2249
2506 2507
2140 2331
2104 2654
2369 2408
2039 2153
1989 2423
2351 2398
2323 2485
1912 2040
1993 2423
2329 2369
2071 2461
2283 2355
2292 2293
2592 2608
2071 2191
2571 2597
2302 2324
1985 2451
2275 2532
2624 2654
2108 2654
2317 2644
2045 2124
2290 2414
2266 2340
2482 2551
1979 2324
2384 2510
2053 2132
2273 2518
1917 2271
2142 2334
1955 2302
2057 2572
1943 2078
2063 2334
2459 2658
1962 2359
2026 2498
2039 2510
1989 2331
2146 2181
1912 2580
1984 2348
2262 2391
2313 2440
2125 2198
2229 2324
2411 2412
1983 2578
2174 2223
1923 2642
2240 2478
1964 2557
2266 2518
2001 2009
2040 2551
2247 2355
1984 2561
2201 2601
1938 1979
2030 2482
136 2068
136 2543
2414 2575
2261 2484
1912 2011
2038 2250
2154 2469
1945 2151
2149 2268
2446 2489
2149 2347
2144 2598
2276 2646
2464 2484
2176 2416
2276 2542
1989 2142
2460 2521
2152 2231
1986 2037
2237 2363
2111 2151
2019 2303
2165 2543
2253 2257
1941 2420
2184 2306
2072 2137
1912 2031
2037 2278
2278 2556
2030 2348
2376 2404
2246 2355
1972 2459
1912 2324
2323 2564
2102 2116
2077 2624
2095 2553
1929 2037
2190 2237
2180 2292
1983 2237
2136 2539
2086 2240
2285 2305
2086 2404
2428 2563
2043 2271
1940 2102
2032 2149
1932 2463
2095 2542
2250 2642
2045 2201
2212 2593
2114 2412
2064 2646
2108 2551
2229 2478
2267 2304
2383 2482
2026 2550
2073 2083
2054 2344
1964 2038
2052 2149
2046 2244
2280 2438
1985 2600
2352 2354
2542 2607
2239 2597
2069 2271
2266 2418
2188 2258
2104 2484
2108 2482
2317 2628
1946 2607
1969 2302
1943 2331
1939 2280
2189 2398
2128 2582
1916 2461
1946 2064
2220 2615
1941 2099
2030 2334
1938 2552
2417 2447
2088 2484
2461 2537
2302 2475
2254 2511
2529 2555
1971 2586
2468 2630
1979 2210
2098 2611
2077 2564
2201 2550
2031 2416
2240 2253
1943 2206
2187 2491
2179 2220
2526 2578
2095 2433
2071 2398
2495 2600
1985 2559
1971 2428
2053 2385
1577 2224
2077 2550
2468 2560
2118 2395
2468 2563
2504 2593
2381 2464
2354 2485
1947 2087
2132 2652
2147 2476
1929 2306
2085 2366
1938 2020
1954 2659
2111 2512
2363 2611
1940 2294
1941 2072
2053 2215
2282 2588
1918 2084
1979 2118
1959 2465
2133 2174
2290 2308
2378 2447
2203 2312
2067 2084
2491 2588
2485 2604
2283 2471
2028 2643
1920 2283
2097 2658
2220 2370
1962 2560
2430 2586
2592 2652
2063 2615
2090 2323
1984 2369
2231 2577
2109 2414
1577 1912
1912 2114
2328 2399
2188 2240
2404 2654
2033 2115
2386 2593
2376 2482
1922 1990
2428 2591
1959 2325
2056 2593
1932 1945
1982 2594
2428 2460
1985 2468
2233 2323
1920 2343
2063 2428
2282 2458
2262 2545
1941 1945
2007 2445
2212 2363
2000 2024
1970 2479
1912 2523
2068 2133
2133 2155
2060 2492
2369 2624
2137 2533
1964 2651
2290 2543
1947 2336
2103 2334
2127 2343
2489 2521
2093 2104
2124 2542
2237 2485
2323 2552
2374 2638
2104 2638
2235 2384
2390 2394
2429 2467
2056 2485
1918 2278
2073 2507
2184 2352
2328 2344
1912 2465
1919 2648
2154 2237
2038 2203
2086 2410
2240 2542
2339 2500
1945 2071
2072 2390
2028 2283
2319 2471
2142 2271
1964 2325
2240 2356
1912 2187
1941 2571
1912 2367
2135 2241
2326 2624
2340 2552
2352 2395
1989 2257
1977 2265
2111 2597
2104 2563
2140 2150
2077 2369
2311 2646
1920 2434
2183 2394
2124 2142
2533 2543
2047 2141
1928 2013
2011 2645
1947 2052
2045 2363
2354 2625
1929 2564
2232 2642
2221 2243
2063 2309
2417 2459
1971 2542
2188 2549
1945 2223
2038 2498
2229 2462
1986 2164
2522 2608
2291 2624
2179 2218
1943 2077
2374 2655
1948 2279
2306 2573
2262 2300
2081 2508
2124 2206
2352 2546
2504 2526
2184 2409
1959 1987
2054 2475
2088 2520
2086 2376
2043 2433
1946 2237
1945 2344
2121 2150
2325 2589
2282 2338
2046 2410
1926 2183
1921 1935
2120 2628
2103 2607
2138 2215
2349 2486
2228 2397
2408 2578
1955 2458
2064 2549
2024 2585
1929 2654
1997 2630
2084 2347
1973 2171
2038 2398
1923 2247
2375 2439
2218 2625
2188 2625
2188 2266
1938 2308
2030 2266
1976 2012
1946 2090
2040 2212
1962 2462
2520 2542
2001 2636
2283 2608
2220 2542
1974 2505
1919 2346
2253 2278
2283 2304
2338 2567
1997 2131
2229 2578
2307 2409
2037 2088
2477 2485
1962 2098
136 2004
2323 2615
1970 2531
2103 2504
2253 2552
2076 2466
2407 2553
2134 2372
2059 2352
1577 2642
2007 2398
2055 2542
2247 2603
2546 2615
136 1955
2492 2593
2047 2510
1912 2282
1979 1984
2578 2611
2469 2630
2082 2644
2125 2501
1925 2339
2216 2600
2004 2640
2418 2446
2462 2630
1918 2607
2116 2571
2084 2551
2011 2472
2118 2500
2116 2616
2059 2212
2381 2556
2363 2600
1946 2104
1947 2608
2370 2429
1980 2620
2112 2631
2364 2633
2307 2507
2064 2564
2658 2659
2124 2359
1999 2620
2324 2500
2077 2206
1939 2072
2023 2316
1963 2646
2150 2300
2418 2495
2194 2491
2532 2615
2196 2642
2333 2344
1925 2607
1963 2560
2123 2404
2332 2567
2047 2406
2237 2560
1985 2142
2325 2475
2354 2655
1917 2374
1929 2559
2047 2403
2115 2500
2172 2482
2006 2659
2550 2601
1946 2467
2098 2172
2183 2537
2188 2392
2054 2652
2139 2233
2363 2624
2074 2095
2053 2280
2348 2561
2268 2589
2278 2544
2088 2428
2392 2611
2315 2643
2266 2348
2463 2511
2007 2259
2087 2368
2233 2499
2224 2419
2112 2386
1912 2222
2176 2294
1577 2125
2123 2387
1966 2108
2619 2654
2170 2401
2132 2617
2133 2145
1912 2144
2211 2406
2190 2484
2151 2294
2112 2258
2090 2266
2199 2215
2033 2536
1953 2462
2040 2244
2103 2601
2004 2268
1945 2332
2078 2300
1988 2399
1954 2032
2266 2542
2133 2417
1577 2007
1979 2124
2010 2155
2292 2333
2020 2363
2078 2184
2233 2492
2200 2489
2061 2284
1993 2429
2032 2343
2085 2091
2363 2492
2331 2418
2040 2601
2454 2478
1912 2506
2409 2543
2133 2254
1925 2290
2372 2434
2282 2537
2221 2344
2153 2475
1942 2499
2268 2616
2161 2594
2046 2625
2088 2391
2220 2553
1912 2224
2180 2224
2083 2418
1912 2500
1986 2376
2133 2406
1943 2040
2275 2631
1941 2410
2258 2560
2138 2608
1994 2292
2410 2575
2077 2103
2172 2586
2073 2430
2289 2310
2294 2582
1953 2150
2253 2467
2526 2615
2200 2485
2212 2370
2006 2284
2275 2339
2354 2374
2118 2526
2035 2361
2068 2463
1932 2134
2268 2533
2124 2369
2325 2637
2047 2338
2007 2282
2090 2206
2471 2519
2117 2272
2250 2368
2021 2103
1914 2004
2110 2501
2374 2586
2309 2553
2188 2623
2334 2560
2077 2460
1959 2174
2123 2409
2266 2631
2393 2584
2036 2214
2031 2214
2423 2428
2139 2381
2271 2654
2060 2376
2559 2579
1983 2646
1912 2125
1925 2240
2300 2376
2543 2642
2303 2339
2273 2419
1926 2038
2176 2649
2561 2624
1966 2590
1920 2461
2077 2492
2264 2417
1929 2103
1943 2055
2198 2461
2009 2571
2241 2344
2178 2321
2121 2611
1912 2002
2578 2607
1979 2554
1912 2301
2134 2169
1970 2161
2259 2473
2154 2600
2365 2639
1936 1975
2083 2307
2140 2630
1912 1998
2250 2328
1941 2128
1964 2256
1577 2148
2037 2604
2118 2507
2108 2164
1985 2460
1964 2288
2250 2312
2093 2287
1951 2006
2317 2412
2164 2340
2077 2229
1925 2026
2003 2282
2199 2557
2074 2520
2098 2271
1718 2153
1946 2109
1979 2586
2150 2240
1963 2468
2078 2590
2250 2598
2088 2575
1912 2199
2142 2150
1917 2521
2353 2554
2290 2549
2328 2390
2579 2615
2294 2588
1950 2659
2027 2378
2118 2290
1943 2290
2247 2598
2046 2098
1942 1966
2571 2598
1912 2085
2059 2625
2153 2510
2165 2593
2408 2549
2062 2543
2161 2367
2083 2261
1948 2567
2477 2507
2212 2309
1972 2627
1929 2257
2492 2546
2010 2174
1983 2103
2053 2328
2244 2369
2134 2199
2249 2491
1966 2307
2539 2602
2040 2423
2154 2309
2268 2543
2053 2117
2323 2430
2055 2543
2419 2617
2492 2655
2323 2370
2243 2328
2031 2133
2123 2370
2030 2078
2090 2506
2054 2519
2342 2448
2602 2607
2009 2640
1912 2021
1970 2226
2424 2587
1918 2240
2323 2347
2102 2336
2324 2601
2354 2418
2115 2600
2353 2492
1943 2142
1921 1973
2482 2654
2062 2629
2326 2561
2229 2492
2464 2561
2327 2547
2283 2338
2351 2598
2144 2351
1923 2242
2216 2233
2169 2176
2229 2339
2064 2578
1940 2068
1946 2084
2472 2653
1929 2369
1941 2340
1916 2384
2125 2295
2555 2567
2116 2355
2072 2384
1951 2538
2093 2430
2122 2504
2092 2428
2203 2294
2172 2504
2197 2540
2326 2395
2339 2630
2059 2140
2115 2638
2212 2266
2374 2624
2306 2460
2118 2201
2090 2460
1993 2339
2056 2086
1917 2190
2107 2424
2240 2354
2445 2526
2026 2282
2556 2602
2331 2430
2239 2327
2299 2464
2630 2654
2023 2412
2484 2539
2299 2430
2026 2068
2262 2387
2054 2087
2188 2430
2142 2328
2501 2537
2354 2623
2115 2220
2399 2509
2428 2482
2164 2630
2212 2573
1912 2095
1952 2458
2290 2600
2124 2655
2026 2283
2210 2590
2071 2189
2042 2511
2059 2103
2144 2592
2404 2460
2326 2654
2266 2407
2525 2642
2040 2308
2059 2561
2317 2361
1998 2027
2309 2334
2122 2266
2199 2315
2201 2307
1941 2054
2258 2376
1998 2022
2064 2200
2359 2369
2398 2445
2096 2328
2107 2120
2223 2338
2221 2432
2538 2626
136 1972
1936 2562
2451 2652
2122 2386
2408 2521
2279 2338
1926 2194
2199 2294
2335 2488
2349 2513
2200 2492
2073 2462
1971 2172
2095 2206
2201 2468
1941 2052
1994 2187
2132 2462
2374 2381
2011 2061
1912 1981
2078 2229
2271 2611
2149 2247
2078 2543
1914 2620
1927 1928
2283 2618
1465 2327
2174 2203
1938 2150
2068 2653
2240 2492
2109 2299
2054 2072
2065 2183
1912 2147
2128 2491
2218 2646
2123 2593
2359 2464
2095 2611
1926 2085
2221 2434
2020 2300
2108 2266
2112 2499
1914 2648
2491 2617
1971 2108
2103 2276
2244 2619
2032 2203
2141 2318
1973 1980
2246 2642
2583 2620
1912 2217
2420 2510
2073 2556
1931 2006
2464 2600
2245 2535
2183 2224
2266 2586
2323 2520
2005 2418
2103 2307
1984 2074
2131 2287
2543 2567
1923 2289
2030 2410
1985 2063
2274 2568
2052 2347
2071 2283
1912 2555
2045 2139
2231 2405
2074 2369
1956 2487
2082 2228
2035 2366
1942 2067
2340 2573
2063 2118
1916 2419
1979 2278
2043 2253
1941 2188
2318 2642
2047 2314
2118 2308
2244 2376
1998 2171
2361 2644
1987 2039
136 2018
1985 2654
1923 2498
1945 2135
2200 2418
2001 2447
2385 2629
2309 2549
1994 2555
1926 2649
2408 2477
2218 2586
2283 2603
1997 2554
2031 2289
2018 2657
2500 2554
2180 2436
2248 2534
2073 2575
2381 2573
1945 2343
2563 2574
2091 2488
2042 2336
1999 2284
2081 2530
2115 2124
1980 2645
2170 2349
2496 2567
2446 2543
2141 2425
2451 2533
2002 2267
2250 2461
2083 2543
2206 2429
2237 2381
2309 2477
2233 2625
2131 2604
2326 2460
2068 2087
1912 2178
2409 2410
2276 2395
2143 2336
2062 2229
1929 2064
2213 2602
2180 2250
2060 2556
2040 2064
2073 2261
2347 2384
2040 2200
2370 2590
2040 2506
2307 2521
2339 2520
2326 2655
2033 2590
1912 2306
2194 2533
2153 2597
2257 2363
2028 2068
2335 2361
2054 2509
1980 2583
1954 2268
1962 2261
1925 2586
1577 2038
2213 2229
2319 2344
2059 2324
2145 2544
2465 2567
2104 2353
2333 2390
1979 2229
2410 2604
2348 2593
1945 2379
2063 2201
2487 2535
2478 2526
2423 2446
1984 2073
2088 2308
2059 2131
1912 2601
2143 2491
1985 2564
2068 2629
1927 2538
2005 2578
2212 2218
2348 2428
2188 2542
2638 2646
2153 2174
1984 2271
2111 2347
1979 2462
2088 2606
2220 2408
1943 2184
2131 2324
2307 2574
2386 2624
2062 2617
2144 2241
2433 2492
2047 2588
2128 2438
2088 2526
2007 2187
2446 2593
2220 2352
2136 2354
2095 2271
2323 2542
2237 2429
1919 2004
2149 2343
2579 2630
2098 2574
2289 2589
1718 2498
2240 2619
2090 2561
2039 2282
2068 2592
2326 2623
2071 2384
2244 2359
2176 2598
2193 2316
2282 2567
2397 2523
2123 2418
2486 2650
1985 2065
1938 2460
2340 2604
2390 2603
2112 2550
2151 2589
2396 2537
2191 2420
2342 2562
1929 2043
2302 2420
1912 1979
2056 2625
1962 2655
1940 2007
2150 2408
2396 2510
1946 2112
2052 2629
2073 2340
2081 2247
1918 2326
2399 2582
2194 2273
2467 2590
1979 2489
1916 2328
2096 2501
2139 2395
2467 2604
2317 2402
2078 2140
1925 2564
2153 2491
2218 2532
2072 2598
2190 2578
2143 2498
1959 2110
2539 2630
2464 2591
2356 2381
2112 2579
2323 2560
2271 2409
2194 2642
2436 2445
2500 2586
2131 2306
2103 2542
2289 2643
2201 2499
1927 2647
2003 2491
2366 2379
2381 2500
2283 2436
2240 2563
2028 2292
2324 2604
2072 2199
2414 2542
2404 2492
2174 2377
2355 2400
2209 2416
1932 2471
2084 2600
2336 2643
2174 2183
2172 2539
2199 2501
1993 2469
2083 2212
2464 2551
1953 2460
2268 2406
2069 2083
1923 2047
1971 2131
2199 2594
2240 2306
2374 2477
2007 2149
2134 2543
2047 2268
2165 2624
1971 2216
2127 2176
2532 2559
1931 2024
2258 2266
2203 2302
2095 2625
2169 2434
2408 2428
2108 2376
2117 2187
2176 2246
2409 2482
2107 2146
2028 2047
2348 2615
1912 2412
1939 2432
2028 2502
2372 2629
2153 2223
2135 2436
2171 2459
2241 2268
1948 2196
2173 2534
1946 2308
1912 2318
2010 2336
1993 2093
2306 2356
2331 2395
2189 2597
2072 2224
2055 2206
2043 2539
2458 2649
2104 2278
1984 2631
2201 2464
1919 2365
2506 2625
2234 2386
1946 2623
2164 2625
1948 2038
1943 2521
2121 2131
1962 1979
2047 2185
2060 2507
1912 1938
2069 2501
2131 2638
2259 2490
1931 2061
2081 2161
2516 2642
1951 2202
1912 2003
2446 2460
2553 2630
1943 2604
1970 2603
2093 2550
2156 2197
2309 2586
2032 2072
2006 2620
2250 2471
2153 2567
2615 2631
2485 2646
2095 2323
2139 2309
2213 2271
2063 2607
2108 2655
2381 2391
2184 2536
2157 2268
2064 2386
2339 2464
2200 2446
2040 2354
2461 2543
2254 2267
2308 2564
2032 2223
2060 2352
2078 2492
2575 2600
1958 2022
2400 2610
2111 2617
2343 2536
2576 2590
2333 2582
2072 2592
2356 2507
1955 2224
2220 2578
2352 2638
2062 2351
2253 2347
2121 2324
1979 2139
2045 2220
2408 2462
2285 2398
2220 2619
2508 2510
2069 2172
2087 2127
1993 2468
2469 2607
2039 2461
2043 2356
2267 2294
2482 2623
2300 2476
1994 2597
2124 2340
2149 2399
1925 2083
2118 2433
2150 2220
1941 2026
2229 2253
1929 2253
2376 2391
2240 2484
1954 2116
2152 2248
2073 2139
2072 2555
2118 2140
2314 2534
2329 2395
1991 2027
2059 2482
2149 2176
2044 2478
2091 2105
2559 2586
1912 2614
2125 2247
2064 2408
1966 2449
1932 2068
2387 2619
2500 2631
2268 2394
1912 2130
1975 2474
2040 2109
2495 2607
2084 2118
2050 2297
2332 2555
2140 2340
2069 2404
1986 2084
1938 2200
1980 1991
2414 2484
2408 2560
2037 2560
2084 2391
1912 2273
2526 2611
2154 2484
2132 2319
2032 2451
2062 2420
2292 2319
2064 2083
1968 2447
2511 2617
1941 2333
2339 2554
2334 2409
2233 2531
2095 2339
1465 2649
2187 2343
1984 2507
1938 2084
2326 2520
2381 2546
2316 2577
2002 2226
1931 2025
2339 2446
1917 2257
2146 2193
2179 2290
2268 2463
1963 2655
2036 2289
2037 2073
2154 2593
1577 2127
2247 2304
1932 2039
2460 2552
1912 2398
2399 2466
2176 2272
2047 2581
2266 2381
2564 2578
2040 2046
2070 2570
2171 2660
1972 2494
1943 2404
2088 2553
2244 2601
2433 2520
2410 2477
2593 2601
2172 2188
2133 2451
2259 2468
2210 2309
2374 2526
2391 2542
2188 2469
1971 2593
2220 2631
2427 2478
2001 2365
2053 2135
2278 2561
2323 2348
2347 2615
1929 2464
2121 2172
2327 2396
2064 2220
1983 2108
2043 2275
2308 2560
2095 2220
2356 2607
2007 2436
2098 2278
1999 2143
1917 2478
1973 2616
2129 2448
2104 2414
1986 2482
2283 2420
2229 2638
1577 1913
1963 2369
2183 2609
2121 2323
1925 2624
2220 2655
2078 2253
2027 2364
1963 2464
2479 2617
1995 2225
2436 2451
2300 2575
2087 2436
1983 2543
2133 2555
2196 2332
1919 2025
2423 2477
2282 2510
1993 2446
1912 2389
2154 2299
2093 2590
2054 2415
1986 2210
2059 2329
2308 2554
1921 2159
2093 2601
1718 2151
2117 2385
2110 2652
2567 2609
2309 2484
1912 1928
2213 2464
2376 2564
1938 2604
2229 2237
2657 2660
2479 2501
2180 2398
2026 2458
2118 2190
2369 2499
2294 2544
1577 2463
2277 2488
2137 2143
2111 2153
2586 2591
2484 2625
2164 2468
2088 2414
2123 2172
2103 2489
2147 2271
2384 2399
2154 2206
2143 2328
2108 2631
2081 2372
2060 2307
2351 2509
2591 2624
2408 2590
1916 2174
2131 2549
2381 2489
2077 2118
1917 2575
1916 2087
2078 2462
1912 2628
2090 2216
2073 2253
2336 2510
2191 2264
2311 2462
2147 2387
1943 2257
1918 2409
2500 2593
2261 2464
2648 2657
2275 2604
2052 2491
2124 2376
2344 2512
2356 2619
2351 2384
2203 2224
1956 2570
2438 2451
1940 2502
2121 2575
2331 2495
2001 2639
2326 2464
1955 2294
2093 2446
1973 2319
2229 2560
2560 2654
2386 2559
2064 2340
2550 2623
2319 2475
2090 2139
2019 2443
2115 2131
2333 2529
2574 2631
1989 2551
1940 2135
2394 2603
2257 2464
1943 2376
2053 2533
1925 2056
2117 2250
1925 2485
2132 2336
2064 2550
2122 2323
2299 2309
2068 2394
2604 2646
2081 2491
2038 2588
2396 2501
2532 2630
1970 2598
2184 2500
2010 2052
1941 2293
2339 2552
2241 2347
2218 2307
2090 2261
2210 2326
2124 2287
1971 2430
2110 2377
1986 2611
2111 2282
1948 2026
2077 2410
1939 2075
2389 2531
1946 2184
2385 2592
2136 2184
2201 2504
2038 2302
2330 2336
2030 2275
2507 2607
2047 2644
2174 2254
2560 2625
2005 2122
2184 2468
2513 2622
1919 2016
2369 2407
2231 2316
2117 2436
2190 2206
1943 2118
1951 2660
1987 2445
2395 2623
2042 2384
2059 2334
2006 2585
2396 2432
136 2461
1912 2634
2469 2655
2032 2279
2069 2121
2045 2347
2057 2065
2125 2533
2329 2542
2058 2150
2289 2582
2602 2638
2103 2352
1959 2333
2056 2067
2148 2279
2005 2560
2095 2616
1939 2451
1925 2551
2214 2366
2130 2618
2150 2347
2085 2612
2123 2539
1980 2435
2090 2131
2532 2602
2115 2200
2196 2347
2319 2498
2077 2359
2169 2475
2567 2643
2126 2283
2150 2586
2179 2430
2104 2275
1993 2381
1943 2353
1941 2451
2108 2395
1912 2382
2340 2542
2233 2391
2162 2371
2037 2218
2030 2172
1943 2095
1951 2192
2102 2285
1935 2011
2010 2081
2147 2545
2307 2579
2154 2623
2011 2639
2135 2247
2159 2659
2540 2642
2597 2608
2451 2471
1998 2660
2083 2586
2347 2560
2151 2187
1947 2283
2361 2488
2331 2552
1947 2274
2191 2475
1998 2645
1946 2507
2090 2188
2102 2617
2327 2367
1998 2018
1986 2408
2042 2347
2068 2319
2115 2423
2071 2149
2132 2511
2414 2560
2007 2510
2335 2371
2306 2623
2071 2315
2053 2597
2313 2402
1938 2495
2038 2384
2161 2415
2149 2332
2068 2305
2122 2348
2133 2169
2030 2500
1997 2485
2261 2410
2188 2309
2203 2445
2418 2550
2376 2433
2002 2127
2460 2504
2213 2638
2118 2600
2047 2186
2176 2525
2520 2625
2111 2390
2543 2559
2083 2507
2334 2347
2552 2624
1947 2247
2161 2491
2101 2438
1465 2542
2315 2333
2299 2575
2192 2202
2054 2419
1959 2434
2410 2476
2033 2347
1946 2428
2073 2353
2279 2283
1926 2191
2124 2190
2060 2206
2053 2273
2046 2492
2351 2609
1939 2344
2202 2389
2033 2654
2084 2387
2122 2124
2133 2224
2107 2587
2253 2290
1971 2233
2125 2434
2253 2560
2002 2510
1465 2199
2461 2629
2039 2629
2347 2363
2500 2623
2356 2526
1959 2215
2172 2542
1984 2423
2157 2538
1912 2648
2021 2369
2123 2213
2244 2646
2145 2566
2039 2127
2127 2458
2373 2411
2187 2283
2077 2323
2326 2630
2067 2476
1943 2495
1577 2062
2074 2646
2559 2654
2340 2500
2477 2564
2307 2606
2032 2042
2069 2093
2203 2529
2220 2563
2518 2642
2032 2445
1912 2335
1912 2353
2233 2261
2010 2241
1577 2068
2039 2264
2199 2510
2395 2504
1922 2160
2485 2504
2369 2468
2593 2600
2047 2319
2138 2368
1993 2276
1912 1937
1926 2111
2123 2240
2069 2543
2206 2395
2279 2292
2122 2638
2326 2526
1959 2032
2539 2575
2081 2377
1964 2361
2590 2613
2499 2526
2074 2244
2638 2655
2414 2504
2038 2189
1985 2573
2030 2414
1962 2536
2266 2593
2271 2564
2112 2602
2043 2410
2238 2361
2190 2229
1953 2078
1920 2510
2344 2642
2289 2567
2151 2351
1984 2408
1912 2529
2071 2180
1923 2176
2516 2555
1954 2344
1962 2409
2103 2615
2438 2458
1923 2480
2138 2445
2526 2600
1912 2477
2326 2560
2441 2558
2125 2282
2334 2363
2409 2504
2212 2464
2392 2556
2068 2471
2458 2511
2574 2624
2063 2074
2107 2562
2103 2118
1912 2299
2347 2522
2294 2616
1929 2615
2266 2625
2063 2604
2464 2607
2299 2559
2038 2372
2206 2546
2223 2254
2203 2267
2045 2331
2578 2625
2142 2546
2469 2560
1912 1925
2102 2127
2324 2354
2117 2461
2033 2460
2093 2374
2122 2200
1943 2005
2240 2352
2128 2555
2098 2631
2118 2464
2276 2561
1718 2436
2607 2638
2289 2461
1971 2112
2646 2654
2196 2325
1951 2378
2006 2061
2150 2329
1981 2072
1912 2633
2059 2552
1986 2266
2485 2593
2211 2318
2464 2575
2112 2464
2068 2249
2206 2216
2398 2567
2414 2600
2184 2392
2419 2637
2600 2602
2138 2508
1983 2604
2280 2396
2468 2485
2414 2601
2434 2458
2058 2586
2328 2543
2045 2218
2007 2279
2153 2588
2190 2290
1941 2191
2081 2603
1912 1955
1962 2210
2007 2343
2117 2325
2188 2206
2038 2198
2172 2489
2278 2593
2299 2579
2046 2354
2059 2575
2026 2508
2060 2244
1940 2039
1912 2233
2090 2326
2069 2374
1993 2559
1917 1946
2433 2560
2378 2417
2446 2492
2200 2554
1962 2428
1979 2037
1912 2488
1971 2381
2131 2564
2376 2549
1976 2268
1954 2149
1912 2425
2206 2613
1941 2563
2148 2458
2165 2604
2033 2532
2093 2118
1917 2477
2088 2307
1963 2354
2480 2610
2461 2471
2460 2468
2020 2115
1951 2018
2376 2655
1983 2123
2250 2355
2047 2242
2174 2653
2504 2586
1919 1931
2054 2372
2399 2463
2283 2302
2329 2536
2083 2381
2311 2340
2207 2515
2240 2353
2264 2547
1985 2407
2428 2489
1957 2061
2128 2267
2309 2446
2228 2488
2127 2302
2183 2289
2076 2444
1928 2378
2559 2601
2088 2164
2180 2347
1983 2073
2074 2546
2253 2559
2364 2627
2332 2399
2537 2652
1962 2093
2054 2491
2394 2396
1997 2506
1982 2327
2042 2598
1718 2125
1985 2081
2267 2285
2192 2640
2241 2567
2201 2331
1946 2131
2242 2642
2006 2627
2274 2396
2502 2519
1970 2605
2087 2463
2123 2631
1986 2575
1941 2609
2294 2384
2126 2570
2460 2492
2064 2201
2246 2438
1954 1973
2134 2398
2096 2132
2129 2614
2340 2484
2007 2137
2476 2507
2059 2428
2133 2351
2348 2630
1912 2078
2206 2482
2387 2449
2253 2484
2504 2507
2331 2607
2414 2430
1964 2149
1946 2233
2510 2592
2376 2625
2098 2553
2203 2289
2292 2465
2064 2229
2069 2590
2092 2576
2232 2589
2381 2590
2163 2582
2608 2629
2148 2327
2115 2462
2184 2526
2200 2404
2202 2447
2127 2398
2390 2511
1959 2153
2202 2346
2045 2423
2521 2556
2429 2561
2122 2139
2169 2642
1918 2374
2128 2351
1916 2399
2395 2549
2056 2275
2057 2511
2046 2233
2414 2464
2030 2229
2404 2495
2131 2482
2261 2299
2257 2630
2036 2133
2302 2338
2131 2507
1942 2084
1912 2185
1923 2557
2148 2302
2627 2648
2218 2300
2007 2472
2074 2356
1945 2338
1997 2654
1925 2578
2507 2520
2140 2615
2038 2512
2192 2659
2118 2326
2363 2575
2007 2148
2347 2399
2063 2423
2121 2290
2042 2128
2458 2592
2367 2608
2045 2573
2347 2623
1993 2033
2573 2611
2084 2323
1957 2640
2098 2573
2122 2340
2052 2333
2040 2611
2033 2237
2319 2491
2206 2376
2074 2112
2103 2278
2199 2273
2153 2471
2118 2266
2165 2546
1980 2365
2104 2601
2289 2588
2137 2282
1988 2650
2347 2395
2233 2258
2501 2603
1962 2604
1954 2328
2109 2601
2275 2460
2138 2458
2187 2295
2021 2030
2005 2164
2038 2406
2280 2592
2303 2526
1913 2355
2000 2364
2224 2519
2489 2539
2190 2593
2308 2324
1718 2343
2307 2374
2094 2245
2218 2354
2192 2365
2292 2592
2400 2629
1959 2336
1980 2097
2143 2420
2275 2391
2268 2530
1972 2583
1926 2071
2448 2628
2084 2109
2063 2244
1953 2331
2216 2611
2124 2374
2412 2570
1940 2384
2279 2282
1940 2028
2104 2381
2187 2194
2064 2088
1939 2111
2039 2268
1951 2024
2039 2609
2187 2471
2247 2302
2020 2391
2081 2273
2088 2154
1962 2266
1985 2347
2026 2607
1976 2157
2300 2601
2340 2495
1929 2112
1976 2171
1962 2600
2620 2658
2408 2611
2080 2193
1973 2365
1938 2370
2201 2624
2377 2582
1945 2068
2004 2659
1912 2359
2354 2430
2601 2646
2063 2602
2201 2220
2414 2623
2342 2450
2267 2394
1997 2352
1912 2010
1981 2029
2309 2521
1912 2357
2122 2165
2134 2336
2022 2365
2061 2658
2054 2196
1968 2658
2401 2622
2327 2567
2253 2556
2049 2313
2253 2329
2135 2187
2187 2268
2136 2611
2469 2654
1984 2172
1983 2210
1973 2660
2414 2604
2241 2475
2511 2533
2016 2645
2294 2525
1938 2590
2134 2471
2038 2133
2123 2506
2064 2300
2188 2559
1985 2261
2278 2446
1972 2620
2512 2588
2376 2600
2033 2064
2077 2560
2064 2404
2414 2478
2206 2573
2327 2597
2543 2586
1983 2240
1914 2225
2108 2507
1718 2028
2111 2196
2089 2397
1987 2194
2299 2591
2209 2480
2010 2087
2414 2467
2104 2539
2133 2399
2194 2508
1946 1953
2089 2236
2334 2393
1994 2332
2007 2351
2379 2635
1973 2633
1942 2476
2278 2532
2037 2112
2064 2521
2266 2311
2071 2199
1999 2006
2324 2430
1953 2324
2119 2558
2124 2602
2115 2150
2124 2381
2506 2575
2477 2593
2463 2617
2029 2182
2056 2220
2409 2468
2266 2559
1983 2363
2306 2560
2083 2624
2330 2510
2125 2451
2064 2561
2340 2374
2040 2266
2024 2659
2159 2583
1984 2276
2246 2511
2352 2586
1917 1918
2040 2090
2045 2607
2201 2539
2244 2430
1985 2563
2028 2533
1991 2022
2504 2554
2304 2377
1943 1993
2122 2433
2108 2586
2496 2629
2069 2369
1948 2247
2118 2604
2060 2104
2140 2575
2190 2539
2244 2253
2509 2511
2060 2108
2275 2561
2233 2526
2298 2516
2376 2395
2604 2619
2103 2446
1971 1984
2200 2573
1959 2567
2154 2625
2590 2591
2266 2467
2138 2189
1953 2218
1926 2302
2192 2645
1989 2244
1912 2204
2151 2344
2133 2368
2112 2352
2607 2646
2223 2516
2043 2391
2211 2525
2157 2192
2039 2189
2485 2573
2210 2607
1938 2615
1943 2063
2020 2347
2425 2557
1983 2409
1958 2538
2078 2573
2005 2030
1954 2133
2326 2539
2078 2489
2462 2561
1917 2655
1925 2329
2433 2615
2280 2294
2072 2594
2199 2547
2090 2573
1935 2000
1925 2229
2081 2608
1970 2153
2357 2562
2188 2446
2148 2465
1927 2297
2134 2279
2290 2404
1989 2323
2377 2451
1993 2615
2313 2534
2181 2357
1920 2127
2233 2369
2241 2589
2477 2638
2300 2323
1946 2118
2257 2543
2176 2642
1984 2446
2345 2453
2469 2549
2428 2464
2201 2257
2294 2463
2326 2409
2111 2516
2123 2482
2043 2600
2032 2336
2500 2506
2123 2308
1964 2185
2043 2506
1971 2521
2306 2339
2088 2546
2464 2638
1935 2225
2384 2417
2133 2642
1938 2654
2184 2478
2155 2501
2068 2283
2142 2625
2183 2543
2386 2408
2225 2494
2084 2139
2029 2199
1986 2122
1912 2228
1946 2376
2133 2398
2500 2655
2343 2436
2368 2501
2384 2501
2389 2626
2132 2461
1941 2617
2161 2235
2604 2611
1959 2138
2072 2161
2056 2266
2575 2586
1938 2482
1912 2532
2121 2395
2093 2593
2370 2546
2235 2394
2309 2575
2233 2520
1941 2123
2133 2214
2021 2574
2411 2488
1997 2339
2225 2645
2072 2396
2298 2543
2194 2567
2257 2278
2430 2542
1972 2027
2387 2532
2309 2408
2419 2608
2254 2385
1918 2654
2134 2285
2207 2486
1979 2543
2220 2414
2039 2598
1920 2125
2253 2654
2235 2254
2037 2200
1983 1986
2093 2600
2132 2243
2300 2414
2260 2341
2354 2429
2188 2428
2512 2543
1983 2220
2389 2610
2038 2510
2126 2146
2090 2542
1984 2190
2032 2519
2532 2542
1926 2153
2229 2500
2221 2438
1968 2143
2093 2391
2307 2578
1993 2123
2410 2655
1912 2518
1925 2655
2002 2128
1979 2276
2408 2624
2294 2509
2188 2550
2253 2549
1912 2209
2022 2447
2084 2467
2052 2461
2341 2659
2196 2496
2086 2543
2122 2604
1912 2645
2040 2348
2445 2511
2271 2625
2005 2139
2063 2307
2290 2559
1984 1997
2369 2500
2268 2292
2619 2630
2040 2386
2233 2350
1932 2445
2201 2560
2415 2479
2033 2278
2111 2292
2171 2447
2154 2407
2002 2434
1989 2300
2199 2328
2127 2254
1912 2053
2087 2629
2007 2038
1916 2598
2347 2460
2218 2244
2150 2623
1946 1962
1993 2591
1960 2035
2377 2518
1985 2359
2482 2600
2007 2330
2543 2544
2069 2615
1993 2340
2183 2594
2148 2283
2332 2543
2045 2521
2018 2459
2084 2409
2083 2142
2068 2328
2588 2616
2266 2489
2109 2477
2123 2376
2308 2478
2327 2511
2543 2555
2073 2469
2047 2194
1983 2376
2258 2559
2484 2526
1955 2445
1912 2004
2340 2369
2307 2410
1984 2201
2271 2578
2150 2370
1939 2332
2121 2564
2009 2116
2509 2642
2359 2395
1972 2645
1983 2526
2244 2331
2356 2550
2038 2508
2088 2275
2108 2123
2420 2451
2174 2537
2324 2556
1923 2145
2111 2543
2324 2329
2031 2419
1989 2083
2202 2620
1917 2428
2417 2538
1942 2058
2200 2552
2354 2590
2093 2381
2509 2617
2064 2418
2299 2347
2123 2381
2218 2550
2224 2501
2244 2257
1929 2201
2180 2336
2062 2344
1991 1998
2045 2064
1927 2284
2500 2624
2300 2464
1998 2225
2590 2619
2110 2394
2184 2593
2233 2339
2307 2563
2271 2624
2389 2616
2436 2471
2428 2559
2037 2188
1923 2209
2129 2402
1984 2414
2221 2384
2264 2394
1948 2111
2506 2600
2220 2306
1990 2286
1918 2244
1947 2434
2083 2084
2430 2607
2072 2533
2054 2649
2127 2508
2092 2409
1987 2268
2078 2499
2180 2543
2189 2327
2223 2445
2125 2283
2122 2625
1912 2446
2134 2268
1979 2216
2048 2425
1953 2309
1926 2368
2190 2276
2121 2559
2149 2445
2287 2495
1465 2332
2285 2567
2073 2590
2042 2250
2138 2465
1997 2109
2302 2461
2347 2462
2214 2288
2190 2573
2045 2395
1970 2384
2035 2236
2463 2582
1939 2081
2243 2501
2071 2347
2018 2337
1938 2124
2052 2319
2546 2623
2364 2657
2149 2475
2252 2282
2201 2611
1938 2386
1953 2271
2233 2257
2077 2253
2230 2283
2087 2223
2073 2244
2247 2629
2378 2647
2212 2410
2346 2636
2142 2307
1936 2047
2108 2331
2458 2543
2131 2543
2040 2369
1922 2107
2131 2266
2264 2537
2109 2123
2507 2593
1577 2327
2368 2458
2088 2374
1962 2630
2180 2187
2573 2604
1953 2077
1923 2272
1939 2384
1926 1945
2088 2334
2266 2428
2140 2359
2154 2359
1959 1981
1940 2302
2180 2465
2512 2560
2564 2630
2498 2610
2464 2543
2059 2574
2429 2546
2145 2659
2190 2374
2332 2598
2039 2169
1944 2289
1971 2309
2025 2627
2144 2384
1919 1968
2266 2564
2428 2552
1918 2287
2014 2284
1943 2546
1990 2049
2149 2351
2112 2150
2128 2310
2553 2615
2131 2630
2047 2071
2005 2468
2220 2469
2183 2241
1465 1718
2068 2582
1912 1941
2287 2370
2045 2369
2005 2428
2150 2324
2639 2640
2169 2629
1945 2336
2273 2567
1955 2547
2180 2498
1993 2578
2304 2368
2381 2526
2396 2509
2295 2519
2174 2463
2063 2103
1924 2259
2283 2518
1929 2556
2038 2598
2064 2309
2089 2618
1912 2294
1920 2259
2083 2433
2433 2638
2040 2323
2139 2354
2346 2645
2086 2326
2404 2477
2125 2327
2279 2368
1912 2048
2213 2369
2365 2636
2633 2645
2111 2148
2293 2302
2030 2069
2285 2547
1912 2512
2233 2300
136 2337
2004 2645
2289 2533
2081 2509
2226 2367
1938 1997
2083 2655
1938 2630
2117 2268
2074 2624
2211 2612
2395 2542
1920 2138
1955 2239
2218 2308
2083 2593
1971 2485
2408 2638
2240 2244
1941 2642
2220 2559
1914 2000
2294 2547
2072 2315
2430 2478
2510 2597
1917 2056
2313 2371
1963 2553
1929 2410
2038 2223
1918 2591
2020 2638
2086 2139
2103 2478
2244 2655
2057 2149
2093 2423
2077 2526
2046 2559
2104 2150
2073 2095
136 2279
2300 2630
1932 2511
2020 2290
1941 2643
1979 2339
1993 2088
2546 2638
1978 1990
2240 2574
2302 2462
1964 2608
2010 2629
2069 2218
2215 2501
2336 2592
1993 2532
2243 2518
2037 2043
1925 2554
2088 2118
1941 2323
1971 2237
1975 2313
2122 2374
136 2009
2398 2547
1921 2657
1912 2612
2325 2366
2068 2475
2213 2309
2345 2610
2359 2520
1989 2266
2102 2372
2135 2283
1941 2127
2339 2576
2007 2302
2303 2478
2449 2623
2376 2446
2222 2390
2216 2492
1997 2218
2063 2086
2323 2410
1960 2411
2491 2592
2056 2300
1718 2598
2043 2086
2007 2147
2138 2289
2090 2340
2283 2508
2315 2642
1962 1984
2304 2475
1983 2046
2169 2419
2169 2294
2257 2593
1999 2647
2030 2370
1941 2516
2222 2327
2034 2421
2111 2343
2108 2460
2152 2388
2414 2506
2074 2354
2121 2139
2260 2659
2311 2539
2117 2653
1942 2164
1986 2507
1577 2047
2047 2567
1966 2550
2354 2499
2210 2604
2285 2461
2117 2420
2136 2370
2102 2616
2287 2464
1954 2087
1920 2053
1917 2468
2134 2511
2109 2586
1985 2602
2064 2276
1963 2339
2033 2593
1943 1963
2018 2636
2381 2630
2088 2309
2055 2218
2047 2475
2543 2619
2202 2365
2018 2024
2189 2649
2412 2656
2063 2410
1979 2063
2184 2591
2115 2309
2224 2345
2246 2643
2128 2502
2005 2654
1914 2001
2084 2559
2104 2600
2125 2246
2078 2600
2225 2620
2169 2279
2396 2491
1965 2176
2264 2338
2002 2081
2121 2307
2590 2646
2271 2574
2140 2404
1979 1997
2266 2386
2313 2618
2447 2657
2049 2644
2077 2136
2410 2560
2095 2520
1962 2564
2299 2324
2111 2198
2157 2225
2074 2560
2495 2559
2586 2615
1938 2095
1971 2121
2410 2623
2084 2578
2118 2553
2037 2561
2395 2655
2304 2511
2526 2655
2190 2579
2083 2200
2464 2606
1953 2216
2132 2183
2339 2623
1912 1995
2627 2639
2076 2207
2103 2300
1953 2369
2095 2615
2001 2061
1993 2086
2073 2646
2386 2395
2020 2356
2150 2646
2042 2385
2328 2594
2417 2543
2451 2543
2507 2619
1934 2361
2007 2508
1916 2344
1998 2009
2140 2495
1939 2333
2078 2430
2354 2646
2007 2086
2560 2606
2542 2630
1917 2150
1985 2542
2244 2590
2342 2628
2359 2482
2069 2561
2041 2634
1928 2018
2297 2647
2363 2374
2190 2381
1943 2220
2102 2588
2561 2564
1991 2378
1941 2199
2033 2055
2501 2598
2047 2598
2217 2313
2212 2551
2125 2372
2037 2179
2124 2433
2077 2593
2206 2309
2306 2655
2398 2401
2290 2418
2047 2425
2179 2278
2319 2567
1959 2328
2428 2611
2150 2287
2274 2328
2199 2246
2590 2604
2172 2408
2086 2539
1912 2347
2216 2560
2328 2415
1912 2069
1923 2185
2275 2586
2154 2423
2478 2551
2200 2237
1932 2125
2226 2416
1954 2203
2472 2533
2377 2516
2289 2417
2201 2404
1925 2409
2060 2370
1966 2600
2218 2348
2063 2553
2282 2328
2294 2451
1912 1987
1941 2462
1940 2598
1963 2460
2068 2537
1718 2111
2126 2335
2131 2142
2289 2445
1939 2304
2064 2108
2133 2232
2009 2657
2253 2326
2059 2063
2005 2624
1919 1973
2586 2623
1980 2171
2327 2555
2073 2326
1989 2619
2174 2419
2170 2426
2501 2543
1984 2142
2257 2631
1941 2033
1926 2087
