0 211
23 144
252 325
0 229
203 331
13 199
122 322
136 146
122 203
311 325
98 238
125 136
0 189
85 271
25 271
140 312
194 346
188 323
79 188
285 322
172 268
105 315
1 92
122 141
59 186
8 259
25 79
239 322
103 252
123 252
236 271
56 297
55 277
17 115
23 227
203 332
9 185
222 240
1 194
104 271
200 203
44 343
109 239
300 346
63 261
0 295
103 271
229 334
67 261
25 277
64 189
53 213
211 331
136 156
7 291
30 178
254 330
0 224
53 248
103 185
80 94
44 312
93 137
158 232
141 304
123 334
85 156
132 303
277 308
24 80
0 218
118 199
158 339
122 251
271 325
98 332
13 21
0 144
143 225
23 237
98 123
60 285
105 257
105 236
59 239
14 115
186 188
303 322
224 276
59 250
25 104
49 192
0 41
39 277
236 314
66 142
128 170
26 322
55 203
86 225
92 187
185 271
306 328
92 266
26 291
0 15
41 214
0 32
122 239
9 231
50 334
26 271
9 30
120 277
21 127
115 192
7 213
170 332
0 204
0 39
53 92
180 187
188 291
170 323
0 84
0 52
239 276
324 331
17 326
55 170
109 322
56 261
134 203
124 170
144 312
128 211
0 312
170 322
7 340
57 346
26 276
98 276
49 255
212 295
0 291
21 134
82 211
102 227
9 199
231 280
118 211
26 285
299 302
109 148
106 238
40 322
98 325
56 88
165 169
151 310
9 85
31 142
199 304
0 134
39 313
62 239
101 242
56 188
78 218
0 261
53 317
203 239
31 338
227 263
172 265
0 323
67 315
119 261
53 191
22 347
0 246
119 176
56 231
40 224
23 51
113 121
165 188
199 232
0 55
313 315
199 325
0 149
261 297
103 169
31 304
98 172
0 123
80 88
5 213
109 119
181 306
53 101
21 251
118 277
0 85
128 313
252 324
9 142
0 210
238 325
199 238
0 251
0 139
0 108
94 101
146 313
199 324
142 308
40 274
200 236
146 285
186 331
315 345
13 67
21 334
170 313
82 252
127 320
25 322
272 291
252 332
1 88
122 276
248 291
128 176
0 124
63 313
0 338
104 188
92 299
185 280
212 298
186 277
96 213
9 188
143 227
92 94
156 235
304 308
181 195
0 200
85 176
113 342
323 332
67 156
133 315
88 178
134 238
239 313
17 19
272 285
25 141
136 308
200 280
99 175
184 320
170 252
80 266
0 58
163 173
81 286
211 268
21 88
130 329
6 319
13 109
67 345
67 200
50 277
266 302
56 341
280 323
36 197
195 218
0 117
128 172
322 323
130 277
223 315
56 325
180 196
99 296
211 313
313 314
0 65
122 188
0 325
45 200
0 23
79 271
25 103
232 322
185 315
3 72
199 271
0 209
140 214
82 158
0 109
21 123
213 231
280 291
25 224
57 242
224 322
0 119
115 343
0 223
7 31
180 346
211 261
170 203
4 328
14 116
122 224
184 272
122 332
0 168
21 184
136 315
165 200
199 288
220 312
0 114
40 231
115 326
67 272
82 118
56 122
82 313
302 346
140 144
62 322
224 236
239 277
56 66
40 169
130 322
258 272
180 302
98 118
211 325
48 332
0 333
199 222
177 227
9 200
53 346
0 199
203 270
249 299
119 313
277 339
1 346
122 142
21 271
29 82
30 56
280 329
308 334
291 339
127 281
141 224
142 170
167 337
53 254
0 62
122 156
187 242
100 323
132 158
154 219
188 290
265 271
308 329
25 323
0 336
29 203
203 342
67 248
101 204
9 105
1 236
67 277
137 214
67 104
38 117
113 119
2 343
130 204
98 277
196 249
57 320
56 272
88 106
122 281
223 252
214 326
0 315
21 284
98 331
134 334
304 322
0 152
297 323
91 201
67 142
98 285
0 207
309 320
13 119
21 197
200 323
187 299
203 313
112 174
9 203
271 297
118 200
119 163
21 280
109 285
85 258
213 272
14 20
16 29
23 175
271 280
0 170
40 317
109 142
27 324
226 326
132 315
271 298
184 329
98 239
41 226
186 222
17 111
186 223
1 119
152 275
261 318
238 265
116 326
82 169
185 322
113 199
188 224
65 314
170 211
281 284
75 85
187 302
184 346
26 170
57 80
0 118
122 235
116 144
0 70
107 171
194 254
56 59
0 316
25 272
9 295
197 329
62 186
290 322
80 213
213 224
257 322
111 337
334 339
26 295
53 260
56 332
57 277
0 86
82 261
0 13
56 239
170 186
212 239
56 172
82 170
261 265
26 224
25 169
56 134
61 193
280 315
4 275
129 347
48 330
8 91
0 257
14 326
284 329
277 332
71 230
290 323
0 233
46 143
67 196
243 310
98 313
25 130
212 344
246 339
78 328
14 41
180 204
172 342
200 252
19 89
75 304
203 265
200 277
200 334
0 255
71 307
0 271
299 330
72 298
161 199
161 339
208 291
55 200
252 308
194 249
4 218
26 158
46 278
119 170
3 188
165 342
20 326
67 82
45 186
271 331
9 119
238 261
242 249
67 72
72 132
186 271
21 272
26 304
