417 538
432 497
434 490
395 423
353 400
525 526
360 362
428 456
419 471
484 538
463 500
402 523
488 524
513 525
466 522
475 483
432 510
355 412
484 503
391 566
357 518
370 520
460 475
391 491
376 515
353 419
373 520
409 538
388 452
446 475
543 570
402 515
497 524
364 441
394 513
412 461
524 542
431 559
456 561
457 509
458 475
387 506
408 412
492 561
475 482
376 519
353 370
438 559
516 518
460 515
348 448
348 526
407 563
412 456
348 378
469 516
432 559
359 474
374 500
408 456
507 566
412 428
419 544
469 563
424 509
419 503
376 463
497 537
359 530
430 432
458 555
428 570
348 447
473 495
398 479
483 561
457 518
350 563
419 513
368 479
373 502
391 460
396 474
481 555
382 470
388 465
494 503
398 497
456 527
440 493
442 531
500 514
439 445
359 455
362 560
363 565
408 511
368 493
376 431
408 559
471 566
463 535
348 494
537 538
525 561
431 515
360 514
480 543
374 567
353 493
376 544
378 452
433 455
387 513
543 546
373 397
420 439
479 538
482 553
402 514
370 374
502 548
373 417
370 431
373 376
369 554
452 465
434 456
364 476
348 506
374 566
482 497
402 559
354 547
395 419
410 463
373 497
426 546
422 504
453 468
378 506
400 506
419 484
354 510
381 486
380 424
357 516
354 452
423 567
445 487
425 477
398 526
391 502
413 535
419 431
482 556
544 553
477 518
460 524
487 493
456 511
348 512
367 547
350 369
436 527
391 490
419 505
348 554
370 438
362 495
348 354
481 539
402 463
438 488
487 492
348 426
431 561
396 555
348 350
484 497
348 508
404 525
374 378
412 500
388 537
460 479
373 465
366 538
363 515
455 568
388 412
391 431
359 531
397 418
391 525
463 570
360 463
458 482
546 563
425 523
361 531
372 543
436 461
390 450
458 507
374 559
517 525
500 506
428 508
512 561
461 475
430 465
547 548
404 538
464 552
400 553
402 507
511 525
496 514
394 515
420 566
417 460
403 553
376 500
392 482
538 560
479 513
494 526
348 469
353 559
414 556
493 512
437 532
382 474
394 438
473 539
380 389
352 409
475 553
438 523
446 491
370 492
353 462
370 548
461 567
363 493
439 527
422 432
366 402
360 520
420 483
388 497
348 422
350 519
436 524
439 475
423 473
363 370
488 497
549 563
422 545
426 455
483 496
484 514
348 542
348 489
376 492
513 553
493 538
422 497
373 527
354 481
373 563
536 561
359 475
431 545
475 513
348 383
348 564
392 483
483 535
394 488
370 439
370 416
387 520
392 460
353 432
475 524
359 452
471 524
373 566
434 559
376 491
361 557
417 456
513 561
374 483
353 408
397 504
364 393
367 396
425 439
469 551
480 563
455 497
523 545
374 412
370 465
542 553
404 487
434 496
348 359
503 524
522 568
407 528
513 514
454 564
353 431
484 566
400 539
527 538
356 472
348 568
439 542
438 444
421 487
355 553
350 546
391 553
436 484
497 565
368 462
445 520
349 478
417 465
372 545
503 525
412 565
544 559
376 420
403 497
487 559
353 526
484 559
417 500
480 540
366 483
370 506
425 553
543 563
432 506
360 565
433 528
395 561
523 524
512 538
548 556
391 527
417 428
408 537
376 388
492 524
394 544
396 547
387 507
479 484
366 520
348 547
417 537
361 450
465 559
363 482
462 493
376 566
458 515
391 517
400 515
475 519
391 497
408 439
477 563
398 503
471 561
430 553
523 544
537 561
420 451
421 445
432 553
198 351
368 503
357 563
366 446
387 514
378 496
352 484
503 537
389 435
357 551
419 492
546 547
387 517
412 431
423 500
445 460
386 532
422 474
419 483
507 514
432 507
436 525
419 518
436 561
376 391
493 494
509 554
359 546
437 453
428 431
434 506
360 558
479 520
460 543
510 553
460 508
456 494
497 561
400 524
458 510
376 523
423 561
368 375
372 547
475 523
367 416
394 538
395 567
355 455
486 505
506 553
353 538
374 556
359 403
439 473
370 373
489 519
348 364
434 475
348 561
400 514
353 566
376 412
496 508
432 483
492 497
415 428
462 532
389 505
404 415
348 398
484 527
506 557
388 415
363 561
391 492
375 404
376 396
422 460
355 546
460 463
534 563
388 463
348 376
417 524
370 402
354 555
492 515
400 414
495 507
553 565
482 506
515 545
456 493
500 563
434 566
428 482
517 526
409 460
198 348
394 436
405 568
430 503
488 513
355 376
470 562
373 463
348 362
475 563
508 544
444 544
475 500
483 560
373 450
553 556
348 556
376 567
431 525
387 544
475 556
400 404
366 434
408 461
421 444
374 439
413 448
496 517
527 553
395 495
378 391
367 555
362 492
499 532
423 517
414 559
354 359
403 555
460 473
434 534
372 444
376 465
373 483
374 431
500 521
471 567
409 561
373 392
471 559
374 418
431 511
504 522
412 473
412 561
512 515
392 428
428 526
553 559
474 475
348 358
373 500
350 504
511 566
392 542
444 523
402 561
474 481
531 563
374 465
457 554
378 426
414 542
391 500
366 513
507 520
436 438
389 509
428 523
367 422
362 463
391 493
531 547
473 527
351 454
438 553
376 460
461 497
484 500
387 402
397 570
352 431
348 553
475 507
455 500
348 449
493 526
463 481
417 560
357 369
370 567
537 545
397 426
482 525
416 569
396 422
409 536
357 389
348 503
363 559
404 452
378 394
398 525
452 544
417 503
391 446
348 410
378 513
449 563
488 559
432 557
485 518
463 504
471 563
414 558
503 538
348 432
484 494
348 520
475 565
397 444
388 493
418 555
412 430
490 502
494 497
506 545
366 515
428 497
415 444
504 531
380 457
429 455
376 559
374 506
420 553
374 444
376 419
355 543
427 496
511 561
434 436
504 570
506 508
417 497
354 470
353 513
370 497
348 572
481 489
362 542
473 556
489 546
348 463
352 408
538 559
517 566
506 524
446 482
363 507
395 461
397 509
374 417
395 542
522 531
363 506
387 556
431 503
373 548
522 546
404 428
372 460
428 479
482 483
425 479
420 430
431 475
416 563
348 430
409 512
353 537
370 544
388 487
449 480
348 427
426 563
348 560
495 514
413 465
511 559
376 473
348 466
408 419
366 539
372 429
391 438
348 423
387 567
542 556
412 487
495 570
536 538
415 445
366 526
355 410
426 524
363 514
416 430
359 422
376 526
348 360
404 545
348 546
376 489
391 456
365 520
421 563
348 534
475 546
434 517
395 436
430 484
385 436
396 557
397 516
375 493
426 431
404 536
492 537
394 492
395 417
387 561
473 560
415 460
475 489
395 537
357 486
408 512
391 559
460 523
357 469
382 500
470 531
475 521
388 421
456 538
421 558
504 507
512 526
388 557
432 566
399 501
492 517
417 566
395 497
506 561
475 517
359 562
363 444
373 408
460 514
373 496
504 510
456 525
423 553
445 556
455 565
387 415
460 547
477 554
348 511
402 567
450 500
348 421
415 463
400 456
407 543
432 571
416 497
492 506
348 459
475 496
352 542
348 537
500 527
489 557
432 527
376 400
559 566
402 553
387 524
427 464
470 519
421 545
400 525
376 428
430 456
400 484
473 542
348 349
455 541
360 570
392 500
407 490
419 486
460 465
448 460
374 561
428 473
374 504
367 548
381 551
500 555
456 496
418 557
527 559
438 495
353 560
395 465
394 475
408 409
403 546
508 534
412 423
418 510
355 403
373 414
503 556
503 527
525 567
432 438
430 497
354 557
402 563
513 537
487 556
362 412
398 408
412 503
516 554
414 515
471 569
348 536
402 493
450 548
353 542
395 422
455 539
376 553
436 563
355 418
400 419
366 395
423 484
438 521
563 566
503 542
348 479
348 471
500 507
513 563
348 562
519 531
348 513
366 378
366 431
392 567
497 557
510 555
504 548
526 553
444 449
368 536
542 559
436 553
392 538
352 525
484 520
531 570
360 461
366 493
434 488
396 450
445 492
378 517
467 572
421 504
450 463
408 493
543 545
428 545
474 500
398 536
435 497
368 526
440 479
439 566
504 528
517 545
462 525
373 545
507 544
439 567
432 561
373 492
372 410
348 377
417 479
433 563
397 457
397 554
374 524
348 465
511 517
475 506
475 567
417 461
412 432
538 561
456 495
421 500
444 495
392 553
364 399
378 492
431 472
473 515
451 561
529 531
506 513
352 503
355 361
414 436
370 527
348 500
350 384
430 493
487 525
348 484
433 533
396 519
348 458
388 483
496 553
436 517
426 471
524 544
504 521
455 546
428 506
369 455
392 431
492 500
395 452
416 567
514 520
366 373
517 553
391 483
34 428
370 458
484 517
458 489
392 404
348 509
415 542
456 473
456 506
350 561
528 553
427 563
507 524
353 514
502 539
429 504
451 465
367 525
376 507
361 519
419 537
459 516
363 409
368 525
460 506
512 545
400 566
479 536
392 430
544 561
428 484
361 475
444 556
389 457
363 527
465 507
435 555
419 452
373 391
504 514
419 440
475 555
413 415
370 428
442 523
500 513
477 485
461 506
350 531
438 514
483 559
376 517
560 561
348 462
418 506
348 397
417 513
366 559
367 481
409 456
432 465
431 440
348 569
378 497
395 460
431 483
475 487
475 481
367 378
432 570
434 492
348 415
449 504
428 512
367 474
395 400
465 525
485 563
415 558
456 545
350 426
425 427
381 509
445 542
355 555
367 546
539 568
374 451
497 503
352 398
404 419
494 537
392 514
402 422
368 559
396 548
404 494
506 521
497 560
504 553
414 423
465 544
360 442
400 465
412 537
428 567
392 560
462 487
465 475
419 559
439 517
348 533
457 477
430 526
361 396
353 483
368 538
366 430
355 481
390 539
422 481
370 419
387 428
434 458
412 484
375 431
378 500
378 487
348 549
451 514
367 502
469 540
412 525
402 415
432 525
391 514
373 421
412 513
445 495
439 477
396 410
531 546
512 556
560 565
466 481
428 514
489 555
404 421
470 555
366 460
398 484
432 455
409 517
490 548
479 561
374 482
348 403
455 563
532 572
428 438
402 425
456 553
515 517
376 538
438 556
348 519
461 544
430 483
514 544
370 461
348 499
357 505
392 525
407 510
348 442
382 555
438 506
455 553
370 378
402 495
483 497
391 548
374 497
353 430
431 436
400 445
397 563
494 559
392 475
368 408
451 506
360 523
400 438
472 567
392 456
405 563
465 567
438 473
360 555
404 440
348 425
503 553
354 497
431 432
348 530
348 439
419 527
357 554
409 419
482 507
417 567
420 567
436 566
412 527
540 560
544 566
479 492
352 493
391 465
376 436
360 553
391 488
400 408
482 484
511 512
507 557
407 458
510 563
376 395
376 524
374 463
425 520
376 513
409 412
379 532
417 506
503 517
515 527
414 513
479 517
548 555
408 520
376 481
366 496
515 557
444 488
423 465
463 542
370 469
450 497
494 536
504 539
398 493
360 567
348 352
398 445
402 438
398 545
446 487
506 519
402 465
404 512
474 557
459 518
376 413
360 495
422 553
376 394
436 478
492 560
423 538
537 569
423 525
478 508
483 553
538 566
462 494
505 509
479 493
507 526
537 560
355 500
361 376
557 570
348 409
506 520
359 481
370 412
431 434
348 570
389 459
438 546
418 568
348 396
395 524
431 471
436 496
507 570
487 503
411 498
374 527
360 438
413 461
376 556
348 436
513 567
376 497
412 520
514 537
402 436
355 402
402 413
398 409
402 513
460 558
428 430
387 408
404 482
360 422
397 420
408 517
520 524
349 508
518 554
370 452
465 517
455 543
348 515
504 544
524 559
368 497
417 508
439 520
463 555
421 543
388 445
359 555
520 563
497 515
409 503
451 544
420 537
348 493
382 547
348 478
392 503
366 497
423 503
436 465
400 415
431 492
375 479
456 567
431 538
348 541
399 564
350 527
513 523
428 436
396 546
425 428
373 428
412 434
419 422
452 555
450 475
348 385
438 497
391 524
404 409
504 555
416 432
438 483
376 475
500 547
397 544
527 542
398 494
430 569
408 440
414 506
378 524
391 512
366 408
483 507
423 436
497 566
423 560
483 520
395 536
412 549
366 553
373 439
348 399
422 570
422 561
395 559
348 437
366 404
497 546
456 520
431 462
362 570
362 371
359 557
365 556
452 500
391 414
430 541
460 559
354 396
434 515
390 475
483 527
474 546
415 473
428 559
525 559
465 495
370 432
400 567
389 486
450 452
513 515
422 523
461 553
473 479
452 489
355 547
360 402
484 560
370 414
506 507
397 458
417 515
439 525
497 570
408 561
465 538
424 486
412 494
453 498
370 515
376 417
408 438
561 565
426 531
403 470
471 515
428 432
513 527
361 470
414 465
419 561
457 459
367 491
348 405
391 539
362 473
363 463
395 451
398 512
460 461
355 489
376 444
476 501
363 366
436 559
348 571
198 364
380 518
505 551
353 520
479 527
439 507
566 567
396 403
436 506
409 493
400 500
432 471
465 524
445 500
376 402
397 510
402 542
400 538
348 524
432 545
412 517
403 515
528 563
403 452
438 511
419 540
373 471
353 540
355 470
432 444
385 423
409 497
412 526
444 545
397 402
426 510
348 495
391 482
376 557
348 467
431 566
414 475
380 516
374 510
423 527
497 513
420 556
376 405
426 504
438 563
500 566
507 513
391 513
444 503
368 398
563 567
412 542
475 547
440 484
472 533
410 568
363 553
396 570
470 507
409 542
473 561
428 515
417 542
352 536
395 413
445 535
417 475
514 569
418 497
475 527
353 417
419 525
428 524
348 468
404 496
359 489
368 553
418 544
376 452
506 563
359 470
423 456
424 469
370 542
500 546
348 417
461 492
402 458
461 513
348 482
354 397
198 393
378 456
393 501
375 525
511 536
376 496
460 570
387 438
525 548
463 547
414 434
458 553
434 523
493 557
471 507
436 483
376 397
475 525
431 487
479 559
482 565
430 514
173 427
376 434
348 516
483 544
452 497
378 495
353 544
475 488
475 557
436 492
465 483
433 510
481 547
444 570
385 461
360 412
466 529
388 438
461 465
370 471
408 500
422 455
376 450
531 543
368 416
402 543
405 418
487 500
436 513
388 566
374 475
465 503
484 513
391 563
493 497
493 537
402 432
495 542
366 412
441 476
500 531
500 537
428 517
352 404
374 570
483 537
444 531
396 568
387 412
417 492
504 571
419 493
198 399
348 488
423 506
428 460
395 430
436 523
348 393
404 431
404 537
348 402
439 456
373 390
373 561
438 524
368 409
376 426
348 490
394 414
422 546
404 456
517 537
369 509
531 568
378 515
372 455
374 515
553 561
510 533
409 521
395 421
422 520
348 491
419 475
493 536
433 504
398 538
531 555
483 494
348 525
370 475
497 523
353 446
368 527
460 520
373 515
348 457
542 567
395 520
506 566
348 522
520 542
402 451
373 431
361 530
461 561
366 484
428 475
460 507
463 517
493 539
428 500
370 417
389 419
431 536
515 555
355 519
405 513
431 456
483 513
488 496
430 566
459 563
394 408
360 561
458 470
369 551
378 484
428 434
497 538
395 514
378 514
423 430
388 500
402 460
439 471
398 488
348 374
395 513
394 398
475 515
525 542
500 525
372 531
400 511
432 563
428 542
381 457
407 533
391 475
368 517
368 412
413 463
428 444
388 503
357 419
478 496
378 559
366 400
507 523
348 517
378 566
496 497
408 428
483 524
353 388
544 545
479 515
465 473
417 559
412 438
353 482
369 563
384 464
370 413
367 489
355 397
500 548
444 483
500 542
362 460
364 564
400 421
374 535
432 544
504 529
348 502
416 557
403 489
357 397
412 496
493 517
422 555
449 507
554 563
430 439
363 487
419 538
361 463
376 482
363 455
419 551
373 475
373 525
432 514
404 556
435 551
500 503
483 500
489 531
425 570
395 402
420 507
423 431
362 445
465 500
517 520
488 511
360 444
520 570
404 526
395 560
348 361
465 561
556 559
463 531
376 561
526 561
391 428
483 563
497 567
360 376
471 553
355 460
360 415
450 481
483 487
483 567
353 497
451 563
381 469
525 563
481 531
504 506
348 373
355 452
469 486
348 523
389 469
370 387
423 475
369 389
455 569
373 402
492 559
348 387
394 517
398 511
456 503
373 425
415 520
419 430
545 563
352 456
348 507
446 539
348 400
461 520
353 460
504 547
432 482
508 520
348 474
348 545
423 523
416 503
360 395
363 497
481 504
450 557
474 531
455 529
497 510
348 521
348 372
420 484
348 371
348 414
412 560
497 507
452 531
422 547
373 524
488 512
509 518
415 465
544 556
388 492
375 398
465 526
410 500
404 559
536 545
388 450
498 532
466 504
428 461
456 566
524 566
417 507
404 408
475 561
395 431
430 563
373 436
497 506
348 456
368 374
445 463
395 408
425 460
376 432
363 432
367 452
423 461
348 450
374 507
408 487
488 556
423 428
417 493
519 547
354 450
492 495
373 567
402 520
348 351
400 559
438 561
466 539
457 469
370 525
366 391
376 438
461 463
514 561
377 383
438 456
465 557
34 414
429 481
456 523
392 559
414 500
380 486
438 452
508 541
428 563
408 488
479 525
348 388
363 517
455 522
506 525
348 518
348 368
404 465
475 490
525 536
370 540
416 494
429 531
539 560
431 527
507 545
376 514
367 553
348 529
353 394
412 544
350 552
506 527
456 513
348 476
375 408
373 400
465 566
412 569
376 458
374 514
412 533
417 514
412 559
432 546
500 556
512 560
446 490
445 493
482 548
348 532
392 497
520 544
496 507
173 414
403 519
490 491
412 548
513 517
412 418
446 483
477 516
348 379
474 548
516 563
366 394
420 465
397 541
526 566
374 414
428 511
451 471
412 414
563 569
451 493
507 510
354 474
522 529
417 556
460 482
437 572
348 543
408 526
348 406
514 548
415 535
417 483
450 474
397 518
506 559
412 515
34 348
488 527
553 558
363 367
348 527
408 514
505 554
517 538
391 544
432 452
441 501
198 476
402 482
353 409
520 561
414 427
456 563
513 524
452 506
370 456
496 523
375 503
348 496
523 561
436 475
542 560
465 493
350 497
392 436
406 437
378 527
366 514
363 374
441 564
439 538
395 527
398 430
386 401
456 484
400 497
553 569
460 566
492 503
479 483
511 538
363 524
451 567
373 395
524 561
431 512
355 475
430 559
404 542
395 398
348 558
438 517
516 551
450 489
524 553
369 457
348 366
521 544
473 535
348 411
517 561
473 503
483 542
363 461
524 525
507 561
405 531
496 515
374 569
352 494
404 483
422 483
354 458
452 519
397 543
416 419
378 475
418 481
438 460
509 551
431 563
419 424
421 457
518 563
455 506
414 553
348 528
370 566
353 517
412 417
363 436
348 412
431 484
458 496
465 513
400 493
369 477
431 497
457 551
398 456
461 524
392 561
412 538
514 517
198 441
378 465
471 475
493 507
378 553
519 555
362 413
348 555
545 559
348 438
363 378
376 446
495 558
553 560
418 475
503 561
500 538
359 361
392 493
503 557
492 513
435 459
372 568
387 406
452 507
348 446
493 514
412 483
439 458
376 471
394 400
508 542
456 460
452 521
392 412
493 559
413 445
436 556
373 498
415 556
348 428
519 557
455 557
415 545
373 438
357 424
463 557
444 473
382 452
439 544
348 492
428 544
380 505
409 494
396 531
463 473
397 557
537 559
412 442
363 525
374 391
395 506
417 553
555 557
451 503
522 539
438 493
173 348
492 566
348 566
527 567
402 558
503 566
456 537
461 507
400 513
421 493
381 389
395 479
400 492
475 491
348 418
526 538
436 488
444 559
355 531
397 432
409 487
367 376
428 553
376 488
369 469
416 537
363 475
440 456
348 363
445 473
348 514
360 548
353 487
475 559
422 444
514 566
348 498
396 481
348 510
444 460
513 566
412 481
438 507
400 417
414 544
451 507
517 559
492 544
361 489
394 559
416 500
544 563
505 516
444 445
384 552
382 410
352 375
397 485
524 567
348 365
373 517
348 389
423 492
378 414
460 495
504 562
394 512
407 433
395 456
418 553
397 506
412 512
402 444
348 501
488 553
363 521
512 525
374 513
388 559
509 516
369 435
486 516
354 382
394 479
395 471
355 557
370 507
373 378
369 397
497 542
469 497
369 407
378 412
515 566
363 385
400 512
436 497
404 560
553 555
461 517
418 547
387 570
439 506
423 444
491 502
407 426
417 444
373 507
400 412
493 556
419 516
389 551
424 435
497 525
491 548
376 563
354 489
387 400
431 514
543 558
353 492
496 565
475 531
523 570
367 519
397 507
404 503
513 559
438 461
523 534
373 491
414 524
440 449
348 381
484 511
372 570
398 561
348 504
493 500
360 543
408 483
348 483
438 503
388 444
423 537
446 517
444 520
395 538
391 556
361 562
370 483
460 517
360 524
400 487
444 513
395 412
374 565
559 567
469 505
545 553
372 558
360 497
378 400
431 506
374 553
354 519
417 561
417 445
431 517
450 547
373 456
437 463
514 527
439 444
391 484
437 467
348 544
348 392
373 544
369 381
348 445
361 500
525 527
348 404
372 421
463 475
348 538
465 487
397 483
398 517
438 475
373 528
348 391
439 500
397 481
463 489
410 475
412 567
388 475
391 567
471 513
512 513
370 553
365 408
348 407
412 422
412 528
439 553
392 473
348 433
418 514
374 544
469 554
363 483
378 488
399 441
504 543
497 545
360 428
492 553
467 532
370 436
420 513
525 538
373 542
449 543
368 378
349 434
418 465
367 475
348 531
426 525
363 368
395 523
374 523
381 554
439 487
348 485
348 370
545 558
475 545
430 451
391 515
363 417
420 524
412 566
547 557
354 500
395 515
385 524
402 428
431 482
348 367
381 419
370 563
348 452
403 510
546 555
444 506
424 554
362 373
350 528
460 553
391 417
515 524
372 530
375 526
354 531
370 397
395 553
353 373
374 432
422 489
34 173
488 517
439 451
395 488
376 525
424 457
412 492
428 507
461 523
430 561
437 462
494 538
436 507
394 503
394 542
407 513
458 545
402 506
404 479
399 476
511 545
359 547
446 492
450 539
408 473
402 508
510 513
373 446
528 543
371 460
414 438
483 493
360 388
500 520
507 565
348 408
484 537
370 555
497 520
373 473
479 511
408 431
419 517
363 373
398 559
374 430
492 538
452 557
372 422
432 504
373 434
404 445
420 563
425 534
440 525
348 472
439 461
444 500
368 419
461 527
402 524
392 465
419 469
364 501
434 497
520 545
418 432
382 403
363 566
512 536
408 525
398 412
421 465
483 503
407 455
553 570
355 396
514 538
417 517
376 414
484 526
465 511
392 537
397 469
415 421
460 542
432 475
475 548
374 492
452 546
450 519
417 511
374 461
353 503
383 387
409 526
388 513
412 504
495 544
524 565
363 388
425 563
359 405
438 465
362 415
374 420
369 378
481 519
486 509
348 535
484 493
363 419
483 506
422 438
461 542
360 373
363 484
404 484
360 387
514 524
414 561
400 420
355 373
429 529
404 506
412 547
395 404
475 492
394 556
367 566
378 483
426 513
198 501
376 542
353 561
493 566
465 537
442 544
350 484
428 549
396 489
412 524
409 525
408 503
417 495
493 561
419 565
375 538
547 555
428 492
546 557
374 456
348 429
460 563
391 561
388 548
445 560
375 409
395 545
440 508
456 517
376 439
373 423
387 395
378 563
360 506
438 446
354 376
353 412
363 538
456 524
545 561
370 392
360 460
478 534
418 504
370 561
506 517
374 438
173 464
397 421
506 523
369 380
559 561
459 551
363 412
461 525
541 568
373 388
374 526
400 537
462 517
349 534
496 513
392 556
512 517
387 417
397 449
425 456
348 505
376 547
506 544
429 466
484 536
529 539
423 556
460 560
517 524
412 455
460 535
504 513
360 417
374 460
388 404
348 424
540 559
366 492
428 520
387 465
395 438
392 506
421 570
423 559
373 374
456 512
376 548
438 520
465 542
410 474
475 544
359 376
410 555
408 513
465 471
348 419
376 490
387 523
376 423
353 420
412 493
460 544
404 444
428 465
376 487
374 419
359 491
397 422
348 394
374 517
363 376
450 531
412 506
537 566
370 415
479 542
360 510
551 554
460 492
395 483
348 548
531 557
446 515
541 563
537 567
355 367
389 397
428 513
376 555
397 439
392 394
368 371
446 548
376 506
391 487
466 531
410 547
400 436
348 413
404 511
479 503
489 535
404 515
420 471
544 557
510 521
419 488
350 397
475 497
430 469
374 520
431 556
395 425
366 544
403 458
442 460
366 475
507 556
397 477
