3145 3169
3195 3348
3082 3101
3032 3255
2901 3224
2878 3049
3255 3385
3039 3378
3102 3252
2913 3078
2731 3166
3036 3363
2680 2974
2716 3353
3201 3204
2710 2749
2781 3425
2872 2880
2877 2925
2851 3114
3252 3345
2815 2839
2919 2985
2753 3101
3162 3415
3257 3387
3179 3205
2944 3303
2765 2970
3035 3235
2925 3228
3111 3434
2832 3016
2839 3065
2869 3035
1684 2854
2872 3195
2757 3135
2734 2818
1684 2791
1684 2780
3182 3298
2813 2826
2875 3172
2866 2940
2904 3212
2863 3429
2754 3026
3132 3355
3299 3391
2674 3391
2915 3137
2757 3284
2956 2969
3046 3345
3118 3412
2947 3331
3027 3291
2706 3234
3102 3297
2905 3117
3211 3329
2806 3142
3082 3169
2674 3344
1684 3318
3009 3214
2742 3058
2758 2816
3013 3194
2801 3365
1684 2735
2793 3152
2666 2839
2901 3397
3009 3206
2849 3179
3016 3270
3328 3343
2927 2945
2753 2989
2904 3411
2839 2872
2993 3166
2854 3430
3113 3299
3364 3417
2777 2988
1684 3304
3298 3350
2880 3184
2687 2914
2950 3035
2863 3035
2674 3291
2846 3299
3025 3104
2793 3027
3327 3424
2686 2932
2762 3277
2694 2948
2742 2796
2936 3015
2911 3047
2738 3384
2753 3386
3087 3187
2729 3080
2831 3050
3111 3287
2800 2872
3199 3280
2807 3025
2793 2992
2953 3119
2669 2944
2864 2943
2742 3416
3211 3374
3355 3397
2728 3176
2987 3025
2953 3364
2863 3347
3196 3327
2945 3257
1684 2771
2782 3213
2661 3060
3101 3385
2887 2907
3120 3280
3078 3293
2680 3304
2973 3223
2661 3276
2749 2974
2669 2874
2915 3174
3139 3430
2781 3179
2671 2962
3025 3257
2973 3070
3066 3083
2728 3412
2717 2913
3089 3109
2712 3299
2955 3369
2853 3267
3072 3211
2877 3117
2680 3426
3291 3416
2932 3299
3191 3355
2853 2869
2765 3267
3049 3296
3115 3344
2676 3078
2936 3082
3005 3017
2683 3387
2724 3405
3219 3330
3096 3195
171 2838
2890 3232
1684 3155
2672 2894
2849 3319
2672 3079
2877 2905
2888 3010
1684 3081
2664 2694
2872 3056
3304 3324
3152 3252
2915 3078
2716 3017
1684 2993
2683 2807
2768 2813
1684 3436
2757 3301
3013 3345
2812 3249
2849 3288
2869 3397
2928 2944
2667 2868
2729 3025
2748 2901
2698 3052
2796 3287
2993 3135
2969 3078
3262 3350
2927 2981
2781 2894
2720 3344
2785 3272
3105 3141
1684 2759
3111 3403
3249 3346
3014 3104
2686 3111
2718 2901
2991 3381
3042 3137
2676 2782
2680 3284
1505 2760
2754 3025
2800 3232
2927 2960
3203 3275
2871 3313
3198 3201
2875 3101
2960 3004
2873 3339
1684 2931
3002 3118
2931 3029
2936 2937
2925 2969
2873 3052
3247 3397
2706 2928
3287 3332
2706 3056
2911 3096
3022 3026
2835 3226
2698 3117
2672 3076
3051 3106
2723 3291
2770 3049
3017 3051
2754 3137
2833 3253
2666 2786
2780 3247
1450 1534
3158 3220
3252 3355
2742 3239
2739 3118
2719 3076
2825 3365
3054 3114
2819 3192
2862 2874
3154 3188
1684 3089
2785 2849
3124 3215
2907 3056
2785 3249
2847 3011
2863 3416
2866 3324
3188 3434
2890 2905
2950 3320
1684 3391
1684 3134
2897 3226
2965 3060
1684 3035
2856 2996
2925 2931
3172 3396
3025 3026
3009 3035
2937 3332
2807 2978
2970 3102
3115 3179
2731 2988
3085 3363
2778 3274
2734 3005
2993 3084
3027 3198
3330 3381
2846 3260
2800 2943
2754 3257
1405 3001
2745 2960
2886 3310
2781 2863
2676 2745
2812 3256
3341 3369
3272 3422
2782 3104
3291 3299
2921 3259
2894 3179
2772 3374
2737 3204
2956 2981
2915 3026
2949 3128
2935 3063
2663 2978
2669 2906
2787 3327
2840 2973
2993 3119
2854 3104
2844 3274
2779 3162
2891 3324
3378 3397
3149 3195
1450 2968
2948 3324
2986 3226
3133 3233
2698 3047
2711 2723
3141 3271
2781 3005
3150 3277
2832 3050
2754 3234
2887 3362
3080 3104
3274 3291
2901 3082
2674 3350
2833 3154
2970 3391
3254 3343
3298 3332
1684 2753
2686 3136
3320 3377
3118 3172
2873 3114
3097 3136
2751 2772
2991 3146
2945 3029
3136 3385
2723 2836
2698 3348
2763 2960
3289 3341
2850 3426
3114 3400
3154 3434
1684 3168
2927 3054
2862 3433
2755 3090
2904 2914
2946 3335
2867 3085
2710 3095
3084 3119
3090 3364
3224 3342
2793 3097
1684 2963
2828 3332
2752 2818
2904 3353
2724 3100
2839 3033
3081 3398
2970 3351
2925 3226
3272 3306
3060 3182
2840 3320
3350 3411
2680 2943
1684 3406
2992 3145
3159 3168
2939 3116
3102 3116
3040 3174
2698 2909
2874 3135
2829 2951
2951 3207
2716 2984
3146 3288
2970 3101
2754 3000
2948 3363
2845 3051
2716 3288
3089 3209
2896 2919
3011 3398
2688 2725
3256 3385
2934 3002
3062 3069
2933 2997
3146 3201
3089 3263
3302 3356
2872 2913
3129 3324
3160 3360
3279 3374
3152 3169
2859 3365
2700 2709
3123 3158
3360 3415
2751 2946
2676 2916
3089 3345
2791 2975
3118 3168
2956 3014
2875 3327
2681 3129
2931 3364
3179 3298
2674 3132
2939 3150
2877 3399
2717 2912
2866 2919
3001 3245
2904 3306
2707 3145
2694 2896
3116 3252
3038 3101
2786 2839
2695 2806
2664 2931
3321 3344
2937 3258
2743 2867
3226 3399
3169 3277
3298 3381
2831 3365
2750 2956
2916 3195
2861 3200
2673 3414
2816 3087
2950 3101
3116 3347
2916 2944
2812 3421
2936 3145
2870 3295
2796 3145
2894 2991
2889 2972
3291 3422
3021 3397
2666 2897
2839 3286
2994 3166
2904 2946
2992 3347
3052 3226
2679 2993
2841 2946
2797 2901
3080 3394
3253 3369
2680 3339
2920 2969
2907 2988
2778 2828
2920 3348
2782 3096
2770 3152
2923 3005
3396 3434
3160 3240
3280 3330
3004 3023
3291 3421
2960 3000
2676 3064
2833 3272
2864 3065
3221 3327
3119 3362
1684 3017
2748 3051
2715 3276
1684 3111
2711 2825
2840 3172
2928 3433
2676 3301
3087 3264
2793 3150
2797 3079
3097 3124
2755 3098
2669 3096
2920 2940
2667 3214
2719 3281
1684 2978
3333 3394
2851 3394
2786 2927
3018 3337
3277 3320
2863 3006
3137 3229
2943 3301
2729 3089
2698 2988
2853 3335
3363 3387
3020 3136
2782 3026
3258 3274
2698 3119
3007 3371
2777 2940
3142 3250
3281 3367
2949 3066
3060 3101
2668 2832
2777 2850
1684 2890
3060 3298
3007 3191
3116 3267
2901 3198
3119 3238
2978 3045
3417 3433
2940 2943
2984 2992
3079 3434
2754 2852
2674 3192
2763 2800
990 3136
3162 3306
2813 2951
2731 3025
2877 2919
3247 3351
2720 2936
2928 3293
3162 3302
3094 3267
3181 3372
3092 3237
990 1419
2796 3172
2707 3019
3019 3233
2781 3076
2793 3391
2726 3104
2664 2782
3203 3224
2712 3224
3118 3295
3140 3219
2745 3153
2787 2825
3140 3345
2939 3239
2739 3002
2962 3091
2800 3174
2780 3146
2756 3026
2974 3417
2720 3263
2815 3195
3198 3331
2927 2986
2793 3070
2793 3253
3078 3085
2912 2953
3167 3365
2835 2906
3122 3354
2910 2960
2663 2710
3178 3307
1666 2869
2959 3325
2964 2979
2777 3054
2674 3049
2915 3433
3225 3422
2916 2974
2911 3022
3365 3393
3101 3411
2717 3033
2955 3196
2782 3084
3082 3272
2717 3098
2778 3434
2762 3327
2889 3008
3101 3373
2993 3123
2749 3364
2763 3417
2662 3206
2948 3436
2696 3295
2912 3324
1684 3210
2944 3243
2768 3017
2994 3348
2749 3339
2991 3132
3051 3132
2810 3090
3073 3119
2690 2735
2985 3022
3146 3239
2985 3052
3129 3257
2685 2865
2815 3363
3253 3256
2666 3232
3272 3280
2936 3344
2864 2908
3145 3351
2782 3348
3201 3419
2872 3022
2943 2986
3406 3422
2924 3098
3077 3273
2905 3226
2795 3296
2974 3023
2783 3385
3117 3214
2959 3314
3188 3212
2839 2946
3251 3372
3101 3416
2793 3212
2960 3228
1684 2760
3296 3297
2862 2956
2877 3202
1684 2787
2702 3275
2733 3172
2762 3353
2984 3118
2909 3226
2803 3256
3070 3240
3116 3332
2810 3362
2904 3132
3073 3417
2729 2993
2741 2969
2846 3360
2779 3233
2869 3204
2986 3426
2742 3017
2904 3144
2807 3300
2731 2987
3021 3082
2828 3391
3186 3295
2793 3355
2943 3433
2664 3232
2951 3171
3082 3419
2757 2960
2668 2946
2832 3275
2674 3347
2910 3348
2750 3137
2973 3132
2661 3397
3201 3381
3111 3280
3077 3091
1684 3325
3002 3346
3054 3056
2853 3415
3027 3292
1684 3085
1405 3168
3054 3195
2837 3030
2985 3339
2730 2996
3088 3298
2828 3411
2683 3363
2795 3048
2955 3067
3239 3252
3347 3397
2750 3098
3132 3185
3113 3267
3148 3403
2839 3163
1684 3362
2793 3345
2679 2988
2662 2724
2815 2944
2946 3124
3046 3406
2716 3041
2806 2891
2956 2988
3101 3434
2756 3084
2909 3232
2866 2911
2745 3033
3137 3426
2753 3051
2919 2953
2716 2904
2839 2852
2735 3259
2743 2754
2843 3365
3116 3272
3113 3252
2906 3004
2996 3346
2786 2977
2772 3296
2786 3033
2796 3267
2778 3247
2839 3202
2879 2982
2782 2969
3291 3297
2711 2714
3080 3090
2960 2986
3157 3328
2879 3008
3206 3397
3156 3264
1684 3018
3022 3149
2944 2966
2877 2966
2786 3029
3076 3378
3005 3027
2668 2727
2854 3394
3184 3286
2762 3255
2916 2966
3101 3201
3089 3397
2908 2986
2782 3301
2833 3102
3219 3340
2849 3150
2694 2777
1684 2857
2906 3195
2778 3199
2713 2729
2928 2985
2748 3321
2770 2863
2664 2755
3275 3385
3277 3280
2724 2779
2995 3233
2793 3116
1450 1684
2724 3366
1684 2801
2950 3246
2911 3149
3035 3206
2731 3036
3133 3366
3076 3204
2666 3339
1684 3240
2749 2905
2700 3373
2969 3220
2987 3014
2694 2738
2925 3304
3051 3170
2685 2724
3204 3302
2757 3387
2999 3240
2939 3027
2906 3184
2964 3157
2896 3304
2981 3036
2670 3309
2966 3226
3082 3355
2743 3400
2750 2782
2741 3056
2929 3119
2953 3104
2818 3261
2728 3366
2698 2915
2928 3417
2932 3196
2960 3078
2871 3353
2661 3154
2793 3136
2676 3390
1684 3433
3187 3255
1684 3086
2745 3080
2712 3150
3280 3397
2743 2945
2665 3330
3145 3297
2775 3051
3240 3335
2874 2988
1684 2967
3223 3420
3263 3287
2694 2786
2711 2951
2683 3433
2885 3290
2692 2951
2713 3412
2946 3363
2827 2917
2787 2892
2784 3409
2790 2848
2834 3176
2661 3347
2873 3293
2912 3047
2924 3090
2662 3353
2748 3154
2862 3054
2719 2840
3110 3374
2850 2877
2950 3360
3034 3319
2715 3087
2731 3158
2863 3070
2741 3315
2749 3363
3160 3397
2661 3296
2793 3332
3017 3299
58 3173
2716 2914
3187 3385
2982 3318
3046 3260
3212 3240
2848 3178
2773 2873
3034 3327
3030 3231
2778 3287
2742 2869
2872 2877
3149 3163
1684 3428
2706 2749
2787 3291
3365 3369
2730 3189
2742 3209
1684 3186
2912 3098
2881 3172
3049 3277
3212 3434
1684 2884
2805 3121
2828 3252
2827 3163
3113 3162
3092 3226
2754 3129
1684 3205
2750 2910
3335 3350
1684 2860
2833 3332
2759 3383
2781 3214
3115 3280
3295 3346
3262 3287
2668 3048
2890 3362
2894 3403
2787 2836
3014 3303
2853 3320
1684 3241
3052 3362
2743 2986
2694 3304
2992 3082
2986 3000
2754 2863
2938 3341
2853 3239
1684 3269
2750 3078
2664 2919
2664 2910
2862 2927
2754 3284
2780 3419
2806 3430
2869 2881
2786 2835
2871 3299
3051 3350
1684 3357
3186 3246
3206 3344
3090 3430
3245 3263
2928 3414
2930 3251
3198 3411
3289 3396
3086 3356
3106 3291
2932 3219
2694 3426
3231 3400
2729 2731
2865 2918
2823 3145
2779 2951
2751 3198
2910 2925
3042 3114
2906 3363
2762 3329
2787 2901
3047 3387
2796 3101
2737 3273
2778 3252
2716 2719
2927 3052
2911 3202
2717 2897
2867 2919
2681 2800
2970 3115
2875 3320
1684 2706
3185 3297
2674 3351
2681 2925
3008 3423
2991 3113
2777 2969
3191 3320
3021 3239
2946 3033
2712 3240
2738 3036
2766 2821
2912 3339
2756 3364
3029 3435
3026 3123
2966 3000
2928 3394
3344 3393
2910 2920
2991 3277
3265 3267
3174 3348
2991 3330
2672 2778
2877 3387
2946 3215
3084 3435
3162 3285
3000 3433
3016 3075
3087 3299
2953 3362
2991 3267
2901 3154
2684 3179
2913 3387
3114 3394
2806 3414
2854 3228
3136 3365
3010 3080
1684 3265
2891 2905
1684 2793
3240 3276
2850 2969
2669 2786
3280 3291
2757 2944
2823 3258
2945 3158
2823 3060
2889 3382
2865 2979
1684 3044
2989 3345
2873 2994
2877 3348
2894 3350
3086 3371
3054 3184
2742 3351
2681 3085
2912 3384
2978 3010
2850 2915
3276 3353
2743 3293
2782 2960
3076 3079
2780 3048
2749 2873
2690 3365
3081 3263
2905 2993
2915 2977
2956 3090
3145 3287
3330 3369
2764 3361
2778 3397
2883 3101
2977 3384
3000 3054
3017 3258
3325 3382
2839 2927
3186 3320
2669 3149
1684 2969
2719 2785
2748 3060
2977 3014
2788 3271
2945 3220
3018 3136
3118 3366
1684 3070
3084 3130
3339 3387
3399 3433
2766 2810
2904 3049
2846 3321
3046 3209
3005 3060
2931 3362
2689 3065
3201 3247
2815 3232
2735 3418
2661 2708
3077 3168
2938 2955
2840 3060
3199 3337
2863 3201
3098 3195
2785 3360
2744 3256
2993 2994
2979 3101
3024 3233
3020 3196
2697 3186
2943 3417
3088 3291
2915 3000
1684 3397
2911 2956
2833 3397
3005 3118
3101 3120
2890 3047
2835 3104
2877 2913
2988 3119
3012 3020
3145 3422
2748 3070
2992 3329
3329 3409
2837 3080
2689 2777
2936 3378
3090 3114
2684 3060
2668 3307
2791 3116
3132 3169
2926 3256
3062 3289
2724 3168
3049 3335
2835 3417
3319 3321
2925 2960
2877 2960
2786 3090
1684 3099
3086 3412
1684 2822
2901 2939
2676 3033
1684 3407
2884 3390
2918 3087
2712 2785
3255 3369
2966 3232
2806 2927
2773 2994
2867 2913
2827 3195
2953 3084
2782 2913
2951 3017
3152 3296
2883 3278
3222 3245
2932 2955
2924 3384
2730 3395
3178 3415
2702 3198
2716 2748
2774 3127
2813 3136
3016 3169
2906 2910
3097 3340
2683 3301
2916 3033
2676 2906
2801 3167
3201 3316
3029 3129
2674 3204
3054 3399
2949 3020
2890 2915
2718 2832
3082 3260
2854 2969
2679 2835
2915 3004
2863 3124
2951 3406
1684 3067
3302 3403
2967 3303
2694 2717
2956 3433
3100 3350
2827 3435
2966 3142
2907 2920
2966 2994
2738 2874
2787 2932
1684 3024
2672 3298
3120 3154
2861 3141
2875 3280
2687 3209
1684 3170
2951 3412
2833 3051
2812 2818
2743 2887
3237 3284
2720 3060
3029 3174
2973 3386
2770 2849
2791 3136
3062 3295
2753 3132
2970 3416
3240 3344
2973 3360
3291 3396
2968 3077
2891 3142
2911 3090
3360 3434
2910 3250
1684 2846
2938 3118
3051 3224
2793 3288
3179 3253
2769 2807
2661 3102
2706 2931
2685 3405
2741 3417
3120 3335
3056 3301
3021 3035
2683 3257
3106 3434
2845 2951
2977 3000
3233 3415
2864 2910
2755 2897
2987 3090
2694 2986
2742 3288
2816 3187
3250 3387
2874 3284
2862 3000
2932 3187
2956 2986
1405 3295
2906 2927
2697 3295
2664 3363
3267 3335
2719 3240
2743 3029
1684 3164
3018 3419
2823 3434
3116 3350
3052 3193
2939 3102
3132 3332
2994 3114
2758 3136
2839 2919
3191 3366
3002 3214
2925 3054
2720 3355
3063 3368
2913 2915
2999 3020
2873 2953
3009 3406
3176 3420
2800 3119
3362 3363
2772 3107
2713 3410
2718 3256
3000 3362
3073 3135
3032 3253
3090 3163
2993 3226
3260 3287
2901 3347
2974 3426
2669 2896
2763 2835
2785 3109
2969 3036
2679 3435
2664 3195
3296 3415
1684 3110
2674 3115
1684 3338
3208 3411
2719 3397
3329 3431
2717 3387
2828 3272
2966 2985
2904 3116
3100 3162
2754 2915
2937 2995
3022 3166
3207 3412
2924 3364
2939 3351
2869 3132
2661 3247
2754 2850
2897 3228
3005 3072
2835 3195
2669 2986
3286 3414
3182 3351
2778 2869
2745 3004
2921 3221
3064 3426
3281 3320
2741 3193
2719 3396
2882 3347
2755 2944
2716 3287
3070 3302
3033 3052
2877 2969
2825 3177
3032 3385
2833 3350
2927 3108
3034 3043
2676 2897
3019 3177
2785 3280
1405 3019
3146 3206
2786 2919
2962 3295
2679 2755
3299 3406
2946 3211
2931 2944
3064 3399
2683 3238
3152 3198
2763 3232
3136 3395
3168 3405
2793 3041
3011 3332
3040 3047
2782 3339
2973 3397
3073 3220
3353 3386
2679 3000
2975 3105
3077 3207
2748 3335
2782 2872
2834 3283
3038 3355
2783 3383
3051 3355
2690 2881
3049 3291
3072 3353
2951 3002
2781 3049
2698 2946
3214 3279
3321 3380
2953 3090
2817 3127
1684 2679
2908 3004
3293 3339
2719 3116
3038 3049
2699 3008
2850 2905
2901 3321
2979 3340
2944 3078
1666 3100
2915 3303
3254 3272
3260 3386
2931 3090
2686 3337
1684 2992
2780 3279
3026 3293
2927 3284
1505 3019
2782 2815
2860 3019
1684 3343
2793 3035
3002 3329
2892 3168
3069 3191
2730 2783
2764 2903
3150 3297
2894 3060
3154 3295
2958 3124
2920 3426
2890 3433
3018 3366
2927 2988
1684 3133
2901 3051
3104 3119
2695 2943
2909 3064
3145 3260
2989 3240
2835 3324
2833 3101
2839 2913
2702 3136
1684 3224
1684 3147
1684 2762
2979 3081
2719 3182
2724 2921
2668 3374
2741 2993
3169 3385
2825 3385
2965 3280
3079 3350
3026 3387
2870 3275
3172 3280
2777 2864
2685 2957
3002 3341
2890 3029
2730 3359
2810 3056
3403 3422
2877 3064
2694 2910
2937 3115
2689 3135
2940 3232
2775 2962
3024 3366
2936 3224
3019 3331
2979 3409
2910 2988
3377 3378
1684 3340
2995 3397
2716 2796
2810 2943
2786 3014
2664 3387
3281 3396
2754 2777
3123 3166
2689 3417
3022 3064
2961 3286
1684 3426
2833 2849
2786 2924
3140 3177
1684 2928
2754 2896
2950 3357
3098 3232
3303 3426
2886 3128
2716 3060
2679 2928
3087 3256
3193 3414
2869 3252
1684 3212
2939 3434
2914 3409
2787 3395
2939 3049
2701 3287
2711 2758
2783 3395
2664 2925
2712 3335
2839 2967
2867 2940
1684 3394
3152 3192
2748 3313
2793 3330
3101 3206
2890 2927
3139 3153
2739 3062
2698 2750
2716 3267
2742 2904
3019 3077
3090 3363
2782 3025
2989 3434
2959 3008
2751 3353
2944 3022
1684 2895
2991 3419
2927 3430
2894 3173
2763 2806
2745 3237
1726 3263
2867 3387
3198 3422
2847 2856
1505 2883
2746 2754
3002 3076
1684 3246
3114 3426
2686 3219
3101 3179
1534 2979
2730 2863
3172 3298
2913 2919
1684 2772
2987 3158
2745 2786
2901 3201
1534 3101
2945 3026
2719 3355
3068 3086
3330 3397
3070 3120
2772 2831
3280 3288
2906 3142
3157 3342
1684 3387
3073 3232
2742 3070
3188 3360
3363 3394
2912 3026
3098 3129
2665 2844
3081 3341
2758 3307
2928 3084
2871 3337
2706 3363
3254 3280
2743 3023
3017 3145
3171 3312
2706 2750
3065 3232
2849 3076
2786 3158
2926 3365
1684 3188
2698 2905
2810 2928
2784 3099
3116 3212
2785 3067
3154 3355
1684 2676
3259 3337
2675 3395
3047 3384
2773 3029
3231 3394
2905 2966
2913 2993
2754 2800
3025 3435
3101 3185
2754 2877
3107 3242
2777 3184
3209 3212
1684 3432
2787 2904
2854 3237
3089 3344
3213 3234
3095 3153
2785 2846
1684 2926
2877 3042
1684 2758
1684 2800
2708 3258
3215 3302
2716 2828
2782 2910
2705 3363
2661 2719
2839 3426
1684 3009
2679 2969
2835 3363
2927 2985
3104 3339
2738 2931
2849 3351
2943 3029
3082 3320
2914 3101
2672 3351
2854 3023
2877 2994
2724 3412
2755 3054
2951 3019
2743 2931
3000 3149
3026 3324
2728 3346
2827 3090
3004 3284
3320 3355
2731 3257
3293 3363
2815 3250
2944 2956
3277 3291
3076 3172
2719 2796
3206 3252
3212 3360
3089 3194
2832 2901
2873 3232
2867 3293
2757 2896
2716 3291
3355 3434
1684 3084
2693 3319
2989 3082
3002 3113
2758 2801
2690 3275
2931 2994
2742 2778
2711 3162
3005 3302
2777 3108
2924 3293
2800 2810
3027 3214
3049 3102
3051 3353
3027 3051
2710 2809
1684 3121
2787 3038
3038 3386
3137 3228
2713 3038
3137 3166
3212 3345
2828 2989
2661 2793
3082 3378
2827 3284
2911 3064
2993 3026
2742 2753
2679 3142
2994 3293
3213 3394
3013 3352
2953 3026
2730 3118
2786 2943
3140 3225
2896 2916
2950 3191
2754 2966
3330 3391
2799 3200
2910 2940
2783 3017
2664 2969
2684 3051
1684 3335
2904 3027
2791 2950
2881 3233
2966 3104
3124 3365
2780 3116
2905 3195
2750 2913
2800 3135
2910 3090
2815 2905
3381 3419
2863 3357
3089 3299
2719 2742
1684 3431
1684 1726
3320 3422
2768 2921
2728 3019
3118 3353
2875 3302
2836 3424
2938 3289
1684 3027
2989 3046
3087 3313
2911 3040
3077 3203
3151 3409
2697 3275
2849 3344
3049 3082
2823 2894
3021 3115
2927 3417
1726 3164
2833 3185
2724 2957
2894 3017
3248 3383
2794 2887
3362 3426
1656 2964
2909 3033
2806 2925
3021 3280
2809 3090
2850 2943
2826 3340
2912 3232
1684 3381
2679 3026
2729 2821
3001 3273
2745 3284
3084 3324
2706 2800
3201 3397
2897 2928
2683 2854
2683 3080
3025 3166
2890 2920
3287 3377
3295 3366
1505 1666
2750 3090
1505 2734
2943 2960
1684 3122
2832 3017
3190 3275
2710 2978
2742 2828
2734 2840
2742 3132
2937 3145
2877 2929
3292 3331
2779 3086
2755 2925
2849 2904
2960 3226
2822 3263
3089 3332
3170 3377
2786 2890
2708 2937
3280 3320
2786 2913
3019 3386
3296 3321
3010 3025
2783 3422
3113 3378
2849 3027
2833 3179
2849 3102
2663 2731
2991 3172
3038 3247
1684 2878
2711 3019
2729 2873
2996 3330
3011 3254
2833 3113
3106 3299
2688 2764
2923 3411
2823 2992
3263 3406
3256 3397
2773 3040
1684 2689
2832 3276
3219 3365
3330 3396
2793 3082
3288 3386
3171 3214
2864 3362
3263 3405
2781 3101
2999 3066
2870 3406
3390 3394
3152 3397
2661 3182
2757 2866
2925 2944
3002 3273
2680 3033
2672 3262
2923 3046
2853 3247
2880 2945
2741 2929
2944 3226
3111 3279
3082 3342
3206 3280
2800 3098
2777 2986
3132 3411
2800 2916
2748 2946
2771 2954
2676 3142
1684 2970
2698 2969
2875 3043
2729 2890
3034 3178
2993 3158
2870 3107
3036 3400
2793 2901
3347 3381
2869 3270
2820 3001
2825 3198
2662 2984
3053 3200
2755 3117
2675 3154
3115 3198
2777 2974
3107 3154
2828 3209
2939 3252
2723 3027
2984 3274
2900 3019
2859 3397
3076 3261
3287 3298
3177 3203
2807 3129
2679 3084
1684 3076
3188 3260
2778 3272
3346 3366
2806 3309
2866 3022
1684 3213
2915 3042
2912 3078
3002 3207
2800 3324
2681 3363
2943 3023
2782 3052
1684 3312
2787 2793
2821 3166
2683 2862
2796 3017
1684 3185
2988 3433
2684 2701
2940 2966
2988 3026
3080 3317
2664 3022
2901 3345
2670 3382
2966 3026
2712 3351
1684 2703
2793 3347
3120 3342
3224 3355
2804 3327
2863 3145
2864 3226
2729 3114
3070 3330
2827 2911
2684 3258
3195 3232
2702 3323
2827 3226
2738 3119
2932 3198
2796 2991
3275 3318
2951 3397
2793 3038
2836 2841
2757 2867
2729 2977
2782 2912
3102 3277
2785 3299
2818 2882
3339 3426
3101 3381
3152 3320
2664 3184
2748 3049
2901 3070
2879 3283
2810 2986
2661 2950
2681 2773
3185 3350
2935 2999
3066 3126
2676 2911
3201 3350
2763 3184
2928 3096
2841 3431
2753 3198
3237 3390
1684 3013
3158 3232
2910 2985
2793 3049
2777 2920
2863 3206
3035 3391
2796 3082
2793 2863
2950 3219
3029 3257
2670 2703
2892 3086
171 1684
2667 3313
1684 2747
2890 3042
3100 3154
3116 3360
1684 3352
2669 2956
1684 3353
2755 2877
2909 3052
3097 3302
3135 3166
2679 3363
3174 3426
2748 3320
2863 3172
2913 3064
2681 3090
2751 2878
2681 3387
2881 3188
2934 3246
3029 3417
2973 3321
3187 3337
2875 3313
2804 3377
2951 3075
2666 3004
2873 3026
2786 3078
3016 3208
3090 3417
3232 3417
3224 3345
2800 3090
3171 3208
3233 3366
3101 3366
2994 3135
2758 3233
2875 3261
2871 3256
3291 3342
3038 3203
2950 3070
2890 2977
3084 3149
3093 3171
2729 2981
2732 2930
2853 3082
3078 3142
1684 3080
3047 3226
2705 2916
2869 3060
2824 3077
3154 3177
2916 3426
2939 3267
2904 3088
2949 3083
1758 3205
3248 3389
1684 3158
2866 3284
3060 3172
2905 3078
2684 3262
2911 3250
2729 2773
1684 3163
2786 2960
3139 3229
3078 3250
3327 3369
2800 2913
2680 2689
2973 3169
3076 3403
3327 3389
2873 3104
2730 3086
2762 2841
2720 3160
3226 3387
2755 3084
2711 2779
2823 3172
2872 3047
3297 3419
2863 3154
2716 2859
3109 3360
2711 3177
2966 3096
3188 3247
3344 3397
3041 3101
2840 2881
3277 3297
2997 3063
2939 3152
2759 3213
2793 3434
2869 3201
2786 2912
1684 2781
2712 3291
2748 3041
3010 3033
2689 3387
3042 3303
3107 3323
2713 2951
3187 3408
3191 3223
2985 3284
2786 3073
2684 2797
2679 2862
2770 3239
2750 3056
2683 3324
1684 3274
2896 2969
2739 3292
2689 2757
2827 2969
2701 3280
2996 3341
3117 3228
2950 3107
2689 3078
2670 2767
2910 2927
2992 3355
2757 2800
3236 3253
2827 3363
2772 3242
3140 3179
2839 3387
3104 3130
2778 2863
2894 3116
3014 3184
2661 2674
2970 3179
2873 3433
1684 3007
3062 3331
2715 2787
1684 3064
2906 3078
3010 3030
3185 3411
2828 3381
2666 3348
2881 2894
3259 3365
2919 3304
2786 3384
2955 3253
3206 3239
2862 3387
3000 3364
2913 2946
1684 2851
2747 2863
2773 2913
2672 3319
2894 3182
2724 3370
2844 2951
2754 3399
2851 3130
3090 3324
3027 3192
2750 2944
3021 3320
3113 3366
2689 2945
2939 3302
1642 2693
860 1684
2674 2863
3157 3350
3203 3291
2944 3301
1505 1758
3259 3263
1419 1758
2933 2935
3010 3231
2928 3388
2800 3400
2674 2970
2937 3101
3090 3238
3151 3327
1684 3249
2662 2830
2773 3104
3140 3194
2973 3434
2994 3033
1684 3255
2804 3316
2911 2925
3074 3127
3047 3232
3039 3261
2662 3316
2689 2754
3000 3123
2864 3098
3115 3265
2789 3231
2841 3081
3046 3352
2927 3363
3020 3275
2674 3267
2698 3064
3050 3171
2806 3234
3167 3369
2667 2711
2862 2944
2907 3073
3043 3093
3106 3345
2778 3182
2976 3258
3191 3412
2719 2797
2992 3320
2748 3013
2670 2959
2743 2943
3214 3221
2706 2827
3256 3376
2666 2988
2674 2742
2754 2956
3189 3259
2951 3415
2676 3304
3194 3397
2669 3301
1684 2892
3105 3354
2765 3094
1684 3416
2874 3025
2915 2929
3215 3272
3386 3397
2743 3417
1684 3315
2835 3129
3070 3416
2689 3232
3035 3316
2927 3238
2763 2810
3224 3391
3248 3431
2661 3116
2783 3076
2795 3307
2734 3157
2800 3004
3160 3355
1684 2919
3049 3120
3033 3085
2981 3400
2991 3288
58 171
2687 2742
3120 3224
2931 3026
2986 3065
2983 2997
2661 3350
2973 3332
2786 3000
2666 3364
1684 3098
3078 3090
1684 3261
2719 3101
3017 3060
2969 2986
2848 3203
2945 3417
1684 3087
2873 2905
2953 3435
2679 2987
3016 3144
3005 3403
2925 2961
3176 3207
3107 3275
3170 3298
3208 3214
2679 3014
3111 3274
2931 3054
3025 3137
2873 3129
3016 3252
2676 3193
2715 3050
2755 3301
3035 3335
2863 3204
2950 3261
2750 3226
2665 2711
1684 3131
3351 3357
2674 2778
2887 3084
3170 3172
3101 3253
2670 2972
3252 3265
2777 2906
1419 3034
2881 3366
2719 2991
3026 3098
2800 2912
2845 3118
3184 3390
2852 2940
3283 3325
3070 3277
2915 2924
3089 3120
3198 3353
2750 2985
2868 3212
3026 3303
3051 3320
2978 3130
3258 3411
3386 3396
2679 2956
3224 3360
3166 3174
2662 3118
3051 3291
2754 3363
2751 3321
2872 2956
2676 2757
2729 2887
2778 3102
3058 3352
3047 3098
2705 2839
2748 3247
2662 3191
3070 3391
2719 2778
3081 3308
3114 3364
1684 2677
3204 3320
3124 3335
2668 3110
2775 3233
2753 3240
2780 2923
3142 3163
3038 3116
2955 3187
2734 2848
3177 3186
2756 2956
2748 3378
1684 3152
3025 3119
2874 3384
2820 2870
2991 3049
2711 3296
2906 2940
3051 3434
1684 3227
1684 2773
2823 3170
1684 2863
2858 3097
2818 3067
1684 3422
3002 3395
3210 3313
2762 3027
2906 3293
2778 3396
3049 3252
3056 3135
3173 3431
2921 2955
2730 3289
2777 2867
2793 3351
3185 3320
3011 3076
2880 3174
2973 3252
3267 3397
2785 3345
3150 3247
3203 3313
2918 2932
3162 3334
3065 3174
2879 2889
2800 2862
3312 3393
3101 3115
3272 3328
2707 2778
3346 3361
2940 3117
2806 3184
3038 3320
2938 3396
2719 3277
2849 3280
2676 2694
2909 2967
2748 3076
2828 3076
2892 3298
2750 3284
2669 2850
3099 3242
2768 3299
2909 3399
2894 3274
2944 2969
2973 3319
2712 3188
3038 3391
3103 3359
2877 3029
2773 2810
2749 3108
2770 3291
3224 3351
2947 3100
3056 3363
3097 3236
2919 3054
3021 3302
2936 3038
2990 3154
2984 3353
2836 3190
3169 3351
2956 3104
2880 3064
2755 2872
2756 2931
3293 3426
3228 3293
2665 3027
3062 3395
2864 3324
2828 2849
2683 2874
3256 3402
2892 3207
2797 2894
3212 3406
1666 3111
2748 3140
2866 2915
2694 2787
2745 3022
58 3290
3228 3348
3320 3353
2956 3232
2778 3298
3338 3425
2729 2743
3347 3396
3041 3209
2719 3035
3296 3411
3060 3272
2663 3300
171 2740
3179 3182
3086 3162
2786 3054
3280 3360
2668 3117
2810 3123
2677 2999
2864 2925
2664 3142
2789 3130
3364 3435
3114 3137
3042 3426
2901 3120
2928 3384
3287 3320
3116 3431
2815 3065
2723 3383
2962 3244
2759 3202
2897 2944
3198 3351
3236 3385
2729 2929
3136 3171
2835 2946
2844 2904
2864 2960
2991 3185
3224 3386
1684 2805
2992 3035
1684 3398
3005 3254
2899 3139
3124 3256
2986 3114
3017 3281
2897 2912
2904 3188
3146 3277
2662 2716
2849 3082
2699 2972
1684 2882
3170 3350
3188 3201
2713 3321
2763 2880
2715 3027
3185 3378
3150 3154
2694 2897
2757 3040
2889 3325
2786 3025
2730 2843
3309 3382
2967 3213
2897 2960
2773 2969
2919 3004
1684 2672
3274 3353
2889 3318
3052 3232
3150 3342
2890 3104
3116 3206
2956 3184
2806 2943
2901 3106
2981 3232
2765 3102
2767 3318
2833 3035
2664 2757
3239 3267
2669 3065
2781 3335
2866 2897
3034 3101
2877 3284
2800 2986
3079 3351
2661 3150
2664 2738
2881 3377
2755 2909
2729 2944
2666 3426
2823 3261
1684 2817
2689 3158
1405 3412
3101 3155
2756 3029
1684 3386
2880 2915
2770 3265
2773 3433
3289 3302
2742 3027
2750 2969
2780 3198
2702 3219
1684 3251
2846 3058
2719 3351
2790 2803
2719 3320
2969 3301
2929 2945
3194 3320
2716 3106
2710 2807
3060 3396
2955 3419
2671 2721
2823 3182
3175 3188
2955 3397
3118 3332
2683 2729
2720 2973
2853 3344
3154 3321
2965 3107
3033 3250
2668 3204
3049 3206
2864 2920
3033 3163
2974 3433
3283 3314
2709 3211
2763 2891
2951 3410
2741 2777
2883 3258
2701 2823
3017 3192
2946 3228
3113 3291
2861 3122
3232 3257
3002 3359
3365 3429
2724 3061
2858 3327
2776 3216
2686 3189
2970 3132
3148 3331
2915 3362
1684 3324
3284 3426
3026 3364
2905 3301
3179 3397
2679 3195
2674 3416
2986 3433
3209 3345
2676 2917
2856 3349
1684 3214
3033 3195
2742 3160
2924 2925
2943 3085
2676 3047
2746 2866
2886 3322
2677 2688
2914 3132
3207 3350
2678 3164
2977 3257
2755 3238
3240 3391
2748 3302
2750 2890
2773 3090
3177 3295
3035 3179
2956 2977
3162 3233
2959 3309
2951 3162
3027 3253
2768 3077
2959 2982
2974 3363
2881 3113
2748 2780
3332 3355
2720 3321
3025 3090
2863 3120
2919 2997
3274 3367
2910 3364
1684 3143
2716 2863
1684 2794
2853 3397
2880 3004
2944 2978
2905 3022
2897 3303
107 1505
2905 3026
2679 3339
3039 3377
2719 2823
2951 3353
2680 2706
2717 3085
3302 3350
1666 3245
2706 2946
1684 2856
3062 3343
2966 3348
3353 3422
2754 2757
2756 3363
2839 2867
3367 3377
2911 3065
3289 3331
3002 3177
2679 2754
2956 3435
2986 3085
2681 2956
1684 3193
2748 3386
2694 2925
3022 3090
2742 3172
3047 3090
2784 3365
2841 3221
2863 3330
2757 3054
2754 2940
2854 3080
3124 3173
2877 2896
2846 2914
2727 2840
3269 3400
2935 3012
1684 2869
2815 3026
1534 1758
2698 3098
2778 3082
2672 3113
2818 3353
2746 2864
3097 3299
2951 3176
2984 3107
2880 3022
2894 3225
2951 3191
1684 2782
3017 3093
3113 3198
2687 3397
3005 3150
1684 2915
3101 3110
1684 3420
3132 3179
3072 3385
2676 3149
2674 2939
2985 3078
2758 3259
2919 3078
1684 3068
2711 3077
2973 2976
3065 3195
2664 2909
3020 3205
2800 2974
3050 3335
2833 3021
2745 3078
2897 3004
1666 3020
2674 3097
3040 3339
2919 3348
2913 2916
2966 3108
2730 3255
3162 3176
2949 2983
2877 3040
3201 3206
2665 3274
2915 2966
2779 3285
58 3003
2995 3170
2804 2992
2864 3284
3172 3225
2669 2960
2820 3244
2831 3326
3013 3175
2712 3350
2910 3065
3067 3189
3264 3358
3043 3369
2727 3374
2867 3433
3204 3351
2915 3226
3106 3160
2664 2754
2947 3062
2676 2864
3076 3201
2875 3332
2777 3363
3350 3360
2936 3261
2951 3346
3104 3435
1684 2674
2992 3107
2703 2889
2664 2920
2716 3276
2927 2956
2700 3328
3142 3232
3060 3347
2754 3243
3090 3231
2950 2976
3022 3435
2911 2912
2959 3382
2757 3184
2827 3040
3011 3079
2928 2988
2951 3097
2919 3073
3154 3233
2964 3038
2880 2946
3201 3320
2775 3162
3000 3084
3131 3181
2684 3434
3371 3412
2724 3162
3090 3303
2758 3019
3014 3362
3110 3313
2741 2956
2793 3280
2669 3142
3065 3226
3292 3341
1505 2678
2984 3192
2858 3383
3280 3396
3135 3220
2882 2968
3321 3421
2787 3379
3283 3309
2720 3224
1684 3021
3201 3291
2680 2986
3104 3384
3233 3335
2725 2903
2889 2959
2839 2960
2741 2862
3239 3434
2945 3163
2720 3106
2686 3404
2775 3002
3150 3360
2661 2869
1684 3042
2713 3207
2929 3362
2778 3351
2683 3096
2737 2869
2748 3046
3035 3150
2951 2984
2666 3250
1684 2738
2759 3286
2839 3004
2872 3026
2666 3047
2865 2932
2742 2793
2815 2872
3060 3079
2757 3220
2905 2946
3036 3114
