400 436
612 619
461 544
506 606
428 461
373 431
475 651
616 639
582 599
604 671
592 630
605 654
614 683
374 669
515 614
588 678
611 680
412 496
373 461
431 556
373 680
573 653
583 658
582 583
577 658
378 414
618 630
373 524
615 675
414 592
643 659
616 622
378 465
370 567
376 400
561 606
542 606
374 465
645 646
391 556
524 637
480 593
595 681
678 679
513 601
619 625
544 553
567 645
661 675
553 591
414 515
391 475
373 414
598 619
578 640
412 438
574 678
577 635
373 614
626 630
506 524
584 631
627 650
376 645
376 465
662 670
423 428
597 644
599 615
395 431
391 414
363 378
617 685
431 436
588 682
587 645
370 683
659 661
373 558
614 669
659 662
589 620
492 506
391 614
465 544
492 514
461 492
412 461
428 434
631 678
431 513
506 561
661 681
378 614
595 615
600 627
619 685
675 681
627 632
579 663
461 669
579 597
414 657
600 675
348 556
592 636
374 492
609 620
483 614
438 483
601 630
620 672
640 643
578 643
603 611
635 650
475 492
370 492
577 582
609 664
600 628
465 542
644 654
584 678
513 610
373 561
400 544
605 630
414 664
578 582
422 655
515 620
544 580
492 513
348 400
414 579
595 675
583 670
395 604
618 678
483 596
492 561
394 400
596 604
414 616
599 658
615 627
363 561
391 567
597 625
412 422
461 653
376 673
635 681
391 506
391 465
423 561
431 563
378 428
496 641
378 506
574 621
630 655
376 461
592 612
576 600
373 587
622 678
348 412
576 583
605 677
492 669
634 647
615 635
611 677
632 640
616 660
630 641
559 567
597 623
561 604
616 630
378 475
414 676
414 567
553 609
582 595
566 567
592 605
438 604
589 677
645 669
414 436
412 515
559 637
391 412
630 666
376 412
574 630
370 559
483 601
559 676
559 651
107 601
662 675
431 483
400 553
620 654
395 524
598 680
611 684
483 567
632 647
586 646
483 492
373 483
524 544
598 654
578 632
595 650
597 609
577 681
374 496
431 492
559 604
428 544
438 561
107 363
395 542
678 682
524 591
465 558
434 506
597 619
603 612
370 373
575 617
348 514
573 633
438 496
422 593
391 515
434 436
618 666
616 625
422 601
370 465
563 567
423 431
609 612
654 680
438 563
597 618
423 606
414 675
583 600
622 625
414 559
376 436
640 681
576 675
363 637
619 636
475 515
483 559
475 606
414 513
414 628
496 515
580 656
431 651
483 506
628 681
630 685
363 376
579 592
492 566
414 682
374 544
436 465
414 607
391 553
438 524
573 630
373 556
579 611
394 601
577 578
438 553
412 591
616 684
436 483
428 500
513 651
628 665
465 500
428 492
414 641
395 515
422 604
553 559
592 685
578 681
427 496
414 483
374 412
583 647
573 672
559 683
414 596
414 672
376 514
513 637
428 651
615 665
654 672
640 650
553 614
363 559
578 627
664 685
422 483
643 675
376 542
500 683
582 661
620 630
603 680
513 604
363 669
597 636
492 515
573 589
640 675
431 500
616 663
583 627
573 597
173 649
370 395
600 635
623 625
394 515
650 670
431 475
653 678
627 658
348 524
431 515
556 673
400 591
579 588
394 438
376 604
414 665
414 639
423 634
370 428
603 677
348 431
559 614
636 680
376 646
599 659
515 654
615 628
