394 503
366 493
366 542
412 513
373 520
356 472
486 509
397 513
479 503
353 520
428 473
509 518
497 537
503 538
434 458
489 519
536 545
433 455
469 518
348 518
376 482
348 476
436 556
431 515
391 512
374 402
395 413
500 547
525 563
348 491
366 394
360 523
353 493
434 492
412 436
374 566
460 508
430 561
426 531
374 391
376 497
431 483
506 545
348 352
353 517
392 394
378 475
370 431
376 405
514 544
404 431
538 560
491 502
348 507
409 503
366 374
504 541
360 510
374 414
455 546
381 554
459 563
394 512
419 505
434 534
438 513
465 515
426 525
372 531
354 463
496 566
507 557
484 520
348 466
463 481
382 531
475 502
348 541
496 513
378 436
451 556
471 566
432 553
383 387
422 570
513 527
512 561
484 544
374 525
374 418
456 484
402 422
402 500
398 484
348 380
477 518
376 515
494 517
355 565
372 444
400 559
439 465
419 422
497 538
413 535
475 484
444 488
391 487
434 563
423 475
440 508
353 487
525 527
479 484
366 391
500 506
348 437
373 391
444 544
351 364
355 519
449 504
512 556
372 558
473 535
348 349
500 565
408 440
566 567
507 514
360 555
361 463
354 547
361 500
456 523
431 475
414 542
373 439
414 500
348 434
428 434
362 560
428 517
395 517
369 424
517 545
374 488
376 439
545 561
355 500
515 545
479 517
443 453
368 371
517 527
392 483
407 458
434 559
402 482
348 540
402 497
397 457
350 543
413 448
483 526
353 430
366 514
416 537
359 376
418 506
375 493
351 564
484 514
370 395
546 547
376 489
374 507
376 413
368 395
348 390
431 559
391 446
348 378
494 536
361 489
369 518
355 397
471 561
524 561
350 527
483 507
465 569
400 566
506 519
506 557
444 506
398 408
426 471
438 553
421 487
370 373
395 561
446 548
485 518
353 446
378 426
437 532
431 513
348 407
395 414
404 440
366 548
481 531
496 523
460 570
370 548
487 556
374 504
369 455
504 521
506 525
402 566
408 430
173 348
519 555
395 456
348 509
367 555
367 474
442 563
465 506
367 422
458 497
475 546
503 539
354 403
544 570
404 506
456 512
445 556
368 553
553 555
423 560
424 457
376 523
348 542
370 507
360 544
514 559
376 483
507 565
391 514
438 488
420 432
499 532
373 408
360 514
462 538
428 570
500 513
388 475
437 462
397 469
421 558
348 449
431 545
507 513
395 438
391 460
367 403
412 456
387 406
471 524
376 490
397 516
394 436
353 420
556 559
388 497
373 548
373 460
438 548
348 554
474 546
473 495
373 558
368 398
376 432
471 514
389 505
553 565
463 555
391 527
538 542
412 567
400 434
467 572
395 452
469 563
359 405
407 510
420 451
353 391
542 567
517 536
420 566
408 444
409 521
452 557
373 483
370 567
350 426
497 506
370 483
380 457
430 465
390 475
372 421
430 469
374 465
397 458
511 556
374 460
504 555
461 497
417 483
394 538
493 539
357 389
412 418
445 495
439 445
391 563
373 491
362 558
363 542
403 519
495 542
387 395
428 523
422 474
439 544
353 537
348 450
412 481
438 503
504 539
507 556
444 570
395 525
359 475
482 496
428 553
475 496
373 463
348 468
483 496
421 545
425 460
416 432
376 442
355 510
382 452
402 542
395 515
348 506
360 438
363 370
420 537
422 523
440 456
517 524
417 511
541 563
421 445
436 566
429 466
353 376
421 457
474 531
432 525
531 555
482 517
348 525
378 461
500 556
348 544
457 563
34 428
373 553
363 374
430 569
376 547
521 544
369 397
348 461
378 515
369 457
462 532
423 503
392 515
367 502
475 506
489 555
432 471
406 532
355 557
438 559
402 506
392 566
367 489
528 553
387 559
348 529
395 495
423 431
378 391
361 531
492 495
502 539
415 473
355 481
173 549
352 462
497 523
417 520
376 567
402 559
400 432
359 396
412 442
444 445
400 409
353 460
353 560
481 489
389 518
408 456
403 475
353 561
378 482
420 465
353 428
475 524
394 520
419 452
366 404
348 521
412 544
376 378
395 527
492 544
348 413
450 463
418 547
376 520
419 493
376 414
348 411
363 368
396 470
362 412
421 465
479 511
397 418
355 396
525 544
400 438
373 561
348 387
382 555
427 563
440 525
376 514
378 431
348 396
488 517
430 497
352 431
350 528
484 537
366 431
412 561
367 483
352 517
419 525
360 558
432 439
431 440
369 516
348 426
437 467
414 559
348 448
465 538
473 560
350 397
527 561
394 544
482 515
348 421
506 508
488 512
373 465
422 497
483 493
396 510
397 543
374 567
378 456
428 514
363 367
387 525
475 519
427 464
348 528
419 428
431 482
516 551
537 566
500 507
366 553
426 504
412 506
352 412
408 473
461 559
388 465
426 524
531 539
355 412
374 565
460 507
415 465
544 561
370 413
368 521
478 496
450 531
348 435
560 561
388 557
519 531
432 545
397 509
402 567
363 538
500 542
407 563
444 500
348 563
373 431
348 460
369 477
493 560
519 548
456 497
446 515
496 497
392 430
373 528
363 463
354 507
494 561
418 497
465 507
414 513
366 446
407 504
553 559
460 506
400 544
413 542
465 471
392 537
428 492
432 513
373 397
456 495
376 519
422 561
394 400
418 465
366 497
360 506
434 475
348 430
348 502
388 421
483 494
348 370
397 485
368 412
523 561
378 496
348 388
503 517
430 484
495 570
355 546
350 384
414 558
469 497
503 524
352 493
456 553
388 412
514 569
492 513
363 419
419 424
496 507
378 483
460 479
440 493
376 396
373 565
378 497
349 434
402 458
431 514
404 479
391 491
438 500
430 483
363 385
370 523
455 522
403 555
414 480
373 567
531 546
546 563
503 514
410 555
430 514
370 416
400 514
458 553
445 465
520 527
373 545
359 474
374 524
412 488
360 565
500 531
436 507
400 512
553 567
388 566
397 544
397 546
417 570
507 566
461 471
445 460
507 561
422 545
438 446
497 507
440 449
348 565
400 420
503 556
416 569
455 553
554 563
387 524
428 436
544 557
408 556
419 544
395 567
352 375
553 570
504 562
370 553
348 360
348 374
375 404
504 544
