1610 1832
1557 1717
1146 1149
1707 1842
1242 1861
916 1302
1302 1736
1340 1344
1617 1637
1336 1619
484 1740
991 1561
1406 1502
950 1494
1126 1849
1104 1655
1237 1427
947 1563
1297 1387
1454 1871
1242 1644
1227 1500
1483 1832
1669 1804
1215 1786
1645 1744
1559 1861
1135 1522
1019 1591
952 1128
1420 1571
366 1155
1242 1589
1741 1782
1149 1707
1475 1573
1173 1359
1306 1738
1467 1685
982 1078
1548 1733
1481 1633
1277 1292
1126 1485
1457 1471
1067 1841
1474 1840
938 1733
1330 1900
924 1109
1668 1752
1131 1236
1075 1112
1127 1183
580 606
1429 1526
1793 1845
1076 1816
957 1066
947 1597
980 1800
1250 1839
1339 1391
1026 1621
1004 1683
1339 1757
1327 1800
1139 1815
1273 1848
1018 1277
980 1086
1469 1739
1291 1603
1259 1745
922 1702
1467 1643
1204 1277
637 1573
1449 1888
1563 1643
1335 1737
936 1223
1605 1898
1717 1789
1010 1170
1003 1851
1184 1199
1099 1828
1563 1730
1392 1655
1120 1479
1209 1597
942 1515
1230 1730
1663 1736
993 1291
1589 1685
1082 1628
1198 1598
1256 1900
934 1175
1074 1570
1766 1801
1004 1523
1352 1669
1205 1535
1166 1245
1146 1861
1379 1857
1051 1481
1352 1867
917 957
1078 1079
1402 1888
1291 1619
1059 1375
946 993
1707 1902
1146 1539
1823 1886
1052 1226
376 1777
1251 1705
993 1835
1125 1431
1280 1431
1287 1823
1163 1652
1724 1827
580 1574
1222 1620
1173 1665
1137 1186
1469 1703
1132 1746
1819 1846
917 1786
637 1673
1665 1746
1367 1554
1068 1390
1175 1833
1554 1736
1172 1610
1173 1637
925 1312
932 1665
1715 1841
1471 1561
980 1902
1077 1171
1800 1842
1082 1611
1217 1247
1081 1515
1557 1864
1288 1663
1083 1205
1765 1851
1361 1377
925 1827
1211 1390
932 1622
1039 1214
1525 1783
1344 1816
1231 1638
967 1480
1029 1598
1257 1292
1872 1893
1260 1525
1480 1886
898 969
967 1329
1632 1827
975 1404
1076 1796
1489 1515
1438 1611
1314 1880
1587 1647
1128 1675
1250 1554
1804 1827
1568 1601
1335 1471
1215 1503
1047 1609
1431 1542
1024 1809
484 1374
1238 1608
1201 1329
1509 1730
941 1462
1123 1456
1311 1348
1448 1591
563 1688
1390 1886
1196 1612
1173 1717
1312 1717
1472 1630
107 1012
1617 1717
1259 1624
1242 1659
1572 1724
1741 1886
1063 1238
1590 1846
1205 1571
1153 1491
1650 1828
1256 1488
1431 1530
980 1833
1209 1816
1793 1864
933 1215
1222 1497
1083 1391
1230 1911
1283 1421
1243 1754
1524 1888
1540 1891
1369 1780
1070 1188
927 1675
1059 1242
1707 1717
966 1717
1447 1714
1697 1718
1491 1617
1714 1902
1715 1716
1150 1656
906 1570
1214 1580
1031 1165
1115 1691
992 1798
1136 1705
915 1549
1267 1339
953 1280
483 1850
1199 1813
1551 1639
897 1835
999 1172
903 1733
1271 1402
1447 1723
1032 1706
1721 1827
1471 1821
1086 1868
1099 1582
1044 1459
1207 1449
1617 1754
1199 1653
959 1238
1189 1630
1281 1720
1079 1365
921 1718
483 1682
1320 1744
992 1424
982 1125
1458 1774
1187 1328
984 1828
906 1652
1376 1737
1561 1702
1221 1578
1075 1243
966 1610
1242 1683
107 1029
1580 1805
1107 1447
1285 1712
1235 1830
1272 1730
1250 1559
984 1706
363 936
938 1568
978 1017
1275 1783
1203 1307
972 1040
1173 1243
1462 1591
1480 1621
1014 1273
1175 1331
1447 1589
1616 1673
1146 1399
1255 1603
1115 1862
1312 1603
1107 1199
1255 1827
1068 1156
1230 1849
1688 1867
917 1060
1358 1790
1823 1833
526 1616
1480 1513
1344 1589
1799 1845
1216 1798
1706 1742
897 1256
1235 1611
1193 1838
1250 1622
389 1189
1157 1501
966 1367
1603 1791
977 1709
966 1833
1191 1491
1488 1717
1225 1299
1456 1662
946 1752
1028 1092
1011 1260
921 1291
1350 1432
1028 1149
606 1300
1322 1438
1714 1839
1509 1683
1004 1623
1399 1791
1128 1352
1604 1868
1810 1833
1006 1130
1356 1566
1207 1571
1408 1878
967 1768
902 1691
606 1616
1416 1714
1256 1390
1457 1600
1504 1770
1149 1800
1768 1863
993 1796
1554 1612
1282 1286
1221 1830
1117 1571
1272 1839
1162 1761
1559 1570
1079 1107
1171 1450
1573 1655
1172 1839
902 1596
1506 1616
1610 1800
1487 1536
1001 1114
1309 1871
1192 1257
957 1392
1273 1871
1026 1637
1596 1611
1075 1390
483 1122
1156 1172
1388 1447
1272 1590
1464 1677
1667 1840
1668 1791
1379 1423
1052 1727
925 1125
1092 1603
1004 1752
1388 1754
1051 1584
1260 1709
1531 1543
1467 1491
1243 1833
1330 1605
925 1771
1515 1591
934 1026
966 1117
1183 1540
1418 1904
1559 1730
1333 1533
1509 1839
1164 1734
920 1484
1158 1227
1184 1752
1214 1243
1514 1602
1753 1886
1663 1851
1416 1480
1305 1621
1375 1771
1551 1734
1739 1906
1170 1549
1377 1467
982 1809
1668 1902
1035 1472
1287 1352
1488 1823
1366 1427
1478 1694
1520 1610
1257 1592
932 1594
954 1820
1391 1689
1146 1329
959 1832
1298 1479
1409 1613
1652 1689
1599 1761
1447 1868
1238 1487
1388 1772
993 1149
1330 1604
915 1881
1291 1800
1377 1868
1184 1612
982 1736
1665 1809
921 1730
1502 1649
1126 1816
1409 1712
1075 1752
1242 1538
1576 1583
1068 1660
1101 1471
1658 1794
1750 1799
977 1748
1459 1502
1015 1592
1107 1584
941 1502
1471 1563
1156 1538
1493 1548
991 1317
1172 1730
1376 1431
1036 1129
1124 1768
1642 1670
1399 1589
1032 1281
1370 1849
1256 1768
906 1689
107 1003
1130 1826
1139 1308
1736 1791
1126 1612
1705 1825
107 1365
107 899
1086 1130
917 1099
1511 1567
1238 1551
919 1245
1557 1867
960 1238
989 1462
1043 1045
1236 1633
993 1557
1322 1432
903 1363
896 1303
1032 1894
1799 1886
1551 1643
1337 1441
1009 1322
1485 1612
1133 1471
1516 1547
906 1663
1245 1373
947 1669
1184 1653
1274 1433
1392 1871
1126 1663
1101 1597
1528 1753
1409 1605
1285 1662
1459 1647
1061 1325
1597 1746
1471 1509
1329 1791
1388 1520
1175 1214
1029 1557
1059 1623
970 1806
944 1725
1493 1880
1073 1307
1173 1861
1163 1456
1330 1390
1703 1876
1124 1626
1199 1377
908 1806
1420 1456
1255 1334
1215 1591
952 1791
1021 1350
1513 1622
1250 1491
929 1317
980 1717
1509 1590
1256 1516
1553 1847
1159 1584
1529 1781
1735 1836
1369 1589
917 1824
1182 1757
1301 1369
483 1374
1093 1366
1397 1844
1839 1888
921 1026
1020 1786
1367 1522
1231 1591
980 1422
1047 1126
1239 1721
1335 1810
997 1117
1125 1789
1113 1870
902 981
1403 1499
1897 1910
1662 1789
1074 1399
1101 1799
1473 1738
930 1679
1551 1637
952 1530
1211 1736
1367 1449
1720 1893
1242 1795
475 1300
107 1692
1345 1404
1467 1823
1201 1243
1608 1735
1199 1849
1543 1574
1390 1902
1191 1447
1361 1619
988 1583
1769 1836
1730 1819
1398 1863
1360 1708
1107 1845
1059 1796
1448 1636
1059 1612
999 1078
483 1454
1214 1377
1180 1214
896 1899
1284 1492
1688 1724
1462 1841
1339 1538
1226 1311
1221 1345
997 1613
1287 1888
1222 1621
1485 1659
1787 1880
1335 1559
1534 1642
1125 1399
1004 1344
1238 1335
637 1606
1143 1231
1152 1373
901 1363
952 1399
1076 1184
1399 1683
1148 1459
1768 1823
980 1753
1597 1800
980 1612
1160 1610
951 1687
1523 1867
1126 1813
1519 1642
932 1191
1019 1350
1158 1729
1182 1185
1230 1352
913 1052
1367 1909
1388 1736
1018 1303
1238 1255
1298 1404
1164 1730
1652 1724
1391 1662
1320 1400
1410 1866
967 1835
997 1668
1791 1849
1377 1833
1277 1298
1385 1831
1491 1678
1081 1824
1024 1458
1028 1532
483 1660
966 1839
1339 1632
1522 1669
1129 1404
1076 1700
1255 1570
107 1329
966 1184
1231 1862
1843 1845
1277 1414
1591 1873
1603 1612
967 1146
1640 1840
1160 1809
580 976
1192 1611
1722 1741
353 651
107 1819
947 1761
1054 1608
1496 1904
1153 1352
1183 1807
1340 1612
1376 1826
1205 1238
1049 1621
1288 1289
1358 1660
1522 1707
1098 1511
1435 1867
1329 1516
1717 1816
968 1343
1010 1725
1173 1669
1100 1862
1033 1687
641 1237
1190 1227
1060 1475
1272 1685
1155 1574
1393 1535
1309 1373
1582 1812
1294 1602
1447 1835
933 1706
964 1005
1380 1741
1347 1479
1376 1789
1333 1798
896 1261
1117 1722
1095 1487
1076 1714
107 1291
1267 1823
1004 1688
1117 1205
1619 1886
1033 1908
1118 1363
1243 1497
1491 1613
1083 1752
1078 1799
1079 1621
1287 1816
902 1067
1737 1810
924 1709
1021 1221
969 1729
1612 1623
1078 1902
1074 1685
1003 1305
1323 1888
1166 1893
1165 1384
1222 1793
1638 1893
1230 1842
1020 1066
1584 1613
107 1663
1334 1612
1612 1707
1539 1721
1772 1849
107 1516
1086 1768
925 1668
1304 1709
1712 1789
1409 1791
967 1441
1293 1617
1367 1809
1598 1665
1407 1730
1100 1229
994 1818
1289 1668
1068 1436
1637 1804
1530 1663
1211 1839
1526 1645
1215 1783
363 1512
1530 1793
1471 1547
1216 1784
1307 1806
1731 1761
917 1303
1302 1665
1014 1828
1186 1363
954 1102
1636 1903
1553 1806
1544 1822
947 1639
943 1167
1256 1888
1874 1888
1078 1789
1380 1554
1357 1397
1509 1612
107 1330
1391 1639
641 1060
1322 1903
1712 1793
1075 1768
1413 1578
1086 1517
948 1763
977 1011
1161 1561
1547 1559
1267 1289
1261 1277
1130 1868
1522 1563
1307 1433
1024 1480
1617 1621
1195 1563
1379 1682
1166 1525
1126 1753
1652 1795
1605 1816
1613 1662
1081 1704
1514 1679
1665 1898
1126 1327
1399 1535
1029 1768
1257 1587
1356 1453
960 1714
1146 1663
913 1699
1674 1800
107 1048
1082 1284
1283 1827
1256 1409
107 1803
952 1017
1473 1487
1393 1409
1388 1571
1211 1598
1019 1596
1211 1609
1217 1575
1153 1175
1059 1149
946 1361
1117 1622
606 1620
107 1097
1601 1733
1623 1827
1583 1596
1714 1821
1289 1530
1577 1618
1322 1591
1464 1660
1078 1603
1554 1768
960 1668
972 1288
896 1903
1600 1768
1376 1547
1146 1391
1271 1619
1235 1871
989 1661
1151 1540
1039 1388
1042 1366
1635 1636
1126 1717
1006 1662
1092 1827
1214 1613
1435 1717
1128 1835
1047 1867
1547 1605
1080 1446
1097 1787
1175 1809
1135 1497
1669 1746
917 1159
1250 1608
1076 1612
1661 1907
107 414
1729 1871
898 1406
898 1751
946 1312
1563 1782
953 1447
580 1025
1199 1622
414 475
1529 1761
1469 1664
1343 1435
1126 1810
1115 1462
1269 1675
1487 1543
1083 1839
483 484
997 1842
1483 1813
1258 1304
1359 1902
1146 1547
1620 1768
1124 1352
1019 1448
1391 1491
1199 1772
1112 1242
1352 1685
107 1001
1217 1699
1230 1736
1242 1888
1027 1627
1201 1621
1227 1587
107 961
936 1606
1260 1304
993 1205
1432 1611
1017 1714
1460 1501
1750 1867
1290 1613
1221 1635
1516 1736
1123 1458
1188 1634
1271 1793
999 1059
1494 1567
952 1516
1349 1740
1159 1472
1078 1471
1227 1682
1235 1322
1538 1662
1117 1800
1686 1720
1361 1584
1172 1341
1485 1782
1014 1066
389 1428
1117 1339
1530 1610
1181 1849
1270 1711
1284 1479
1331 1589
1488 1833
1182 1718
969 1406
1563 1570
1215 1273
1789 1800
1126 1590
1102 1786
1052 1247
1523 1863
1101 1211
1079 1793
1020 1166
1437 1845
1123 1782
1678 1847
1225 1338
1661 1716
1431 1813
954 1277
941 1235
1012 1113
1661 1893
1026 1835
1075 1870
1166 1504
1132 1467
934 1522
997 1610
1047 1557
1438 1583
1020 1742
107 1795
1125 1380
983 1791
1059 1335
975 1462
1053 1171
1612 1714
1735 1839
1076 1079
1040 1078
1093 1646
1772 1902
898 1824
1100 1812
1358 1881
1600 1891
1329 1723
1540 1827
1841 1875
1540 1819
1040 1256
1235 1715
1211 1864
1134 1709
947 1449
1603 1879
1290 1867
1288 1335
637 1143
1081 1783
1515 1638
1221 1872
1191 1331
1149 1735
967 1528
1260 1634
980 1768
963 1648
1074 1460
1373 1727
1097 1880
1198 1352
1017 1431
1231 1286
1260 1725
1095 1692
1125 1207
1250 1278
926 1835
1056 1800
1001 1349
1156 1437
1049 1721
925 1267
1321 1858
1085 1193
1083 1460
1329 1513
1199 1365
1416 1589
1328 1705
107 1838
1222 1331
1370 1409
1124 1520
1032 1871
1563 1769
1391 1867
1125 1662
1565 1870
1427 1801
1052 1504
1513 1535
1209 1791
954 1303
1349 1358
1513 1637
967 1782
1634 1876
1413 1732
1146 1334
1647 1716
1024 1530
1257 1841
1112 1789
1078 1243
959 1447
1288 1842
1097 1468
1459 1462
1161 1911
944 1072
1227 1728
1495 1751
1086 1427
1076 1888
1449 1488
1047 1675
1172 1604
1068 1598
1324 1871
1597 1736
896 1104
483 1574
925 1017
1398 1449
954 1502
1530 1643
1222 1835
1185 1530
1676 1713
1282 1638
1361 1376
966 1810
1296 1385
517 1677
1589 1717
1375 1538
1277 1596
1289 1589
107 1548
1004 1842
1431 1819
980 1774
1263 1591
994 1021
1811 1888
1522 1886
1644 1827
1019 1192
1001 1207
1146 1209
1423 1576
1523 1617
1290 1339
1261 1894
1376 1539
1612 1768
1533 1747
1574 1740
1427 1549
1017 1128
1032 1382
1352 1819
967 1554
1550 1628
1649 1871
484 1029
967 1520
1289 1714
967 1195
1392 1628
1104 1475
1209 1804
1172 1331
1214 1622
1267 1827
1156 1804
1066 1742
1390 1618
1094 1154
1204 1298
1222 1341
1135 1646
1068 1809
1588 1705
960 1125
897 1765
925 1520
1809 1826
1230 1793
1591 1807
1291 1795
1598 1877
1267 1689
366 1692
1433 1494
1184 1524
1389 1559
1048 1126
1184 1584
1214 1370
1587 1655
348 484
1287 1598
1097 1892
1423 1438
1440 1718
999 1006
1868 1900
1227 1345
1066 1277
1229 1261
1299 1469
1488 1559
932 1331
1097 1837
915 1778
1772 1804
946 1721
1219 1888
963 1452
1032 1277
1647 1661
1370 1827
1086 1376
1576 1611
925 1003
1371 1467
1214 1238
1520 1622
1280 1608
1798 1880
1459 1875
1583 1862
1086 1721
1146 1570
1580 1746
997 1029
1037 1338
1538 1559
1059 1712
1429 1704
1041 1259
1017 1456
1319 1747
1636 1884
1509 1768
1204 1573
967 1563
934 1597
1409 1571
1542 1589
916 1752
1482 1634
1620 1823
1733 1747
1260 1469
1052 1541
1110 1800
1550 1596
1335 1584
969 1396
1683 1774
1604 1610
1082 1680
1329 1407
1059 1653
1542 1826
1189 1348
484 1620
947 1352
1103 1850
1185 1471
107 1069
1293 1605
1199 1827
925 1269
927 967
475 1374
1107 1589
997 1153
1238 1388
1124 1608
1495 1502
1132 1898
526 1209
1525 1541
1554 1845
107 1591
986 1355
1173 1577
1205 1456
1281 1828
1122 1155
1404 1628
1125 1516
1175 1390
1199 1717
950 1445
925 1339
107 1793
1156 1604
1126 1330
1269 1823
1199 1614
1361 1447
1017 1024
1625 1878
1390 1610
107 908
1019 1859
1156 1230
916 1269
1165 1505
1078 1879
932 1440
1274 1511
1604 1717
1335 1603
1051 1306
1006 1132
1360 1588
1783 1824
999 1547
1491 1799
1388 1888
1352 1765
1017 1336
107 1038
1736 1768
1284 1820
1551 1835
1185 1484
1375 1833
1185 1610
1333 1378
1075 1460
1471 1613
1190 1786
949 1681
1523 1532
1148 1587
1717 1800
965 1275
1067 1148
1163 1868
1230 1902
484 1813
1622 1833
1345 1438
1331 1793
980 1621
1620 1689
1063 1868
1431 1547
1342 1637
1113 1142
1230 1753
1519 1557
1796 1833
1399 1584
1017 1367
483 930
1113 1332
1265 1590
1685 1771
1753 1888
1255 1390
1448 1596
1184 1789
1420 1612
1335 1613
580 1790
1049 1864
1078 1146
949 1348
1205 1864
1653 1717
1118 1880
999 1181
606 1334
1277 1595
1313 1694
1269 1391
1318 1763
1036 1284
1401 1823
1117 1683
1104 1148
978 1471
1155 1616
1153 1736
1361 1644
953 1902
1515 1875
1405 1860
1530 1839
993 1211
1272 1376
1075 1614
1172 1335
1051 1686
1471 1909
1067 1592
957 1315
107 1637
1554 1689
1345 1742
1331 1809
1538 1833
1598 1826
971 984
1232 1378
1185 1685
1431 1796
1242 1835
1125 1449
1284 1404
982 1163
1255 1746
1904 1906
1032 1786
1075 1290
981 1404
1178 1641
1694 1831
1230 1516
484 1300
1149 1665
1619 1707
981 1036
1757 1804
484 913
1085 1537
1083 1851
1204 1649
1211 1735
1227 1292
896 1790
988 1591
1238 1571
1085 1494
1250 1879
1409 1669
1163 1207
1539 1557
1204 1859
1446 1763
953 1898
1085 1360
1211 1370
925 1717
915 1602
916 1900
1083 1547
909 1197
1076 1520
538 1692
1620 1653
1205 1470
1393 1707
1172 1390
1522 1528
979 1403
967 1689
1511 1676
1070 1228
1205 1329
1502 1706
1650 1727
1600 1752
1288 1399
1722 1797
1376 1589
107 1120
1356 1910
1361 1399
1173 1335
1222 1902
1101 1341
1431 1804
1523 1689
1617 1804
1113 1744
1024 1214
475 1545
1332 1625
1571 1864
967 1312
929 1505
1048 1290
1175 1302
1598 1707
1432 1859
1659 1877
1225 1634
1056 1688
1079 1117
981 1611
1668 1868
1137 1216
999 1416
1126 1375
1054 1367
897 922
1676 1825
906 1891
1615 1708
1191 1639
1250 1431
924 1228
1101 1205
1235 1426
949 1541
1076 1146
1199 1842
1730 1823
1598 1736
1769 1799
1604 1897
1596 1841
1462 1596
959 1330
1267 1707
1426 1462
1772 1879
963 992
959 1006
1184 1835
1480 1789
1040 1823
1377 1540
1185 1761
1067 1857
1457 1888
1076 1509
997 1409
989 1716
947 1612
1238 1470
1525 1630
1055 1513
921 1845
1584 1730
1101 1804
1388 1663
1172 1816
975 1423
1238 1746
1613 1736
1075 1123
1018 1578
1626 1774
1334 1897
1229 1691
1024 1736
916 1619
1351 1516
1596 1862
947 1614
1557 1796
1471 1902
1158 1277
641 1235
1269 1291
1637 1765
1585 1590
1636 1857
475 1358
1086 1238
1078 1391
1019 1322
1274 1325
1268 1876
1052 1428
1166 1338
1135 1255
1529 1667
1146 1644
1009 1573
107 1429
1003 1331
1639 1730
984 1502
1298 1728
107 1271
1080 1318
1420 1557
1388 1849
1593 1784
1707 1799
1195 1891
1047 1800
1227 1381
966 1619
1571 1839
1006 1683
1078 1376
1729 1828
363 1529
1604 1619
1020 1824
898 1820
1483 1736
1107 1730
1198 1804
1028 1267
1358 1425
1600 1819
1123 1845
1343 1436
1117 1538
596 1235
1138 1218
1137 1371
1887 1899
1062 1739
1350 1859
1267 1849
1763 1773
1781 1783
906 1644
376 483
1130 1399
1338 1525
1374 1574
1158 1292
1637 1888
1554 1557
1199 1559
1589 1707
1076 1530
1006 1712
1017 1669
1230 1620
1285 1707
1144 1174
1796 1800
1312 1612
1195 1782
1138 1266
1352 1467
1715 1873
921 1761
483 1166
1184 1736
1153 1376
1391 1730
637 1536
1340 1789
967 1149
1287 1471
1217 1536
1828 1893
993 1643
970 1555
1559 1683
1277 1286
483 1277
1205 1793
1338 1549
980 1793
970 1567
983 1662
1017 1219
1483 1551
1379 1479
966 1800
925 1352
1211 1669
526 1049
1305 1524
944 1366
963 1548
1211 1538
517 1514
1146 1795
1604 1809
1189 1831
1209 1528
997 1730
1078 1888
1078 1341
1190 1479
1516 1621
1052 1482
1341 1683
925 1456
1006 1402
1330 1811
1126 1173
1044 1636
1026 1753
1130 1712
1235 1783
1070 1109
1289 1750
1409 1685
1504 1815
1080 1881
1456 1610
1027 1890
1761 1888
1330 1520
921 1823
1211 1398
1460 1835
1495 1573
925 1769
978 1191
1667 1699
1497 1675
1453 1885
1112 1746
1514 1801
1647 1872
1082 1298
1077 1702
363 526
977 1189
953 1047
1522 1621
1255 1280
1086 1746
1800 1888
580 637
1269 1799
1059 1491
1237 1487
1388 1393
1219 1864
1122 1679
1078 1804
1107 1668
1267 1746
1449 1456
1329 1388
1551 1669
1040 1542
580 1616
1062 1630
952 1185
1736 1819
1086 1198
1588 1803
999 1752
1078 1612
1457 1707
941 1412
1158 1503
1449 1809
1663 1891
1732 1820
1028 1718
1182 1405
1243 1623
1139 1260
1014 1454
1231 1636
1116 1730
1079 1652
1129 1573
1315 1583
1021 1596
927 1520
1302 1810
897 1219
1181 1198
1107 1153
978 1124
1588 1806
1628 1720
1003 1641
1398 1845
1454 1812
483 1396
1551 1617
1475 1628
1329 1377
1705 1803
1365 1612
1101 1132
1049 1877
1213 1725
1110 1526
1399 1617
1323 1609
1554 1791
1539 1683
1040 1083
1095 1113
1352 1746
1334 1540
1083 1457
171 1684
1316 1729
1028 1449
1376 1522
980 1721
1182 1195
1665 1689
995 1551
1330 1888
1315 1459
1029 1843
1126 1153
1349 1673
1166 1703
1124 1898
946 1149
1160 1620
1237 1692
896 1638
916 1153
1535 1835
1032 1729
483 1273
1149 1181
1286 1893
1156 1401
1175 1765
1271 1610
1082 1583
526 1540
366 538
1539 1663
1137 1568
1235 1635
107 1851
1347 1379
983 1845
1193 1387
896 1583
896 1591
1313 1878
1284 1462
1271 1605
1026 1757
107 1211
1231 1423
947 1305
107 1477
1329 1528
1440 1639
1557 1877
1043 1197
1329 1563
1080 1801
1192 1682
917 1183
1101 1199
972 1006
1741 1867
1222 1590
984 1099
1379 1903
936 1114
1235 1350
1079 1390
1352 1542
1113 1427
1006 1826
1669 1757
1170 1412
963 1314
981 1899
1340 1833
1033 1307
916 1288
1718 1835
1245 1309
1293 1376
1067 1426
107 363
1202 1253
1577 1718
1124 1243
580 1694
1533 1733
1302 1391
1009 1204
1604 1669
1446 1574
934 1302
1369 1420
1675 1804
1060 1158
1121 1472
414 483
902 1082
1447 1612
1079 1522
1130 1547
1107 1361
1083 1483
1271 1559
1557 1669
1611 1720
916 1184
1198 1488
1238 1832
953 1551
1334 1471
1314 1895
1028 1185
1183 1246
1653 1796
1488 1782
366 484
993 1059
1026 1028
1124 1888
1621 1827
1159 1630
1185 1211
953 1243
916 1754
1017 1399
1589 1590
1497 1761
916 1199
1029 1804
1205 1663
1029 1487
1288 1809
1390 1737
942 1261
1217 1569
1282 1373
1261 1751
1661 1783
1085 1410
1389 1551
1006 1821
1707 1735
1214 1289
1020 1099
1402 1488
1553 1768
1390 1750
1173 1570
1409 1722
420 563
1359 1391
1215 1893
1346 1537
1048 1559
975 1426
1429 1489
1075 1864
1437 1707
1281 1783
484 1885
1467 1769
1333 1493
1117 1902
1365 1589
1076 1367
1222 1888
1563 1665
1734 1746
517 637
517 1692
1842 1879
1497 1566
1032 1170
917 1785
1334 1603
1146 1799
1074 1553
1619 1683
483 1766
959 1078
1396 1848
1250 1610
1799 1816
1150 1476
1074 1084
1330 1610
1361 1722
1017 1078
925 1597
1610 1665
1608 1610
1779 1851
964 1482
1179 1374
1167 1633
896 1611
980 1559
1813 1898
1207 1823
1439 1757
1076 1799
1284 1322
1041 1109
1129 1583
1525 1529
959 1402
1294 1427
947 1750
921 1377
1195 1538
1551 1842
1175 1774
1181 1721
1074 1864
1736 1816
1680 1872
606 963
912 1357
925 1181
1827 1877
950 1555
1504 1906
1049 1620
1366 1435
949 1428
916 1211
1338 1357
1356 1881
1557 1559
968 1052
1051 1569
107 1101
1023 1674
896 1221
968 1696
1001 1692
1017 1683
1377 1483
1052 1217
1320 1625
1051 1338
1735 1823
925 1334
1729 1732
1201 1470
1622 1685
1086 1431
1685 1741
1542 1800
1507 1624
1744 1844
1185 1659
1160 1380
993 1290
952 1076
915 930
641 1318
1315 1438
1406 1871
1604 1663
1361 1557
932 1754
1357 1767
1009 1277
1148 1426
1126 1604
1078 1457
1026 1164
1067 1576
1056 1805
896 1108
1373 1907
1217 1338
916 1330
917 1309
1106 1507
939 1154
935 1007
1867 1881
1142 1574
483 1871
1032 1282
1786 1893
1222 1730
1319 1493
1488 1722
921 1753
107 1563
1446 1766
1590 1793
1078 1351
1793 1833
1104 1871
1810 1826
107 903
1577 1666
1059 1816
921 1516
932 1256
1079 1344
1766 1881
1302 1390
1361 1390
1402 1827
1563 1637
1185 1789
366 1300
1257 1432
1501 1845
1302 1827
1689 1752
1404 1426
1269 1570
1794 1807
1269 1547
914 915
1489 1661
107 1554
1059 1736
1164 1600
428 1536
995 1741
1291 1416
107 1691
1426 1661
1663 1902
1045 1197
1086 1199
1078 1172
1459 1495
1399 1714
1282 1406
1389 1604
1299 1472
1431 1538
1017 1130
966 1256
1352 1377
1250 1293
1488 1668
1199 1722
1320 1374
946 1782
1567 1593
1277 1848
1707 1730
1296 1770
1331 1826
1067 1893
1211 1683
1238 1483
484 1320
1288 1456
921 1230
1199 1768
925 1175
1156 1288
1184 1597
107 1791
1359 1620
917 938
1359 1517
1423 1426
1284 1587
1343 1630
1030 1111
1303 1742
1722 1754
1302 1612
1423 1841
1335 1580
1315 1576
988 1298
1014 1473
917 1533
1230 1609
1191 1675
949 1072
1813 1826
1245 1582
947 1603
1509 1554
960 1707
1390 1608
1409 1714
1344 1800
1131 1258
960 982
1211 1842
997 1173
1222 1839
1277 1413
1227 1479
1522 1821
1452 1798
1123 1391
1026 1559
1101 1480
1335 1842
601 1122
1126 1456
1562 1896
1172 1376
1101 1752
1769 1774
1076 1416
1185 1753
1516 1813
1042 1634
1398 1833
1083 1902
1589 1750
925 1557
1580 1772
1628 1872
1365 1584
917 1531
1520 1750
1269 1888
1052 1807
483 1014
1302 1467
1370 1559
1554 1799
896 1129
1272 1888
1149 1768
1205 1331
953 1675
981 1459
1332 1773
924 1366
1402 1604
1557 1793
1420 1522
1622 1663
1525 1536
1059 1367
1624 1709
1432 1661
1471 1516
1426 1655
1652 1819
1198 1344
1173 1554
1245 1382
1480 1590
1420 1513
1132 1813
1126 1509
1341 1370
1086 1761
1101 1768
637 1720
1490 1673
941 971
1516 1557
1124 1800
1201 1835
1471 1804
1335 1377
1479 1884
1613 1902
972 1900
1172 1637
1522 1718
998 1537
1470 1609
1437 1816
1019 1347
1621 1707
1012 1358
953 1389
1172 1707
1001 1357
1184 1879
1197 1441
896 1550
1361 1891
1341 1449
1752 1800
1078 1621
1100 1841
1312 1846
1074 1407
1288 1712
1120 1235
1604 1861
1399 1823
1514 1878
1500 1630
1392 1899
1367 1420
1107 1172
1566 1814
1052 1343
1434 1564
1009 1257
1565 1695
1366 1876
1619 1826
1795 1827
1321 1337
1689 1879
1128 1827
1524 1796
946 1399
1374 1767
107 1813
107 428
1473 1574
1024 1614
606 1876
1431 1782
993 1753
1721 1835
1011 1348
1160 1214
1811 1813
969 1502
1091 1839
1057 1607
1327 1663
1184 1839
1131 1815
1515 1742
1329 1613
1245 1661
1078 1538
1735 1800
1217 1366
1330 1663
1336 1516
1003 1557
1361 1456
1092 1754
1377 1590
1113 1881
1079 1184
903 1568
1282 1381
1017 1839
1217 1453
1267 1597
1230 1409
1011 1338
1041 1246
651 1709
1557 1735
1613 1685
1329 1714
1435 1523
1783 1893
1132 1288
1086 1643
1584 1717
651 936
916 925
1535 1768
925 1539
1277 1479
1621 1689
1024 1488
1127 1236
1196 1197
1104 1682
1390 1868
1573 1691
947 1390
1303 1582
1088 1193
1288 1717
936 1001
1217 1620
1617 1689
1269 1833
1051 1496
1255 1721
1621 1668
1352 1668
1390 1643
1302 1584
1124 1754
988 1277
997 1330
1649 1790
1520 1639
1415 1783
1471 1652
976 1374
1258 1738
1126 1351
1054 1086
1017 1331
1095 1294
1737 1741
1090 1141
1227 1229
1509 1901
1373 1786
1125 1547
1603 1613
1184 1867
483 1495
1613 1632
1565 1606
1098 1719
1678 1717
917 1507
975 1475
1645 1878
949 1189
1311 1366
1610 1793
1010 1633
1456 1826
1380 1619
1182 1663
993 1535
997 1551
1339 1768
1126 1335
1335 1665
1462 1728
1129 1227
1491 1516
389 1473
1390 1488
1327 1518
1182 1835
483 962
1106 1591
1736 1879
1076 1752
107 1544
924 1725
1500 1633
1420 1580
1041 1624
1156 1271
939 1212
1148 1322
993 1467
1024 1370
1126 1886
1086 1835
1192 1857
1128 1735
1341 1826
1410 1433
1594 1911
1601 1629
1092 1367
1339 1659
1189 1847
1723 1730
1471 1551
1124 1554
1413 1716
1014 1899
1184 1795
1246 1569
1211 1458
1489 1649
1048 1365
107 1055
1603 1752
107 1149
606 1313
1267 1557
1198 1879
1024 1291
1017 1685
1330 1401
1683 1839
1181 1714
1487 1604
1117 1516
997 1256
1237 1616
1608 1689
1120 1587
1675 1861
1037 1469
526 1740
376 1358
1083 1207
1819 1877
1107 1516
1636 1859
1269 1610
1324 1751
1199 1551
1041 1770
1054 1768
1334 1516
1089 1354
1204 1454
1146 1683
1352 1623
968 1818
1243 1530
1078 1185
1238 1707
1126 1800
1032 1812
1199 1584
1702 1863
960 1156
1107 1407
1267 1269
1017 1230
1205 1608
925 1390
1344 1572
1515 1783
1323 1663
1849 1888
942 1508
1683 1730
1048 1622
1067 1432
1043 1384
1284 1454
1081 1786
1388 1409
1391 1761
1551 1736
1427 1545
1572 1789
1712 1746
934 1761
1355 1876
1185 1467
1169 1904
1277 1893
1086 1180
1185 1833
1163 1816
1219 1289
1584 1823
925 1471
1551 1791
1469 1709
1723 1809
1568 1798
1287 1827
966 1291
1127 1709
1610 1717
1431 1736
1520 1761
1709 1748
1019 1204
1551 1877
1485 1827
1051 1183
1399 1621
930 1695
107 1142
1638 1820
1557 1761
1520 1563
1123 1712
1222 1702
1059 1416
1227 1873
1329 1420
1540 1845
981 1438
1547 1600
363 1790
1275 1876
483 1099
967 1604
1328 1803
1012 1699
1516 1570
1003 1622
1095 1604
1126 1685
1061 1328
1491 1663
999 1551
1551 1753
1361 1723
1470 1768
1100 1277
1663 1879
1091 1457
1358 1545
1377 1551
1837 1895
916 1563
1235 1899
483 1155
353 1313
1199 1735
1209 1644
1003 1520
1199 1619
1375 1589
946 1420
1619 1714
1289 1879
1003 1644
348 517
1107 1409
637 1830
1061 1676
1214 1570
1123 1839
1185 1334
1370 1736
1204 1423
1366 1472
107 1792
1048 1124
637 1429
1135 1420
606 1490
1391 1603
1554 1877
1305 1622
1471 1614
1024 1086
1097 1319
1062 1896
1258 1275
933 1850
1547 1556
1009 1261
1068 1365
1390 1823
1594 1858
1012 1844
1020 1661
1201 1447
1743 1831
107 1885
1271 1336
1330 1598
1597 1665
1221 1432
1298 1716
1028 1163
1471 1683
1339 1771
1732 1907
1390 1520
1741 1816
977 1482
1174 1803
1655 1841
1052 1188
1028 1867
1634 1699
917 1037
1094 1343
1298 1350
1256 1563
965 1536
1104 1884
1746 1761
1054 1795
1573 1873
1040 1849
1227 1591
1235 1636
1754 1864
1377 1721
1126 1839
1104 1550
1349 1531
1369 1471
1107 1663
993 1721
1101 1662
1523 1835
1231 1628
1097 1232
1209 1663
1222 1811
978 1255
990 1505
1786 1873
924 1496
1529 1807
484 1506
1017 1291
1288 1457
1370 1547
1587 1742
1290 1752
1269 1580
924 940
1288 1741
1191 1211
1014 1725
925 999
1125 1267
1007 1573
1352 1612
946 1182
1435 1746
1734 1861
1110 1754
1833 1888
956 1889
1251 1307
1472 1876
1146 1793
1059 1255
1421 1687
1218 1593
1109 1189
947 1799
1714 1721
953 1619
1447 1663
1402 1791
1126 1707
999 1516
1284 1576
1573 1786
1523 1746
932 1302
1532 1827
428 1777
1416 1827
931 1343
637 1189
1539 1791
930 1660
1369 1656
1275 1299
1100 1462
971 1850
1009 1459
1596 1899
1199 1826
1310 1876
1250 1724
1584 1816
1322 1596
1377 1643
1340 1717
963 1837
1298 1841
1123 1639
908 1327
107 1384
1542 1712
1563 1669
1077 1577
1146 1879
1050 1779
1225 1536
977 1072
1245 1454
1315 1573
1070 1306
1438 1899
1091 1456
1163 1809
1067 1277
1412 1633
1588 1687
972 1809
1647 1841
1059 1293
1205 1813
1489 1706
1272 1793
1280 1670
1610 1796
999 1439
1662 1774
1104 1812
958 1733
1172 1605
1567 1806
1082 1475
1104 1462
1068 1665
1335 1369
1126 1269
1106 1311
1255 1643
1180 1447
906 1376
1195 1431
1379 1691
1158 1345
1551 1663
1467 1598
901 1548
606 1357
1609 1864
954 1786
1517 1610
1287 1623
927 1290
1272 1491
1243 1351
1125 1501
1498 1571
1149 1836
1006 1584
952 1663
1100 1129
1126 1782
1569 1783
1124 1609
1149 1714
997 1675
1388 1391
1328 1825
953 1059
1327 1390
1291 1488
953 1791
1211 1621
1256 1336
1017 1652
1146 1721
1051 1699
1235 1413
1018 1751
917 1032
538 1574
1408 1602
1272 1800
1199 1714
580 1543
1123 1888
1334 1658
1172 1256
897 1480
949 1121
1078 1669
1173 1331
1727 1881
980 1195
1589 1804
1622 1795
1495 1786
637 1512
1412 1830
1328 1511
1005 1469
1637 1811
107 1251
1420 1750
1180 1377
1205 1483
1437 1702
1727 1876
1184 1827
1004 1435
1024 1123
1571 1902
978 1117
1661 1859
1765 1813
1291 1730
1589 1610
1367 1752
1126 1535
917 1894
1059 1804
1132 1800
1620 1816
1086 1339
1084 1620
1132 1816
1255 1323
1331 1800
1257 1413
1632 1799
1351 1612
1132 1341
1189 1783
1593 1708
1269 1456
1580 1608
1389 1610
967 1523
1026 1570
1281 1429
1582 1893
641 1616
1127 1785
1341 1612
1124 1335
1535 1843
1319 1452
946 1456
606 917
1717 1891
954 1794
1237 1374
1124 1772
1800 1809
1439 1589
1190 1545
1126 1823
1730 1842
1604 1605
1345 1413
1373 1703
1648 1895
972 1431
1736 1864
1182 1753
1320 1349
1114 1677
1431 1570
1347 1755
1504 1536
1600 1623
1025 1189
1183 1529
1166 1515
483 1515
1435 1818
1255 1604
1082 1647
896 1857
1312 1734
1435 1539
538 1114
953 1160
483 948
1112 1724
1287 1746
1370 1390
1138 1177
1723 1888
1661 1824
942 1066
1351 1799
1424 1787
1591 1661
1211 1230
1768 1833
1405 1590
566 1358
1730 1827
107 1327
1204 1682
1340 1688
1288 1668
1809 1868
1232 1548
1126 1619
1052 1818
1377 1528
1047 1902
1269 1538
353 1740
1093 1667
1110 1620
1504 1785
641 1114
1032 1427
1441 1585
1001 1374
1419 1909
1359 1730
938 1424
1004 1819
363 1427
993 1076
353 1529
1222 1879
1241 1649
980 1491
1514 1740
942 1282
1036 1857
1804 1809
1548 1601
967 1827
1238 1791
1080 1853
1365 1737
1047 1811
1316 1786
1832 1868
917 1246
1269 1886
1744 1829
1302 1603
1259 1709
1011 1072
1118 1314
1238 1730
1797 1854
989 1728
967 1390
366 566
1415 1725
526 1487
1343 1584
973 1369
637 1766
483 1692
1199 1467
1686 1876
1099 1583
902 1277
1144 1687
1844 1897
1068 1271
1222 1351
1663 1842
1570 1835
1377 1471
1076 1600
1183 1343
1162 1814
1267 1365
1305 1746
1376 1683
1571 1911
1153 1668
963 1468
992 1378
1757 1791
962 1487
1364 1569
969 1303
1178 1758
1391 1839
1469 1667
978 1431
1192 1502
1192 1587
1377 1557
1396 1508
1376 1851
1312 1557
1804 1879
1584 1894
1041 1496
107 1733
1795 1833
1070 1815
1700 1827
1416 1431
538 1408
927 1195
1672 1855
1589 1669
1024 1665
1067 1235
916 1580
1665 1741
1692 1767
483 1882
896 1227
1029 1171
1557 1584
1668 1707
1222 1256
1506 1512
1021 1303
960 1302
1341 1835
941 1032
1340 1877
353 538
1198 1242
1336 1610
1545 1910
1568 1648
1363 1733
1833 1842
1209 1754
1603 1721
934 1079
975 1192
941 1706
1014 1459
1723 1736
1056 1663
1006 1125
1416 1735
1391 1559
1345 1595
1550 1573
1003 1717
1273 1451
940 1469
1663 1683
943 1236
926 1026
1243 1554
929 1701
1826 1839
1583 1611
1559 1810
1235 1404
1659 1888
1605 1888
1004 1076
566 1512
1715 1729
1290 1524
1172 1589
1351 1902
1037 1536
1491 1522
1115 1716
1149 1327
997 1888
1373 1783
1014 1192
637 1645
428 1512
941 1742
637 1671
1516 1827
1352 1888
1662 1757
958 1232
983 1665
1006 1736
1192 1859
1148 1423
997 1535
1399 1827
1056 1864
1159 1188
1582 1871
1238 1881
1370 1902
1192 1786
1160 1609
1024 1833
1471 1863
1123 1256
1600 1730
483 637
1182 1352
1238 1816
1603 1799
1538 1874
1006 1556
1643 1714
1129 1691
1172 1621
1668 1810
1275 1630
1089 1672
1117 1662
1255 1800
1076 1523
107 927
901 1097
1000 1010
1048 1175
1517 1685
906 1222
517 1574
1204 1279
908 1866
1175 1598
1590 1613
1153 1842
1321 1521
1696 1731
1035 1500
1426 1587
1199 1409
1215 1649
1554 1605
1341 1799
1336 1809
1255 1361
1106 1727
1211 1491
1039 1331
917 1848
601 1679
1542 1605
990 1684
1385 1574
934 1269
1425 1743
1543 1677
1146 1612
1175 1180
1277 1459
1044 1235
1081 1099
1800 1804
1235 1475
1278 1688
1036 1067
1100 1350
897 1535
107 1682
1717 1888
927 1255
1277 1379
1318 1645
1290 1622
1261 1820
913 1703
1352 1752
1271 1809
1584 1864
1086 1610
1004 1267
1214 1280
1542 1902
1086 1539
982 1598
1613 1746
1415 1496
1604 1818
1639 1819
1458 1782
366 930
1170 1406
1308 1634
1341 1663
1003 1888
1275 1355
1431 1734
1331 1399
1062 1783
924 1355
1304 1840
997 1160
1130 1668
1135 1173
1103 1725
1150 1858
993 1407
903 1892
1630 1876
1639 1644
1185 1589
1076 1331
953 1559
1199 1789
1022 1650
1399 1746
1453 1818
1167 1260
1003 1367
1287 1589
1003 1819
1172 1205
1179 1767
1079 1683
1360 1719
1016 1403
1128 1554
1033 1274
1190 1475
980 1185
1070 1525
1497 1885
963 1097
1587 1720
1563 1717
1173 1219
1583 1786
1017 1623
1104 1381
966 1832
1205 1707
1146 1195
978 1047
1390 1603
1320 1514
1717 1811
1237 1673
1230 1557
1104 1635
1376 1846
896 981
1345 1872
967 1570
1009 1680
1646 1781
1495 1824
1160 1570
1255 1520
389 1275
1678 1811
930 1210
1621 1683
1329 1509
366 1512
1431 1737
1617 1849
1172 1352
1146 1653
968 1814
1075 1278
914 1052
1689 1835
1427 1565
1656 1687
1078 1238
1470 1888
946 1557
941 1104
1431 1620
1293 1714
107 1114
946 1612
982 1056
1173 1888
1613 1714
965 1500
1081 1742
1132 1267
1004 1717
1564 1666
1409 1559
1704 1871
58 1684
1075 1523
1004 1149
921 1352
953 1563
1399 1826
1391 1447
1389 1813
948 1332
1158 1732
927 1182
1230 1685
1349 1606
1432 1573
1770 1876
997 1201
993 1470
1205 1323
1167 1472
1305 1420
1532 1886
1689 1799
1159 1444
1199 1721
1101 1888
1659 1753
1388 1902
1205 1891
1563 1603
1547 1714
1293 1621
1086 1416
1377 1902
1699 1794
1341 1842
1198 1736
1390 1623
942 1595
960 1832
1227 1277
1376 1761
1456 1793
1570 1590
925 1877
1146 1269
1128 1143
1288 1336
1516 1839
1015 1129
1191 1335
1682 1715
1029 1608
919 1783
1330 1842
1348 1756
1026 1846
1390 1509
1623 1736
1125 1185
1255 1639
1800 1849
1569 1745
1099 1373
980 1211
1732 1783
1017 1153
1237 1514
978 1757
1080 1142
1229 1764
1585 1779
1805 1852
1366 1444
975 1459
1509 1563
932 1388
637 1526
1683 1867
1409 1782
1341 1712
1175 1222
1189 1415
1163 1619
916 993
1613 1772
1015 1884
1204 1655
1645 1790
1331 1620
1505 1758
1029 1675
1290 1632
1146 1621
1721 1813
952 1467
1086 1714
944 1770
1113 1882
927 1851
1238 1800
1452 1648
1079 1600
1152 1473
1181 1557
1429 1515
1451 1824
1164 1557
1230 1551
1352 1598
1571 1833
1338 1876
1341 1367
1140 1666
1153 1256
1589 1621
1107 1551
1192 1515
1018 1508
921 1639
1003 1663
1228 1549
107 1668
963 1137
1665 1804
1024 1390
1375 1717
1293 1367
107 1678
1331 1341
953 1078
1331 1632
1068 1211
941 945
1249 1748
1172 1714
1488 1827
107 1761
1488 1741
1390 1485
1020 1104
1238 1420
953 1665
1473 1807
1570 1717
1707 1736
1124 1398
999 1617
1724 1816
1158 1715
946 1849
1273 1429
901 1880
1107 1843
1610 1669
1603 1823
1645 1743
1171 1182
428 1226
1080 1155
1269 1735
1431 1441
1470 1553
1120 1830
1018 1396
1419 1702
475 930
1823 1849
1017 1632
1305 1617
921 1757
1124 1804
1662 1842
1250 1746
1402 1447
1338 1828
946 1570
1003 1816
917 1739
946 1207
1104 1158
1066 1406
1380 1816
1373 1382
1084 1768
1076 1662
414 629
1459 1857
1267 1833
932 1074
107 1418
1284 1899
1126 1736
952 1833
925 1184
1517 1741
1597 1816
1132 1185
1018 1324
1280 1604
913 1709
1166 1258
1153 1796
483 1001
1582 1820
1377 1765
1160 1842
948 1487
1152 1630
946 1375
1255 1663
1359 1535
1571 1598
1199 1608
1376 1460
1302 1377
1066 1893
1192 1379
1021 1115
1257 1583
1181 1799
1158 1459
1126 1439
1281 1282
967 1305
1388 1714
1668 1886
1351 1437
1054 1092
1072 1189
1163 1898
954 1373
1717 1835
1396 1451
1420 1768
1146 1888
107 1391
934 1329
1015 1682
984 1894
1132 1238
1554 1617
954 1020
1125 1902
1426 1578
1086 1344
1006 1810
1205 1839
971 1729
1868 1898
948 1660
1243 1329
1059 1175
1003 1653
1017 1621
969 1751
376 606
1148 1715
1163 1399
1438 1587
1333 1787
896 1396
1559 1789
1431 1564
1082 1192
966 1898
1100 1873
1397 1536
1663 1877
389 1070
1227 1392
1702 1780
1191 1584
1153 1388
924 1745
1606 1744
1177 1889
107 1877
1273 1382
947 999
1578 1655
1361 1604
1816 1902
1827 1843
1185 1522
366 580
563 1745
1330 1352
1070 1482
1481 1828
932 1409
1032 1638
1388 1470
1006 1879
1423 1462
1175 1377
1102 1303
1736 1799
1619 1839
606 1358
107 1619
1275 1624
1004 1092
1528 1724
1225 1633
1050 1441
1219 1470
1388 1835
1195 1741
1025 1853
1367 1851
1391 1826
1591 1783
919 1373
484 606
1334 1823
1287 1663
1456 1849
1215 1732
953 1685
1626 1909
1610 1663
1390 1730
896 1595
962 1453
980 1644
1054 1416
1600 1750
483 1020
601 637
1048 1685
651 1320
1331 1603
1643 1796
1584 1665
1108 1261
1345 1591
1352 1835
967 1420
1399 1809
1286 1583
1532 1623
989 1729
1811 1839
1429 1786
921 1570
1126 1741
1530 1737
1663 1793
1361 1614
1352 1540
376 1095
953 1714
1040 1668
1431 1879
1563 1836
1086 1689
1067 1379
1621 1879
1129 1628
1020 1508
1343 1566
999 1821
913 1646
968 1536
1753 1761
1420 1795
1017 1123
1070 1904
1590 1714
1303 1495
538 1543
1198 1752
1531 1831
1004 1849
1092 1289
1123 1851
1491 1842
1075 1076
906 1375
1418 1709
1547 1800
1634 1703
947 1079
1370 1668
1063 1736
1799 1835
1079 1339
1141 1228
1378 1601
1132 1509
1054 1435
1587 1628
107 925
1509 1516
960 1069
901 1895
980 1331
1305 1782
1327 1597
1153 1449
1128 1135
947 1752
1173 1584
1121 1770
1559 1622
1299 1304
1130 1211
1099 1382
1214 1643
1146 1734
1504 1703
1494 1615
1585 1822
1379 1448
1419 1594
348 420
1782 1909
1076 1689
1552 1674
1482 1525
1452 1784
1786 1820
953 978
1207 1542
921 1589
1164 1570
1124 1736
1211 1768
1670 1772
1483 1580
1511 1825
107 1084
1006 1078
1292 1298
940 1472
1283 1683
1076 1800
1737 1750
1003 1559
1370 1662
1204 1591
1491 1608
1303 1893
1391 1420
1487 1675
1324 1729
1296 1496
1516 1735
1344 1352
1255 1737
1416 1509
896 1036
1227 1859
1663 1816
993 1609
1367 1789
1282 1824
1375 1800
1258 1444
1117 1864
1160 1391
1214 1813
1217 1343
107 1146
1132 1603
1236 1504
107 1118
1688 1816
1447 1457
1547 1736
1003 1877
1331 1361
1376 1799
953 1670
1388 1399
1076 1559
1789 1861
916 1809
1345 1587
1540 1730
353 376
366 428
1614 1765
1289 1886
1050 1905
1369 1563
1345 1884
1570 1603
1271 1826
107 1549
921 1768
1554 1835
1438 1859
997 1336
1009 1345
1250 1352
1007 1070
1318 1744
1186 1333
1271 1722
483 1358
1135 1222
1107 1839
1622 1799
1032 1893
1109 1469
1136 1555
921 1827
1689 1864
993 1888
1120 1273
1470 1620
1591 1899
526 538
107 967
1717 1724
1668 1789
1080 1464
1104 1473
1603 1714
1024 1211
1269 1480
1114 1263
966 1572
1227 1573
1538 1800
1334 1409
999 1864
1349 1408
1603 1669
1066 1729
1374 1844
944 1306
921 1509
1520 1714
941 1429
483 1824
901 1568
1236 1815
1617 1793
1465 1883
1199 1267
1050 1822
1047 1622
1381 1628
1067 1284
1610 1736
1736 1750
1431 1730
1001 1616
997 1811
916 1285
1396 1820
947 1800
1614 1665
1479 1830
348 353
1456 1589
1298 1715
1017 1810
1471 1659
1184 1339
1242 1800
927 1124
983 1849
990 1534
1491 1721
952 1849
1247 1453
107 1431
1488 1530
1156 1632
1052 1436
1108 1751
1058 1552
1287 1621
1416 1572
1228 1412
1424 1889
1334 1891
1160 1447
1621 1675
1344 1600
1496 1545
1057 1138
1320 1427
1124 1845
1309 1894
1117 1125
984 1373
1573 1857
1714 1722
946 1839
1083 1551
1049 1054
1010 1770
924 1525
1209 1242
1623 1864
107 1491
1796 1827
1146 1265
1037 1541
1163 1559
1028 1768
1181 1643
1191 1868
1795 1800
1049 1528
954 1783
1319 1733
1201 1598
898 1273
1269 1388
1467 1782
1230 1867
1334 1818
971 1247
1309 1583
1018 1638
1287 1390
1050 1055
1209 1710
107 1076
428 641
1156 1323
1639 1765
1296 1338
954 1166
1044 1100
932 1669
1146 1833
1006 1285
1221 1459
1172 1559
1305 1584
1327 1600
1683 1881
1126 1675
1689 1813
1067 1550
1003 1488
1305 1683
1117 1470
1380 1547
629 1400
927 1736
1104 1115
1140 1656
1335 1598
907 1172
1344 1399
1017 1563
1381 1636
1140 1173
1012 1407
1473 1525
1275 1904
1288 1888
1352 1846
1128 1467
1004 1302
1214 1722
1335 1668
1632 1644
1298 1899
1040 1604
1512 1694
1104 1729
917 1502
1204 1235
1312 1663
1663 1898
1665 1867
1021 1129
1669 1888
1136 1174
1662 1736
1078 1663
1049 1191
1737 1877
1515 1661
1163 1256
1611 1887
1735 1849
1813 1867
1557 1879
353 1606
1056 1580
1003 1746
1017 1101
1323 1407
1714 1723
1277 1729
1100 1592
1604 1800
919 1277
927 1888
896 1706
1211 1250
1497 1881
1136 1803
953 1730
1438 1636
1185 1608
1447 1813
1153 1302
1360 1803
1746 1768
1076 1124
1352 1551
946 1867
1467 1851
981 1862
1003 1340
1339 1724
1408 1844
1293 1608
1221 1569
1752 1795
1131 1260
1146 1491
1290 1589
1612 1819
1222 1439
1334 1663
1256 1458
1802 1895
1136 1719
968 1540
1331 1663
1032 1495
107 1531
1271 1613
1172 1471
1212 1901
1077 1337
1683 1836
1329 1835
1211 1380
1736 1823
1421 1825
1064 1473
1221 1296
1299 1876
1107 1736
1437 1730
483 1645
1124 1149
1294 1766
1662 1665
1367 1721
606 1371
1098 1705
1367 1804
1149 1516
1104 1120
1611 1872
920 1376
1471 1772
896 1067
1600 1888
1390 1809
1378 1468
1086 1735
946 1714
994 1009
1070 1310
1482 1624
1004 1589
1390 1768
1609 1730
1267 1584
1149 1804
1279 1691
1048 1811
1028 1078
917 1899
1396 1893
1637 1842
1366 1725
1126 1554
1462 1859
1231 1347
107 1219
1211 1662
1003 1391
1479 1587
1753 1769
1659 1717
1573 1661
1291 1810
538 1778
1352 1554
1471 1839
932 953
897 1769
1557 1603
1098 1806
1723 1842
1681 1699
1622 1675
1107 1886
916 1861
1006 1898
1163 1352
1079 1707
1626 1851
1409 1488
1124 1675
917 1541
1620 1791
1375 1888
1236 1299
1619 1804
1033 1511
1180 1520
921 1842
1149 1845
1059 1795
1404 1661
1652 1668
1535 1609
1409 1863
1230 1256
1014 1257
1019 1221
1048 1553
1612 1774
1121 1847
1211 1702
1515 1636
1522 1603
1736 1757
953 1040
1128 1420
983 1809
1619 1861
953 1456
1288 1542
1376 1608
1608 1827
1175 1540
999 1714
1547 1813
1580 1605
959 1199
983 1238
1750 1793
483 1487
1102 1245
107 1435
1068 1644
1018 1373
1644 1652
1107 1509
920 1477
934 1804
1048 1331
1205 1669
966 1488
997 1006
1210 1427
1590 1643
366 1001
1458 1845
1166 1536
1238 1517
897 1888
1714 1746
1610 1789
1014 1742
1358 1844
1039 1868
1471 1823
1411 1520
1222 1885
1305 1800
606 1514
1643 1652
1078 1813
1250 1689
1247 1850
1049 1116
1261 1872
1199 1662
1122 1882
1059 1520
1574 1778
1160 1280
1604 1688
1376 1804
1225 1260
999 1603
1612 1632
916 1409
1516 1668
1128 1391
1086 1483
1029 1774
902 1576
926 1509
1376 1597
1338 1785
1520 1540
917 1070
1255 1539
1550 1583
1289 1390
921 967
1714 1816
1322 1635
916 1047
1509 1835
1101 1619
927 1724
946 1522
1737 1827
1361 1888
1732 1751
1272 1714
1290 1590
1128 1800
1813 1879
1291 1570
1723 1864
1811 1835
993 1431
1230 1662
1337 1909
1280 1793
1092 1589
1706 1893
1440 1852
1074 1185
990 1450
981 1786
1614 1819
1152 1783
1533 1798
903 1118
1062 1696
1422 1808
1306 1338
999 1721
1070 1303
932 1620
1191 1388
641 1446
921 1391
1175 1522
1293 1589
107 1328
1124 1580
1256 1809
1639 1791
1707 1712
1376 1551
1255 1735
1526 1794
1413 1691
1250 1771
1125 1619
1291 1431
1437 1605
917 1630
1595 1875
1470 1791
977 986
946 1004
934 1612
933 1014
928 1825
1330 1621
107 348
1791 1842
1710 1827
1580 1614
1067 1583
1573 1884
483 1606
1624 1756
1491 1795
1214 1707
1335 1491
1153 1810
1613 1795
1601 1787
1173 1620
1148 1227
1463 1833
1128 1149
1871 1894
1391 1520
0 171
637 1436
1376 1617
1048 1420
1238 1293
1468 1733
1075 1184
1128 1367
1685 1707
1155 1349
1267 1391
637 1320
1102 1848
1289 1352
1201 1772
982 1839
1250 1632
1128 1622
927 1405
1067 1591
1153 1516
601 629
353 1694
1025 1332
1201 1551
1047 1267
107 1375
363 1400
1409 1835
960 1107
1551 1570
1117 1377
1390 1551
1170 1296
1376 1393
973 1178
1339 1689
1148 1235
1108 1495
1598 1746
1076 1391
1352 1619
1017 1269
1269 1688
1261 1582
1101 1712
1171 1465
896 1215
1550 1841
1163 1886
1741 1800
1316 1454
1559 1594
1269 1439
1580 1839
1155 1637
1047 1173
1431 1877
1029 1902
1132 1330
1051 1064
1752 1861
1184 1509
1402 1714
1334 1492
1228 1304
1341 1730
984 1820
898 919
1622 1835
1343 1910
993 1612
107 1487
1060 1257
1261 1451
1264 1295
948 1543
1126 1868
1507 1681
1355 1366
107 1267
1737 1819
1129 1257
1471 1483
1191 1393
1302 1886
1440 1863
1539 1669
1380 1832
1051 1703
1449 1769
978 1669
1392 1894
1686 1703
1128 1724
964 1278
1331 1845
1538 1789
1398 1488
1191 1291
1156 1826
1060 1899
1124 1538
980 993
1340 1867
1129 1576
1029 1280
1340 1341
1537 1856
1067 1231
1076 1735
1184 1209
1547 1868
1370 1879
1736 1809
1485 1644
1467 1554
1515 1828
939 1453
913 1217
1373 1876
1080 1565
936 1574
1146 1637
1179 1673
1101 1287
1140 1317
1457 1547
1523 1795
1261 1848
1243 1791
1259 1904
1341 1827
906 1659
1361 1717
1344 1710
994 1479
1510 1650
992 1895
353 601
1376 1663
983 1810
1006 1153
1665 1791
1006 1437
1509 1622
1101 1874
1075 1344
1017 1149
1344 1597
1198 1644
1075 1528
1377 1535
1435 1683
947 1376
1483 1879
1524 1613
933 1261
1516 1879
1238 1289
1214 1437
1420 1663
1379 1862
1735 1736
1201 1222
1204 1273
1004 1290
946 1799
924 1310
1467 1589
1569 1611
1213 1624
1384 1788
1091 1668
952 1491
1199 1334
1026 1613
1447 1826
1468 1802
1600 1610
946 1255
1199 1288
1171 1387
1079 1375
1557 1644
1049 1340
1620 1621
1207 1619
483 1848
1462 1884
1626 1800
1006 1551
1099 1508
1141 1725
1166 1824
921 1535
1298 1873
1175 1675
1227 1742
1603 1730
483 1751
1380 1390
1476 1642
1090 1244
1279 1432
1352 1530
1256 1714
1634 1725
1068 1160
363 1506
1028 1291
1402 1605
1580 1598
1471 1675
1132 1480
1578 1691
901 1186
1723 1754
995 1173
1199 1491
968 1444
1060 1576
1150 1909
1068 1823
1480 1752
107 1710
1269 1589
1060 1432
978 1330
1080 1122
1427 1473
997 1804
1638 1786
1232 1568
905 1114
1092 1864
1302 1750
976 1616
1524 1580
1041 1703
1125 1551
389 1545
1220 1827
1432 1824
1619 1712
1250 1683
1468 1568
1881 1897
1156 1589
606 1767
107 1891
1135 1377
1153 1559
983 1289
1104 1862
1078 1124
1166 1324
1109 1681
1122 1801
1291 1399
1258 1584
1621 1659
1491 1867
1580 1662
1414 1716
981 1231
1110 1191
1574 1695
906 1116
1359 1570
1048 1590
1665 1845
1207 1516
1051 1738
1358 1878
967 1054
1532 1604
1290 1352
925 1449
1125 1126
1361 1843
1028 1612
1042 1052
1361 1863
957 1859
1160 1323
1617 1632
1083 1399
1163 1431
957 1190
916 1685
1014 1018
1209 1375
1620 1881
1017 1416
1207 1271
958 1648
1605 1809
1428 1815
999 1707
1221 1479
1365 1643
1662 1668
1192 1893
1211 1409
1222 1669
1707 1761
1010 1828
1699 1703
1097 1118
1070 1355
1709 1815
968 1435
1352 1523
1482 1709
1067 1229
1774 1886
1396 1732
1255 1717
1284 1691
1040 1584
1377 1675
1009 1015
1639 1723
1132 1256
1164 1391
1665 1821
1083 1605
1226 1541
1029 1772
1716 1824
1030 1252
964 1904
1060 1459
1067 1227
940 1541
1339 1530
1136 1687
1323 1839
1791 1839
1718 1863
1366 1667
1014 1292
925 1485
1000 1127
1024 1199
957 1583
982 1754
947 1864
1757 1793
376 563
1255 1659
517 580
1047 1239
1584 1799
1373 1396
1045 1337
1302 1835
1014 1786
1108 1812
637 1677
898 1277
1416 1653
1281 1907
952 1539
1347 1459
1221 1277
1675 1753
925 1724
641 1830
1153 1730
1026 1290
1662 1707
483 1210
107 1008
1131 1831
1104 1229
920 1860
1352 1813
1305 1610
1373 1820
1242 1557
1391 1547
1479 1903
919 1871
1146 1685
1382 1729
1059 1238
1139 1275
1452 1593
1100 1576
995 1730
967 1124
1456 1810
1261 1742
1555 1561
1442 1471
969 1742
1402 1609
1584 1639
1312 1864
1460 1470
1143 1650
107 1369
1409 1444
921 1078
1014 1872
1205 1288
1250 1849
1149 1659
1153 1717
1426 1459
952 1054
1462 1720
1068 1580
376 414
1677 1763
1427 1853
1086 1471
1243 1639
1293 1352
1056 1191
1390 1539
1376 1714
1312 1833
1274 1687
934 1509
1222 1551
977 1815
1327 1435
968 1794
1641 1866
982 1336
1671 1844
1625 1660
1404 1857
1026 1883
1330 1826
969 1786
1062 1357
1146 1184
1385 1778
916 1149
1149 1689
1184 1643
1267 1522
1347 1661
1322 1379
934 1833
925 1663
475 1332
1379 1636
1730 1737
1104 1298
1367 1689
1370 1832
1269 1557
1723 1746
1423 1720
993 1620
1060 1277
914 1408
1080 1332
1113 1294
107 1657
1212 1743
1522 1879
1015 1021
1373 1573
1385 1910
1340 1597
1730 1868
1606 1766
1614 1867
1107 1833
1341 1516
637 1778
1491 1584
1337 1437
1612 1804
1589 1722
1214 1669
107 1053
1551 1662
946 1083
906 1528
1201 1377
1600 1612
1645 1844
1617 1789
1377 1816
1538 1735
1068 1736
948 1625
1279 1379
1221 1235
1277 1875
976 1878
994 1573
1272 1554
1076 1741
1217 1738
1300 1349
1175 1334
107 966
1583 1764
916 1839
1003 1598
1117 1390
1041 1070
1011 1469
1017 1457
1599 1901
993 1613
1402 1665
1377 1688
1156 1868
1643 1721
1314 1837
580 1446
637 1628
1214 1626
963 1378
1536 1725
1516 1653
1075 1816
1331 1390
1324 1894
1435 1584
1135 1146
960 1214
1376 1523
958 1118
944 1472
897 1361
1128 1184
993 1886
1675 1891
1247 1885
1391 1849
915 1801
1359 1557
1175 1621
1545 1767
1645 1766
1021 1893
1017 1330
1284 1459
1067 1596
1191 1669
1124 1485
1185 1563
1001 1397
1018 1454
988 1873
1204 1875
1085 1553
1018 1716
1099 1166
1337 1585
1340 1721
1555 1705
1530 1603
1110 1523
1229 1432
971 1495
1572 1644
1742 1783
1720 1899
999 1361
1663 1804
1198 1789
1156 1809
107 976
1644 1700
1484 1610
1243 1723
1010 1549
1721 1736
1268 1529
1447 1712
978 1323
1192 1873
947 1604
1141 1667
1824 1894
1559 1839
1622 1736
1227 1857
1665 1868
1584 1849
1109 1296
1603 1675
1014 1345
1072 1226
981 1257
1198 1757
1283 1858
1184 1620
1345 1635
1059 1839
1730 1813
1358 1490
1070 1738
1184 1435
954 1591
1288 1736
1600 1689
1078 1107
952 1597
1004 1128
1397 1487
1229 1728
1227 1231
1048 1399
1332 1358
1547 1665
1082 1404
921 980
1621 1793
1613 1796
1129 1636
1534 1684
1591 1636
1421 1433
1456 1524
1316 1824
1029 1214
1238 1813
1066 1828
903 1186
1006 1714
1583 1638
916 1888
925 1416
1846 1851
1449 1467
1604 1826
1409 1746
1480 1804
934 1128
924 1338
1122 1740
1457 1622
1181 1826
1149 1643
1456 1557
1683 1799
1426 1903
1267 1291
1112 1255
1187 1615
1390 1819
1250 1816
1662 1746
1589 1761
1146 1675
1340 1888
580 1113
1204 1587
1520 1700
1107 1457
1128 1267
1290 1746
475 563
1126 1195
1416 1730
1376 1528
1344 1689
1449 1712
1543 1878
932 1775
1720 1764
1846 1883
915 1565
946 1390
1291 1398
1611 1862
944 1738
1175 1608
1376 1721
1006 1271
1256 1456
901 1629
1345 1764
1495 1729
1470 1535
1829 1910
1086 1467
1309 1893
1622 1867
1465 1702
1689 1753
1597 1823
1102 1261
1816 1886
921 1835
107 1784
1175 1570
1222 1399
1056 1124
967 1717
1267 1839
932 1420
1277 1282
366 517
1620 1861
1335 1712
994 1492
1293 1888
1390 1632
1282 1742
983 1457
1570 1600
978 1272
1272 1449
1603 1610
1651 1768
1049 1367
1334 1467
1280 1388
1182 1637
1132 1471
947 1516
932 1734
1163 1622
1467 1528
1603 1734
1141 1304
1763 1882
1519 1570
991 1726
1663 1730
1235 1824
897 1861
1087 1838
993 1714
1441 1779
1570 1584
1147 1435
1331 1608
925 1888
107 1684
1126 1623
376 637
1230 1813
107 1115
1804 1886
1318 1844
966 1219
1621 1799
1059 1598
1132 1597
1291 1390
1369 1608
1049 1269
1021 1229
1636 1680
1580 1621
1172 1823
1190 1235
1549 1565
1277 1859
988 1235
1078 1173
1250 1867
1160 1361
1258 1781
1075 1367
930 1294
1184 1714
1413 1550
1459 1655
1375 1688
1006 1795
1367 1612
1324 1893
958 1493
1309 1454
1635 1691
1522 1557
1214 1361
1662 1669
1409 1542
1790 1841
999 1532
984 1192
1620 1663
1024 1285
1004 1330
1231 1680
980 1222
1066 1306
1126 1352
960 1287
526 1265
1100 1636
1082 1587
1083 1612
1125 1471
1132 1367
1431 1845
1204 1661
967 1367
1554 1707
1171 1642
993 1329
953 1888
580 1294
1029 1513
526 1078
1269 1613
1006 1163
107 1522
1653 1800
1610 1712
1692 1808
1610 1619
1572 1810
1205 1250
1574 1763
1345 1715
1172 1483
1414 1872
1185 1352
1004 1199
1012 1692
1315 1875
1471 1842
1242 1352
1345 1859
963 1232
1621 1819
896 989
1250 1717
1494 1825
916 1736
1339 1491
1547 1839
1305 1341
1337 1697
1361 1833
980 1823
1247 1408
955 1043
1004 1467
1349 1543
641 1565
967 1614
984 1893
1522 1826
964 1664
1389 1621
1613 1888
1689 1809
1192 1591
1080 1487
1083 1271
1471 1714
1199 1668
1106 1226
1047 1626
641 1320
1783 1812
1091 1207
925 1867
1515 1732
1341 1608
1610 1643
1153 1757
1280 1849
1175 1291
1173 1222
901 1232
1327 1819
925 1590
907 1464
1456 1868
1278 1867
960 1527
1341 1714
1149 1879
1026 1902
1202 1268
1520 1888
1182 1603
934 1795
1219 1351
1318 1543
1714 1752
107 1301
1589 1689
366 1740
107 1835
961 1852
944 1876
1376 1557
1330 1685
1173 1487
1006 1702
914 1247
1086 1753
1131 1304
1522 1804
1280 1663
1431 1833
1078 1323
1222 1272
962 1235
1429 1487
1039 1736
1304 1703
1528 1782
1132 1757
1185 1420
1003 1431
1183 1338
1443 1453
1220 1367
947 1156
1185 1271
1079 1086
1117 1267
1663 1789
1280 1842
1600 1789
1604 1685
1327 1656
1156 1800
1606 1844
1459 1716
1080 1358
1370 1516
1316 1382
1242 1597
1048 1049
1522 1584
1427 1882
1004 1078
1125 1370
1014 1857
1332 1606
1146 1243
1132 1833
1396 1783
1666 1684
1010 1308
1622 1669
1080 1543
1156 1447
1322 1716
483 1767
353 1514
1250 1340
920 921
1337 1865
1559 1809
363 1677
1148 1899
966 1086
1072 1681
1219 1707
1485 1563
1522 1761
1211 1712
1210 1446
997 1205
1250 1603
1633 1699
1166 1742
1199 1211
1191 1323
913 1630
1612 1810
1014 1322
1298 1413
1551 1721
1086 1613
995 1171
967 1243
1311 1770
925 1737
1289 1730
1621 1718
981 1298
1106 1131
107 1444
484 1155
1074 1577
1352 1603
1612 1750
1413 1596
1688 1811
637 1543
1712 1757
1041 1052
946 1467
899 1442
978 1274
1345 1893
1048 1376
1388 1809
917 1515
1068 1622
1250 1861
107 1390
1290 1700
1207 1431
1331 1376
1019 1611
1416 1528
1198 1653
651 1113
1265 1861
1287 1554
971 1649
1557 1613
995 1665
1056 1528
966 1336
1639 1761
1074 1768
1006 1480
1335 1557
1622 1714
1341 1559
1621 1810
641 1549
1421 1555
1201 1868
1198 1643
1817 1911
1332 1878
1188 1236
1520 1584
977 1249
1173 1604
1408 1885
580 1122
1029 1856
1500 1536
1796 1867
1536 1807
1390 1741
1388 1609
1080 1902
1689 1819
902 1448
1213 1783
1083 1199
916 1879
1563 1663
1120 1204
1107 1793
1390 1791
1390 1714
1309 1820
917 1732
107 968
939 1566
366 376
1376 1669
928 1174
1001 1487
919 1751
1531 1646
1172 1821
1021 1257
1339 1612
1041 1709
952 1267
1402 1580
1675 1811
1448 1655
580 1179
1317 1838
1035 1296
1644 1724
1390 1804
353 1673
1357 1688
927 1584
1643 1799
1066 1309
1029 1537
1125 1336
1580 1791
1015 1576
1126 1370
1040 1456
1048 1407
953 1056
1024 1471
1259 1541
1595 1894
1255 1891
982 1346
1373 1502
1471 1621
1283 1863
1003 1683
1059 1603
906 1804
1104 1587
1059 1516
1255 1669
1689 1736
1015 1315
1248 1785
1623 1659
1712 1714
1080 1473
1597 1621
1396 1495
1041 1121
967 1431
1054 1529
1129 1592
1344 1659
1056 1811
1182 1528
1539 1639
