566 593
428 438
436 604
412 431
395 465
378 544
628 661
524 567
588 644
374 566
423 637
374 475
363 475
592 677
646 651
612 654
626 644
647 670
414 660
633 636
422 592
614 676
618 631
590 633
438 634
515 524
592 672
428 431
422 685
591 637
483 514
348 414
632 670
400 514
592 680
634 651
428 641
623 684
414 590
618 682
513 580
500 513
412 567
586 587
436 673
591 646
513 606
363 506
579 654
414 428
422 620
600 681
461 506
373 400
414 427
395 645
573 605
428 601
400 614
475 524
374 461
620 678
436 563
428 524
378 580
515 559
422 653
422 579
395 506
475 500
618 680
567 604
596 618
173 414
376 394
412 544
599 628
650 681
414 649
654 666
414 542
414 632
483 524
544 566
577 670
414 597
391 559
483 606
600 662
363 566
423 492
395 428
612 617
559 606
373 428
465 515
584 639
658 661
619 678
605 626
643 661
544 645
596 655
412 561
394 492
414 506
428 559
616 678
465 556
595 640
592 684
395 438
630 672
618 633
584 616
617 644
348 428
544 683
414 626
578 595
678 685
576 681
628 643
513 567
579 644
609 666
414 578
647 650
348 500
604 651
461 483
400 513
630 636
400 580
556 652
553 620
591 645
414 514
619 644
378 492
609 626
423 586
577 583
650 661
612 678
592 609
658 659
376 414
370 666
618 685
412 559
578 662
107 348
573 609
573 664
553 666
639 678
609 680
348 395
363 591
496 506
378 676
578 583
661 662
659 675
583 635
559 566
577 675
591 683
611 664
412 436
615 632
394 542
576 650
513 614
617 619
630 663
636 653
438 465
582 627
475 563
414 500
378 604
373 553
391 637
395 637
630 664
414 553
553 556
492 559
515 637
475 544
428 606
578 665
363 412
412 593
643 665
431 683
492 604
600 640
414 631
680 685
391 428
592 620
561 566
423 436
465 591
600 670
616 631
573 685
395 561
373 641
601 644
438 500
434 563
603 605
395 412
378 542
617 677
513 559
553 566
378 559
412 580
592 633
373 634
374 683
414 678
597 680
559 591
412 645
400 506
513 553
431 465
391 566
422 636
561 580
625 644
423 513
647 658
542 567
436 652
513 561
513 566
643 662
584 596
374 438
376 683
580 606
436 566
414 627
363 370
600 659
475 580
635 640
583 640
400 428
431 514
376 610
414 612
627 643
370 515
628 647
483 591
580 601
647 665
376 391
400 492
438 461
492 591
514 544
576 659
428 683
492 567
631 639
492 542
363 656
428 515
414 614
107 376
625 684
374 561
567 610
414 683
373 604
414 611
376 500
605 680
600 615
378 394
376 431
373 514
400 465
599 643
348 434
575 630
374 500
475 513
173 348
378 391
598 684
436 646
670 675
395 483
582 600
370 431
580 591
588 633
461 683
573 618
436 591
395 567
579 633
567 590
576 627
414 574
370 376
363 514
483 669
414 558
620 644
434 475
561 567
438 566
370 553
414 633
423 559
662 665
618 684
635 659
391 431
461 561
423 587
595 659
348 422
373 378
598 677
434 604
661 665
630 631
592 597
483 639
654 684
599 650
373 412
645 671
34 428
428 667
587 651
612 664
395 513
436 524
618 619
414 615
524 559
373 515
620 653
600 658
373 566
630 653
438 559
553 669
583 661
577 599
378 461
414 620
414 621
400 561
630 644
414 651
374 483
414 580
363 580
597 630
422 597
574 631
514 614
483 542
524 683
556 559
583 681
579 677
524 590
348 370
465 580
643 681
573 677
414 475
348 423
601 637
644 666
605 678
556 563
483 651
575 579
618 653
620 636
596 653
631 679
370 436
370 423
579 603
428 567
423 461
400 651
566 676
617 654
400 676
636 684
573 619
370 591
524 553
370 544
592 618
422 596
414 666
370 506
391 500
665 670
107 428
590 609
609 623
500 553
573 684
414 595
400 461
599 627
394 676
475 566
612 636
492 544
601 629
578 659
370 378
513 669
582 681
574 596
414 658
603 609
619 633
578 670
658 675
589 684
506 566
616 618
670 681
428 609
496 514
107 649
492 524
428 436
391 438
609 653
378 434
587 591
544 556
348 391
592 653
391 669
500 604
627 681
578 600
579 623
587 646
414 600
654 664
580 637
500 524
574 616
561 651
581 642
621 622
591 641
566 637
438 606
647 675
374 414
500 506
500 580
428 465
414 625
438 506
513 524
561 683
423 465
590 680
438 492
428 669
627 647
414 582
609 654
492 500
617 630
579 622
436 634
414 653
394 475
506 544
414 577
378 431
579 616
107 414
422 680
394 513
496 669
574 663
625 630
348 513
412 683
374 591
598 625
394 683
496 513
483 500
578 661
632 635
625 654
583 675
414 618
483 544
422 584
395 556
579 664
553 645
34 348
574 579
434 496
597 611
500 645
475 559
578 647
588 653
373 513
414 606
434 559
604 676
592 626
414 598
676 683
370 604
412 566
577 661
376 395
623 654
414 659
376 438
348 436
348 475
370 483
584 679
370 374
615 670
414 623
436 637
414 431
513 641
412 434
588 654
626 657
427 563
465 614
513 645
589 605
376 434
461 645
596 639
653 685
573 623
422 678
414 647
483 566
436 580
422 609
374 515
422 644
577 647
677 682
465 676
438 514
513 634
506 553
544 676
438 556
483 515
615 659
647 662
650 659
431 606
348 567
640 658
619 623
438 475
378 669
583 599
348 374
378 412
376 587
542 556
640 659
628 632
563 604
461 542
373 500
483 563
553 683
542 591
631 682
414 674
654 678
640 662
637 645
589 623
566 591
496 566
461 567
422 619
391 561
107 580
630 684
513 646
465 506
500 591
619 684
363 553
626 664
583 650
573 666
376 586
400 669
373 563
395 630
599 681
595 662
583 615
606 614
589 654
582 650
627 665
637 669
653 672
596 609
544 561
428 542
575 654
414 661
414 630
611 618
395 514
348 496
542 553
394 414
561 669
637 678
506 604
589 625
589 622
422 561
577 643
599 662
414 650
400 601
374 378
374 513
582 675
465 604
515 591
597 603
373 423
641 651
577 627
431 561
514 669
378 524
414 601
412 614
414 465
575 589
431 506
582 670
622 639
573 625
373 591
428 506
579 619
635 675
378 513
617 664
598 618
591 604
414 599
623 677
583 632
524 542
582 615
514 580
590 617
373 492
573 626
376 651
422 553
640 661
373 645
436 506
376 428
644 664
558 604
475 641
475 496
414 556
422 657
423 524
107 483
423 553
589 664
461 524
492 580
680 684
622 684
378 561
582 632
414 524
348 563
556 683
461 513
599 675
373 606
376 652
374 559
414 643
630 657
374 376
500 556
461 559
400 436
612 619
461 544
506 606
428 461
373 431
475 651
616 639
582 599
604 671
592 630
605 654
614 683
374 669
515 614
588 678
611 680
412 496
373 461
431 556
373 680
573 653
583 658
582 583
577 658
378 414
618 630
373 524
615 675
414 592
643 659
616 622
378 465
370 567
376 400
561 606
542 606
374 465
645 646
391 556
524 637
480 593
595 681
678 679
513 601
619 625
544 553
567 645
661 675
553 591
414 515
391 475
373 414
598 619
578 640
412 438
574 678
577 635
373 614
626 630
506 524
584 631
627 650
376 645
376 465
662 670
423 428
597 644
599 615
395 431
391 414
363 378
617 685
431 436
588 682
587 645
370 683
659 661
373 558
614 669
659 662
589 620
492 506
391 614
465 544
492 514
461 492
412 461
428 434
631 678
431 513
506 561
661 681
378 614
595 615
600 627
619 685
675 681
627 632
579 663
461 669
579 597
414 657
600 675
348 556
592 636
374 492
609 620
483 614
438 483
601 630
620 672
640 643
578 643
603 611
635 650
475 492
370 492
577 582
609 664
600 628
465 542
644 654
584 678
513 610
373 561
400 544
605 630
414 664
578 582
422 655
515 620
544 580
492 513
348 400
414 579
595 675
583 670
395 604
618 678
483 596
492 561
394 400
596 604
414 616
599 658
615 627
363 561
391 567
597 625
412 422
461 653
376 673
635 681
391 506
391 465
423 561
431 563
378 428
496 641
378 506
574 621
630 655
376 461
592 612
576 600
373 587
622 678
348 412
576 583
605 677
492 669
634 647
615 635
611 677
632 640
616 660
630 641
559 567
597 623
561 604
616 630
378 475
414 676
414 567
553 609
582 595
566 567
592 605
438 604
589 677
645 669
414 436
412 515
559 637
391 412
630 666
376 412
574 630
370 559
483 601
559 676
559 651
107 601
662 675
431 483
400 553
620 654
395 524
598 680
611 684
483 567
632 647
586 646
483 492
373 483
524 544
598 654
578 632
595 650
597 609
577 681
374 496
431 492
559 604
428 544
438 561
107 363
395 542
678 682
524 591
465 558
434 506
597 619
603 612
370 373
575 617
348 514
573 633
438 496
422 593
391 515
434 436
618 666
616 625
422 601
370 465
563 567
423 431
609 612
654 680
438 563
597 618
423 606
414 675
583 600
622 625
414 559
376 436
640 681
576 675
363 637
619 636
475 515
483 559
475 606
414 513
414 628
496 515
580 656
431 651
483 506
628 681
630 685
363 376
579 592
492 566
414 682
374 544
436 465
414 607
391 553
438 524
573 630
373 556
579 611
394 601
577 578
438 553
412 591
616 684
436 483
428 500
513 651
628 665
465 500
428 492
414 641
395 515
422 604
553 559
592 685
578 681
427 496
414 483
374 412
583 647
573 672
559 683
414 596
414 672
376 514
513 637
428 651
615 665
654 672
640 650
553 614
363 559
578 627
664 685
422 483
643 675
376 542
500 683
582 661
620 630
603 680
513 604
363 669
597 636
492 515
573 589
640 675
431 500
616 663
583 627
573 597
173 649
370 395
600 635
623 625
394 515
650 670
431 475
653 678
627 658
348 524
431 515
556 673
400 591
579 588
394 438
376 604
414 665
414 639
423 634
370 428
603 677
348 431
559 614
636 680
376 646
599 659
515 654
615 628
391 591
348 558
573 636
584 630
584 592
107 629
573 644
647 681
578 615
414 668
611 653
376 423
423 567
348 394
636 677
412 506
579 680
414 589
566 580
664 666
370 412
412 414
436 438
475 567
591 634
400 414
658 665
431 438
370 542
615 662
506 591
609 617
636 644
376 561
595 635
665 675
559 561
376 563
603 644
376 513
590 591
391 394
604 637
647 659
348 376
394 620
483 561
423 591
373 475
677 680
414 423
400 431
588 592
589 609
612 680
621 663
657 682
622 623
600 632
483 513
627 675
373 559
373 376
513 591
582 659
611 625
592 617
604 606
599 665
422 614
422 617
588 685
400 606
514 566
370 646
496 553
544 563
635 643
414 544
626 680
605 653
500 637
582 640
423 683
600 643
500 563
475 561
578 650
394 614
414 583
434 492
597 633
348 542
635 658
431 566
640 647
579 630
636 678
596 616
632 659
643 670
373 544
374 391
566 651
661 670
599 600
599 632
394 559
635 661
412 604
598 653
589 596
363 544
378 651
436 635
414 669
395 436
579 684
597 684
438 645
616 623
414 622
475 506
414 644
590 612
414 636
654 683
373 669
378 436
348 483
653 677
391 544
348 559
370 561
635 662
348 515
370 524
376 553
579 620
434 591
598 609
506 513
465 669
374 556
596 678
370 438
461 606
370 645
348 363
584 618
515 580
414 602
612 630
584 660
414 681
623 636
577 650
653 664
578 675
579 598
587 634
376 524
605 644
589 597
619 630
492 676
662 681
633 680
414 609
567 683
632 662
423 669
597 653
414 629
414 492
465 559
636 685
579 590
378 514
606 641
376 506
414 422
414 677
400 641
515 553
412 428
412 542
589 617
592 611
374 553
514 524
423 506
423 604
500 651
370 566
628 662
643 658
465 566
436 606
483 496
391 563
348 553
428 475
422 682
650 665
604 669
373 590
506 563
573 603
465 475
506 559
428 614
579 639
414 680
579 612
373 496
414 619
414 588
412 524
589 592
378 423
592 619
395 400
592 625
579 589
436 542
461 591
654 685
556 614
422 438
370 475
586 645
627 662
632 643
412 423
414 461
603 625
677 684
475 483
584 637
391 513
589 603
422 663
348 465
575 592
378 566
524 561
576 640
629 630
394 436
376 566
414 617
363 374
575 685
563 634
611 636
573 588
438 596
625 633
524 606
348 480
414 604
414 591
618 636
376 580
428 591
400 637
391 483
348 566
376 492
400 559
579 625
629 637
632 665
373 683
500 514
669 671
598 636
605 609
395 614
573 598
627 661
514 559
423 500
515 566
573 592
363 373
619 677
625 653
592 678
434 515
615 647
577 659
553 634
658 662
422 630
637 679
627 659
634 646
428 514
461 553
370 514
599 661
617 625
395 601
633 666
374 563
559 580
376 556
438 676
592 621
592 622
373 395
567 580
431 669
627 635
600 661
653 680
595 627
461 590
561 591
575 664
506 514
436 553
598 605
475 556
412 676
592 598
654 677
363 461
395 620
632 658
378 563
578 599
414 638
553 558
599 670
107 641
592 682
107 566
583 662
592 666
506 610
542 580
544 669
422 631
376 559
575 680
492 606
436 513
395 574
616 621
666 680
615 640
438 669
559 669
573 654
616 657
483 637
363 524
400 500
579 626
414 434
589 611
573 575
592 603
400 524
438 614
