1608 1621
995 1271
1199 1842
483 1616
1572 1597
1188 1634
1110 1609
1256 1390
1021 1334
913 914
1209 1622
1456 1714
1800 1845
980 1746
1323 1768
1199 1888
606 1727
1377 1431
1101 1757
366 930
1317 1505
1017 1449
1392 1857
999 1491
940 1139
1464 1878
1689 1826
963 1333
1269 1491
924 1830
957 1573
1669 1761
1402 1622
1280 1768
1180 1331
363 475
1590 1819
960 1622
1605 1707
1004 1059
1181 1557
1360 1698
1522 1643
1426 1655
1067 1231
1242 1750
933 1261
1029 1346
526 1110
1367 1644
1376 1721
916 966
1652 1879
1331 1861
1032 1286
1420 1800
1167 1686
1305 1603
1462 1873
1632 1689
1293 1516
475 1300
1388 1571
1125 1547
1051 1275
1344 1835
1277 1786
1290 1833
1280 1330
1584 1714
1546 1889
1222 1369
1184 1367
1279 1432
1051 1064
1522 1735
1190 1587
1211 1669
1616 1671
1099 1102
1757 1791
1782 1909
1370 1584
1420 1551
1369 1608
1793 1810
1675 1688
1380 1689
946 1614
1582 1871
1184 1522
947 1584
917 1066
1236 1469
993 1683
1559 1610
957 1286
1128 1724
1261 1281
1160 1826
1284 1587
580 1574
1554 1563
475 1844
1009 1082
1589 1902
1204 1887
1075 1344
980 1874
1904 1906
1399 1827
1018 1324
1669 1800
1300 1694
934 1456
956 1016
1292 1583
932 1488
1358 1565
1052 1529
1160 1813
1312 1621
1793 1835
947 1156
991 1726
1352 1572
1469 1904
1036 1257
1156 1685
1291 1622
1352 1390
1622 1789
1689 1736
1078 1580
1359 1793
1059 1334
1105 1890
1447 1483
1212 1497
1502 1812
1714 1721
1175 1867
1101 1289
1112 1278
1029 1813
1124 1835
1207 1668
987 1240
1352 1793
966 1101
1024 1886
1639 1683
1391 1621
1568 1648
1448 1873
1569 1903
1054 1612
1242 1746
1746 1789
966 1898
107 1568
1515 1704
1129 1462
1155 1645
1513 1883
1809 1813
1273 1432
1528 1768
366 1122
954 969
1849 1888
1371 1837
483 1179
363 566
947 1669
1089 1354
960 1547
1335 1391
1173 1590
994 1569
1523 1663
1508 1893
925 1653
901 1648
1172 1746
1099 1742
1390 1849
1211 1449
1019 1691
896 1102
1198 1610
1051 1236
1227 1379
1004 1688
1665 1813
1600 1737
1702 1780
1377 1741
1341 1471
1351 1839
1347 1661
1663 1741
1359 1509
1598 1757
1110 1209
107 1053
1112 1416
1482 1709
1361 1796
1699 1794
1082 1413
1471 1614
1029 1580
1551 1842
1255 1584
1612 1669
483 942
993 1714
1334 1833
1100 1636
1156 1556
1079 1211
1305 1886
1064 1443
414 483
1083 1126
1256 1480
1021 1345
1720 1899
1291 1416
1211 1431
1615 1866
1707 1800
1056 1323
1182 1639
1598 1800
1229 1432
1358 1882
1173 1388
1227 1392
1604 1665
1030 1043
1605 1768
908 1698
1126 1402
1017 1530
1286 1591
389 1428
1231 1628
916 1868
1159 1275
1290 1559
1067 1279
1175 1255
1204 1282
1272 1723
107 1365
1185 1608
1538 1662
1598 1843
1076 1804
1663 1757
1125 1530
1158 1227
1513 1621
1480 1758
1431 1509
906 1622
917 1525
954 1751
1817 1846
1563 1769
1238 1804
1413 1716
1047 1160
1148 1716
981 1691
933 941
1480 1639
982 1888
1406 1820
917 1277
1020 1746
1018 1638
1243 1559
1235 1647
917 1531
606 1374
1768 1799
1488 1845
1003 1420
1583 1715
1400 1645
1294 1766
1534 1666
1184 1559
1459 1887
925 1340
978 1484
1661 1824
1256 1288
1420 1603
947 1376
1858 1911
932 1172
1059 1269
1063 1256
1377 1409
1827 1888
1435 1652
1159 1188
1149 1184
1183 1783
1416 1589
1495 1907
1799 1835
1440 1523
1238 1539
1086 1172
963 1097
1290 1352
1377 1782
1009 1067
1576 1596
960 1132
953 1456
1331 1509
1089 1168
1770 1904
1583 1635
1272 1391
917 1807
1520 1603
1330 1730
1569 1635
916 1614
363 1427
1135 1714
995 1331
1235 1786
1076 1198
1195 1621
1431 1612
1344 1683
1715 1841
1434 1590
1014 1875
1584 1735
1060 1229
962 1549
1525 1745
992 1118
1004 1289
1554 1613
1230 1845
1352 1612
1130 1199
949 1226
1067 1583
1329 1902
1469 1472
1530 1800
1335 1437
1330 1598
363 1514
1732 1751
1612 1839
1256 1399
1415 1482
1160 1610
984 1066
1294 1425
1472 1496
1078 1156
1132 1341
916 1305
1222 1520
1280 1608
1554 1753
1126 1842
991 1034
1163 1367
1462 1691
1717 1867
1086 1390
1104 1715
1086 1235
1216 1468
1059 1172
1017 1367
958 1468
1057 1138
1026 1250
1021 1277
897 1083
637 1694
1164 1675
1008 1708
1269 1721
1371 1452
1565 1692
637 1374
1166 1350
1329 1600
1772 1842
1573 1857
580 1616
1078 1542
1376 1833
1148 1479
484 1897
1195 1603
1113 1625
1271 1605
1841 1872
1410 1433
107 1626
1391 1789
1310 1355
959 1029
1308 1759
1284 1742
980 1547
483 1309
1006 1791
1516 1522
1086 1250
1177 1403
596 1235
1230 1352
1715 1903
1359 1620
1076 1376
1213 1667
932 1898
959 1205
938 1880
1590 1612
1261 1508
993 1086
1101 1126
1269 1367
1559 1793
1100 1459
1101 1449
1291 1437
1068 1660
475 1237
1338 1624
1052 1620
1001 1512
1573 1691
921 1352
1355 1703
1610 1619
1075 1877
1292 1716
1450 1656
1185 1746
1467 1617
1245 1828
1543 1677
1507 1672
1625 1660
1238 1535
1551 1746
981 1786
1076 1589
959 1551
1217 1910
1097 1371
1322 1462
1064 1566
1495 1715
1075 1222
957 1345
1376 1835
1535 1811
1271 1668
1742 1894
1318 1882
1632 1818
1120 1231
1377 1675
1290 1683
1287 1804
1036 1596
1375 1416
1199 1868
1339 1750
906 1126
1376 1800
1267 1391
366 1878
1083 1199
1623 1652
983 1271
953 1791
1018 1166
932 1864
1076 1675
1047 1243
1098 1719
1330 1898
1020 1783
1331 1800
1148 1438
1622 1736
1269 1388
1429 1489
1057 1664
1222 1352
1549 1624
1531 1743
1074 1864
1107 1652
1330 1399
1367 1618
1051 1703
1086 1835
1371 1468
1517 1898
1222 1551
925 1757
1475 1611
1076 1659
1117 1842
1613 1730
978 1547
1341 1707
978 1086
1305 1888
1151 1447
1229 1611
1503 1649
966 1827
1382 1583
922 1130
1613 1868
1348 1472
1423 1903
984 1166
1245 1406
1011 1504
897 927
1113 1695
972 1040
1184 1598
1282 1649
107 1757
1475 1742
1274 1908
1338 1366
1052 1217
1416 1584
1048 1391
1078 1668
1811 1839
924 1188
952 1377
107 1017
1004 1078
1153 1598
606 1320
1591 1611
526 1250
1399 1741
629 637
1530 1669
1205 1619
1160 1604
977 1258
922 1398
1248 1749
1833 1888
1356 1425
1290 1753
1336 1449
1101 1256
1120 1345
1231 1426
1515 1786
1296 1525
1076 1842
1382 1508
1623 1689
1088 1803
1327 1836
1014 1166
1128 1467
898 969
1104 1859
1267 1597
1201 1551
1483 1580
921 1535
1322 1381
998 1029
1198 1867
526 906
1750 1795
1665 1849
993 1470
1052 1304
1332 1801
1409 1458
1271 1663
1074 1376
1101 1214
1361 1619
1291 1570
1173 1608
1488 1888
1604 1835
1049 1620
917 1042
1369 1851
1082 1550
1280 1835
1222 1584
1367 1589
1299 1681
897 1409
906 1175
1004 1267
1813 1864
1380 1868
1307 1806
1409 1542
1540 1867
1172 1813
107 951
1149 1833
1117 1361
1223 1699
1835 1867
993 1675
1305 1590
1337 1480
1048 1835
991 1312
1844 1897
1289 1612
1281 1595
1222 1330
930 1210
1630 1738
1330 1570
1643 1730
1770 1906
1393 1551
1110 1557
1199 1796
353 1425
901 1333
1344 1532
1721 1746
1088 1165
1102 1783
1179 1300
1539 1653
1358 1878
1613 1804
1427 1545
1064 1831
1146 1165
1204 1715
1199 1377
1718 1769
1280 1605
1746 1809
898 919
1192 1715
1170 1742
942 1020
1097 1802
1810 1839
1205 1809
389 1070
1083 1288
1156 1542
1201 1868
946 1086
1613 1902
1149 1618
1136 1866
931 1453
1841 1857
1604 1849
641 1113
1559 1799
964 1624
1520 1523
984 1495
1535 1669
1191 1329
1048 1791
1083 1185
1102 1742
902 1596
1339 1752
1081 1732
1509 1774
1425 1831
1370 1589
1199 1409
1109 1338
1467 1714
1052 1299
1211 1608
1256 1717
1440 1702
1409 1791
1124 1610
1136 1174
1418 1727
917 942
917 964
936 1677
1611 1682
1181 1199
1205 1714
1339 1538
1340 1746
1370 1447
975 1716
1082 1647
1343 1364
924 1500
1164 1352
606 1300
484 1408
983 1833
1161 1656
1437 1741
1603 1610
363 1349
1277 1715
972 983
1231 1862
1373 1382
1194 1492
1014 1015
1345 1479
953 1559
1551 1768
1110 1191
1078 1191
1638 1820
988 1899
1273 1382
1465 1883
1437 1843
1320 1545
1339 1816
1183 1529
1729 1871
1170 1786
1227 1587
1019 1462
1255 1390
1288 1714
944 1159
916 1006
1204 1315
1059 1467
1570 1685
1189 1226
1360 1719
1509 1675
526 1393
1221 1569
1232 1468
1035 1529
1689 1800
1663 1909
1426 1720
1311 1496
1199 1509
1426 1459
1361 1723
921 952
1420 1613
925 1399
1437 1594
1204 1786
1358 1574
483 1155
1076 1877
483 1490
978 1352
1431 1547
942 1893
896 1292
1245 1848
1714 1746
580 1853
1230 1730
1378 1733
1006 1256
580 1179
926 1722
1292 1347
1479 1595
107 1607
989 1014
1192 1628
1267 1377
953 1621
1236 1785
1196 1718
1305 1860
1048 1685
948 1766
1129 1279
1201 1610
1230 1540
1704 1871
1018 1508
942 1099
1068 1619
1059 1335
1393 1835
1142 1625
971 1649
1563 1861
1079 1431
1146 1238
1250 1827
1324 1894
1563 1782
993 1028
1391 1663
1293 1617
1600 1610
1432 1596
1776 1808
1340 1538
1014 1848
1222 1589
1449 1467
1305 1352
953 1172
526 1630
1274 1588
1243 1754
1416 1532
1341 1804
1347 1786
925 1617
1024 1153
1584 1819
968 1444
1204 1742
906 1243
1567 1593
1284 1583
897 1460
1707 1791
1063 1101
1803 1847
1185 1335
1819 1846
1520 1800
1447 1457
931 939
1522 1888
1032 1066
1573 1628
1146 1612
1199 1712
1003 1380
1621 1782
1796 1833
1751 1783
997 1793
1163 1598
1712 1800
107 1049
1078 1185
1059 1191
1390 1622
1603 1768
1279 1459
1082 1628
1238 1714
946 1391
924 1536
1126 1835
420 566
1132 1156
1158 1649
928 1061
1083 1431
1619 1833
896 1108
1572 1757
1135 1470
1539 1877
1556 1888
1237 1473
1129 1873
1329 1334
1104 1381
1024 1132
946 1287
1146 1842
1300 1740
1123 1185
1723 1842
1558 1860
1175 1652
1391 1669
107 1817
1146 1721
993 1256
983 1078
1603 1761
1259 1348
1070 1686
1161 1911
1070 1448
966 1006
1271 1280
1370 1617
1589 1683
1323 1359
1470 1835
1148 1841
1377 1488
107 908
1456 1652
1256 1712
1480 1600
1628 1857
1589 1663
1696 1844
1040 1271
1230 1334
1736 1839
1723 1827
1471 1768
1012 1407
1306 1504
1129 1227
946 1377
1030 1788
925 1622
1175 1608
1271 1888
1287 1833
1453 1621
1522 1563
946 1849
906 1796
1283 1301
906 1116
913 1093
1185 1800
1632 1700
925 1597
1037 1070
1329 1734
1257 1592
1107 1849
1191 1571
1431 1620
1390 1819
1524 1746
1598 1842
1195 1637
1399 1456
1148 1423
1399 1556
1620 1622
999 1416
897 1205
1623 1833
1068 1620
1185 1255
1551 1608
1108 1812
1163 1449
919 1751
1029 1553
916 1524
1214 1323
107 1753
1107 1816
969 1783
1428 1624
1302 1886
1391 1491
1125 1538
1039 1391
1538 1707
1333 1468
1542 1668
363 1237
1244 1472
1359 1898
1365 1799
1215 1729
1172 1768
1747 1880
1043 1045
1419 1780
1329 1845
1670 1908
1153 1457
1001 1427
1042 1051
366 1349
1069 1288
1099 1783
1459 1502
1730 1771
1068 1331
1456 1547
1479 1872
637 641
1025 1901
1290 1335
1004 1522
1172 1609
1421 1803
1086 1827
952 1735
1393 1557
1456 1832
484 936
952 1622
1181 1340
1104 1495
1287 1757
1128 1612
1401 1603
1335 1621
1532 1867
1267 1714
1199 1367
1333 1837
363 1844
1004 1331
1742 1907
1735 1746
1112 1819
1286 1459
1059 1891
1341 1750
1630 1807
1647 1728
1201 1214
1294 1427
483 1625
1191 1835
1016 1889
1210 1226
1742 1786
1017 1480
1017 1614
1330 1879
1495 1871
1184 1663
1219 1707
1547 1623
993 1864
1011 1037
1707 1816
1290 1563
1222 1570
1104 1573
1250 1789
896 1595
1584 1590
1173 1390
1070 1446
941 1850
1123 1156
1049 1730
1083 1370
1359 1402
1230 1351
107 1155
1379 1573
1049 1534
1464 1677
966 1832
1067 1680
606 1677
1535 1537
1563 1683
1494 1567
1267 1867
982 1821
1380 1447
925 1211
1191 1621
967 1753
580 1692
1130 1135
1184 1795
1622 1796
1423 1576
107 1517
1285 1598
1309 1841
1411 1450
1192 1432
1166 1495
1608 1902
917 1183
1019 1298
1059 1712
952 1291
1753 1761
1662 1774
1120 1841
420 1311
1115 1576
897 947
1211 1612
1160 1205
1120 1576
967 1688
1765 1779
1110 1344
1282 1286
1352 1456
1426 1691
1010 1709
1531 1831
1302 1888
1078 1399
1459 1680
1117 1516
1113 1660
947 1833
1026 1149
1083 1722
1192 1872
1032 1828
927 1269
1338 1373
1107 1488
913 1910
1623 1810
993 1006
1020 1508
1753 1864
1175 1431
1360 1579
1130 1370
1021 1495
1361 1570
1319 1880
1557 1721
1376 1391
1204 1873
1235 1404
1255 1269
1729 1812
1420 1509
1377 1881
1238 1256
1026 1768
1327 1683
1334 1608
908 1806
1250 1271
1685 1861
931 1343
1416 1539
580 1374
107 976
1069 1868
930 1358
993 1721
1180 1804
1299 1703
1524 1557
1100 1279
1576 1884
1375 1524
1018 1303
1076 1613
959 1868
988 1231
1464 1853
1447 1861
1272 1520
921 1272
977 1482
1020 1277
1102 1820
1056 1898
1331 1809
1462 1728
1086 1302
1357 1393
1513 1590
1024 1125
1341 1603
1135 1497
1243 1528
1199 1522
917 1037
1094 1543
1191 1609
1791 1800
1365 1530
1724 1771
596 1019
1074 1839
1376 1799
1250 1293
1419 1883
1565 1881
566 1536
923 1317
1161 1858
1107 1491
1409 1827
1267 1447
1316 1661
1099 1583
943 1168
1614 1867
483 1392
1181 1653
916 1370
1040 1199
1625 1695
1324 1850
1823 1902
1416 1736
1153 1849
1117 1772
1535 1608
1085 1518
1471 1804
981 1036
1205 1222
1084 1768
1447 1619
1181 1737
1100 1462
1189 1244
1621 1827
1393 1864
1074 1393
981 1104
1344 1757
1790 1841
1292 1392
1431 1480
990 1419
1102 1459
1209 1375
1191 1663
1300 1313
968 1630
1126 1819
1369 1505
1842 1868
1003 1272
1857 1893
1515 1595
1075 1352
1468 1733
1238 1288
948 1625
1230 1793
107 1140
1014 1204
1026 1637
1124 1398
1175 1484
1329 1621
1172 1551
1102 1166
1399 1879
1275 1703
1480 1668
1238 1551
1209 1886
1260 1355
1345 1592
1405 1622
952 1730
1447 1571
1341 1712
1004 1835
1190 1379
1340 1612
1609 1610
927 1146
994 1584
1014 1451
483 1545
1287 1456
1099 1204
1049 1721
1186 1548
966 1793
1181 1335
1721 1835
1195 1377
978 1669
1591 1786
107 921
1128 1352
930 1645
937 1785
1194 1586
941 1638
1520 1689
1070 1152
1757 1868
1340 1653
1257 1635
1226 1415
1191 1804
1522 1877
1302 1833
934 1079
1114 1179
1380 1456
930 1400
1222 1609
1520 1717
1563 1613
1209 1352
517 1313
637 1148
1361 1888
483 896
964 1482
389 1630
1322 1716
1040 1613
1283 1523
1610 1623
1340 1867
941 1871
1014 1066
1339 1608
1198 1600
1094 1531
1009 1862
997 1377
1285 1619
1153 1741
1258 1260
1231 1583
1289 1367
1589 1804
1076 1610
483 1645
526 1616
1336 1580
1289 1791
1175 1707
1338 1630
1003 1662
941 1635
363 1692
107 1699
941 1020
902 1019
526 637
953 1173
1819 1835
1420 1675
964 1109
606 1512
1051 1310
1067 1426
1519 1557
1322 1628
1198 1416
1351 1702
1004 1757
1335 1377
1378 1468
1175 1331
1692 1763
1032 1102
1663 1768
1523 1750
1243 1612
1617 1827
1405 1851
1172 1621
1246 1738
1356 1497
1370 1868
1502 1732
941 945
1714 1816
1320 1695
1123 1456
1307 1360
1547 1746
1689 1714
1024 1456
1143 1661
1656 1852
107 1477
1107 1219
925 1659
1306 1472
949 1529
1104 1873
1003 1789
1156 1517
1173 1637
1589 1597
1184 1835
1613 1842
1277 1286
1211 1390
1813 1891
1032 1820
1686 1703
1163 1610
1603 1734
1559 1843
1390 1888
1182 1312
1257 1587
1086 1128
919 1732
997 1117
1066 1454
1159 1435
993 1717
1805 1813
1344 1730
1496 1681
995 1243
1177 1499
914 1247
1714 1879
1479 1862
1481 1828
1656 1726
1166 1316
1322 1899
1048 1331
1123 1256
1432 1899
1592 1872
1021 1715
1409 1665
1198 1352
107 1594
1211 1305
1329 1861
934 1791
1101 1398
1547 1619
1693 1760
980 1721
484 517
956 1218
1104 1716
1335 1376
1612 1737
1464 1487
1377 1839
999 1839
1712 1816
902 1576
1067 1576
641 1881
1559 1809
1293 1826
953 1271
1529 1761
1513 1765
925 1112
526 1078
1067 1100
994 1159
1284 1423
994 1630
1494 1593
1184 1520
938 1493
1613 1622
1390 1717
1290 1796
1323 1621
953 1056
1469 1739
1431 1623
947 1782
171 1486
1445 1806
1539 1867
1146 1172
1407 1620
1311 1541
947 1603
1339 1424
927 947
1077 1863
1431 1816
1125 1810
1341 1810
902 1158
1291 1420
1058 1077
1533 1787
1095 1300
1447 1509
1559 1791
1483 1813
1563 1584
1509 1643
1496 1507
1590 1663
1270 1711
1078 1146
1148 1475
1752 1861
606 1882
1132 1522
1471 1902
906 1048
1616 1673
1195 1594
1099 1894
1019 1277
1255 1846
1634 1703
1341 1833
1155 1637
1049 1375
1279 1576
1104 1857
1350 1794
1086 1849
1522 1752
1489 1729
958 1837
1621 1659
982 1547
171 904
1457 1712
1392 1611
1344 1653
952 1149
1800 1823
1744 1882
1584 1849
1729 1850
1041 1541
1120 1583
1379 1462
1429 1649
1219 1361
1347 1479
1230 1609
992 1333
1036 1462
1619 1632
1230 1509
1109 1770
1339 1532
1083 1256
1352 1643
1214 1861
942 1907
1522 1570
107 1494
1621 1804
1335 1827
1250 1659
1217 1364
1724 1877
483 1638
1404 1661
1551 1639
1123 1662
1810 1833
1538 1653
1717 1819
1388 1868
1007 1104
1143 1231
1010 1703
1656 1806
1563 1795
1107 1457
1132 1185
1094 1343
629 1400
1734 1888
1532 1632
1222 1604
1520 1813
1019 1060
1584 1816
1568 1733
941 1691
1538 1821
1716 1824
1118 1452
1786 1850
1221 1459
903 1232
1619 1886
1132 1184
1399 1768
1153 1280
1029 1577
908 950
1304 1876
1435 1894
1643 1833
1250 1888
1059 1185
1171 1450
1729 1893
1236 1536
1479 1884
1835 1851
1390 1632
1146 1293
1153 1619
932 1388
1020 1382
1413 1732
1307 1698
1571 1839
1614 1851
1004 1112
1391 1768
1424 1896
1330 1447
1439 1623
1146 1799
1175 1376
637 936
1037 1855
1347 1475
980 1734
1565 1870
1598 1809
1018 1907
1330 1772
978 1323
1590 1800
1431 1736
1267 1341
1330 1390
1583 1857
1074 1171
1201 1608
1204 1716
1036 1235
1485 1735
1559 1768
1205 1637
1126 1605
1483 1888
919 1277
1312 1765
1310 1472
1261 1857
1175 1180
993 1535
1205 1388
1313 1565
1109 1541
1589 1891
1330 1520
1257 1862
1047 1520
1456 1793
1124 1774
353 1692
1327 1626
1076 1644
1559 1603
1329 1669
107 1013
1757 1793
1424 1733
1501 1513
1475 1786
1623 1683
978 1491
428 1210
1132 1605
1240 1693
1032 1099
1082 1462
1551 1714
1683 1735
1107 1663
1302 1746
1365 1559
1146 1723
1663 1746
1536 1787
1163 1584
1319 1533
1479 1790
637 1332
1144 1593
1580 1888
566 1128
896 1396
954 1595
1425 1671
1483 1768
1367 1605
1420 1467
962 1743
1138 1889
1019 1628
1255 1835
1236 1703
1191 1768
1717 1811
1352 1746
107 1559
1706 1783
1532 1617
1097 1378
990 1505
1462 1635
606 936
1221 1596
1390 1613
997 1191
1456 1480
107 1161
1089 1507
896 1021
1175 1214
1078 1420
580 637
1086 1861
1232 1593
1314 1548
978 1209
1250 1757
1305 1612
1491 1833
1216 1378
1172 1902
1282 1347
1066 1382
1576 1715
1080 1122
1529 1727
1003 1800
949 1121
1192 1841
1571 1730
1377 1557
969 1282
1621 1675
1298 1636
1433 1567
1086 1198
1083 1163
1222 1447
1391 1877
1023 1806
915 1142
1533 1758
1448 1596
1019 1347
1435 1525
1130 1863
1148 1682
951 1033
1782 1804
1666 1822
958 1648
1184 1683
1029 1557
1706 1871
1416 1827
1352 1608
107 1036
978 1874
925 1554
1205 1730
563 1745
1563 1590
1491 1623
1146 1584
1221 1783
1214 1437
1271 1584
1409 1488
966 1117
1052 1681
107 1562
1314 1787
1323 1361
969 1751
1199 1539
1040 1391
1427 1801
946 1078
1172 1750
1507 1624
1408 1844
1557 1614
930 1801
1501 1765
1340 1886
517 905
1628 1887
1255 1359
1753 1833
1385 1910
107 1038
1271 1352
1639 1643
960 1256
107 1181
1307 1421
641 1425
1600 1804
1284 1392
925 1250
1201 1280
1493 1798
1559 1864
1312 1718
1153 1288
1337 1369
1021 1448
1423 1647
1606 1744
979 1403
1086 1813
1104 1373
107 1540
107 912
1235 1315
1399 1516
1622 1689
902 1190
960 1488
925 1530
1707 1717
1219 1289
1080 1473
1416 1724
1129 1350
1601 1880
1092 1437
1138 1499
1583 1720
1221 1345
1352 1668
978 1146
1242 1407
936 1645
1331 1714
1180 1470
1554 1791
932 1845
1241 1373
1532 1707
1173 1280
901 963
1435 1492
1026 1902
1091 1472
967 1509
1083 1107
1646 1881
925 1710
1222 1813
1075 1523
1080 1766
1101 1827
1306 1428
1102 1245
1509 1590
1078 1600
1530 1554
1600 1683
1683 1827
1099 1261
1146 1653
1491 1522
1273 1742
1387 1726
1522 1632
980 1730
1603 1791
1467 1835
1156 1288
1076 1083
1545 1767
959 1809
1238 1712
953 1663
1659 1827
1146 1471
1199 1256
966 1291
1447 1637
1566 1814
917 1032
1703 1709
366 1237
1377 1617
1327 1384
1345 1438
1225 1630
1113 1446
916 1793
1182 1522
946 1632
1269 1305
1125 1842
1028 1867
1688 1752
1243 1761
909 1889
1117 1380
1551 1867
483 1102
1541 1770
107 916
1523 1800
1135 1212
1220 1483
1772 1804
1214 1723
1005 1783
1287 1367
1163 1665
995 1553
941 942
1488 1707
1123 1765
1515 1582
1551 1793
1663 1791
925 1456
1609 1730
1085 1360
1658 1818
1376 1563
353 1744
1024 1789
1559 1891
1003 1250
1523 1618
1256 1331
1107 1222
1570 1902
1006 1821
1456 1483
1504 1630
538 1878
1617 1637
1793 1879
1149 1181
1861 1902
953 1029
1082 1576
1420 1580
1019 1475
1242 1819
1557 1877
1214 1663
1190 1647
1005 1667
1356 1829
1440 1911
1741 1888
925 1420
1204 1596
1062 1696
999 1471
1610 1782
1730 1868
930 1549
1617 1754
1006 1714
1591 1862
1048 1467
483 1732
943 1244
952 1757
1227 1345
897 1612
1277 1573
1291 1793
1520 1795
1557 1683
1199 1391
1575 1727
1199 1723
1250 1768
107 1533
1590 1886
1041 1139
1222 1327
1183 1246
1495 1583
908 1307
1361 1409
897 1535
927 1467
1365 1538
1170 1857
1488 1833
995 1419
1572 1653
975 1292
1076 1523
107 1242
1082 1423
1048 1612
1433 1806
1076 1290
1014 1894
999 1707
1006 1456
1619 1898
930 1616
896 1611
1040 1604
1389 1843
1041 1815
1663 1800
1117 1339
1222 1437
1462 1764
1290 1524
1060 1479
1447 1663
1152 1807
1287 1370
1211 1222
1345 1893
1441 1905
1086 1675
651 1011
947 1721
988 1279
1390 1619
1458 1769
1047 1290
1485 1836
1205 1610
1086 1291
1175 1614
1107 1539
596 1345
1014 1655
1645 1778
1230 1267
1080 1514
924 1170
1621 1683
651 1526
1130 1888
1257 1322
1006 1156
988 1190
1622 1793
1006 1437
980 1305
1457 1491
1117 1323
107 1327
1496 1569
1112 1375
1351 1845
1619 1823
1352 1717
967 1243
1082 1104
1429 1704
1376 1819
1018 1454
897 1483
1149 1219
1429 1729
1130 1211
1796 1902
1101 1522
980 1717
1347 1573
1231 1475
1229 1728
1021 1036
1519 1688
1132 1863
1001 1095
960 1519
1359 1813
1172 1211
484 1160
921 1608
1199 1393
1613 1637
1573 1583
1604 1717
1413 1583
1199 1556
1195 1255
1589 1722
1139 1482
1424 1837
1513 1846
1242 1584
1424 1895
1059 1746
1402 1746
1198 1810
1184 1665
1028 1823
1292 1841
1636 1786
1416 1480
1614 1782
968 1062
1241 1536
1341 1380
924 1525
997 1668
1623 1826
1449 1538
925 1827
1589 1610
1600 1688
1391 1614
1024 1028
1645 1692
1068 1736
1185 1467
917 1706
1237 1692
1559 1584
953 1199
1555 1588
1352 1724
1243 1768
1768 1774
1538 1839
1457 1584
1273 1824
1101 1361
1244 1770
1612 1741
902 1459
1205 1520
1457 1488
1659 1891
1597 1632
1038 1861
641 1882
1783 1848
363 1767
997 1456
1352 1714
637 1578
1124 1888
997 1214
1104 1893
1377 1491
1396 1729
1431 1600
1050 1779
966 1390
1214 1707
934 1643
1480 1619
1256 1900
1334 1525
1878 1882
1293 1589
1409 1782
995 1219
982 1006
1467 1603
1446 1790
903 1137
970 1567
997 1006
107 899
1196 1753
363 1616
1048 1376
991 1177
1491 1736
1199 1291
1120 1628
1132 1201
1207 1288
1479 1583
1416 1800
1192 1884
1593 1806
917 1303
1125 1620
1589 1886
1329 1608
1163 1516
1557 1689
953 1117
1245 1582
1820 1824
897 1768
1815 1869
1182 1399
967 1149
1600 1791
1622 1861
1426 1628
1227 1591
1101 1845
1164 1603
1431 1809
1367 1652
992 1798
1246 1338
1170 1820
1622 1669
1036 1475
1468 1648
992 1452
1083 1470
1632 1653
1199 1219
1044 1583
1013 1109
1591 1595
1723 1768
1059 1399
1060 1591
1584 1868
1370 1483
1577 1618
1307 1511
1215 1413
1298 1591
1153 1717
930 1766
1221 1231
1149 1663
1351 1668
1345 1462
1376 1750
1076 1612
1234 1566
961 1283
1483 1597
1305 1509
1393 1845
483 1313
1078 1367
1056 1160
1126 1288
1559 1598
484 526
916 1622
1230 1557
1235 1379
1026 1352
1296 1338
926 1409
1221 1275
946 1163
538 651
1107 1456
1017 1668
1067 1647
903 1533
1361 1520
1055 1266
1029 1409
1427 1487
1173 1669
1446 1695
1086 1730
973 1178
1530 1746
1199 1365
1101 1842
1293 1331
1116 1688
1396 1783
1181 1888
1144 1705
1324 1871
1284 1841
1339 1795
1175 1334
1148 1292
1099 1515
1235 1322
1104 1227
1661 1716
1352 1377
1255 1827
428 1778
936 1374
1279 1479
1662 1707
1182 1334
1166 1820
1282 1893
1272 1509
1335 1799
1383 1594
428 1425
1212 1478
1688 1864
1163 1809
946 1184
1123 1614
107 1761
1146 1551
1153 1879
1432 1573
1454 1894
1306 1366
897 1570
1184 1717
1127 1759
1079 1833
947 1808
1132 1603
1230 1409
1620 1791
952 1054
959 1285
1721 1799
637 1448
1868 1888
1132 1816
1067 1284
1705 1719
1089 1667
1899 1907
1227 1680
1107 1390
1559 1668
1335 1608
927 1334
1459 1462
1613 1746
1327 1520
1048 1614
1305 1804
1089 1415
1231 1459
1184 1416
1116 1391
1107 1796
1424 1880
1290 1750
1126 1471
1309 1820
1126 1250
917 919
107 1055
1189 1415
1236 1258
1235 1459
1132 1163
1126 1211
1361 1791
1582 1848
1130 1480
1153 1163
1376 1639
1184 1833
1714 1886
1456 1559
1118 1378
1570 1600
1462 1583
1559 1714
366 526
1288 1390
963 1601
1189 1348
1491 1653
1139 1876
1675 1765
107 1888
1153 1886
1406 1729
580 1679
1352 1683
1438 1583
1604 1609
1017 1124
1753 1769
1181 1612
1258 1334
1087 1283
1782 1799
1049 1184
483 1400
1637 1851
946 1623
1075 1600
1439 1559
1289 1823
1083 1302
1810 1827
1086 1610
978 1516
1491 1813
1559 1879
1557 1752
1125 1809
975 1298
1363 1787
940 1425
1610 1849
947 978
1056 1861
1771 1827
1550 1841
1033 1511
1314 1424
1549 1671
1169 1748
1044 1392
1261 1638
1393 1540
1086 1255
957 1475
1184 1826
1839 1845
1117 1263
107 1450
1086 1352
1388 1754
1242 1689
1475 1893
1447 1827
1296 1418
1431 1779
983 1668
982 1391
1396 1661
107 1232
1809 1839
1604 1800
1757 1809
1612 1782
1305 1800
1540 1909
999 1827
1668 1849
1376 1554
966 1230
1483 1609
902 1680
1183 1338
932 1329
1004 1827
1686 1699
1080 1155
1323 1842
1399 1702
1636 1884
942 1451
1298 1728
1610 1879
1511 1698
1101 1402
1359 1663
1106 1131
606 1313
1078 1289
1117 1813
953 1793
1352 1467
1620 1881
1340 1833
483 1744
1429 1828
1181 1736
1743 1901
1256 1598
1597 1867
1207 1800
1570 1891
1126 1222
1220 1571
1352 1614
1214 1813
1750 1902
1079 1377
1621 1789
1288 1331
1152 1630
1086 1844
1522 1604
483 1487
1238 1289
1104 1728
1279 1728
1036 1583
1347 1495
1618 1836
1376 1768
1137 1186
917 954
1662 1839
940 1221
1388 1409
1242 1653
606 1606
1415 1906
1122 1427
1019 1591
107 1056
1622 1902
946 1172
1496 1745
1335 1491
1074 1230
1149 1632
1598 1879
1107 1267
1795 1833
1312 1584
1028 1833
1056 1772
1380 1523
1125 1879
1242 1804
1123 1863
930 1882
107 1877
1199 1827
353 484
1209 1867
1006 1823
944 1686
1123 1272
1079 1867
107 1133
1550 1591
1121 1847
960 1823
1029 1537
1156 1447
982 1754
896 1462
1040 1849
1491 1589
1457 1663
896 1661
1258 1781
1121 1226
1037 1275
1067 1347
1128 1230
1004 1789
1269 1580
1222 1717
1392 1899
976 1574
563 1687
1717 1816
1086 1604
526 1367
948 1142
1267 1365
966 982
927 1765
966 1086
1272 1376
1072 1259
1195 1352
1458 1718
1273 1286
1763 1844
1184 1867
934 1746
1097 1363
1636 1820
1199 1287
1456 1741
1471 1563
1250 1721
917 1167
962 1671
1026 1621
1166 1338
1256 1804
1127 1236
1369 1644
978 1255
1385 1688
1211 1799
1125 1380
1745 1770
1305 1761
1059 1391
1124 1323
1232 1880
1772 1793
1280 1839
1267 1717
1563 1589
107 1642
107 1182
363 637
1717 1768
906 1804
1718 1863
1035 1246
1617 1669
1322 1459
1243 1813
916 1643
1126 1370
942 1503
978 980
958 1186
1080 1790
1496 1574
1437 1662
1334 1409
963 1787
1431 1564
927 1811
1044 1636
1175 1835
957 1873
1381 1720
1153 1483
1269 1376
1322 1636
1520 1600
1568 1880
1835 1883
953 1670
1659 1877
1079 1184
1086 1156
1150 1476
1496 1630
946 1868
1190 1479
1060 1515
1149 1211
1271 1714
1338 1785
1409 1632
1083 1621
1373 1828
1307 1555
1750 1827
1040 1256
1003 1112
1373 1812
1315 1611
1190 1277
1323 1535
1507 1876
1509 1589
1352 1485
1037 1296
1339 1399
1786 1828
934 1795
1288 1898
1528 1688
1625 1766
1336 1488
1422 1692
1289 1730
1191 1570
1367 1791
1897 1910
934 1610
1404 1857
924 1310
1154 1356
1478 1831
1250 1376
1516 1554
1243 1842
1101 1278
1302 1612
1229 1583
1153 1833
1101 1488
1149 1538
1786 1894
978 1132
1188 1236
937 1264
1026 1146
1076 1879
915 930
1612 1619
1225 1748
1622 1849
1243 1663
1391 1622
978 1305
1816 1839
1074 1470
1181 1431
1537 1567
1304 1815
1471 1886
1277 1309
1185 1757
1340 1416
1668 1752
942 1066
1006 1219
1173 1470
1020 1824
962 1064
946 1902
972 1431
1135 1164
1322 1379
1585 1905
1440 1909
1367 1557
1250 1330
1637 1639
946 1662
1405 1485
1124 1160
1235 1292
966 1289
1385 1778
1322 1392
107 1504
1153 1723
1514 1801
1080 1645
953 1238
916 1191
1467 1833
1104 1257
1364 1569
1672 1783
1173 1243
1059 1524
1122 1320
908 1537
1796 1827
921 1689
1285 1900
1587 1647
1083 1398
1484 1800
1195 1554
1245 1373
1659 1867
1103 1725
1231 1292
1604 1736
1516 1746
1067 1115
1471 1793
637 1060
908 1511
954 1235
1146 1610
1269 1509
982 1456
1366 1725
1004 1375
1285 1707
1230 1689
1471 1753
1370 1517
1557 1734
1721 1804
1104 1899
946 1211
1064 1212
1813 1898
978 1626
1202 1326
968 1436
1079 1652
1047 1911
1192 1661
601 1645
946 1554
1331 1613
1086 1516
651 1778
1536 1897
1075 1768
1689 1737
1209 1804
484 1574
1330 1401
1609 1811
938 1601
1376 1390
1243 1530
1001 1740
1730 1799
1230 1243
1454 1729
934 980
1329 1757
909 1197
944 1338
927 1185
1242 1376
1163 1335
1598 1741
1488 1604
1126 1128
960 1086
366 1514
1242 1800
1036 1413
526 1344
1522 1864
1087 1505
1051 1306
1867 1888
1334 1352
925 1323
1146 1195
1026 1409
1518 1567
1449 1471
1092 1886
925 1509
936 1512
1367 1816
1371 1378
933 1871
1644 1746
1091 1457
1587 1636
1003 1075
1589 1750
1052 1338
1415 1541
1799 1833
1418 1709
1339 1888
964 1664
1344 1685
484 1397
925 1175
1078 1211
967 1721
1511 1615
1376 1557
967 1238
1653 1683
1729 1751
1622 1644
957 1715
1063 1736
1277 1824
1360 1678
58 107
1419 1911
1240 1642
1179 1237
1338 1496
1707 1735
946 1312
1732 1786
988 1204
1402 1714
1211 1480
1009 1148
946 1405
962 1142
925 1793
1281 1786
1118 1895
896 989
1185 1662
1377 1663
1185 1789
1060 1148
1302 1900
1074 1191
1393 1535
1677 1740
1407 1566
1591 1807
1331 1730
946 1125
941 1081
1076 1516
902 1873
1170 1894
1509 1584
1277 1292
1221 1504
1402 1665
1019 1426
1397 1536
1678 1717
1101 1612
1376 1399
1399 1610
1613 1827
1675 1835
1551 1685
954 1786
1530 1563
517 1645
1078 1612
1005 1259
1714 1730
1637 1779
1107 1669
1413 1682
1480 1662
1467 1823
1107 1341
1324 1661
1166 1703
1153 1447
1024 1879
1530 1795
1410 1494
1481 1876
1051 1188
107 1178
1293 1632
1001 1155
1047 1199
1028 1584
376 1343
927 1584
1409 1447
1471 1833
975 1475
1589 1730
964 1904
1695 1870
1004 1644
897 1084
1049 1128
1078 1826
922 1662
1311 1770
1132 1580
1257 1872
1107 1431
1391 1597
1037 1904
1307 1567
1497 1599
947 1420
1675 1891
1185 1416
995 1470
1085 1193
1261 1742
1186 1895
1232 1787
1236 1275
1479 1857
1341 1799
967 1124
1551 1736
1017 1132
1442 1471
1174 1825
1298 1413
1054 1367
1129 1292
1399 1868
915 1763
1504 1709
1230 1269
957 1104
1146 1243
903 1733
1348 1815
896 1578
526 1740
946 1449
420 484
1751 1812
1300 1374
1350 1432
1352 1380
1125 1185
1032 1894
1774 1851
1390 1471
1538 1800
1107 1199
960 1091
1819 1827
991 1701
954 1820
1663 1816
1347 1413
953 1898
1009 1404
1115 1404
1311 1415
563 566
1608 1714
1185 1547
1160 1222
916 1125
1491 1551
1600 1750
1259 1415
993 1467
917 1893
1668 1746
1056 1813
483 1114
1342 1478
1405 1860
1166 1729
1222 1730
953 1849
1554 1675
1039 1214
1472 1681
1278 1771
1597 1665
1402 1900
1528 1724
1107 1289
1205 1238
1074 1730
1198 1335
1580 1741
1124 1440
1839 1879
1004 1816
1264 1725
981 1479
1077 1911
1669 1898
1290 1614
1520 1816
526 1540
1800 1868
1101 1746
1894 1907
925 1689
1348 1469
1173 1535
941 1628
1557 1833
1305 1440
1066 1102
1004 1149
1230 1867
1683 1752
1305 1584
975 1628
1820 1894
1146 1600
1683 1821
1199 1352
947 1329
1026 1813
1102 1786
1761 1799
953 1563
1522 1839
1287 1795
1020 1502
606 1671
1070 1869
1163 1556
1079 1351
952 1827
1269 1833
1277 1462
1148 1884
960 1809
1685 1888
1199 1447
1011 1052
1344 1799
1623 1659
1647 1720
1182 1377
1459 1489
1124 1559
107 1760
1623 1750
975 1204
1078 1530
1059 1250
1582 1820
1280 1670
1184 1516
1024 1617
941 1273
1559 1597
1067 1298
1117 1746
1388 1609
984 1215
1024 1849
1367 1752
967 1791
1456 1584
1608 1669
946 1243
1101 1589
1538 1643
1009 1596
1551 1833
1467 1598
1811 1835
967 1772
1675 1685
483 1695
1620 1804
967 1369
916 1331
1495 1732
1159 1310
1260 1275
1153 1669
952 1823
1369 1509
1330 1352
107 1553
1391 1470
1291 1584
1589 1746
1370 1663
1321 1509
1511 1866
1743 1910
1516 1539
1070 1412
1335 1598
952 1799
1548 1892
1728 1875
931 1671
1720 1729
1177 1424
1559 1746
1737 1741
1070 1703
1536 1630
1260 1876
1556 1886
1432 1479
967 1431
1014 1396
1565 1671
1175 1222
1156 1652
483 948
969 1894
1377 1483
1360 1561
1833 1849
1611 1841
107 1697
1047 1609
1298 1583
932 1730
999 1017
952 1617
1553 1615
897 1280
1210 1318
107 1423
1650 1770
1868 1898
1200 1202
1078 1753
913 1357
1596 1872
1192 1413
1376 1393
1331 1547
1036 1680
1102 1373
1032 1732
1530 1668
1717 1868
1589 1622
1638 1661
1302 1707
1652 1668
1012 1113
1471 1561
1109 1259
1431 1449
1434 1860
971 1489
1826 1888
1485 1554
916 1668
1000 1228
580 1446
1172 1199
1320 1645
1329 1570
1026 1377
1048 1800
1066 1158
1243 1323
954 1591
1118 1733
896 1404
1250 1597
1343 1584
107 992
1320 1374
606 1318
1080 1349
1473 1703
1146 1344
1185 1484
1104 1682
1149 1621
1416 1554
1112 1653
940 1469
1217 1897
1191 1377
1242 1416
980 1267
1129 1347
1675 1902
1530 1793
902 957
1272 1551
107 1035
1212 1545
1402 1826
1352 1613
353 475
1787 1880
1124 1520
1222 1827
1302 1768
1029 1608
1617 1845
1341 1351
1483 1605
1440 1805
1330 1722
1146 1891
1753 1886
1255 1683
948 1526
1379 1591
1539 1639
1029 1222
925 1639
1099 1273
1097 1216
1070 1109
1288 1336
1449 1456
1428 1469
1086 1375
1126 1793
428 563
1345 1742
484 1080
1554 1570
1303 1828
1165 1254
1399 1800
107 1872
1695 1881
906 1572
1035 1296
1500 1686
951 1161
992 1371
942 1729
1172 1721
963 1493
1204 1345
1620 1867
1235 1347
906 1184
1158 1841
1390 1530
1110 1800
1124 1538
1318 1358
1420 1846
1272 1793
1351 1551
1205 1849
1436 1472
1120 1192
1079 1214
1344 1572
526 1416
1331 1488
1610 1796
926 1608
1842 1861
1370 1809
1391 1613
1570 1823
1557 1621
1765 1883
1290 1791
1431 1750
1390 1789
1265 1609
1230 1388
1547 1559
1236 1338
1406 1495
1612 1735
1557 1597
1584 1658
1290 1612
1204 1515
1453 1807
1352 1734
1001 1357
964 1725
1156 1431
1446 1773
1305 1757
1548 1568
1081 1261
1303 1573
1175 1305
1184 1185
954 1479
1523 1768
1528 1559
934 1761
1212 1901
1570 1813
1078 1597
1209 1344
1771 1800
1334 1563
1330 1359
1238 1488
1530 1603
1730 1746
1192 1345
1153 1898
1256 1746
1302 1390
896 1550
1667 1725
107 1875
960 1288
1376 1460
651 1574
483 1122
353 1881
1399 1617
1160 1361
1006 1399
917 1569
1405 1883
1352 1589
1275 1709
1513 1842
1536 1709
1545 1762
1596 1716
1598 1902
924 1236
1260 1308
1014 1099
1125 1449
1456 1614
1211 1813
107 1523
1211 1509
606 1436
1473 1569
1238 1620
1153 1302
896 1426
1123 1130
1255 1522
1214 1626
1590 1637
1341 1839
1090 1725
898 1406
934 1467
1491 1823
952 1608
1302 1488
1459 1841
1431 1714
1559 1741
1718 1782
994 1366
953 1826
1509 1835
1074 1551
1723 1746
1471 1746
1768 1791
1612 1879
1099 1582
1645 1677
1589 1768
966 1370
1128 1149
1182 1851
1569 1745
1074 1617
1439 1621
1605 1722
1291 1613
944 1770
1335 1662
475 1536
1044 1100
1072 1428
1496 1504
1370 1723
1562 1889
1126 1737
580 976
651 1358
914 1453
1054 1688
981 1067
1219 1265
1117 1621
1483 1517
1083 1605
1642 1670
1104 1231
1267 1613
1391 1632
1444 1630
1198 1584
1267 1839
1388 1663
957 1459
1054 1209
1567 1705
999 1879
953 1488
1117 1714
1201 1811
1150 1909
1352 1669
1516 1610
1724 1867
1076 1149
1621 1718
353 1529
1610 1757
1237 1464
948 1773
1695 1766
982 1399
1156 1199
107 1620
993 1734
967 1402
1379 1448
934 1584
1273 1489
1062 1540
1431 1746
1101 1610
1877 1888
1372 1831
526 1800
1256 1665
1604 1789
1037 1338
641 1446
1668 1714
1576 1728
1389 1604
1271 1302
1520 1750
1739 1783
1389 1898
1707 1799
1377 1793
1542 1712
107 1897
1551 1757
1156 1810
1120 1204
913 1487
1347 1691
1205 1609
1467 1597
1620 1845
1398 1437
1025 1334
896 1893
1305 1570
1025 1897
1376 1826
1308 1634
1243 1730
1153 1388
1006 1900
353 1606
1205 1722
1274 1325
1472 1709
1385 1770
1444 1738
906 1891
1723 1804
651 1565
107 1186
353 420
517 1268
363 1358
1004 1437
1082 1716
1376 1823
1677 1679
931 1064
1589 1879
1006 1849
1396 1893
517 1512
1329 1563
1124 1191
957 1550
999 1750
925 1079
1361 1540
1330 1842
1028 1520
1402 1757
580 1332
641 1122
1341 1390
1083 1285
1076 1399
1258 1569
483 1104
1166 1503
1234 1343
956 1403
934 1086
917 1296
1213 1855
1205 1772
946 1272
1312 1846
1125 1789
1377 1721
930 1318
1185 1868
968 1183
1182 1888
1730 1804
1402 1598
1221 1472
1275 1500
1047 1076
1310 1536
916 1376
1238 1665
1447 1604
1389 1621
953 1861
1048 1182
483 1751
1800 1881
1644 1724
1101 1336
992 1363
1554 1612
1036 1459
1100 1591
1056 1280
1040 1542
1584 1619
1017 1886
1339 1644
1315 1857
1528 1813
1153 1617
923 1178
1331 1339
1467 1804
1390 1456
1539 1746
1079 1547
1312 1736
1215 1742
942 1638
1006 1874
1203 1240
1081 1871
1566 1910
1377 1813
1242 1810
1132 1559
1123 1851
1040 1832
1401 1888
1640 1840
1123 1449
637 1464
1117 1888
389 1745
1309 1322
1563 1643
947 1637
960 1714
1532 1700
897 1214
1277 1298
993 1391
1293 1367
1014 1345
1172 1480
376 566
957 1691
1741 1823
1456 1879
1242 1367
1269 1685
917 1739
997 1768
1054 1390
1017 1092
1736 1849
107 1861
1195 1782
938 1895
1267 1791
1003 1540
989 1729
1596 1884
1390 1402
1668 1799
1448 1893
916 1431
1431 1791
1209 1291
1347 1379
1516 1623
1014 1751
1669 1902
1009 1720
1222 1431
1479 1636
1124 1827
1181 1721
1376 1637
912 1122
1449 1712
1469 1906
999 1199
1082 1475
964 1415
107 1368
1369 1718
1014 1282
1343 1444
1067 1235
1370 1800
1075 1746
917 1472
1205 1255
1563 1622
1663 1752
1126 1195
1723 1791
1619 1714
1228 1725
1066 1082
980 1230
1282 1382
483 1871
1556 1668
1070 1225
1078 1250
1570 1839
917 1081
967 1845
1613 1813
1076 1689
1158 1783
1091 1804
1414 1862
1516 1617
906 1242
107 1682
1209 1800
1188 1308
1630 1686
960 1898
943 1167
1214 1530
1160 1487
1149 1888
1456 1707
1390 1793
1357 1794
1456 1839
1559 1827
1214 1772
1446 1763
1217 1247
1183 1794
1376 1516
1074 1707
1438 1628
1173 1519
1079 1352
1149 1752
1173 1674
1665 1668
1006 1613
1444 1500
1146 1431
1341 1685
1741 1809
1180 1665
1509 1839
1122 1801
1271 1399
1125 1370
982 1663
1250 1819
1329 1377
1062 1699
1491 1559
1289 1577
925 1059
1312 1864
1589 1835
1841 1875
1052 1310
1284 1728
913 1444
1165 1505
1628 1691
1006 1285
1554 1689
1229 1812
1390 1554
1391 1420
1793 1816
1083 1619
1622 1851
1584 1750
1648 1798
1199 1376
1539 1551
924 1482
1723 1864
1250 1557
1330 1453
1341 1491
1175 1528
1017 1028
1617 1735
526 1620
1104 1575
1243 1590
1597 1795
1341 1827
1014 1347
1078 1551
1571 1772
171 1387
1337 1860
107 1158
1205 1580
1126 1243
1331 1341
1006 1845
1048 1663
1750 1888
1112 1724
1444 1620
1269 1559
917 1216
1204 1489
1791 1868
1513 1622
1612 1714
1125 1816
1132 1772
1018 1729
1334 1813
1126 1272
983 1288
1380 1800
1116 1522
1493 1648
930 1332
107 1585
1612 1851
1313 1673
1117 1125
1358 1427
1746 1796
1377 1804
107 1539
1540 1622
980 1393
1017 1198
1563 1603
1192 1706
1146 1399
959 1199
1457 1610
1426 1790
1628 1899
1069 1809
1323 1554
1093 1646
1112 1827
483 1320
1522 1707
1428 1703
1003 1598
1097 1118
1509 1804
927 1736
1354 1469
1053 1183
1553 1791
1448 1573
107 1120
1101 1619
1539 1819
974 1228
1019 1067
1198 1467
1389 1535
1003 1623
957 1036
1256 1457
1271 1849
1222 1255
1620 1864
1068 1768
1431 1539
967 1734
1115 1192
1287 1663
1181 1344
1620 1888
1232 1629
1582 1729
1355 1709
1006 1230
483 1473
1209 1557
1078 1126
953 978
967 1334
1156 1612
1434 1822
1612 1823
1365 1584
905 1237
1160 1609
999 1351
1004 1491
580 1237
1256 1757
1024 1839
1108 1848
1279 1583
1102 1751
1881 1910
1348 1624
952 1184
1075 1086
902 1227
1675 1717
1358 1514
1019 1036
1331 1471
1152 1783
1146 1175
1614 1752
995 1535
1522 1639
999 1551
1112 1799
1256 1816
1287 1867
1449 1458
988 1583
924 1472
1047 1902
1280 1388
1323 1559
1086 1480
963 992
1006 1868
981 1347
1180 1222
1288 1598
1059 1804
896 1286
1402 1610
1513 1730
1054 1128
1742 1824
1086 1130
641 651
934 1757
966 1757
1036 1322
1221 1583
1645 1694
1237 1833
1491 1795
1613 1861
1146 1685
1665 1809
1339 1652
967 1604
1117 1622
1523 1723
1157 1594
1338 1828
1375 1659
1390 1539
1739 1876
1004 1879
902 1100
920 921
1312 1367
1483 1772
967 1590
1367 1375
1530 1804
1113 1318
913 1738
1190 1459
1076 1330
1610 1842
1028 1491
1637 1804
1528 1746
1864 1888
1141 1355
1871 1894
1327 1911
1475 1573
1021 1903
1173 1639
1680 1872
1184 1721
1625 1763
1423 1720
107 1846
1589 1888
484 1545
1730 1810
1032 1429
1331 1376
914 1408
1153 1205
1269 1409
1529 1569
1012 1320
1005 1213
1076 1637
1011 1770
1610 1888
1017 1757
921 1621
1076 1554
1132 1789
1126 1449
1736 1823
107 1215
1163 1488
1389 1470
974 1127
1288 1388
1256 1509
483 1018
1530 1754
526 1584
921 1833
1230 1256
1006 1879
1107 1613
906 1659
1227 1404
1520 1554
1702 1863
988 1479
1338 1783
1338 1709
983 1040
1345 1413
947 1341
1337 1909
980 1146
1513 1639
1405 1513
1522 1553
1554 1799
971 1706
1059 1886
1446 1694
1267 1570
946 1835
1126 1352
1118 1371
1871 1907
1331 1902
1323 1570
1682 1893
932 1843
930 1294
978 1047
953 1280
1360 1494
953 1609
1216 1880
1689 1730
1182 1265
1054 1416
925 1243
1144 1588
942 1081
902 975
913 1813
993 1827
1723 1888
1026 1761
1550 1576
1089 1672
958 1371
1456 1736
1108 1281
1196 1618
963 1802
1456 1761
1298 1322
1289 1750
484 913
1076 1810
1390 1612
1080 1446
966 1707
1162 1831
483 1893
1153 1811
596 1872
1530 1610
1406 1704
1066 1108
1132 1827
1338 1357
1217 1343
1320 1744
1061 1144
1391 1832
1006 1663
1079 1644
993 1110
1192 1462
1207 1449
1159 1504
1064 1342
1104 1279
1643 1663
1530 1879
1149 1361
348 566
1207 1809
1160 1535
1435 1523
955 1043
1571 1589
1554 1609
1329 1804
1687 1698
1004 1302
1092 1864
1519 1620
1541 1699
1530 1730
1662 1730
1014 1824
1216 1798
917 1661
1361 1391
1361 1509
483 1729
107 1663
1595 1661
1416 1467
1271 1868
1003 1618
983 1238
1209 1644
1267 1663
925 1149
1438 1611
1082 1764
1477 1585
1282 1820
1120 1459
931 1645
1468 1802
1597 1653
1490 1631
1367 1623
1572 1799
1066 1582
1563 1827
957 1277
953 1722
959 1457
1230 1603
1297 1549
897 995
960 1799
596 1688
1019 1857
1523 1572
1515 1649
376 1179
637 1545
1393 1902
1124 1388
1528 1757
483 1408
420 563
1344 1800
1211 1746
1329 1868
1015 1423
1086 1621
920 1792
916 1040
1091 1888
1137 1798
1269 1554
925 1621
1051 1152
1554 1891
580 1095
353 1487
1296 1770
366 376
1410 1825
1211 1293
897 1331
1319 1895
1199 1902
1689 1753
1799 1827
1100 1573
993 1335
1417 1621
1485 1520
1330 1675
1804 1811
1335 1483
1104 1794
1052 1885
1100 1635
1555 1567
428 962
896 1591
1663 1675
962 1210
1659 1800
971 1347
1610 1736
1158 1871
1146 1255
1456 1662
1735 1867
989 1462
1214 1888
954 1830
1108 1406
948 1313
1214 1600
1076 1735
1416 1721
1125 1516
1219 1519
1842 1864
1229 1592
1227 1282
1190 1345
978 1198
1302 1604
1413 1591
580 930
1146 1182
954 1732
961 1327
1715 1875
1109 1139
526 1226
1615 1806
1652 1746
1479 1680
958 1798
1166 1258
1520 1746
1291 1547
1277 1655
1571 1722
1521 1702
107 1883
1717 1898
1683 1800
1076 1833
1284 1859
986 1308
1278 1757
1471 1909
1275 1906
1101 1663
1028 1365
1004 1584
1211 1702
1429 1503
1683 1737
1649 1706
1245 1454
1398 1863
1378 1568
1006 1888
1172 1559
363 1332
1542 1810
1551 1835
1620 1659
982 1516
1017 1501
0 171
1609 1782
1185 1623
1504 1672
1118 1568
1449 1804
1014 1129
916 1735
1580 1598
1116 1754
1238 1280
366 1673
1302 1467
903 1468
1072 1847
896 988
896 1635
1449 1584
1426 1479
1502 1636
1761 1823
1431 1827
1683 1761
1319 1371
951 1325
1399 1517
1287 1547
1076 1341
1086 1488
1156 1331
1294 1602
1110 1243
1211 1804
1518 1620
1261 1382
1288 1816
917 1396
1725 1783
1621 1765
1534 1684
1214 1863
1153 1449
1828 1871
1335 1800
999 1721
1173 1389
921 1827
107 1088
1319 1747
1086 1463
1074 1793
1117 1663
1746 1795
1390 1509
1266 1822
1670 1678
1717 1800
1325 1511
1029 1861
1081 1099
1367 1793
901 1787
1029 1323
1768 1811
1131 1228
1789 1867
1165 1283
1598 1662
1189 1482
484 651
1149 1845
1352 1420
1109 1624
1377 1551
1078 1352
1086 1600
1099 1406
475 1122
1128 1339
1468 1798
896 1691
1067 1432
1117 1610
1256 1796
1172 1361
1052 1536
1643 1721
1452 1601
1175 1416
1199 1331
1714 1793
1358 1844
913 1561
1195 1467
1833 1839
1621 1879
1122 1692
1049 1523
1541 1847
1222 1603
107 1896
1392 1459
1689 1735
348 389
1345 1661
1092 1909
1160 1637
1584 1613
921 1376
1559 1570
1260 1299
1588 1687
1205 1584
896 1018
1149 1250
1005 1725
1123 1590
1029 1171
946 1823
1214 1589
353 1790
917 938
935 1531
956 979
1040 1331
606 1001
1559 1609
1036 1691
999 1125
1388 1722
353 517
1064 1497
922 1839
1472 1725
1661 1828
1420 1827
1761 1827
1390 1768
1327 1597
1405 1684
916 982
1398 1799
1135 1255
1017 1663
1257 1345
933 1850
1361 1702
997 1199
1519 1570
1173 1191
1402 1613
1612 1774
1377 1589
1267 1662
1410 1687
1433 1705
1197 1441
484 1300
1086 1483
942 1786
908 1719
637 1853
1559 1813
1198 1827
942 1454
965 1500
1604 1839
1045 1111
1473 1630
1284 1573
1393 1768
1023 1687
1377 1614
1230 1746
997 1712
1227 1231
1108 1783
1278 1375
1175 1598
1052 1428
1092 1398
988 1459
1120 1591
1604 1804
1112 1612
1305 1846
1235 1859
1420 1554
1286 1893
948 1080
1235 1873
1267 1799
926 1056
107 1796
993 1135
917 1246
1059 1211
953 1605
1132 1610
366 651
1710 1900
1449 1589
953 1610
1132 1604
1063 1809
934 1753
1106 1785
981 1862
1502 1706
1180 1471
980 1026
1491 1737
966 1181
1075 1407
1621 1714
1365 1431
914 1885
1059 1888
1547 1620
1483 1535
1580 1861
1559 1669
1707 1793
1124 1201
1479 1893
1457 1833
1256 1367
1064 1372
999 1864
606 1674
984 1661
921 1471
1172 1390
1284 1462
1662 1665
1185 1816
952 1211
1191 1222
1747 1895
1361 1431
1181 1804
1578 1596
1029 1687
1366 1783
1592 1841
1736 1810
1440 1594
1125 1336
1021 1786
353 1080
1587 1655
1330 1665
938 1787
1360 1708
1172 1293
1289 1632
1126 1289
1765 1810
580 1744
1192 1277
107 1101
1621 1622
1266 1666
1357 1397
1282 1732
1799 1836
1175 1380
1608 1800
1412 1633
1180 1214
1068 1849
1015 1229
1282 1451
1190 1515
982 1199
1779 1822
925 1365
1388 1845
997 1173
1426 1661
107 1250
483 538
1018 1192
1158 1392
1783 1893
1802 1837
1347 1502
1367 1833
995 1361
1097 1333
1250 1707
897 1323
906 1377
1409 1551
1275 1348
1153 1712
1305 1398
1108 1282
1256 1520
952 1707
1049 1123
1140 1173
1336 1456
1409 1444
1068 1370
1409 1712
1230 1849
1257 1315
1399 1714
1327 1800
1021 1857
1082 1284
1026 1570
1454 1515
1184 1800
1550 1573
1652 1810
1129 1298
1125 1714
980 1663
1148 1190
538 1114
1054 1529
1238 1768
1187 1803
1032 1824
526 1191
1086 1833
1390 1689
1255 1539
1391 1604
1554 1557
1243 1608
1029 1160
1614 1768
1182 1669
1049 1754
1024 1302
1250 1522
1099 1324
1026 1334
107 1555
1100 1104
1431 1842
1218 1593
107 1012
107 1135
1086 1800
1077 1202
1827 1845
1003 1086
942 1502
1369 1617
1024 1488
1135 1376
1800 1886
1376 1659
1003 1539
1347 1715
1451 1495
1247 1453
1075 1621
993 1172
1021 1298
1238 1809
1287 1799
953 1336
1287 1399
1255 1409
1136 1719
1554 1618
1029 1078
1509 1864
971 1282
1146 1164
1559 1639
1488 1665
1330 1335
997 1222
1255 1626
992 1097
982 1078
1039 1619
1606 1695
1064 1478
1231 1587
1158 1550
1735 1888
980 1175
968 1110
1391 1800
1305 1836
1125 1886
1175 1522
1768 1813
1020 1459
420 936
922 1123
1539 1721
1184 1209
1197 1544
1124 1570
1457 1600
1117 1547
1160 1214
1567 1719
1504 1525
1082 1192
1229 1413
1480 1513
1857 1862
1158 1636
1714 1722
967 1675
997 1637
1156 1669
1311 1482
1344 1589
1588 1847
1079 1365
1381 1459
1255 1637
1137 1216
1574 1778
1277 1591
1449 1714
946 1375
1079 1741
1259 1338
651 1408
1204 1215
1104 1841
366 428
526 1128
1523 1622
1298 1587
1553 1570
903 963
1267 1868
1072 1504
1609 1800
1222 1734
1117 1331
941 1680
927 1831
1199 1341
1610 1753
1086 1746
1572 1800
1214 1797
1339 1572
1059 1431
1159 1412
1431 1734
947 1617
1017 1351
1375 1771
1269 1663
1292 1345
1153 1456
1331 1620
966 1652
1271 1431
968 1435
1688 1800
975 1426
1108 1235
1527 1852
1173 1605
1596 1841
1132 1800
1003 1516
1007 1426
1472 1906
1043 1889
1813 1845
1006 1063
1340 1375
1226 1496
1051 1807
933 1014
1378 1798
1230 1361
1160 1380
1006 1380
1496 1703
1428 1482
1361 1447
1269 1888
1691 1716
1440 1718
1588 1676
389 1770
1086 1717
1258 1366
999 1006
1323 1663
1520 1563
1652 1877
1516 1665
1256 1388
1086 1431
960 1336
922 1626
1366 1481
1184 1816
906 1800
1388 1768
980 1823
1136 1325
1345 1857
1010 1141
353 1882
1267 1752
1714 1757
1141 1709
1221 1298
1590 1765
1192 1893
1827 1864
1589 1868
1491 1799
1720 1893
1181 1849
921 1230
960 1707
1613 1833
1210 1212
1545 1574
1800 1813
1752 1888
1172 1256
1361 1465
1248 1725
1164 1730
1103 1794
348 526
993 1613
1036 1345
1338 1703
1378 1648
901 1118
1804 1868
1796 1800
1124 1219
1456 1516
1219 1813
1427 1794
1321 1626
1255 1753
1199 1623
1070 1306
1605 1741
1396 1495
637 1324
1435 1622
1086 1192
366 1427
1428 1815
1076 1663
1548 1787
1275 1815
1025 1113
1132 1849
641 1606
1185 1271
1289 1604
995 1274
1026 1835
1291 1302
1288 1391
909 1368
1056 1205
1344 1659
1083 1789
1504 1770
1452 1548
107 1468
1305 1614
1205 1329
1390 1467
1604 1688
1391 1600
1115 1315
1054 1659
997 1902
1009 1786
1228 1549
1591 1857
1583 1638
1447 1610
958 1733
1679 1692
641 1448
1104 1706
952 1365
107 1074
1142 1427
1146 1689
917 1454
1109 1348
1680 1857
916 925
1192 1459
1351 1437
1669 1734
1068 1898
987 1371
1257 1432
1289 1603
1608 1835
1238 1730
1540 1689
999 1621
932 997
925 1734
1612 1621
1347 1857
979 1177
1185 1420
637 1744
922 991
1312 1557
651 1113
1250 1287
1017 1736
1356 1743
1409 1863
1044 1158
1714 1769
107 1653
1014 1473
1083 1101
993 1761
1752 1886
1512 1767
1231 1720
1341 1605
1482 1681
1156 1377
1126 1551
1790 1878
1267 1336
1336 1833
988 1462
1107 1861
1470 1868
1076 1243
1051 1444
1647 1655
1269 1621
366 1155
1348 1428
1338 1699
1079 1243
1471 1757
1551 1734
980 1835
1302 1669
1066 1828
1309 1812
1185 1663
1796 1804
1361 1577
1146 1637
1139 1308
960 1390
1094 1349
1182 1753
1126 1184
1352 1757
1799 1800
1098 1187
1142 1374
1644 1867
1243 1765
1538 1652
1078 1717
1076 1491
1712 1791
999 1076
1715 1872
1616 1881
1583 1716
1341 1734
1600 1800
1289 1491
1811 1861
1199 1789
1146 1589
1098 1505
1185 1714
1184 1888
1255 1805
1539 1620
1456 1712
947 1752
1520 1793
1238 1359
980 1329
961 1197
1584 1604
953 1135
1018 1396
1447 1723
1255 1516
1376 1717
1302 1621
1086 1509
1222 1621
1078 1741
1036 1284
1267 1339
1056 1637
1086 1146
969 1108
951 1274
1663 1813
1003 1717
1470 1605
1393 1753
999 1335
1185 1367
1533 1880
1645 1882
1132 1361
1471 1898
1170 1495
1083 1804
1076 1250
1123 1836
1076 1652
1287 1735
1795 1799
1044 1315
1279 1587
942 1032
1516 1613
1230 1522
1019 1448
1006 1289
906 1376
1482 1504
107 1371
988 1235
107 1334
973 1321
1800 1849
1610 1730
1367 1653
1079 1267
967 1752
906 1771
1290 1407
1150 1702
1467 1765
982 1132
1551 1570
1143 1273
1239 1845
1010 1781
1287 1584
1175 1457
1169 1529
925 1004
1373 1451
1284 1459
1612 1746
912 1657
950 1410
925 1589
366 538
1137 1892
1352 1644
1432 1859
941 1786
1255 1765
1373 1454
1345 1475
1331 1598
1078 1620
1231 1638
1137 1493
1590 1617
1380 1898
897 1467
1126 1339
1340 1652
1149 1420
1124 1458
1185 1219
1032 1192
952 1584
1688 1737
1340 1600
1290 1613
107 1859
1450 1678
1399 1835
1266 1441
1352 1730
1730 1765
1669 1741
1603 1793
1029 1804
1471 1707
1619 1772
1768 1823
1427 1844
1156 1707
1408 1549
1124 1689
376 475
1056 1580
107 1554
1128 1819
896 1060
1545 1743
1066 1742
993 1530
1485 1559
107 1243
1757 1768
1004 1653
1367 1613
1858 1908
107 1379
1612 1796
1172 1331
1025 1487
960 1006
1076 1551
1009 1459
1006 1702
1062 1444
1060 1086
1123 1132
957 1067
1420 1707
1335 1557
1554 1750
1243 1721
960 1305
925 1842
981 1298
954 1273
1365 1886
1190 1227
1250 1688
1357 1574
927 1835
916 978
981 1857
1136 1825
1199 1886
1137 1784
1101 1370
637 1808
1101 1809
1488 1800
1139 1504
1459 1611
1230 1753
1685 1753
1334 1376
1026 1675
1020 1451
1604 1663
1371 1787
978 1685
376 1487
1824 1871
651 1318
107 1813
1502 1794
1044 1227
1173 1804
1209 1688
916 1835
908 1866
1155 1358
924 974
1083 1868
1462 1841
1004 1523
1471 1832
1335 1833
1195 1376
1335 1559
483 1515
1191 1554
414 629
1272 1765
538 948
1407 1614
1456 1622
1198 1563
1785 1828
1076 1132
1190 1432
1059 1736
606 1358
1598 1804
1589 1598
1184 1724
1180 1554
1084 1570
919 1099
1407 1730
1209 1735
1675 1861
1376 1597
1044 1680
1182 1539
968 1699
1289 1736
1192 1583
994 1525
1365 1623
953 1530
1402 1447
921 1584
1259 1496
1083 1888
1017 1598
923 1505
1333 1784
1627 1890
1456 1849
1370 1888
934 1597
1205 1675
1017 1584
1524 1804
1113 1844
1327 1540
1122 1616
1092 1199
1643 1796
993 1643
1626 1774
641 1114
977 1815
1182 1420
980 1484
107 1079
1622 1722
1722 1826
1519 1900
1181 1750
1663 1833
953 1470
475 1313
1454 1871
1100 1550
1352 1522
1015 1120
1344 1888
1015 1636
1036 1229
896 954
1551 1898
1199 1835
538 1487
1062 1183
921 1290
1570 1795
1329 1393
1267 1668
997 1868
1109 1189
1361 1863
1352 1547
1256 1826
1132 1612
1067 1515
1399 1501
1665 1888
1269 1302
1113 1645
1683 1750
979 1562
641 1436
1201 1205
1048 1365
1379 1475
1371 1533
1284 1691
1292 1479
921 1291
1419 1758
1302 1449
1047 1559
946 967
1334 1768
1456 1668
389 1415
1663 1689
1032 1108
1471 1580
1092 1846
1006 1175
1107 1509
1004 1603
1063 1431
1291 1491
1178 1641
970 1033
1327 1561
981 1583
1535 1559
1628 1635
1067 1661
1159 1221
1126 1768
1761 1807
1066 1732
1172 1736
1547 1605
953 1580
1491 1712
1318 1740
1375 1597
1569 1807
1457 1826
932 1238
1447 1609
974 1236
1231 1261
1101 1900
902 1345
1172 1839
1290 1557
1663 1851
566 1237
1457 1800
1079 1663
1305 1833
1339 1467
1473 1502
1416 1735
1153 1516
1133 1590
1863 1888
1101 1393
1076 1431
1467 1488
1487 1692
1648 1787
965 1299
1480 1614
1148 1492
1359 1754
1026 1846
962 1844
1199 1791
908 1337
366 1801
1288 1839
1258 1444
1211 1380
1515 1636
896 1716
1059 1380
1391 1539
484 1313
1246 1504
1204 1635
1003 1597
1485 1769
1078 1669
966 1126
1048 1722
1108 1894
1619 1683
1040 1864
1009 1014
1201 1580
1009 1227
1003 1741
1344 1867
1663 1668
1173 1359
939 1829
1172 1800
348 428
1457 1898
896 1786
1570 1717
1702 1909
1311 1549
1028 1768
1086 1688
1753 1768
1786 1857
1117 1589
1653 1800
983 1409
1040 1132
1172 1191
956 1499
983 1390
1391 1509
1516 1761
1036 1783
1036 1158
1750 1849
1305 1559
1471 1827
1177 1641
967 1484
1183 1876
1284 1576
1351 1849
1819 1833
1367 1572
947 1813
1079 1471
930 1349
935 1007
1302 1613
1533 1895
1683 1774
1092 1367
1149 1209
1635 1899
1576 1655
1405 1612
916 1571
1598 1746
1352 1735
1150 1337
1032 1081
1130 1639
966 1184
1175 1329
896 1871
952 1746
1449 1860
1692 1881
1223 1512
1107 1380
1312 1793
902 1067
107 947
946 1207
1275 1633
989 1716
1307 1708
953 1359
1227 1636
1047 1626
1072 1169
948 1695
1290 1554
1269 1730
1376 1405
1391 1689
1014 1100
1359 1826
1520 1597
1047 1811
1339 1632
1719 1847
107 1851
1052 1070
1509 1842
1367 1835
1781 1830
1172 1230
651 1763
1180 1789
1079 1688
1418 1904
1613 1789
