563 566
595 600
619 653
582 643
374 431
414 496
465 561
590 623
524 651
395 544
632 661
394 544
363 651
436 683
573 680
376 483
633 644
376 378
576 658
431 614
436 559
376 591
577 600
592 644
567 651
348 427
423 651
400 566
615 681
428 553
378 641
412 609
544 559
576 643
423 614
475 514
582 662
577 632
376 676
436 461
373 391
378 515
428 513
431 559
615 658
617 666
655 657
434 566
373 567
573 622
626 677
506 645
582 635
480 563
370 414
465 483
600 665
438 651
632 675
373 637
414 663
348 373
633 653
579 617
412 558
553 561
436 561
373 436
376 475
436 492
465 567
605 619
378 553
542 683
576 615
376 637
606 645
412 492
645 683
556 676
659 665
436 556
414 563
475 591
492 614
496 591
597 654
573 617
391 400
373 651
515 641
614 637
659 681
592 616
373 506
414 603
637 639
579 605
378 637
414 605
588 617
370 563
465 513
609 644
591 606
580 641
618 679
544 604
573 579
461 465
423 646
391 524
414 594
414 655
514 561
395 461
373 580
513 542
395 669
394 566
348 561
500 566
423 475
436 475
363 483
599 640
606 669
603 623
438 591
475 542
583 643
601 609
363 515
578 635
577 640
577 662
553 644
370 669
422 654
483 671
414 679
400 475
414 662
483 604
475 553
363 436
513 544
391 492
373 374
423 556
586 634
492 651
603 654
605 617
567 591
617 626
363 606
595 670
617 680
643 650
374 514
635 670
395 422
465 524
414 566
348 492
583 595
400 556
591 651
583 659
609 619
622 663
348 544
514 683
438 513
595 643
376 567
632 650
400 683
414 637
672 678
363 500
370 461
492 553
391 580
400 438
634 645
577 595
615 661
373 438
348 461
596 630
363 542
438 683
414 573
374 524
617 620
376 634
567 646
553 567
414 575
395 683
524 614
373 542
598 630
591 669
378 496
376 544
434 580
436 669
500 614
563 645
596 663
644 680
577 615
475 604
431 434
584 682
376 669
428 558
395 553
373 465
659 670
604 645
650 662
374 567
625 677
394 556
428 604
107 475
34 173
363 414
599 635
475 676
573 611
614 645
378 500
619 654
640 670
637 641
374 506
679 682
414 667
513 515
391 423
428 563
400 434
524 566
461 475
650 658
600 650
428 676
596 620
576 661
395 559
582 658
395 414
492 641
422 618
414 684
414 670
658 681
400 542
391 514
374 614
658 670
378 400
542 561
592 655
645 651
513 514
412 669
348 506
651 683
583 628
376 496
630 682
414 438
603 619
414 685
579 653
436 496
496 580
428 594
428 561
592 623
513 563
173 427
436 651
465 683
609 630
609 636
579 609
483 553
378 591
412 513
575 612
595 661
579 685
588 618
395 423
653 654
423 645
363 492
617 648
412 500
588 619
500 601
414 561
500 542
589 636
400 515
594 667
574 584
627 670
373 434
592 664
483 580
653 666
599 647
579 636
513 683
542 559
414 584
636 666
376 614
348 438
465 601
595 658
592 654
563 594
412 483
395 678
378 483
579 666
620 666
630 678
348 378
400 412
578 658
639 682
423 558
376 606
596 677
395 591
414 576
611 654
427 428
579 621
414 640
414 635
615 643
400 567
492 637
496 637
627 640
603 684
483 641
629 641
626 654
376 515
583 665
576 578
597 677
590 644
414 654
