376 417
366 368
415 556
387 412
465 513
425 427
522 529
394 408
373 414
389 486
395 506
376 561
398 545
349 534
432 475
520 542
420 514
450 500
348 522
392 567
359 452
414 434
460 547
475 559
431 479
432 506
523 563
395 428
507 553
524 525
369 486
397 402
500 525
363 521
348 523
526 538
357 509
525 559
373 450
348 530
400 412
348 459
348 485
492 515
417 561
497 542
483 537
374 444
370 419
546 555
428 444
507 525
353 409
348 371
375 525
451 569
436 461
392 431
364 399
400 475
438 506
463 504
376 507
458 469
477 554
424 516
396 500
372 422
400 488
475 567
376 513
374 517
506 544
348 496
395 524
369 469
553 561
348 439
515 566
430 451
520 523
431 561
376 475
412 422
376 438
432 444
363 432
367 396
412 417
391 502
366 438
526 553
370 428
436 483
419 488
388 463
475 500
380 516
173 414
422 553
404 536
376 458
439 500
391 492
373 502
348 395
511 545
504 547
376 428
500 520
451 471
402 421
428 513
198 476
507 526
378 423
388 444
348 455
428 465
395 536
368 517
525 545
510 533
367 416
438 473
366 526
484 511
399 441
404 465
409 500
439 561
405 418
507 524
425 477
504 553
475 563
446 482
348 393
492 500
348 561
461 553
402 563
423 506
465 544
425 570
417 553
400 542
487 559
402 475
348 536
362 373
376 548
507 520
409 492
408 560
348 425
428 515
438 566
362 542
414 496
395 553
348 469
419 565
348 373
408 438
417 506
512 525
479 483
378 495
428 451
540 560
432 514
380 509
445 500
524 553
429 522
561 566
402 465
407 533
483 566
391 458
370 540
395 471
479 538
400 553
455 528
370 423
359 557
348 572
348 467
374 545
437 463
395 537
367 547
466 539
414 553
349 478
436 513
502 548
375 484
378 471
370 451
471 513
415 445
368 559
402 417
455 497
460 465
475 481
409 538
451 553
352 492
460 543
374 544
413 465
408 483
420 430
362 463
460 559
497 526
396 568
506 520
434 515
442 460
350 563
553 558
444 475
495 520
474 547
420 556
513 566
363 559
348 375
369 419
408 561
357 424
419 537
394 515
348 490
348 368
421 493
423 461
457 459
545 558
541 568
398 526
492 506
488 511
389 516
508 541
359 470
396 531
492 559
463 517
446 490
370 514
417 460
439 473
370 461
376 496
438 546
369 509
348 363
461 542
536 538
474 489
412 515
376 397
486 551
412 560
493 557
422 489
348 478
363 461
476 501
504 571
497 555
378 452
348 462
428 452
426 544
446 491
387 428
433 533
389 397
366 544
461 520
461 567
422 547
517 537
460 545
438 452
408 559
517 566
370 497
395 402
388 400
428 460
439 442
353 544
539 568
458 555
465 487
493 500
484 560
391 566
513 544
357 551
418 481
387 402
355 489
412 423
370 520
389 457
500 503
428 563
368 375
517 538
373 546
419 440
400 524
481 539
422 504
422 460
412 431
446 492
424 505
455 500
393 564
414 556
348 428
473 525
518 551
503 537
414 427
484 500
431 566
373 390
465 503
527 553
492 517
479 493
348 560
387 444
428 525
473 527
500 537
348 553
469 486
482 497
198 348
408 431
400 493
409 419
421 563
353 471
497 565
482 525
451 506
439 566
378 553
419 561
348 498
475 557
348 417
487 503
363 417
385 507
410 547
370 439
348 405
460 567
395 423
376 431
436 561
496 508
428 456
397 523
353 497
423 500
354 555
483 544
423 513
549 563
428 508
427 496
410 474
473 539
474 475
374 430
360 373
513 557
394 414
482 548
402 515
391 394
398 497
350 552
380 505
392 556
451 561
556 563
497 500
397 563
419 559
380 389
348 446
438 507
412 529
376 456
375 456
419 431
374 378
430 559
431 472
373 524
395 430
510 555
420 484
364 441
396 557
466 504
438 517
417 428
367 491
404 482
421 455
494 503
355 359
438 563
389 551
382 470
353 514
391 567
469 540
430 566
367 378
412 432
409 462
484 493
483 567
520 544
392 423
493 561
477 563
374 497
438 521
385 524
543 545
475 547
438 511
348 568
396 475
348 409
500 521
452 553
402 495
439 461
438 514
366 566
417 524
439 487
406 437
416 557
438 556
354 376
510 521
360 542
414 465
412 496
354 452
485 563
361 568
348 519
544 566
489 535
437 498
483 553
503 542
402 436
414 506
399 476
497 561
475 523
402 413
456 525
428 520
348 534
413 460
374 456
364 393
410 500
471 515
348 555
348 480
469 516
507 563
483 560
486 505
388 500
419 483
475 517
366 402
387 461
376 502
440 538
423 444
452 500
452 566
417 542
348 492
431 506
378 484
465 483
348 545
539 560
360 444
392 514
410 568
407 543
394 513
460 517
409 561
348 418
373 392
350 561
504 522
495 507
412 533
365 408
354 481
412 438
444 473
400 456
391 475
404 538
419 469
398 511
353 492
404 559
352 536
431 497
412 525
500 546
462 494
436 484
394 511
412 473
368 456
400 537
370 515
348 410
515 527
374 563
500 548
409 412
463 519
392 500
428 461
397 507
421 543
460 523
460 521
488 524
423 523
370 417
374 569
515 525
387 417
376 436
426 431
438 465
454 564
355 455
374 526
506 514
363 487
423 553
370 412
511 517
484 536
480 540
354 474
531 543
412 538
419 518
355 547
376 388
369 381
408 538
360 395
360 553
395 400
366 539
475 553
348 494
348 397
173 464
360 432
353 412
389 424
461 524
507 517
394 488
452 510
452 465
348 533
348 431
419 526
373 434
517 559
367 519
392 487
373 556
534 563
367 391
451 493
395 465
350 484
481 519
417 431
409 487
495 514
352 394
373 428
348 472
465 556
348 403
398 479
439 507
361 475
471 563
400 492
483 484
488 527
395 398
435 555
504 570
348 369
508 542
388 507
466 522
376 460
375 526
531 557
198 549
374 523
348 416
445 493
432 507
397 420
458 489
404 456
348 451
493 538
354 359
497 570
479 513
402 493
359 403
398 536
461 475
353 513
362 371
444 487
372 568
368 536
370 561
398 488
348 432
366 378
428 506
387 556
425 534
373 497
391 456
403 497
403 452
497 525
500 553
494 537
373 527
408 512
442 523
374 521
417 445
432 557
355 403
400 567
374 492
391 556
442 475
509 554
520 567
378 488
363 436
348 383
363 402
414 515
455 541
418 514
436 497
370 402
481 504
500 557
452 513
400 539
417 507
432 566
376 506
497 557
378 544
409 497
423 428
456 559
525 537
397 518
378 414
497 527
348 526
423 527
512 513
444 538
512 536
444 483
514 548
412 484
444 531
439 444
395 419
487 500
424 486
388 503
431 436
381 509
363 483
369 551
551 554
348 399
348 438
396 547
348 517
513 542
419 536
368 409
359 367
484 538
439 525
348 385
515 555
432 452
391 500
363 376
523 553
513 515
529 531
378 394
376 563
381 424
557 570
412 547
417 523
400 444
439 513
416 417
391 493
367 455
497 566
497 517
372 543
477 516
372 545
353 370
465 484
475 488
415 460
422 432
375 431
408 484
475 544
431 493
362 473
350 419
506 537
363 414
431 471
422 546
531 563
525 542
514 538
366 483
370 525
411 498
492 561
461 513
452 546
465 566
425 439
392 473
506 527
360 513
428 526
475 483
363 378
374 506
363 484
408 417
376 491
402 523
544 559
422 455
506 524
369 407
553 556
433 563
374 417
374 483
362 535
348 558
378 500
456 460
412 483
463 524
373 507
34 173
450 474
423 492
425 479
374 561
433 510
439 542
438 524
348 548
370 458
497 567
419 475
408 439
392 553
514 524
439 553
433 528
520 561
445 520
504 510
398 559
360 507
492 497
542 556
461 463
475 542
526 561
395 422
503 557
375 409
355 367
353 496
436 559
353 540
463 483
378 434
537 538
376 473
360 495
511 561
461 517
370 376
360 524
455 504
423 436
388 492
402 570
431 438
494 538
497 546
465 495
395 460
382 500
402 444
348 392
392 404
348 377
417 444
376 391
348 447
362 445
348 381
537 559
420 506
366 496
388 537
461 506
418 553
403 489
417 538
511 536
488 496
198 564
395 513
366 417
372 460
409 536
497 544
418 432
370 430
370 420
348 391
352 494
348 465
363 514
400 497
473 515
438 520
352 503
436 496
431 563
348 444
489 547
376 545
434 506
558 570
465 475
370 452
483 500
400 561
414 566
514 561
373 542
366 482
373 417
438 461
404 556
412 504
368 494
455 568
373 374
487 492
470 507
563 569
481 522
500 560
430 439
389 469
376 461
492 553
444 556
355 373
382 403
360 570
402 508
355 555
509 516
461 507
414 438
517 561
363 482
434 523
420 513
456 538
387 520
374 513
405 513
459 516
397 554
376 390
513 524
457 509
348 537
420 567
400 404
382 547
438 492
489 557
412 542
404 494
434 490
360 417
511 538
517 520
397 557
417 527
374 463
458 470
434 566
434 456
348 471
365 520
492 503
354 510
479 545
419 487
395 497
503 511
348 484
421 444
420 507
363 515
391 482
507 570
370 524
460 482
506 553
407 426
391 539
428 558
481 547
415 558
540 559
370 471
482 507
376 557
374 482
400 461
355 463
527 559
348 570
414 563
391 525
513 525
394 438
400 515
417 560
420 439
382 410
506 559
519 557
404 421
439 477
506 517
446 539
513 517
385 436
408 526
424 469
412 527
444 503
516 554
350 497
420 553
483 527
451 503
517 525
363 526
387 544
348 505
432 483
440 484
412 434
508 544
395 421
353 431
412 548
366 559
465 526
373 388
370 392
432 544
450 539
522 568
385 483
409 479
500 524
363 366
357 469
432 541
412 455
348 394
425 523
461 492
415 520
388 445
404 511
419 517
417 514
373 456
479 520
390 539
432 465
348 424
366 475
370 492
366 538
391 548
465 493
397 514
412 517
431 500
378 561
362 413
348 364
409 515
475 497
372 429
492 566
542 561
363 500
544 553
348 400
412 524
431 556
359 530
404 408
359 491
423 538
456 513
435 497
514 566
378 542
439 475
366 484
353 394
420 563
438 483
375 503
402 432
400 556
479 492
376 419
463 475
495 558
477 485
348 501
458 514
423 561
462 487
400 511
489 531
400 421
432 521
348 362
372 539
520 563
415 535
376 526
380 554
34 414
419 430
493 517
391 559
470 562
483 520
374 439
475 565
198 393
460 461
348 564
396 489
419 423
417 438
543 546
417 556
461 544
398 431
439 563
527 538
428 500
397 483
436 465
398 503
465 558
436 517
394 517
408 525
504 548
409 517
359 391
376 556
463 500
373 413
441 476
373 492
430 432
458 496
427 428
518 554
484 494
389 554
348 566
392 456
359 422
355 460
398 430
412 526
402 412
370 555
428 511
418 555
400 538
450 475
506 513
517 556
514 525
400 414
398 538
559 567
432 561
417 495
428 430
408 465
360 387
348 474
400 408
513 553
420 471
497 510
430 541
479 527
439 456
492 560
559 566
355 553
408 488
412 528
428 545
478 508
361 450
370 469
348 473
553 569
465 561
373 423
348 419
484 506
525 567
350 369
544 545
423 430
378 524
432 563
449 507
478 534
409 460
357 486
496 506
376 544
436 438
484 497
451 465
395 404
412 565
425 434
467 532
373 496
496 565
348 538
392 493
380 486
475 482
392 475
348 571
423 558
417 497
452 559
438 561
471 553
348 493
431 527
348 354
497 503
376 395
473 561
436 527
353 515
367 504
374 451
391 484
402 558
460 553
438 495
417 508
348 512
484 567
368 493
360 567
465 559
392 538
524 567
408 517
372 547
366 520
497 524
357 505
395 425
363 566
415 463
414 436
402 438
465 537
376 481
514 570
507 523
428 431
449 563
479 542
394 566
456 520
412 537
422 520
360 461
415 421
503 526
483 538
359 455
506 563
503 559
378 563
492 567
472 533
404 487
488 497
418 475
431 507
439 520
376 525
531 547
422 449
348 351
407 528
498 532
445 535
488 513
548 556
367 525
368 538
402 545
348 442
353 559
455 543
417 503
456 465
456 561
402 460
404 445
405 531
418 557
456 511
374 553
388 487
374 461
423 559
517 544
370 542
500 563
366 513
360 402
429 481
484 526
547 557
461 525
367 566
414 544
407 490
368 462
525 566
348 551
482 483
424 551
488 556
408 445
402 561
353 524
363 506
370 374
517 526
523 544
394 503
366 493
366 542
412 513
373 520
356 472
486 509
397 513
479 503
353 520
428 473
509 518
497 537
503 538
434 458
489 519
536 545
433 455
469 518
348 518
376 482
348 476
436 556
431 515
391 512
374 402
395 413
500 547
525 563
348 491
366 394
360 523
353 493
434 492
412 436
374 566
460 508
430 561
426 531
374 391
376 497
431 483
506 545
348 352
353 517
392 394
378 475
370 431
376 405
514 544
404 431
538 560
491 502
348 507
409 503
366 374
504 541
360 510
374 414
455 546
381 554
459 563
394 512
419 505
434 534
438 513
465 515
426 525
372 531
354 463
496 566
507 557
484 520
348 466
463 481
382 531
475 502
348 541
496 513
378 436
451 556
471 566
432 553
383 387
422 570
513 527
512 561
484 544
374 525
374 418
456 484
402 422
402 500
398 484
348 380
477 518
376 515
494 517
355 565
372 444
400 559
439 465
419 422
497 538
413 535
475 484
444 488
391 487
434 563
423 475
440 508
353 487
525 527
479 484
366 391
500 506
348 437
373 391
444 544
351 364
355 519
449 504
512 556
372 558
473 535
348 349
500 565
408 440
566 567
507 514
360 555
361 463
354 547
361 500
456 523
431 475
414 542
373 439
414 500
348 434
428 434
362 560
428 517
395 517
369 424
517 545
374 488
376 439
545 561
355 500
515 545
479 517
443 453
368 371
517 527
392 483
407 458
434 559
402 482
348 540
402 497
397 457
350 543
413 448
483 526
353 430
366 514
416 537
359 376
418 506
375 493
351 564
484 514
370 395
546 547
376 489
374 507
376 413
368 395
348 390
431 559
391 446
348 378
494 536
361 489
369 518
355 397
471 561
524 561
350 527
483 507
465 569
400 566
506 519
506 557
444 506
398 408
426 471
438 553
421 487
370 373
395 561
446 548
485 518
353 446
378 426
437 532
431 513
348 407
395 414
404 440
366 548
481 531
496 523
460 570
370 548
487 556
374 504
369 455
504 521
506 525
402 566
408 430
173 348
519 555
395 456
348 509
367 555
367 474
442 563
465 506
367 422
458 497
475 546
503 539
354 403
544 570
404 506
456 512
445 556
368 553
553 555
423 560
424 457
376 523
348 542
370 507
360 544
514 559
376 483
507 565
391 514
438 488
420 432
499 532
373 408
360 514
462 538
428 570
500 513
388 475
437 462
397 469
421 558
348 449
431 545
507 513
395 438
391 460
367 403
412 456
387 406
471 524
376 490
397 516
394 436
353 420
556 559
388 497
373 548
373 460
438 548
348 554
474 546
473 495
373 558
368 398
376 432
471 514
389 505
553 565
463 555
391 527
538 542
412 567
400 434
467 572
395 452
469 563
359 405
407 510
420 451
353 391
542 567
517 536
420 566
408 444
409 521
452 557
373 483
370 567
350 426
497 506
370 483
380 457
430 465
390 475
372 421
430 469
374 465
397 458
511 556
374 460
504 555
461 497
417 483
394 538
493 539
357 389
412 418
445 495
439 445
391 563
373 491
362 558
363 542
403 519
495 542
387 395
428 523
422 474
439 544
353 537
348 450
412 481
438 503
504 539
507 556
444 570
395 525
359 475
482 496
428 553
475 496
373 463
348 468
483 496
421 545
425 460
416 432
376 442
355 510
382 452
402 542
395 515
348 506
360 438
363 370
420 537
422 523
440 456
517 524
417 511
541 563
421 445
436 566
429 466
353 376
421 457
474 531
432 525
531 555
482 517
348 525
378 461
500 556
348 544
457 563
34 428
373 553
363 374
430 569
376 547
521 544
369 397
348 461
378 515
369 457
462 532
423 503
392 515
367 502
475 506
489 555
432 471
406 532
355 557
438 559
402 506
392 566
367 489
528 553
387 559
348 529
395 495
423 431
378 391
361 531
492 495
502 539
415 473
355 481
173 549
352 462
497 523
417 520
376 567
402 559
400 432
359 396
412 442
444 445
400 409
353 460
353 560
481 489
389 518
408 456
403 475
353 561
378 482
420 465
353 428
475 524
394 520
419 452
366 404
348 521
412 544
376 378
395 527
492 544
348 413
450 463
418 547
376 520
419 493
376 414
348 411
363 368
396 470
362 412
421 465
479 511
397 418
355 396
525 544
400 438
373 561
348 387
382 555
427 563
440 525
376 514
378 431
348 396
488 517
430 497
352 431
350 528
484 537
366 431
412 561
367 483
352 517
419 525
360 558
432 439
431 440
369 516
348 426
437 467
414 559
348 448
465 538
473 560
350 397
527 561
394 544
482 515
348 421
506 508
488 512
373 465
422 497
483 493
396 510
397 543
374 567
378 456
428 514
363 367
387 525
475 519
427 464
348 528
419 428
431 482
516 551
537 566
500 507
366 553
426 504
412 506
352 412
408 473
461 559
388 465
426 524
531 539
355 412
374 565
460 507
415 465
544 561
370 413
368 521
478 496
450 531
348 435
560 561
388 557
519 531
432 545
397 509
402 567
363 538
500 542
407 563
444 500
348 563
373 431
348 460
369 477
493 560
519 548
456 497
446 515
496 497
392 430
373 528
363 463
354 507
494 561
418 497
465 507
414 513
366 446
407 504
553 559
460 506
400 544
413 542
465 471
392 537
428 492
432 513
373 397
456 495
376 519
422 561
394 400
418 465
366 497
360 506
434 475
348 430
348 502
388 421
483 494
348 370
397 485
368 412
523 561
378 496
348 388
503 517
430 484
495 570
355 546
350 384
414 558
469 497
503 524
352 493
456 553
388 412
514 569
492 513
363 419
419 424
496 507
378 483
460 479
440 493
376 396
373 565
378 497
349 434
402 458
431 514
404 479
391 491
438 500
430 483
363 385
370 523
455 522
403 555
414 480
373 567
531 546
546 563
503 514
410 555
430 514
370 416
400 514
458 553
445 465
520 527
373 545
359 474
374 524
412 488
360 565
500 531
436 507
400 512
553 567
388 566
397 544
397 546
417 570
507 566
461 471
445 460
507 561
422 545
438 446
497 507
440 449
348 565
400 420
503 556
416 569
455 553
554 563
387 524
428 436
544 557
408 556
419 544
395 567
352 375
553 570
504 562
370 553
348 360
348 374
375 404
504 544
395 431
391 524
357 477
363 492
387 507
445 542
512 526
458 507
429 539
431 517
414 514
484 517
392 559
354 557
404 500
348 382
373 544
510 563
376 511
378 492
376 527
520 545
430 553
404 537
419 567
537 545
392 428
455 563
363 388
361 474
459 551
456 537
507 544
348 402
408 461
524 542
376 444
392 412
457 551
483 525
504 507
439 458
542 553
363 444
522 539
524 544
555 557
366 460
428 544
445 560
494 559
367 546
446 487
388 450
400 415
402 425
436 475
363 524
359 361
352 479
396 481
504 543
348 423
352 542
435 518
395 451
531 570
378 400
373 500
500 517
458 515
396 450
414 423
465 517
359 555
426 510
376 517
428 507
400 517
417 537
423 425
494 497
440 479
357 459
373 376
505 554
355 497
408 514
396 474
408 479
444 507
370 475
457 516
544 563
370 438
355 548
394 492
479 525
369 561
374 520
404 493
412 428
515 524
465 570
373 400
444 504
431 456
387 415
459 518
493 545
405 478
396 403
419 527
439 506
348 420
350 531
436 542
436 553
445 473
348 516
456 506
353 462
465 567
418 504
421 504
412 512
348 350
439 517
473 503
451 544
438 460
373 559
414 475
417 492
460 495
460 514
348 376
374 570
527 567
464 552
404 419
376 531
348 514
398 512
545 559
514 541
352 408
471 559
373 506
526 566
348 389
456 563
381 457
374 510
455 506
371 542
440 496
376 487
354 355
417 559
439 471
451 507
460 463
363 455
400 431
373 412
376 426
497 520
412 569
483 559
359 562
418 544
515 519
355 418
378 502
363 373
462 517
526 559
348 567
522 546
504 531
372 455
417 461
463 547
475 507
458 475
439 538
469 553
355 531
450 497
355 452
415 444
463 531
348 412
445 463
429 529
366 400
553 560
363 497
361 376
395 512
513 567
393 501
361 481
404 484
388 483
460 544
370 506
419 540
397 477
465 511
483 506
456 479
348 510
520 553
456 494
394 559
357 369
475 515
465 525
353 503
376 492
384 552
365 556
368 416
416 494
385 423
400 428
545 570
431 484
506 521
395 545
360 543
513 537
462 525
366 434
487 493
360 442
348 486
457 486
394 542
348 535
496 553
396 548
387 438
403 553
528 563
355 361
366 555
395 436
373 425
398 412
504 506
348 356
404 409
353 366
354 397
404 525
412 549
391 483
373 523
483 561
439 527
430 526
437 499
463 570
376 500
397 419
457 518
374 431
409 493
428 479
421 570
466 481
400 525
465 500
455 565
457 469
361 519
378 559
391 561
395 542
417 567
487 525
376 566
474 548
432 570
484 515
376 412
399 564
373 475
348 559
444 520
460 542
465 535
368 378
446 483
402 415
348 508
514 537
412 500
452 544
522 531
428 482
366 430
395 523
398 525
392 460
493 536
520 570
398 561
353 482
456 462
451 513
359 531
493 556
429 531
491 548
403 470
374 420
414 524
422 438
496 515
508 534
435 459
373 513
417 456
537 561
424 509
466 531
428 542
417 545
381 469
373 498
396 546
360 463
431 465
475 525
360 415
445 492
475 489
432 455
404 526
497 545
412 416
483 497
501 564
402 520
368 374
360 520
363 493
416 563
480 563
410 557
366 517
412 493
360 422
388 404
438 497
354 497
348 532
470 519
452 497
402 514
452 463
397 506
423 556
350 519
353 408
461 527
414 561
376 538
429 455
436 488
438 496
493 514
395 507
363 525
408 524
413 463
425 428
378 514
373 517
376 420
463 473
432 438
417 515
376 410
348 556
389 435
387 514
465 557
376 394
348 504
373 387
369 380
384 464
503 513
373 514
429 504
402 513
460 497
348 482
369 563
355 376
461 523
505 551
412 520
376 450
348 479
353 404
513 523
378 428
396 410
400 506
348 511
360 362
393 441
417 544
512 517
376 452
482 556
348 440
367 481
368 404
350 546
353 566
511 512
414 492
452 555
460 535
353 475
354 458
391 412
367 376
483 513
439 514
415 545
386 401
506 566
374 475
560 565
374 438
374 514
473 556
354 396
395 483
431 525
460 560
473 483
362 492
353 567
514 527
366 436
378 527
348 463
483 517
508 520
432 451
348 366
465 473
348 404
359 489
388 567
486 516
376 446
463 489
360 548
503 566
395 511
379 532
471 507
363 481
462 512
402 524
475 487
404 444
391 497
348 372
376 402
355 470
490 491
508 563
519 547
372 530
428 475
397 481
475 561
471 567
463 557
368 525
396 422
475 514
375 494
523 534
490 548
418 510
402 507
375 538
553 566
400 484
423 473
424 554
432 482
528 543
369 435
439 570
496 514
370 566
419 551
433 504
514 520
388 548
428 512
414 461
395 538
404 428
408 428
434 436
357 554
348 499
505 509
353 432
460 520
374 556
366 376
542 560
497 559
402 463
370 544
423 517
431 487
438 475
483 492
348 433
412 414
392 561
475 555
348 456
432 527
348 436
368 527
525 548
437 453
461 465
413 445
366 412
348 367
423 525
408 419
398 445
456 566
458 545
479 512
353 500
348 355
471 475
387 561
450 452
404 483
507 515
397 426
493 507
538 559
422 555
475 556
436 478
408 409
504 528
395 408
511 559
543 570
475 513
348 427
417 479
505 516
475 566
444 449
431 536
360 388
348 414
472 567
395 544
355 475
450 519
452 519
353 483
519 546
458 510
367 475
475 531
518 563
408 493
525 538
510 553
456 473
444 460
374 515
378 513
509 551
376 488
422 444
559 561
538 561
456 496
439 523
353 526
370 432
366 395
417 517
373 436
354 450
348 489
369 433
431 503
469 554
382 474
395 412
398 527
438 444
366 503
423 465
374 412
480 543
452 489
397 531
490 502
391 428
456 493
388 544
419 503
515 553
529 539
387 567
409 512
348 353
452 470
370 527
395 417
348 470
436 492
469 505
417 500
357 419
410 463
493 511
428 463
398 404
375 398
402 544
362 482
430 493
402 451
432 569
376 400
417 475
452 521
409 431
348 408
408 545
348 357
516 563
392 506
403 547
398 462
404 515
512 515
412 492
445 487
378 566
507 510
373 563
484 527
419 456
543 558
351 454
428 484
397 439
460 515
455 557
348 406
436 506
348 445
391 515
