1666 3222
2720 2984
990 3328
3247 3297
3026 3084
2989 3345
2876 3144
3267 3330
2994 3293
2717 2905
2753 3154
2694 2738
1684 2829
2770 3070
2680 2763
2863 3357
3110 3421
3122 3354
1684 2858
3056 3286
3344 3397
3062 3154
2756 2839
1684 3231
2929 3362
2786 3243
2689 2839
2716 3209
3026 3364
2949 3322
3152 3280
2681 2738
2925 2961
1684 3007
3137 3430
3106 3116
3145 3332
3032 3236
2689 2910
2742 2901
2747 3365
2905 3339
2815 3426
2996 3330
2669 3390
2779 3233
2940 3433
2923 3292
2939 3021
1684 3080
2955 3404
2748 3160
2849 3332
2715 2832
107 1642
3040 3226
2950 3116
2873 2905
3295 3366
2751 2946
2800 3174
2780 3419
2986 3064
2982 3382
2828 3185
3062 3343
3082 3419
3185 3351
1684 2761
1684 3227
3098 3387
3078 3232
2679 2729
2909 2912
2869 3397
3092 3324
2754 2835
3240 3321
2970 3332
2818 3350
2744 2825
3339 3387
2754 2960
2815 2986
2951 3020
3263 3279
2679 3339
2833 3154
3262 3396
2897 3399
2839 2960
2661 3224
2881 3015
2839 3362
2815 2839
2685 3136
2680 3284
2946 3124
3085 3108
2995 3272
2991 3277
3082 3306
3207 3285
1684 3266
3331 3358
2939 3302
3060 3209
3108 3363
3406 3422
3090 3392
3299 3342
2761 3054
3214 3379
3076 3289
2829 3068
2720 3291
2779 3019
2989 3106
2866 2890
2911 2912
2689 3096
2927 3184
2661 3355
3330 3397
2849 3115
3132 3350
2698 2960
2686 3196
2782 3108
3115 3419
2768 3276
2904 3406
3005 3101
1684 2949
2748 3046
2874 3384
2818 3067
2827 2944
3096 3108
3103 3420
3032 3167
3200 3216
2742 3102
2921 3009
1684 2820
3252 3391
2775 2881
3002 3177
2938 3343
3101 3381
3040 3047
2972 3008
3019 3306
2820 3275
2858 2898
2869 2991
3152 3350
2831 2865
2970 3265
3016 3270
3022 3166
3298 3378
2784 3275
3252 3265
2661 3070
3070 3351
2708 2797
2874 2994
2951 3406
2846 3260
2984 3206
2738 3168
2675 3264
2681 2763
3049 3297
2751 2868
3214 3221
2968 3097
3150 3169
2904 3035
2894 3403
2680 2749
2730 2768
2948 3363
3149 3435
1684 2700
2720 2793
2836 2893
2967 3426
2989 3397
2664 2929
2793 3154
2784 3409
2924 3090
2914 3397
1684 2817
1684 3164
3123 3231
2693 2764
2856 2868
3335 3419
2757 2866
2692 2951
2958 3111
2958 3048
2960 2986
1684 2908
2840 3111
3016 3214
3179 3261
2697 3275
2909 3054
2694 3426
2777 2782
2853 3397
2973 3386
2989 3434
2761 3023
2904 3116
2951 3379
2758 3032
3154 3253
2966 3149
2988 3232
3241 3285
2803 2813
3277 3416
2890 3033
1684 2951
3145 3422
2795 3148
3085 3348
2698 2940
2793 2828
2669 3142
3177 3415
2756 3073
2702 2739
2765 2828
2778 3381
2801 2865
2730 2996
3206 3397
1684 2719
2994 3387
2757 2864
2892 3077
2905 3033
2665 2942
3035 3297
2937 3116
3156 3256
2872 3064
3047 3387
2661 3038
3253 3369
2870 3154
3141 3218
3070 3344
3089 3106
3101 3347
2901 2939
2901 3038
2724 3356
3022 3232
2724 3186
3132 3344
2887 3114
2846 3188
2706 3234
3204 3291
2669 2786
3026 3324
2716 3406
3365 3369
2874 3363
2746 3056
3360 3415
2872 2873
2905 3098
3342 3416
2716 3321
2823 2845
2701 3280
2864 2969
2901 3288
2751 3198
3274 3350
3002 3007
2974 3284
1684 2903
2749 2960
1684 3404
2718 3198
2793 3321
2985 2986
3033 3284
1684 3232
1684 3241
2668 3134
2919 2993
2815 2866
2833 3051
2937 3170
3116 3239
3035 3201
3296 3434
3017 3172
2928 2977
2833 3182
2752 2962
3210 3233
2993 3135
2955 3255
2756 3363
2869 3270
2756 2915
2767 3318
3168 3191
3088 3208
3035 3280
2960 3153
2734 3254
3077 3176
2754 2761
2718 3187
2911 3108
2829 3233
2946 2969
2679 3119
2906 3040
2907 2943
2839 2927
3161 3176
3150 3291
2763 3023
2863 3094
2906 3284
2862 2864
2928 2993
1684 2956
2799 3105
2755 3108
1684 2724
2850 2925
3002 3420
2909 3348
2801 3032
3056 3433
2782 2956
2665 2844
171 1684
3123 3400
3167 3256
1405 3100
2956 3022
2888 3010
1684 3290
3082 3421
3169 3239
2734 2790
1684 3365
2756 2924
1684 3172
2958 3178
2872 3040
2724 2737
2757 2815
2960 3056
2769 3139
2738 3400
2951 3007
3017 3281
2759 3095
2754 3052
2951 3404
3137 3232
2989 3321
2739 3415
2835 3324
3338 3401
2733 3172
2981 3042
2986 3004
2718 3418
2676 2800
2866 3250
2777 2960
2849 3179
2950 3060
2928 3363
3332 3378
3026 3213
3017 3274
2991 3434
2719 2797
2749 2896
2839 3054
3101 3330
2730 3255
1684 3261
2862 2913
3089 3109
2904 3152
2664 3362
3116 3182
3257 3426
3007 3371
3299 3345
2813 3178
2669 2956
3035 3316
3064 3232
2716 3107
3172 3291
2751 3204
3116 3397
3113 3320
2867 2927
3152 3313
3011 3160
2778 3109
2841 2946
2944 3433
2786 3362
3090 3229
2840 3320
2927 3220
2661 3360
2852 3220
2664 2931
2839 2928
2833 2973
1684 2728
2841 3089
2663 2786
3137 3149
2996 3307
2681 2994
990 1505
2758 2801
2890 3119
2738 2874
2719 3111
3076 3136
3140 3177
2741 3098
1684 3271
2706 2896
2839 3202
3307 3341
3092 3213
2750 3137
2731 2981
3000 3174
2782 2910
3106 3391
2966 3014
3033 3096
2906 3220
3026 3033
2745 3430
2712 3070
2979 3201
2827 3054
2731 2873
2716 2973
2745 3139
3198 3199
2906 3029
3261 3280
3009 3082
3291 3351
2716 3089
2727 3100
2680 2916
3024 3107
2823 3060
2701 3262
3079 3411
2915 3033
2766 3025
2734 3165
2684 3262
2783 3291
2898 3327
2973 3115
2661 2937
3132 3201
2732 2930
2667 2762
2783 3027
2754 2927
2674 3288
2769 2943
1405 3233
3082 3381
2720 3215
2789 2851
3196 3403
2939 3316
2663 3104
3296 3304
2939 3239
3196 3253
3297 3351
1684 3165
2716 3007
2702 3330
3077 3203
2910 2919
3188 3352
2681 2743
2886 3083
2873 3232
2754 2880
3366 3379
3365 3429
2694 2749
3106 3169
2904 3321
2777 3004
2793 3051
2730 3395
2833 3411
2891 3052
2986 3096
3339 3363
3072 3097
3020 3258
3001 3178
3011 3081
3291 3299
2664 2967
2969 2974
3342 3391
2781 3113
2864 3073
3100 3337
2795 3353
2962 3373
2959 3318
2727 3140
2723 3291
3004 3023
3094 3267
2864 3065
2935 3063
3284 3324
3162 3295
2872 3363
2684 3152
2728 3171
2920 3324
2939 3035
2679 2890
2668 3256
2793 3035
1684 2870
3191 3320
3027 3347
2719 3079
2758 3259
2674 3051
2862 3435
2931 2986
2932 3107
2661 3411
3277 3434
2946 3054
2892 3162
3301 3387
2958 3280
2992 3191
3116 3418
3027 3214
2750 3426
2800 2872
3238 3435
2669 2698
2958 3295
2872 3426
3138 3279
2894 3225
2686 3136
3062 3069
2859 3263
2744 3385
3090 3417
2881 2894
2906 3004
2905 3064
2916 3078
2773 2916
1171 1534
2949 3012
2780 3352
2931 3238
3199 3434
2886 3336
2916 3250
1684 3388
2738 2969
2724 3176
3022 3435
2894 3253
2970 3021
3049 3434
2723 3215
2800 2943
3247 3280
2687 3194
2828 3082
2867 2920
2827 2919
2750 3339
2674 2991
2919 3430
2674 3152
2958 3302
3182 3386
2925 2944
1684 3216
2921 3345
3240 3406
2672 3113
2969 3184
2866 2913
2793 2937
2916 3047
3036 3090
3152 3332
3350 3396
3359 3366
2782 2864
3188 3411
3098 3195
3082 3252
2689 2974
2763 2956
2780 3146
2665 2843
3120 3291
2983 3020
2873 3047
2947 3154
2712 3277
2711 3118
2684 2737
2960 2969
2866 3064
2985 3363
3172 3287
3082 3406
1405 3168
2734 3319
2960 3004
2833 3332
3236 3369
2839 3033
2976 3185
1684 2662
2664 2909
2668 2751
2940 3096
3036 3304
2906 2986
3101 3296
2716 2719
2712 2950
2840 3281
3150 3381
2976 3261
3136 3379
3283 3382
3043 3313
3321 3327
2851 3137
2711 3077
2854 2927
3111 3302
107 1419
2992 3035
2872 3065
3076 3111
3232 3348
2916 3417
3002 3191
2865 3256
1684 3197
3060 3076
2770 3434
1505 2764
1684 3093
3118 3403
2703 2972
1684 3084
2950 3107
2755 2960
2782 2839
2750 2909
3272 3378
2986 3426
2682 3100
3000 3362
2683 2786
2681 3257
1684 2813
2833 3188
2730 3136
2682 2724
2702 3341
2674 2828
2753 3350
2763 3363
2680 2835
2951 3410
1684 3353
3116 3396
2742 3198
2929 3232
3104 3294
2730 2918
2839 3363
2787 3321
2931 3098
3101 3150
3126 3322
2753 3160
2863 2991
2967 3363
3144 3431
3119 3387
2782 3384
3124 3312
3022 3033
3073 3220
3020 3063
2839 3226
2729 3362
2761 3414
3146 3198
2924 2929
3185 3201
2675 2904
2823 3332
2830 2990
2674 2849
2947 3168
3296 3411
2734 3287
2737 3051
2756 3293
2665 3411
2674 3016
2669 3348
2724 2892
3188 3280
2719 3204
2730 2812
3297 3316
2676 3108
2758 3369
2750 2867
3032 3187
3102 3146
2894 3173
2934 3001
2739 3233
3062 3373
2665 3140
3054 3433
2905 3301
3256 3425
1684 2993
3148 3378
3076 3378
3145 3403
2780 2979
2825 2921
2943 3293
2951 3253
2800 2864
2661 2894
3000 3104
3101 3316
2945 3135
2985 3052
3090 3384
2757 2969
2911 3090
2966 3158
2911 3004
2915 3394
1684 2971
1684 3136
1684 3264
3140 3255
2862 3054
2681 2956
2780 3297
2675 3259
2793 3046
1684 3308
2894 3280
3005 3172
3087 3236
3294 3303
3016 3169
3267 3291
2969 2986
2743 2986
2900 3366
2664 3304
3017 3353
2742 3252
2730 2844
2925 3056
2807 3394
3085 3250
3082 3280
3261 3320
1684 3346
2773 2956
2778 3017
3146 3239
2742 3344
2706 2931
3021 3082
2664 2906
2863 3214
2839 2913
3038 3224
2748 3406
2916 2925
2890 3232
2673 2777
1666 3245
2995 3273
2683 3394
1684 2981
2730 3082
3195 3363
2849 3089
2883 3223
3177 3233
2810 2873
3154 3386
3182 3258
2810 2874
2741 2910
1642 2764
2913 3096
2969 3117
2869 3082
2675 3198
2676 3226
3027 3326
2664 2988
2675 3189
3145 3277
2785 3272
2845 2951
2749 3026
2875 3111
2669 2850
2722 2863
2854 3303
2800 2890
2676 3348
3201 3261
2839 3149
3007 3344
2781 3169
3068 3086
2914 3411
2862 3220
2800 2912
2750 2800
2716 2901
2867 2940
2688 2693
2668 2702
3054 3153
2729 3010
3145 3396
2675 3395
2728 3295
3266 3308
2945 3293
2683 2945
2694 3004
2772 3296
2946 3104
3113 3179
3154 3295
2962 3295
2786 3228
2859 3397
3224 3330
2773 3096
3197 3216
3111 3261
2955 3342
2919 3284
2914 3209
2966 3195
2787 2892
3168 3379
2795 3374
3288 3393
2849 2973
2921 2942
2753 3075
2778 3366
2815 3022
3035 3146
2675 3087
3360 3434
3060 3396
2879 2982
3136 3340
2774 3127
3021 3169
2742 3082
3291 3342
2755 2987
2730 3086
3263 3398
2783 3017
2712 3299
3371 3410
3119 3257
2880 2946
2867 2917
2681 3293
2800 2910
2690 2762
3107 3379
2862 2929
2910 3056
2827 3387
2899 3139
2915 3096
2987 3158
2782 2872
2833 3089
2781 2991
2874 3073
2940 3363
3096 3399
3060 3360
3198 3385
3076 3411
3182 3434
3076 3279
3152 3330
2951 3171
3097 3274
2931 3362
3240 3291
2716 2793
1684 2852
2905 3108
2753 3397
2973 3299
2713 2729
2927 3096
2913 3047
2966 3399
3265 3267
2782 3348
1684 2773
2742 3288
2665 3214
2669 2974
2676 3232
2916 3232
2869 3289
3288 3419
2698 3096
2738 2839
2853 3415
1505 3020
3422 3434
3143 3153
1684 3099
1726 2744
2869 2992
2958 3009
2966 3078
3116 3267
2802 3419
2994 3135
2687 2748
2955 3395
2909 2927
3104 3390
2661 2674
2741 2924
2869 2937
2754 3137
2712 2780
107 171
3039 3274
3224 3386
3150 3409
3353 3397
1684 3157
2786 2896
3107 3313
2812 3421
2839 2862
2754 2928
3080 3388
3077 3253
1656 2826
3078 3085
2816 3369
2716 2742
2931 3426
2742 2991
2765 3316
3033 3348
3188 3247
2773 2993
2796 3185
2803 3138
2841 3431
3038 3406
1684 3322
2737 2937
2777 2896
2779 3086
3045 3059
3169 3434
2683 3364
2800 2897
2973 2989
2703 2982
3082 3185
2739 3062
3095 3426
2775 2962
3351 3360
2667 3211
3026 3184
1684 3050
2703 3008
2929 3433
1505 2968
2949 2999
3182 3332
2992 3397
3355 3434
2944 3104
2839 2985
2755 3433
2954 3383
2689 3064
2750 2890
3225 3396
2699 2959
3096 3362
2749 3220
2873 3149
3056 3129
3185 3422
2738 2896
2950 3150
1505 3062
2681 3433
2888 3300
2686 3198
2944 3108
2865 2955
2664 3040
2806 2890
3138 3374
2717 2782
2829 3176
3002 3154
3136 3335
2910 3220
2729 3364
2778 2853
2866 2877
3118 3379
2894 3198
2927 3348
2966 3232
3311 3325
2919 2986
3117 3173
3046 3076
3345 3403
2864 2915
2777 2910
2934 3246
2684 2875
2863 3351
2764 2941
3295 3415
2944 2969
3150 3344
2782 3047
2862 2988
3426 3430
2701 3298
2925 3184
2894 3258
2664 2919
2991 3145
3038 3395
3381 3416
3033 3399
3015 3373
2930 3372
2833 3434
2672 3350
2708 3350
2796 2828
3142 3363
2921 3360
3132 3335
2753 2976
2724 3051
3076 3079
3239 3252
2759 2946
3058 3352
2731 2956
2787 3253
2864 2944
2712 3038
2661 2991
2835 3243
2742 2939
2787 3038
2733 3179
1684 2747
2991 3060
2800 3433
2966 3390
3152 3373
2994 3433
2680 2925
2663 3137
3078 3301
2914 3136
3026 3348
2906 2960
3213 3324
2869 3351
2853 3419
2949 2997
3102 3416
2839 3220
2754 3362
3060 3145
2676 3065
3185 3280
2702 3027
2862 3362
3234 3390
2912 2985
2698 3090
3171 3208
2937 3422
2786 3387
3176 3241
2913 3184
3280 3431
3099 3242
3325 3383
2701 3182
2823 3287
2918 3255
2775 3051
2967 3324
2939 3101
2931 3042
2880 3117
2763 2944
3288 3411
2709 2772
2996 3341
2986 3220
3335 3397
2915 3232
2786 2927
3033 3065
2766 2924
2716 3313
2728 3077
2925 3195
2836 2841
3139 3231
2890 3000
2724 3162
3267 3316
3265 3397
2719 3240
2958 3001
2698 2877
2866 3022
3070 3169
3105 3251
3051 3261
3356 3366
2765 2849
3034 3345
3027 3152
2783 2819
3082 3204
3049 3344
2717 2910
3076 3204
2754 3065
3247 3434
3060 3116
2870 3077
2760 3222
3061 3263
2901 3201
1684 2950
2668 3279
3291 3332
2748 3051
1684 2743
2756 2981
2751 3115
3054 3064
3017 3403
2715 3214
1505 1656
2689 3117
3096 3163
2742 3021
2738 2994
2815 2827
2944 2956
3113 3132
2841 3259
2712 3101
2789 3045
3023 3234
1684 3141
1684 2862
2999 3083
3140 3275
3018 3295
1684 2775
3100 3320
2875 3076
3110 3369
2786 2981
2672 3386
3062 3395
3390 3394
3115 3434
2992 3120
2872 3238
2716 3027
3096 3384
2720 2989
3090 3137
2913 3224
2887 3158
2670 2972
2694 2915
2863 3050
3353 3422
2719 3252
3288 3422
3288 3313
2681 2800
2781 3116
2872 2985
2897 3004
3049 3206
2669 2755
2894 3332
2992 3330
2786 2890
2806 2919
2733 2936
3275 3318
2666 2773
2749 2974
3120 3321
3032 3253
2810 3056
2737 2775
3072 3212
3089 3355
3000 3025
2683 3426
2873 2913
2756 3090
1656 2883
2679 2896
3090 3231
2757 2854
2827 3026
2819 3421
3169 3330
2717 3078
2662 3191
2729 2731
2699 3008
3065 3232
2846 3109
2833 3345
2877 2891
2847 3307
2661 3115
2679 2969
2796 3132
2863 3365
2874 2924
2929 3084
1684 3092
2901 3299
3065 3301
2679 3025
2733 3262
3272 3306
3211 3329
2950 3272
2929 2945
2719 2785
2735 3385
3051 3378
2755 3399
2946 3174
3107 3341
2877 2925
2765 3206
2974 3362
2724 2951
2751 3353
3086 3154
2866 3339
3291 3378
3225 3287
2863 3429
2742 2989
2991 3049
2867 3243
58 3290
2757 2917
3167 3210
3102 3116
3057 3061
2683 2731
2698 2911
2821 3166
3232 3339
2749 3096
2873 3137
3279 3395
3247 3351
2914 3117
3258 3274
2754 3054
3097 3236
2902 3181
2832 3276
3131 3372
2936 3101
1684 2905
2980 3270
2779 2951
2742 3397
3005 3185
3188 3345
1684 3267
2853 3416
3115 3198
1684 3413
2911 2985
2833 3201
3150 3329
2733 2797
2763 2880
3049 3115
2713 3412
1684 2963
2996 3345
2828 3102
1684 3143
2662 3291
2676 2694
2911 3065
2823 2937
2674 2796
3258 3262
2706 2966
3042 3095
2716 2936
2928 2943
2686 3217
2700 2709
3132 3347
2777 2806
2681 2754
2844 2951
2864 2946
3145 3386
1684 2867
2880 3004
2778 2833
2912 3098
2682 3233
2661 2875
2896 2969
2877 2912
2780 3049
2664 2800
2810 2974
3328 3369
2793 3332
2664 2920
2833 3297
1684 3009
1684 3253
2833 2937
2754 2806
3132 3267
2698 2866
1684 2886
2847 3341
2694 2948
2978 3426
3149 3339
2823 3350
3051 3240
2753 3060
3047 3232
2783 3385
3025 3362
2810 3158
3113 3267
2951 3002
3151 3409
2802 3150
3198 3411
2870 3009
3252 3416
2666 2956
3001 3373
3004 3232
1534 3222
2716 2780
3240 3319
2782 3304
3280 3332
2939 3381
3038 3434
2833 3150
2753 3434
2744 3365
3199 3331
3051 3373
2839 3184
3113 3198
2754 2969
2665 3386
2904 3341
2768 3034
3040 3399
3034 3070
2833 3179
2937 3082
2960 3149
3023 3414
1684 3067
3086 3420
2881 3287
2844 2881
3338 3427
2764 3201
3005 3118
3041 3188
3240 3332
3174 3195
2778 3277
2813 2951
3033 3085
2912 3324
2675 3404
3149 3193
3260 3298
2813 3002
3075 3397
2763 2931
2730 3138
2669 2777
2935 2949
3020 3083
2936 2965
2840 2958
2681 2782
3101 3240
2871 3087
3136 3279
2749 3108
1684 3043
2712 2748
3085 3129
2674 3347
2827 3040
3348 3435
2715 3087
2933 2935
2696 3186
2698 2912
3314 3423
2953 3417
2951 3118
2881 3024
2719 3262
2925 3022
2987 3025
2728 2990
2754 2800
3182 3225
1684 2697
2858 2923
2694 3384
3081 3259
2676 2782
2715 2747
2877 2887
2906 3142
2878 3249
3274 3302
171 1171
3016 3075
3049 3277
2666 2912
2945 3213
2683 3000
2810 2960
2784 3349
3347 3396
2730 3244
2747 2831
2835 2880
2664 2940
3000 3090
2897 3033
2875 3272
3293 3363
2862 2960
3365 3397
3117 3304
1171 1684
2943 3433
3169 3291
2724 3285
2665 2955
2863 3320
1684 2729
3132 3316
2743 2754
2742 2992
2904 3188
1450 1656
2916 3228
3029 3238
2973 3116
2840 2881
3070 3252
3101 3373
3103 3412
2674 2793
3021 3201
2698 3284
3070 3150
2756 2773
2755 2827
3114 3231
2849 3106
2728 3412
3172 3182
2905 3195
2782 2960
2950 3070
3179 3298
2749 3078
2826 3211
2950 3261
2989 3070
3146 3416
1684 3364
2778 2901
2719 3170
2931 3085
2748 2901
3027 3192
2719 2976
2769 3130
3026 3158
1656 1684
2813 3393
2674 3070
2713 3007
2772 2785
3049 3120
2706 2864
2716 3110
2665 3395
3299 3344
2782 3085
1684 2889
2860 3168
3248 3424
3022 3026
3102 3150
2953 3364
3215 3239
2974 3108
3277 3391
2778 3330
3137 3426
3106 3416
2741 2743
3145 3260
2683 2743
1684 3374
2780 3138
2989 3240
1505 3258
3098 3108
2668 3374
3120 3397
2681 2835
3075 3357
3034 3038
1405 3295
3321 3380
3258 3411
2755 3040
3046 3393
2674 3277
2966 3096
3010 3333
2712 3351
2757 3226
2763 2890
3035 3355
3115 3252
2974 3023
2782 2969
2786 3014
2755 3090
3226 3284
2945 3435
3076 3258
2665 3345
2911 3096
1684 2857
3022 3078
3084 3387
2694 2966
3198 3201
2674 3120
3148 3215
3004 3054
2789 3104
2940 3293
2676 2839
3191 3223
2782 2943
2950 3075
2809 3036
2718 3043
3223 3406
3182 3396
2750 3387
2669 2679
2905 3090
2827 3232
3076 3172
2679 3384
2676 2872
2906 2940
2803 3196
2772 3411
2668 3276
3061 3398
2667 2690
3035 3239
2698 2966
2916 3090
2681 2929
2750 3047
2942 3304
2664 3096
3142 3174
2730 2781
3342 3406
2757 2925
3222 3340
3086 3241
1684 2684
2754 2974
2754 3339
2874 2977
2717 3085
3056 3065
2755 2877
2669 2925
3150 3332
2757 3149
2904 3009
3090 3114
3105 3218
2706 2910
3150 3419
2664 3348
2748 3345
2694 3339
2781 3261
2693 2949
3399 3433
2715 3146
2880 2909
2688 3205
2689 3142
2919 3417
3162 3379
2959 3309
3201 3330
3002 3346
2966 3166
2901 3106
3136 3419
3054 3114
2976 3403
2741 3184
2867 3054
2879 3314
3218 3354
2877 2986
2890 3166
2773 2929
1684 3354
1684 3384
1684 3215
3079 3258
2815 2943
1534 2693
3101 3350
2772 3256
2797 3079
2909 3226
2786 3417
1684 3069
1450 3179
3017 3192
1684 3159
2695 2920
3116 3201
1684 3145
3152 3347
2757 3098
3284 3348
2823 3118
2862 3286
2661 2970
2881 3274
3172 3274
1684 3423
1684 2897
2750 2827
2941 3068
2959 2972
2785 3299
1684 2940
2744 2762
2911 2925
2800 3073
2720 3087
3057 3396
3206 3416
2768 2813
171 2838
2758 3264
3065 3362
3182 3320
2755 2928
2927 3324
2960 3104
1666 2968
3201 3397
2742 3079
3096 3387
2679 2977
2764 2923
3027 3395
3298 3320
2899 3229
3160 3298
2782 2835
2956 2985
2667 2711
3152 3296
2730 3312
2756 3384
2754 2909
3187 3365
2720 3240
2698 3052
2945 3000
3118 3162
3224 3391
3046 3248
2810 3362
2854 3184
3101 3344
3038 3258
3185 3267
2944 2960
2916 2919
2780 2923
2926 3429
3267 3419
1534 3248
3146 3291
3136 3395
2741 3078
2794 3433
2985 3040
2943 2944
2854 3362
3017 3038
2708 3182
2714 2979
3100 3168
3308 3398
2751 3342
2697 3001
2991 3201
2974 3339
2839 2905
2836 3327
3082 3347
3239 3419
2906 2956
3120 3350
2780 3188
2850 2927
2764 2979
2993 3384
3235 3280
2664 3104
1684 2683
2741 3054
2863 3349
1505 3386
2876 3306
2861 3053
2849 2875
2786 3324
2777 2909
3187 3369
3023 3052
3113 3299
2866 3399
2931 3119
2861 3200
3182 3261
1684 3123
2921 3299
3002 3118
2906 3033
3058 3212
2683 3036
2991 3381
3122 3218
2919 3033
3096 3301
2773 3084
2867 3433
1684 3329
2943 3000
3259 3369
2919 2953
2962 3244
2672 3280
3124 3196
2991 3247
2835 2943
2796 3051
1684 2934
2729 2944
2780 2950
2742 3224
2996 3196
2693 3319
2717 3387
3053 3141
2694 2925
2869 3416
2696 3360
2927 2981
2956 2960
1684 2701
2712 3240
2782 3364
2897 2966
2787 2863
2748 3041
2911 3022
3090 3363
3118 3320
2762 3027
2756 3238
3034 3261
3021 3239
2928 2985
3021 3132
1684 2957
2976 3272
3177 3203
3239 3397
2879 3423
2724 3295
3358 3369
3087 3187
2742 2863
3057 3164
3101 3366
2718 2883
3089 3212
3017 3367
2689 2867
2751 3140
2718 3087
3026 3098
3132 3419
3176 3412
2951 3299
3052 3232
2825 3177
2833 3113
3048 3342
2719 3281
2793 3120
1684 2912
3296 3302
3198 3330
3018 3337
2719 3330
2661 3434
2662 2783
2755 2800
2991 3102
2858 3275
1684 2722
2880 3000
2894 3320
3160 3240
2873 3226
3101 3253
1684 3386
2809 3080
2983 3012
1684 2745
3227 3269
2782 2800
2675 3256
3272 3320
2762 3385
2950 3258
2773 3433
2948 3315
2745 3284
3264 3369
2703 3325
3017 3082
3000 3226
2865 2918
2689 2694
2706 2928
2839 3108
2850 2877
2728 3410
3395 3415
2916 2945
3275 3359
3304 3324
2679 2862
3038 3209
2894 3179
2845 3002
2989 3247
1684 2678
3077 3091
2939 3146
2690 3242
2785 3188
3236 3385
2872 3084
3051 3347
3205 3263
2904 3253
2877 3348
3072 3253
2698 3047
2920 3417
2741 2993
2839 2945
2806 3014
2717 2920
2950 3320
2675 3369
2909 2940
3146 3344
3022 3054
2912 3417
2892 3002
2916 3098
3137 3139
2856 2979
2843 3156
2676 3184
3101 3434
3061 3308
3113 3391
2674 2863
2970 3252
3274 3287
2665 3240
2944 3026
2758 2784
3115 3422
2719 3145
2810 2986
2849 3288
2835 3399
2748 3117
2875 3280
2867 2919
1684 3399
2861 3354
2928 3174
3301 3436
3098 3149
2661 3102
3111 3353
2910 3426
2675 3171
2745 3080
2946 3294
3154 3160
2891 3234
2774 3074
2839 3135
2778 2904
2863 3102
2661 3332
3004 3417
3087 3365
3360 3397
2793 3089
3101 3355
2909 3142
2850 2915
2872 3056
2873 2977
2958 3327
2781 3350
3253 3411
3291 3434
2663 2726
3179 3351
1684 3014
2867 2974
3322 3336
2973 3120
2864 2925
3110 3374
2916 3284
2709 3138
2689 3232
2943 3286
3119 3238
3054 3284
2703 3318
2754 2916
2696 3275
3293 3362
3168 3176
2750 2906
2973 3351
2754 2852
2863 3297
3078 3348
2742 3297
2890 2985
3188 3360
2946 3033
2937 3396
2674 3296
2729 2786
2928 3388
2762 3380
2904 3342
3317 3394
3187 3337
2903 3258
2717 3065
3119 3123
2743 3114
2823 3261
3140 3277
2671 3091
2728 3346
2950 3144
2833 2849
3040 3064
3022 3098
2689 3078
3366 3412
3021 3280
2680 2815
3041 3058
3035 3115
3005 3343
3078 3284
2871 3313
3029 3362
2921 3221
2786 3025
1684 3265
3078 3104
2840 3185
2904 3434
2825 2951
3097 3345
3132 3411
3185 3378
2674 3146
2913 3078
2667 3353
1684 3059
2708 3262
2762 3255
2749 2911
2734 2923
2778 3016
2839 3056
2867 3293
2820 2962
3072 3248
2693 3310
2698 2867
3152 3192
2720 3353
2762 3140
2726 3392
2981 3114
3084 3166
2778 3350
3114 3119
1684 2776
2778 2938
2904 3212
2728 2829
2669 3274
2748 3188
2680 2986
2839 2908
3116 3170
2778 3332
2887 3029
2906 3303
2750 3234
2849 2939
2937 2973
3093 3177
2796 3261
3225 3320
2739 3346
2992 3101
3032 3397
3233 3379
3089 3344
2849 3277
1405 3001
1450 1684
3100 3154
3173 3335
2960 3364
2944 3065
3073 3363
3365 3393
2946 3119
2781 3267
2785 3152
2665 3259
3047 3348
3136 3171
3042 3137
2683 2738
3019 3356
3101 3110
2695 2967
2838 3003
2839 2852
2948 3324
3008 3318
1684 3401
2751 2772
2894 3262
2970 3351
2901 3027
3238 3257
2827 2994
3320 3355
3240 3434
2749 2969
2750 2927
3274 3313
2865 3156
2800 3284
2983 3083
2781 2849
2867 3078
2960 3433
1684 3359
3291 3344
1684 3106
3056 3232
3086 3356
2863 3145
3298 3396
2717 3022
3240 3355
1642 2693
3145 3172
3024 3233
3225 3422
2770 3185
2793 3350
3017 3101
2716 3106
2702 3337
3224 3239
2872 3026
2828 3350
2678 2760
2689 2717
3274 3291
3160 3360
3295 3412
2715 3187
2763 2777
1684 2891
2753 2992
2763 3228
3101 3188
2904 3306
2760 3057
3027 3101
3021 3320
2936 2973
3367 3377
2797 2937
2897 3195
3252 3419
2748 3089
2669 2877
1684 2749
2742 3416
3113 3335
2976 3344
3084 3243
2749 3348
2854 3193
2863 3152
2680 2960
2706 3096
2793 2970
1684 3338
2882 2958
2753 3321
2841 3214
3242 3329
2849 3240
2795 3110
3025 3363
2990 3007
1656 3164
2797 2823
3054 3426
2840 3287
2702 3107
3111 3145
3000 3417
3107 3154
3177 3291
3022 3025
2686 2702
3160 3355
2763 3026
2992 3201
3065 3078
2966 3104
2999 3072
3035 3351
2729 2887
2757 3414
2935 2997
3079 3332
2862 3433
3054 3228
2835 2994
2797 3258
3019 3412
2772 3192
3033 3142
2810 2994
3220 3232
2762 3329
3330 3419
3265 3280
2901 3252
2958 3076
2956 3293
2828 2875
2741 2754
2689 2729
2763 3052
2989 3038
2862 2915
3169 3381
1684 3027
2906 3363
2730 2999
2694 3417
2730 2801
3090 3430
2662 2830
2754 2897
2881 3112
3347 3406
2923 3285
2674 3381
2782 3052
3172 3225
2897 2944
1505 2678
2819 3313
1684 2946
3115 3396
2877 3362
2757 3301
3150 3188
2864 3234
2827 2915
2880 3184
1684 2736
3189 3369
2958 3377
2918 3087
2691 2792
2854 3237
2863 2901
2951 3345
2845 2937
1684 3337
1684 3070
1684 3257
1684 3004
2780 3013
2689 2706
2965 3328
2663 2851
3232 3301
2813 3171
2877 2920
3320 3396
3335 3434
1684 2861
2754 2911
2913 3119
2748 3049
2755 2782
3022 3090
2793 3335
1684 3318
2800 2966
1684 3082
3136 3233
2673 2839
3005 3347
3169 3252
2880 3348
2730 2819
2702 3211
1758 2979
2765 2793
1684 2791
2966 3237
2806 3294
2702 3198
2785 3233
2867 2945
2988 3364
3014 3293
2694 2908
2872 3387
2734 3027
2755 2940
3123 3137
3252 3297
3101 3214
3107 3343
3219 3395
2950 3411
2720 3106
2698 2986
2996 3038
3321 3345
2720 3038
2943 3228
2778 3172
2719 3060
2940 3348
3082 3299
3135 3433
2987 3166
3137 3166
2974 3433
2962 3302
2662 3168
2916 3040
2795 3048
3113 3169
3072 3329
3320 3332
2793 3224
2874 3435
2991 3035
2970 3106
2719 2937
3086 3346
2786 2946
2810 3213
2973 3344
2989 3160
2865 3312
3020 3368
2945 3026
3277 3291
2938 3289
1684 3314
3049 3150
2848 3280
3145 3320
2867 3085
2906 3293
2928 2929
2697 3295
3077 3162
2861 3122
3086 3168
3172 3185
2761 3294
2712 2991
2779 2829
2867 3184
3017 3261
2880 3284
2992 3051
1684 3370
2775 3162
3187 3404
1684 2965
2837 3394
3087 3404
2717 2757
2874 2928
2777 2884
2877 3104
2701 3011
2664 2916
2668 3110
2835 3129
2759 3426
3087 3327
2789 3137
2701 3179
2777 2864
2664 2864
2765 3416
3152 3204
3324 3390
3005 3150
2986 3033
2928 3104
2835 3104
2951 3198
2863 3247
2915 3293
3113 3350
2850 2966
2890 3025
2911 3064
2873 2929
3115 3124
2853 3316
2875 3302
2975 3105
2669 2761
2869 3320
2702 2954
2676 3174
2662 3206
2713 3344
2849 3297
2761 2944
2676 2717
2713 3371
2877 3174
2683 3104
1684 3163
2956 2994
2683 2915
2945 3056
2832 2863
2932 3253
2851 3392
3076 3367
2729 3119
3106 3160
3038 3344
2909 3042
3378 3397
3033 3250
2787 2932
2822 3263
3113 3204
3011 3019
1642 2903
3140 3179
2933 3063
3129 3228
2742 3182
2939 3252
2910 2945
2697 3373
2716 3288
2969 3108
2877 2909
2778 3239
3101 3261
2877 3098
2849 3035
2973 3160
2944 3394
2773 2862
2921 3342
2810 3163
3231 3269
2755 3284
3154 3412
3343 3411
1684 2847
1684 3180
2839 3348
3117 3364
3019 3233
3018 3100
2815 3387
3010 3025
2935 2983
2880 2966
2833 3351
3038 3152
2748 3013
3076 3115
3342 3345
3051 3298
2936 3272
2796 3201
2871 3365
1684 2898
2862 2966
2726 2890
2774 3147
2867 3363
2862 2928
3038 3386
3048 3208
1684 3347
1684 3431
1684 2750
3101 3239
2905 2966
2984 3316
3204 3351
2711 2758
2866 3304
2859 3002
2894 3079
2925 3040
3197 3342
2950 3113
3060 3298
3090 3387
3000 3078
3052 3384
2901 3198
2707 2781
3001 3207
3038 3247
3052 3324
1684 3250
3019 3133
2661 3182
2661 3239
2666 2915
1684 3255
2973 3021
2739 3068
2917 3065
2786 3073
2758 2964
3090 3257
2742 3185
2871 3196
2912 3078
1684 2853
3260 3288
2765 3021
3293 3426
2683 3026
2839 3117
2696 2697
3029 3119
1684 3383
3207 3366
2854 3080
2764 3011
2770 2778
3052 3294
2973 3280
2912 3384
3005 3214
2782 3426
2996 3214
2729 2743
2748 3058
2928 2940
3186 3246
2755 3096
2895 3302
2834 3283
1684 3432
3182 3274
2754 2756
2729 3026
3332 3355
2748 3302
2680 3339
3072 3403
2989 3360
3076 3272
3126 3128
2943 3096
2936 2937
2724 3263
2698 3348
2730 3154
2869 3335
2694 2706
2780 3152
107 1505
3036 3080
2684 3332
2735 3307
2761 3184
2831 3256
2931 3433
3142 3232
2875 3179
2950 3259
1684 2682
3005 3320
3321 3360
2664 3098
3286 3414
2765 3201
2937 3353
2706 2967
3104 3363
2908 2927
2992 3224
2664 2912
2749 2839
3013 3209
2914 3360
2706 2806
2933 2999
3089 3120
3041 3140
3363 3430
2866 3363
2977 3238
2915 3000
2936 3015
3247 3330
2764 3340
3026 3119
2887 2944
3377 3396
3169 3265
2737 3233
2871 2875
2755 3149
2958 3331
2778 2921
2927 3004
3118 3412
2913 3250
2913 3384
2683 2741
2863 3235
2896 2944
2676 3387
2687 3038
3014 3387
2822 2941
2925 3098
3084 3384
2679 2960
3101 3265
2741 2786
2758 3087
2779 3356
2853 3082
3002 3162
3108 3339
3033 3195
3087 3338
2732 3180
3320 3378
2674 2742
2664 2890
2738 2786
2669 3426
3250 3387
2798 3303
3042 3114
2787 3256
2678 3164
2669 2676
2795 3050
2777 3098
2719 3378
2689 2743
3022 3108
2854 3414
3244 3246
2928 3195
2967 3054
2716 3191
2684 3320
2852 3226
2994 3029
2706 2943
2730 3110
2755 3084
1684 2677
2908 3284
3097 3177
2859 3140
1684 3201
2686 3259
2679 3090
2718 3402
2969 3056
2969 3195
2967 3213
2686 3395
2664 2877
2698 3104
2914 3409
3260 3299
3299 3360
3132 3247
2993 3119
3177 3366
2897 3228
1684 3361
1419 1684
3171 3312
2800 3324
1684 3074
2666 3033
2724 3061
2867 3117
2770 3291
2742 3352
2769 2789
3298 3332
3191 3203
3000 3387
3248 3327
3072 3214
2894 3411
3086 3162
1684 2866
2777 3158
1684 2924
3353 3386
2894 3035
3004 3324
2839 3064
3017 3378
2944 3064
2881 3365
3035 3169
2758 2813
2907 3135
2828 3381
3152 3353
3007 3434
3077 3373
2750 3348
2713 3410
2742 3277
2758 3285
2749 2927
2882 2968
2941 2955
2966 3054
2828 3347
2694 2864
2988 3166
2960 3324
3299 3351
2669 2910
3169 3335
1684 3094
3207 3350
2778 3035
2880 2943
1684 2827
2778 3377
3306 3351
2956 3166
2839 3417
2960 3399
2716 2844
2939 3070
3052 3286
2901 3291
3331 3405
2901 2996
2793 3391
3294 3324
3198 3204
2757 2835
2949 3310
3340 3365
2856 3185
2796 3017
2863 3146
3185 3274
2787 3327
3174 3304
3046 3140
3104 3232
2987 3114
2683 2729
3189 3395
3203 3224
3323 3397
2850 2943
2928 3117
2690 3365
2891 3142
2873 2966
3022 3362
3223 3420
2986 3400
2907 3363
2951 3016
2738 2929
2926 3256
2914 3072
2724 3191
2773 3339
2871 3219
3106 3201
2749 2940
171 2704
2994 3324
3049 3347
2856 3212
2742 2828
2881 3145
3141 3354
3033 3119
2684 3179
2724 3366
2793 3070
3248 3274
2833 3381
2933 3066
2871 3043
3017 3185
3140 3313
3053 3218
2666 3226
3260 3406
2716 2783
2966 3033
2858 2921
2991 3267
2974 3387
2871 3344
2706 2946
2864 2908
3280 3297
2754 2864
2706 2761
2864 3232
2755 3363
3185 3272
3247 3419
2873 3029
3104 3123
2985 3149
2841 3117
2693 2903
2701 3320
3172 3347
2666 2966
2913 3348
3111 3415
1684 3118
3010 3026
2724 3118
2793 3434
2745 3392
3188 3253
3009 3214
2823 3179
2914 3150
2835 3000
