698 868
753 889
885 887
708 830
772 856
697 828
747 753
776 872
769 828
703 719
825 864
698 713
774 800
698 860
713 747
698 864
804 876
698 884
864 893
810 828
856 888
698 876
769 890
805 819
698 776
856 878
698 830
866 895
828 830
729 863
774 811
769 869
800 856
708 811
698 871
697 805
713 805
872 873
804 889
697 745
769 798
698 865
745 800
819 828
697 823
753 890
864 884
823 828
698 863
800 811
800 805
870 879
823 880
698 870
871 895
804 882
823 840
870 894
703 805
713 819
729 888
870 881
713 840
719 774
