2337 2364
1963 2485
1953 2423
1959 2280
2150 2590
2077 2507
2468 2553
1994 2199
2271 2340
2218 2556
1912 2319
2020 2140
2039 2138
1964 1977
2133 2199
1979 2058
2461 2588
2086 2646
1943 2212
2005 2408
2145 2289
1465 2247
2283 2511
1912 1936
2040 2258
1917 2329
2148 2543
2111 2616
2340 2477
2304 2438
2084 2220
2299 2630
2214 2624
1952 2111
2313 2406
1912 1973
2363 2446
2418 2546
1989 2468
2179 2300
2109 2324
2142 2591
1912 2316
2543 2623
2233 2504
2164 2220
2389 2400
2083 2276
2267 2458
1943 2573
2510 2642
1948 2199
2165 2492
2060 2121
2111 2592
1925 2165
1959 1994
2115 2464
2308 2604
2103 2460
2188 2233
2308 2602
2092 2262
1982 2349
2216 2307
2247 2543
2561 2625
2005 2376
2384 2652
2081 2111
1917 2543
2064 2093
2077 2414
2147 2478
2122 2326
1918 2430
2072 2138
1912 2332
2557 2603
2428 2553
2045 2418
2153 2451
2307 2520
2374 2492
2237 2578
2266 2501
2549 2619
1951 2645
2047 2102
2045 2386
1938 2045
2062 2327
2348 2352
1979 2218
1920 2247
1926 1964
2235 2304
2266 2563
1993 2550
1938 2468
2111 2285
1920 2137
1945 2642
2077 2348
1957 1972
2074 2150
2093 2290
2083 2275
2445 2458
2033 2220
1984 2060
2149 2344
1912 2565
2111 2273
2233 2623
2147 2443
2257 2526
2390 2617
2499 2500
2030 2329
2394 2451
2172 2381
2249 2313
2138 2282
2077 2095
1912 2401
2309 2495
2259 2372
1941 2229
2068 2571
2417 2473
2169 2246
1912 1931
2602 2619
2392 2590
2169 2516
2118 2414
2142 2261
2132 2328
2154 2244
2144 2594
1984 2244
1983 2395
1993 2115
2461 2642
2122 2359
1926 2612
2042 2117
2307 2630
2521 2646
2092 2234
2171 2192
2279 2537
2377 2463
2323 2500
2117 2292
2078 2340
1945 2518
1931 2143
2201 2395
2261 2276
2420 2458
2131 2353
2555 2592
2151 2273
2030 2543
1927 2018
2340 2574
2554 2574
1718 2475
2233 2374
2190 2340
1918 2564
2243 2479
2143 2582
2059 2240
1981 2438
2184 2630
1971 2579
1945 2608
2410 2601
2389 2413
2210 2611
2212 2353
2104 2395
2381 2600
2074 2201
2188 2407
2188 2408
2511 2616
2086 2600
2143 2239
2087 2128
1966 2276
2352 2430
2073 2271
1955 2199
2278 2309
2235 2415
2414 2477
2071 2649
2145 2473
2074 2200
2308 2323
2278 2347
1989 2602
136 2498
2087 2398
2500 2625
2369 2574
2285 2555
1947 2183
2109 2500
1912 2197
2040 2329
2101 2461
2500 2521
2118 2560
2002 2283
2532 2539
2619 2624
2123 2607
2467 2546
1465 2302
2095 2154
2078 2339
1919 1954
2150 2601
2307 2376
2164 2520
2015 2357
1993 2408
2247 2511
1926 2347
1915 2146
2241 2420
2233 2340
2083 2556
2275 2430
2468 2552
1993 2370
1912 2032
1984 2229
2236 2335
1971 2278
2339 2469
2191 2289
2131 2150
2138 2496
2334 2500
2077 2093
2537 2598
2139 2602
2074 2331
2198 2518
1926 2133
1926 2254
2307 2339
1931 2627
2206 2521
2127 2246
2233 2354
2131 2576
2336 2547
2045 2578
2243 2394
2354 2604
1966 2045
2062 2282
2084 2395
2083 2590
1577 2189
2027 2284
2187 2588
2324 2381
2161 2555
1997 2323
2031 2283
2125 2319
2172 2201
2336 2629
2287 2600
136 2533
2154 2200
2156 2173
2060 2553
2447 2660
2426 2510
2007 2543
2112 2240
2351 2436
1912 2270
2287 2311
2005 2539
2257 2258
2429 2543
2336 2501
1952 2062
2602 2623
1912 2444
2163 2502
2148 2516
1985 2352
1941 2530
2188 2478
2427 2429
2292 2609
2058 2429
2059 2093
1971 2323
2187 2398
2161 2417
2007 2135
1959 2471
2087 2491
1945 2330
2592 2617
2373 2412
2127 2133
2229 2433
2098 2615
2268 2419
1912 1942
1939 2241
2504 2624
2047 2398
2399 2544
2139 2601
2511 2603
2400 2616
1997 2601
1979 2576
1912 2276
1951 2000
1912 2046
1929 2492
2059 2077
2189 2234
1963 2428
2209 2641
2215 2254
1923 2032
2153 2461
2218 2414
2292 2385
2290 2631
2289 2510
2282 2294
2374 2578
2354 2489
2134 2292
2069 2469
1465 2042
2266 2606
2093 2554
2226 2493
2266 2543
1932 2028
2103 2200
1919 2011
2045 2631
2126 2317
2532 2590
2261 2331
1917 2404
2005 2037
2244 2356
2231 2371
1917 2467
2134 2588
2278 2574
1465 2267
2142 2559
2348 2492
2038 2653
1993 2109
2071 2319
2179 2308
2154 2324
2659 2660
1916 2616
2040 2253
2184 2611
2616 2617
2150 2188
2095 2115
2135 2315
2059 2154
2495 2542
2311 2428
2539 2550
2370 2410
2191 2279
1968 2459
2007 2218
1920 2372
2084 2560
2244 2504
2092 2492
136 2153
2049 2523
2064 2495
1985 2646
1954 2627
2051 2614
2115 2526
2153 2215
1991 2006
1917 2078
2185 2518
2047 2273
2189 2584
1912 2072
2144 2336
2506 2579
1925 2604
1979 2549
2483 2527
1962 2395
2563 2604
2212 2521
2282 2608
2446 2553
2347 2428
1932 2149
2549 2602
2123 2136
2550 2561
1994 2571
2307 2356
2190 2428
1928 2640
1984 2573
2391 2556
2203 2629
2328 2451
2482 2604
1941 2472
2044 2602
2033 2206
2123 2560
2140 2392
2007 2144
2354 2376
1972 2640
2520 2539
2498 2582
2384 2555
2172 2469
2137 2506
2184 2574
2004 2202
1979 2556
2324 2467
2187 2642
2308 2484
1972 2018
2136 2404
2240 2615
1953 2090
1946 2037
2142 2326
2122 2423
1964 2211
2025 2626
2093 2395
1984 2462
2431 2528
2057 2608
1916 1945
2200 2655
2122 2551
2347 2593
2043 2172
2200 2619
2033 2037
1946 2560
1718 2174
2404 2631
1946 2359
1912 2582
1971 2408
1979 2088
2231 2313
2118 2261
2433 2619
2154 2329
2287 2324
2011 2192
1465 2053
2560 2579
2256 2291
2129 2405
2104 2121
2326 2625
2467 2625
2063 2549
2027 2645
2007 2127
1984 2218
1921 2025
1993 2290
2394 2597
2261 2359
2355 2616
2308 2623
2030 2165
2227 2558
2154 2464
2133 2149
2521 2543
2319 2511
2155 2603
2073 2123
2343 2616
2032 2597
2307 2549
2234 2429
2103 2550
2578 2646
2353 2423
2136 2244
2315 2597
2142 2309
1920 2224
2121 2600
2040 2334
2123 2306
2071 2653
2199 2372
2087 2567
2275 2553
2084 2218
2174 2582
2111 2302
2468 2625
2229 2501
1929 2190
2336 2344
2061 2364
1912 2133
2201 2551
2020 2184
2081 2224
1962 2468
1925 1929
2010 2247
2033 2118
1997 2347
1918 2308
2308 2539
1938 2363
1945 2498
2121 2253
2423 2500
2134 2496
2069 2559
2154 2308
2317 2448
2464 2492
2174 2325
2118 2586
1984 2095
2181 2412
2314 2397
2289 2649
1918 2095
2507 2625
2045 2560
2492 2520
2221 2333
2019 2092
2555 2629
1577 2144
2229 2326
2381 2408
2073 2121
2212 2607
2099 2126
2463 2525
2448 2540
2224 2246
2171 2284
2095 2500
2063 2123
2069 2326
2108 2121
1938 2063
2043 2188
1986 2059
2020 2381
1997 2619
2157 2337
2028 2315
1990 2248
1912 1978
2056 2573
2172 2564
2324 2408
2032 2338
2052 2196
2141 2642
2232 2649
2132 2629
2139 2240
2296 2416
2283 2315
2054 2163
2004 2648
2000 2001
1973 2346
2102 2138
1953 1962
2056 2356
2048 2085
2590 2602
2056 2084
2086 2526
2299 2323
2174 2510
1988 2207
2081 2501
2101 2390
2037 2623
1962 2088
2201 2290
2041 2321
2220 2574
1938 2526
1945 2268
2098 2104
1946 2278
1964 2637
1962 2549
2276 2414
2172 2179
1991 2660
2199 2203
1966 2005
1979 2069
2098 2464
2292 2400
2218 2507
2263 2313
2333 2530
2040 2118
1718 2471
2398 2468
1971 2611
2212 2654
2323 2339
2546 2625
2090 2395
2001 2633
2428 2433
2212 2233
1925 2504
2135 2475
1993 2507
2075 2479
1943 1962
2266 2430
2148 2293
2068 2434
2351 2516
1984 2500
2054 2463
1988 2320
2451 2463
1959 2315
2206 2460
2191 2510
1930 2397
2132 2592
2155 2246
2201 2309
2593 2630
1947 1981
1912 2598
2191 2315
1912 2015
2051 2342
2064 2615
2585 2626
2224 2643
136 1945
2471 2642
2096 2333
2028 2471
2327 2368
2220 2309
1958 2284
2334 2446
1718 2529
2199 2292
2194 2643
2268 2327
2122 2218
2072 2075
2414 2549
2102 2196
2344 2355
1947 2333
2088 2408
1963 2237
1926 2127
1979 2055
2255 2650
2407 2410
2058 2078
2141 2362
2179 2556
2253 2539
1993 2311
2329 2504
2052 2187
2054 2294
1951 1973
2406 2610
2520 2526
2169 2377
2326 2563
2086 2257
2254 2608
2032 2333
2073 2086
2133 2525
1975 2403
2103 2140
2111 2603
2308 2559
2375 2558
2155 2235
2005 2556
2046 2543
2081 2471
2078 2586
2051 2126
2197 2313
2275 2578
2046 2210
2129 2260
2102 2151
2140 2560
1918 2098
2170 2622
2324 2340
1941 2276
2377 2436
2169 2203
2276 2309
2010 2273
2608 2649
2285 2351
2276 2492
2282 2372
2069 2631
2206 2606
2131 2574
2482 2489
1945 2254
1993 2482
2126 2577
1912 2263
1993 2200
1993 2630
2118 2172
2542 2564
1921 1954
2075 2081
2109 2526
2030 2064
2028 2125
2520 2601
1929 2468
2032 2304
2032 2183
2002 2399
2043 2407
2416 2525
2454 2631
2399 2555
2626 2636
1966 2409
2071 2491
2043 2646
2028 2597
2125 2304
2199 2508
2197 2361
2353 2356
2090 2625
2172 2593
2084 2602
1985 2078
2509 2598
2054 2351
2032 2616
2046 2059
1995 2365
2142 2638
1926 2451
2408 2601
2290 2408
2191 2653
2261 2392
2129 2342
1994 2372
2404 2573
1918 2600
2326 2615
1935 1958
1927 2583
1926 2366
2462 2646
2218 2489
2309 2462
1941 2196
2253 2546
1938 2005
2591 2619
2123 2586
2029 2294
1912 2574
2376 2428
2085 2226
2300 2460
2338 2547
2150 2606
1912 2175
2329 2615
2420 2609
1963 2323
2261 2601
2068 2259
2200 2240
2229 2309
2071 2510
2240 2290
2359 2410
2418 2507
2075 2572
2060 2464
2258 2326
2189 2387
1963 2308
2047 2145
2191 2543
2118 2188
2355 2413
1926 2567
2086 2244
2552 2602
2065 2384
1988 2466
1985 2624
2381 2591
2128 2279
2002 2054
2064 2275
2326 2354
1981 2132
2520 2631
2244 2347
1953 2064
2153 2419
2218 2392
2103 2356
2231 2322
2215 2302
2233 2607
2111 2508
1913 2413
1970 2344
2276 2462
1912 2255
2063 2233
2176 2498
2434 2451
1916 2007
2063 2579
2216 2275
2430 2489
1718 2199
1916 2169
1927 1951
2229 2271
1912 2602
2040 2553
1941 2315
2363 2376
2642 2653
2328 2516
1912 2311
2078 2299
2409 2446
2138 2194
2183 2333
2052 2351
2059 2220
1997 2532
2253 2363
2485 2500
2154 2556
2179 2271
1948 2241
2057 2254
2333 2458
2140 2619
2040 2059
2169 2436
2131 2601
2042 2169
2166 2335
2428 2492
2564 2601
2073 2578
1918 2074
2369 2549
2136 2220
1971 2359
1985 2506
2056 2638
2147 2615
2001 2025
1958 2585
2221 2396
2128 2642
2093 2276
1985 2103
2059 2460
2355 2384
2289 2296
1979 2090
2463 2616
2061 2225
2257 2353
2135 2153
1465 2194
2617 2649
2062 2438
2223 2501
2521 2602
2105 2260
2220 2613
1943 2123
2463 2589
2459 2531
1912 2464
2104 2237
2074 2122
2500 2602
2201 2276
2073 2109
2367 2598
1912 2573
1917 2118
2495 2554
2327 2543
2002 2087
2088 2542
2340 2543
2233 2351
2112 2348
2275 2607
1912 2286
2042 2543
2176 2509
2327 2592
2020 2056
2095 2590
2414 2539
2464 2646
2123 2354
2446 2504
2306 2624
1959 2592
2026 2537
1986 2278
2556 2561
2188 2464
1919 2583
2102 2174
1577 2458
2078 2536
2304 2355
2060 2501
1962 2154
1971 2409
2148 2599
2045 2136
1983 2266
2071 2420
2121 2363
2468 2594
1917 2460
2226 2581
1944 2176
2110 2384
2543 2588
2045 2326
2127 2153
2573 2601
2200 2433
1916 2642
2433 2542
1917 2253
2074 2604
2124 2600
1926 2134
2525 2603
2288 2468
2040 2564
2194 2537
2086 2489
1984 2165
2394 2445
2243 2594
1953 2624
2347 2601
1984 2484
2007 2396
2516 2567
2172 2244
2399 2637
2084 2165
2124 2299
2449 2478
2244 2500
2347 2446
2134 2319
136 2647
2054 2396
2324 2590
2224 2649
2369 2381
136 2660
2257 2446
2111 2294
2147 2262
1993 2363
2363 2521
2339 2504
2456 2541
2078 2469
2112 2478
2392 2543
2224 2509
1997 2331
2000 2022
2620 2640
2054 2325
1912 2109
2064 2560
2104 2504
2163 2649
1989 2600
2492 2646
1987 2223
2279 2512
1962 2526
1954 2461
2054 2153
2190 2391
2007 2560
1945 2199
2348 2478
2169 2498
2046 2108
2398 2471
1926 2537
1971 2407
2084 2108
2327 2643
2154 2492
2233 2559
2267 2511
2243 2390
2083 2115
2350 2391
1984 2543
2095 2467
2554 2564
1912 2621
2408 2615
2065 2081
2043 2573
2304 2328
1918 2500
1964 2302
2047 2196
2433 2586
1938 2492
1993 2103
2299 2410
2038 2239
2095 2485
2032 2259
2176 2522
2189 2526
2387 2393
2090 2370
2056 2184
2088 2095
2118 2392
2103 2392
2224 2605
2212 2590
2315 2589
2188 2578
2033 2213
2081 2344
2154 2564
2353 2504
2189 2330
2122 2495
2078 2095
2240 2468
2206 2334
2030 2553
2026 2396
2083 2607
2172 2590
2485 2638
2154 2257
1995 2627
2090 2376
1984 2118
2093 2485
2290 2607
2578 2630
2344 2438
2040 2376
2037 2407
2060 2506
1970 2062
1939 2096
2117 2137
1918 2056
1962 2164
2131 2218
2326 2418
136 2128
2262 2266
1945 2117
2126 2360
2083 2353
2151 2289
2464 2467
1942 2266
2329 2551
2040 2631
2389 2459
2261 2300
2203 2588
1979 2615
2211 2396
2098 2142
2160 2455
2069 2210
1998 2011
2115 2237
2394 2537
2322 2335
2045 2353
2573 2625
2147 2188
2194 2417
2206 2347
2047 2322
2352 2409
1918 2549
2131 2165
2153 2169
2112 2619
2099 2247
2266 2549
2198 2502
2306 2638
2098 2579
2240 2423
1948 2289
1926 2379
2138 2187
1971 2150
1945 1959
2331 2574
2469 2478
1947 2475
2203 2598
2000 2018
2218 2220
2047 2214
2564 2655
1577 2250
2344 2629
2573 2578
2161 2394
2059 2611
2038 2594
2552 2561
2559 2560
2561 2601
2378 2645
2016 2494
2447 2658
2098 2499
2352 2593
2240 2625
2384 2498
2142 2324
2276 2543
2176 2241
2266 2404
1989 2033
1985 2336
1718 2127
2599 2653
2024 2378
2078 2131
2347 2518
2212 2546
2278 2506
2239 2338
2056 2090
2250 2372
2067 2189
2520 2556
1939 2438
2028 2102
1953 2414
1971 2040
2046 2482
2102 2567
2068 2280
2037 2234
2081 2183
2073 2520
2302 2533
1926 2007
2104 2323
2331 2468
2190 2430
1918 2392
2336 2588
2223 2327
1923 2133
2259 2592
2206 2553
2244 2575
2206 2414
2324 2553
2180 2384
2229 2607
2161 2509
2172 2623
1999 2378
1972 2116
2081 2132
2132 2294
2030 2359
2414 2468
1941 2592
2184 2654
1983 2077
1968 2022
1917 2546
2339 2631
2044 2429
2038 2637
2554 2600
2131 2469
2467 2543
2464 2619
1914 2660
2239 2247
2253 2348
2020 2118
2116 2351
2185 2289
1922 2455
2248 2286
2208 2560
2086 2356
2348 2549
2033 2240
2123 2218
1984 2108
2237 2410
2145 2232
2129 2236
2069 2073
2076 2349
2102 2273
2222 2415
2395 2408
2227 2263
1925 2037
2053 2247
1999 2009
2183 2319
2103 2536
2090 2240
2372 2547
2077 2482
1912 1959
2053 2075
2055 2559
2145 2357
2153 2338
2381 2407
2600 2646
1951 1968
2338 2344
2374 2564
2040 2489
2040 2408
2087 2347
2046 2123
1718 2463
2354 2462
2419 2519
2200 2409
2004 2538
2501 2511
2039 2267
2154 2218
1976 2384
2164 2165
2334 2395
2149 2246
2027 2157
2085 2610
2131 2467
1980 1998
2414 2485
2308 2414
1939 2052
2078 2123
2495 2654
2072 2445
2492 2624
2084 2427
2551 2597
1945 2417
2081 2282
2087 2138
2220 2244
2150 2201
2282 2617
2054 2134
2468 2578
2267 2268
2109 2460
2138 2643
2084 2356
2217 2540
1993 1997
2482 2560
1945 2191
2376 2604
2087 2451
2104 2549
2140 2352
2395 2601
1923 2362
2359 2418
2087 2609
2115 2561
2547 2617
2074 2339
2123 2590
1998 2000
2218 2543
2090 2602
2328 2525
2290 2410
2136 2500
1947 1955
1917 2600
2553 2602
2073 2521
2404 2542
2381 2638
1718 2508
2202 2659
1912 2331
2235 2265
2582 2616
1929 1971
2339 2556
1916 2010
2200 2654
1926 2176
2037 2423
1920 2087
1718 2003
1986 2526
2179 2266
1997 2229
2159 2538
2334 2433
2088 2655
2199 2509
2047 2286
2372 2511
2512 2649
1465 2148
2187 2653
1917 2363
1943 2059
1925 2244
2282 2598
2064 2410
2042 2434
2322 2612
2205 2325
1998 2494
2282 2313
1945 2038
2349 2444
1989 2526
2046 2611
2030 2324
2300 2353
2150 2604
2414 2552
2171 2225
2180 2617
1577 2052
2063 2624
2184 2532
2176 2211
2131 2611
2086 2559
2087 2509
2376 2593
136 1926
2201 2615
2276 2553
2082 2397
1985 2206
1912 2190
2387 2410
2127 2512
2242 2399
2029 2438
2368 2649
1919 2171
2068 2189
1971 2165
2370 2408
2045 2055
1984 2418
2081 2328
2190 2560
2149 2155
2068 2293
1912 2097
1953 2200
2078 2578
2298 2605
2176 2480
2489 2543
2145 2525
2153 2396
2071 2134
2053 2377
2052 2132
1964 2268
1964 2228
2352 2549
2241 2279
1938 2083
2467 2602
2414 2606
2171 2645
2137 2385
2060 2201
1918 1993
1912 2414
2176 2384
2135 2143
1923 2581
2169 2472
2484 2591
2244 2604
2138 2491
2394 2511
2370 2507
2370 2404
2282 2327
1912 2060
2078 2115
1948 2143
2105 2236
1985 2500
2246 2555
136 2471
2110 2199
2339 2549
2615 2619
2325 2502
2007 2267
1912 2005
2243 2537
1923 2163
2206 2611
1997 2172
1959 2161
2031 2473
2183 2327
2207 2444
2188 2353
2237 2348
1941 2465
2485 2553
2256 2265
1979 2477
2060 2242
1912 2267
1971 2369
1916 2128
2330 2463
2179 2495
136 1998
2560 2567
2556 2579
2504 2549
2097 2364
2356 2520
1957 2364
2410 2464
1941 2328
1918 2078
2414 2559
2290 2500
1912 2355
2175 2289
1912 2220
2005 2506
2134 2194
2142 2631
1971 2240
2118 2299
2339 2593
2083 2240
1941 2555
2143 2463
2410 2611
1984 2624
1983 2606
2218 2229
2191 2516
1988 2515
1994 2567
2189 2449
2234 2584
2271 2520
2277 2474
2324 2353
2282 2285
2392 2446
2086 2590
2031 2362
2241 2451
1987 2289
1962 2654
2064 2489
2319 2338
2482 2559
1912 2651
2071 2351
2054 2327
136 2510
2073 2369
1946 2334
2140 2579
2073 2579
2258 2477
2232 2571
1929 2115
2176 2203
2027 2346
2576 2600
1577 2267
2187 2379
2065 2592
2316 2360
2489 2593
2064 2464
1912 2453
2133 2463
2319 2516
2118 2638
1926 2291
1921 2459
2196 2472
2583 2647
2123 2574
2212 2625
2060 2163
2037 2290
2312 2413
2116 2364
1929 2339
2074 2600
2574 2619
1940 1994
2043 2492
2032 2302
2553 2578
2307 2619
2409 2500
2093 2460
2038 2589
2125 2384
1912 2026
2104 2560
2142 2520
1947 2616
2229 2275
1912 2139
2104 2507
2267 2475
1957 2585
1966 2476
2026 2588
2185 2425
2101 2283
1979 2329
2118 2356
1935 1954
2363 2386
2194 2438
2149 2254
1966 2184
2006 2645
2484 2578
2240 2532
2309 2526
2467 2564
1938 2326
1919 2659
2108 2542
2038 2471
2555 2594
2237 2489
2124 2136
2095 2386
2395 2500
2410 2549
2347 2604
1985 2597
2601 2602
2045 2553
2409 2429
1942 2078
1947 2062
1926 2039
2091 2130
2037 2115
2187 2199
2257 2266
2334 2578
1948 2294
2352 2376
2507 2521
2081 2144
2140 2573
2093 2257
2116 2633
2138 2649
2101 2458
2306 2482
1912 2381
2056 2369
2118 2352
2254 2508
2578 2601
2053 2125
2254 2319
2131 2340
2290 2306
1929 2561
2297 2435
2206 2244
2229 2240
2139 2220
2088 2240
2163 2519
1985 2560
2206 2477
1912 2420
2363 2409
1966 2575
2112 2339
1980 2297
1954 1972
1984 2324
1912 2115
2176 2333
2229 2464
1985 2543
2071 2224
1946 1983
2053 2509
2074 2590
1986 2213
2053 2652
2020 2275
2102 2111
2543 2630
2220 2275
1964 2214
2026 2239
2118 2492
2059 2142
1954 2241
2268 2285
2060 2462
1929 2109
2237 2404
2088 2552
2033 2489
2180 2289
1983 2244
1996 2017
2291 2345
2135 2420
2292 2461
2244 2593
2194 2543
1981 2026
2056 2414
2601 2619
2363 2423
2372 2543
2241 2384
2331 2554
2002 2149
2131 2526
2620 2645
2504 2615
2072 2333
2223 2502
1940 2328
2137 2597
2083 2271
2271 2619
2578 2615
1946 2430
2467 2526
2244 2564
1983 2109
2551 2602
1927 1991
2313 2621
2354 2560
2458 2501
2113 2548
2244 2307
2556 2574
2007 2616
2564 2611
2176 2310
1966 2030
1917 2278
2063 2573
2142 2370
2163 2242
1973 2364
1577 1718
2064 2074
2325 2498
2020 2131
136 2071
1953 2586
2078 2266
2069 2600
2323 2404
2043 2428
2054 2283
2464 2655
2280 2327
2340 2625
2244 2542
2554 2593
2121 2624
2384 2491
1944 2540
2131 2586
2121 2468
2354 2482
2300 2429
2521 2655
2053 2161
2521 2625
1955 2026
2305 2385
2311 2430
2140 2309
2030 2624
2039 2567
2074 2213
2526 2606
1912 2570
2143 2180
2138 2153
2279 2468
1943 2347
2479 2652
2044 2476
2264 2588
2216 2646
2247 2516
2346 2538
2387 2429
2324 2619
2072 2420
2294 2471
1920 2285
2127 2327
2101 2338
2188 2654
2086 2359
2037 2098
1927 1973
1912 2654
1917 2353
2386 2542
2142 2601
2088 2098
2033 2586
2293 2347
2340 2395
2414 2495
2322 2411
2273 2519
2338 2461
2042 2582
2040 2055
2215 2283
2018 2157
2530 2592
1964 2310
1921 2027
2138 2259
1913 2530
2102 2643
2194 2329
1948 2384
2028 2183
2150 2532
2045 2131
1970 2608
1948 2010
2458 2518
1943 2477
2084 2374
1997 2140
2180 2420
2247 2328
2238 2251
2347 2630
2352 2554
2112 2290
2307 2464
2131 2500
1938 2556
2102 2598
2391 2495
1914 1927
2047 2137
2446 2604
1938 2408
2392 2410
2384 2533
2093 2561
1970 2592
1718 2325
2383 2646
2063 2200
2338 2465
2020 2593
2468 2573
1946 2059
2103 2409
2038 2054
1465 2516
2280 2451
2007 2067
2033 2060
2190 2552
2340 2560
1976 2659
2099 2197
2322 2371
1971 2655
2485 2600
2356 2573
2059 2064
2423 2526
2381 2552
2127 2471
2132 2399
2543 2638
1926 2566
2216 2500
2089 2361
2005 2172
2122 2356
2179 2359
2332 2347
2179 2188
2044 2410
1994 2543
2064 2504
2220 2489
2254 2289
1962 2055
2183 2294
2218 2404
2374 2482
2340 2591
2226 2612
2144 2599
2336 2491
1962 2563
2299 2520
1993 2326
2257 2276
2093 2329
2322 2325
1916 2081
2463 2508
2495 2624
2334 2467
2089 2570
1923 2603
1718 2368
1941 2285
2083 2601
2233 2556
1945 2461
2187 2629
1976 2099
2395 2404
2307 2340
2089 2371
1986 2464
2546 2601
2151 2471
2539 2586
2117 2610
2042 2151
1938 2229
1976 2004
2538 2645
2030 2206
2028 2223
1959 2071
2206 2386
2112 2370
2220 2554
2446 2602
2278 2348
2045 2184
2163 2183
2179 2200
2370 2504
1938 2489
1912 2100
1985 2586
2139 2323
1966 2484
2206 2266
2326 2591
2135 2191
2521 2526
2334 2428
2132 2518
2235 2603
2056 2363
2081 2343
2101 2568
1979 2266
2410 2624
1971 2093
1984 2386
2182 2242
2086 2334
1953 2646
2551 2560
2005 2229
2257 2654
2326 2600
1962 2073
2021 2428
2161 2649
1984 2206
1953 2095
1923 2029
2149 2294
2614 2656
2200 2428
2054 2071
2551 2631
2266 2354
2303 2376
2410 2593
2415 2509
1966 2323
1925 2423
1989 2615
1946 2573
2190 2464
2188 2414
2033 2602
1943 2060
2250 2616
2229 2504
2309 2551
2073 2564
2191 2343
1718 2344
2244 2586
2206 2526
2233 2308
1946 2468
2118 2654
2088 2108
2038 2176
2430 2520
2196 2302
2102 2461
2279 2543
2138 2151
2190 2495
1912 2571
2140 2559
2212 2560
1920 2062
2145 2235
1918 2625
2250 2533
2199 2432
1917 2165
2253 2446
2040 2590
2042 2087
2002 2605
2433 2556
1921 2659
2206 2630
2284 2538
2153 2294
1963 2309
1973 2143
2005 2150
2336 2519
2189 2427
2370 2430
2223 2385
1941 2324
2088 2563
2198 2250
2304 2434
2093 2484
1981 2264
2462 2615
2114 2156
1946 2586
2118 2564
2053 2351
2347 2542
2083 2619
1970 2501
2248 2644
1917 2142
2253 2464
2139 2363
2199 2609
2292 2425
2479 2603
2271 2370
2275 2601
2054 2609
2374 2430
1984 2188
2131 2631
2042 2516
2088 2410
2237 2240
2261 2409
1997 2564
2088 2586
2028 2294
1954 2273
2143 2475
2128 2629
1959 2268
2043 2578
2410 2551
2115 2172
2331 2460
2037 2258
2121 2414
2240 2271
2414 2446
2072 2153
2101 2603
1948 2148
2090 2433
2131 2233
1995 2620
1718 2042
2132 2384
2278 2306
2018 2640
1985 2591
2124 2552
2040 2121
2038 2509
2428 2542
1959 2344
2117 2302
2342 2411
2218 2559
1941 2187
2073 2549
2020 2604
2062 2161
2003 2603
2423 2506
2128 2479
2148 2597
1966 2095
2389 2529
2101 2396
1929 2602
2259 2398
1931 2016
2266 2352
2509 2510
2336 2498
2423 2600
2115 2339
2028 2338
2384 2398
1948 2524
2029 2501
2292 2343
2071 2597
2176 2325
1971 2142
1983 2122
2078 2220
2229 2261
2418 2521
1945 2304
2026 2461
2171 2633
1948 2250
2404 2526
2549 2561
2261 2499
2103 2563
2302 2436
2333 2472
2408 2546
1941 2601
2191 2241
2069 2551
1964 2047
1929 2381
1465 2642
2308 2460
2345 2560
1934 2440
2458 2516
2150 2376
2176 2185
2619 2655
2180 2547
2007 2489
2306 2521
1920 2567
1948 2598
2553 2564
2189 2393
1997 2542
1993 2604
2104 2561
2220 2331
2238 2455
2102 2338
2453 2651
2084 2090
2354 2602
2111 2133
2054 2568
2090 2559
2350 2363
2035 2614
2026 2127
1940 2333
1955 2420
2083 2409
2115 2586
2064 2586
2280 2434
1979 2418
2401 2515
1987 2087
2112 2539
2128 2287
1946 2561
2446 2551
1997 2468
1939 1948
2354 2593
1941 2458
2327 2603
2176 2603
2086 2253
2059 2218
2183 2471
1986 2359
2280 2390
2271 2363
1926 2322
1912 2387
2246 2289
2073 2206
2095 2331
1918 2602
2052 2372
2118 2546
2374 2554
2294 2420
2109 2206
2069 2300
2187 2451
2561 2619
2300 2326
2008 2232
2149 2282
2081 2629
2356 2482
2302 2330
2359 2539
2075 2235
2072 2608
1966 2507
2339 2575
2324 2542
2340 2359
2045 2376
2077 2495
2007 2325
1958 2365
2088 2363
2102 2612
2077 2408
2368 2582
2088 2611
2163 2224
2038 2127
2031 2366
2102 2328
2025 2657
1912 1972
1983 2625
2046 2593
2127 2351
1983 2278
1940 2133
2169 2183
2436 2491
2419 2603
2002 2336
2430 2469
2268 2283
2114 2361
1993 2477
1938 2429
2434 2438
2391 2584
2139 2430
2250 2419
2369 2556
2253 2526
2165 2172
2090 2307
1964 2367
2212 2237
2294 2377
2328 2603
1986 2539
1971 2395
2302 2315
1970 2399
2237 2308
2258 2521
2216 2542
2347 2546
1985 2449
2223 2649
2355 2610
2271 2410
2370 2495
2151 2338
1988 2486
2033 2520
2223 2243
2083 2190
2374 2543
2240 2359
2461 2649
2107 2228
2078 2261
2356 2624
2009 2337
2428 2593
2224 2635
2374 2631
2210 2601
2180 2510
2543 2615
2172 2369
2037 2607
2307 2430
2328 2491
2333 2420
1912 2014
2460 2551
1983 2300
2122 2546
2345 2566
1939 2415
2028 2330
2078 2348
2047 2049
2242 2289
2125 2512
2123 2504
1948 2138
2268 2617
2351 2461
1964 2335
2377 2419
2063 2590
2267 2273
2098 2244
2064 2611
2172 2350
2428 2462
1966 2593
2409 2654
2302 2465
2125 2511
1968 2378
1940 2582
1965 2133
2551 2593
2381 2532
2121 2123
2190 2326
1912 2622
2477 2575
2502 2629
2276 2369
1912 2068
2347 2429
1985 2430
2606 2638
2268 2398
2103 2112
1916 2582
1970 2318
2088 2576
2037 2216
2165 2499
2300 2478
2216 2290
2239 2509
1948 2267
2320 2490
2220 2630
1946 2354
2275 2374
2074 2477
2091 2162
2344 2616
2299 2563
2033 2356
1912 2064
1942 2443
2138 2451
1947 2652
2139 2646
2209 2232
2279 2328
2074 2275
2211 2366
2266 2512
2045 2507
2093 2233
2052 2224
2386 2638
2334 2654
136 2171
2491 2629
2063 2271
2414 2586
1926 2031
1918 2299
2218 2275
1954 2471
2379 2566
1912 2556
2353 2386
1913 2531
2276 2606
2460 2601
2331 2602
2341 2412
2074 2591
2083 2324
2174 2209
2043 2261
2086 2348
2098 2602
2368 2399
1971 2563
1975 2335
2308 2556
2220 2334
1997 2093
2040 2646
2313 2422
2194 2199
2241 2617
1914 2284
1959 2007
1997 2543
1921 2648
2213 2549
2165 2324
1918 2172
2271 2354
1985 2324
2047 2580
2069 2348
2526 2607
2076 2650
2121 2549
2292 2617
2313 2439
1912 1991
1955 2463
1916 2498
2046 2591
1945 2111
2199 2332
2117 2232
2108 2600
1917 1979
2340 2407
1912 2155
2220 2573
2071 2465
2140 2428
1985 1997
2369 2552
2032 2594
2002 2029
1962 2590
2226 2368
2127 2292
2148 2338
2286 2440
2193 2335
2063 2339
2222 2328
2645 2648
2298 2425
2102 2327
2111 2333
2060 2077
2329 2602
1940 2436
2213 2604
2007 2461
2123 2520
2223 2582
58 1912
1997 2615
2546 2591
1998 2585
2492 2553
2127 2510
2165 2542
1972 2636
1912 2517
2028 2598
1920 2052
2323 2376
2296 2406
2064 2172
2093 2552
2131 2654
2037 2477
2188 2386
1954 2555
2315 2472
2196 2465
2182 2480
2064 2600
1926 2417
2031 2272
2132 2247
2043 2352
2056 2331
2199 2516
1947 2111
2098 2210
2064 2233
2122 2188
2364 2447
2062 2111
2253 2275
2560 2574
2139 2210
2165 2220
1989 2501
1946 2206
2213 2261
2054 2479
2326 2352
2294 2325
1912 2437
2112 2504
2344 2347
2331 2407
1962 2323
2384 2508
2020 2326
1931 2022
2184 2276
2104 2546
2339 2590
2418 2560
2109 2655
2306 2489
2237 2495
2109 2308
2136 2261
2274 2434
2194 2259
2319 2649
2383 2391
2271 2561
2032 2087
1979 2331
2104 2500
1999 2297
2172 2552
2140 2554
2395 2430
2410 2499
2221 2603
2112 2190
2072 2280
2408 2489
2128 2594
2313 2456
2101 2282
2148 2472
1914 1991
2184 2428
2218 2468
2468 2606
2109 2220
2141 2637
1947 2267
2121 2590
2132 2471
2288 2383
2172 2499
2188 2506
1966 2536
2133 2138
2642 2643
2199 2567
2125 2603
1912 2426
2046 2271
2336 2616
1971 1985
2206 2638
2055 2300
1997 2240
2026 2268
1984 2574
2020 2257
2176 2453
2011 2459
1577 2472
2101 2221
2026 2592
1983 2033
2131 2418
1984 2443
2123 2602
2009 2583
2302 2609
2307 2560
2059 2560
2278 2409
2308 2630
1929 2154
1577 2194
2586 2654
2391 2553
1940 2042
2329 2611
2198 2384
2164 2624
2399 2475
1994 2194
1946 2124
2179 2324
1964 2145
1923 2518
1983 2454
2133 2273
2300 2542
1951 2027
2073 2240
1966 2154
1938 2619
2111 2267
2028 2273
2146 2341
2306 2381
2109 2331
2275 2546
2475 2598
2500 2611
2308 2549
2110 2142
2247 2282
2275 2363
2046 2615
2533 2567
2506 2573
2123 2552
1951 1957
2408 2507
2191 2642
1912 2626
2104 2309
2502 2533
2336 2463
2001 2159
2040 2104
1962 2492
2180 2254
1946 2506
1918 2123
2348 2625
2091 2313
2110 2415
2081 2367
2109 2121
2059 2359
2266 2334
2062 2390
2323 2381
1966 2044
2056 2074
2056 2408
1951 2225
1943 2334
2309 2615
2086 2103
2081 2137
2139 2423
2140 2381
1948 2491
2232 2508
2539 2560
1940 2264
2278 2356
2037 2492
2040 2623
2073 2290
2117 2394
1940 2143
2338 2597
2142 2600
2339 2383
1983 2542
2128 2512
2069 2550
2461 2616
2039 2241
1912 2293
2409 2573
2290 2654
2037 2244
2022 2297
2374 2532
2056 2216
2078 2124
1962 2504
2097 2585
2127 2312
2096 2603
2112 2179
2573 2631
2037 2543
2244 2352
2128 2332
2542 2624
2356 2601
2184 2601
2108 2206
2553 2631
2071 2429
1918 2574
2004 2435
2117 2209
1929 2086
2396 2459
1947 2399
2193 2411
2068 2347
2019 2476
2025 2346
2381 2559
2272 2525
2126 2659
2428 2578
2417 2471
1918 2561
2307 2408
2199 2420
2032 2508
2161 2451
1955 2330
2485 2521
2189 2598
2143 2250
2392 2430
2102 2268
2263 2558
2124 2578
1959 2194
2279 2479
2144 2617
2351 2543
2246 2475
1989 2220
2133 2588
2108 2615
1912 2170
1946 2043
2266 2427
2150 2559
136 2398
1914 1973
2073 2615
2428 2575
2112 2308
2005 2188
2124 2308
2081 2087
1914 1919
2037 2352
2154 2467
2092 2526
2418 2477
2172 2339
1951 2004
2043 2550
1946 2543
2143 2365
2007 2254
2005 2407
2206 2257
2275 2433
2135 2292
2261 2485
2381 2428
2094 2487
2124 2408
2268 2649
1955 2189
2046 2631
2522 2567
2085 2296
2172 2553
1943 1986
1985 2339
2077 2601
2484 2546
2200 2575
2069 2520
2165 2278
2053 2302
2223 2519
1938 2121
2075 2511
2053 2332
1943 2520
2271 2623
2086 2602
2064 2150
2353 2464
2555 2597
2184 2340
2233 2546
2184 2586
2032 2294
1993 2564
2276 2654
2115 2552
2150 2536
2290 2468
2007 2196
2202 2378
2133 2598
2233 2631
1912 2459
2323 2423
2423 2654
2289 2629
2064 2218
2118 2630
2123 2142
2078 2347
136 2629
2319 2420
2083 2478
1964 2138
2059 2233
2332 2351
2320 2622
2266 2560
2088 2464
2508 2537
2011 2447
1947 2101
1465 2081
2170 2444
2334 2543
2149 2588
2183 2332
2272 2540
1959 2274
2394 2571
2218 2574
2300 2404
2300 2593
1718 2198
1959 2133
2471 2594
1989 2611
2088 2229
1921 2378
2348 2354
1929 2329
1972 2159
2108 2546
2329 2625
1912 2492
2045 2216
2345 2635
2229 2430
2089 2488
2028 2039
1945 2224
2328 2649
2369 2638
2095 2646
2157 2640
2218 2560
1941 2561
2077 2347
2344 2555
2128 2598
2339 2560
1917 2429
2074 2088
2007 2117
1979 2407
2019 2058
2495 2619
2139 2593
2212 2611
1926 1954
2040 2485
2240 2391
2118 2504
2524 2611
2121 2354
2073 2212
2551 2607
2043 2121
2273 2649
2504 2520
1984 1993
2043 2564
2323 2504
1993 2354
2038 2187
1938 2428
2029 2328
2086 2469
2202 2657
2087 2338
2270 2318
2109 2560
2543 2573
2150 2353
2346 2633
2392 2564
2606 2624
2064 2575
2336 2436
2088 2404
2464 2504
2372 2471
1912 1943
2103 2410
2501 2617
2115 2334
2229 2602
2229 2542
2315 2347
2063 2467
2485 2591
1984 2184
1939 2511
2053 2180
2247 2518
2234 2303
2370 2464
2075 2111
2206 2624
2350 2545
1465 2598
2339 2433
2153 2511
1577 2394
2074 2499
2276 2590
2418 2428
2020 2520
2407 2507
2159 2640
2313 2411
2098 2551
1917 2086
2109 2266
1912 2553
2469 2550
2303 2387
1962 2646
2146 2488
2184 2507
1938 1943
2090 2607
2149 2543
1986 2506
1577 2533
2229 2300
2047 2474
2552 2615
2005 2352
2240 2467
1927 2027
1915 2251
2243 2396
1984 2593
2052 2087
2213 2308
2058 2607
2005 2638
2005 2551
2374 2607
2064 2423
1964 2517
2008 2114
1989 2414
2289 2642
2250 2555
2109 2395
1990 2335
2095 2276
1915 2587
2374 2467
2601 2624
2045 2549
1964 2292
2364 2585
2283 2327
2246 2384
2053 2372
2095 2549
2165 2600
2340 2354
2164 2464
2220 2579
2136 2467
1958 2494
1577 2471
2131 2410
2420 2468
2046 2212
2137 2592
2511 2598
2591 2602
2030 2560
2039 2445
1928 2620
2351 2510
1945 2582
1577 2333
2224 2475
2394 2479
2366 2566
1983 2460
2477 2646
1917 2121
2102 2198
1914 2022
1718 2394
2123 2495
2031 2242
2551 2600
1912 2238
2218 2623
2151 2368
1962 2299
2007 2053
2206 2354
1718 2241
2093 2418
2184 2602
2035 2440
1718 1945
2302 2491
2194 2347
2471 2533
2240 2489
2104 2352
2121 2306
2139 2492
2336 2445
2199 2511
2077 2638
2201 2655
2057 2068
2299 2638
2395 2579
2188 2376
2354 2554
2268 2516
1929 2083
2283 2567
2332 2434
2343 2498
1965 2361
2127 2588
1912 2284
2133 2151
2090 2244
2017 2565
2098 2520
1916 1954
1923 2328
2233 2550
2047 2125
2074 2299
2196 2491
2500 2590
2170 2466
1577 2338
2218 2374
1921 2533
2149 2582
2526 2564
2143 2273
2356 2469
2552 2619
1934 2373
2328 2420
2112 2559
1917 2300
2539 2546
2551 2564
2139 2615
1465 2285
1994 2315
2491 2635
1962 2381
2067 2507
2137 2384
2207 2526
2290 2615
2109 2309
2045 2103
2088 2139
2253 2430
2491 2643
2510 2594
2240 2430
2336 2537
2308 2607
2043 2467
2054 2512
2077 2619
2028 2138
2172 2218
2047 2111
2551 2553
2042 2194
2328 2461
2601 2607
1951 2640
2257 2554
1961 2535
1954 2629
2074 2414
2201 2590
2206 2504
2045 2074
2327 2434
2128 2304
1912 2379
2083 2615
2555 2599
2274 2384
2344 2468
2237 2526
2234 2311
2083 2613
1971 2090
2268 2378
2348 2539
2369 2374
2309 2492
2200 2646
2539 2549
2055 2469
2154 2326
2143 2302
2554 2655
2039 2279
2468 2601
2006 2447
2049 2082
2188 2395
2509 2547
2372 2461
2271 2446
1995 2171
1938 2218
1912 1957
2327 2533
2283 2394
2354 2542
2271 2324
2237 2607
2121 2190
2573 2579
2112 2576
1917 2551
2261 2369
2030 2121
2174 2581
2148 2180
2155 2641
2356 2489
1912 2321
2326 2410
2290 2309
2121 2607
2110 2434
2010 2183
2026 2436
2181 2440
2172 2216
1918 2059
1973 2620
2231 2411
1951 2097
2172 2352
2588 2598
2371 2448
2047 2215
2210 2543
2353 2551
2276 2550
2055 2142
2069 2630
2201 2376
1983 2040
2002 2187
2218 2602
2190 2376
2240 2340
2600 2607
2558 2614
2392 2646
2229 2409
2093 2307
2123 2625
2150 2414
2169 2384
1962 2104
1918 1929
1963 2601
2002 2268
2020 2467
1926 2319
2049 2628
1938 2266
2206 2654
2201 2433
2409 2553
1912 2338
1984 2275
2240 2520
2020 2083
1939 2199
2032 2246
2098 2123
2005 2088
2299 2499
2135 2509
2043 2369
2549 2574
2149 2325
2108 2109
2102 2436
2344 2592
2573 2638
1941 2598
1925 2506
1915 2412
2180 2516
1938 2206
2239 2543
2257 2578
2224 2543
1999 2012
2090 2410
1984 2356
1929 2275
2374 2591
2058 2383
2324 2359
2198 2598
1577 2344
2169 2289
2191 2465
2073 2278
2414 2433
2199 2351
2461 2608
2054 2384
1917 2088
1916 2294
1948 2283
2088 2290
1941 2630
2151 2543
2078 2542
2409 2615
2356 2433
1920 2007
2404 2615
2028 2465
2253 2586
2206 2464
2069 2233
2270 2557
1912 1948
1953 2188
2604 2638
1945 2594
2159 2657
2390 2509
1993 2331
2142 2499
2033 2407
1985 2520
2148 2332
2149 2649
2111 2629
2109 2631
2319 2463
2005 2340
2087 2420
2137 2333
2033 2410
2339 2404
2414 2602
2141 2272
2105 2120
2038 2608
2340 2469
2334 2615
2363 2404
2123 2543
2501 2652
2030 2090
2020 2188
1973 2648
1943 2356
1985 2189
2090 2172
2053 2543
2477 2521
2436 2649
1921 2633
2605 2649
2123 2624
1925 2619
2043 2625
2172 2200
2213 2484
2108 2625
1920 2144
2348 2495
2347 2423
1964 2232
1920 2315
2550 2573
1966 2579
1577 1916
2112 2356
2161 2390
2005 2104
2340 2429
2121 2266
1977 2256
2507 2600
2176 2543
2117 2582
2278 2564
1966 2084
2203 2246
2142 2240
2348 2423
2560 2615
2111 2117
1921 2639
2224 2629
2408 2646
1945 2617
1985 2266
2135 2333
2010 2343
1912 2496
2602 2624
2164 2423
2323 2331
2037 2500
2020 2542
1993 2077
2200 2602
1932 2047
2148 2282
1986 2093
2103 2154
2200 2430
2370 2593
1942 2584
2007 2203
2462 2611
2434 2501
1917 2499
2172 2602
2029 2344
2063 2150
2064 2142
1932 2589
2257 2575
2484 2602
2428 2430
2001 2657
2229 2625
2410 2576
2098 2575
2189 2417
2068 2176
2068 2127
2087 2333
2221 2511
2083 2090
2045 2121
2111 2250
1912 2611
2428 2468
2005 2299
1955 2117
1968 2657
1944 2182
2143 2149
2260 2397
2102 2143
2537 2603
1957 2284
2117 2315
1952 2226
2399 2461
2254 2398
2138 2510
2038 2319
1972 2364
2049 2411
2081 2338
2231 2488
2408 2552
2282 2432
2339 2579
2069 2492
1932 2087
1953 2088
1917 2408
2354 2408
2521 2550
2042 2223
2383 2546
2056 2615
2116 2389
2033 2549
2216 2386
2040 2586
2072 2568
2199 2223
2102 2246
2485 2549
2142 2381
2500 2553
2323 2625
2327 2333
2213 2266
2052 2068
2240 2476
2183 2468
2312 2616
2126 2628
2131 2271
2363 2414
2003 2652
1954 2475
2564 2573
2007 2032
2329 2339
2233 2334
2057 2268
2525 2637
2108 2414
2458 2589
2148 2295
2348 2468
2180 2351
2123 2430
2586 2607
2247 2597
2199 2283
2516 2519
1944 2610
1993 2233
1954 2072
2419 2641
2550 2625
2475 2509
1947 2396
2054 2203
2090 2600
2005 2069
1912 1917
2407 2646
2499 2578
2088 2352
2090 2499
2299 2374
2323 2546
2326 2363
2347 2510
1984 2542
1978 2403
2075 2652
2324 2655
2155 2247
1993 2266
2576 2630
2551 2552
1913 2127
2300 2604
2070 2156
2172 2430
2084 2164
2574 2607
2007 2289
2203 2241
2250 2413
1962 2309
2056 2395
1980 2640
2331 2654
2131 2190
2078 2188
2090 2140
2174 2264
2033 2578
2210 2233
1946 2271
2078 2278
2032 2555
1912 1929
2107 2656
2020 2462
2233 2290
2150 2504
2359 2542
2376 2551
2143 2592
2063 2216
2324 2482
1941 2429
1983 2489
1945 2635
2220 2484
1926 2189
2255 2466
1971 2532
2484 2532
2140 2290
2323 2631
2276 2593
2329 2574
2155 2270
2347 2646
2078 2142
2282 2475
2275 2467
2135 2512
2032 2417
2233 2489
2059 2381
1912 1964
2351 2643
2104 2485
2054 2096
2240 2276
2285 2629
2181 2587
2520 2575
1951 1995
2032 2138
2559 2638
1938 2122
2131 2547
2125 2163
2043 2363
2376 2624
1950 2626
2124 2233
2080 2656
2026 2176
1990 2397
2190 2586
2423 2586
2408 2500
2142 2484
2026 2598
2033 2551
2147 2376
2220 2261
2229 2573
2112 2229
2007 2547
2023 2035
2042 2183
1577 2215
2338 2643
2427 2449
1932 2183
2003 2453
1971 2021
2423 2495
2199 2347
2133 2279
1962 2607
2060 2331
2022 2050
2142 2464
2045 2433
2294 2629
1993 2118
2018 2027
2374 2630
2199 2282
2329 2586
1941 1959
2059 2088
1941 2244
2127 2333
2081 2461
2050 2435
2247 2434
1926 2589
2241 2599
2261 2551
2602 2631
2585 2657
1949 2126
1962 2350
1945 2283
1943 2074
1959 2047
2033 2229
2115 2359
2574 2630
1953 2526
1971 2374
1970 2081
2194 2475
2293 2384
2498 2588
1718 1926
2081 2215
2087 2196
2150 2179
1982 2222
2064 2326
2025 2659
2240 2409
2299 2414
2507 2560
2086 2261
2045 2348
2309 2564
2155 2289
2030 2356
2526 2604
2550 2578
2210 2573
2090 2615
2165 2276
2064 2613
1988 2259
2258 2611
2127 2555
2184 2386
1912 2266
2200 2326
2307 2329
2408 2550
2191 2347
2135 2372
2593 2604
2200 2630
1964 2366
1929 2244
2436 2475
1938 2607
2374 2590
2072 2438
1985 2184
2306 2546
2039 2134
2196 2643
2188 2300
2229 2428
2194 2461
1985 2216
1997 2206
2068 2191
2121 2542
1972 2659
2032 2196
2323 2326
1953 2354
2298 2480
1946 2606
2187 2417
2218 2593
2064 2354
1925 2109
2600 2619
1987 2057
2083 2172
2047 2328
2125 2149
2212 2563
2161 2344
2030 2073
1985 2326
2082 2412
1912 2362
2033 2083
2016 2364
2042 2054
2334 2369
2173 2260
1943 2625
2408 2602
2043 2104
2077 2190
2064 2395
2077 2334
1577 2372
1946 2290
2039 2597
2314 2540
2064 2266
2088 2271
2210 2369
2180 2183
2218 2469
2334 2339
2149 2372
2187 2461
1912 2606
2150 2386
1962 2271
2243 2282
2103 2244
2118 2606
136 2001
2063 2593
2589 2598
2102 2241
2083 2218
1959 2394
2348 2376
2374 2549
2348 2619
1577 2436
2093 2326
2184 2520
2518 2611
1970 2222
2229 2476
2118 2477
1979 2506
2429 2526
2464 2564
2120 2126
2326 2552
2060 2075
2081 2180
2210 2216
2257 2423
2073 2334
2326 2359
2156 2341
2460 2482
2334 2391
2103 2370
1964 2236
2142 2306
2347 2590
1931 1954
1987 2510
2020 2108
2110 2132
2110 2327
1966 2073
2124 2560
1985 2549
2030 2104
1986 2300
2069 2123
1962 2046
2266 2288
2234 2499
2033 2484
1998 2116
2093 2352
1985 2069
2229 2386
2334 2386
2118 2482
2410 2492
2520 2619
2212 2429
2112 2216
1971 2623
2464 2604
2275 2590
2352 2469
2338 2508
1917 2261
2244 2469
2243 2415
1962 2043
2247 2267
2100 2113
2045 2084
2428 2600
2327 2398
1941 2071
2477 2619
2154 2339
2253 2520
2159 2364
1919 1999
1947 2221
2150 2369
2243 2327
2563 2602
1913 2582
2637 2642
2025 2159
1991 2284
2446 2607
2064 2559
2119 2313
2184 2189
2112 2340
2081 2643
2131 2520
2088 2121
1929 2118
2188 2278
2435 2583
1920 1940
2059 2446
1981 2161
2482 2578
2140 2574
2102 2223
2047 2643
2103 2573
2223 2332
1948 2629
2384 2394
1962 2190
1918 2546
2323 2593
1946 2058
2183 2649
2059 2600
1983 2482
2040 2409
2589 2653
2112 2564
2122 2428
2095 2359
2340 2593
2087 2653
2026 2196
1966 2427
2039 2417
2033 2123
1979 2433
2139 2520
1912 2416
2133 2187
2242 2605
2240 2500
2172 2561
2309 2404
1953 2559
2095 2213
1926 2241
2250 2473
2045 2244
2090 2201
1980 2001
1926 1955
1941 2257
2043 2139
2088 2604
1984 2623
2038 2185
2042 2372
2102 2400
2232 2417
2339 2359
2142 2404
2271 2615
2059 2098
1984 1989
2144 2609
2002 2516
2179 2376
2088 2257
2161 2267
2223 2463
2193 2397
1973 1976
2533 2597
1981 2617
2090 2551
2331 2504
2132 2274
1983 1993
1959 2597
2149 2330
2132 2304
2043 2395
2103 2464
1916 2028
2141 2211
1993 2124
2039 2588
2331 2546
2299 2546
2072 2436
2028 2241
2212 2492
2095 2376
2144 2189
2002 2239
1912 2520
2324 2520
2090 2591
1944 2117
2554 2560
2103 2586
2118 2623
2273 2509
2074 2240
1943 2507
1931 2659
1917 2410
2384 2567
2190 2526
2361 2373
2133 2582
2251 2644
2404 2601
1980 1999
2128 2183
1953 2043
2133 2333
1951 1999
1983 2611
2220 2324
1986 2600
2085 2107
1943 2576
1989 1993
2062 2137
2206 2408
2463 2498
2424 2644
2443 2527
2142 2561
1966 2581
2070 2091
2266 2454
1973 2268
2261 2370
1989 2499
2464 2485
2229 2575
2173 2540
1941 2567
2139 2184
2042 2302
1941 2550
2202 2626
2294 2333
2071 2223
1912 2563
2307 2655
1917 2601
2369 2543
2349 2622
2059 2139
2449 2454
2172 2261
1971 2179
2247 2471
2499 2550
1993 2348
2072 2169
2355 2389
2164 2551
2340 2654
1912 2352
2468 2469
2233 2604
2059 2179
2171 2658
2005 2063
2140 2347
2174 2436
2098 2290
2183 2282
1925 2150
2299 2352
2347 2348
1971 2037
2127 2279
2306 2430
2275 2369
1912 2641
2354 2460
2563 2619
2309 2559
1957 2626
2359 2590
2268 2645
2024 2284
1926 2510
1925 2611
1927 2657
2030 2604
2585 2658
1912 2586
1925 1979
2213 2553
1962 2369
1966 2564
1718 2068
2315 2451
2511 2652
2056 2140
2060 2309
2331 2611
2031 2047
2298 2582
1997 2363
2139 2253
2076 2320
2064 2115
2199 2617
2201 2484
2302 2510
1918 2271
2620 2657
2377 2479
2019 2067
2059 2356
2392 2500
2057 2215
2257 2492
2387 2454
2149 2174
2090 2118
2266 2278
2257 2576
1958 2583
2138 2232
2275 2469
2176 2289
2512 2598
2159 2171
2007 2239
2054 2133
2602 2646
1465 2128
1577 1947
2327 2652
2489 2563
2574 2590
1932 2368
1971 2556
2328 2445
1912 1983
2045 2140
2306 2526
2127 2582
1973 2538
2108 2590
2108 2500
2024 2365
2549 2630
1938 2123
1577 2199
2154 2542
2208 2384
2095 2140
2436 2616
1946 2098
2331 2446
2103 2606
1926 2406
2188 2624
2207 2622
1920 2282
2005 2329
2246 2419
2010 2203
1983 2147
2196 2268
2101 2384
2104 2257
2188 2253
2103 2136
2381 2462
2140 2164
2408 2468
2278 2615
2161 2384
2026 2516
2233 2468
2376 2504
1942 2303
1985 2631
2220 2556
2486 2490
2071 2344
2131 2542
2232 2384
2077 2123
2095 2464
2292 2643
2033 2309
1465 2333
136 2589
2060 2446
2411 2474
2520 2638
2220 2520
2020 2271
2161 2522
2229 2482
2032 2134
1938 2088
2104 2573
2414 2550
2188 2354
2068 2379
1962 2352
2143 2627
2553 2604
2071 2081
1941 2475
1995 2050
2308 2654
1989 2573
1912 2390
2138 2347
1953 2136
1718 2224
2299 2433
2131 2464
2067 2602
2208 2530
1954 2368
2033 2218
2339 2395
2234 2410
1465 2028
2045 2409
2200 2414
1985 2271
2333 2399
1948 2054
2147 2266
2103 2326
2586 2638
2559 2578
2302 2463
2052 2328
2054 2642
1986 2536
2111 2384
1718 2333
1940 2292
2376 2468
2150 2578
2523 2612
2234 2391
2100 2558
1932 2180
2604 2607
2640 2660
2052 2592
2346 2583
2387 2460
1943 2172
2047 2333
1983 2590
2048 2150
2149 2471
2344 2588
2078 2520
2410 2591
1953 1993
1994 2143
2053 2598
1964 2322
1943 2556
1959 2199
2409 2593
2032 2283
2471 2473
2343 2588
2223 2635
2359 2578
2155 2310
2056 2506
2428 2495
2053 2279
2372 2594
1955 2161
2016 2024
2166 2289
1971 2078
2494 2647
2161 2264
2075 2110
2271 2559
2352 2504
2278 2600
2188 2564
2407 2607
2283 2319
2266 2506
2105 2126
1945 2081
2102 2302
2109 2551
2155 2610
2020 2354
2153 2191
2290 2630
2244 2561
2062 2537
2171 2627
2510 2522
2038 2254
2074 2410
2282 2465
2046 2578
2115 2350
2064 2253
2071 2372
2123 2477
2218 2492
2068 2567
2165 2266
2104 2409
2370 2395
1948 2344
2289 2398
2124 2131
2028 2224
2239 2336
2275 2347
1930 2313
2500 2574
2211 2322
2229 2506
2201 2409
2083 2550
2259 2594
1931 2620
2561 2630
2125 2475
2430 2561
2165 2611
2189 2653
2078 2086
2264 2472
2123 2261
2334 2625
2153 2283
2121 2604
2240 2464
2282 2472
2306 2520
2055 2060
2111 2396
2149 2555
2030 2253
1465 2065
1917 2550
1953 2543
2315 2384
2243 2438
2104 2376
1985 2104
2279 2436
2007 2249
2271 2418
2142 2550
2254 2336
2074 2142
1926 2026
1940 2117
1946 2408
1962 2624
2417 2594
2153 2327
2102 2343
2190 2266
2539 2655
2133 2310
2140 2200
2084 2601
2309 2430
2216 2604
2361 2628
2311 2489
2118 2220
2229 2604
2104 2136
2093 2240
1923 2416
1936 2503
1946 2347
2334 2489
2093 2428
1931 2011
2179 2309
2098 2340
2367 2406
2112 2324
2072 2617
2121 2309
2250 2294
2033 2638
2514 2588
2118 2123
2033 2546
1718 2617
2140 2308
1938 2369
2074 2271
1979 2376
1912 2589
1985 2334
2115 2619
2010 2588
1970 2002
2348 2624
1964 2453
2482 2646
2046 2188
2057 2302
2144 2148
1993 2369
2246 2463
2074 2539
2078 2526
428 563
1916 2519
1955 2071
2482 2607
2174 2508
2121 2408
1912 2297
2206 2591
2374 2468
2183 2597
136 2032
2043 2233
2415 2617
2276 2536
1943 2526
2293 2510
2333 2608
2430 2482
2082 2440
2131 2624
2183 2384
1912 2128
2194 2325
1986 2104
2460 2520
1972 2012
2111 2289
2111 2511
2054 2246
2150 2469
2026 2594
2007 2138
2095 2551
2029 2313
2040 2098
2300 2619
2012 2018
1963 2108
2117 2567
2446 2601
2122 2460
1938 2579
2043 2340
1912 2101
2127 2498
1979 2521
2112 2551
2233 2615
1941 2619
2552 2564
2118 2579
2138 2511
2005 2564
2404 2549
1914 2585
2594 2617
2033 2630
2299 2625
1920 2512
2127 2196
2058 2139
1964 2282
1997 2464
1966 2206
1979 2098
2235 2327
2054 2511
2564 2654
2313 2488
2007 2511
2001 2012
1962 2124
2131 2184
2139 2229
2047 2148
1963 2154
2237 2340
2081 2420
2131 2532
2464 2611
1962 2206
2090 2446
2556 2630
2009 2447
2124 2561
1991 2636
1983 2356
2521 2624
2125 2368
1971 2095
2419 2434
2093 2604
1946 2326
2337 2447
2585 2620
2123 2237
1978 2286
2056 2150
2418 2602
2035 2228
1989 2460
2007 2491
2598 2649
2229 2334
1577 2544
1985 2484
2047 2592
1577 2328
1718 2007
1929 2020
1985 2139
2229 2646
2125 2555
2520 2586
2563 2601
1985 2376
2604 2630
2384 2551
2323 2374
2059 2083
2161 2327
2045 2299
2451 2512
2372 2445
2225 2284
2218 2579
1577 2491
2536 2574
1999 2337
2059 2095
2331 2630
1955 2072
2074 2370
2194 2555
1984 2604
1962 2122
1964 2488
2210 2560
2348 2506
2494 2639
2396 2594
2315 2351
2121 2492
2220 2500
2087 2608
2220 2433
2306 2428
2064 2212
2073 2492
2125 2169
2045 2559
2179 2613
2057 2087
2482 2542
2229 2306
2340 2348
2019 2526
2302 2429
1953 2190
1938 2271
2236 2360
2333 2653
2088 2607
2059 2300
1943 2350
2112 2526
1993 2300
1918 2526
2138 2463
2133 2189
2107 2497
1997 2086
2266 2539
1920 2102
2647 2659
1914 2171
2170 2207
1941 2264
2203 2400
2404 2638
2050 2365
2348 2578
2194 2472
2221 2501
2078 2164
2459 2620
1939 2598
2228 2448
2023 2317
1912 2593
1995 2538
2551 2554
1935 2364
2142 2428
2040 2165
1957 2378
2244 2602
2419 2616
2212 2408
2023 2371
2039 2232
2319 2347
2038 2458
1946 2073
2353 2561
2047 2461
2567 2597
2189 2303
2602 2606
2072 2471
2323 2601
1918 2201
2046 2334
1994 2351
2356 2386
2320 2515
1465 2169
2013 2297
2130 2397
2032 2533
1998 2538
2068 2649
2060 2112
2329 2623
1986 2499
2043 2482
2324 2409
2088 2123
2449 2602
2111 2189
2142 2184
2372 2643
2132 2394
2201 2206
2244 2354
2028 2461
1989 2404
1947 2537
2336 2589
2001 2027
2240 2573
2344 2479
1912 2295
2345 2461
2064 2069
2321 2341
2150 2573
2150 2482
2504 2578
1964 2514
2509 2597
2344 2594
2237 2521
2064 2376
1912 2135
2507 2546
2047 2572
1954 2009
1997 2604
2504 2546
2381 2561
1917 2553
2306 2542
2337 2645
2169 2502
2098 2506
1966 2655
2039 2555
2037 2507
2183 2555
1938 2573
2216 2423
2028 2133
2024 2658
1946 2323
2112 2418
2190 2600
1938 2553
2072 2347
2308 2500
136 2102
2028 2042
2143 2315
2028 2052
2216 2625
2399 2458
2235 2432
2236 2440
1917 2340
1917 2407
2253 2624
2154 2655
2220 2354
2223 2491
2090 2520
2072 2463
1941 2039
2504 2561
2438 2617
2215 2572
2104 2386
2139 2307
1932 2111
2002 2304
2007 2039
2336 2420
1938 2376
2153 2555
2020 2521
2118 2237
2069 2443
2060 2619
2074 2118
2142 2190
136 2117
2266 2356
2139 2551
2007 2417
2393 2526
2131 2478
2118 2549
2243 2267
2134 2417
2532 2552
2063 2122
2047 2180
2340 2506
1976 2583
2627 2640
2198 2279
2370 2386
2089 2313
2130 2313
2121 2381
2090 2423
2266 2443
2299 2506
2446 2611
2296 2425
2278 2339
2054 2501
2575 2601
2482 2550
2154 2418
2144 2510
1991 2097
2488 2628
1931 1980
2543 2551
2169 2194
2253 2306
1926 2279
2090 2386
2258 2478
2268 2582
2109 2124
1971 2492
1577 2398
2031 2270
2056 2326
2507 2551
1957 1995
1985 2278
2454 2542
2324 2593
2326 2504
2139 2590
2056 2212
2190 2646
2306 2326
2327 2372
2492 2574
2123 2429
2228 2371
2218 2607
2276 2604
2234 2404
2132 2390
2180 2268
2108 2275
2190 2615
2124 2307
1916 2471
2063 2213
2202 2364
2273 2512
2063 2601
1942 2631
2395 2507
1951 2447
2343 2509
2501 2649
1932 2151
2347 2369
2200 2376
2289 2616
2428 2655
2231 2448
2229 2551
1955 2081
2156 2424
2139 2334
1993 2324
1947 2461
2324 2484
2285 2338
2124 2532
2212 2428
2203 2533
1983 2354
2093 2429
2475 2582
2352 2381
2451 2594
2537 2589
2542 2590
2101 2415
2356 2543
2043 2334
2482 2504
2117 2419
2532 2600
2007 2414
2500 2532
2392 2601
1465 2282
1980 2011
2043 2237
2353 2630
2176 2209
2058 2573
2031 2327
2090 2104
1949 2236
2053 2199
2090 2539
2077 2464
2536 2553
2144 2463
2123 2139
1989 2543
2149 2328
2124 2154
2187 2241
2142 2266
1926 2036
2324 2552
2212 2339
2111 2163
1947 2151
1912 2408
1978 2173
1957 2435
1985 2556
2033 2074
2097 2171
1916 2102
1926 2205
2020 2500
2275 2409
1966 2326
1993 2464
2001 2640
2363 2467
2023 2341
1962 2078
2124 2271
2117 2241
2241 2377
2462 2551
2109 2165
2020 2492
2363 2407
2135 2239
1971 2124
1963 2190
2213 2563
2149 2283
2046 2500
1980 2159
2134 2196
2419 2525
2139 2356
2143 2377
2198 2319
1943 2218
1984 2307
2089 2402
2542 2574
2179 2216
2093 2539
2051 2632
1941 1994
1979 2404
2361 2371
2546 2654
2309 2369
2055 2410
1960 2371
1963 1971
2370 2526
2462 2464
2124 2478
2131 2468
2323 2619
2112 2446
1985 2131
2059 2414
2257 2323
2257 2326
2102 2531
2364 2659
2148 2533
1966 2308
2056 2323
2199 2319
1918 2386
1921 2022
2091 2659
2223 2510
1962 2213
1929 1938
2052 2498
2054 2608
2398 2594
2220 2369
2546 2563
2093 2323
1920 2215
2000 2157
1992 2207
2002 2588
2200 2600
2165 2410
2210 2464
1983 2495
2125 2649
2087 2555
2392 2507
2007 2223
2069 2593
2244 2591
1994 2420
2058 2104
2150 2467
2200 2386
2030 2112
2049 2497
2109 2625
2356 2376
2139 2188
2148 2530
2190 2549
2139 2329
1950 1980
1465 2180
2089 2440
1979 1983
1923 2610
1577 2149
1966 2150
1940 2588
2072 2479
2392 2593
2117 2475
2067 2429
2006 2159
2299 2359
2331 2386
1984 2407
2461 2463
2489 2492
1968 1999
2235 2461
2261 2271
2229 2348
2521 2593
1973 2159
2630 2655
2020 2464
2201 2323
2486 2622
1912 2436
2607 2625
2225 2640
2101 2394
1912 2153
1946 2165
2059 2363
2042 2191
2028 2135
1941 2607
2164 2484
2102 2555
2222 2652
2083 2122
2143 2153
2136 2532
1960 2313
2261 2578
2509 2603
2085 2186
2124 2423
1938 2549
2268 2364
1577 2053
2064 2188
1912 2329
2183 2458
136 2649
1983 2573
2140 2229
2109 2233
2008 2126
1953 2323
2213 2233
2030 2115
2112 2560
2276 2290
2068 2143
2073 2404
1912 2594
1993 2593
2324 2600
2109 2112
2154 2363
2600 2638
2043 2611
2044 2309
2369 2615
1938 2446
2172 2554
2040 2093
2073 2309
2019 2478
2307 2590
1971 2404
2118 2212
2055 2188
2098 2404
2241 2509
2445 2510
2169 2608
2020 2504
2121 2409
2381 2521
1948 2319
2203 2597
2069 2266
2223 2289
2492 2615
1912 2371
1998 2627
2271 2579
1985 2499
2283 2472
1923 2211
2174 2246
2289 2425
2511 2649
2212 2374
1912 2439
2224 2273
2135 2597
2187 2285
2377 2519
2059 2331
1943 2590
1958 2639
2208 2324
2184 2623
2175 2642
2108 2611
1912 2104
2133 2322
2019 2393
1941 2065
2257 2410
2617 2653
2336 2502
2128 2463
2299 2477
2090 2108
2115 2559
1926 2161
2026 2125
2149 2516
2261 2408
2150 2579
1962 2331
2290 2578
2138 2653
2356 2593
1465 2191
2516 2598
1927 2378
2220 2549
2472 2599
2045 2615
2324 2331
2436 2629
2153 2608
1577 2510
2075 2243
2370 2542
2542 2600
136 2598
2037 2393
2282 2451
2046 2356
1947 2294
2615 2624
2414 2563
2088 2354
1993 2104
2093 2542
2410 2428
2032 2232
2176 2406
2283 2594
2045 2309
2352 2485
2038 2616
2098 2347
2294 2617
2319 2592
2005 2526
1917 2043
1917 2093
2196 2241
2072 2327
1912 2240
2143 2241
2078 2414
2190 2409
2338 2617
2268 2597
2059 2353
2116 2337
2189 2241
2104 2369
2054 2247
2271 2554
2111 2642
2275 2381
2024 2645
2161 2282
2153 2351
2139 2553
1989 2299
1985 2550
2546 2602
2151 2419
1979 2122
2117 2533
2462 2482
2278 2363
2261 2638
2292 2463
2275 2611
2386 2500
2295 2649
2329 2559
2300 2482
2047 2511
2128 2643
2469 2615
2460 2564
2190 2542
2548 2558
2369 2575
2088 2554
2077 2233
1912 2452
2098 2140
1912 2092
2108 2469
2045 2086
2064 2179
2098 2233
2026 2333
2213 2630
2149 2151
2030 2164
2448 2562
2472 2642
1983 2142
2207 2320
2117 2317
2275 2484
2559 2655
2395 2625
2045 2142
1912 1949
2511 2608
2368 2597
2199 2325
2384 2400
2052 2642
2310 2525
2351 2649
2229 2323
2213 2559
2549 2615
2068 2198
2140 2370
2078 2331
2053 2592
1971 2086
1984 2040
2218 2563
1997 2190
1918 2218
2018 2022
1925 2278
2165 2591
2149 2336
1943 2115
2022 2660
2117 2347
1923 2637
2154 2482
1962 2404
2293 2398
2081 2463
2335 2403
2220 2507
2384 2479
2506 2543
2519 2598
2069 2307
1971 2123
2059 2619
2101 2608
2081 2419
1577 2241
2151 2247
2128 2338
2533 2582
1939 2509
1979 2064
2460 2586
2069 2190
2062 2283
2190 2323
1941 2334
1941 2306
2135 2502
1994 2282
1945 2347
2007 2420
2579 2611
2240 2507
1912 2503
2409 2520
1986 2123
2040 2526
2111 2498
136 2635
2053 2398
2582 2643
2425 2610
2430 2593
1912 2045
1998 2571
2309 2507
2192 2459
1923 2525
2429 2563
2074 2172
2005 2059
1946 2040
2292 2472
2069 2542
2399 2649
2073 2088
1945 2571
1577 1920
2181 2656
2102 2642
1952 2003
1959 2537
2527 2595
2261 2543
1945 2377
1986 2348
2044 2520
2122 2646
2083 2469
2231 2474
1929 2408
1951 2364
2117 2544
1917 2526
1943 2326
1958 2097
2120 2577
2220 2586
1985 2021
2311 2326
2046 2590
2059 2489
2564 2593
1983 2561
1928 2268
2543 2609
2356 2418
1988 2401
2458 2491
2183 2508
2334 2449
2268 2594
2344 2637
2040 2615
1993 2485
2225 2627
2121 2184
2007 2191
2039 2512
2102 2533
2271 2300
2121 2560
1938 2464
2054 2068
2279 2351
1941 2247
2275 2386
2088 2654
2336 2461
2340 2414
1966 2037
1930 1975
2081 2149
1912 2158
1946 2464
2032 2419
2103 2131
1964 2133
2109 2611
2111 2336
1976 2001
2136 2418
2188 2554
2218 2410
2176 2322
2478 2507
2134 2333
2201 2500
2150 2520
2043 2326
2005 2090
1955 2461
2253 2408
2140 2190
1941 2275
2055 2059
2084 2407
2199 2555
2084 2550
2142 2469
2233 2586
2060 2154
2137 2629
2132 2377
2133 2242
2004 2626
1918 2504
2328 2427
2007 2646
2433 2546
2495 2602
2538 2633
2188 2329
2073 2112
2581 2610
1917 2578
2060 2572
2059 2423
2334 2561
2134 2347
2073 2348
2084 2188
2131 2348
2417 2537
2064 2206
2086 2090
2268 2502
2416 2557
1912 2223
2133 2419
1917 2539
1989 2123
1932 2398
1983 2410
2386 2428
2077 2446
2240 2553
2107 2260
2555 2609
1577 2180
2053 2101
1957 2116
1919 1927
2381 2586
2171 2648
2537 2567
2172 2395
1912 2312
2193 2497
2550 2624
2052 2054
2108 2410
2189 2589
2203 2471
2140 2244
2323 2363
2137 2502
1577 1959
2143 2343
2104 2347
2404 2564
2210 2410
2199 2396
2266 2339
1930 2411
1931 1968
2319 2616
2473 2594
2053 2226
2434 2479
1941 2271
2074 2237
1985 2524
2109 2556
2299 2604
2047 2081
2056 2233
2353 2593
2130 2659
2333 2511
2089 2614
2331 2623
2122 2136
2176 2292
2179 2546
2355 2529
2090 2329
2187 2377
2354 2579
2081 2588
2055 2115
1993 2237
2257 2369
2317 2456
2045 2591
2015 2152
2048 2498
1945 2232
2268 2336
2290 2409
2464 2482
2032 2254
1942 2092
1984 2549
1920 2649
1985 2363
2640 2657
1984 2045
2471 2512
2493 2641
2414 2593
2438 2568
1995 2640
1943 2492
2135 2643
2465 2588
2071 2609
2352 2556
1917 1925
1938 2073
1989 2045
2506 2526
2030 2352
2051 2313
2117 2328
2460 2485
2282 2653
1938 2563
1971 2546
2463 2543
2555 2598
1986 2418
2127 2516
2289 2318
2356 2611
2363 2504
1946 2150
1943 2482
1985 2087
2340 2363
2081 2415
2009 2143
2134 2241
2267 2592
2062 2384
1966 2551
2546 2553
1964 1965
2407 2551
2033 2607
2436 2597
2215 2259
1932 1948
2028 2128
2323 2573
2306 2340
2266 2393
2471 2498
1947 2588
2257 2477
2115 2575
1943 2045
1962 2423
2585 2659
2058 2395
1912 2629
2216 2363
2282 2547
2098 2348
2282 2512
1958 2647
2333 2432
2039 2471
2055 2370
2289 2419
1962 2244
1947 2102
2491 2608
2043 2414
2026 2414
2293 2629
2151 2649
2074 2407
2249 2268
2211 2327
2463 2509
2220 2359
2310 2603
2073 2216
1948 2163
2231 2361
2247 2641
1948 2336
2038 2451
2081 2134
2054 2111
2306 2564
2270 2416
2062 2328
2592 2629
2482 2543
2300 2309
2614 2618
1997 2646
2221 2328
2002 2111
2512 2516
2218 2551
2326 2347
2188 2261
2224 2555
2123 2579
1917 2418
1943 2064
1985 2384
2252 2328
1912 2181
2028 2293
1938 2104
2145 2176
2138 2461
2561 2638
2276 2484
1917 2347
1954 2582
1984 2559
2047 2497
2287 2630
1918 2233
2410 2462
2078 2646
2058 2594
1577 1932
2371 2488
2409 2600
2063 2646
2247 2413
2369 2619
2047 2187
2309 2460
136 2583
2279 2385
2328 2555
2271 2433
2446 2468
2033 2655
2123 2369
2336 2372
2253 2266
2302 2333
2023 2628
2003 2222
2598 2643
2073 2324
1943 2352
2206 2391
1983 2408
2030 2139
1920 2223
2042 2643
2390 2396
1940 1945
2148 2351
1465 2198
2115 2625
2136 2489
2639 2645
2091 2236
2566 2612
2191 2332
2184 2476
2073 2504
1918 2630
2073 2561
2081 2582
2127 2203
1940 2351
2068 2597
2189 2471
2465 2472
2023 2089
2165 2484
2087 2643
2176 2304
2061 2297
2486 2513
2123 2184
2151 2224
2183 2385
2059 2309
1938 2109
1932 2241
2043 2404
2093 2556
2240 2299
2046 2060
2064 2213
2174 2491
2174 2610
1929 1993
2047 2231
1964 2540
2203 2389
1985 2410
2010 2592
2173 2286
2045 2253
2266 2307
2598 2609
136 1995
2512 2576
2283 2461
2102 2183
2306 2549
2318 2425
1914 2633
2564 2604
1962 2307
2172 2409
2187 2372
1979 2261
2331 2409
2507 2563
2247 2336
2135 2203
2370 2564
1989 2606
2069 2500
1971 2630
2102 2351
2104 2492
1465 2134
2135 2472
2042 2215
1979 2213
2240 2309
2088 2213
2543 2649
1932 2072
1912 2137
2055 2539
1912 2550
2244 2606
2101 2571
2155 2221
1935 1980
2350 2615
2060 2188
2315 2598
2627 2658
2138 2196
2083 2446
2331 2499
1939 2292
2430 2549
2370 2446
2072 2653
1465 2264
1577 2028
2240 2561
2073 2500
2181 2644
2229 2376
1954 2472
1941 2194
1912 2082
2007 2475
2032 2473
2266 2287
1920 2148
1954 2336
1973 2583
2645 2647
2117 2224
2095 2586
1938 2521
2087 2283
2196 2533
1954 2174
2266 2638
2032 2153
1975 2322
2233 2469
2244 2543
2033 2140
2196 2463
2133 2289
1912 2486
1997 2624
1988 1992
2035 2126
2005 2386
1999 2640
2037 2090
2093 2615
1912 2067
2162 2405
2501 2568
2332 2533
2257 2602
2184 2449
2282 2351
2158 2335
1912 2161
2055 2369
1971 2266
2091 2146
2201 2631
2038 2169
2172 2329
2282 2609
2290 2561
2352 2561
2148 2292
1943 2084
2039 2068
2294 2432
2223 2436
1986 2553
2157 2447
2095 2142
2401 2594
2047 2508
2266 2591
2090 2363
1940 2289
2038 2322
2058 2142
2209 2498
1954 2024
2007 2081
2071 2599
2005 2244
2307 2586
2047 2525
2139 2206
2201 2546
2172 2655
2123 2300
2125 2161
2146 2361
2266 2499
2359 2492
2128 2151
2081 2432
1959 2347
1972 2337
2031 2612
2068 2445
1918 2339
2313 2443
2233 2418
2235 2598
2007 2268
2004 2647
2280 2283
2222 2274
2259 2345
2187 2463
1981 2110
2123 2492
1922 2317
2069 2078
2198 2588
2369 2561
2271 2334
2292 2512
1946 2352
2056 2124
2068 2294
2410 2539
1992 2320
2058 2234
1919 2143
1938 2484
2071 2176
2394 2491
2294 2332
2550 2552
2293 2461
1917 1997
2200 2563
2115 2290
2353 2624
2206 2536
2306 2309
2340 2536
1983 2352
2030 2347
2233 2244
2139 2504
2074 2485
2403 2618
1938 2638
2190 2353
2472 2639
2144 2319
1912 2539
2253 2607
2109 2619
2123 2271
1718 2294
2180 2567
2404 2539
2035 2397
2201 2352
2031 2406
2121 2257
1917 1986
136 2292
2347 2567
2550 2619
2060 2625
2126 2236
2140 2542
2149 2183
2246 2247
2564 2586
2408 2561
1912 2164
2242 2313
2343 2384
2324 2559
2052 2338
1966 2220
2338 2398
2036 2453
1914 2657
2575 2630
2336 2572
2068 2512
2108 2484
2589 2608
2056 2078
2171 2365
2003 2054
2190 2550
1979 2131
2253 2504
2176 2343
2244 2624
2083 2395
2477 2549
2047 2246
1970 2511
2111 2377
2142 2507
2153 2468
2026 2328
2129 2656
2153 2282
2112 2590
2046 2200
2257 2553
2073 2276
2149 2384
2258 2549
2499 2611
2151 2174
2247 2294
2028 2609
2222 2247
2199 2597
2081 2511
2121 2220
1465 2068
1927 1999
2114 2322
2109 2329
2213 2506
2351 2463
1946 2266
2087 2475
2077 2220
2244 2381
2057 2385
2386 2526
1577 2347
2086 2218
2058 2093
2307 2331
1918 2088
2144 2465
2244 2409
2247 2254
2509 2608
2218 2542
1926 2280
2131 2216
2211 2425
2257 2290
1945 2072
2582 2629
2150 2216
2369 2625
2100 2313
2136 2543
1917 1929
2354 2526
2054 2161
2112 2433
2324 2575
2111 2491
1938 2623
1465 2608
2257 2347
2018 2297
2458 2617
2069 2574
2348 2556
2108 2506
2264 2294
2037 2164
2229 2543
2289 2377
2188 2213
2115 2201
1979 2045
2220 2495
2054 2315
1989 2059
1999 2459
1963 2331
2509 2544
2115 2433
2033 2552
1959 2117
1465 2347
1926 2285
1971 2619
2064 2356
2102 2259
2144 2187
2131 2484
2508 2594
2354 2446
1930 2049
2273 2616
2135 2543
2007 2102
1957 2627
1938 1971
2300 2550
2078 2386
1912 2163
2184 2460
2033 2073
2112 2154
1918 1946
2348 2573
2374 2464
2546 2574
2386 2615
2240 2363
2093 2112
2213 2556
2213 2446
1963 1993
2059 2109
1948 2461
1928 2027
2282 2302
2150 2423
1932 2649
2116 2312
2394 2417
1940 2054
1943 2550
2077 2484
2415 2511
2044 2512
2086 2370
2506 2630
2552 2630
2030 2257
2267 2385
2102 2610
2069 2244
2033 2069
1942 2044
1993 2414
2543 2611
1938 2077
1939 2652
2184 2216
2443 2542
1995 2001
2218 2499
2224 2502
1966 2359
1945 2533
2039 2328
2328 2510
2088 2287
2133 2292
2226 2310
2299 2655
2148 2315
1918 2611
2191 2233
2505 2651
2552 2600
2035 2089
2520 2561
2058 2526
2033 2623
2398 2582
1577 1941
2314 2335
1577 2529
2123 2339
2600 2655
1935 2640
2122 2607
2328 2372
1929 1979
2132 2343
1925 2058
2005 2359
2246 2368
2118 2593
2086 2429
2140 2423
2104 2240
1990 2644
1951 2284
2051 2113
1926 2138
1968 2365
2620 2626
2084 2299
2309 2532
2432 2486
2376 2477
2043 2484
1943 2646
1926 2498
1962 2229
2047 2173
2164 2586
2326 2489
2191 2498
2212 2462
1962 1993
2326 2484
1971 1983
1991 2620
1926 2292
2071 2338
2111 2472
2381 2554
2073 2499
2059 2623
2033 2469
2285 2543
2363 2369
2384 2617
2308 2600
2143 2649
2040 2073
2104 2306
2073 2391
2186 2366
2095 2404
1938 2190
2002 2132
1917 2323
2464 2563
2206 2430
2095 2619
2308 2326
1914 2583
2196 2315
2064 2391
2087 2385
1995 2364
2236 2341
2290 2326
2428 2554
2169 2512
1947 2438
2078 2201
2352 2575
2363 2520
1912 2075
1959 2125
1932 2189
2150 2339
2126 2424
2154 2549
2482 2564
2072 2283
2363 2625
2090 2462
2055 2575
1993 2409
2020 2276
2407 2655
2112 2359
2208 2592
2605 2643
2047 2128
2109 2492
1984 1985
1970 2419
1929 2287
2408 2586
2211 2232
2295 2543
2045 2206
2559 2646
2033 2464
2140 2578
1998 2365
2216 2407
1917 2258
2052 2153
2370 2482
1935 2346
2189 2288
1925 2601
2040 2600
2331 2353
2278 2340
2033 2391
1997 2423
2447 2640
1984 2237
2039 2338
1933 2120
2356 2646
1912 2252
2131 2606
2074 2593
2282 2642
