866 879
729 856
713 828
697 708
872 887
856 863
729 804
719 840
745 810
698 880
745 774
698 857
698 708
747 804
828 880
729 882
697 747
713 823
698 877
872 885
819 830
698 772
774 819
810 856
772 828
876 886
713 774
698 883
747 830
776 867
882 886
698 828
698 889
719 772
769 856
713 810
800 828
698 862
866 894
774 840
747 805
697 830
870 895
708 869
857 868
862 868
747 803
823 856
769 800
703 856
863 878
713 830
856 869
873 885
857 865
745 805
874 885
708 774
800 810
825 889
708 856
753 769
698 867
697 713
