285 345
34 173
265 325
322 345
1 133
67 277
0 84
277 311
273 306
80 299
92 180
55 239
108 184
0 50
80 204
72 113
194 254
0 25
72 132
105 236
51 84
254 266
45 303
62 67
186 188
243 310
55 67
203 238
122 304
113 200
180 346
0 269
144 312
67 170
199 222
39 105
0 73
1 126
36 251
19 214
24 194
66 308
10 277
0 117
0 124
118 161
3 280
53 180
258 323
39 161
25 239
164 285
25 285
118 252
251 320
0 248
238 265
40 203
0 342
0 239
130 213
48 199
187 302
280 322
199 271
266 302
199 231
271 297
139 251
277 291
158 332
104 142
104 188
188 291
1 315
30 200
0 154
122 281
89 327
23 144
95 319
223 239
26 257
0 330
60 239
21 203
203 342
149 333
26 40
122 248
0 222
122 252
0 162
158 315
71 307
17 116
1 48
25 158
38 141
89 95
75 304
30 322
281 284
169 332
223 246
49 192
273 328
239 304
245 259
7 103
135 281
143 175
23 155
0 21
119 280
184 281
0 281
84 304
10 67
1 54
246 340
86 278
168 339
250 252
26 56
140 214
55 200
168 277
280 290
172 203
78 195
309 320
101 330
48 330
96 190
60 322
56 342
200 280
3 72
119 324
142 285
1 92
94 315
19 174
161 339
162 312
224 232
313 315
31 122
82 203
0 68
9 75
26 67
300 320
30 271
203 338
175 227
258 295
280 297
178 329
25 67
0 331
130 322
0 250
30 303
0 197
261 271
119 323
128 170
113 271
5 204
141 236
163 249
304 334
128 271
238 342
213 308
115 140
5 122
7 322
0 90
92 302
67 342
199 315
200 304
188 224
223 325
22 347
185 285
56 169
156 258
188 274
199 212
45 132
56 331
200 297
111 214
0 55
54 329
122 170
199 288
271 285
73 299
100 163
0 244
203 261
16 29
199 261
64 100
204 254
29 203
21 123
25 65
40 332
9 79
243 337
203 313
67 123
9 25
25 51
9 224
30 48
62 96
173 202
122 136
230 253
26 223
21 134
285 323
13 56
0 341
109 297
59 82
72 200
172 313
0 10
0 29
275 306
3 200
169 291
56 341
0 333
147 319
56 170
20 343
242 346
169 252
0 256
9 323
180 204
214 230
38 248
200 224
265 342
0 132
23 83
17 140
222 325
304 332
55 252
84 313
56 72
40 77
199 211
67 158
7 308
257 295
0 94
4 152
277 339
318 334
21 212
56 332
118 222
38 332
25 98
113 252
97 230
56 63
77 294
0 218
21 40
75 272
0 194
239 344
305 312
0 262
251 284
186 277
98 200
133 276
85 170
31 277
28 116
121 206
76 270
116 343
285 322
105 280
96 314
5 316
67 323
72 232
142 322
53 266
122 161
9 119
82 211
75 200
0 246
91 193
103 172
1 53
177 227
19 289
184 197
27 119
0 98
25 280
239 277
188 334
3 170
104 200
45 200
113 172
128 186
165 342
134 199
68 175
56 200
0 308
188 304
26 291
304 322
211 313
185 315
211 331
118 304
315 322
257 344
26 69
19 312
141 172
93 337
21 280
13 265
168 347
44 312
62 223
0 133
68 225
0 185
308 338
140 144
150 329
104 271
21 98
56 161
137 167
136 146
3 274
0 16
315 323
82 238
231 315
9 341
96 213
144 226
0 202
137 326
128 315
53 315
116 140
110 264
144 343
128 176
23 116
14 41
211 222
29 82
311 344
48 130
26 119
149 343
31 280
0 32
252 315
7 347
184 329
23 124
122 342
111 343
0 7
130 300
280 304
92 346
9 295
188 272
0 183
98 272
88 303
119 297
79 272
88 126
142 158
87 136
67 297
17 214
0 254
137 289
0 190
200 322
303 315
297 323
212 252
119 128
0 285
175 296
315 339
113 325
236 271
213 285
25 141
26 170
213 231
80 266
59 238
0 42
25 26
56 334
261 325
178 231
88 130
53 254
104 123
21 184
23 227
119 217
0 219
130 277
67 212
132 317
258 272
30 178
175 263
141 304
172 298
60 313
20 149
62 224
226 326
194 196
308 322
101 187
197 272
0 134
137 140
0 119
224 315
104 203
0 121
331 332
187 266
40 325
99 131
92 242
65 314
5 235
26 332
0 267
221 322
45 221
223 252
324 329
0 28
135 320
203 324
122 186
109 285
26 123
248 311
94 346
119 318
0 279
0 17
252 324
59 211
233 256
158 322
13 223
56 277
41 115
55 277
56 271
63 342
56 119
162 326
143 225
36 197
188 200
115 312
21 119
21 170
21 223
238 271
252 304
23 240
56 265
28 140
142 170
9 203
150 171
94 101
119 313
109 158
31 67
56 212
17 19
93 167
24 94
271 280
324 340
9 72
170 223
25 79
57 108
87 161
41 116
31 339
271 272
0 334
25 283
238 313
0 168
98 223
239 322
29 40
99 177
149 226
99 143
119 132
9 329
195 218
113 165
55 104
200 332
6 219
17 137
67 104
50 148
158 168
0 339
136 322
67 248
21 108
17 111
299 300
170 252
59 186
40 272
92 330
