747 856
698 879
698 810
698 885
840 856
869 890
745 830
878 889
698 858
729 876
861 888
745 823
879 894
884 893
874 887
866 881
774 810
774 830
877 885
867 872
747 840
823 830
828 840
698 774
857 871
863 876
698 823
774 856
698 803
856 864
703 819
867 885
805 823
719 747
747 823
697 840
753 819
697 819
708 823
861 863
697 698
753 861
698 881
872 874
861 889
698 873
856 882
858 870
747 819
772 800
747 769
708 800
747 810
881 895
878 886
825 856
697 772
888 889
747 800
878 888
697 856
703 828
698 893
729 878
