3981 3998
3980 4030
3986 4026
3988 3995
3989 4011
4011 4031
4002 4020
3991 4031
4009 4019
4000 4021
3981 4019
4001 4029
3998 4005
4000 4030
3982 3988
4003 4009
3997 4019
3980 3987
4000 4017
4014 4038
3981 3997
3998 3999
4026 4030
3982 4026
3995 4000
3994 3997
4003 4030
3980 3995
3985 4014
3980 4038
4007 4025
3980 3986
3988 4021
3999 4036
3987 4012
3980 4028
3980 3999
4027 4031
3980 3994
3980 4015
3986 4014
3982 3997
3980 4017
4004 4038
4004 4013
3982 4023
4019 4026
4007 4016
4002 4023
4013 4031
4021 4030
4004 4020
3980 4006
3980 4012
3980 4011
3980 3993
3980 4020
3980 3996
3980 4001
4020 4031
3982 4030
3994 3998
4017 4021
3998 4019
594 4011
3989 4013
3995 4023
3985 3988
4023 4031
3990 4025
4009 4030
4014 4023
3995 4026
4004 4031
3998 4023
3986 4000
3986 4033
4000 4026
3998 4014
4014 4037
3983 4017
4006 4027
3980 3988
3997 4021
4003 4023
3998 4009
3989 4038
3982 4021
3995 4014
3998 4002
3980 4000
3980 4037
3980 4029
4017 4030
3993 4030
3994 4023
3992 4000
4013 4038
3997 4030
4000 4033
3980 3983
4018 4030
3980 4023
594 3980
3999 4005
3980 3997
4013 4023
3986 4030
3990 4007
3980 4009
4031 4038
3982 3994
3982 4003
3980 4013
3982 3986
3985 4004
3981 4018
3997 4018
4017 4026
3980 3985
3980 3992
4014 4021
3997 4023
3988 4030
3980 3990
3982 3998
3980 4019
4018 4023
3996 4028
4023 4038
4021 4026
3998 4021
3988 3993
3980 4010
3980 4024
3980 3991
3985 3993
3994 4019
3989 3991
3980 4007
4014 4030
3980 3984
3980 4025
3982 4037
594 4031
3981 4009
3986 4017
3980 4021
3994 4009
3993 3995
4020 4030
3980 4005
594 3989
3980 4002
3980 4018
3986 4021
4019 4030
3980 3981
3996 4002
3980 4034
3980 4032
3982 4014
4023 4034
3981 3994
