3721 3741
3747 3776
3708 3957
3469 3915
3569 3822
3508 3850
3604 3804
3714 3869
3844 3848
3529 3602
3800 3944
3545 3828
3519 3836
3556 3688
3752 3937
3633 3962
3756 3851
3605 3731
3485 3930
3701 3759
3525 3551
3557 3611
3536 3606
3515 3706
3443 3460
3810 3924
3702 3800
3782 3947
3495 3501
3781 3946
3563 3968
3909 3976
3677 3930
3711 3719
3736 3873
3518 3640
3499 3764
3464 3554
3445 3819
3576 3830
3525 3841
3529 3568
3469 3752
3568 3617
3571 3836
3553 3769
3567 3595
3465 3476
3455 3886
3601 3786
3668 3945
3465 3957
3593 3810
3924 3947
3558 3924
1085 3877
3738 3829
3604 3861
3821 3927
3475 3828
3617 3758
3510 3869
3714 3833
3702 3891
3442 3740
3750 3938
3616 3799
3559 3934
3493 3558
3790 3851
3830 3860
3635 3790
3576 3930
3836 3910
3605 3702
3730 3731
3503 3959
3605 3926
3584 3924
3437 3766
3455 3685
3475 3545
3468 3881
3836 3899
3440 3734
3720 3789
3750 3877
3577 3968
3811 3949
3948 3968
3642 3930
3475 3842
3459 3812
3555 3604
3633 3667
3700 3911
3937 3945
3831 3842
3635 3938
3513 3799
3568 3623
3632 3720
3590 3666
3629 3753
3596 3693
3772 3847
3694 3816
3495 3697
3496 3551
3755 3971
3875 3887
3545 3557
3493 3969
3759 3975
3485 3488
3524 3782
3499 3719
3458 3506
3693 3756
3442 3921
3587 3776
3643 3855
3628 3871
3489 3652
3500 3920
3509 3924
3604 3640
3596 3737
3783 3933
3444 3742
3489 3665
3466 3634
3926 3943
3603 3790
3525 3948
3938 3968
3518 3604
3506 3903
3491 3797
3633 3788
3441 3546
3448 3501
3526 3865
3625 3667
3557 3627
3602 3770
3596 3603
3470 3769
3617 3738
3472 3553
3593 3646
3656 3756
3720 3787
3519 3975
3572 3706
3577 3586
3584 3718
3469 3634
3951 3969
3442 3526
3654 3755
3830 3858
3667 3852
3609 3756
3596 3902
3514 3627
3596 3604
3944 3962
3830 3873
3740 3815
3830 3962
3545 3605
3454 3775
3697 3831
3757 3957
3736 3938
3525 3596
3624 3905
3669 3830
3706 3803
3599 3705
3497 3576
3511 3648
3452 3462
3593 3764
3553 3827
3506 3690
567 3723
3584 3758
3475 3971
3571 3899
3545 3790
3438 3760
3531 3549
3455 3498
3602 3761
3833 3947
3702 3938
3611 3785
3758 3937
3692 3721
3713 3907
3603 3640
3702 3902
3490 3905
3758 3782
3660 3780
3506 3951
3503 3576
3538 3541
3612 3673
3713 3715
3762 3934
3478 3791
3774 3899
3455 3850
3493 3924
3559 3731
3469 3668
3830 3898
3480 3651
3586 3800
3824 3926
3926 3938
3586 3948
3625 3674
3559 3926
3777 3829
3568 3645
3830 3913
3474 3602
3547 3548
3710 3862
3828 3966
3647 3799
3463 3924
3596 3692
3528 3576
3651 3677
3470 3710
3677 3797
3690 3869
3586 3765
3707 3737
3749 3751
3438 3533
3476 3975
3480 3633
3535 3866
3837 3957
1085 3872
3759 3774
3576 3577
3557 3828
3783 3920
3556 3693
3564 3719
3546 3939
3692 3873
3638 3918
3446 3580
3488 3605
3725 3917
3465 3571
3742 3849
3538 3874
3584 3818
3793 3896
3541 3595
3684 3873
3474 3823
3508 3722
3546 3811
3633 3800
3463 3947
3785 3966
3456 3654
3654 3930
3476 3837
3652 3825
3438 3971
3544 3775
3506 3558
3621 3684
3501 3533
3540 3968
3545 3845
3458 3900
3558 3947
3461 3968
3482 3505
3464 3529
3900 3924
3576 3828
3480 3938
3870 3906
862 3495
3929 3948
3571 3759
3762 3800
3499 3532
3745 3812
3624 3814
3586 3734
3437 3558
3750 3795
3697 3884
3633 3873
3587 3920
3834 3881
3696 3967
3498 3615
3838 3852
3476 3701
3586 3796
3840 3850
3740 3862
3545 3852
3675 3774
3486 3900
3557 3730
3618 3851
3756 3929
3490 3863
3521 3835
3629 3840
3642 3779
3674 3851
3824 3884
3851 3971
3692 3877
3683 3756
3880 3908
3455 3599
3705 3763
3646 3758
3780 3842
3528 3804
3829 3945
3678 3791
3490 3549
3897 3908
3715 3867
3473 3743
3557 3640
3797 3968
3696 3960
3599 3735
3497 3852
3472 3508
3473 3912
3739 3868
3559 3681
3542 3702
3576 3756
3633 3851
3706 3924
3564 3927
3448 3633
3471 3938
3877 3902
3501 3741
3809 3887
3930 3938
3506 3958
3535 3645
3469 3956
3738 3754
3476 3519
3596 3681
3472 3644
3545 3966
3501 3651
3605 3707
3483 3499
3513 3616
3874 3917
3758 3764
3671 3882
3718 3870
3623 3818
3525 3683
3710 3715
3822 3869
3797 3872
3731 3736
862 3721
3567 3917
3493 3711
3591 3826
3468 3810
3671 3793
3795 3929
3873 3966
3705 3818
3528 3627
3557 3790
3533 3633
3488 3514
3656 3841
3516 3695
3624 3949
3595 3725
3782 3786
3499 3825
3643 3833
3793 3870
3521 3948
3460 3466
3464 3829
3510 3529
3756 3938
3573 3891
3476 3675
3870 3903
3528 3930
3780 3877
3667 3948
3531 3949
3468 3524
3488 3838
3542 3800
3524 3601
3448 3828
3625 3886
3726 3972
3557 3804
3877 3938
3491 3851
3524 3568
3938 3966
3564 3803
3916 3950
3517 3533
3506 3648
3545 3841
3858 3930
3684 3756
3476 3774
3454 3605
3518 3605
3648 3792
3577 3596
3847 3953
3810 3947
3490 3814
3440 3697
3517 3677
3738 3937
3826 3833
3939 3963
3758 3969
3672 3962
3835 3862
3826 3909
3617 3878
3674 3760
3470 3876
3767 3782
3750 3797
3465 3519
3561 3738
3535 3694
3793 3906
3755 3830
3507 3554
3463 3593
3604 3902
3528 3832
3496 3684
3518 3832
3758 3829
3659 3888
3653 3789
3738 3945
3833 3976
3684 3926
3470 3767
3684 3830
3903 3951
3760 3948
3475 3852
3511 3770
3687 3858
1085 3550
3544 3808
3758 3924
3538 3868
3680 3895
3763 3810
3633 3943
3612 3825
3581 3695
3510 3945
3728 3835
3521 3705
3605 3838
3605 3672
3792 3951
3608 3728
3512 3929
3524 3623
3670 3731
3590 3705
3458 3793
3437 3861
3464 3602
3483 3895
3775 3895
3671 3768
3683 3948
3516 3581
3667 3734
3481 3594
3577 3842
3466 3956
3440 3501
3664 3933
3508 3644
1085 3592
3627 3824
3781 3823
3534 3758
3596 3930
3445 3538
3450 3528
3584 3821
3579 3918
3449 3495
3747 3933
3618 3633
3624 3662
3502 3700
3474 3604
3851 3877
3655 3747
3605 3785
3558 3866
3696 3783
3663 3735
3550 3667
3960 3967
3437 3640
3519 3757
3540 3684
3782 3906
3442 3705
3902 3926
3523 3581
3900 3909
3509 3909
3584 3866
3526 3685
3475 3484
3459 3534
3551 3961
3470 3753
1085 3556
3830 3971
3710 3735
3804 3938
3646 3763
3593 3601
3641 3907
3663 3713
3740 3865
3526 3543
3633 3830
3480 3667
3815 3907
3523 3830
3706 3822
3684 3877
3706 3900
3930 3934
3680 3690
3596 3677
3772 3779
3465 3708
3753 3876
3501 3604
3488 3790
3671 3821
3534 3770
3464 3474
3545 3962
3439 3638
3705 3835
3752 3972
1085 3677
3442 3918
3703 3938
3721 3796
3596 3721
3690 3803
3569 3869
3801 3885
3573 3877
3553 3773
3483 3782
3437 3963
3719 3895
3828 3838
3516 3919
3590 3615
3784 3973
3506 3515
3610 3953
3617 3690
3559 3576
3502 3830
3474 3967
3786 3822
3677 3962
3680 3830
3590 3722
3465 3836
3783 3960
3587 3747
3586 3596
3654 3697
3599 3815
3474 3956
3568 3906
3580 3585
3473 3917
3705 3722
3577 3734
3507 3511
3629 3728
3540 3962
3698 3728
3448 3684
3611 3672
3480 3625
3720 3918
3463 3909
3838 3934
3683 3886
3718 3924
3514 3760
3545 3703
3677 3697
3468 3584
3443 3469
3462 3576
3473 3857
3452 3902
3538 3628
3721 3968
3693 3838
3739 3912
3456 3804
3605 3737
3442 3850
3593 3951
3541 3657
3858 3938
3611 3858
3606 3662
1085 3501
3568 3614
3728 3921
3662 3682
3623 3758
3821 3825
3576 3790
3448 3734
3463 3705
3503 3640
3794 3903
3506 3895
3577 3948
567 3487
3681 3804
3561 3825
3574 3891
3629 3778
3825 3931
3496 3520
3563 3683
3442 3615
3492 3496
3475 3526
3545 3851
3760 3830
3563 3873
3446 3490
3571 3975
3476 3708
3753 3835
3537 3887
3437 3482
3884 3938
3873 3902
3764 3767
3758 3818
3531 3863
3528 3824
3532 3956
3442 3735
3500 3964
3481 3695
3574 3576
3495 3824
3727 3745
3647 3918
3612 3764
3477 3565
3460 3469
3830 3918
3657 3739
3593 3818
3508 3747
3824 3860
3601 3818
3542 3611
3617 3777
3558 3768
3514 3938
1085 3540
3440 3842
3548 3737
3780 3851
3529 3793
3599 3615
3605 3800
3571 3837
3658 3756
3601 3782
3536 3682
3462 3934
3902 3930
3652 3665
3461 3495
3569 3900
3860 3884
3534 3705
3886 3962
3437 3705
3833 3909
3608 3907
3495 3651
3636 3802
3640 3670
3636 3862
3439 3699
3605 3756
862 1085
3829 3915
3437 3893
3494 3690
3728 3907
3631 3792
3472 3505
3870 3900
3488 3731
3533 3948
3596 3971
3721 3756
3462 3930
3553 3753
3448 3943
3486 3803
3607 3644
3512 3533
3938 3943
3583 3869
3578 3790
3636 3835
3614 3652
3474 3764
3501 3851
3617 3680
3480 3586
3700 3830
3545 3891
3584 3784
3517 3633
3554 3972
3886 3971
3574 3731
3708 3975
3534 3829
3577 3692
3457 3938
3623 3810
3485 3559
3593 3758
3639 3649
3695 3830
3448 3491
3756 3886
3578 3824
3667 3902
3638 3799
3474 3554
3497 3926
3540 3842
3464 3680
3509 3896
3551 3723
3711 3951
3825 3927
3569 3680
3706 3906
3718 3947
3629 3907
3549 3863
3692 3841
3479 3919
3554 3829
3455 3835
3672 3891
3817 3971
3519 3701
3618 3873
3501 3943
3509 3900
3684 3693
3506 3591
3484 3817
3731 3800
3628 3857
3448 3677
3466 3915
3855 3976
3448 3642
3608 3615
3452 3966
3507 3690
1085 3456
3687 3860
3552 3886
3609 3943
3580 3679
3545 3640
3711 3903
3449 3962
3463 3506
3463 3680
3540 3563
3558 3903
3611 3913
3633 3824
3438 3448
3533 3795
3611 3640
3705 3706
3617 3645
3634 3829
3873 3968
3510 3554
3833 3924
3487 3504
3498 3599
3822 3855
3674 3948
3838 3902
3869 3900
3615 3776
3636 3722
3737 3800
3569 3593
3442 3698
3449 3797
3440 3576
3561 3964
3554 3561
3591 3680
3501 3938
3497 3824
1085 3943
3518 3902
3785 3860
3505 3512
3756 3772
3824 3873
3456 3604
3486 3706
3488 3737
3537 3664
3596 3889
3692 3886
3536 3549
3468 3534
3538 3739
862 3609
3775 3953
3730 3824
3722 3728
3490 3894
3480 3968
3449 3618
3906 3976
3518 3858
3596 3687
3604 3962
3576 3838
3651 3828
3584 3900
3544 3674
3478 3587
3529 3761
3640 3926
3599 3850
3617 3719
3578 3730
3514 3828
3734 3824
3613 3649
3550 3672
3803 3869
3594 3830
3565 3637
3599 3921
3514 3670
3818 3896
3501 3962
3712 3734
3442 3977
3593 3793
3595 3917
3638 3647
3759 3837
3677 3943
3722 3802
3587 3783
3495 3797
3475 3966
3563 3656
3608 3713
3437 3894
3692 3693
3474 3829
3486 3711
3714 3823
3593 3829
3705 3906
3584 3893
3643 3646
3593 3648
3584 3906
3545 3830
3664 3960
3633 3684
3700 3813
3721 3873
3933 3967
3525 3950
3860 3930
3794 3869
3526 3553
3440 3968
3509 3855
3687 3938
3495 3877
3522 3677
3495 3609
3604 3913
3528 3800
3633 3677
3687 3790
3442 3876
3690 3955
3677 3938
3534 3535
3468 3866
3521 3597
3504 3677
3587 3964
3877 3948
3624 3679
3448 3697
3476 3759
3653 3720
3670 3790
3524 3535
3515 3855
3449 3737
3578 3858
3518 3800
857 3797
3764 3793
3580 3905
3842 3938
3658 3828
3501 3948
3495 3880
3874 3892
3851 3966
3802 3907
3700 3864
3964 3967
3546 3679
3842 3908
3641 3960
3833 3906
3625 3978
3447 3894
3542 3852
3714 3870
3437 3677
3604 3889
3521 3590
3459 3945
3860 3913
3656 3929
3566 3780
3449 3693
1085 3609
3495 3842
3554 3634
3563 3852
3640 3790
3525 3889
3684 3734
3497 3528
3586 3674
3573 3672
3449 3796
3707 3838
3497 3790
3538 3725
3506 3969
3672 3702
3590 3713
3635 3731
3720 3751
3912 3917
3734 3929
3500 3791
3488 3518
3501 3873
3762 3804
3540 3841
3522 3872
3574 3605
3448 3804
3611 3938
3609 3721
3672 3902
3618 3797
3578 3860
3529 3777
3741 3852
3608 3740
3512 3873
3464 3601
3920 3960
3576 3611
3721 3877
3488 3545
3633 3884
3658 3731
3534 3810
3838 3851
3493 3810
3478 3655
3718 3792
3554 3761
3540 3656
3479 3898
3505 3698
3747 3791
3569 3803
3466 3469
3475 3586
3690 3866
3858 3884
3864 3911
3558 3646
3526 3713
3826 3976
567 3861
3511 3821
3822 3896
3437 3675
3506 3896
3609 3877
3793 3900
3640 3702
1085 3741
3775 3847
3768 3818
3460 3945
3620 3711
3584 3973
3679 3905
3455 3590
3510 3915
3528 3640
3592 3677
3599 3713
3440 3877
3518 3824
3884 3948
3450 3672
3747 3809
3574 3830
3616 3699
3569 3909
3552 3573
3558 3945
3884 3968
3567 3657
3501 3674
3731 3824
3495 3667
3719 3770
3559 3804
3609 3741
1085 3674
3590 3608
3611 3790
3456 3750
3521 3556
3538 3871
3498 3921
3702 3966
3611 3966
3672 3940
3643 3680
3576 3926
3648 3924
3567 3739
3527 3800
3455 3663
3576 3800
3480 3830
3651 3756
3528 3858
3562 3898
3736 3830
3907 3921
3458 3718
3557 3635
3629 3769
3502 3813
3460 3601
3731 3884
3577 3800
3455 3778
3582 3752
3685 3850
3568 3593
3633 3877
3475 3642
3584 3617
3838 3930
3437 3454
3633 3750
3503 3779
3841 3962
3499 3535
3545 3577
3906 3937
3735 3921
3620 3646
3440 3938
3684 3702
3558 3648
3521 3815
3514 3640
3877 3962
3872 3888
3576 3902
3633 3948
3590 3636
3535 3825
3521 3684
3599 3907
3469 3881
3466 3881
3672 3737
3455 3735
3684 3750
3584 3833
3734 3760
3666 3710
3643 3951
3495 3873
3587 3766
3731 3804
3684 3780
3593 3711
3487 3723
3448 3545
3634 3956
3456 3762
3793 3973
3581 3883
3684 3852
3448 3586
3568 3758
3495 3968
3627 3730
3643 3976
3790 3804
3890 3927
3579 3708
3518 3528
3497 3672
3561 3942
3708 3918
3489 3825
3528 3611
3643 3810
3437 3779
3693 3971
3455 3710
3766 3809
3784 3833
3721 3948
3572 3822
3443 3937
3870 3924
3584 3826
3478 3776
3525 3550
3489 3676
3610 3779
3611 3830
3481 3830
3578 3830
3668 3738
3449 3692
3838 3926
3756 3944
3581 3613
3438 3545
3540 3556
3667 3962
3800 3913
3636 3728
3573 3611
3640 3838
3475 3938
3439 3513
3838 3943
3438 3734
3734 3873
3545 3842
3572 3869
3712 3938
3456 3557
3521 3773
3886 3968
3758 3951
3577 3674
3454 3621
3532 3803
3599 3663
3542 3658
3615 3867
3440 3886
3540 3692
3784 3906
3483 3724
3455 3553
3866 3947
3491 3938
3449 3684
3638 3952
3471 3526
3473 3874
3649 3919
3633 3656
3777 3803
3455 3753
3558 3958
3440 3596
3521 3740
3879 3918
3495 3687
3455 3728
3617 3754
3782 3836
3542 3838
3446 3624
3449 3677
3824 3858
3713 3802
3463 3714
3896 3903
3508 3553
3475 3902
3448 3860
3599 3715
3684 3692
3448 3889
3605 3830
3657 3743
3527 3938
3470 3599
3579 3757
3514 3804
3672 3966
3873 3943
3525 3674
3510 3821
3491 3684
3656 3667
3591 3793
3794 3914
3442 3710
3482 3644
3470 3778
3550 3797
3869 3931
3948 3971
3529 3601
3596 3966
3604 3730
3640 3858
3893 3941
3830 3930
3486 3924
3475 3543
3762 3884
3584 3646
3599 3867
3558 3870
3473 3541
3577 3611
3658 3891
3450 3642
3611 3737
3837 3918
3690 3878
3449 3604
3833 3973
3706 3793
3815 3835
3498 3862
3456 3514
3926 3966
3826 3896
3584 3976
3920 3967
3639 3695
3611 3731
3547 3747
3437 3830
3884 3926
3617 3821
3633 3938
3611 3842
3563 3667
3471 3940
3505 3607
3749 3789
3493 3951
3492 3841
3495 3618
3532 3610
3442 3553
3851 3948
3611 3800
3847 3916
3458 3719
3609 3830
3656 3842
3783 3809
3867 3921
3684 3817
3668 3956
3707 3785
3587 3791
3596 3734
3868 3892
3557 3670
3480 3734
3609 3851
3486 3909
3604 3800
3663 3728
3674 3938
3826 3890
3578 3596
3655 3964
3661 3897
3633 3797
3469 3829
3753 3867
3495 3548
3687 3824
3902 3934
3683 3692
862 3456
3439 3647
3674 3750
3534 3793
3633 3756
3806 3894
3577 3604
3437 3660
3510 3738
3636 3666
3901 3918
3600 3612
3669 3813
3743 3912
3481 3562
3735 3740
3818 3866
3446 3585
3541 3912
3680 3706
3546 3624
3697 3842
3644 3698
3442 3791
3526 3862
3805 3950
3529 3554
3870 3951
3536 3812
3852 3877
3822 3906
3484 3633
3494 3583
3623 3906
3601 3866
3469 3561
3523 3883
1085 3577
3441 3538
3596 3943
3449 3577
3735 3867
3449 3721
3649 3883
3553 3698
3469 3510
3651 3886
3485 3518
3437 3758
3437 3949
3443 3634
3471 3851
3651 3884
3463 3793
3448 3604
3926 3971
3539 3724
3584 3793
3532 3829
862 3948
3718 3826
3438 3586
3592 3979
3604 3845
3800 3851
3569 3591
3497 3940
3635 3804
3550 3684
3545 3930
3577 3841
3821 3881
3687 3731
3553 3629
3705 3714
3590 3740
3927 3945
3828 3938
3490 3682
3471 3543
3519 3705
3596 3642
3437 3947
3488 3702
3455 3862
3442 3907
3557 3702
3468 3878
3672 3797
3584 3810
3514 3578
3711 3924
3826 3951
3756 3841
3920 3933
3670 3824
3518 3938
3542 3790
3500 3776
3830 3880
3731 3966
3593 3634
3598 3850
3450 3596
3466 3554
3545 3804
3697 3830
3604 3851
3454 3861
3604 3672
3549 3566
3613 3639
3643 3794
3443 3829
3604 3852
3602 3738
3440 3805
3518 3542
3933 3960
3466 3945
3873 3877
3852 3902
3730 3913
3604 3869
3561 3945
3719 3927
3574 3877
3962 3968
3523 3562
3555 3600
3449 3948
3545 3800
3528 3596
3491 3971
3756 3962
3629 3850
3555 3584
3480 3491
3512 3800
3757 3899
3711 3826
3756 3800
3521 3629
3486 3869
3664 3776
3577 3828
3728 3753
3609 3692
3759 3965
3825 3843
3525 3563
3495 3625
3675 3759
3640 3730
3852 3926
3776 3809
3727 3771
3540 3734
3753 3921
3625 3948
3509 3714
3499 3690
3601 3645
3480 3674
3450 3605
3492 3697
3831 3938
3868 3917
3458 3593
3493 3680
3517 3948
3525 3573
3464 3738
3596 3884
3463 3569
3448 3966
3506 3646
3468 3758
3593 3947
3909 3931
3483 3793
3685 3698
3479 3830
3478 3696
3628 3874
3540 3674
3605 3635
3487 3530
3635 3686
3455 3521
3802 3835
3555 3758
3514 3542
3505 3722
3728 3769
3804 3884
1085 3525
3612 3941
3655 3791
3726 3752
3779 3938
3525 3756
3670 3938
3851 3968
3564 3690
3499 3534
3648 3719
3550 3950
3779 3941
3750 3950
3514 3800
3764 3825
3782 3945
3753 3850
3734 3971
3496 3775
3500 3664
3518 3557
3551 3925
3651 3824
1085 3750
3590 3599
3439 3616
3495 3596
3768 3914
3525 3737
3536 3679
3568 3782
3439 3932
3596 3780
3968 3971
3448 3938
3567 3874
3830 3851
3529 3956
3636 3921
3750 3851
3795 3830
3618 3684
3466 3529
3626 3916
3841 3948
3600 3861
3528 3605
3653 3918
3782 3810
3761 3945
3687 3966
3684 3831
3488 3830
3826 3906
3514 3672
3667 3968
3571 3965
3601 3906
3488 3926
3495 3756
3821 3947
3738 3859
3564 3678
3450 3860
3824 3830
3507 3754
3634 3937
3456 3943
3577 3741
3731 3877
3460 3752
3557 3642
3479 3516
3472 3629
3574 3828
3728 3867
3437 3786
3702 3845
3567 3628
3966 3971
3438 3851
3789 3923
3468 3900
3460 3568
3437 3477
3741 3938
3623 3768
3466 3738
3823 3946
3465 3837
3728 3740
3521 3625
3452 3573
3456 3842
3516 3639
3654 3824
3465 3579
3463 3555
3437 3604
3529 3630
3545 3785
3508 3632
3590 3944
3682 3949
3540 3851
3672 3804
3614 3758
3529 3909
3736 3968
3532 3777
3455 3867
3728 3815
3733 3954
3539 3895
3552 3672
3518 3838
3497 3902
3497 3604
3446 3863
3505 3526
3668 3829
3792 3924
3526 3698
3526 3563
3456 3618
3593 3833
3647 3716
3568 3843
3449 3633
3496 3677
3887 3931
3633 3796
3578 3731
3611 3817
3824 3902
3670 3858
3553 3802
3649 3695
3480 3971
3701 3836
3506 3869
3461 3831
3776 3967
3501 3760
3698 3840
3616 3848
3474 3634
3886 3948
3518 3596
3505 3685
3437 3791
862 3872
3594 3649
3492 3684
3705 3793
3680 3869
3584 3870
3476 3809
3646 3810
3617 3803
3564 3680
3635 3830
3611 3633
3470 3521
3580 3894
3589 3592
3558 3810
3571 3957
3596 3658
3511 3909
3622 3821
3440 3755
3677 3756
3705 3924
1085 3948
3462 3824
3511 3671
3527 3838
3605 3860
3625 3938
3877 3929
3468 3945
3708 3774
3496 3831
567 3961
3484 3873
3635 3640
3553 3644
3615 3636
3862 3921
3891 3930
3695 3883
3511 3719
3455 3526
3849 3861
3677 3734
3633 3734
3697 3797
3517 3760
3501 3796
3680 3924
3443 3554
3525 3886
3545 3722
3546 3963
3794 3833
3599 3722
3790 3884
3612 3895
3731 3913
3482 3598
3438 3501
3468 3782
3471 3966
3449 3838
3507 3823
3643 3895
3615 3815
3520 3526
3545 3654
3486 3493
3512 3604
3519 3579
3592 3847
3605 3824
3944 3948
3540 3596
3906 3924
3617 3830
3702 3877
3730 3737
3512 3517
3577 3756
3833 3900
3468 3764
3661 3737
3576 3858
3557 3860
3693 3970
3578 3877
3449 3830
3555 3829
3553 3936
3438 3693
3456 3495
3571 3675
3680 3931
3449 3756
3799 3932
3559 3831
3440 3851
3684 3966
3782 3881
3896 3924
3766 3776
3766 3964
3629 3698
3462 3559
3555 3956
3459 3782
3521 3802
3662 3812
3559 3891
3506 3509
3718 3758
3528 3681
3891 3902
3838 3966
3680 3718
3530 3723
3576 3731
3872 3979
3586 3830
3713 3728
3499 3564
3478 3607
3690 3782
3509 3869
3766 3791
3526 3559
3714 3951
3719 3810
3523 3613
3822 3969
3450 3790
3605 3880
3448 3449
3672 3877
3677 3851
3871 3917
3504 3626
3684 3886
3793 3826
3863 3894
3633 3828
3552 3625
3737 3838
3661 3948
3621 3721
3568 3947
3521 3769
3713 3835
3498 3636
3460 3474
3512 3577
3501 3586
3790 3838
3636 3753
3568 3768
3756 3877
3725 3871
3466 3510
3644 3840
3506 3534
3831 3968
3896 3951
3464 3630
3833 3969
3437 3843
3587 3696
3559 3877
3715 3835
3593 3869
3488 3596
3573 3625
3889 3938
3649 3830
3707 3731
3449 3851
3493 3900
3605 3804
3698 3747
3576 3702
3499 3821
3581 3898
3684 3828
3592 3891
3608 3921
3618 3734
3437 3624
3734 3968
3794 3951
3468 3535
3518 3702
3658 3800
3501 3841
3448 3756
3460 3972
3629 3636
3437 3674
3510 3881
3684 3797
3665 3825
3473 3595
3590 3715
3845 3902
3495 3872
3750 3884
3471 3545
3938 3971
3560 3691
3559 3573
3455 3470
3496 3505
3547 3950
3651 3683
3544 3888
3684 3968
3594 3898
3601 3825
3615 3664
3495 3962
3464 3777
3604 3737
3568 3810
3473 3871
3456 3596
3596 3858
3524 3584
3756 3948
3617 3931
3554 3680
567 3454
3867 3907
3915 3945
3488 3858
3738 3752
3842 3966
3437 3772
3612 3810
3705 3869
3469 3474
3506 3631
3757 3918
3703 3971
3645 3843
3584 3620
3651 3851
3804 3845
3752 3764
3684 3938
3947 3976
3869 3870
3620 3792
3475 3485
3545 3596
3618 3971
3459 3825
3703 3902
3529 3900
3463 3861
3906 3931
3578 3828
3836 3893
3620 3714
3481 3639
3657 3819
3778 3827
3609 3948
862 3550
3458 3810
3495 3934
3804 3926
3479 3581
3448 3830
3469 3945
3719 3924
3692 3851
3761 3972
3545 3756
3486 3976
3702 3737
3714 3793
3584 3764
3624 3863
3651 3674
3794 3969
3804 3913
3819 3868
3480 3693
3702 3790
3449 3596
3460 3937
3491 3962
3513 3952
3629 3705
3633 3760
3495 3978
3486 3826
3633 3841
3577 3886
3581 3649
3535 3927
3515 3958
3445 3868
3644 3747
3604 3914
3501 3889
3711 3870
3884 3971
3756 3943
3539 3890
3747 3967
3460 3630
3455 3769
3472 3521
3437 3775
3671 3958
3455 3588
3629 3862
3586 3692
3506 3643
3747 3964
3520 3550
3518 3635
3437 3763
3794 3822
3437 3617
3576 3966
3568 3834
3842 3929
3506 3623
3495 3884
3495 3750
3683 3877
3477 3651
3519 3759
3437 3895
3793 3818
3542 3604
3501 3971
3586 3693
3514 3913
3440 3600
3788 3841
3527 3542
3501 3596
3555 3591
3456 3968
3548 3661
3604 3734
1085 3495
3674 3979
3642 3731
3774 3957
3437 3521
3715 3921
3831 3971
3577 3618
3764 3818
3662 3814
3705 3826
3573 3797
3636 3710
3533 3830
3577 3944
3558 3711
3860 3938
3786 3810
3705 3740
3596 3938
3610 3888
3483 3690
3449 3943
3701 3957
3569 3969
3476 3757
3437 3645
3495 3734
3517 3577
3475 3488
3550 3552
3470 3629
3809 3933
3464 3510
3448 3609
3490 3624
3918 3957
3491 3586
3503 3596
3584 3794
3475 3672
3456 3948
3488 3576
3666 3728
3577 3938
3701 3910
3803 3906
3608 3862
3460 3726
3726 3956
3768 3786
3476 3836
3590 3867
3680 3711
3640 3938
3464 3823
3633 3971
3577 3780
3801 3921
3495 3586
3456 3501
3462 3926
3548 3897
3509 3906
3508 3809
3437 3907
3640 3731
3584 3896
3460 3782
3449 3651
3692 3712
3625 3851
3614 3900
3482 3521
3478 3783
3438 3491
3819 3912
3799 3848
3738 3956
3646 3951
3677 3800
3734 3851
3920 3964
3610 3979
3558 3906
3710 3713
3679 3894
3741 3851
3756 3830
3643 3718
3822 3976
3571 3774
3829 3972
3609 3968
3455 3907
3591 3593
3604 3788
3550 3968
3790 3824
3596 3824
3514 3884
3667 3886
3635 3702
3577 3642
3630 3738
3756 3884
3474 3761
3498 3629
3835 3867
3740 3867
3437 3605
3767 3958
3710 3769
3873 3948
3643 3909
3548 3908
3500 3766
862 3501
3501 3633
3528 3860
3758 3855
3521 3598
3514 3674
3672 3707
3495 3545
3741 3966
3782 3866
3521 3685
3462 3488
3498 3740
3877 3968
3545 3674
3617 3834
3504 3723
3511 3763
3508 3685
3458 3643
3730 3804
3495 3971
3498 3715
3804 3930
3540 3780
3622 3927
3843 3927
3841 3929
1085 3437
3829 3900
3722 3921
3502 3898
3705 3822
3491 3712
3464 3583
3648 3758
3500 3960
3684 3872
3449 3501
3726 3861
3809 3960
3626 3979
3514 3824
3628 3868
3521 3592
3501 3545
3797 3842
3696 3791
3469 3738
3448 3800
3849 3904
3689 3721
3722 3778
3619 3760
3810 3855
3549 3814
3633 3860
3567 3868
3532 3535
3571 3708
3471 3485
3506 3718
3629 3867
3514 3737
3506 3784
3486 3833
3545 3838
3547 3684
3456 3687
3492 3521
3784 3947
3462 3966
3499 3671
3587 3809
3641 3967
3877 3971
3555 3767
3722 3850
3525 3625
3449 3480
3667 3683
3437 3912
3488 3930
3647 3932
3790 3938
3553 3598
3604 3756
3539 3823
3527 3604
3793 3866
3640 3824
3569 3951
3604 3611
3824 3831
3634 3915
3604 3926
3674 3734
3603 3838
3529 3869
3800 3830
3477 3847
3472 3698
3657 3725
3488 3800
3845 3891
3549 3624
3702 3804
3625 3677
3640 3687
3751 3787
3620 3870
3540 3760
3449 3889
3484 3684
3449 3805
3690 3768
3440 3703
3456 3674
3851 3938
3860 3902
3506 3810
3495 3633
3576 3605
3579 3701
3469 3761
3642 3860
3835 3850
3720 3923
3461 3930
3460 3515
3590 3921
3593 3680
3718 3793
3475 3873
3568 3601
3800 3943
3779 3872
3838 3877
3545 3642
3756 3824
3562 3883
3526 3629
3723 3961
3693 3734
3448 3577
3452 3824
3789 3807
3448 3797
3730 3790
3613 3830
3684 3851
3437 3771
3486 3569
3496 3521
3903 3924
3610 3772
3677 3948
3553 3722
3500 3809
3555 3617
3824 3938
3461 3559
3742 3861
3521 3666
3507 3555
3506 3714
3524 3786
3463 3822
3542 3687
3611 3877
3596 3611
3797 3971
3456 3971
3485 3681
3793 3951
3518 3578
3558 3719
3555 3810
3525 3734
3891 3916
3487 3925
3443 3582
3534 3614
3631 3786
3471 3702
3558 3643
3594 3883
3521 3713
3449 3674
3722 3827
3713 3862
3612 3869
3579 3774
3703 3755
3468 3568
3604 3633
3635 3800
3578 3737
3484 3521
3460 3881
3585 3863
3624 3806
3664 3918
3442 3508
3514 3611
3615 3629
3607 3933
3591 3714
3572 3705
3557 3824
3472 3840
3539 3584
3437 3962
3533 3929
3593 3906
3483 3937
3545 3576
3473 3892
3519 3918
3687 3884
3526 3684
3774 3975
3692 3756
3750 3968
3628 3760
3711 3881
3656 3886
3481 3883
3474 3738
3524 3602
3633 3721
3518 3545
3590 3907
3521 3722
3611 3860
3726 3829
3759 3957
3576 3824
3718 3810
3493 3593
3750 3756
3596 3674
3481 3919
3521 3778
3470 3773
3528 3542
3545 3559
3437 3633
3731 3790
3889 3943
3527 3557
3554 3726
3680 3794
3567 3912
3590 3629
3747 3960
3826 3947
3463 3826
3655 3967
3826 3869
3475 3684
3655 3960
3511 3738
3455 3505
3830 3886
3791 3901
3466 3652
3599 3802
3926 3930
3488 3891
3500 3641
3496 3629
3750 3831
3633 3651
3701 3965
3491 3611
3791 3920
3906 3909
3830 3832
3558 3793
3836 3957
3632 3918
3802 3921
3486 3951
3495 3692
3598 3685
3456 3545
3559 3884
3471 3930
3439 3716
3599 3835
3604 3687
3444 3904
3456 3830
3437 3564
3713 3921
3663 3977
3715 3740
3516 3649
3495 3684
3437 3799
3455 3921
3516 3898
3860 3966
3725 3868
3482 3685
3457 3703
3563 3684
3511 3515
3469 3726
3505 3747
3485 3790
3460 3761
3455 3629
3501 3884
857 3586
3640 3832
3804 3860
3574 3640
3549 3682
3648 3810
3684 3741
3719 3758
3830 3841
3452 3891
3636 3907
3622 3878
3845 3966
3717 3830
3478 3747
3568 3914
3674 3847
3462 3800
3722 3918
3555 3803
3488 3542
3506 3754
3773 3802
3842 3873
3629 3710
3726 3738
3440 3545
3833 3869
3478 3967
3829 3956
3546 3580
3506 3829
3526 3722
3513 3932
3469 3927
3873 3886
3666 3921
3623 3782
3534 3617
3468 3622
3627 3635
3528 3707
3456 3800
3449 3545
3495 3831
3568 3793
3500 3933
3545 3788
3596 3838
3633 3654
3596 3797
3623 3786
3710 3753
3640 3737
3437 3544
3557 3604
3519 3837
3900 3969
3741 3830
3909 3945
3460 3900
3558 3794
3869 3906
3690 3781
3604 3838
3842 3886
3884 3902
3506 3555
3590 3815
3459 3770
3569 3705
3564 3821
3803 3821
3456 3609
3705 3794
3641 3696
3549 3812
3726 3945
3892 3917
3618 3692
3572 3714
3532 3931
3474 3915
3612 3759
3635 3926
3800 3824
3459 3564
3438 3480
3475 3948
3549 3662
3708 3759
3468 3777
3790 3832
3611 3762
3515 3593
3486 3794
3636 3769
3718 3906
3830 3842
3536 3727
3766 3933
3437 3593
3821 3878
3540 3677
3669 3864
3479 3695
3674 3756
3455 3827
3499 3829
3571 3918
3588 3827
3575 3672
3806 3963
3578 3838
3528 3604
3540 3667
3449 3586
3793 3931
3663 3921
3768 3906
3478 3809
3604 3635
3670 3948
3463 3706
3463 3951
3556 3851
3697 3824
3511 3900
3576 3877
3509 3826
3464 3668
3604 3677
3636 3740
3599 3629
3715 3907
3471 3540
3491 3968
3613 3695
3627 3681
3484 3940
3645 3941
3681 3707
3440 3495
3565 3756
3518 3611
3883 3898
3562 3594
3437 3945
3557 3596
3464 3469
3830 3883
3707 3828
3677 3692
3677 3684
3745 3949
3543 3605
3550 3573
3456 3962
3639 3830
3711 3758
3475 3940
3669 3911
3536 3662
3454 3586
3527 3966
3456 3873
3753 3778
3851 3889
3625 3968
3790 3902
3487 3961
3529 3972
3771 3855
3741 3948
3558 3584
3529 3906
3604 3605
3714 3924
3447 3682
3462 3756
3520 3667
3471 3611
3483 3878
3464 3726
3683 3842
3627 3702
3677 3788
3640 3800
3687 3800
3938 3948
3562 3639
3583 3758
3562 3830
3525 3651
3586 3788
3632 3791
3759 3836
3605 3730
3767 3803
3583 3600
3525 3540
3655 3920
3479 3883
3448 3944
3792 3969
3486 3509
3442 3773
3794 3870
3552 3830
3611 3734
3791 3964
3511 3904
3633 3741
3558 3593
3493 3648
3579 3675
3496 3817
3527 3926
3731 3858
3672 3928
3628 3962
3573 3702
3915 3956
3649 3898
3437 3534
3833 3896
3683 3830
3578 3804
3602 3630
3948 3962
3596 3804
3674 3830
3633 3804
3656 3677
3655 3776
3510 3602
3437 3777
3510 3829
3680 3951
3670 3880
3584 3782
3677 3839
3495 3577
3822 3951
3442 3678
3506 3584
3625 3734
3598 3936
3606 3745
3476 3957
3609 3797
3472 3685
3595 3628
3488 3707
3776 3964
3538 3743
3682 3814
3714 3803
3534 3881
3518 3687
3737 3884
3448 3838
3558 3909
3771 3949
3838 3860
3613 3919
3517 3830
3460 3786
3571 3757
3731 3891
3838 3971
3793 3794
3449 3841
3558 3829
3636 3815
3527 3707
3736 3785
3718 3822
3486 3680
3505 3850
3625 3830
3654 3804
3495 3908
3501 3968
3596 3756
3493 3719
3687 3762
3508 3791
3576 3670
3503 3731
3730 3926
3739 3871
3547 3779
3464 3895
3830 3966
3450 3913
3679 3963
3549 3905
3655 3696
3608 3735
3542 3635
3545 3633
3665 3931
3530 3925
3540 3797
3722 3773
3545 3672
3697 3756
3682 3812
3690 3870
3525 3577
3629 3722
3877 3943
3739 3874
3452 3488
3679 3863
3528 3938
3488 3658
3527 3545
3480 3756
3482 3832
3643 3648
3667 3736
3793 3803
1085 3440
3464 3634
3596 3785
3498 3705
3790 3858
3874 3912
3495 3525
3577 3656
3509 3793
3469 3604
3710 3907
3690 3821
3534 3937
3578 3640
3521 3672
3497 3543
3739 3892
3474 3630
3506 3758
3740 3977
3486 3593
3563 3741
3437 3753
3625 3656
3758 3768
3675 3836
3616 3932
3620 3969
3576 3640
3776 3783
3514 3596
3701 3757
3718 3833
3621 3861
3633 3693
3523 3594
3547 3677
3710 3867
3642 3658
3437 3568
3872 3950
3722 3740
3651 3938
3790 3830
3747 3766
3508 3598
857 3456
3500 3587
3558 3620
3643 3711
3762 3824
3821 3931
3616 3844
3638 3716
3529 3758
3462 3877
3601 3768
3455 3715
3521 3962
3562 3919
3612 3758
3836 3918
3842 3877
3796 3851
3634 3761
3547 3775
862 3677
3731 3785
3735 3753
3823 3927
3797 3851
3830 3864
3679 3939
3758 3833
3609 3962
3757 3836
3710 3722
1085 3962
3437 3586
3758 3810
3743 3857
3498 3867
3617 3927
3667 3684
3684 3948
3734 3948
3842 3968
3780 3966
3702 3731
3478 3920
3610 3764
3609 3938
3455 3713
3842 3948
3764 3834
3793 3810
3471 3873
3554 3945
3568 3786
3621 3689
3793 3833
3510 3752
3555 3754
3751 3923
3503 3838
3527 3528
3734 3938
3463 3591
3554 3752
3756 3968
3707 3891
3475 3851
3718 3969
3528 3545
3880 3970
3456 3858
3785 3858
3442 3778
3528 3687
3493 3792
3500 3696
3555 3593
3437 3939
3523 3649
3538 3857
3535 3823
3642 3659
3675 3899
3448 3693
3576 3596
3652 3676
3725 3739
3595 3868
3545 3902
3822 3826
3696 3920
3521 3698
3628 3725
3674 3886
3545 3824
3495 3944
3573 3576
3858 3926
3519 3571
3437 3548
3794 3826
3713 3867
3603 3672
3711 3794
3450 3731
3443 3630
3896 3976
3528 3926
3676 3825
3674 3841
3612 3836
3568 3915
3830 3919
3545 3755
3625 3797
3533 3734
3437 3476
3553 3563
3497 3966
3437 3721
3467 3533
3663 3740
3492 3756
3866 3906
3530 3551
3813 3911
3571 3701
3506 3569
3680 3843
3535 3782
3614 3945
3873 3938
3838 3891
3442 3590
3443 3906
3459 3614
3660 3870
3591 3855
3525 3842
3637 3756
3774 3836
3438 3517
3483 3754
3525 3721
3737 3938
3445 3743
3584 3593
3485 3514
3448 3485
3465 3918
3545 3681
3475 3930
3486 3714
3639 3883
3672 3926
3456 3831
3618 3750
3590 3756
3703 3968
3596 3627
3902 3938
3568 3680
3596 3684
3573 3930
3587 3960
3535 3758
3769 3977
3784 3793
3830 3970
3576 3658
3497 3596
3559 3902
3727 3949
3630 3945
3503 3930
3525 3970
3465 3774
3485 3528
3450 3497
3460 3829
3491 3842
3587 3641
3651 3929
3446 3549
3841 3950
3457 3831
3444 3861
3437 3938
3859 3861
3459 3529
3584 3903
3618 3842
3458 3648
3821 3906
3891 3926
3466 3668
3604 3617
3743 3917
3675 3837
3452 3545
3540 3618
3526 3573
3924 3951
3483 3617
3772 3968
3546 3863
3521 3735
3508 3840
3728 3735
3522 3979
3726 3909
3481 3581
3448 3737
3815 3867
3646 3924
3505 3827
3493 3903
3817 3831
3617 3895
3519 3708
3579 3759
3774 3837
3662 3745
3517 3851
3514 3557
3524 3770
3538 3892
3701 3975
3638 3848
3640 3707
3526 3753
3460 3915
3490 3662
3591 3794
3690 3895
3440 3684
3488 3877
3708 3837
3609 3750
3558 3758
3799 3844
3656 3734
3671 3770
3520 3672
3456 3693
3574 3762
3466 3784
3497 3542
3437 3680
3627 3804
3774 3910
3447 3580
3599 3636
3465 3759
3558 3786
3471 3475
3533 3674
3586 3841
3541 3868
3509 3569
3838 3845
862 3577
3465 3757
3501 3824
1085 3886
3605 3828
3577 3889
3599 3666
3564 3878
3722 3862
3610 3660
3800 3938
3584 3690
3478 3933
3455 3722
3449 3873
3514 3528
3514 3832
3640 3734
3643 3826
3468 3532
3486 3870
3488 3527
3553 3599
3596 3672
3826 3900
3536 3922
3901 3933
3708 3836
3868 3874
3658 3966
3574 3635
3448 3640
3594 3613
3648 3763
3437 3567
3632 3787
3596 3762
3617 3825
3599 3728
3601 3823
3437 3470
3505 3644
3505 3840
3878 3903
3617 3622
3698 3850
3601 3623
3443 3738
3446 3662
3569 3794
3468 3826
3612 3893
3602 3869
3574 3611
3471 3902
3621 3902
3623 3645
3483 3524
3538 3917
3610 3950
3460 3634
3514 3518
3553 3663
3503 3672
3439 3799
3569 3833
3725 3892
3547 3693
3532 3622
3737 3790
3596 3779
3720 3802
3692 3830
3683 3968
3664 3696
3458 3792
3529 3937
3790 3926
3480 3540
3790 3913
3668 3761
3601 3881
3446 3546
3873 3971
3608 3710
3545 3913
3529 3634
3464 3945
3535 3584
3605 3640
3830 3968
3527 3611
3877 3886
3440 3797
3498 3713
3858 3913
3511 3724
3586 3651
3577 3609
3508 3728
1085 3684
3557 3838
3545 3889
3562 3613
3714 3829
3750 3948
3593 3706
3503 3800
3740 3907
3757 3759
3482 3698
3602 3829
3541 3628
3441 3536
3472 3482
3725 3743
3546 3894
3596 3841
3480 3545
3787 3923
3616 3638
3454 3880
3660 3847
3640 3762
3841 3938
3714 3822
3511 3794
3443 3466
3457 3830
3490 3585
3782 3931
3633 3692
3577 3651
3534 3593
3443 3972
3768 3810
3596 3832
3591 3833
3564 3825
3475 3877
3599 3608
3663 3862
3651 3948
3499 3680
3572 3794
3514 3707
3484 3971
3584 3904
3611 3930
3545 3971
3561 3803
3535 3601
3743 3819
3888 3950
3674 3788
3794 3947
3593 3931
1085 3797
3528 3737
3593 3768
3530 3673
3625 3633
3710 3740
3758 3761
3442 3936
3756 3797
3707 3730
3488 3845
3591 3706
3516 3523
3574 3642
3596 3926
3631 3833
3448 3456
3567 3857
3622 3803
3836 3975
3553 3710
3596 3670
3577 3877
3542 3902
3569 3906
3542 3559
3654 3703
3595 3743
3506 3706
3487 3496
3717 3744
3457 3944
3776 3791
3619 3880
3525 3656
3450 3604
3738 3915
3516 3613
3506 3794
3593 3623
3499 3617
3548 3948
3456 3824
3504 3551
3466 3829
3525 3780
3607 3747
3437 3494
3521 3753
3437 3539
3531 3771
3441 3949
3702 3838
3437 3837
3485 3845
3794 3906
3590 3862
3610 3674
3609 3633
3692 3734
3713 3735
1085 3851
3462 3604
3556 3684
3442 3644
3456 3577
3836 3964
862 3633
3462 3596
3495 3948
3810 3896
3758 3777
3659 3772
3848 3918
3728 3862
3448 3596
698 862
3776 3933
3794 3900
3725 3857
3773 3850
3577 3929
3835 3921
3488 3860
3596 3877
3487 3551
3504 3839
3488 3913
3743 3892
3734 3841
3532 3767
3826 3958
3669 3700
3695 3898
3691 3830
3814 3949
3721 3858
3604 3858
3463 3931
3655 3933
3473 3739
3753 3907
3654 3938
3870 3896
3797 3830
3767 3927
3464 3956
3554 3794
3591 3951
3452 3611
3642 3838
3615 3907
3529 3738
3891 3966
3797 3962
3687 3804
3538 3912
3707 3756
3604 3943
3611 3838
3684 3842
3452 3603
3459 3793
3630 3634
3456 3703
3684 3697
3437 3656
3643 3870
3557 3938
3488 3611
3626 3839
3499 3834
3456 3851
3445 3725
3458 3569
3852 3873
3715 3815
3493 3506
3625 3692
3656 3683
3914 3978
3579 3837
3625 3672
3437 3615
3824 3838
3590 3710
3488 3627
3526 3773
3785 3800
3687 3838
3576 3707
862 3684
3756 3828
3824 3966
3618 3968
3804 3858
3862 3867
3502 3864
3506 3786
3586 3971
3957 3975
3767 3829
3602 3945
3734 3737
3768 3945
3701 3837
3556 3625
3605 3790
3525 3692
3805 3916
3615 3705
3480 3604
3437 3979
3569 3924
3596 3790
3584 3927
3495 3721
3492 3930
3539 3904
3633 3889
3677 3693
3779 3979
3762 3902
3761 3956
3620 3900
3523 3898
3661 3908
3823 3956
3545 3884
3496 3547
3443 3956
3599 3773
3566 3961
3622 3719
3737 3804
3437 3832
3734 3877
3602 3972
3462 3611
3499 3843
3774 3918
3563 3886
3448 3948
3527 3804
3633 3968
3585 3949
3506 3568
3680 3909
3462 3762
3610 3927
3512 3830
3458 3493
3797 3938
3642 3828
3796 3950
3603 3756
3449 3491
3485 3804
3697 3971
3918 3975
3497 3611
3696 3933
3567 3743
3800 3926
3692 3968
3542 3730
3503 3785
3488 3730
3567 3725
3488 3559
3718 3896
3719 3951
3568 3866
3794 3924
3506 3711
3596 3851
3483 3821
3657 3868
3695 3919
3776 3920
862 3797
3534 3612
3437 3948
3782 3793
3918 3923
1085 3721
3442 3865
3514 3730
3469 3764
3599 3753
3542 3543
3640 3884
3437 3682
3456 3651
3651 3750
3558 3969
3596 3800
3459 3469
3455 3608
3514 3687
3561 3604
3915 3972
3743 3871
3577 3677
698 857
3578 3683
3501 3577
3468 3623
3496 3550
3783 3791
3674 3677
3498 3722
3447 3624
3737 3873
3480 3692
857 3495
3657 3857
3706 3714
3559 3930
3511 3896
3511 3866
3577 3873
3641 3920
3616 3918
3460 3956
3493 3584
3900 3976
3475 3845
3517 3877
3822 3870
3526 3590
3598 3698
3500 3508
3501 3677
3448 3845
3947 3973
3508 3521
3750 3830
3907 3960
3625 3721
3596 3633
3449 3456
3659 3779
3925 3961
3822 3900
1085 3633
3765 3830
3810 3881
3499 3947
3584 3768
3630 3829
3670 3702
3604 3828
3656 3750
3485 3966
3593 3718
3584 3951
3584 3631
3751 3789
3854 3918
3464 3724
3475 3501
3442 3470
3443 3645
3501 3797
3931 3947
3473 3538
3584 3763
3644 3850
3576 3785
3465 3975
3924 3976
3437 3860
3501 3721
3641 3655
3561 3612
3585 3679
3506 3822
3499 3793
3741 3797
3702 3948
3528 3559
3443 3915
3725 3819
3446 3814
3486 3855
3866 3881
3613 3898
3526 3769
3501 3692
3692 3962
3586 3684
3518 3790
3583 3931
3609 3886
3458 3822
3449 3938
3501 3525
3557 3858
3734 3962
3599 3740
3440 3633
3623 3947
3615 3921
3705 3921
3448 3475
3438 3633
3645 3782
3509 3718
3563 3948
3592 3626
3559 3762
862 3592
3685 3840
3545 3611
3476 3579
3462 3672
3631 3711
3596 3860
3738 3821
3463 3794
3640 3642
3517 3586
3498 3907
3672 3684
3546 3549
3610 3659
3680 3882
3618 3625
3608 3694
3596 3731
3468 3718
3586 3756
3511 3530
3635 3730
3517 3756
3553 3705
3458 3969
3488 3824
3542 3707
3877 3930
3825 3893
3636 3713
3545 3697
3477 3756
3486 3793
3791 3933
3902 3966
3448 3540
3469 3630
3604 3731
3680 3870
3454 3547
3520 3684
3526 3599
3510 3668
3646 3719
3520 3625
3763 3782
3519 3675
3703 3842
3484 3842
3793 3947
3672 3872
3830 3911
3562 3695
3541 3874
3527 3902
3584 3711
3803 3890
3471 3838
3822 3833
3800 3838
3542 3966
3655 3783
3524 3645
3519 3774
3507 3927
3870 3947
3629 3835
3443 3859
3448 3779
1085 3692
3501 3517
3604 3790
3553 3728
3578 3670
3734 3884
3591 3924
3532 3927
3662 3863
3501 3684
3561 3927
3831 3851
3604 3721
3620 3810
3493 3646
3602 3634
3782 3818
3577 3851
3733 3861
3741 3877
3461 3934
3693 3841
3488 3687
3654 3830
3484 3968
3442 3802
3703 3831
3437 3554
3488 3966
3861 3904
3498 3728
862 3586
3571 3579
3521 3710
3620 3648
3509 3947
3710 3728
3498 3521
3495 3796
3509 3706
3455 3815
3784 3896
3898 3919
3456 3841
3542 3672
3707 3930
3485 3611
3531 3662
3702 3824
3896 3969
3484 3831
3550 3633
3903 3969
3472 3850
3675 3708
3437 3506
3442 3835
3495 3621
3450 3930
3486 3822
3490 3580
3449 3800
3558 3568
3540 3966
3608 3705
3527 3672
3595 3739
3518 3707
3545 3731
3437 3553
3490 3546
3471 3684
3930 3941
3821 3834
3456 3586
3466 3602
3584 3947
3573 3838
3524 3906
3884 3930
3473 3628
3634 3752
1085 3561
3794 3855
3804 3830
3437 3488
3721 3860
3534 3906
3605 3670
3791 3967
3455 3636
3628 3912
3437 3819
3523 3919
3656 3968
3488 3528
3641 3933
3902 3940
3463 3486
3471 3672
3437 3770
3543 3859
3442 3713
3442 3505
3490 3771
3486 3705
3687 3830
3456 3633
3458 3903
3521 3936
3773 3778
3634 3945
3711 3969
3437 3551
3628 3739
3599 3769
3473 3819
3660 3775
3488 3640
3625 3756
3441 3662
3674 3888
3643 3896
3459 3758
3764 3931
3591 3900
3542 3804
3753 3773
3438 3877
3448 3841
3479 3639
3525 3873
3617 3823
3768 3866
3857 3868
3830 3957
3791 3809
3471 3484
3558 3881
3710 3835
3522 3930
3514 3966
3635 3670
3542 3940
3545 3586
3497 3545
3648 3903
3545 3860
3526 3831
3518 3830
3764 3927
3505 3629
3553 3835
3744 3830
3576 3642
3684 3902
3528 3790
3442 3867
3607 3698
3521 3618
3454 3693
3446 3531
3593 3786
3521 3728
3684 3841
3579 3975
3838 3944
3605 3938
3535 3881
3670 3687
3484 3501
3550 3625
3725 3912
3542 3596
3710 3921
3477 3637
3743 3874
3450 3730
3468 3601
3512 3737
