426 563
348 560
495 514
413 465
511 559
376 473
348 466
408 419
366 539
372 429
391 438
348 423
387 567
542 556
412 487
495 570
536 538
415 445
366 526
355 410
426 524
363 514
416 430
359 422
376 526
348 360
404 545
348 546
376 489
391 456
365 520
421 563
348 534
475 546
434 517
395 436
430 484
385 436
396 557
397 516
375 493
426 431
404 536
492 537
394 492
395 417
387 561
473 560
415 460
475 489
395 537
357 486
408 512
391 559
460 523
357 469
382 500
470 531
475 521
388 421
456 538
421 558
504 507
512 526
388 557
432 566
399 501
492 517
417 566
395 497
506 561
475 517
359 562
363 444
373 408
460 514
373 496
504 510
456 525
423 553
445 556
455 565
387 415
460 547
477 554
348 511
402 567
450 500
348 421
415 463
400 456
407 543
432 571
416 497
492 506
348 459
475 496
352 542
348 537
500 527
489 557
432 527
376 400
559 566
402 553
387 524
427 464
470 519
421 545
400 525
376 428
430 456
400 484
473 542
348 349
455 541
360 570
392 500
407 490
419 486
460 465
448 460
374 561
428 473
374 504
367 548
381 551
500 555
456 496
418 557
527 559
438 495
353 560
395 465
394 475
408 409
403 546
508 534
412 423
418 510
355 403
373 414
503 556
503 527
525 567
432 438
430 497
354 557
402 563
513 537
487 556
362 412
398 408
412 503
516 554
414 515
471 569
348 536
402 493
450 548
353 542
395 422
455 539
376 553
436 563
355 418
400 419
366 395
423 484
438 521
563 566
503 542
348 479
348 471
500 507
513 563
348 562
519 531
348 513
366 378
366 431
392 567
497 557
510 555
504 548
526 553
444 449
368 536
542 559
436 553
392 538
352 525
484 520
531 570
360 461
366 493
434 488
396 450
445 492
378 517
467 572
421 504
450 463
408 493
543 545
428 545
474 500
398 536
435 497
368 526
440 479
439 566
504 528
517 545
462 525
373 545
507 544
439 567
432 561
373 492
372 410
348 377
417 479
433 563
397 457
397 554
374 524
348 465
511 517
475 506
475 567
417 461
412 432
538 561
456 495
421 500
444 495
392 553
364 399
378 492
431 472
473 515
451 561
529 531
506 513
352 503
355 361
414 436
370 527
348 500
350 384
430 493
487 525
348 484
433 533
396 519
348 458
388 483
496 553
436 517
426 471
524 544
504 521
455 546
428 506
369 455
392 431
492 500
395 452
416 567
514 520
366 373
517 553
391 483
34 428
370 458
484 517
458 489
392 404
348 509
415 542
456 473
456 506
350 561
528 553
427 563
507 524
353 514
502 539
429 504
451 465
367 525
376 507
361 519
419 537
459 516
363 409
368 525
460 506
512 545
400 566
479 536
392 430
544 561
428 484
361 475
444 556
389 457
363 527
465 507
435 555
419 452
373 391
504 514
419 440
475 555
413 415
370 428
442 523
500 513
477 485
461 506
350 531
438 514
483 559
376 517
560 561
348 462
418 506
348 397
417 513
366 559
367 481
409 456
432 465
431 440
348 569
378 497
395 460
431 483
475 487
475 481
367 378
432 570
434 492
348 415
449 504
428 512
367 474
395 400
465 525
485 563
415 558
456 545
350 426
425 427
381 509
445 542
355 555
367 546
539 568
374 451
497 503
352 398
404 419
494 537
392 514
402 422
368 559
396 548
404 494
506 521
497 560
504 553
414 423
465 544
360 442
400 465
412 537
428 567
392 560
462 487
465 475
419 559
439 517
348 533
457 477
430 526
361 396
353 483
368 538
366 430
355 481
390 539
422 481
370 419
387 428
434 458
412 484
375 431
378 500
378 487
348 549
451 514
367 502
469 540
412 525
402 415
432 525
391 514
373 421
412 513
445 495
439 477
396 410
531 546
512 556
560 565
466 481
428 514
489 555
404 421
470 555
366 460
398 484
432 455
409 517
490 548
479 561
374 482
348 403
455 563
532 572
428 438
402 425
456 553
515 517
376 538
438 556
348 519
461 544
430 483
514 544
370 461
348 499
357 505
392 525
407 510
348 442
382 555
438 506
455 553
370 378
402 495
483 497
391 548
374 497
353 430
431 436
400 445
397 563
494 559
392 475
368 408
451 506
360 523
400 438
472 567
392 456
405 563
465 567
438 473
360 555
404 440
348 425
503 553
354 497
431 432
348 530
348 439
419 527
357 554
409 419
482 507
417 567
420 567
436 566
412 527
540 560
544 566
479 492
352 493
391 465
376 436
360 553
391 488
400 408
482 484
511 512
507 557
407 458
510 563
376 395
376 524
374 463
425 520
376 513
409 412
379 532
417 506
503 517
515 527
414 513
479 517
548 555
408 520
376 481
366 496
515 557
444 488
423 465
463 542
370 469
450 497
494 536
504 539
398 493
360 567
348 352
398 445
402 438
398 545
446 487
506 519
402 465
404 512
474 557
459 518
376 413
360 495
422 553
376 394
436 478
492 560
423 538
537 569
423 525
478 508
483 553
538 566
462 494
505 509
479 493
507 526
537 560
355 500
361 376
557 570
348 409
506 520
359 481
370 412
431 434
348 570
389 459
438 546
418 568
348 396
395 524
431 471
436 496
507 570
487 503
411 498
374 527
360 438
413 461
376 556
348 436
513 567
376 497
412 520
514 537
402 436
355 402
402 413
398 409
402 513
460 558
428 430
387 408
404 482
360 422
397 420
408 517
520 524
349 508
518 554
370 452
465 517
455 543
348 515
504 544
524 559
368 497
417 508
439 520
463 555
421 543
388 445
359 555
520 563
497 515
409 503
451 544
420 537
348 493
382 547
348 478
392 503
366 497
423 503
436 465
400 415
431 492
375 479
456 567
431 538
348 541
399 564
350 527
513 523
428 436
396 546
425 428
373 428
412 434
419 422
452 555
450 475
348 385
438 497
391 524
404 409
504 555
416 432
438 483
376 475
500 547
397 544
527 542
398 494
430 569
408 440
414 506
378 524
391 512
366 408
483 507
423 436
497 566
423 560
483 520
395 536
412 549
366 553
373 439
348 399
422 570
422 561
395 559
348 437
366 404
497 546
456 520
431 462
362 570
362 371
359 557
365 556
452 500
391 414
