694 726
686 853
686 845
697 727
686 724
814 828
705 773
752 784
718 827
686 745
691 771
686 762
815 847
686 689
713 851
735 800
738 745
709 777
727 849
771 818
695 700
697 849
769 774
691 833
764 807
730 763
781 794
828 849
755 793
726 853
820 823
792 835
697 745
789 839
713 738
840 848
754 828
755 797
713 850
767 768
688 740
820 849
713 719
736 742
766 805
723 826
842 853
766 815
686 778
687 703
708 760
697 753
724 742
774 819
686 746
805 818
734 778
695 718
705 737
755 849
697 731
694 821
761 848
719 829
708 730
705 780
782 833
742 768
766 830
693 824
703 705
787 817
686 721
731 827
695 840
719 752
702 714
774 807
820 830
686 770
724 853
686 720
727 766
739 747
769 828
713 805
745 827
734 849
732 802
733 829
719 827
705 800
688 754
686 779
705 853
694 703
695 834
694 727
752 828
764 779
724 829
785 846
728 730
738 784
695 701
774 853
724 834
745 752
837 840
795 829
724 805
726 815
805 844
686 759
830 853
695 794
703 781
762 805
823 848
697 840
712 742
739 787
713 800
688 847
823 835
724 821
709 739
686 730
729 753
686 844
698 811
735 769
738 842
747 804
730 787
708 719
734 853
815 828
780 823
713 824
718 748
711 752
807 856
697 834
826 830
700 815
686 690
698 810
718 809
780 838
780 830
726 752
751 842
696 795
686 805
722 768
688 723
705 754
686 696
724 754
686 704
732 818
713 782
789 806
686 775
756 847
724 752
709 835
800 856
695 829
720 803
824 843
686 760
722 737
815 837
726 754
719 745
745 805
697 844
807 819
719 760
697 780
707 712
688 780
695 844
734 785
689 702
816 833
689 839
705 761
713 840
719 728
806 833
713 794
703 824
688 828
697 856
737 837
720 745
698 823
726 824
686 772
686 743
688 752
738 826
766 823
708 753
713 847
765 780
763 836
781 834
747 797
786 813
792 838
845 849
687 807
718 758
745 784
765 807
771 791
703 815
798 855
719 840
752 853
713 774
723 830
718 828
704 848
730 764
745 773
736 746
747 837
727 805
725 839
828 847
748 758
719 805
768 822
713 745
796 818
773 780
694 830
713 734
760 823
698 747
747 807
824 853
737 830
686 795
806 822
784 828
800 805
753 769
719 727
799 813
686 797
739 819
686 840
686 814
715 834
739 824
686 758
755 787
697 772
690 713
745 810
724 738
713 722
745 790
768 833
712 816
727 828
746 816
774 824
760 827
722 820
705 772
760 794
686 822
731 830
713 777
784 794
728 739
731 853
797 808
705 781
713 736
718 834
747 774
686 734
713 830
687 820
686 815
726 780
705 847
700 784
728 820
800 823
767 796
718 823
747 838
814 827
686 819
754 824
838 840
695 847
686 726
687 830
747 823
719 794
686 818
686 694
705 755
781 823
727 842
805 829
747 752
705 722
716 820
698 713
830 844
687 728
739 780
694 760
748 764
688 726
705 828
774 820
704 777
797 809
686 802
797 849
824 830
694 853
686 811
734 829
686 687
826 842
713 833
814 834
706 805
782 804
771 850
695 824
816 850
727 848
686 765
834 844
754 773
784 854
703 759
694 842
728 835
697 765
686 751
713 766
716 741
779 780
784 827
697 777
698 825
765 823
781 830
748 770
751 830
732 788
752 834
695 711
724 842
713 845
696 780
754 840
805 817
764 783
687 688
719 814
819 828
770 777
695 754
755 836
828 844
697 705
687 856
694 828
827 849
703 709
795 813
708 828
813 833
774 828
780 824
698 772
706 719
752 820
699 833
719 817
701 724
762 810
802 818
697 818
779 792
791 806
779 838
812 824
688 849
713 818
719 828
716 763
805 840
749 757
693 697
713 762
745 747
760 828
705 829
697 719
796 822
765 856
819 838
778 819
719 819
687 828
820 824
694 710
793 809
731 784
694 745
719 847
703 748
705 720
799 835
732 806
762 814
688 834
773 823
694 754
686 706
753 819
766 834
800 851
694 706
686 710
747 783
686 776
781 810
713 752
793 817
686 808
709 838
686 773
737 843
686 699
688 772
800 828
811 856
738 794
713 813
759 766
756 805
709 828
700 745
836 853
724 734
728 809
701 794
782 813
688 696
707 742
827 842
695 810
713 773
763 849
696 774
743 833
747 780
828 838
764 809
788 806
686 843
708 824
755 845
705 843
760 784
727 784
694 827
731 773
686 725
686 783
688 724
734 766
701 842
830 840
824 847
705 787
687 759
686 807
694 737
798 852
725 732
709 843
713 810
718 747
705 724
828 856
695 734
693 734
712 767
686 732
729 856
792 819
772 781
706 853
715 842
686 714
698 753
731 752
703 728
752 805
728 781
764 817
815 838
774 810
705 803
705 764
807 838
711 829
835 837
686 831
745 751
747 830
719 781
752 831
745 755
689 714
686 700
773 827
779 840
695 760
718 730
772 814
706 815
738 805
686 711
697 766
696 778
745 781
793 808
686 747
728 759
693 713
773 842
737 805
823 838
758 781
719 747
697 769
753 856
725 818
748 793
741 820
747 748
774 843
705 799
686 688
741 747
781 817
705 819
686 787
815 834
705 741
780 834
800 810
766 828
773 774
703 758
701 760
707 833
698 803
686 722
702 725
765 835
686 798
690 773
792 823
710 803
694 847
686 735
687 805
808 809
709 754
727 845
739 805
726 828
686 702
688 734
728 803
822 829
727 800
713 778
731 781
686 790
762 781
708 769
766 800
728 754
786 833
689 771
698 745
766 847
686 729
768 839
728 856
691 822
690 694
719 773
784 824
686 705
696 784
686 703
734 842
762 827
734 784
784 842
797 827
838 856
705 713
781 849
728 824
693 695
745 799
713 721
695 842
713 814
827 834
822 839
719 849
806 850
763 770
686 824
745 853
805 834
695 706
740 770
705 810
758 793
708 755
719 784
718 814
686 821
824 829
747 848
705 747
771 802
690 831
686 731
728 737
828 840
689 712
769 856
728 817
696 697
694 774
695 726
737 773
734 803
712 782
781 784
686 771
780 845
726 760
760 830
708 713
713 784
701 713
694 810
732 791
823 853
736 788
703 779
686 804
720 774
714 822
728 765
746 782
688 823
704 799
820 848
828 851
823 834
686 692
719 845
727 824
696 739
787 797
719 756
697 726
705 758
742 829
686 834
731 805
763 803
747 840
686 753
779 824
686 827
713 742
711 795
783 797
824 849
773 781
827 853
719 774
782 829
781 829
760 800
787 827
686 695
711 766
703 765
686 820
713 817
686 754
686 736
793 849
711 828
723 745
733 839
713 748
696 747
724 760
766 827
812 837
779 835
695 724
799 845
715 805
755 814
718 803
760 834
686 846
715 781
728 773
697 713
705 719
764 787
696 840
792 828
711 724
686 717
702 839
719 762
719 853
727 770
817 827
686 832
747 800
723 734
696 713
690 731
828 830
800 845
705 814
728 828
762 842
840 856
708 819
742 789
732 771
722 745
792 805
719 823
728 838
735 819
713 726
805 843
694 695
708 797
756 826
697 800
705 808
783 809
686 809
741 800
739 807
810 828
718 764
708 840
828 829
821 836
715 745
752 827
817 819
819 830
695 697
695 751
686 817
687 697
820 831
755 783
686 715
745 794
803 837
687 783
758 849
696 828
688 771
760 829
723 766
745 774
751 784
724 784
700 794
815 819
752 766
824 835
724 824
760 824
745 828
745 817
795 820
783 787
747 792
688 751
694 800
686 707
697 828
731 810
722 738
686 739
694 697
747 815
747 764
703 838
686 826
777 824
686 718
696 738
755 827
728 764
789 833
719 772
713 815
752 815
724 736
710 853
800 834
817 830
703 823
752 829
792 807
820 834
810 823
736 850
697 748
748 817
698 729
713 780
711 745
802 806
733 786
719 731
728 774
787 793
708 781
768 816
735 856
834 847
707 736
705 807
805 853
766 771
686 793
697 820
741 823
819 827
703 820
697 827
734 847
748 787
710 805
769 800
786 829
694 812
747 805
716 849
767 839
714 789
756 827
766 780
726 812
745 845
696 845
781 814
694 738
698 703
754 838
694 781
686 792
701 830
710 847
774 811
739 740
686 801
770 828
696 719
781 827
718 781
707 714
716 795
731 745
818 822
687 747
719 787
686 755
709 819
708 800
737 815
720 832
688 845
720 730
770 797
723 849
774 805
781 787
747 753
780 815
754 835
705 830
778 844
781 824
720 808
693 828
686 842
709 840
791 822
701 774
793 850
794 795
763 820
769 811
721 848
787 809
703 792
696 829
764 824
696 745
830 846
761 827
830 849
719 834
687 819
824 844
745 760
815 853
686 838
694 752
754 780
805 824
717 852
719 722
764 797
819 834
805 828
784 834
686 830
805 847
738 774
709 805
781 815
738 751
815 830
731 847
705 763
693 726
708 747
693 837
747 769
823 830
800 853
770 845
810 827
758 787
828 834
688 853
780 803
828 845
741 781
805 810
823 856
697 781
718 762
686 756
694 696
713 819
694 711
827 830
695 784
723 824
694 722
701 781
705 834
718 793
828 848
703 835
773 820
764 793
771 789
740 817
696 842
745 814
688 766
792 837
702 732
728 747
686 788
784 853
698 798
814 853
694 772
825 856
713 853
705 824
745 829
723 828
793 797
780 835
780 792
724 726
686 749
733 782
696 853
718 770
712 714
792 850
823 843
706 773
774 784
807 828
745 795
708 811
716 770
807 843
758 817
732 822
690 784
727 830
782 786
754 792
817 850
752 847
803 840
726 745
828 837
728 823
830 856
761 842
708 724
792 803
726 751
686 738
754 777
760 805
687 739
719 759
771 806
713 760
830 845
772 845
797 828
706 713
719 734
741 807
697 747
736 818
695 781
701 726
792 815
783 827
694 756
701 834
758 814
695 766
713 724
830 847
766 810
731 815
707 767
697 721
701 845
688 695
687 838
711 784
773 828
688 777
777 779
705 845
765 792
713 772
760 766
686 768
711 853
727 846
766 853
697 708
694 731
823 828
810 842
705 784
724 786
709 823
745 815
705 836
828 835
770 849
781 800
829 853
726 845
711 847
823 824
781 809
724 823
791 796
711 842
713 731
719 800
713 848
752 759
760 781
805 831
713 823
703 827
686 701
709 824
708 856
686 856
823 840
713 781
703 741
691 782
820 853
686 782
770 799
701 754
819 840
766 824
703 831
777 830
708 774
763 804
686 786
770 824
687 774
793 836
694 829
726 820
687 823
697 835
805 819
810 856
724 773
694 719
694 784
772 827
747 810
819 835
713 816
705 718
757 775
730 849
694 798
817 828
726 830
739 828
822 850
787 849
797 817
820 845
703 747
806 818
705 827
703 787
789 818
705 805
697 830
780 828
697 824
753 823
714 839
686 737
734 770
720 809
706 784
752 810
719 766
688 821
814 829
696 834
844 848
705 823
686 697
777 829
810 847
728 792
694 766
796 829
779 807
781 805
768 789
713 747
773 834
739 754
688 727
708 849
720 739
815 823
728 783
698 774
728 780
766 784
745 758
783 793
697 842
705 706
695 853
773 853
751 795
713 746
829 847
705 738
738 760
783 820
703 754
741 770
708 814
797 831
686 741
828 842
733 795
702 822
686 748
686 727
728 741
747 758
755 808
688 774
686 837
773 815
706 731
780 840
736 833
688 747
696 773
800 830
721 736
767 822
693 705
720 764
773 810
805 823
766 849
790 832
712 789
719 764
765 843
835 838
803 832
805 814
697 701
810 815
755 758
794 842
703 730
694 705
824 838
773 821
787 808
764 843
711 738
772 800
805 837
695 696
824 848
745 842
741 828
713 827
739 757
686 785
687 817
705 728
799 814
747 803
714 771
748 797
687 718
697 815
705 835
686 841
719 810
711 810
705 715
718 745
724 848
737 820
731 774
686 816
740 841
705 778
810 834
805 842
783 817
709 848
698 840
738 829
724 827
737 828
703 828
686 784
697 819
705 809
687 779
770 803
686 855
705 831
695 745
718 805
787 823
686 709
713 834
688 770
724 745
719 724
697 698
686 744
695 719
824 826
752 830
728 807
737 745
705 820
686 849
718 815
686 851
686 836
824 828
781 842
761 805
736 782
687 777
686 852
713 844
829 834
781 828
696 824
787 836
778 834
693 823
768 786
690 820
714 725
688 840
779 828
726 844
686 848
740 748
696 830
703 793
708 823
714 732
778 830
705 726
745 830
687 765
697 823
742 759
828 846
724 814
695 738
688 805
712 768
696 823
686 850
730 747
795 853
758 827
766 826
713 829
686 712
750 770
704 770
752 824
714 767
728 787
765 779
695 815
703 819
724 778
747 773
686 698
834 842
764 827
731 834
805 807
724 795
705 770
718 797
690 853
713 787
731 828
719 824
686 766
720 787
787 803
707 746
698 719
747 831
741 836
688 830
727 847
729 804
726 821
744 848
698 776
686 828
726 778
747 765
703 856
686 733
745 820
748 831
773 847
730 797
748 830
719 733
814 842
772 805
805 815
724 777
762 799
728 797
703 718
738 752
727 853
745 813
686 799
719 842
697 754
686 835
780 805
774 840
770 772
728 805
722 829
723 727
791 818
694 805
741 827
706 810
726 731
716 718
718 720
705 748
