694 726
686 853
686 845
697 727
686 724
814 828
705 773
752 784
718 827
686 745
691 771
686 762
815 847
686 689
713 851
735 800
738 745
709 777
727 849
771 818
695 700
697 849
769 774
691 833
764 807
730 763
781 794
828 849
755 793
726 853
820 823
792 835
697 745
789 839
713 738
840 848
754 828
755 797
713 850
767 768
688 740
820 849
713 719
736 742
766 805
723 826
842 853
766 815
686 778
687 703
708 760
697 753
724 742
774 819
686 746
805 818
734 778
695 718
705 737
755 849
697 731
694 821
761 848
719 829
708 730
705 780
782 833
742 768
766 830
693 824
703 705
787 817
686 721
731 827
695 840
719 752
702 714
774 807
820 830
686 770
724 853
686 720
727 766
739 747
769 828
713 805
745 827
734 849
732 802
733 829
719 827
705 800
688 754
686 779
705 853
694 703
695 834
694 727
752 828
764 779
724 829
785 846
728 730
738 784
695 701
774 853
724 834
745 752
837 840
795 829
724 805
726 815
805 844
686 759
830 853
695 794
703 781
762 805
823 848
697 840
712 742
739 787
713 800
688 847
823 835
724 821
709 739
686 730
729 753
686 844
698 811
735 769
738 842
747 804
730 787
708 719
734 853
815 828
780 823
713 824
718 748
711 752
807 856
697 834
826 830
700 815
686 690
698 810
718 809
780 838
780 830
726 752
751 842
696 795
686 805
722 768
688 723
705 754
686 696
724 754
686 704
732 818
713 782
789 806
686 775
756 847
724 752
709 835
800 856
695 829
720 803
824 843
686 760
722 737
815 837
726 754
719 745
745 805
697 844
807 819
719 760
697 780
707 712
688 780
695 844
734 785
689 702
816 833
689 839
705 761
713 840
719 728
806 833
713 794
703 824
688 828
697 856
737 837
720 745
698 823
726 824
686 772
686 743
688 752
738 826
766 823
708 753
713 847
765 780
763 836
781 834
747 797
786 813
792 838
845 849
687 807
718 758
745 784
765 807
771 791
703 815
798 855
719 840
752 853
713 774
723 830
718 828
704 848
730 764
745 773
736 746
747 837
727 805
725 839
828 847
748 758
719 805
768 822
713 745
796 818
773 780
694 830
713 734
760 823
698 747
747 807
824 853
737 830
686 795
806 822
784 828
800 805
753 769
719 727
799 813
686 797
739 819
686 840
686 814
715 834
739 824
686 758
755 787
697 772
690 713
745 810
724 738
713 722
745 790
768 833
712 816
727 828
746 816
774 824
760 827
722 820
705 772
760 794
686 822
731 830
713 777
784 794
728 739
731 853
797 808
705 781
713 736
718 834
747 774
686 734
713 830
687 820
686 815
726 780
705 847
700 784
728 820
800 823
767 796
718 823
747 838
814 827
686 819
754 824
838 840
695 847
686 726
687 830
747 823
719 794
686 818
686 694
705 755
781 823
727 842
805 829
747 752
705 722
716 820
698 713
830 844
687 728
739 780
694 760
748 764
688 726
705 828
774 820
704 777
797 809
686 802
797 849
824 830
694 853
686 811
734 829
686 687
826 842
713 833
814 834
706 805
782 804
771 850
695 824
816 850
727 848
686 765
834 844
754 773
784 854
703 759
694 842
728 835
697 765
686 751
713 766
716 741
779 780
784 827
697 777
698 825
765 823
781 830
748 770
751 830
