487 513
373 461
362 558
366 438
373 553
400 434
463 519
348 567
444 487
412 460
389 424
391 400
545 570
482 517
452 513
395 507
362 535
415 563
515 559
514 525
542 561
462 512
416 465
348 356
431 493
400 461
353 404
493 545
455 466
408 484
373 559
348 444
424 505
348 540
400 544
483 526
385 507
348 380
431 465
370 523
353 363
500 519
458 497
460 545
419 567
561 567
348 434
395 511
352 394
348 460
368 456
418 463
353 428
414 567
393 399
381 424
400 432
431 500
553 567
370 430
392 566
439 563
497 555
462 536
452 566
426 544
355 474
378 542
459 486
561 566
455 528
380 509
465 556
387 436
497 517
389 497
437 499
460 497
439 442
366 517
354 355
348 455
422 449
348 369
428 561
479 512
348 390
416 417
507 525
414 492
423 513
376 390
483 525
503 511
408 538
378 471
456 479
409 431
490 523
412 452
387 444
409 462
440 538
414 563
397 514
506 537
500 524
378 423
402 417
376 520
462 538
506 514
525 544
444 475
410 548
348 435
374 496
355 565
400 542
461 471
458 514
515 525
391 458
435 563
444 504
348 557
369 561
388 507
360 432
558 570
389 516
500 560
458 469
479 545
368 431
514 541
361 405
501 564
373 546
413 542
504 541
376 545
373 412
438 513
376 527
414 566
451 556
409 492
497 559
354 361
370 559
497 500
418 523
414 431
388 544
452 510
373 565
378 482
391 412
388 496
402 497
408 545
353 484
369 433
374 376
457 563
355 382
458 490
408 560
435 518
419 428
397 546
363 544
361 568
445 465
348 453
387 461
452 547
519 546
415 495
374 563
348 551
348 454
398 431
500 565
517 556
360 370
484 544
198 564
429 522
456 559
360 542
492 542
395 556
493 511
363 402
354 507
413 473
376 461
452 460
355 510
374 525
359 396
417 431
409 500
348 473
353 376
367 490
402 412
398 462
508 563
371 542
452 553
368 494
360 507
348 451
423 524
438 566
432 456
367 373
369 419
511 556
367 504
456 462
353 391
493 503
378 417
389 554
378 436
348 477
420 569
370 376
431 479
387 503
392 515
359 367
439 514
355 463
515 519
497 527
438 492
504 563
408 465
350 455
414 428
366 555
378 561
523 563
376 531
348 375
376 410
373 514
503 560
484 506
392 423
465 535
363 526
469 518
353 366
430 525
363 481
352 517
366 524
423 497
417 545
373 460
412 529
484 515
463 524
370 388
495 520
348 416
461 559
493 560
348 461
469 553
353 567
392 487
500 557
410 557
507 559
457 516
352 479
475 566
492 567
496 566
409 515
381 516
417 544
451 569
436 542
397 523
432 521
400 482
425 434
465 506
357 477
373 523
348 481
385 483
408 556
482 515
408 536
414 496
444 517
457 505
400 409
475 484
417 527
520 527
354 403
431 507
373 387
414 514
471 514
412 523
428 451
353 500
518 551
465 569
402 475
366 376
514 570
439 523
370 514
402 421
408 445
465 570
400 503
473 525
461 483
419 487
404 462
419 526
348 357
483 517
438 525
396 510
487 538
475 542
531 539
463 507
417 523
359 391
429 539
408 479
471 537
368 404
414 480
382 531
369 516
475 514
424 516
437 498
376 442
397 531
525 545
474 547
419 423
370 451
353 471
348 355
427 549
520 523
515 548
417 570
173 549
503 526
352 368
553 566
442 475
483 492
414 461
556 563
374 521
463 483
460 567
416 483
367 412
369 486
404 500
420 432
440 496
373 558
517 536
483 538
395 525
370 524
388 523
400 475
393 564
366 503
387 559
363 542
391 503
356 411
483 566
427 428
482 496
544 570
373 413
350 433
526 559
373 506
517 527
494 517
400 444
378 461
348 441
370 420
367 455
400 517
397 419
412 488
428 525
414 483
473 483
352 538
404 566
357 457
513 557
366 542
355 548
513 520
432 451
408 430
376 502
360 544
373 513
514 559
507 553
432 460
432 513
405 478
396 500
507 563
353 496
350 543
348 395
408 444
366 417
423 558
406 532
419 456
375 456
497 526
362 482
428 558
366 548
503 539
395 414
388 567
416 493
503 559
513 542
376 387
504 546
380 554
408 417
360 513
348 470
378 431
444 507
387 525
402 566
484 567
395 463
419 536
378 428
369 518
412 416
452 463
439 561
348 559
366 482
412 555
443 453
348 563
397 513
417 520
408 524
439 465
348 353
510 528
366 436
348 475
396 475
375 484
355 528
409 479
348 565
474 489
457 486
494 561
366 374
460 521
350 407
368 500
402 500
524 527
352 412
396 470
398 404
395 544
432 555
368 521
414 422
374 488
438 548
432 439
412 507
456 497
348 440
452 470
355 497
484 525
413 460
378 502
400 561
357 459
366 566
376 546
489 547
455 531
430 471
421 455
402 517
431 513
451 553
538 542
455 510
348 382
520 567
370 565
352 462
370 460
515 553
503 513
436 511
403 547
503 567
497 544
428 463
452 475
378 434
376 456
361 474
455 504
402 544
475 502
525 537
395 512
376 570
423 425
470 547
367 403
402 570
538 545
527 561
403 475
486 551
420 506
520 553
388 400
486 554
434 563
348 420
412 482
372 539
400 488
400 556
389 518
407 504
519 548
492 514
455 561
430 537
500 517
392 492
353 524
431 438
481 522
439 513
392 527
376 378
400 428
465 515
348 539
369 424
363 492
366 368
368 395
376 511
398 527
483 557
465 558
374 402
431 537
507 517
394 520
402 545
348 480
483 514
391 394
355 359
369 442
507 515
432 569
503 514
363 500
348 486
351 564
357 509
363 414
391 423
439 570
428 452
465 484
483 515
354 463
493 525
395 428
393 441
355 515
451 513
438 500
438 496
424 518
420 514
463 560
444 538
496 506
525 566
370 423
360 365
373 556
456 465
367 391
378 544
513 544
442 563
361 555
400 431
461 548
394 566
432 541
417 438
545 566
370 395
483 484
361 547
417 421
376 483
351 364
375 494
394 511
424 551
412 558
452 559
348 497
523 553
348 487
404 493
374 545
350 419
365 513
500 553
404 561
348 431
361 481
391 506
353 515
367 483
198 549
366 428
395 517
405 428
353 475
352 492
517 544
434 478
412 436
