285 345
34 173
265 325
322 345
1 133
67 277
0 84
277 311
273 306
80 299
92 180
55 239
108 184
0 50
80 204
72 113
194 254
0 25
72 132
105 236
51 84
254 266
45 303
62 67
186 188
243 310
55 67
203 238
122 304
113 200
180 346
0 269
144 312
67 170
199 222
39 105
0 73
1 126
36 251
19 214
24 194
66 308
10 277
0 117
0 124
118 161
3 280
53 180
258 323
39 161
25 239
164 285
25 285
118 252
251 320
0 248
238 265
40 203
0 342
0 239
130 213
48 199
187 302
280 322
199 271
266 302
199 231
271 297
139 251
277 291
158 332
104 142
104 188
188 291
1 315
30 200
0 154
122 281
89 327
23 144
95 319
223 239
26 257
0 330
60 239
21 203
203 342
149 333
26 40
122 248
0 222
122 252
0 162
158 315
71 307
17 116
1 48
25 158
38 141
89 95
75 304
30 322
281 284
169 332
223 246
49 192
273 328
239 304
245 259
7 103
135 281
143 175
23 155
0 21
119 280
184 281
0 281
84 304
10 67
1 54
246 340
86 278
168 339
250 252
26 56
140 214
55 200
168 277
280 290
172 203
78 195
309 320
101 330
48 330
96 190
60 322
56 342
200 280
3 72
119 324
142 285
1 92
94 315
19 174
161 339
162 312
224 232
313 315
31 122
82 203
0 68
9 75
26 67
300 320
30 271
203 338
175 227
258 295
280 297
178 329
25 67
0 331
130 322
0 250
30 303
0 197
261 271
119 323
128 170
113 271
5 204
141 236
163 249
304 334
128 271
238 342
213 308
115 140
5 122
7 322
0 90
92 302
67 342
199 315
200 304
188 224
223 325
22 347
185 285
56 169
156 258
188 274
199 212
45 132
56 331
200 297
111 214
0 55
54 329
122 170
199 288
271 285
73 299
100 163
0 244
203 261
16 29
199 261
64 100
204 254
29 203
21 123
25 65
40 332
9 79
243 337
203 313
67 123
9 25
25 51
9 224
30 48
62 96
173 202
122 136
230 253
26 223
21 134
285 323
13 56
0 341
109 297
59 82
72 200
172 313
0 10
0 29
275 306
3 200
169 291
56 341
0 333
147 319
56 170
20 343
242 346
169 252
0 256
9 323
180 204
214 230
38 248
200 224
265 342
0 132
23 83
17 140
222 325
304 332
55 252
84 313
56 72
40 77
199 211
67 158
7 308
257 295
0 94
4 152
277 339
318 334
21 212
56 332
118 222
38 332
25 98
113 252
97 230
56 63
77 294
0 218
21 40
75 272
0 194
239 344
305 312
0 262
251 284
186 277
98 200
133 276
85 170
31 277
28 116
121 206
76 270
116 343
285 322
105 280
96 314
5 316
67 323
72 232
142 322
53 266
122 161
9 119
82 211
75 200
0 246
91 193
103 172
1 53
177 227
19 289
184 197
27 119
0 98
25 280
239 277
188 334
3 170
104 200
45 200
113 172
128 186
165 342
134 199
68 175
56 200
0 308
188 304
26 291
304 322
211 313
185 315
211 331
118 304
315 322
257 344
26 69
19 312
141 172
93 337
21 280
13 265
168 347
44 312
62 223
0 133
68 225
0 185
308 338
140 144
150 329
104 271
21 98
56 161
137 167
136 146
3 274
0 16
315 323
82 238
231 315
9 341
96 213
144 226
0 202
137 326
128 315
53 315
116 140
110 264
144 343
128 176
23 116
14 41
211 222
29 82
311 344
48 130
26 119
149 343
31 280
0 32
252 315
7 347
184 329
23 124
122 342
111 343
0 7
130 300
280 304
92 346
9 295
188 272
0 183
98 272
88 303
119 297
79 272
88 126
142 158
87 136
67 297
17 214
0 254
137 289
0 190
200 322
303 315
297 323
212 252
119 128
0 285
175 296
315 339
113 325
236 271
213 285
25 141
26 170
213 231
80 266
59 238
0 42
25 26
56 334
261 325
178 231
88 130
53 254
104 123
21 184
23 227
119 217
0 219
130 277
67 212
132 317
258 272
30 178
175 263
141 304
172 298
60 313
20 149
62 224
226 326
194 196
308 322
101 187
197 272
0 134
137 140
0 119
224 315
104 203
0 121
331 332
187 266
40 325
99 131
92 242
65 314
5 235
26 332
0 267
221 322
45 221
223 252
324 329
0 28
135 320
203 324
122 186
109 285
26 123
248 311
94 346
119 318
0 279
0 17
252 324
59 211
233 256
158 322
13 223
56 277
41 115
55 277
56 271
63 342
56 119
162 326
143 225
36 197
188 200
115 312
21 119
21 170
21 223
238 271
252 304
23 240
56 265
28 140
142 170
9 203
150 171
94 101
119 313
109 158
31 67
56 212
17 19
93 167
24 94
271 280
324 340
9 72
170 223
25 79
57 108
87 161
41 116
31 339
271 272
0 334
25 283
238 313
0 168
98 223
239 322
29 40
99 177
149 226
99 143
119 132
9 329
195 218
113 165
55 104
200 332
6 219
17 137
67 104
50 148
158 168
0 339
136 322
67 248
21 108
17 111
299 300
170 252
59 186
40 272
92 330
0 261
222 313
88 336
186 285
136 285
85 322
161 252
119 199
127 251
181 273
22 277
56 188
26 142
213 242
226 333
25 73
229 334
94 300
67 290
67 136
17 41
143 177
142 188
72 291
239 295
22 168
170 200
246 304
21 334
158 325
175 278
207 322
104 332
172 308
21 67
186 272
252 265
50 203
0 40
67 271
0 319
73 126
48 88
0 193
40 67
56 118
56 285
152 275
127 309
127 346
113 169
40 56
252 345
119 329
0 336
130 204
25 103
67 272
105 257
26 277
56 142
41 230
50 146
56 221
109 122
55 186
98 104
39 313
67 185
170 239
116 149
56 298
0 83
236 314
180 266
0 48
99 227
169 236
257 258
213 224
71 230
39 200
249 304
169 185
177 225
165 200
9 67
26 203
103 211
185 322
94 320
56 238
172 331
93 137
184 346
119 342
121 236
31 252
7 339
176 239
169 315
75 274
137 214
133 188
2 116
249 266
122 123
188 342
56 122
70 230
41 140
0 96
320 346
50 113
78 306
111 279
116 162
9 186
82 325
172 199
66 67
252 291
159 272
158 291
30 213
290 342
199 324
132 158
0 1
7 22
281 309
0 15
88 106
67 345
246 308
208 291
113 142
66 113
246 339
4 78
40 212
2 343
171 217
0 76
14 151
231 332
56 261
53 249
7 213
113 121
25 72
67 156
23 99
119 277
19 41
103 285
223 261
248 252
200 324
25 325
45 122
20 115
161 325
0 37
0 116
195 273
0 311
35 143
99 296
254 299
87 246
72 329
109 203
109 252
0 146
303 345
57 204
118 134
213 332
98 315
9 176
82 314
51 237
308 323
271 313
260 339
203 272
53 242
98 123
20 111
200 271
96 323
122 285
304 315
85 176
21 142
261 345
224 271
246 322
10 142
118 265
194 302
311 325
105 148
211 261
9 199
302 330
4 195
130 329
246 285
142 200
133 232
249 315
66 252
159 172
284 309
115 220
67 69
63 313
101 299
57 277
0 322
32 310
199 325
184 284
222 240
149 162
118 268
135 197
161 308
82 231
252 308
9 133
0 62
13 277
25 270
0 174
95 327
122 188
197 281
56 185
22 324
185 200
195 275
25 297
69 304
0 301
40 169
104 113
78 328
133 322
0 299
113 148
68 227
285 342
41 310
146 285
291 329
128 265
153 280
0 292
194 299
9 185
280 332
3 85
8 245
14 214
158 248
113 334
113 203
26 122
115 116
180 196
128 313
9 170
196 346
29 172
272 320
22 87
98 261
92 94
54 119
9 26
136 315
27 324
104 212
165 334
312 326
9 21
49 241
75 85
104 277
186 203
137 310
20 326
98 258
25 236
200 274
40 277
98 203
0 44
31 200
53 196
66 142
119 203
186 345
277 323
236 252
62 341
4 275
271 315
226 312
23 237
113 313
81 286
161 271
106 169
47 301
159 184
25 169
61 193
120 247
197 320
176 188
188 285
7 168
3 228
13 82
0 22
21 105
142 271
248 332
0 140
3 142
238 252
56 132
285 303
122 176
239 313
314 342
261 342
109 295
87 213
98 265
236 248
185 297
26 104
122 156
21 281
3 25
170 176
119 171
48 271
161 304
0 67
109 325
13 313
118 283
193 259
111 326
272 346
4 181
79 271
113 239
142 277
135 251
50 314
186 341
82 222
21 186
98 276
118 238
186 199
39 69
68 263
252 271
0 253
0 99
67 118
40 304
0 338
185 290
212 232
9 277
203 239
4 218
211 268
21 342
223 315
20 44
67 79
30 329
79 200
134 238
0 115
265 271
40 172
304 324
257 280
141 224
203 304
188 258
161 199
0 247
45 67
238 261
41 312
55 261
151 310
14 312
113 119
80 249
53 213
273 275
271 298
0 210
21 313
24 266
186 303
20 333
119 208
172 231
53 88
239 338
56 98
10 285
0 266
135 284
0 39
25 39
0 97
65 82
21 159
188 323
142 169
203 268
25 224
31 84
0 150
21 25
239 325
319 327
48 180
9 315
9 334
41 243
98 128
0 317
9 291
280 315
272 280
200 236
9 56
30 73
24 101
103 200
151 312
188 341
25 88
48 203
285 313
177 278
24 299
16 82
115 149
172 211
0 145
0 109
0 198
284 329
25 277
16 172
203 211
0 71
330 346
169 277
126 260
109 148
291 315
0 270
186 271
313 342
53 346
24 57
220 262
187 346
3 323
30 224
82 313
7 129
185 272
128 213
57 302
217 324
0 36
38 322
8 201
84 224
58 107
19 293
22 158
6 319
25 148
8 264
45 345
53 330
26 297
203 334
59 250
168 304
0 186
123 261
78 181
29 106
26 134
24 249
109 119
40 315
91 259
188 252
67 265
204 266
26 295
21 274
0 139
40 158
185 271
25 188
134 248
39 277
62 170
218 275
0 268
0 126
203 223
21 322
75 322
175 277
66 134
0 151
252 261
39 121
111 137
322 341
199 298
178 322
56 62
104 169
127 281
133 224
252 313
57 249
178 272
13 332
0 60
200 248
24 187
26 212
121 280
122 315
211 342
53 299
92 266
280 329
113 158
170 323
122 251
9 148
26 98
142 297
119 125
122 232
0 309
1 194
24 346
134 203
88 164
197 251
0 173
170 341
170 185
0 325
48 54
2 326
26 224
188 290
90 179
82 268
26 323
109 303
134 142
28 226
181 218
31 129
104 322
0 278
119 285
128 211
4 306
131 225
199 291
30 188
66 122
178 186
9 272
98 141
188 208
80 300
124 157
141 257
263 296
122 141
30 56
236 318
67 142
252 280
141 291
113 132
136 156
40 258
13 148
0 104
91 264
212 304
88 178
0 332
119 176
178 303
0 206
188 271
21 200
105 119
56 113
185 188
53 94
56 66
67 141
117 285
62 239
56 323
195 306
200 252
118 324
108 197
53 302
93 111
78 218
82 172
56 136
82 119
142 345
142 161
101 317
59 342
200 232
269 329
231 291
113 134
44 343
213 239
221 303
159 277
26 325
0 46
0 233
75 258
88 242
128 172
0 61
99 278
0 214
25 221
197 309
9 134
56 231
211 325
38 117
119 200
0 3
203 331
66 304
36 108
223 342
0 141
36 281
199 223
19 175
234 239
142 334
16 331
214 312
91 110
113 304
67 304
36 284
100 189
9 342
239 285
141 199
9 271
0 137
21 232
26 280
196 254
13 342
172 223
108 127
121 315
130 191
159 320
62 161
0 31
5 213
304 347
0 294
0 127
0 143
99 102
176 290
0 108
26 239
248 291
56 172
41 93
141 239
5 158
14 343
84 276
50 334
82 121
80 187
80 194
5 180
105 277
39 119
0 213
180 302
0 34
313 339
24 80
0 204
0 235
67 236
25 276
313 314
26 304
224 322
109 169
175 225
41 144
0 237
308 329
26 186
213 249
109 331
213 272
8 193
0 288
128 223
68 177
0 280
9 113
214 343
170 188
122 332
136 246
285 304
53 146
281 320
203 297
122 128
100 323
170 342
132 315
0 122
140 326
50 119
161 203
211 285
252 334
148 176
156 272
0 93
56 313
17 310
26 200
88 186
142 315
100 119
324 332
181 306
0 105
122 203
200 203
25 323
290 322
104 344
0 63
203 315
170 313
101 204
13 199
52 192
140 312
213 345
3 26
144 326
56 222
122 277
72 165
9 285
9 85
29 252
3 283
169 239
67 223
67 200
67 113
249 302
21 121
186 331
67 119
59 252
167 243
169 322
48 299
89 147
40 232
102 175
180 242
92 254
165 188
109 271
80 94
0 23
45 322
212 271
243 312
203 270
181 195
21 109
186 222
56 276
0 14
17 312
101 302
291 339
85 188
103 252
26 185
322 323
130 346
313 325
125 136
26 62
41 151
119 146
271 291
98 325
104 325
127 139
308 334
19 112
21 235
111 337
242 254
175 177
299 330
1 119
40 213
67 332
104 252
204 346
315 329
24 302
99 225
41 226
250 322
17 326
25 237
0 318
58 269
25 56
27 54
339 340
109 186
60 291
261 313
242 302
20 41
0 255
21 26
9 258
82 331
102 263
265 298
166 202
98 199
129 168
0 290
0 158
25 246
103 339
26 118
19 319
25 94
142 323
324 331
242 330
108 320
142 303
133 280
13 118
26 188
161 314
9 252
185 274
104 239
59 203
80 180
21 277
62 122
68 296
119 332
78 273
242 249
158 339
68 99
101 254
16 118
0 259
26 55
231 280
123 318
248 323
98 332
64 119
0 13
144 149
122 325
288 315
323 341
56 75
16 261
32 337
29 231
199 322
62 322
170 322
40 329
7 315
40 298
0 142
128 150
56 223
150 324
334 339
118 199
123 334
186 200
0 175
98 285
158 304
21 272
0 314
248 277
118 261
119 189
98 271
25 105
122 284
299 302
257 304
172 252
79 185
65 297
169 257
0 192
119 122
230 307
56 82
196 330
26 158
80 315
127 320
62 318
0 340
223 265
123 200
127 284
0 238
119 239
122 276
0 103
9 297
25 104
0 188
25 203
6 95
128 322
25 84
40 224
67 285
236 322
0 59
6 89
85 274
9 128
137 337
10 291
119 331
306 328
275 328
21 161
199 238
0 199
0 52
54 313
118 277
67 252
206 260
236 280
107 171
201 259
36 320
158 317
170 250
236 304
26 72
121 165
199 203
98 211
0 49
129 347
277 322
7 340
0 136
67 261
40 113
20 226
13 59
113 199
26 334
122 322
152 339
218 273
91 201
87 339
21 297
98 109
111 310
53 332
19 227
22 339
79 252
106 231
55 122
40 200
172 212
46 278
159 284
53 204
0 326
23 51
67 134
23 190
161 258
120 277
101 194
96 133
67 98
118 200
304 341
55 203
7 38
0 323
59 261
197 284
302 315
115 226
271 277
57 346
65 261
299 346
67 324
19 115
119 229
194 266
109 118
98 122
133 271
60 158
190 229
104 122
0 74
39 257
67 239
0 293
109 142
178 213
82 252
105 315
170 315
150 189
0 236
0 57
197 329
123 239
213 324
122 236
21 39
213 322
98 342
122 272
0 157
0 298
87 322
3 122
272 281
0 328
0 114
187 194
212 295
297 322
0 169
14 144
184 320
31 142
212 298
186 239
252 285
304 325
147 219
181 328
271 332
115 262
8 91
277 315
56 199
86 177
26 232
126 322
104 109
39 141
26 172
223 271
29 247
45 104
232 291
56 88
28 41
0 64
231 232
180 254
101 242
67 199
9 30
21 323
94 302
13 211
25 170
26 141
55 123
0 110
0 220
116 312
133 315
36 309
48 126
115 192
103 323
2 20
125 169
254 330
108 272
139 159
55 170
0 77
0 171
67 322
48 119
78 275
21 104
261 265
146 148
120 136
239 303
89 319
13 252
199 232
17 115
0 343
109 277
25 332
186 236
85 272
133 236
0 69
50 109
236 272
248 265
2 226
82 261
242 299
14 20
329 332
142 203
62 199
323 332
98 304
119 185
236 297
109 239
48 73
231 239
48 53
21 165
170 332
123 142
0 26
134 334
142 186
170 260
0 172
26 66
133 183
13 26
0 207
48 332
169 280
5 87
25 336
0 82
0 56
213 236
268 271
128 169
252 342
62 323
53 92
40 280
65 203
62 236
5 169
9 322
108 281
115 144
80 101
0 258
85 156
9 156
277 304
285 315
213 303
46 175
284 320
56 203
26 298
94 330
50 331
274 341
213 277
112 174
28 326
135 184
211 315
271 276
57 213
0 89
122 323
161 322
0 144
277 285
82 98
56 272
66 334
9 232
13 261
156 295
93 310
109 322
62 276
25 272
203 332
67 325
257 322
0 5
238 325
86 227
80 213
48 322
232 280
0 303
172 332
28 151
84 265
178 206
302 346
59 118
156 235
0 152
0 242
0 347
152 181
4 273
111 312
132 277
199 239
208 332
115 214
315 345
261 285
14 226
63 271
257 315
132 334
48 57
80 173
223 313
21 248
109 304
21 251
102 296
169 248
67 313
150 163
0 203
326 343
127 159
134 304
224 261
142 332
104 318
103 271
30 236
0 81
236 303
0 208
13 238
159 281
103 185
113 261
271 331
224 236
208 277
320 329
225 278
25 40
0 135
169 318
144 151
82 169
21 284
0 2
23 230
41 326
211 238
129 339
103 136
113 285
1 73
141 276
143 227
180 249
252 338
46 143
95 147
148 339
53 191
21 325
122 297
0 324
56 297
13 236
10 323
26 169
98 238
136 339
291 332
204 242
0 227
0 276
203 308
67 82
98 239
200 223
9 169
227 296
5 315
40 239
63 261
56 315
199 200
168 291
219 319
23 267
72 172
146 317
20 214
9 280
13 239
222 238
53 194
148 272
0 86
224 332
40 133
24 180
176 271
64 217
33 42
38 178
170 271
122 213
188 277
181 275
40 274
21 345
277 332
84 237
159 345
161 277
13 172
224 324
10 332
53 317
56 207
182 253
89 219
80 88
57 92
100 217
211 272
7 304
100 150
142 280
0 45
254 346
6 147
21 239
268 325
104 295
13 67
189 217
21 55
117 231
108 251
108 159
119 163
203 271
0 125
106 332
31 109
0 271
41 343
86 225
0 212
132 242
98 170
75 188
146 313
36 127
1 322
104 303
116 326
162 343
2 312
0 85
172 268
0 249
0 180
127 135
172 238
118 313
271 314
5 187
22 185
0 177
203 322
32 167
41 214
40 142
56 211
131 143
0 295
72 272
277 324
187 254
290 323
26 109
21 252
141 323
31 304
265 313
0 92
0 291
19 343
25 291
13 98
155 157
56 67
252 322
20 162
67 169
203 341
16 329
0 113
0 41
312 343
117 280
92 299
10 169
1 236
0 304
0 128
92 187
21 136
0 179
272 329
170 285
9 161
44 111
67 280
315 324
119 148
172 325
127 197
9 141
56 213
0 321
200 285
148 261
239 252
98 252
194 204
25 199
7 136
148 185
50 277
0 224
188 322
82 199
272 297
56 303
19 138
186 325
21 66
53 322
23 175
129 291
62 142
214 326
73 88
252 277
0 38
13 119
119 150
7 246
85 323
0 101
0 176
228 283
72 239
28 149
188 223
27 329
0 344
232 276
199 314
56 104
28 312
67 188
122 271
224 276
301 324
30 331
0 264
21 188
80 92
36 135
51 83
48 80
1 346
135 309
224 304
57 80
172 265
199 342
116 226
64 150
25 232
170 304
186 223
110 259
212 344
0 66
204 302
21 236
136 308
25 231
139 281
142 308
67 186
67 122
170 268
214 289
118 342
99 263
0 54
172 261
277 325
14 310
65 339
82 170
104 186
92 196
30 304
25 83
7 65
0 215
84 236
203 325
128 248
143 278
0 12
227 263
170 203
200 277
28 115
119 261
21 315
109 324
196 204
251 309
92 101
32 137
200 276
122 235
26 113
196 285
21 308
56 322
260 322
139 197
187 249
73 130
0 161
67 224
249 330
113 277
82 158
21 56
109 332
80 330
208 285
249 299
170 334
83 84
136 324
59 325
59 98
98 172
21 88
0 9
266 330
0 216
80 320
26 313
67 308
122 169
60 285
87 291
13 271
55 56
62 186
65 118
113 342
272 304
200 325
188 297
101 346
40 141
25 271
