2697 2870
2679 3029
3274 3375
2932 3385
3194 3260
2916 3022
2927 3040
2662 3118
2861 3216
2706 2743
2786 2940
2664 3324
1684 3103
3112 3185
3011 3254
2666 2839
2702 3136
2698 2872
1684 2894
3102 3152
2680 2917
2748 3082
3096 3195
2894 3011
1684 2992
3120 3345
2806 3142
2890 2994
3084 3119
2833 3396
3331 3353
2906 2977
2666 2985
2738 3025
2810 3293
3272 3381
3016 3154
2764 3263
3113 3327
3035 3320
3132 3351
2965 3274
2661 2914
2789 2944
2694 3250
2757 2867
2664 3174
2730 3307
2829 3154
3090 3142
2674 3344
3252 3320
2849 3206
2743 3435
2793 3396
2670 3423
2748 3116
2793 3345
2796 3145
2680 3195
2742 3330
3082 3291
2811 3280
2738 2757
3104 3417
2946 3215
1684 2805
2836 3291
2919 3084
1684 3166
2956 3384
3187 3249
3064 3078
2916 3363
2919 2969
3391 3434
2875 2904
3017 3145
3137 3257
2901 3167
3102 3297
2778 3378
2715 3208
3005 3292
3149 3237
2924 3304
3002 3086
2731 3231
1684 2876
2689 3426
2738 2911
1666 1684
3092 3104
2773 3026
2832 3353
2984 3191
2742 3169
2969 3104
1534 2822
2800 3426
3241 3410
1684 3429
2666 3084
2694 2863
2741 2777
1684 2937
2939 3049
2785 3109
2920 2924
2810 3135
3206 3291
2685 2957
3342 3355
2793 3297
2708 2995
2800 2827
3066 3126
2900 3356
3022 3052
2690 2921
2929 2931
2676 2920
1684 2695
2924 2925
2813 2826
2834 2972
3004 3117
2741 3399
2973 3106
2738 3362
3144 3328
2763 3286
3150 3179
3117 3302
3277 3320
2920 3098
58 1684
1684 3147
3119 3293
2664 2986
2745 2866
2812 3187
2772 3349
2964 3326
2993 3047
3069 3334
2884 3227
2974 3056
2727 2840
2786 2919
2700 3373
3263 3405
3158 3417
2668 3093
3168 3233
2937 3350
3348 3426
1684 3411
2717 2839
2936 3373
3098 3119
2900 3412
3049 3391
2738 2773
3039 3199
1684 2960
2665 3326
2707 3145
2777 3064
3102 3434
2882 3347
2854 3104
2786 3220
3162 3203
2901 3347
2766 2821
2880 3339
2929 3174
2846 3321
1684 2896
3117 3195
2810 3117
2756 3026
2787 3211
2738 3243
2664 3142
2894 3306
3148 3381
2890 3026
2839 2916
3033 3304
2711 2921
2809 3090
2669 2912
3273 3366
3141 3200
3035 3434
2780 2795
1684 2930
2796 3320
2720 3344
2797 3011
3048 3276
2924 2986
3140 3194
2937 3079
3205 3343
3345 3386
3022 3426
2907 2929
2915 3047
3167 3177
3185 3320
2755 2994
2925 3000
2712 2989
1684 3075
2880 2960
3177 3412
3109 3260
3111 3298
2955 3397
2943 3213
2897 3073
3116 3261
1684 3315
2951 3214
2904 3298
2662 3019
3113 3252
2698 2827
3302 3350
2800 3000
2981 3036
2828 3332
2765 3101
2778 3049
2964 3062
3273 3346
3002 3359
3255 3264
3107 3288
3020 3117
2676 2986
3002 3214
2864 2986
3009 3204
2676 2969
3228 3293
3203 3299
3154 3397
2754 3004
2676 3056
3115 3350
2780 3299
2755 2944
2875 3079
3275 3292
3150 3152
2823 3267
2906 3417
3112 3298
1684 3155
2862 2944
2901 3277
2669 3226
3207 3371
2810 3090
2873 3384
3122 3200
2874 2988
3088 3298
2680 3056
3307 3374
2875 3115
1684 3302
3233 3295
2781 2796
1171 2826
2881 3133
2719 3102
3038 3397
3320 3386
2916 2985
3287 3396
3051 3355
1684 3187
2750 3104
3011 3076
2739 2954
2719 3277
3002 3034
2847 3263
2979 3081
2663 2899
2871 3415
3170 3185
2915 3064
2829 3412
2694 3149
2664 2777
2833 3060
3018 3366
2833 3152
2754 2866
3207 3252
2989 3344
2786 2993
2701 3258
3201 3265
2746 3054
3019 3100
3284 3339
2669 2738
2992 3145
2777 3000
3078 3142
3005 3403
2967 3303
2991 3419
2669 3054
2914 3194
3136 3189
3022 3174
3140 3380
2837 3257
3233 3370
3082 3345
3256 3427
3222 3263
3051 3172
1684 2727
2848 2881
2810 3220
1505 3005
2820 3246
2754 3417
2782 3033
2994 3364
2819 3140
3224 3353
2676 2912
2750 3098
3412 3420
3051 3198
2701 2875
2887 3363
2985 3054
2853 3101
3199 3337
3001 3233
2715 3256
2776 3141
3243 3433
2687 3046
3081 3208
3082 3272
1684 2809
2879 3325
2661 2719
1684 3090
3076 3350
2780 3136
2786 2986
3179 3253
2891 3303
2728 3233
2783 3087
3113 3120
1684 2669
3038 3106
2694 3364
3265 3316
2925 3033
3287 3422
2840 3060
2858 2889
3106 3355
2831 2832
3118 3287
2781 3366
2674 2772
3212 3240
2724 2775
2666 3149
2906 3184
2770 2849
1684 3144
2984 3353
2875 3313
2742 3378
2950 3101
2909 2920
3198 3395
2936 3298
990 3005
3135 3166
2751 2913
2745 3022
3168 3415
2850 2864
2951 3086
2753 2989
3034 3342
3182 3351
2729 2994
3051 3396
3114 3137
2841 3221
2961 3227
2667 3050
2686 3115
990 3245
2837 3025
2724 2739
3115 3344
2827 3033
3417 3433
2932 3236
2868 3002
2869 3199
3224 3421
3232 3234
2832 3171
2778 3051
2970 3070
3256 3385
2901 3434
3203 3275
3240 3335
2666 3364
2850 3293
2940 3064
2748 2785
3106 3406
3001 3168
2742 3298
2803 2848
2979 3297
2793 3247
2773 3435
2680 2706
1684 3138
1684 3206
2755 3022
2918 3187
2819 3307
3252 3330
2993 3084
2733 3272
2862 3238
2966 3284
3019 3380
2757 2960
1419 3420
2887 3000
1684 2704
3089 3101
2750 3202
2950 3360
2694 2913
1405 3412
2695 2806
2966 3339
3145 3297
2815 2905
2989 3406
2892 3019
2848 2996
2781 3335
2757 3184
2991 3106
2754 2839
2757 3387
2716 3212
2933 2983
2832 3124
2956 2986
3002 3295
2775 2892
2719 2753
3051 3154
2779 3162
2951 3321
2724 2934
2782 3303
2915 2988
2912 3363
2939 3265
2827 2910
2782 2924
2909 3064
2684 3350
2689 3158
3005 3027
2748 3335
3120 3297
2764 3222
3253 3404
3262 3287
3330 3355
2791 2975
3060 3152
3076 3403
2887 3293
2832 3015
2687 3089
2791 2812
2944 3362
3239 3267
2661 2853
2663 3084
3179 3332
2745 2960
2955 3403
3088 3272
2846 3212
3150 3201
2676 2906
2665 3198
2904 2914
2661 3150
3001 3246
2729 2993
3223 3342
2756 2994
2877 3040
3051 3168
2693 3156
3371 3412
2766 2907
3185 3377
2662 3154
2681 3228
2834 3423
3264 3365
2675 2932
2869 3302
3001 3245
2896 3284
2869 3172
1684 2784
3076 3347
3058 3360
2730 3210
2748 3378
3247 3277
3017 3076
3064 3426
2738 2931
2805 2983
3007 3252
2872 3108
3138 3211
2939 3094
2908 3022
2756 3362
3082 3350
3081 3263
2672 3261
3129 3435
3118 3160
3039 3076
2951 3233
1534 3265
2850 2916
2730 3341
3172 3377
3172 3280
2694 3387
2778 3274
2813 3177
2679 2986
3402 3425
2944 3348
1684 2854
3146 3397
2893 3389
3098 3339
2911 3228
3172 3204
2806 2944
2963 3036
2758 3167
2920 3363
2896 2925
2864 3362
2955 3018
2938 3253
2765 3419
3288 3291
2783 3422
1684 3326
3174 3339
2778 3204
3247 3291
3101 3140
2873 3123
2853 3240
3298 3350
3388 3394
2749 3339
2980 3267
2820 3244
2992 3288
3082 3344
3132 3355
2674 3035
2674 3280
1405 3304
3038 3081
3027 3313
2877 2960
3169 3198
2985 3108
2905 3363
2889 2982
2877 3064
2730 3342
3078 3387
3188 3194
2920 3348
2934 3077
3019 3359
2877 3142
2944 2981
1684 3218
3188 3434
1684 3426
3128 3322
3116 3344
3058 3188
2694 2960
2843 3256
2880 3363
3222 3245
2765 2939
2781 3277
3157 3431
1684 2925
3085 3284
2676 2919
2833 3258
1642 3201
1684 3325
3150 3360
2931 2960
3326 3342
2880 3213
2734 3186
1666 3020
2951 3291
2904 3280
2830 3154
3154 3321
2738 2864
2796 3172
2763 2835
2915 2953
2928 2944
2677 3103
2890 3073
2741 2969
2669 3022
2802 3035
2878 3020
2673 2763
3030 3231
2716 3353
2786 3257
3186 3386
3069 3140
3221 3346
3035 3206
2749 3364
1684 2687
2669 3000
2782 3014
2871 3259
2966 3090
2784 3329
2877 3114
2957 3308
3150 3330
3204 3277
2858 3072
2694 3284
2911 2919
2905 2956
2750 2877
3174 3284
2732 3372
2937 3378
2724 3177
2839 3052
2890 2919
3113 3347
2892 3168
2780 3109
3229 3231
3010 3036
3148 3331
2717 2877
2756 3029
3067 3189
3347 3350
2843 2865
2849 3419
3277 3351
2812 3087
2751 3117
3120 3191
2706 3417
2828 3335
3096 3098
3078 3129
2968 3011
2943 3135
3101 3152
3115 3288
3051 3116
3320 3321
2939 3291
2779 3068
1684 3017
2712 3201
3233 3356
3085 3363
2758 3136
3258 3332
2763 3324
2864 2910
3149 3284
2680 2757
2915 3052
2951 3168
3386 3396
2711 2723
2705 2925
2679 3257
2684 2701
3034 3079
2748 3076
2771 3214
2932 2938
3097 3117
3116 3258
2763 2839
3082 3416
2849 3146
2661 3276
3145 3206
3204 3296
3259 3263
2719 3132
1684 3209
2754 2944
2906 3098
3000 3166
3226 3399
3120 3344
2906 2929
2785 3089
2866 3226
2679 2738
2757 3000
2951 2955
3110 3403
2773 2969
3115 3201
3101 3132
3107 3291
3269 3400
3014 3104
2928 3056
2793 3353
2950 3256
3210 3415
3376 3401
3076 3320
3196 3289
2730 3365
2921 3406
2939 3206
2674 3351
171 3290
2675 2702
2699 3318
2700 3248
2706 2940
3076 3179
2686 3256
3320 3344
3150 3350
2863 3258
3124 3335
3051 3101
3320 3422
3019 3350
2786 2985
2728 3319
2972 3311
2779 3420
2915 3304
3225 3288
2680 3078
3166 3174
2881 3377
3397 3416
2661 3132
2966 3119
3126 3336
2680 3022
3101 3120
2672 3145
2719 3345
3204 3360
2909 3390
3157 3342
2925 3096
2724 3068
1684 3276
3240 3247
2877 2913
3080 3137
2803 3048
2679 3364
3054 3084
2915 3163
2849 3038
3172 3403
2706 2763
2891 2905
3252 3345
2782 2877
2679 3135
2694 2815
2890 3364
1684 2833
3004 3226
2906 3056
3021 3296
2675 3187
3215 3302
2911 3047
2662 2716
2757 2944
2877 2929
2751 3035
3044 3119
3060 3101
3062 3162
2840 3039
2741 2928
2755 3078
3119 3435
3113 3381
2750 2940
3281 3320
2777 3232
1534 3278
3062 3168
2750 3026
2745 3153
2666 2851
2661 3201
3279 3374
3146 3169
2839 3026
2969 3339
2793 2875
2841 3422
1684 2954
3193 3315
3040 3232
2677 2688
2787 3150
2686 3189
2694 3232
2757 3022
2827 3174
2716 3397
2712 2859
2712 3434
3089 3188
2716 3347
3192 3274
2996 3117
3154 3177
2742 3201
1534 1642
2724 3221
2835 2874
2755 3166
2907 2974
3274 3360
2787 3097
2741 3238
2948 3234
2841 3190
2868 3242
3193 3234
2749 2919
2849 2970
2718 3335
2943 3226
2743 2896
3005 3136
2664 2694
2707 2778
3022 3040
3297 3416
2993 3238
2839 2924
3096 3339
3070 3416
3002 3329
3023 3213
2782 3399
2926 3401
3103 3410
2815 3096
3178 3415
2913 3149
2743 2777
3152 3291
3079 3160
3321 3391
3038 3274
1684 3316
2702 3323
2694 3348
2973 3070
3011 3263
2945 2956
2724 3019
3167 3255
2864 2867
3018 3233
2717 2815
2790 2813
3002 3176
3014 3052
2986 3228
2679 2916
2806 2891
2742 3194
2669 3026
2666 3026
2953 3026
2687 2780
3013 3397
2706 3363
2936 3172
2800 3400
2749 3426
2741 3293
2676 3250
3004 3362
2934 3075
2946 3380
1684 3228
2802 3267
2973 3291
2841 3255
1684 2807
3102 3347
3095 3303
3020 3201
2765 2863
2819 2996
2887 3090
3187 3240
2796 3060
2793 3198
2715 2859
3019 3295
2866 2985
2669 2683
2765 2780
2872 2919
3239 3321
2937 2991
3117 3228
2978 3130
2738 3294
2866 3090
2873 3022
2994 3078
2759 2866
3275 3385
2750 2880
2754 2910
2672 2894
2977 3104
3321 3386
2783 3192
2765 3397
3070 3132
2720 3076
2750 2873
2873 3417
3051 3280
2928 2988
1684 3032
2666 2749
2815 3090
2672 3298
2937 3258
2779 3207
2755 2916
2911 3195
2825 3156
2698 3026
2874 3417
3181 3251
2937 3252
2763 3232
2983 3063
1684 2815
2673 3052
2717 3108
1684 2756
3042 3237
2664 2806
2994 3384
3150 3342
2758 3236
2672 2796
2719 3367
2796 3204
2664 3387
2724 3133
2705 3363
2989 3082
3060 3182
3176 3356
2810 3433
3120 3416
2666 3090
3113 3377
2937 3101
3339 3417
2719 2720
3254 3280
2881 3395
2949 3020
3196 3365
3034 3366
2946 3097
2719 3280
2784 3034
2661 2790
3004 3104
3063 3155
2839 2925
2833 3360
2717 3096
1684 3345
2905 3426
2661 3261
3120 3146
2793 3212
2676 3040
2668 3138
2921 3263
2866 2915
2943 3023
2820 3190
2669 3004
1684 3204
2729 3257
2750 2928
2763 2912
3119 3158
2730 2951
3344 3351
2864 3324
3022 3400
3320 3403
2863 3416
3252 3355
2995 3051
3101 3225
2730 3019
2768 3242
2712 2796
990 1684
2863 3150
2661 2989
2926 3365
3060 3199
3256 3365
1684 2939
2773 3029
2921 3018
2877 3250
3224 3342
2680 2877
2698 3339
2697 3288
2718 3256
2800 3119
3039 3320
2706 3286
1684 3178
2719 2778
3211 3431
3146 3267
3038 3197
3120 3132
2856 3329
2694 3056
2994 3108
2668 3215
3198 3379
2680 2689
2913 3054
2827 3078
2765 3082
2726 3137
2795 2904
3077 3342
3207 3273
3011 3245
2742 3172
2951 3082
2679 3073
2850 2986
2778 2781
3073 3232
3241 3420
2928 3384
2665 3327
3016 3267
2919 3073
3264 3402
3330 3347
2932 3219
2729 3417
3106 3320
1684 3185
2676 2745
3332 3396
2979 3409
2742 3132
3018 3277
2794 3073
3410 3420
2762 2904
2724 3210
3025 3238
3080 3400
3154 3380
2816 3152
2890 3149
2931 2977
3039 3378
2748 2793
3086 3379
2889 3309
2822 2999
2981 3363
2757 3363
3191 3313
3325 3423
2755 3047
3035 3288
2924 3220
2827 3022
2685 2724
3363 3426
2672 2684
2972 3318
2781 2901
2706 2750
2913 2919
2683 3433
2756 2928
2662 3346
2712 3411
2712 3345
2943 3065
2754 3036
3108 3149
2698 3400
2741 2867
2817 3055
2833 3082
3219 3255
1684 2714
2664 3004
2869 2936
2698 3064
3054 3232
3198 3252
2946 3302
2745 2839
2758 3256
2679 2929
2810 2920
2906 3108
1684 2959
3331 3373
2989 3252
2667 3087
2894 3274
2734 2787
3224 3240
3245 3278
2865 3050
2864 3098
2782 3226
2698 2757
2777 2986
2911 2974
2694 2927
2748 2946
2872 3054
2900 3154
3104 3324
2748 3224
3030 3080
2771 2954
3198 3253
3252 3335
2712 3347
3038 3353
2809 3317
2800 2916
2676 3390
3384 3435
2791 2876
3076 3287
2750 2910
2709 2735
3082 3113
3318 3325
2992 3082
2914 3320
2738 3229
2674 3102
2748 3320
3132 3206
2914 3038
2862 2906
2715 2844
2873 2956
2782 3184
2848 3049
2799 3354
3261 3262
3065 3387
3097 3360
2831 2996
3154 3188
2886 2949
2803 3100
2707 3331
1684 3158
2945 2974
3000 3056
3200 3218
2954 3215
3101 3403
2745 3394
3137 3387
2985 3387
2937 3320
3150 3185
3062 3289
2867 3324
2872 2913
2674 3206
2896 3301
2828 3051
3015 3107
3033 3228
2706 3362
2836 3140
2711 2825
3236 3359
3272 3274
2712 3288
3113 3419
2724 3415
2757 2916
2669 3108
2822 3222
3254 3409
2879 2959
1684 3368
2988 2994
3070 3240
3011 3411
3042 3417
1684 3434
2849 3347
3019 3051
2729 2956
1684 2754
3049 3101
2832 2901
1684 3339
3136 3341
3076 3296
1684 3395
2909 3104
1684 2735
2991 3204
3001 3062
2785 3352
2666 3348
1684 3023
3228 3348
3002 3150
2845 3060
3046 3058
3085 3193
3105 3200
3231 3394
2669 2827
3077 3285
2870 3001
2890 3029
2889 3325
2689 3301
2754 2920
2744 2865
2866 2912
2877 3238
3026 3096
2936 3434
1684 2907
2674 3017
2977 3257
2662 3162
2961 3098
2944 3149
3118 3366
2924 2928
1684 2706
3172 3332
3170 3377
2873 2953
3278 3335
3046 3352
3065 3174
2914 3302
2718 3255
2894 3060
2913 3042
2707 3019
2945 3098
2889 3275
990 2822
3146 3252
3035 3185
2996 3351
1684 3237
3203 3233
1684 3024
3140 3379
3073 3433
2953 3104
2716 3299
3189 3331
2946 3065
2844 3144
2920 3226
3348 3387
1684 3026
2670 3283
2688 3302
3011 3196
2689 3065
2851 3090
2758 2951
1684 3041
2696 2735
1684 2753
3201 3419
2957 3254
2754 3056
2753 2869
2773 3040
2910 3054
1684 3263
3330 3332
2976 3111
2827 2852
2795 3020
1684 2850
2748 3060
3152 3252
3081 3341
3184 3324
1684 2690
2877 3137
2993 2994
3387 3417
2670 3008
2875 2958
2664 2908
3039 3377
2987 3104
2786 3158
3072 3101
2679 3014
2683 3400
2679 2773
3014 3084
3119 3166
2751 3224
2830 3319
2750 2974
2833 3101
2921 3214
2970 3116
3327 3424
3199 3320
2881 3185
2993 3163
2992 3107
1684 2752
2908 3220
2846 3041
2713 2728
2799 2861
2880 2944
2939 3344
3267 3299
2876 3280
2770 3188
2795 3138
2785 3280
3008 3423
2748 3274
2915 3243
2777 3184
2787 2904
3185 3278
3182 3288
2711 2942
3042 3090
2789 3428
2859 3107
2675 3150
2936 3332
1684 3042
2958 3261
2661 3076
3052 3237
2698 3117
2669 3387
1505 2976
3321 3434
2944 3213
2698 2915
2753 2973
2743 3054
2757 3104
2667 3214
3261 3332
2937 3291
2661 2876
2757 3036
2750 2866
2833 3076
2877 3387
3026 3166
2775 3168
2711 2989
2768 3097
1684 3254
2973 3154
2778 3100
2706 2877
3298 3306
3226 3348
3174 3226
3118 3168
2765 2970
2712 3291
2662 2728
2683 3238
2727 2795
2730 3016
3330 3381
3391 3416
3174 3399
2815 2916
2784 3099
2961 3304
2815 2911
3192 3198
1684 3119
2906 2925
3277 3330
3008 3314
2950 2976
2909 2925
3132 3296
2738 3363
2672 2778
2863 3391
2770 3152
1684 2989
2910 3433
2886 3310
2969 3301
2843 3187
3237 3426
2757 3232
3267 3365
2785 3081
3291 3321
2832 3016
3337 3369
2680 2911
2970 3185
2927 3108
2915 2943
2666 3040
3254 3411
2683 3301
2866 3033
2664 3022
2712 2785
2867 2909
1684 2812
3049 3106
2738 2960
3067 3327
3104 3339
3258 3350
2719 3051
3065 3096
2720 3017
1684 2742
2781 3035
2810 2945
2849 3152
3100 3111
2877 2897
2664 3226
2683 2837
2683 2810
2906 2985
2953 2988
3055 3147
2927 3400
2763 2919
2796 2921
1684 3349
2663 2738
2743 2943
2815 3142
2869 3280
3032 3385
2830 2951
2958 3279
2872 2912
2672 3076
3196 3327
3222 3278
2743 3135
2752 2812
1684 2890
3265 3351
2969 3098
3057 3263
3136 3385
2996 3097
2748 2751
2833 3321
3194 3397
2815 3195
3089 3397
2717 2940
2720 3002
2782 3250
3076 3262
2943 3054
2698 2905
2786 2960
3339 3348
2904 3089
2669 3040
2716 3345
1684 3048
1666 3186
2867 3213
2970 3132
1642 2941
2748 3107
1684 2964
2755 2880
1450 1666
3283 3325
2918 3385
2694 2763
2661 3247
3223 3410
2986 3078
2681 3029
2839 2943
2676 3284
2951 3176
2905 3348
2678 3263
3260 3345
3238 3433
2939 3027
3395 3403
1684 2916
3048 3185
2731 3026
2819 3035
3132 3320
2988 3090
3002 3395
2778 3111
2841 3016
3286 3324
2755 3026
2984 3291
3154 3370
2694 2880
2949 3128
3000 3054
2874 3000
2986 3149
2873 2993
2970 3330
2690 2996
2921 2951
3411 3434
2981 3025
2832 3277
2875 3350
3106 3330
2992 3079
3025 3084
2724 3332
3162 3334
2743 2994
2680 3387
2724 2728
2765 3252
2706 3000
2890 2912
2951 3191
3036 3394
3193 3414
1684 3151
3086 3410
3027 3341
3048 3138
2877 3226
2720 3224
2733 3298
2996 3136
3129 3426
2901 3256
1684 2838
2912 3022
2918 3264
3261 3350
2689 3417
2871 2881
1171 1450
2930 3131
2672 3411
3213 3417
3239 3320
2720 3386
3179 3434
3258 3320
2967 3004
3201 3411
2675 3132
2927 2943
2786 3284
2777 3304
2676 2916
3189 3198
2871 3002
3247 3316
2896 3324
2789 3130
2881 3273
2850 3228
1684 2927
1684 3410
3108 3232
2946 3085
3172 3198
2661 3416
2683 2854
3064 3065
2705 3129
2872 3052
2770 2939
2944 2953
2944 3084
1684 2825
2715 2831
2755 3228
3342 3421
2861 3218
2706 2786
2815 2912
2909 3324
2782 3234
1684 3073
2915 3417
3362 3363
2909 3090
2806 3286
2819 3289
1758 2677
2875 3287
3005 3411
2966 3363
2679 3078
2810 2839
3051 3288
2669 2940
3276 3340
2796 3396
3215 3307
3257 3362
1684 2936
2936 2989
2960 3174
2784 2856
3112 3422
2827 3226
3169 3179
3106 3342
2906 2916
2749 2944
2698 3426
2909 2953
2728 3379
2757 2800
2745 3033
1684 3115
2758 2856
1684 2733
3060 3140
3252 3434
3151 3406
3179 3205
3082 3224
3050 3256
2939 3120
3073 3158
2782 2944
2787 3320
2793 3027
2946 3387
2942 3404
2992 3302
2793 3136
3182 3291
2931 3364
3224 3345
2839 3228
3072 3353
2800 3090
2717 2912
2970 3115
2916 3085
3111 3342
2917 3301
1505 3164
2867 2897
3332 3347
3035 3182
3204 3297
2762 3353
2989 3075
1684 3156
2849 3434
1666 2707
2738 2928
3019 3386
2958 3350
2778 3272
2669 2866
2716 3280
3076 3152
2726 3139
2793 3291
2751 3302
3076 3145
2873 3078
2904 3291
3038 3075
3140 3342
2806 2943
2689 3220
3051 3353
2983 2999
1684 2831
2794 3417
2750 3090
2989 3335
2965 3298
3022 3184
3214 3248
2742 3188
3396 3422
3201 3206
2901 3224
2663 2888
2925 3426
3212 3406
3304 3404
3069 3162
2689 3387
2713 2951
2742 3240
2665 2791
1684 3104
1684 2744
2807 3257
2991 3146
2688 3146
3111 3378
2782 3284
2728 2730
2773 2988
2822 3164
3136 3330
2864 3054
3051 3351
2791 2844
2668 2772
2913 2925
2768 2921
1684 2764
2877 2967
2730 2941
2754 3096
3140 3240
2994 3294
2784 2848
2890 2920
3195 3426
2841 3327
2756 2977
3252 3299
2906 3226
2715 3330
3291 3380
2730 2865
2874 3284
2738 3084
2780 3395
2911 3202
3047 3149
3123 3257
3025 3036
2757 2763
2970 3035
2932 3136
2730 3077
2739 3019
2853 3206
1656 2764
2661 2708
3214 3296
3040 3387
2915 3226
2761 3237
3020 3072
3051 3386
2938 2955
2925 2960
2754 2786
2745 2872
3033 3098
2873 3339
2661 3060
3257 3435
2833 2991
2665 3330
2751 3093
2746 2920
3203 3345
3036 3123
3316 3397
2759 3064
2993 3426
2932 3016
3092 3362
2729 3384
2860 3019
2738 3026
2703 3311
3185 3347
3240 3344
2687 2742
2706 3184
2839 3029
2783 3353
2777 2919
3056 3098
2777 3433
2755 2956
2773 3384
3036 3231
2754 2810
2669 2680
2720 2783
2717 3250
2717 3195
2732 3251
2835 2940
2890 3142
3111 3136
2807 3231
3007 3101
3060 3287
2775 3273
2875 3335
1684 3150
2849 3082
2853 3342
2864 2966
2925 3174
2901 3113
2707 2964
2986 3184
2699 2703
2828 3172
3082 3146
2866 2919
2705 3387
2906 3339
2949 3066
2694 2787
2921 3017
2928 3399
2828 3272
2813 2979
2944 3284
3163 3435
3221 3389
1684 3006
3035 3204
2914 3276
2747 2832
2986 3073
1505 2734
2718 3076
3184 3414
3098 3129
3154 3179
2973 3082
3052 3149
3024 3328
2950 3189
3012 3072
3291 3397
2680 3228
3043 3093
3119 3232
2973 3049
3113 3162
2910 2960
2800 3363
2833 2914
3070 3106
3025 3166
2757 2945
2669 2782
2777 2786
2874 3104
2665 2921
2681 2916
2828 3277
2754 3064
3106 3267
2786 2910
2871 3038
2877 3284
2669 2896
1684 2961
2777 2867
2913 3303
3154 3344
2780 3307
3280 3422
2751 3380
2742 3041
2754 2956
3035 3038
2718 3167
2910 2966
2730 3256
2973 3046
2810 2943
3231 3392
3120 3434
2877 3022
2983 3072
2944 3232
2728 3366
2850 2905
2849 2901
2901 3344
3142 3426
2867 3064
3146 3265
3098 3348
2821 3413
2716 3276
2925 3036
2864 2943
2876 3272
2819 2904
2989 2992
3264 3358
2825 3385
2906 2927
2676 2925
2747 2863
3022 3096
2661 3321
3327 3389
3023 3193
1684 2759
3190 3327
2901 3360
2664 3108
2915 3010
2682 3018
2665 2984
3004 3284
2862 3000
2829 3366
1684 2810
2729 3114
2782 3084
2915 2929
2836 2858
3204 3320
2689 2916
2915 3303
2754 3426
3201 3280
2923 3411
2745 2909
3087 3219
2784 3211
2931 3435
3023 3232
2901 2932
3220 3363
2846 3352
2955 3136
2862 2873
2867 3387
2927 3339
3267 3277
2863 3274
2835 3033
2672 3262
2778 3112
2909 3184
2851 2888
3103 3207
3035 3179
3093 3357
2772 3319
1684 3243
2897 2925
2757 3304
2944 3257
2919 3104
2673 3436
3017 3152
2911 3098
2698 2974
3027 3136
2894 3172
3324 3426
2723 3027
1684 2819
3140 3353
2904 3027
1684 3152
3201 3252
2723 2836
2864 3096
2670 3325
2833 3355
2661 3351
2755 3238
3110 3313
2748 3124
2716 3260
3111 3280
2771 3221
2720 2936
3043 3248
2895 3331
3238 3387
3366 3415
2689 2927
2765 3265
3011 3061
2890 2909
3086 3412
2764 3361
2854 3394
2869 3350
3101 3353
2828 3170
2877 2994
3330 3411
2696 2820
3320 3347
1684 3356
2729 2890
1684 3133
2669 2800
3026 3384
2772 3242
2676 3085
2999 3020
2877 3090
2741 3417
3140 3182
2679 3220
3173 3431
2754 2777
3033 3052
3035 3070
3201 3297
2719 2973
2856 3242
2945 2960
3011 3262
2939 3416
2745 3143
2679 2756
3252 3280
3087 3337
2730 2758
2741 2929
3201 3247
1684 3377
2763 3234
2694 3023
2890 3433
2730 3264
3145 3201
2757 3426
3051 3381
3114 3123
2914 3342
3043 3360
3272 3360
3329 3349
2892 3204
3130 3300
3224 3291
2738 3029
3158 3163
2743 3119
3052 3226
3154 3366
3136 3256
3101 3406
2828 3115
2901 3406
2939 3397
3101 3391
2773 2925
2817 3074
3338 3402
2894 3049
1684 3038
1684 3343
1405 3019
2864 2985
2831 2901
2676 3036
3369 3395
2750 3056
2743 2880
2663 3430
2742 3299
2754 3257
3073 3114
2782 2912
3085 3238
2823 3076
2786 2931
2669 2943
3013 3299
3152 3198
2927 2946
2753 3082
1684 3113
2856 3099
3035 3267
2927 3417
2715 3291
2911 3226
2956 3000
2672 3079
3019 3068
2863 3185
3152 3201
3140 3291
2782 2986
3051 3260
3029 3129
2877 2908
2965 3148
3362 3435
3105 3141
2925 3387
3150 3351
2986 3195
1684 3018
2992 3419
2872 3166
3005 3111
2873 2890
2997 3063
2675 3107
3029 3104
3204 3419
2800 2877
3182 3350
2832 3214
2872 3096
2942 2989
2694 2782
3090 3232
3132 3239
2878 3049
3146 3316
2907 3056
3089 3263
2661 2770
3243 3363
2937 3224
2914 3188
2984 3118
3207 3241
3252 3397
3118 3386
2800 3004
2666 2988
2750 3033
2719 3106
2661 3297
2976 3289
2688 2764
3320 3350
3345 3355
3159 3295
2839 3000
3011 3182
3281 3378
2717 2966
2683 2993
2906 3149
2913 3174
3300 3392
3274 3377
2877 3363
2959 3423
2742 2875
2978 3059
2863 3201
2689 3348
2914 3132
3247 3252
2905 2906
3296 3337
2939 3169
2742 3060
2913 2969
2676 2827
3060 3185
3120 3277
2712 3335
3280 3381
3136 3282
2897 2943
2667 3242
2974 3149
3120 3247
3002 3221
2674 3419
2719 2742
2994 3073
1684 3116
2781 3326
2667 2784
2904 3082
2770 3169
3102 3277
2910 2985
2939 3051
2833 3102
2750 2943
1684 3277
3034 3403
3145 3287
1684 3039
2689 2944
2712 3357
2716 3263
1405 2892
2909 3004
2755 2925
2689 3363
2873 2988
2720 3198
3106 3224
2668 3038
1684 2792
1684 2933
2871 3107
2925 3064
3357 3360
2698 2910
2661 3350
3049 3280
2873 3129
3036 3166
1684 2919
2921 3256
2669 3129
2786 2864
2731 3158
2783 3383
2720 3051
2839 3158
2729 3394
3017 3396
3188 3277
2925 3108
2913 3387
2664 3054
2877 3303
3330 3345
2730 3289
2755 3117
2966 3047
2906 3174
2664 3426
2759 2836
2812 3256
2869 2980
1684 2828
2943 2974
2992 3267
2928 3435
2846 2914
2806 3184
2835 3119
1684 3233
3082 3265
2778 3261
2916 2920
3033 3387
2748 2765
2887 3400
2907 3073
2696 3107
3000 3433
3246 3295
2779 3177
2781 2853
3316 3419
1684 2707
2880 3065
3187 3408
2877 3004
1684 2875
2873 3026
2973 3223
2797 3350
1684 3212
3160 3350
1684 2877
2731 3090
2966 3065
2724 3412
2727 3048
1684 2915
2960 3184
1505 2964
3207 3420
2705 3033
3053 3122
2897 2960
3176 3207
1684 2771
1684 3175
2862 2946
2928 3119
3034 3312
2828 3076
2690 3383
2830 3346
2757 2909
2684 2823
2786 2877
2840 3112
2800 2927
2742 3199
3065 3108
2777 2912
1684 2778
3215 3335
2804 3327
2813 2971
2739 3118
3206 3355
1684 2972
2835 2862
3219 3415
3103 3176
2940 2981
2743 3029
990 1450
2966 2985
2778 3199
3267 3335
2679 2910
3100 3179
3023 3363
2806 3213
2813 3020
3098 3301
3029 3090
2777 3085
2958 3386
2796 2853
3324 3362
2689 3022
3082 3409
3240 3330
2724 3359
2839 3195
2854 3234
2777 2911
3025 3104
2673 3363
2664 2969
3107 3198
2806 2909
3158 3293
2905 2946
2753 3280
2793 3416
2661 2778
2913 2915
3017 3027
1684 2991
2840 2976
2973 3422
2742 3120
3113 3280
3038 3321
2890 3339
3247 3355
3191 3355
3254 3343
3321 3351
3189 3219
3179 3185
3229 3300
2706 2891
2966 2986
2993 3417
3171 3431
3102 3145
2679 2763
3101 3106
3296 3344
1684 3162
3035 3116
2669 3301
2780 3102
2999 3310
2734 3340
2724 3018
2880 3286
3261 3403
2712 3198
2815 3250
2827 2987
2731 2786
3076 3132
2778 3225
3338 3376
2864 3174
1419 2813
2716 2863
3052 3234
3034 3406
2791 3116
3302 3351
3066 3322
2936 3060
2910 2974
2777 2827
2805 3012
2737 3019
2943 3220
2699 3325
2782 3090
1684 2739
2999 3361
3346 3379
2872 3362
2939 3179
2849 3021
2674 2781
2936 3267
3252 3267
3154 3191
2827 2897
3070 3146
3252 3351
2962 3001
3150 3151
2940 3417
3076 3396
3027 3353
2954 3327
2804 2836
2731 3400
1684 3200
3153 3229
3116 3152
2950 3219
2864 3284
2666 2916
2698 2749
3060 3113
3011 3179
2742 3027
2936 3051
3332 3411
2836 2954
1505 3079
2918 2955
2986 3085
2743 3363
2731 3123
1684 3036
3004 3363
2719 3258
2745 2906
1450 3011
2711 3296
3278 3361
3070 3316
3005 3113
2719 3150
3051 3106
2835 3117
1684 2734
3179 3297
1450 1534
3114 3362
2661 3169
2890 3137
1684 2688
2904 3215
2920 2944
2924 3184
2762 3221
1684 3393
2936 3027
3024 3133
3035 3198
2694 3064
2680 3304
2661 2869
2676 2873
1505 2826
3101 3385
3201 3272
2871 2950
1684 3061
2890 3417
2890 2928
2823 3051
2940 3426
2932 3337
1419 1758
2844 3017
2973 3396
2676 3064
2720 3060
3038 3101
2932 3256
2786 3363
3018 3035
2780 3212
2887 2915
2718 3236
3135 3158
2833 3406
1684 3340
2797 3262
2781 3101
3299 3434
2896 3426
3038 3051
3040 3108
2676 2917
3198 3337
2986 3417
3013 3194
2830 3002
2843 3136
2664 2755
2839 2974
3022 3387
3119 3135
2777 2988
2865 3385
3320 3345
2715 3393
3344 3391
1684 2705
3019 3079
2726 3231
2700 2818
2765 2853
2992 3416
2664 2746
2786 2953
2999 3066
1684 2723
2748 3240
3188 3206
2777 2850
2925 3363
2780 3178
2694 3363
3079 3182
3177 3380
2966 3257
2978 3104
2719 3332
2746 2839
2865 3263
1684 2781
2863 3335
3052 3362
2741 3056
3076 3182
2912 3026
2706 2960
3106 3319
1684 3033
1684 3380
3237 3284
3335 3411
2976 3076
3027 3097
3054 3348
2768 2918
2973 2992
2956 3104
2793 3288
3078 3117
3019 3331
2875 3327
2748 3313
2970 3247
2827 2905
1684 3174
2673 3193
3122 3141
2755 3174
2919 2927
2694 2974
1666 3263
2887 2907
2992 3297
2985 3022
2676 2944
2756 3000
2993 3104
2683 3123
2973 3247
3054 3195
3178 3295
2960 3363
3329 3431
2943 3426
2839 3286
2778 3396
1684 3260
2909 2910
2755 3033
2927 2944
2768 3072
2964 3001
2866 2993
3261 3434
2668 2832
2698 3119
2833 3011
2785 3306
2877 3202
2848 2901
3168 3207
2890 3229
2768 3077
2875 3360
3038 3150
2757 3195
3201 3267
2806 3023
2811 2904
2681 3387
2881 3320
3024 3302
2735 2819
3028 3072
2681 2931
1684 3207
1684 3330
3146 3347
2675 2914
2944 3142
2711 3233
2777 3056
2663 2978
2993 3090
2907 3417
3173 3210
2717 2897
2929 3220
2813 3409
2720 2937
2910 3114
2853 3239
3078 3195
2854 3023
2799 3218
2915 3026
1684 2674
3342 3344
1684 3086
3175 3188
3106 3191
3096 3149
2806 3309
1684 3381
2956 3220
2810 2928
3013 3360
2739 2829
2921 3397
2713 2990
2865 3365
2984 3192
3339 3400
3056 3117
2810 3025
2933 3020
2663 3300
3040 3362
2944 3417
2953 3435
3224 3252
2920 2940
2909 3033
1726 3385
3020 3340
2758 3385
2974 3399
3113 3145
2734 2752
2741 2931
3136 3196
3038 3082
2730 2843
2985 3339
2873 3364
2927 3065
2750 3324
2754 2782
3214 3342
2753 3079
3067 3261
2907 3000
2864 3363
2873 3104
3090 3250
2866 2910
2701 2719
2865 3236
3032 3256
2756 3417
2867 2960
2730 3087
2913 3090
2719 2992
2914 3179
2830 2992
3051 3140
2988 3025
3040 3149
3319 3321
2866 2911
2742 2973
2716 3015
1684 2787
2927 3026
3115 3291
2675 3330
3077 3366
2994 3040
1684 3015
2758 3196
2919 3304
2753 3132
2902 2930
2969 3065
2830 3168
2894 3182
2763 2862
1534 1666
2664 2754
3176 3366
2734 2760
2674 3252
2782 2862
2872 3250
3288 3355
2912 2913
2852 2943
3097 3275
2848 2876
2750 2944
3219 3342
2777 2908
2755 2777
1684 3146
3233 3412
2778 3116
3263 3308
2761 3286
3065 3399
1684 2859
3132 3252
2730 3221
2742 2846
2913 2916
2973 3397
2820 3295
2913 3417
2955 3346
2735 2996
2969 3085
2953 2969
2713 3252
2927 3033
1684 3140
2914 3256
2915 3435
3154 3256
3057 3222
2742 3017
2700 2791
2764 2903
2944 3025
2888 3114
2829 3019
2916 3304
2836 3383
3170 3320
2812 3249
2689 2777
3017 3320
2679 2754
2876 3152
2683 3435
2793 3041
2951 3219
2896 3293
2969 3033
2783 3255
3191 3434
1684 2893
1684 3040
2912 3348
3002 3100
2766 2929
2776 3105
2869 3051
3195 3232
2796 3049
2772 3357
2937 3115
2771 3424
2853 3035
2809 3362
2751 3357
3344 3355
3096 3348
2833 3115
1684 3424
3240 3341
2932 3087
3175 3194
2892 3295
3086 3177
1684 3167
1684 2768
2978 3090
3053 3200
2807 2837
2786 3384
2729 3400
2862 3174
2867 2916
2927 2986
2839 3324
3209 3345
2989 3116
2839 3193
3024 3051
2869 3201
2668 2795
1684 2911
2698 3022
2682 3019
3066 3083
3172 3434
1684 2826
3087 3406
3114 3400
3239 3330
2937 3267
3082 3434
3035 3344
