400 561
630 644
414 651
374 483
414 580
363 580
597 630
422 597
574 631
514 614
483 542
524 683
556 559
583 681
579 677
524 590
348 370
465 580
643 681
573 677
414 475
348 423
601 637
644 666
605 678
556 563
483 651
575 579
618 653
620 636
596 653
631 679
370 436
370 423
579 603
428 567
423 461
400 651
566 676
617 654
400 676
636 684
573 619
370 591
524 553
370 544
592 618
422 596
414 666
370 506
391 500
665 670
107 428
590 609
609 623
500 553
573 684
414 595
400 461
599 627
394 676
475 566
612 636
492 544
601 629
578 659
370 378
513 669
582 681
574 596
414 658
603 609
619 633
578 670
658 675
589 684
506 566
616 618
670 681
428 609
496 514
107 649
492 524
428 436
391 438
609 653
378 434
587 591
544 556
348 391
592 653
391 669
500 604
627 681
578 600
579 623
587 646
414 600
654 664
580 637
500 524
574 616
561 651
581 642
621 622
591 641
566 637
438 606
647 675
374 414
500 506
500 580
428 465
414 625
438 506
513 524
561 683
423 465
590 680
438 492
428 669
627 647
414 582
609 654
492 500
617 630
579 622
436 634
414 653
394 475
506 544
414 577
378 431
579 616
107 414
422 680
394 513
496 669
574 663
625 630
348 513
412 683
374 591
598 625
394 683
496 513
483 500
578 661
632 635
625 654
583 675
414 618
483 544
422 584
395 556
579 664
553 645
34 348
574 579
434 496
597 611
500 645
475 559
578 647
588 653
373 513
414 606
434 559
604 676
592 626
414 598
676 683
370 604
412 566
577 661
376 395
623 654
414 659
376 438
348 436
348 475
370 483
584 679
370 374
615 670
414 623
436 637
414 431
513 641
412 434
588 654
626 657
427 563
465 614
513 645
589 605
376 434
461 645
596 639
653 685
573 623
422 678
414 647
483 566
436 580
422 609
374 515
422 644
577 647
677 682
465 676
438 514
513 634
506 553
544 676
438 556
483 515
615 659
647 662
650 659
431 606
348 567
640 658
619 623
438 475
378 669
583 599
348 374
378 412
376 587
542 556
640 659
628 632
563 604
461 542
373 500
483 563
553 683
542 591
631 682
414 674
654 678
640 662
637 645
589 623
566 591
496 566
461 567
422 619
391 561
107 580
630 684
513 646
465 506
500 591
619 684
363 553
626 664
583 650
573 666
376 586
400 669
373 563
395 630
599 681
595 662
583 615
606 614
589 654
582 650
627 665
637 669
653 672
596 609
544 561
428 542
575 654
414 661
414 630
611 618
395 514
348 496
542 553
394 414
561 669
637 678
506 604
589 625
589 622
422 561
577 643
599 662
414 650
400 601
374 378
374 513
582 675
465 604
515 591
597 603
373 423
641 651
577 627
431 561
514 669
378 524
414 601
412 614
414 465
575 589
431 506
582 670
622 639
573 625
373 591
428 506
579 619
635 675
378 513
617 664
598 618
591 604
414 599
623 677
583 632
524 542
582 615
514 580
590 617
373 492
573 626
376 651
422 553
640 661
373 645
436 506
376 428
644 664
558 604
475 641
475 496
414 556
422 657
423 524
107 483
423 553
589 664
461 524
492 580
680 684
622 684
378 561
582 632
414 524
348 563
556 683
461 513
599 675
373 606
376 652
374 559
414 643
630 657
374 376
500 556
461 559
