698 878
774 823
698 825
753 861
864 893
867 874
878 889
825 884
708 747
708 823
747 800
810 856
697 713
772 828
856 861
698 708
884 893
800 828
823 880
858 871
769 890
772 800
698 776
774 856
697 800
863 878
713 774
861 863
729 878
697 747
698 871
823 840
719 800
870 879
729 886
698 886
805 828
745 774
867 887
747 880
698 880
857 865
774 830
869 890
804 889
870 881
776 873
713 830
804 888
753 889
698 860
708 856
769 774
819 880
870 895
753 856
703 828
856 888
774 810
703 880
697 890
878 888
713 823
697 753
698 774
698 877
713 719
703 747
800 823
729 882
708 769
819 840
840 856
823 856
747 830
698 729
857 868
729 753
703 819
698 719
856 863
819 823
747 828
698 810
719 810
697 856
804 878
805 810
819 856
811 890
745 828
698 864
862 865
719 774
729 863
774 811
828 856
811 869
713 810
747 804
819 830
713 800
774 828
803 880
804 861
872 873
729 804
698 866
698 893
747 823
871 895
867 885
708 719
698 840
872 887
769 798
698 800
856 876
888 889
881 895
804 863
698 874
698 889
719 805
877 885
708 830
882 889
698 870
856 889
719 772
867 872
698 876
745 747
747 810
698 862
698 867
698 884
703 719
708 869
747 769
776 885
886 889
774 800
745 830
719 747
830 856
697 698
803 840
698 803
882 886
698 885
697 819
703 856
825 889
873 885
698 713
708 800
828 830
856 869
729 856
698 856
719 823
823 830
823 828
747 803
805 830
861 888
698 772
747 819
698 753
769 828
857 871
873 874
800 811
879 894
830 840
708 828
698 828
713 819
697 840
885 887
697 823
825 856
863 882
800 856
698 895
772 856
866 881
776 887
729 876
698 873
747 840
697 772
805 880
856 864
769 800
856 893
703 823
697 769
698 875
866 895
863 889
698 805
769 856
719 828
698 863
870 871
862 868
800 805
863 886
876 888
811 856
708 811
776 872
872 874
805 819
856 882
828 840
745 805
708 753
713 772
858 881
753 819
867 873
857 862
753 890
698 858
713 840
747 805
753 769
876 878
698 857
753 823
698 747
867 877
698 872
698 888
871 879
810 823
874 887
745 810
713 805
825 864
871 881
861 878
804 882
810 828
729 888
713 747
866 894
719 840
776 867
863 876
697 828
698 887
729 889
719 830
708 890
858 870
698 830
