686 
687 713 843 854 789 745 781 769 
688 750 758 711 850 735 806 781 829 843 743 705 
689 
690 740 719 779 806 
691 832 801 
692 
693 690 743 
694 833 804 792 759 748 725 813 699 786 
695 731 804 735 703 707 797 779 692 
696 762 791 839 701 818 819 712 806 
697 817 763 725 825 782 773 838 801 762 831 807 787 
698 795 843 850 694 
699 
700 838 770 827 
701 812 828 762 741 
702 761 851 
703 806 762 712 744 851 700 753 742 
704 
705 695 696 774 783 782 838 691 749 757 850 732 743 806 855 
706 841 801 759 822 
707 775 820 734 801 
708 818 847 688 718 
709 788 856 729 
710 783 
711 805 816 739 851 
712 811 696 833 754 
713 856 779 700 783 757 749 689 835 737 793 704 803 763 806 716 732 854 
714 688 796 
715 785 
716 753 835 755 760 
717 
718 804 691 760 724 
719 791 806 702 712 704 846 855 856 723 825 788 716 
720 706 698 816 731 
721 733 751 
722 790 730 809 770 
723 846 739 710 
724 703 780 687 727 838 774 799 720 718 772 845 706 743 796 765 
725 741 837 757 
726 841 735 733 728 847 729 709 
727 704 811 755 736 
728 723 770 689 777 825 804 815 712 793 722 850 845 699 
729 
730 723 712 780 706 
731 759 714 803 833 794 
732 722 762 
733 742 721 
734 775 725 815 787 699 726 821 843 
735 785 
736 778 695 792 726 790 
737 804 774 700 
738 716 734 846 717 731 769 
739 690 750 838 820 722 
740 844 
741 795 719 
742 804 853 820 760 
743 824 
744 787 
745 778 725 761 843 741 746 841 838 811 742 721 
746 798 788 
747 796 750 749 798 714 846 766 694 755 778 761 707 689 816 786 794 
748 762 832 840 759 855 
749 856 
750 844 798 
751 698 744 
752 733 702 804 778 786 699 739 850 725 
753 760 775 822 
754 729 702 692 763 755 799 818 766 696 812 
755 753 725 
756 
757 748 
758 710 
759 789 802 787 701 
760 759 816 803 721 758 691 
761 737 779 
762 720 
763 785 835 
764 798 789 802 853 744 818 812 
765 716 827 798 818 
766 751 843 807 829 812 765 702 
767 747 834 
768 788 850 840 
769 688 819 
770 730 719 746 811 
771 762 843 813 
772 830 712 
773 856 839 797 761 718 689 715 767 855 808 729 
774 730 714 711 
775 
776 772 
777 753 700 
778 825 766 771 
779 733 725 785 755 808 778 
780 715 786 693 785 771 788 817 
781 782 721 835 846 699 839 725 730 801 802 844 733 804 791 
782 824 769 770 
783 805 829 818 697 732 
784 832 755 811 740 789 788 823 
785 841 
786 715 
787 747 856 834 698 
788 
789 837 829 855 794 
790 
791 
792 770 814 817 
793 710 779 791 753 
794 825 
795 819 854 707 
796 793 735 
797 773 729 710 
798 829 695 
799 836 
800 739 776 824 785 687 803 796 767 
801 812 
802 764 843 
803 842 827 
804 
805 856 707 821 711 778 771 698 809 733 699 784 852 689 
806 811 739 
807 809 696 701 854 
808 688 
809 707 831 
810 850 717 852 726 792 739 799 
811 729 
812 749 700 763 
813 780 737 
814 750 
815 691 738 
816 803 
817 822 794 810 690 841 709 
818 850 727 704 
819 829 758 822 812 855 726 797 689 732 
820 740 743 710 790 796 
821 723 766 
822 698 752 825 
823 812 836 746 716 720 804 699 734 
824 717 730 771 769 691 852 775 803 763 689 807 856 740 
825 711 833 
826 821 
827 793 851 730 687 856 774 
828 831 734 721 743 775 744 755 854 692 785 783 839 738 710 850 695 749 
829 697 750 709 729 735 
830 734 707 758 811 782 738 691 703 798 790 767 736 
831 774 786 
832 807 775 
833 807 708 
834 806 816 791 779 759 802 
835 830 816 746 806 
836 813 
837 781 813 724 
838 751 797 756 837 825 802 725 796 763 
839 697 837 
840 742 792 793 843 715 
841 
842 839 708 777 729 855 
843 712 788 827 754 
844 727 739 852 
845 847 735 
846 805 
847 816 701 804 765 757 772 837 
848 696 737 759 
849 806 694 815 800 
850 808 742 
851 
852 
853 844 733 756 762 736 718 838 767 772 
854 
855 
856 699 691 806 846 762 
