0 1345 
58 981 1475 
107 1670 1556 1776 1904 1033 1856 1070 1672 1175 1704 1624 937 931 1874 1131 1592 1318 1401 1117 1786 1569 1240 1849 1125 1474 1432 1490 1853 1454 1103 1438 1854 1771 1841 1743 940 1083 1358 1649 1695 649 1740 1602 1869 1338 1876 1159 1829 1141 1127 1847 1064 1673 1244 975 933 1832 1065 1696 1364 1810 905 973 1297 1671 1419 956 1249 1180 1041 1302 1604 1674 1661 1646 1276 1645 1427 1901 1199 1102 1340 1707 1615 1170 1459 1826 1898 1680 1703 1908 1383 
171 1199 376 
348 1430 1133 
353 975 1293 1781 1508 1395 1153 1213 1831 1716 1777 1883 1672 1797 950 1356 
363 1360 1256 1793 971 999 1104 563 1498 1059 1451 1121 1469 1676 926 
366 1410 1353 1650 1589 1002 1328 1094 1602 
376 1626 1013 1138 1368 
389 1346 1254 1247 1676 1250 1406 
414 1191 1111 1634 1660 1658 
420 1010 1564 
428 1287 982 1517 1570 1352 989 1116 1393 1019 1134 1038 
475 1623 1204 1677 1412 1881 1703 1149 
483 1209 1644 1472 1700 1601 1818 945 1222 970 941 1462 992 1897 1271 1421 1852 1173 1906 1608 1837 1867 1044 1198 1548 1307 1149 1510 1380 1776 1328 1526 1112 998 
484 1654 1862 1811 931 1747 1496 1575 1322 1174 1843 1705 
517 969 1279 1661 1151 1294 1197 1711 1443 1520 1210 1214 1762 1440 
526 1044 1690 1775 1029 1752 601 1252 1267 1088 1089 975 970 1677 1152 1797 1116 1156 
538 1457 1538 1646 420 1816 
563 1113 1856 1271 1348 1110 
566 1909 1787 1677 1678 
580 1666 999 1406 1393 1877 1180 1715 1024 
596 1793 1890 1891 1815 1170 389 1640 1257 
601 908 1009 1484 1222 
606 1679 959 1633 924 1316 1416 1530 1693 1087 1858 1477 1635 1463 1404 1592 
629 1675 1644 
637 1034 1494 1302 1818 1640 1615 1605 1248 935 1750 1688 1138 1561 1506 1180 1774 1470 1752 649 
641 1434 1463 1036 1891 953 1564 1389 1399 1343 972 1806 1848 1792 
649 1816 
651 1637 1443 1658 1639 1239 1727 1876 1422 1197 1449 1255 
896 563 1750 1117 1829 1471 1627 1211 1002 1734 1713 1708 1186 1073 1760 1563 961 960 1867 1844 
897 1497 915 1435 920 1075 1081 1374 1545 1215 1007 1033 1181 1362 1680 1501 1509 
898 1628 988 1877 1902 1038 651 1201 
899 
900 1673 1360 1740 1502 1237 
901 1178 962 389 1750 926 1709 1398 1732 
902 1878 1454 965 951 1245 1623 1207 
903 1172 1210 1360 1807 1105 1644 1490 1846 1031 
904 902 
905 1324 1757 1840 1874 1421 
906 1316 1001 1908 1731 1695 1211 1430 1172 1287 949 1207 0 1117 1767 
907 1722 1234 1708 1332 1069 
908 1074 1445 1256 1320 1598 1118 1221 
909 1610 1047 941 
910 1075 1178 
912 1225 1440 1792 1310 
913 940 1842 1159 987 975 1705 649 1423 927 1882 
914 1034 1163 1377 
915 1410 1558 1465 
916 1852 1494 1776 1311 1578 1242 1732 1726 1539 951 1686 1226 1369 1131 1701 1699 1115 1382 1546 1777 975 1225 1500 637 907 1406 1418 1585 1911 
917 1010 1331 1486 1268 1172 1910 1734 1825 1068 1641 920 1407 1890 1201 1606 1352 566 1498 1847 1559 999 1585 1116 1171 1181 1861 1117 1076 
919 1734 1480 1110 1514 
920 1659 
921 1658 1578 1424 1544 1775 1637 1580 1181 1884 1217 1190 1090 1024 1265 1739 1899 1879 1890 1153 1715 
922 1100 1437 1876 1668 1821 
923 919 1116 
924 1129 1210 1344 1869 1521 1112 
925 1483 1709 1068 1575 1041 1549 1014 1251 1631 1111 1219 1236 1348 1895 1745 1787 1156 1142 984 1045 988 649 1015 1121 
926 1682 1323 1519 
927 1071 1098 1171 964 1165 1575 1155 1461 977 1232 1674 
928 
929 
930 966 1778 960 1209 1580 1392 1610 959 1435 1189 
931 1531 1809 1802 
932 952 1264 1450 1301 1075 1823 1745 348 1602 1811 1779 1066 
933 1904 1392 1252 1522 912 1489 1044 
934 1540 1703 1125 1891 1557 1034 932 1786 1532 1502 1458 1587 1393 
935 363 
936 1239 1640 1781 935 
937 948 1865 
938 1225 1094 1379 964 1230 1741 1882 1518 922 1453 941 
939 1753 1887 1770 
940 1503 1387 1377 
941 1696 414 1414 1631 1803 1252 1455 1374 1619 363 1175 1515 1632 
942 1201 1509 1769 1155 1263 1300 1707 1794 1431 1202 1035 1713 1840 
943 1471 964 1295 
944 1052 1607 563 1139 1855 1531 1813 1396 
945 1492 
946 961 1688 1643 1684 1555 1780 1192 1249 1701 1667 1660 1017 1504 1771 484 1474 1698 1015 1492 1034 1167 1451 1690 1844 1821 1164 1633 1865 1870 1754 1525 1385 1745 1859 1828 1408 1498 982 999 
947 376 1871 1042 1860 1133 1877 1533 1504 1176 1082 1379 1630 924 1088 1095 1440 1498 1139 1054 1013 1704 1727 
948 932 1573 1589 1134 1708 
949 1784 914 1191 1340 
950 1580 
951 1240 928 927 1345 1357 1211 1452 1730 1822 
952 1838 1324 1577 1502 1720 1676 904 1651 1334 1212 1032 1649 1779 1602 1599 1346 
953 1159 1885 1831 1145 1236 1555 983 58 1544 1031 1452 1154 1500 1477 1232 1727 1787 1408 1468 1286 
954 566 1271 1897 1391 1550 1728 1483 1754 1089 1784 1718 1217 
955 1428 1137 1860 920 1789 
956 1104 1198 1605 
957 1050 1790 1491 1656 566 1156 1325 1214 971 606 1422 1188 
958 1249 1025 
959 1339 1045 1109 1262 1246 1503 
960 1523 1387 971 1450 1710 1048 1688 1732 1638 1089 1044 1640 1803 1802 1869 1771 1742 1782 1452 1696 1671 898 1813 1744 1557 
961 1312 908 
962 1588 1861 1063 1245 1678 606 
963 1419 1317 1697 1706 1610 
964 995 1207 1898 1004 
965 1828 1360 
966 1660 1585 1035 971 969 1344 1837 1472 1582 1523 1641 945 1004 1268 993 1762 1207 1614 1379 1023 1009 1243 1478 1339 1740 
967 1199 1797 1547 1692 1143 1007 1868 1660 1300 1857 1821 1642 1028 1897 1617 1869 
968 1824 1490 1546 1601 1756 1839 1433 
969 1495 1150 1339 1250 1613 963 1131 
970 1319 
971 1870 566 1308 1899 955 1545 1311 1508 1265 
972 1582 942 1885 1038 
973 1482 1404 1075 1875 1766 1572 1877 
974 1579 1585 1827 
975 1431 965 1901 1151 1259 1198 1910 1163 1343 1424 
976 1120 1467 1399 1522 1732 1016 
977 901 1755 1486 1856 
978 1641 1787 1383 1843 924 1452 1686 1257 1194 1327 1109 1517 1507 1186 363 1618 1698 1460 1640 1684 
979 1106 1481 1277 
980 1655 1051 1500 1298 353 1870 1138 975 1197 1636 1747 1095 1706 929 981 1165 1871 1327 1212 1233 1443 974 526 923 1882 
981 1469 1327 1846 1714 580 1542 1109 1524 1725 
982 1131 1877 970 941 1099 1482 1387 1757 1592 1628 1688 1585 517 1755 1193 1906 1843 1068 
983 1243 1043 1302 1113 945 1830 1870 1515 1654 921 928 1889 1416 1586 1573 
984 944 1391 1882 1016 1878 
985 948 
986 
987 1061 1129 
988 923 968 1842 1380 986 1393 1663 1659 
989 1445 1457 1321 1522 1608 1282 1324 1365 
990 1335 1613 
991 993 1097 641 1481 629 
992 1728 1228 1554 1297 1497 1182 1132 1627 
993 1362 1677 1815 1258 1356 996 1365 1574 1345 1245 1510 944 1610 1132 1257 1190 984 1512 992 1315 989 1114 1058 1748 1034 1145 1285 1314 
994 1140 1182 949 1662 1802 1597 
995 1023 920 1069 907 1111 1240 1161 1327 928 1760 943 930 1771 1520 1782 1796 1582 
996 
997 580 1276 1735 1460 899 1343 1844 1322 1765 1900 1710 1638 1086 1549 1492 1465 1300 1906 1472 1648 1022 1891 1194 
998 985 913 1270 
999 1045 1639 1074 483 1493 1822 1885 1273 1908 1817 1865 1678 1297 
1000 1016 517 651 1746 
1001 949 1148 1329 1476 1561 
1002 
1003 1778 1570 1729 1409 1108 1361 1027 526 1320 1904 1135 1326 1801 1050 1524 1410 
1004 1510 1706 1089 1765 1562 596 1147 1279 1664 1166 927 1362 1695 1233 1202 1568 1177 1266 1167 1299 1898 1145 1792 1909 1374 1355 1118 
1005 1714 1456 1542 
1006 1661 1858 1097 1611 1594 1319 1247 58 1148 1263 1772 1308 974 1908 1444 1894 939 1277 1675 1276 1671 1170 1899 1358 1075 1010 1324 1773 1306 
1007 920 1503 1044 1816 
1008 1172 
1009 1269 1645 1251 972 1751 1462 1884 1416 1365 1016 1455 1685 
1010 912 1637 1671 1701 
1011 1584 1764 107 1235 1337 1030 
1012 1439 1108 1643 1578 1230 1795 1609 1258 
1013 1575 
1014 1727 1702 1641 1439 1790 1739 953 1225 1279 1703 901 1593 1890 1884 348 1135 1832 1133 
1015 1328 1306 1621 1279 908 
1016 1319 1700 1154 1618 
1017 1333 1070 1378 1865 1878 1273 1173 1565 949 1175 1362 1410 1509 1412 1205 1698 1868 1637 1395 1281 1319 1679 1108 1313 1787 915 1251 1350 1889 1829 896 1138 1428 
1018 965 1754 1587 1874 1027 1652 1566 1313 1478 1844 1732 919 
1019 1091 1330 1152 1625 909 1906 1337 1877 1895 107 1474 953 1757 
1020 1253 1668 1803 1381 1667 1045 1516 1001 1568 1698 
1021 1239 932 1076 1366 1013 1908 1676 1600 1792 1215 937 1178 964 1612 935 
1022 
1023 1101 1241 
1024 1294 1776 1094 1266 1910 959 1048 1308 1882 1304 1247 905 1029 1545 1669 1334 
1025 1323 1867 1863 1465 1426 1826 1115 
1026 905 1794 1724 1387 1850 1360 1169 1468 1095 1329 1282 1885 1643 1190 1046 1545 1327 1874 1630 1552 1909 
1027 
1028 1707 1895 1159 1278 1103 1359 1414 1065 1320 1384 1747 1525 1458 1443 1737 1228 
1029 1295 1434 1031 1302 1329 1869 1509 1189 1140 1209 1266 1036 1741 1628 1563 1859 1841 1766 1082 1614 1705 
1030 1354 1306 
1031 1583 
1032 939 1409 1532 965 1058 1021 1456 1069 1847 1271 1144 1392 1666 1770 1762 1874 
1033 1380 1760 1905 
1034 
1035 1089 1133 1804 1203 1281 
1036 1316 934 1848 1547 1008 1299 986 1607 1726 1522 1839 947 1013 1163 1626 1226 
1037 1813 981 1124 1027 1629 1165 1418 1227 1246 
1038 1214 1790 
1039 1302 1292 1569 1692 
1040 606 951 1247 1769 1480 1306 914 1851 0 1773 1653 1210 
1041 1887 1043 1849 1549 1270 1689 1569 1059 1525 1066 
1042 1612 1024 
1043 1893 1879 1415 
1044 1576 1347 1535 
1045 1490 1749 1345 1315 
1046 1456 
1047 1522 1579 901 914 1392 1164 1451 1254 1380 1645 1332 1717 1322 906 1591 
1048 1297 1172 1003 1900 1902 1457 972 1159 1143 955 1101 1737 1189 1179 1259 937 1323 965 1828 938 1736 1040 1601 
1049 1023 1604 1753 1380 1464 1734 1069 1640 1564 651 1810 1869 1651 903 1145 1707 1379 1896 1095 1093 
1050 1496 1736 
1051 1651 1238 1576 1242 1439 1068 1269 
1052 1300 1058 898 1534 1423 1333 1775 1371 1374 936 1819 
1053 1881 902 
1054 1210 58 1277 1160 1237 1837 1584 1002 1884 1350 1174 
1055 1063 1185 
1056 596 1052 1223 1809 1202 1586 1232 1415 1335 1370 1328 
1057 924 
1058 1851 
1059 1169 1725 1813 1304 1160 1170 1285 965 942 1400 1529 1393 1884 1245 1439 1292 1821 1785 1803 1183 1550 1121 1432 1801 1783 1883 1453 905 1423 1227 1144 1280 991 986 1905 
1060 517 1662 1049 1101 1351 1216 1273 1018 1901 1764 
1061 949 
1062 1623 1077 
1063 
1064 1361 932 1672 1199 1268 995 951 1245 922 
1065 
1066 1113 1753 1295 1353 1029 1004 952 972 1339 1342 1653 1057 1589 
1067 1500 1190 1521 1607 1142 1131 1031 1567 1555 1882 1839 1344 1565 1771 
1068 1074 1461 959 1347 1403 563 
1069 1423 1225 1727 
1070 1235 983 1664 1823 1353 1788 1603 1162 1166 972 651 1059 1623 1620 1510 1903 
1071 1803 
1072 948 1080 1496 940 1851 
1073 
1074 1668 1036 1511 1263 1905 1655 1232 1235 1345 1360 1403 1474 1436 1785 
1075 1219 1145 964 1150 1311 1304 1318 1866 1893 1133 1427 1406 1006 1231 596 1228 990 1814 1027 1089 1803 
1076 1880 1902 964 1265 1182 1229 1562 1081 1510 1685 1299 1624 1537 1507 1878 1145 1209 1345 1576 1682 1633 1743 985 1702 1254 921 1521 
1077 1496 
1078 1403 1672 1333 1007 915 1043 566 1134 1792 1618 1227 990 1737 1729 1875 1499 1248 1120 1650 1769 1893 1785 1795 1686 1417 974 1825 1820 1373 1253 1353 1742 1200 1812 363 1342 1128 1797 
1079 1307 0 1417 937 1694 1726 1553 956 1438 1007 1392 1222 1378 1451 1381 1057 1326 992 1426 1472 1322 1457 1779 1846 948 
1080 428 1306 983 1394 1549 1186 1402 1864 1236 1266 1100 1764 517 
1081 1286 1821 1264 1758 1011 1695 1372 1040 902 906 
1082 925 1498 1051 563 1075 1675 1627 
1083 1019 1334 1191 107 1618 1624 1296 1711 1709 1360 930 904 928 1564 938 1515 1249 
1084 1427 
1085 1211 538 1713 1675 995 1563 
1086 1703 1403 1151 1550 1170 1682 1819 1482 1392 1564 915 1684 1077 1065 931 1050 1362 1301 1578 1324 1369 1894 1807 1778 475 995 1038 1035 1636 1347 1299 1359 1300 926 1573 1435 1691 1106 1150 1462 1343 989 1074 976 974 1414 1458 1247 1817 1144 1876 1311 
1087 1591 
1088 1258 951 
1089 1610 901 1309 1905 1308 
1090 1381 1109 1687 
1091 1554 1256 1340 
1092 1382 1298 1049 1869 1883 1580 1867 649 1579 1770 
1093 1018 
1094 1780 538 
1095 1847 1093 1845 980 1027 
1097 1522 944 1275 1626 1214 1025 1881 1312 1831 1288 1006 1277 
1098 989 1425 1504 
1099 1111 1567 1892 1608 1383 1136 1436 376 1836 1052 
1100 1255 1473 1602 1487 1371 1846 1303 944 1620 1808 898 1351 1238 1216 
1101 1730 1234 1009 1688 1502 1357 1844 937 596 1756 1558 1649 1232 1718 996 1717 1863 1666 1822 1543 1859 1233 1434 1071 1603 1580 1906 1724 1177 
1102 1145 1648 1902 1215 1057 1735 1841 1067 1715 1697 956 1365 
1103 1182 
1104 1272 1847 1731 1156 1341 1789 1872 1476 955 1275 1374 1419 1072 1201 908 1798 1593 1882 
1105 1636 
1106 1051 1230 1908 580 1026 1614 
1107 1676 1744 1086 1597 1780 1871 1875 1327 1244 1207 1026 1483 1301 1000 1135 1591 1515 1296 1016 1254 1715 1507 1778 1274 1475 1322 1720 
1108 1486 1327 1701 1738 1429 1318 1016 1872 
1109 1295 1687 1032 921 
1110 1671 927 1574 1493 962 934 1001 1651 1192 1124 943 
1111 1459 1095 
1112 1389 1176 1588 1366 1115 1831 1260 1739 1136 945 606 1090 1697 1751 1228 1718 1744 1877 
1113 1684 1147 1779 1155 1207 1671 
1114 1573 1795 1166 1759 1749 1169 1036 1397 414 
1115 1435 1349 985 1793 1074 1111 1090 1556 
1116 1774 1768 971 1050 1143 1244 1158 1771 1792 1907 1337 1883 
1117 1362 1451 1726 1777 1513 1394 1771 1159 1028 939 1517 1708 1101 1779 1650 1875 1508 1686 1406 958 1710 1276 1757 1233 1273 1052 1348 1430 928 
1118 1535 1516 1782 1881 927 1426 1606 
1120 1094 1147 1802 1877 1170 1441 1605 1209 1007 1778 1211 
1121 1524 1654 
1122 1118 953 1803 1590 1229 1022 
1123 1504 1337 900 1260 997 1425 1329 1651 1800 1312 1064 
1124 1860 1541 1686 1337 1650 903 1886 1742 1552 1339 1591 1291 970 1268 1491 1043 1809 1315 1303 1838 982 1592 1833 1142 1691 957 1495 1349 1464 1547 1081 1731 1866 
1125 1020 1266 945 1577 1549 538 1747 1525 1749 1089 1440 1254 1664 1430 1550 1729 1735 1608 1853 1231 1897 
1126 1658 1691 1762 1130 1345 1429 1418 1661 1791 1333 1880 1286 1052 1574 1053 1249 1325 1871 1671 1512 1824 1180 1702 1905 1423 580 1219 1680 1883 1186 929 1893 922 1692 1829 1538 1633 1426 1168 
1127 1287 1363 1253 1767 1717 1600 
1128 1489 1047 1798 1631 1883 1113 1806 1892 1523 1527 1719 1208 1374 1820 1177 1497 1478 1880 1544 1721 958 1573 
1129 1747 1634 1506 1173 1448 1837 1217 1659 
1130 1736 1131 1741 1700 1027 991 1035 1301 975 1844 1795 1064 1635 1181 1499 
1131 1653 1051 1015 1009 1662 538 1039 
1132 1085 1646 1136 1039 1756 1421 1590 1564 1749 1404 563 1791 1706 1692 1111 1663 1461 1359 1165 1555 1841 1726 1020 1340 
1133 1179 1519 
1134 936 1742 1761 
1135 1092 1861 1854 1593 1878 1496 1181 1131 1138 1803 1617 
1136 942 1391 1348 1034 1468 1427 1786 924 
1137 1460 1294 1661 966 1637 1440 1289 1173 959 1765 
1138 1081 
1139 1732 1093 1660 
1140 
1141 1301 1793 1233 1176 
1142 1563 991 1350 1822 1630 1866 1536 1328 
1143 649 
1144 1904 1618 1779 
1145 
1146 1691 1616 1715 1883 1123 1147 1375 948 1743 906 1788 905 1575 1007 1148 1590 1067 1486 1170 1436 1519 1223 1203 363 1850 1363 1319 1836 1058 1392 1429 1476 
1147 1679 
1148 1039 1827 1458 1487 937 1653 1271 1625 1154 1405 1333 1247 1520 1061 1197 913 1680 1783 939 1533 
1149 1873 1641 1692 1668 1828 1860 1470 1328 1118 1136 1682 1788 1036 1469 1783 1213 1024 1821 1187 
1150 1196 1384 905 1459 1627 
1151 1173 
1152 1088 
1153 1496 1248 1286 1009 1464 1586 1722 1217 1236 1164 1828 1660 1165 1328 1825 1650 1682 563 1145 1814 1106 1077 517 1116 1317 1250 1131 
1154 
1155 1438 988 1455 1167 1043 1666 1444 1857 1640 
1156 1019 1109 1382 1191 1414 1394 1836 1639 1688 1544 1910 1902 1333 1403 1781 1508 1031 1313 944 
1157 944 
1158 1200 1090 1388 1237 1896 1325 962 1315 1260 1273 1264 1890 1132 
1159 1397 1789 1441 1383 1700 1198 1274 1715 1276 1360 1784 1573 
1160 601 1245 1891 1294 1184 1654 1863 1485 1611 580 1895 1573 1098 943 1719 1131 1564 1578 1772 
1161 1130 1787 1753 1806 1362 1582 1453 
1162 1370 1642 
1163 1523 1225 1340 1106 1217 1306 1189 1379 1359 1557 1717 910 1210 1120 1470 1154 968 1795 1705 1330 1628 
1164 1656 1892 1615 641 1194 908 
1165 1803 517 905 1715 1293 1186 1651 
1166 1533 1907 484 1364 1332 1785 1170 1690 1903 1641 1673 1444 
1167 1293 1273 1270 1426 1436 1184 1810 1344 107 1660 1666 
1168 
1169 1830 1295 1291 1619 1413 
1170 1440 1345 1647 1188 1696 
1171 1354 629 
1172 1037 1115 1251 1905 1162 1798 1429 1904 1859 972 1475 1193 978 1579 903 1143 
1173 0 1798 1040 1569 1432 1646 1775 971 1223 1130 990 976 1728 1449 1495 1845 
1174 1610 1732 1734 
1175 1040 917 1238 1672 943 1901 1551 1382 931 992 1556 940 1791 1647 899 987 1299 1887 1899 
1176 
1177 1032 1901 1555 
1178 1262 
1179 1682 1861 1205 947 1143 1160 596 
1180 1141 1263 1462 1417 1340 1384 907 1275 
1181 1790 1762 1763 1630 1118 1506 1439 1718 1838 1050 977 952 1650 1128 1123 1840 1678 1794 1136 
1182 1728 1853 1174 1077 1909 1188 1156 1540 1363 1000 1838 1221 1147 1161 1732 
1183 1280 1340 1284 1661 1433 
1184 1911 1239 1556 1095 1387 1319 1415 1832 1558 1148 1115 1824 899 1438 1650 992 1006 1257 1020 1265 1486 1677 1303 1671 1672 1317 
1185 989 1036 1141 1372 1251 1743 1139 1253 1366 1414 1513 629 1176 1602 1792 1262 1611 1604 1381 924 1406 353 1102 970 1831 1010 1388 1905 1755 1616 
1186 1713 1516 
1187 988 1891 1770 1226 1488 1831 1199 
1188 1531 1866 1431 1506 1217 1161 1105 1465 959 1315 
1189 1399 58 1859 1564 1748 
1190 1646 1375 1102 1118 1442 1645 
1191 1032 1053 1456 1627 1279 1034 1850 1792 975 1474 1715 1461 1531 1626 1497 1384 1288 1181 1208 1778 1330 1429 1830 1273 1022 1702 1039 1020 981 
1192 1890 1755 1181 1838 1881 1453 1342 1853 1783 1125 920 1640 1770 958 1304 1303 1644 956 1562 
1193 1401 1442 970 
1194 1735 
1195 1821 995 1054 1045 
1196 981 1259 1099 1863 1050 1378 1456 1637 1887 
1197 1166 1411 930 
1198 1002 1665 1005 1611 972 1312 1009 1511 1013 1262 1692 1504 1411 1649 
1199 1472 1784 1438 1397 941 1225 1326 1634 1770 1065 1636 1504 1378 900 1014 1118 1313 927 1458 1120 1324 1049 1869 1134 1642 1111 1303 1908 1870 1310 1588 1306 
1200 1361 
1201 1157 1637 1075 1730 1367 1094 1655 1008 1253 1001 
1202 1302 1866 940 
1203 1610 1577 1540 
1204 1616 1556 1023 1211 905 1164 941 1065 1640 1080 1707 1829 1683 1492 1849 1856 1033 1000 1252 1090 1821 1709 1561 
1205 1429 1278 1795 1846 1812 1293 1866 982 1452 1591 961 1423 1052 1659 
1207 1509 1328 1667 1715 1305 917 1298 1503 1572 
1208 1551 
1209 1126 1064 1830 1629 1630 1310 923 1742 1714 1282 1396 1231 1775 1143 1438 1030 905 
1210 1147 1327 1359 1702 943 1629 988 1566 
1211 1798 1775 1594 1696 1828 1743 420 1296 1567 919 1102 1307 1767 1861 1763 971 903 1515 936 1030 1374 1605 1733 1207 1699 1468 1383 1494 1313 1195 1524 1614 1578 1369 1496 1891 1815 
1212 1481 1387 1020 1495 1127 1503 
1213 1289 1356 1452 1573 1128 1653 
1214 1336 1063 1264 1184 1427 1816 1616 1384 1547 1192 1774 1351 1215 1301 1554 1795 1231 
1215 1162 1218 950 1820 1362 
1216 1596 1593 1304 1809 1439 1718 1176 
1217 1155 1390 1111 1789 1328 1066 
1218 1571 1478 1137 
1219 1618 1277 1510 1452 1353 1506 901 1852 1398 
1220 1047 
1221 1361 1033 1901 1906 1812 1836 1448 1400 1247 923 1640 1249 1045 967 1708 1473 974 1007 1516 1297 1134 
1222 1679 1646 1647 960 1168 1612 954 1440 1488 1443 1308 1757 1722 917 1693 1692 1807 1097 1278 1788 1069 1311 1718 1510 1121 1591 637 1556 1846 
1223 1526 1494 
1224 
1225 1762 1137 1191 1833 1669 1024 921 
1226 1115 1080 1439 1713 1506 985 
1227 566 1748 1871 1721 1023 1595 1253 1456 1676 1771 1634 1164 1808 1639 1261 956 1151 1807 
1228 1843 1194 1747 933 1880 
1229 1313 990 1137 1523 1716 
1230 1152 1574 1198 1900 637 1493 1627 1469 985 1761 1843 1288 1517 1131 1691 1605 1349 1182 1087 1553 1282 1121 1504 1366 919 1676 1371 1012 1733 1189 1760 1210 1378 1297 1318 
1231 961 1558 977 1493 1696 1571 1815 1285 1536 1694 1321 171 
1232 1268 957 1219 1327 1781 1469 1504 1551 1753 995 1566 
1233 1808 
1234 1231 974 1741 1036 
1235 1521 1198 1307 1427 1189 1332 1361 1568 1701 1758 1654 1186 1308 913 1134 
1236 1553 962 1817 1341 1276 1401 973 1713 
1237 1777 1162 1088 1564 1606 1364 1701 1719 1090 1599 1377 
1238 1368 1672 1396 1716 1496 1066 1105 1247 1236 1728 1039 1529 1183 1727 1654 1387 1734 1406 1306 970 942 1880 1383 974 1088 951 1309 1738 
1239 
1240 1517 1095 1038 
1241 1368 1605 1778 1089 
1242 1379 1167 1194 596 1097 1842 1764 1227 994 1756 1101 1061 1900 1016 1786 1084 1902 938 1715 1234 898 
1243 414 1044 1826 908 1313 904 538 1565 1788 1845 1469 1673 962 1087 1740 1183 1575 
1244 1863 1343 1233 1254 
1245 1053 1906 1291 1444 1054 1511 1503 
1246 1388 936 1453 1052 1794 1044 959 1349 1154 
1247 1555 
1248 1626 1540 
1249 1118 1354 1216 
1250 1055 1769 999 1307 1158 1468 1089 1515 1832 538 1246 1366 1880 1188 1893 563 1818 1901 1583 1713 1455 1379 1506 1607 956 1230 1885 969 1143 896 1664 1381 1489 
1251 1259 1429 1385 
1252 1160 
1253 1082 
1254 1268 1641 
1255 1460 938 1758 1435 1303 1203 1406 1640 1843 1084 1438 1844 1145 1877 1762 1579 1395 651 1487 
1256 1590 1114 1484 978 1779 1088 1059 1383 1911 1175 935 1240 1274 1015 1855 1235 1224 1298 1318 1874 1100 1473 1387 1445 1338 1904 1023 1049 1075 
1257 1447 1441 1373 1182 1703 1777 1729 1203 910 1803 1533 1028 
1258 988 1789 970 1558 1593 913 
1259 1613 1554 1049 1498 1349 1677 1120 1738 1123 968 1907 
1260 1297 1720 1892 1667 1679 1411 1246 
1261 964 903 1745 1752 1047 1635 1818 1551 649 1713 1728 1772 1366 
1262 
1263 1196 
1264 1803 
1265 1489 1512 1313 1712 601 1449 1121 1507 1278 
1266 1022 1418 1351 
1267 923 1683 1082 1438 1902 933 1766 995 1275 1607 1122 1043 1759 1632 1859 1565 1006 1403 376 1503 1433 1726 1155 1896 1688 1216 1072 
1268 1109 1303 
1269 1416 1577 1708 1775 1038 1236 1690 1755 1742 1254 1351 1815 1474 1464 1149 1893 1330 1122 1080 1496 1396 1598 1286 1548 1070 1654 
1270 
1271 1036 1100 1472 1344 1000 1323 1467 1558 1773 1865 1852 1562 1203 1693 1371 1752 1365 1845 943 1662 
1272 1225 1783 1478 1052 1533 1501 1079 1112 1383 1389 1269 917 1232 1100 999 1842 1725 897 
1273 957 1002 1771 1103 1449 1367 1392 1445 1201 1093 
1274 954 1253 953 1032 
1275 1731 1350 1133 1005 1545 1498 926 
1276 
1277 1406 1663 1846 1053 389 1653 1455 1026 921 1114 1349 1863 1570 1294 1398 1815 1757 953 1362 1870 1270 538 1552 904 1147 1566 1112 1714 1109 
1278 1778 1323 1362 1125 1717 1254 1748 937 
1279 1650 1727 1532 1078 1620 942 1349 
1280 1443 1911 1773 1143 1155 1441 1215 1454 1364 1891 1642 526 1597 1446 1457 1398 
1281 1570 959 1801 1088 1194 1392 1745 1562 1267 1576 
1282 1139 1647 1522 1079 1486 1682 1338 1329 1132 1503 1157 979 1530 1315 376 1317 1370 1133 
1283 1787 1642 984 1759 1713 1460 
1284 1743 1894 1124 1283 1308 1677 956 1708 1300 1399 1751 1395 1903 1039 1271 
1285 1882 1512 1229 1907 969 1806 1320 1028 563 637 1823 
1286 1443 1372 929 1451 1405 1319 
1287 1472 1389 1718 1885 1771 1144 1037 1573 1783 1655 1496 965 1198 1844 
1288 907 1454 1863 1327 1461 1764 1525 1082 1338 1808 940 1186 1089 1001 1165 1476 1303 1374 1408 
1289 1779 1012 1593 1642 1590 1546 1283 1350 1122 1157 1029 1621 1682 1520 1521 1535 1334 1733 933 1137 995 1104 1001 
1290 1139 1185 1228 1508 1514 945 1658 1806 1650 970 1395 1866 1005 1711 1848 1140 1545 913 1219 1841 1908 
1291 1314 1137 1436 1069 1818 915 1447 973 1179 1063 1873 1528 1012 1402 1002 1448 1060 959 1710 1549 908 
1292 943 1126 1372 1568 1546 1544 1708 
1293 1810 1650 1261 1877 1688 1142 1905 1520 
1294 1807 1310 1846 
1295 1657 
1296 956 1336 
1297 
1298 1317 1395 1747 1431 1546 1780 1275 1607 563 1889 1686 1516 1722 964 1513 1031 1346 1453 
1299 1713 1609 1026 1548 1563 1387 909 
1300 1462 896 1654 363 389 
1301 1359 
1302 1911 1384 1639 997 1248 1661 1336 1658 1462 1041 1676 1766 1106 1773 1049 1760 1573 1395 1534 
1303 1536 1291 1504 1526 1891 629 1903 1280 1203 1746 1491 
1304 1435 1471 1073 1826 1055 
1305 1486 994 1334 1188 1068 1392 1515 930 1588 1749 1349 428 1053 1605 1720 1575 924 1064 1224 932 1112 1893 1325 1241 956 
1306 1461 1657 1903 1842 1727 
1307 1620 1714 985 517 1091 1637 1481 1205 
1308 965 1830 
1309 1839 1235 1500 1510 1673 1243 1807 1057 1817 
1310 1700 897 353 1017 1451 1055 1812 1564 
1311 1304 1319 1631 1735 1845 
1312 1680 1832 1808 1687 1756 637 1326 1647 1594 1123 964 1707 1602 944 
1313 1311 1342 1747 1613 1124 936 1885 
1314 1852 1041 985 1375 968 1481 1743 
1315 1639 1152 1085 1548 1452 
1316 1049 1846 1101 1406 908 
1317 1162 1498 950 1729 952 1726 1801 1349 
1318 1050 1772 1768 1296 649 1509 1414 1344 1774 1557 1077 1322 
1319 1063 982 1372 1760 960 1883 1256 
1320 1464 1439 1187 1147 1211 1368 1569 1549 1815 984 1719 1910 1442 1409 
1321 1816 1065 517 
1322 1603 1362 1416 1313 1208 1054 1037 1463 1695 1166 1258 1471 1901 0 1003 1721 1770 1321 1302 1167 1403 1554 1202 
1323 927 1513 1231 1088 1344 1781 915 1233 1503 566 1688 1689 1747 1779 1282 
1324 1810 1340 1771 1448 1906 1259 1109 1903 1474 
1325 1764 1390 389 1326 1180 
1326 
1327 1010 1023 1455 1576 1826 956 1305 1537 1761 1108 1348 
1328 1783 961 1114 
1329 1035 1882 1482 1677 1534 1691 1394 1360 1512 1031 1337 1867 1375 1234 1109 1105 910 1485 1239 966 1869 1783 898 1328 986 1610 1777 1638 1502 
1330 901 1002 1740 1000 1810 912 899 1814 1299 1070 1528 1734 1395 1452 1413 1272 1799 1405 1195 1864 1851 1612 1057 1531 1732 1162 1575 
1331 1082 1028 1157 942 1356 1265 1638 950 1863 971 1253 1446 1347 1443 1812 1574 1546 939 1672 1785 929 1125 1555 1745 935 1335 
1332 1333 1255 1756 1001 
1333 1516 1902 1259 1637 1910 1202 1439 1707 
1334 919 935 1724 414 1789 1364 1722 1499 1320 1101 1177 1771 1642 1448 1605 1104 1401 1665 1028 973 1056 1490 1804 
1335 1150 1701 1586 1408 1907 1820 1117 1133 954 920 1292 1509 1057 1398 1355 909 1844 1545 996 1031 1358 
1336 1316 971 1706 978 899 1477 1421 1278 1044 
1337 1499 1136 1826 1240 1905 944 
1338 1199 1677 1450 1238 1491 1253 1399 962 1144 1644 1307 1039 966 1378 1299 
1339 1356 1234 1642 1098 1766 1693 1241 1525 1133 949 1276 984 1173 919 1798 
1340 1236 1831 1529 1396 1757 1456 1513 975 997 1730 899 1756 
1341 1676 1294 1699 1154 1243 1687 1748 1622 1072 1084 951 1496 904 1650 1817 1060 1003 1452 903 1783 
1342 1624 1274 1355 
1343 1341 982 1576 1001 484 1153 1622 1715 1348 1224 
1344 1391 1227 1617 940 1190 1898 1759 1288 1230 1397 1145 1156 1183 484 1439 1388 1777 903 1319 
1345 1733 1802 1894 909 1835 1160 1278 1095 1465 1703 1491 1253 1790 1328 1106 
1346 1463 
1347 1535 940 1633 1482 1604 1652 1817 1570 1808 933 517 997 1154 1357 1230 1599 
1348 922 1261 939 1045 915 1491 1183 1881 946 1400 
1349 1825 1904 1794 1462 1654 1579 1250 
1350 1001 998 1574 940 1448 1677 
1351 1059 1903 1318 1095 1574 1900 954 968 1861 1499 1853 1319 1009 1727 
1352 1710 1633 1897 1616 1114 1410 1831 601 1887 1120 959 1111 1063 1393 991 538 1562 1691 988 1497 923 1596 1057 1388 1646 1453 1906 1430 1102 1217 1894 1260 1418 1256 353 1166 475 1701 596 1674 1115 1318 
1353 1116 
1354 
1355 1265 1556 1044 1579 1760 1482 1714 1261 1887 1626 1676 1392 1612 1814 
1356 1719 1301 1850 
1357 1112 1477 1192 1453 1331 1195 
1358 1669 1124 1611 1797 982 1621 1089 1630 1025 900 1201 1171 1672 943 1850 1704 1655 1051 1352 1450 1907 
1359 1518 1044 1755 1455 1352 1088 1012 1831 1812 1334 1828 1145 1287 
1360 1449 1295 1175 1539 1614 1549 
1361 1243 1136 1900 949 1032 1292 1686 1054 353 996 1585 1876 1346 1354 1283 1490 0 1672 1611 1293 1044 1716 1098 1282 924 1154 1416 1265 1873 1042 1907 1710 
1362 
1363 1250 606 1551 1563 1712 
1364 1511 
1365 1869 1116 1781 1463 1088 1859 
1366 353 1638 1048 1712 1312 923 1743 1546 1337 1098 1402 1865 1881 1686 1696 1068 1690 
1367 1795 1027 1774 1264 1292 1607 1414 1282 1766 1347 1330 1561 1696 1091 951 0 1763 1346 1459 1725 1904 1280 1496 1486 1769 1655 930 1475 1901 1123 958 1202 904 1384 1210 1445 
1368 1587 1861 942 1209 962 
1369 1236 1869 1758 971 1426 1548 1052 1535 1109 1679 1058 
1370 1474 1299 629 1277 1904 1316 1544 1601 1261 1655 1118 1528 1597 1557 
1371 1615 1496 1504 1341 969 1579 1878 1905 1686 1207 970 
1372 
1373 949 1008 1263 58 1572 987 1575 1253 1833 1313 
1374 1316 1162 1226 1541 1007 1553 1471 
1375 1015 948 1377 1318 1342 1782 1231 1138 1883 901 1786 1106 1911 1448 1433 1328 1331 1673 
1376 1459 910 1652 1583 1162 1110 1388 1767 1378 1897 1423 1882 1824 1171 969 1342 420 1355 1573 924 1412 1005 1773 1733 1454 1266 1708 1062 363 1452 1112 1808 1618 1805 1492 922 1270 1645 1029 
1377 1296 363 1889 1605 1476 1798 1640 1668 1451 1524 904 1144 1036 948 1515 1225 1209 957 1526 1901 1910 1779 1176 1306 1732 1123 1678 1527 1258 1326 1089 1197 1740 1567 1892 944 
1378 1009 1486 912 1682 1499 1672 
1379 983 1420 566 914 1026 1652 1253 1256 955 1163 
1380 1142 1063 1159 1793 484 1572 927 1673 1024 1123 928 1113 1599 1121 1505 
1381 1555 1091 946 1293 1685 1468 
1382 1711 1653 1538 1911 1758 
1383 
1384 
1385 1802 1076 1176 1148 
1387 
1388 1486 1403 903 1908 1031 1292 1401 1530 969 1105 1113 376 
1389 1388 1450 1526 1561 1640 1271 1241 
1390 971 938 1609 0 1860 1744 1374 1688 563 1852 1348 1647 1298 962 1269 1166 1887 1878 1882 1138 1876 1719 1311 1393 1817 979 900 1892 1398 941 1777 1706 1754 
1391 974 1072 1281 526 1711 1138 999 1634 1591 1303 1660 1830 1095 1563 1413 1771 1460 1463 1705 1661 1075 1301 1885 1193 1344 1713 1117 1773 1692 1910 1202 1287 
1392 1748 997 1697 1249 1166 922 1731 
1393 1067 1766 1480 1575 924 940 1193 0 1202 987 1801 919 1390 
1394 1262 
1395 
1396 1434 1343 995 1304 1198 1060 1577 
1397 1797 1643 
1398 1475 1080 1821 1355 1628 1575 1901 1576 1345 971 951 1909 
1399 1353 1265 1909 1866 1122 1034 1546 1446 1537 1088 1259 1308 962 1591 1401 1677 1148 1268 1020 924 1121 998 1852 1754 1627 
1400 649 1455 1491 1325 1383 
1401 1296 
1402 1655 1694 974 1788 1400 1775 922 1333 1277 1078 1239 1691 1537 1904 1357 1867 1602 1650 1000 986 1828 1688 1805 1327 
1403 1449 1371 
1404 1174 1196 1505 1239 1125 1607 1218 1258 1286 1743 1074 
1405 1526 1075 1530 1427 1185 1275 
1406 1866 1784 1639 1672 1357 976 
1407 1516 1181 1643 1219 1869 1269 
1408 1255 1446 1220 1621 1886 
1409 940 1250 919 1258 1210 1523 1378 1796 1162 1366 1909 1811 1158 1260 1630 1873 1825 1455 1713 1572 
1410 1060 1155 1003 1551 
1411 1051 1512 
1412 1253 1875 1620 1133 
1413 1586 1756 1166 1276 1246 1823 1329 
1414 1606 
1415 1135 1738 1593 1223 1488 1274 
1416 1896 1517 1241 948 1556 1540 1747 1504 1000 1743 1753 1143 1716 1350 1021 1503 1057 1178 1312 1420 1656 1852 1522 1693 428 1907 1392 1627 
1417 1059 
1418 1905 1860 1193 563 1043 1346 
1419 1035 1788 1325 
1420 1844 1161 1654 1884 966 1404 1462 1199 1704 1317 1775 1487 1505 1497 1410 1375 1374 1388 1593 1788 1034 981 1764 1757 1778 1546 1247 1599 1472 1115 1758 1503 1343 1610 1501 1651 1027 1073 
1421 1684 1884 1584 1311 1899 
1422 1223 1285 1647 1589 1202 1201 
1423 1883 963 1870 1244 1143 1607 1132 1527 1768 1833 909 1756 1611 1269 
1424 968 1223 1411 1454 1668 1898 353 1854 
1425 997 1065 1871 1658 1725 1626 1165 1123 1796 
1426 978 1123 940 1667 1630 1413 1256 921 1015 1500 1705 1662 1537 1710 
1427 1021 1556 1668 1810 1623 1689 1591 1406 1887 1753 1130 1471 1450 1717 1108 1400 
1428 1315 1395 1796 898 1806 1595 1509 
1429 1208 1813 1713 1063 1424 1734 1517 1896 1367 
1430 
1431 1226 483 1592 414 1678 1262 1047 1510 1674 1030 1704 1575 1519 1852 1009 1910 1586 1165 629 1820 1851 1711 1453 1911 987 1366 1463 1436 1639 976 1455 1345 1080 1772 1651 1749 1858 
1432 1563 1712 1410 1431 1529 1684 1034 1339 1779 
1433 1754 1504 
1434 1162 
1435 1415 1038 1603 1724 1294 1082 1846 967 
1436 1551 1566 1766 1404 1328 1265 1654 1054 
1437 171 538 58 1350 1635 601 1264 1246 1593 1101 1033 1435 1487 1608 
1438 1198 1455 937 
1439 
1440 1651 1853 1748 1161 1530 1694 1809 928 
1441 1081 1731 1160 
1442 1801 
1443 1619 996 
1444 1492 1299 1450 910 1874 1306 1840 921 
1445 
1446 1747 1379 1178 1902 1457 1576 1858 1785 1220 949 1899 1684 1441 1219 1055 
1447 1404 1317 1243 1766 1758 1192 1691 1425 1392 1118 1226 1115 1870 1074 992 1602 1474 1263 1453 1298 1653 1755 1337 1441 914 1365 1007 1636 1770 1696 1073 1434 1444 
1448 1821 1008 977 1308 1770 1501 1543 1155 1225 1696 1505 1735 
1449 1644 1722 1676 637 1404 1866 1704 1051 1233 1871 1106 1031 1591 1261 1731 1903 1194 1076 1148 1266 1036 
1450 1891 1055 
1451 1457 1887 1150 990 1121 
1452 1100 1836 1445 1219 
1453 1322 1869 1192 1550 1236 1481 
1454 1078 1512 1537 1626 948 1122 1567 1184 1908 1744 1052 1139 
1455 
1456 1313 1144 1252 1843 1579 1561 913 1563 1881 950 1118 1074 994 1822 1398 1867 1166 475 1183 1310 1148 566 1236 1682 1351 1189 1765 1521 1194 1051 1114 
1457 1542 1426 1645 1727 1770 1468 1750 1520 1137 912 
1458 1022 1152 1644 1733 1446 1841 475 517 
1459 1810 1866 1694 1247 1672 1561 1736 1136 1046 1759 1597 938 1906 1429 1837 949 
1460 1426 1475 1048 1219 1468 1709 1583 1207 
1461 1498 1008 
1462 1876 1211 1296 1106 1454 1819 914 1749 1521 1783 1490 1318 1009 1631 1574 1750 1623 1496 1763 1693 1220 1342 1692 517 
1463 1546 1384 1093 
1464 601 1328 1655 
1465 
1467 1677 1317 1766 1358 1441 1479 1678 1744 1354 1822 1878 997 1723 1244 1470 1284 1280 1776 1740 1592 1604 1108 1118 1869 1863 1781 1323 1432 1661 1771 1033 
1468 1634 1450 1108 1240 
1469 580 1429 1067 1644 1321 0 1888 1277 1640 1334 
1470 1829 1626 1790 1141 1157 1776 1473 1498 1867 1725 1462 1253 1129 1020 1562 1420 1485 
1471 1686 1400 475 939 1373 1195 1775 917 1405 1895 1688 1869 1031 1535 1046 1251 1593 1075 1546 1433 1866 1723 1860 1594 1030 1755 1425 1225 1843 1582 1553 1626 1244 1499 1144 1274 1540 1328 1779 
1472 1856 1713 1423 1845 1604 1653 1325 1371 1440 1009 1593 1453 1825 1561 1209 1794 927 978 931 1233 
1473 1527 1853 949 1426 928 900 1836 1485 1802 1127 1582 1378 1586 
1474 
1475 1050 1543 1014 1121 1444 1378 1229 1710 1013 1316 1894 1713 1412 1521 
1476 
1477 1623 
1478 1556 1564 1019 629 1231 1321 1722 
1479 1763 1780 1043 1669 1241 996 1149 1233 1469 1725 1864 1326 1814 1409 1164 1268 1162 
1480 1510 1015 1527 1680 1194 1892 1217 1225 1426 1724 1150 994 1454 1523 1896 
1481 1075 1199 1507 1626 1252 1685 
1482 1755 1145 1503 1578 1897 1362 1234 1801 1146 1885 1312 1390 1655 1081 1721 
1483 1520 964 1404 1317 1799 1754 1499 1865 1847 1519 908 1594 1541 1677 1653 1150 1140 974 1750 
1484 1372 1445 935 
1485 1244 1385 1032 1182 1523 1887 1656 1875 1701 1840 
1486 1911 
1487 1416 1251 922 1398 1680 1888 1609 1636 1425 946 1828 1406 1163 938 1269 1911 1011 
1488 1495 1791 1624 651 1279 1794 1071 171 1688 1388 1157 1202 1796 1710 1672 1248 
1489 107 
1490 1528 1114 
1491 1773 1113 1595 1488 1705 1845 1228 1238 1318 1506 1776 1540 1788 1366 1809 1103 1664 1640 1732 1111 1383 1375 1655 955 
1492 1166 
1493 1364 
1494 1498 563 
1495 1405 1395 1188 1167 1697 928 938 1283 1005 934 1514 
1496 1300 1473 1350 1072 1880 1401 1246 1898 1658 1595 1129 
1497 957 908 1570 1607 1602 
1498 1771 
1499 1012 1388 1816 1148 
1500 1009 1724 563 1718 
1501 1333 1564 1039 1203 1768 1128 1090 
1502 1380 1084 1577 1120 1487 985 1016 1190 1813 1261 1801 1633 1391 960 1782 1854 
1503 1740 1745 1801 1492 1615 1611 
1504 1439 1773 1874 1856 1606 376 1330 1724 1585 1148 
1505 1557 1835 1025 
1506 
1507 1102 1464 1849 1057 1251 1237 1670 1384 1510 
1508 1478 1395 1875 1498 
1509 1422 1646 1171 1840 1597 1749 1278 1351 1429 1825 996 1224 1702 1709 1605 1100 1620 1818 1524 1890 1531 1419 1758 987 484 1478 989 1020 1586 1097 1198 1515 
1510 1316 
1511 389 1008 1427 1516 1707 1236 1101 
1512 420 1483 1903 1420 1813 1885 1472 1176 1304 414 1338 
1513 1387 1899 1182 1700 1809 1232 1806 1891 
1514 1234 1014 1174 1589 1040 1550 1587 1685 
1515 1191 1862 1586 1882 1888 1660 1699 1707 1906 1496 1592 1750 982 1635 986 962 
1516 517 1157 1498 1213 1561 1350 348 901 1478 1162 1439 1415 1764 1796 1444 1285 1190 1693 1824 1084 987 1362 1485 1571 1825 1846 1526 1769 
1517 1190 1470 1283 1128 1300 1152 1368 1623 
1518 1554 1031 
1519 1555 1182 1668 1273 484 1281 1123 1716 
1520 1072 1400 1396 1079 1117 896 1403 1533 1114 1537 1681 1171 1286 1151 1116 934 1371 1899 1487 972 
1521 905 926 
1522 984 1595 1179 926 983 1054 955 907 1220 1095 1525 1090 1817 1277 1268 1471 0 1221 1365 1497 1201 1193 1573 1112 1194 1259 1263 1574 1675 1641 1219 1308 1606 1616 956 1412 
1523 1514 1033 1074 1355 1350 1288 1279 987 1599 1851 
1524 1053 1358 1677 1341 1123 1846 1205 1138 
1525 1142 1911 1640 1256 1208 1490 1170 1144 1900 1724 
1526 1347 1170 932 1444 
1527 1394 1609 1037 
1528 1140 1605 1578 1776 977 1268 
1529 1780 1091 1146 580 950 1605 526 1678 1571 1542 1280 
1530 1487 1342 1498 1748 1791 1587 902 1785 1693 1174 1274 1731 1156 1077 1220 1007 1740 1575 1440 1415 1546 
1531 1022 1716 1049 1409 1175 1242 
1532 1848 1232 968 1488 1605 1432 1613 1224 969 1060 1821 1067 1654 1826 
1533 1602 1778 1511 1032 1245 1510 1579 1576 1780 1193 
1534 1648 1612 1422 1759 
1535 1234 1536 1841 1057 1254 1040 972 1688 1402 1384 1163 1778 1132 1006 1110 1634 
1536 1347 934 1013 1688 1308 1797 998 1432 1034 1059 1610 1735 1035 
1537 1555 1335 
1538 1433 1218 1472 1238 914 1176 1579 484 1518 1831 1587 980 1528 1414 1526 1585 978 1611 1318 1278 1830 1880 
1539 1664 964 538 960 1244 930 1012 1468 1415 1271 967 
1540 1679 1434 1628 1620 1032 1558 1261 1330 1672 
1541 1714 1200 1120 1451 1430 1852 1906 
1542 1689 1393 1076 1714 1531 1730 1057 1007 996 1779 1486 1041 
1543 1376 1462 1130 1400 982 
1544 1830 1254 
1545 1272 1497 1348 1396 1709 1862 1177 
1546 
1547 1065 1881 1856 1504 1590 1785 1536 1103 1190 1510 1025 1566 566 1365 1680 1408 1749 1791 1073 1254 389 1220 1097 1295 526 1887 
1548 1623 960 1864 1703 1800 1592 1832 
1549 1690 1817 1820 919 929 1668 1620 
1550 1395 1164 1603 953 1336 1355 
1551 1684 1298 1144 1159 1114 1892 1202 1210 928 972 1884 1792 1093 1766 1856 1537 1129 1661 1044 1446 1468 414 1043 1536 1392 1577 1247 637 989 982 
1552 1752 
1553 1301 1535 1391 1359 1028 956 
1554 1133 1159 1127 1527 1671 1740 1232 1573 1812 1110 968 1346 1731 1279 1482 1056 1519 1095 1506 1038 1764 1457 1859 920 1238 1336 1632 1644 1192 1227 1002 1905 1067 
1555 1100 1852 1871 1875 1739 1109 1022 
1556 1118 1458 1617 
1557 1307 363 1743 1018 1549 1254 1862 1252 1596 1313 1781 1671 1678 912 1668 1032 1723 1665 1571 933 1542 1326 1531 1364 1439 1016 1758 1051 
1558 
1559 1672 1650 1410 1884 1615 1635 984 1434 1215 366 1044 1900 1398 1408 1295 1468 1220 1701 1596 1657 1388 1151 928 1027 1474 1038 994 1693 1179 927 1818 649 935 1540 1489 1002 1776 1497 1421 986 1246 1371 
1561 1637 1734 1901 935 1149 1323 
1562 1486 1069 
1563 1285 1439 1886 1217 1173 1045 948 1353 1368 1893 1220 1063 1434 1160 1705 
1564 988 1079 
1565 1508 1654 1515 1741 1063 1534 
1566 1525 1798 
1567 1167 1266 1911 1132 948 1072 1679 1230 
1568 1663 1753 1178 926 1684 1403 
1569 1321 1898 1127 483 1883 1760 981 1594 
1570 1020 999 1090 1018 1355 1366 1036 1062 1448 1799 1304 1566 947 1595 1625 1273 1534 1479 
1571 1249 1270 1661 1254 1712 1331 1545 1022 1567 1778 915 1640 
1572 1295 1243 1900 1691 
1573 1637 1872 1731 1005 966 629 1609 1712 1214 1430 1080 1665 923 1593 1443 
1574 1292 1479 1832 1319 1812 1481 1550 1341 1588 1488 1718 
1575 1381 1814 1176 996 1850 
1576 1740 1219 1827 1316 1288 1278 1809 1414 972 1154 1757 1861 
1577 1881 
1578 1165 1086 1618 107 
1579 1230 
1580 1579 1892 1128 1479 1091 1516 1701 1297 1802 1195 928 1431 641 1011 1445 1697 1165 1489 1152 1632 
1582 1669 1070 1016 1857 1458 1638 1731 1368 1116 
1583 1794 1297 1174 1743 1714 1073 1835 1370 1403 1584 1419 942 1875 1163 1601 1048 1037 1079 1154 1143 
1584 1323 1499 1318 1811 1606 1144 1904 1236 1171 1462 1495 1071 1020 1680 1204 1252 1347 1303 1363 1406 1623 1348 1112 1294 959 1260 1773 1734 1832 949 1105 1085 1821 1556 1893 1514 1856 1857 1496 1293 
1585 
1586 
1587 1450 919 1172 1431 1304 1849 1017 
1588 1589 1657 903 1015 1585 1358 1786 1490 
1589 1585 962 1890 1716 1104 1337 1298 1043 1093 1005 1898 1453 899 1741 1587 1090 939 905 1869 1336 1247 1773 1159 1235 996 929 1497 363 1451 1854 1806 940 1327 1177 1846 1847 990 1406 
1590 1483 1274 1426 1204 1044 1508 1798 1058 1078 1533 971 1463 1188 1692 1199 1198 1780 1774 1251 
1591 1287 1436 1880 1187 1357 1144 1310 1358 1111 1066 1607 1283 1768 912 1182 1338 939 1105 
1592 1755 1392 1306 946 
1593 1636 1354 1118 1499 992 1722 
1594 1636 1545 1719 1217 1781 
1595 1435 958 932 901 1138 1799 1372 
1596 1565 1496 1814 1281 1424 925 1300 1062 907 1022 1159 1695 1647 1293 1117 
1597 1586 1655 1514 1361 1077 1661 1056 1317 1815 1523 983 1229 1558 1553 1596 1459 1066 1423 1859 1874 1246 1129 
1598 1722 1241 1310 1670 1487 983 1411 1293 949 1573 1116 1775 1679 1376 1503 1910 1763 1104 1084 649 1586 936 1732 1588 1076 999 1114 1135 1784 1253 984 1489 
1599 1124 1573 1452 
1600 1687 1568 1258 1452 1351 1343 1456 1400 940 1462 1246 1083 1182 483 1428 1323 1125 1664 1360 937 1338 1018 1561 1417 1404 1812 957 
1601 1139 1888 1482 1192 1154 1130 1803 
1602 1494 1387 1828 
1603 1169 916 913 1905 1189 1829 1111 1803 1548 1056 1493 1740 1061 637 1460 1900 1852 1682 1534 1129 979 1872 1851 1102 1043 1661 1784 1108 
1604 1284 1149 1743 1458 1319 1315 1412 1463 420 1122 1401 1213 910 1366 1413 1481 1645 1550 1036 1033 1728 1739 1240 1400 1690 1081 1683 1558 
1605 1473 1908 1539 1241 1702 58 1869 1277 1777 1679 1010 1512 1410 1190 1656 1263 1328 
1606 1103 1314 1568 538 1339 
1607 1613 
1608 933 484 1501 483 1738 1351 1799 1294 1841 1389 1575 1186 1758 1488 1886 920 1874 1328 1355 1392 1149 
1609 1002 957 976 1151 929 1019 1392 1418 896 1853 1592 900 
1610 1907 1781 526 1587 1720 1440 1805 1368 1699 1226 1872 1427 1654 913 1054 1719 1521 1397 1624 1684 1314 1430 1617 1594 1082 1764 1307 1579 1067 1836 974 1869 
1611 363 1409 1641 968 1351 1087 1266 1693 1828 1472 1855 936 1749 1452 1585 1010 
1612 1616 1236 1828 994 1897 1908 1224 1868 1566 1140 926 1521 1848 1284 1214 1071 1139 1266 1472 970 1474 1051 1654 1099 1694 954 1865 1315 1263 1152 1109 1010 983 1558 1234 1337 1279 922 1014 1700 1321 1483 896 1325 1895 1217 420 
1613 1691 1698 1286 1818 1360 1860 1464 1008 1178 1368 1893 1351 1283 637 1897 1473 1566 1469 1041 1826 961 1139 1906 929 566 1020 1237 1263 1260 1385 1127 1162 1681 1549 1803 1455 1160 1278 
1614 960 1502 990 1767 1172 1837 1018 1107 1094 1521 978 1890 1447 
1615 1362 1509 1660 1072 1327 1306 
1616 1253 1908 909 1568 1031 1788 1033 1255 
1617 1677 1349 1519 1065 1611 1727 1273 1765 976 1815 1374 1406 1113 1286 366 1906 1528 1235 1653 930 1395 1453 
1618 1569 1506 1030 1624 1241 1115 1847 1155 
1619 1902 1379 1901 1128 1524 1634 1190 1320 1803 1344 1790 1468 1713 1061 914 1909 1147 1023 1855 
1620 1758 1315 1420 1045 1048 949 1876 1712 1298 1313 1330 1698 1303 1479 1796 1645 1221 1866 1114 1187 1532 
1621 917 1218 965 1641 1008 997 1019 1094 1124 915 1143 904 1395 961 1726 1112 1085 428 1469 1180 1708 1394 1324 1485 1489 955 1120 1486 1028 1607 1328 1188 1897 1756 1338 1447 1775 
1622 1241 1169 1041 1893 1786 1478 1820 1276 1197 1810 1231 1103 1373 936 1078 353 1297 1797 1616 1259 1658 1646 994 1443 1538 1831 1636 1486 1678 1438 1568 1454 1037 1450 1852 923 1401 1895 1883 1357 1472 1847 
1623 1155 1074 1540 1087 1030 1716 1165 1512 1481 1704 1619 1387 1237 1172 1447 1820 1504 1322 1368 1569 1057 1774 1565 
1624 907 1764 1363 348 
1625 1527 1156 1557 944 
1626 1690 1520 1307 926 1809 1846 1421 
1627 
1628 1210 1018 1437 1627 1798 1171 1502 1471 1549 1391 1638 1367 968 1589 1861 1542 
1629 1664 1869 1217 
1630 1424 1853 1208 1760 1512 1700 1509 1873 1428 1833 1137 
1631 
1632 928 1185 1334 1657 1051 1605 1842 1909 1008 1459 992 1773 1373 1469 1227 1267 976 1041 1460 1256 
1633 1846 977 1892 1185 1359 
1634 1780 972 1446 1235 1005 1174 1529 1214 1528 1297 
1635 1428 1214 1721 981 1437 1621 993 1586 1392 979 1513 
1636 1036 1552 1234 1428 1385 1254 996 1464 1139 1845 1131 1214 1764 1082 1722 1497 1022 517 1134 
1637 1826 1407 1444 1625 1265 1642 1041 1676 1077 919 1574 1326 1387 1515 1591 1702 1688 1151 1726 968 
1638 1230 1773 1263 1886 1694 1494 
1639 1533 475 1200 1448 1828 1041 1211 1230 1672 1077 1609 1250 1629 1778 1411 
1640 1199 
1641 1081 1679 1071 1438 
1642 
1643 563 1109 1459 1849 1302 1571 1222 1703 1021 1635 1340 1358 1817 1543 1580 1511 1363 902 1259 1064 1403 1281 1145 
1644 1015 1810 1152 1908 914 1213 1759 991 1350 1295 1869 1876 1754 1107 1801 995 1422 1252 1155 1440 
1645 1814 1870 1365 1028 414 1866 1888 910 1475 1815 1610 1828 
1646 971 1725 1796 1546 
1647 1745 1332 1562 1617 1421 1007 1430 1534 1832 1758 1683 1797 984 946 1054 1906 
1648 1016 1496 1254 
1649 1531 1062 1351 1757 1582 1221 1683 1184 
1650 1781 1905 
1651 
1652 1705 1706 1187 1450 1462 1396 1485 924 1114 982 1147 
1653 1911 1781 1436 1034 961 923 1784 987 972 1002 641 1097 1508 1396 1281 1565 1561 1734 1014 
1654 1496 
1655 1226 1078 1877 1480 1750 1714 1582 1641 1689 1785 
1656 1066 1277 
1657 1229 980 
1658 1353 1290 1684 1690 
1659 1264 901 1323 1857 1583 1042 1309 1132 1328 526 1162 1237 
1660 580 1214 1321 1392 1711 1458 
1661 1384 1507 580 1085 1424 1111 1087 1464 1685 1540 1163 1659 1508 1091 
1662 956 1900 1675 1492 629 1785 1309 1672 1708 1860 1564 1849 1709 1801 1259 1822 1907 1240 1698 1667 1332 1739 
1663 1060 1266 1876 1373 1540 1521 1292 1225 1207 1694 1035 1556 1737 905 526 1220 1053 1871 1641 1859 1088 484 1208 1044 1672 1623 1425 1410 1455 1742 1229 1165 1310 1281 1838 1089 929 1436 1740 1294 1235 651 1527 1904 1693 943 1504 366 1263 962 1715 1709 
1664 
1665 988 1634 1070 1436 1635 1322 1412 1195 1463 938 1297 596 1540 999 1794 1477 1847 968 1427 1657 1796 
1666 376 1738 1758 993 1495 
1667 1101 1319 1449 1337 1353 979 
1668 1838 1806 1529 1566 1102 909 1446 1002 1721 1260 1051 989 1258 1674 601 1845 1373 1426 1168 1135 
1669 1496 1095 1045 1586 1064 1750 1657 907 940 1305 1268 1252 1311 1030 1165 1439 1706 1492 1458 1327 1561 1722 1751 1403 
1670 934 
1671 1036 1850 1118 902 1888 
1672 1891 1636 1161 
1673 1394 1524 1111 1709 1172 991 
1674 1285 1214 1557 1244 1681 
1675 1851 1757 1304 935 1410 1628 1428 1233 1150 1427 917 1465 1284 1549 1844 1592 1244 1015 1725 1429 1839 1647 1494 1441 1887 1500 1582 
1676 1130 1806 1300 
1677 1404 1018 1388 1251 1185 949 1205 
1678 1286 
1679 1044 1557 984 1462 1290 908 1854 
1680 1467 1033 1190 1244 1559 1681 1843 1138 1425 1403 985 1822 1724 967 1740 
1681 1138 1310 1687 
1682 1695 1324 940 1628 1084 1713 1043 
1683 1847 1299 1592 899 1114 1314 1483 1710 1189 1292 955 1549 1415 1606 1043 1564 897 1177 1469 1740 
1684 1595 941 
1685 1682 1573 940 914 1824 1519 952 1320 898 920 1569 1252 1744 1428 1549 1860 1647 
1686 649 1460 1676 898 1641 1280 1426 1577 
1687 962 1318 1673 1591 1807 
1688 1808 1487 1077 1901 1097 1139 1610 1128 1578 1879 1065 1151 989 1024 1140 977 538 1232 1906 1419 1246 1621 926 1450 517 
1689 1561 1235 1440 1899 1821 1168 1836 1355 1726 1419 1373 1529 1825 1625 1421 909 1337 1160 1151 1397 1725 1117 1141 1156 1414 1248 1011 1711 1852 1415 
1690 
1691 1305 1376 1139 1708 1274 1905 1468 964 1615 1464 
1692 1241 1752 1515 1804 1648 1339 
1693 
1694 1585 1141 1236 992 1371 1159 
1695 1559 1805 928 389 1440 1730 1401 1655 1054 1633 1534 980 1342 
1696 
1697 1204 1136 1395 
1698 1172 944 
1699 1863 1546 1544 1245 1082 991 1745 
1700 1262 1522 
1701 1904 1640 
1702 1087 1601 1908 1727 1001 1614 1682 1091 606 1836 
1703 898 1523 1518 1084 1391 1637 629 992 1714 1424 1193 909 1708 1854 
1704 1010 1111 1244 1269 1775 1028 1483 1182 1655 1638 1508 
1705 931 1892 
1706 1870 1385 1052 1397 1572 1272 1805 1134 
1707 1196 1773 1159 1595 1657 1492 1462 1724 1867 1400 1262 1792 1299 928 1019 1144 1440 1770 1786 1064 1454 992 1087 1489 927 1274 1303 1659 1041 1128 
1708 1761 
1709 1019 997 1442 905 910 1457 1494 
1710 1380 1744 
1711 
1712 981 1382 1064 1721 1828 1735 1186 1877 1118 1565 1643 1459 1170 1345 1226 1624 1277 1247 1110 1346 1564 
1713 
1714 1728 1282 1568 1432 1680 1018 954 1124 900 1852 916 1895 1607 1452 1566 1537 1102 1490 1046 1306 1657 1896 1696 1539 1190 907 1753 1246 939 1012 1531 935 1626 1784 1213 1440 
1715 1737 1595 1029 1050 1688 1638 924 1286 1837 649 985 1004 1009 1525 1722 1425 
1716 1554 1289 1165 1227 1101 1013 1483 1602 1306 1725 1890 1595 1646 940 
1717 997 1225 1706 999 1878 1330 1056 1381 1363 1358 1484 1791 1028 1464 1212 1080 1576 1805 1058 930 1425 1543 1849 1030 991 1690 
1718 1153 1695 1459 936 1831 1422 1622 1015 1673 
1719 968 580 1808 1898 
1720 1097 1228 1829 641 1661 1726 1478 1125 1255 1844 904 1875 
1721 1164 1222 1094 1731 1471 1089 1011 1371 1565 1910 1891 962 1747 1201 1676 1877 1778 1793 1070 1029 939 1692 1495 900 1700 1783 1422 1406 
1722 914 1163 1853 1772 1832 1177 1016 580 1077 1435 1191 1272 1456 
1723 1032 1692 1228 1175 1169 932 1849 1747 1285 
1724 1034 1204 1535 1875 1018 1141 1494 1705 
1725 1609 943 538 1592 1737 930 1229 1364 947 1503 1282 580 
1726 1126 1744 1193 
1727 1372 1535 1545 1425 976 1308 1847 1260 1352 1633 
1728 974 1351 1703 1833 1232 1266 1136 1458 
1729 1780 923 1246 1401 1457 1124 1647 1391 948 1350 1250 1153 1296 1849 1501 1836 
1730 1782 414 363 1212 1863 1606 1700 1301 1067 1213 936 1158 926 957 1445 1353 1374 1476 1425 1625 1482 942 974 1306 948 1325 1490 1144 1432 1282 1083 1498 1326 483 1676 1743 1253 943 1286 1421 1161 1147 1177 1652 1121 1569 1670 1127 1408 
1731 1400 903 1269 1730 
1732 1414 1789 935 1180 1389 1178 1787 1360 1334 517 1906 1484 1379 1115 1790 1808 1549 
1733 1478 1861 1753 1586 1394 1603 1276 1575 1064 965 
1734 1450 1742 940 1795 1536 1136 915 910 1315 
1735 1712 930 1392 1901 1764 934 929 1372 1654 1408 1782 1697 984 1528 1787 904 926 1596 1258 1438 1069 1048 1177 1435 1496 922 1569 
1736 1588 1454 1616 1265 975 1667 996 1609 1484 994 1005 1319 1519 538 637 1294 1193 1496 1843 
1737 1677 1775 1176 1305 420 1063 348 1435 1319 389 1811 1100 1478 1477 475 1869 1392 1583 1415 1838 1224 
1738 1878 1171 1534 
1739 1019 
1740 1865 1492 1170 1159 
1741 1676 1670 1480 935 1405 1807 1889 1108 1410 1501 1412 1295 1750 1002 1812 1694 987 1324 1709 1371 1081 1458 1454 
1742 1063 1758 1033 1001 1510 1553 1029 1604 1864 1177 1909 1897 1681 1779 1355 
1743 1027 1444 1220 1815 941 
1744 1791 1732 998 1306 1222 1266 1211 
1745 1435 1793 
1746 1853 1445 428 1226 1315 1363 1021 1210 1446 1157 1104 1073 1088 1900 1235 1365 1775 1538 1575 517 1577 1241 1193 1593 1134 1349 1686 1787 1732 1769 1000 1187 1790 1864 1798 1252 1718 1454 1548 1797 1858 1633 1684 1273 1254 1310 1144 
1747 939 1289 1217 1342 1187 
1748 1296 907 1097 
1749 1854 1052 1609 
1750 1085 1116 1632 1270 1519 1517 1606 1829 1142 1873 1780 1704 1895 1514 966 1069 1113 974 1277 1455 1808 965 1327 1177 1859 1666 1698 1178 
1751 1891 1761 1784 1001 1250 1278 1538 
1752 1419 1548 1573 1692 1791 988 1311 1894 1404 1215 1531 641 1645 1871 1123 989 1694 1019 1837 1270 1651 1849 950 1454 1088 
1753 1251 1145 1814 1072 1596 1469 1322 1300 1244 1441 1631 1001 1481 1118 1103 1522 1203 1660 1016 
1754 1806 1223 1648 1649 1763 1228 1144 1022 1356 
1755 
1756 1860 1502 1130 1803 1817 
1757 1790 1232 1900 1290 1496 944 1776 1230 1309 1863 651 1718 1719 1025 1697 1770 1882 1019 955 1617 1036 1100 1638 981 1454 1071 1443 
1758 1580 1569 1863 900 905 
1759 1631 1035 
1760 1855 
1761 988 1525 1697 1721 1880 1259 1021 1709 1122 1745 1251 1395 1313 984 1062 1776 1345 1197 1460 1728 1881 1534 1651 1832 1671 
1762 1490 1368 
1763 596 1529 1415 1776 1658 1169 
1764 1100 1043 1551 1746 1844 1254 1897 1907 
1765 922 1505 1600 1260 1207 1395 1580 1877 1882 1605 
1766 1426 1222 1624 1614 1089 
1767 1860 1882 1718 1665 1651 1074 1389 
1768 1862 1294 1455 1404 1818 1579 1461 1022 1145 1617 933 1233 1715 1144 1692 1676 1342 1769 1548 1602 1486 1283 956 1770 1477 1680 1899 1321 1826 1646 1671 1298 1188 1744 955 1484 1462 900 1703 1220 
1769 1702 1555 1246 1355 973 1694 
1770 1282 348 1355 1398 1411 1542 1590 1339 1184 1144 1707 1818 1182 1771 
1771 1889 1365 1034 
1772 1455 1272 1300 961 1256 1878 1752 1275 1016 1392 
1773 987 1594 1213 1263 
1774 1849 1854 1714 1435 1517 1771 
1775 972 
1776 1285 1356 
1777 
1778 1647 1050 1188 1495 1465 1906 1716 1399 1685 1340 
1779 1178 1340 1148 637 1525 1076 
1780 1026 913 1355 
1781 1448 1432 933 1140 1626 1076 
1782 1196 629 1486 1503 1506 1794 1166 1798 1860 1567 1031 1056 1759 
1783 1101 1060 905 1623 1674 922 1488 1095 1203 1578 998 1194 1216 1775 1665 1677 
1784 1065 1606 1261 
1785 1184 1640 1646 1666 1769 1457 1903 
1786 1083 1667 1823 1910 1090 1005 1770 905 1296 944 1147 601 1651 1539 1550 1549 
1787 1645 1603 1594 1335 1196 1369 1051 1505 1726 957 1427 
1788 1872 1639 927 960 1493 
1789 1094 982 900 1131 651 1320 1299 1628 1270 1428 1365 1372 1002 1220 1868 1106 1484 1418 915 
1790 1118 1650 1169 1308 1350 1876 1259 996 1464 
1791 1461 1577 1077 1019 1211 1651 1221 1619 1671 1858 1645 1052 1347 1159 959 962 1343 1702 1582 1480 1525 
1792 1188 
1793 1848 1779 1588 1446 1795 1784 1844 1268 1509 1662 1776 1392 1118 1106 1752 1798 1843 1165 353 1055 1322 1449 363 1299 649 1034 1195 1410 
1794 366 1646 1194 1353 1788 898 956 1567 1705 
1795 1911 1507 1473 1733 905 1189 1238 1377 1561 1855 971 1813 1217 1653 1314 1866 1753 916 1127 1426 1816 1399 
1796 1337 1680 1770 1020 1318 1744 1313 1435 1615 1178 1299 1166 1167 
1797 1035 
1798 1853 1661 1122 1654 999 
1799 1494 1311 1236 1486 1732 1047 1283 1027 1322 1040 1354 1165 1293 1832 1478 913 1463 1578 1725 1164 353 1215 1892 1270 1131 
1800 1406 1169 1432 1708 1395 1539 1676 1046 1148 1465 1314 950 1470 1904 940 910 1453 1268 929 1318 483 1585 1865 1601 1681 1358 1794 1883 1398 913 1336 1136 1034 1343 1519 1248 1785 969 1440 1381 1104 1638 1546 1475 1099 1510 1152 1192 1569 1882 1781 
1801 1055 1429 1551 1002 
1802 1876 928 
1803 1199 928 963 
1804 1805 1481 1037 1235 1727 1432 353 1084 1048 1065 1085 1763 1611 1558 1141 1654 1042 1903 1625 1536 1039 1210 1316 1566 919 1354 1857 1274 1490 956 1856 988 1819 1385 1407 1725 1718 1513 1248 1640 971 1601 1479 1357 1281 1183 922 1082 1021 1627 1231 1436 1553 
1805 1146 1527 914 1585 1395 1384 0 
1806 563 1016 
1807 1131 1315 929 1681 901 1447 1551 1138 
1808 1753 1197 1635 
1809 1173 0 1115 1724 1843 1366 1509 1021 1899 1222 1484 1389 1168 1657 1000 1221 1282 1384 981 1787 1643 
1810 1419 1523 1462 973 1187 1720 1438 1605 1638 1886 1505 1140 1229 1744 981 1722 1214 1724 1404 1207 
1811 566 1346 1738 1387 1145 1098 1136 1645 1232 1026 1517 
1812 1331 1599 1207 1041 1467 1074 1366 1500 948 
1813 606 1619 1403 1859 1289 1553 1556 1252 1007 1319 1860 1515 0 1783 1069 1779 987 1354 1505 1152 1267 1882 1455 1249 1445 1817 1253 1672 1733 
1814 1530 
1815 1373 1445 1569 1170 
1816 1841 1603 1545 913 1388 1627 1204 1852 1851 1279 1213 1789 1142 1625 1034 1672 1586 1264 1420 1575 1548 1084 1529 1053 1318 
1817 957 1252 1342 
1818 1417 1438 1521 1285 1616 1777 1374 
1819 1056 1344 1559 1572 1602 936 1831 969 948 1023 1100 389 1182 1851 1396 1069 
1820 1668 1010 1071 1022 1900 1145 1843 1629 1038 1705 1044 1880 1387 363 1745 940 1340 
1821 1530 1362 1382 1263 1188 
1822 
1823 1607 1026 1674 1044 1787 1665 1265 899 1024 1274 1831 1259 1003 959 1476 995 1295 1690 1738 1430 1593 1157 1772 1910 1007 
1824 1123 1792 1328 1651 1027 1240 1704 1343 1448 1478 992 1388 
1825 1135 1318 1245 1661 1637 1763 1648 1784 
1826 1273 1053 1098 1248 1681 1320 1484 1580 1161 1148 1251 1195 1896 1515 1311 1562 1084 
1827 919 1282 1822 1744 1361 1506 1614 1082 1241 1493 1830 1526 1226 1036 1385 1713 1189 1651 1067 1719 1299 1104 1001 1511 1490 1035 1316 1706 958 1504 1666 1426 1701 1619 1656 1536 1080 1550 1207 1212 1484 1261 1084 1318 1174 1300 1821 
1828 1876 1302 1805 1635 1435 1102 1623 944 914 
1829 1185 1385 1332 
1830 1883 1533 
1831 1753 1059 1884 1467 1419 1146 1220 
1832 1217 376 1503 1089 1270 988 1754 1023 1418 1242 
1833 977 1848 1872 1807 1664 912 902 914 1811 1744 1651 1696 1567 1419 1818 1887 1527 939 962 1372 1763 1899 1713 1808 1452 1246 1382 1869 1403 1231 1213 651 1607 1561 1364 1306 1748 1443 1498 1458 1009 1429 1815 1120 1857 
1835 1017 1064 1687 1903 1723 428 1597 1713 953 1634 1614 1905 629 1248 1158 414 1754 1691 1720 1363 1668 1270 566 1210 1053 1289 1605 1858 1336 1648 1606 1824 1502 
1836 1807 945 1018 1148 
1837 1490 1496 1761 1801 1165 1136 
1838 1755 
1839 991 1223 1350 1246 538 1807 1472 1148 1358 1287 1067 1717 1233 1670 930 1892 1007 1048 1071 925 1142 1306 1733 1354 1103 1430 1727 1817 912 1701 
1840 1701 
1841 1390 1393 1499 1710 1599 1265 1019 1744 
1842 1654 1628 484 1728 1685 1418 1501 1065 1233 1541 1508 1523 1770 1081 1025 1031 1399 1427 1142 1564 1709 1440 1265 420 1524 1545 1601 1451 960 1258 
1843 986 1541 956 1372 1749 1359 1820 1201 977 1405 
1844 1603 1760 1788 1522 1596 1650 1431 1684 899 978 1114 1669 1124 1247 
1845 1366 1870 1426 1781 1863 363 1279 905 1079 1472 1322 1293 1838 1465 930 414 1406 1857 1478 1250 1812 
1846 1618 1870 1659 1122 1382 1273 1878 1351 
1847 1351 1514 1181 1858 1391 
1848 1358 1567 1526 1219 
1849 1473 973 1743 1449 1428 1338 1333 1747 1420 1455 1464 1249 1749 1642 1307 1752 951 1838 1678 907 1873 1005 1134 
1850 1679 1223 1381 1862 1428 1792 
1851 1868 1641 1010 1654 1689 1013 1676 1364 
1852 995 1490 1437 1886 1147 1346 1798 
1853 1647 1768 
1854 
1855 1824 1397 1771 
1856 
1857 1670 1707 1290 1770 1176 1656 1802 1174 1214 979 1493 1215 1280 1446 1001 1549 
1858 1086 1148 1599 1632 1430 1057 1538 1865 
1859 1266 1319 1669 1103 1893 1423 1367 483 1074 1604 1788 
1860 1684 
1861 1807 1511 1696 1536 908 961 1748 1298 951 1878 1199 1171 1556 1374 1225 1284 1621 901 1328 1855 
1862 1561 1378 1065 1365 1654 1779 1546 1155 1842 1584 
1863 1865 1310 1798 1843 1255 1111 971 1138 1365 1430 1831 
1864 1002 1830 1682 1330 1527 1355 1703 58 1258 927 1505 1218 1538 1541 1186 1665 1806 1298 1347 1705 1327 
1865 1052 1490 1040 
1866 1381 1253 1217 1058 1109 
1867 1900 935 1745 1155 1476 1150 1085 1166 1823 1602 1292 1251 1650 1045 1172 1547 977 1522 580 
1868 1513 1445 1794 1381 1174 947 1614 1059 1450 348 1726 1751 1701 1397 1872 1655 1624 1232 1414 1049 1721 1073 1462 1648 1732 1762 1736 1072 1525 917 1336 1217 1785 
1869 1055 1659 
1870 1862 974 1209 1505 
1871 1007 1121 1122 1256 1739 1849 1383 903 1846 1270 
1872 1900 1225 1443 1697 1101 1054 1438 1446 1366 922 1503 
1873 1736 931 1371 1045 1749 1069 1888 1210 
1874 1810 
1875 1313 1789 1603 1546 1569 
1876 1795 1267 1476 1878 1694 1852 1452 1641 1522 483 
1877 1126 1385 1158 1202 1691 1029 1527 1669 1479 1469 1298 1169 1843 
1878 1842 1762 1302 1394 1889 1658 1843 
1879 1145 1313 919 933 420 1883 475 1264 1892 1048 1759 1217 1856 1280 943 606 1061 1700 1127 1350 1332 
1880 1239 1731 1762 
1881 1531 1891 1567 1842 1527 1415 1081 1673 1034 1615 
1882 931 1892 1141 1652 1445 1822 1133 1419 1592 1682 934 1702 1092 1484 1660 1530 
1883 1843 1616 1244 
1884 940 1746 1563 1451 1819 1391 
1885 1550 1470 1490 1023 1653 
1886 1828 942 1400 1446 1812 1893 980 1073 1451 563 1329 1109 1029 1785 1772 414 348 1254 1673 1433 1579 1596 1274 
1887 1728 
1888 1122 1615 1027 1045 629 1587 1324 1535 1155 926 1204 1394 1490 1035 1311 389 1137 1346 1606 1300 1763 1505 1848 1907 1646 1158 1061 1709 1671 1890 1411 1611 1528 1065 938 1626 1427 1635 1063 1001 1660 1215 977 1801 1540 
1889 928 1837 
1890 
1891 915 1301 1470 366 420 1364 1852 1719 910 1340 908 
1892 1820 1825 1062 1486 
1893 1717 899 905 1891 1710 1305 1105 1522 900 
1894 970 1100 1784 1462 1129 
1895 969 1810 1795 981 1350 1391 1030 1462 
1896 1272 1458 
1897 1333 940 
1898 1393 1632 1229 1080 1480 912 1620 1525 1266 1865 1562 1854 1867 1045 1162 1648 1423 1421 1584 1794 1510 1778 965 1892 1097 1455 1194 1435 
1899 1546 1164 1220 1910 1429 1215 1562 1463 1072 1838 1180 1883 1431 1410 1674 1889 1016 1047 1134 1248 
1900 428 900 1281 1882 
1901 920 1543 1459 
1902 1741 1852 1536 1346 1073 1186 366 1487 1701 979 1731 986 1338 1878 1520 637 1497 1592 1196 1327 1001 
1903 1265 1102 1427 1372 1438 1348 1057 1182 
1904 1313 1818 1651 1132 1437 1798 1633 1628 
1905 1276 1392 
1906 1419 1384 1421 1551 1103 1204 
1907 1532 1172 1704 
1908 1692 1561 
1909 1000 1849 1766 989 1027 
1910 1742 951 484 1613 1676 1889 1460 
1911 1407 1036 1114 1731 936 1663 1072 1823 1547 
