0 230 78 195 320 296 234 8 102 153 88 112 273 226 107 305 130 106 30 217 221 181 275 91 75 100 160 178 4 184 19 159 228 27 329 182 346 232 260 167 201 272 191 306 263 166 284 205 120 
1 36 
2 262 97 
3 340 237 29 27 292 
4 283 320 249 23 211 
5 
6 177 
7 317 146 212 70 257 
8 6 302 71 
9 132 220 214 344 196 182 88 340 164 121 27 98 63 328 
10 87 53 
12 
13 217 260 279 289 
14 17 147 278 
15 188 
16 40 224 
17 172 
19 148 65 
20 128 198 47 168 208 
21 168 194 205 228 172 143 329 83 28 69 196 181 238 
22 344 184 236 72 39 199 319 
23 301 13 
24 49 279 13 278 67 165 
25 173 134 174 326 300 238 304 100 194 61 90 157 263 1 334 312 
26 226 103 61 316 198 70 106 167 154 330 
27 323 
28 
29 249 246 
30 180 272 313 163 
31 4 221 181 
32 340 
33 
34 
35 300 
36 144 
37 220 
38 87 
39 345 152 115 183 132 213 86 
40 145 229 15 120 256 96 136 185 38 31 
41 317 65 45 119 187 62 2 
42 
44 299 170 
45 268 199 82 
46 
47 74 
48 100 218 323 164 99 
49 336 
50 110 290 198 88 
51 336 
52 
53 139 111 141 75 173 241 225 
54 231 
55 107 201 
56 296 17 45 225 152 264 96 274 205 64 263 243 102 312 131 
57 296 102 142 64 195 
58 203 
59 212 
60 95 
61 203 
62 280 211 183 125 
63 52 
64 
65 290 
66 312 214 53 154 147 
67 16 64 144 44 263 307 262 149 7 294 116 189 107 202 163 251 145 
68 202 302 
69 187 268 58 
70 104 
71 281 289 
72 191 33 123 
73 45 97 147 
74 
75 99 308 1 
76 343 
77 
78 166 68 344 244 
79 23 315 162 
80 146 
81 110 
82 20 338 347 3 334 70 80 54 
83 8 
84 323 234 
85 262 227 86 1 
86 
87 57 26 209 
88 109 276 282 277 326 
89 
90 
91 71 
92 310 
93 320 
94 217 225 30 
95 119 
96 231 12 
97 144 
98 232 3 125 75 61 279 251 161 233 322 
99 224 57 269 347 
100 
101 157 267 
102 
103 310 227 23 9 
104 84 80 68 59 82 87 159 
105 268 153 145 
106 254 314 207 
107 209 
108 
109 39 141 318 171 329 231 124 214 
110 
111 305 115 23 155 
112 
113 149 299 329 254 177 184 315 323 30 82 110 303 
114 
115 307 321 44 6 68 
116 178 259 98 231 197 
117 
118 270 260 34 280 27 28 298 
119 159 320 228 298 326 254 30 328 137 49 
120 274 
121 87 107 118 256 
122 324 219 220 20 162 301 255 134 80 339 
123 255 155 93 
124 
125 
126 200 245 225 
127 114 144 168 67 
128 140 60 114 324 
129 263 
130 318 147 
131 
132 305 209 
133 339 88 194 242 119 
134 258 231 173 98 167 
135 266 86 194 
136 288 273 346 
137 99 106 105 86 
138 
139 151 
140 128 193 
141 266 
142 128 55 80 289 173 273 199 168 338 324 207 267 
143 158 226 
144 
145 252 
146 230 233 109 
147 
148 334 311 159 256 
149 171 118 256 
150 78 
151 221 155 264 245 
152 292 
153 134 
154 
155 
156 3 80 
157 
158 159 15 319 29 61 135 
159 158 261 188 14 
160 
161 89 79 134 52 60 95 
162 121 262 
163 
164 
165 87 277 
166 
167 
168 267 58 135 
169 325 211 329 120 179 93 107 137 24 71 
170 150 93 318 96 133 
171 259 204 
172 272 62 132 281 111 288 50 284 317 
173 
174 272 
175 96 312 
176 185 132 270 45 125 323 
177 195 181 291 
178 267 125 
179 
180 54 301 117 
181 0 55 215 
182 
183 
184 105 296 178 
185 191 108 147 199 126 1 312 293 41 295 
186 256 144 6 61 250 210 80 34 66 19 81 230 
187 160 331 
188 10 246 69 193 77 101 191 74 57 293 305 303 
189 
190 
191 
192 
193 122 342 270 
194 269 200 
195 295 300 262 
196 160 291 31 
197 22 95 79 
198 235 
199 327 193 259 89 346 178 221 290 
200 243 41 192 337 344 342 198 180 279 237 299 146 152 
201 176 
202 
203 184 23 220 311 309 231 127 45 53 229 293 84 130 248 252 
204 102 84 39 
205 
206 
207 284 
208 185 288 
209 
210 79 
211 180 235 42 245 247 343 
212 29 347 280 6 
213 312 108 343 113 171 85 188 247 
214 222 22 
215 
216 
217 69 21 
218 74 27 
219 
220 255 283 
221 35 
222 337 88 126 
223 7 76 181 
224 343 37 159 312 209 176 183 
225 12 
226 27 318 
227 220 166 
228 27 
229 3 
230 175 48 114 
231 274 328 221 
232 24 167 
233 
234 
235 
236 337 77 309 258 106 264 220 
237 15 300 
238 40 266 139 81 207 
239 159 178 42 306 30 10 125 50 
240 178 
241 290 
242 121 282 
243 201 
244 
245 37 
246 36 121 63 178 332 222 
247 170 161 
248 79 201 84 117 336 75 
249 247 130 25 158 229 36 340 
250 302 
251 247 289 
252 157 107 124 48 120 235 60 86 274 292 106 152 276 251 38 
253 53 
254 311 
255 
256 
257 14 168 251 
258 165 270 70 
259 328 223 
260 332 20 
261 187 277 266 6 171 37 231 315 217 317 336 
262 209 
263 35 
264 52 
265 338 289 267 277 305 230 
266 275 118 49 213 158 
267 
268 6 330 159 163 
269 
270 190 220 
271 321 220 306 346 299 49 20 45 130 294 125 202 214 171 
272 209 146 101 12 49 35 158 246 63 
273 69 333 124 
274 205 190 87 
275 129 143 142 145 183 
276 298 
277 73 336 196 240 103 74 176 139 83 126 236 114 41 30 
278 320 288 
279 211 
280 346 8 243 34 10 285 
281 193 55 32 254 
282 
283 167 
284 195 236 298 186 
285 105 176 145 69 250 278 341 318 88 42 334 194 
286 310 
288 
289 
290 341 26 96 
291 36 8 283 253 76 297 20 
292 124 
293 52 
294 
295 87 244 220 
296 148 
297 251 347 53 
298 152 29 297 
299 4 20 55 334 79 
300 227 
301 126 209 
302 39 159 3 
303 243 156 145 
304 94 17 346 153 317 290 72 333 71 
305 
306 249 
307 
308 94 187 313 230 55 
309 227 206 96 
310 217 145 333 168 
311 292 252 
312 189 108 66 83 58 
313 137 281 142 117 61 253 124 122 143 94 160 244 202 
314 311 285 340 265 
315 273 256 89 28 234 61 76 245 197 62 190 130 
316 
317 238 
318 
319 86 301 214 
320 105 136 279 101 
321 
322 22 310 58 156 74 28 78 302 71 47 183 
323 194 176 204 195 180 
324 90 5 178 32 338 49 
325 270 164 224 308 30 218 254 197 
326 106 175 288 
327 87 251 
328 332 
329 268 223 157 142 267 288 
330 67 279 51 
331 325 
332 126 15 256 241 147 214 
333 35 237 
334 205 103 220 320 333 114 
336 193 263 
337 
338 343 58 
339 178 202 68 
340 
341 60 331 267 230 
342 250 146 27 155 228 202 334 61 256 
343 257 
344 
345 82 53 75 263 56 210 
346 314 38 192 269 66 156 244 333 
347 
