513 650 671 664 680 627 665 
514 644 556 465 678 631 
515 662 611 644 652 618 563 
524 659 664 648 676 
542 593 642 589 173 
544 665 629 584 597 578 662 
34 643 
553 34 663 573 673 173 621 617 596 590 
556 173 601 658 558 427 
558 602 
559 661 634 631 586 681 682 638 
561 394 596 674 650 660 646 684 609 629 595 667 673 496 
563 681 618 600 663 678 589 683 
566 684 644 592 588 583 590 665 582 
567 556 665 378 639 587 612 660 664 586 
573 378 614 544 480 601 646 604 
574 575 604 661 656 
575 601 
576 588 
577 573 606 524 566 
578 107 483 558 373 496 631 610 598 173 
579 655 593 553 584 614 
580 647 573 620 598 599 370 664 374 
581 363 
582 587 514 483 
583 596 626 641 660 378 373 646 
584 656 590 581 625 657 677 
586 582 563 
587 679 
588 483 
589 373 524 423 
590 600 676 
591 594 632 592 616 422 619 
592 601 651 650 173 483 370 438 649 607 647 659 641 412 
593 
594 679 
595 678 612 434 
596 583 496 614 
597 556 638 412 576 672 
598 574 641 682 628 438 
599 597 475 575 587 633 601 561 363 669 629 400 
600 616 598 584 610 
601 374 651 
602 623 
603 622 607 648 655 378 376 
604 602 675 628 674 611 
605 673 514 594 
606 600 622 597 685 412 582 605 683 592 634 
607 
609 395 633 544 561 348 
610 667 
611 515 610 436 581 
612 633 679 
614 647 641 666 506 634 427 629 667 
615 586 654 438 671 584 
616 395 602 
617 678 544 672 683 496 587 
618 480 629 542 620 561 556 
619 586 621 574 673 363 
620 628 625 
107 500 465 615 586 
622 506 
623 667 480 659 673 
621 
625 
626 587 378 
627 400 592 674 
628 667 656 666 
629 
630 370 621 412 610 676 594 580 665 
631 589 612 685 
632 671 400 422 653 602 619 660 475 
633 654 655 
634 653 638 
635 374 626 628 378 660 647 
636 370 639 395 643 423 642 
637 599 578 668 
638 
639 
640 376 559 400 579 107 607 461 626 374 
641 601 376 685 370 
642 595 
643 436 631 374 603 
644 640 376 651 628 623 563 
645 623 598 581 670 594 514 579 629 
646 434 619 
647 576 475 514 
648 
649 
650 107 653 649 561 685 
651 506 642 676 563 662 618 663 
652 34 
653 645 556 643 652 670 
654 667 434 628 363 593 475 663 
655 594 575 
656 
657 579 640 
658 586 107 605 
659 638 394 604 630 
660 681 
661 592 622 
662 644 373 553 651 561 603 605 654 629 513 
663 647 
664 598 616 636 
665 685 483 598 
666 615 627 642 515 514 
667 
668 
669 583 558 566 682 659 654 631 675 
670 680 173 611 513 620 671 
671 107 
672 483 637 
673 
674 
675 626 642 614 431 680 
676 618 626 603 
677 640 645 584 604 588 
678 595 348 660 600 
679 
680 400 480 610 423 574 630 
681 623 642 631 605 
682 563 674 638 603 514 
683 590 604 
684 475 675 662 628 590 
685 391 644 672 431 475 
173 
348 679 617 576 606 
363 496 465 604 586 670 480 
370 622 644 625 639 513 652 634 680 584 
373 573 598 427 672 480 609 610 576 593 677 574 627 
374 637 395 577 635 603 676 681 622 592 558 602 
376 675 660 672 636 619 596 602 34 679 647 648 620 654 578 626 674 
378 611 654 577 657 650 480 573 621 
391 630 622 586 604 600 576 612 597 595 
394 584 422 633 561 514 675 
395 632 566 623 
400 677 681 680 621 599 422 173 667 678 625 
412 637 639 514 600 607 621 107 682 
414 610 673 671 642 581 656 652 634 480 646 587 645 648 34 586 593 
422 559 599 400 576 583 580 370 667 
423 578 673 496 665 662 670 635 592 620 663 
427 34 669 
428 582 597 587 607 574 684 632 665 631 675 649 
431 107 646 667 363 648 672 580 394 
434 593 633 654 625 
436 609 668 661 672 645 614 631 
438 600 668 580 603 644 
461 647 675 574 
465 492 590 573 626 
475 644 633 586 671 669 638 617 672 647 595 587 
480 
483 576 588 173 682 622 658 679 626 595 577 
492 574 619 682 587 579 598 630 633 677 
496 664 634 646 602 642 644 
500 656 685 422 667 574 
506 673 650 671 598 558 634 542 579 
