512 382 535 386 349 
513 418 434 473 410 459 370 535 495 425 511 450 490 379 482 
514 385 419 487 351 486 445 511 563 489 437 349 528 
515 411 500 504 429 520 405 440 380 538 359 423 450 408 350 
516 387 415 433 523 532 
517 424 466 523 385 383 478 529 535 413 476 533 532 453 
518 472 541 426 464 
519 459 514 351 
520 530 382 442 549 502 533 458 522 368 399 556 362 440 
521 535 486 376 
522 396 499 395 
523 380 504 487 552 548 485 530 503 448 449 
524 571 539 494 558 439 526 568 551 564 545 425 
525 533 415 552 534 433 523 551 351 406 528 388 470 450 442 446 
526 519 570 506 469 511 420 
527 572 427 396 367 531 424 440 511 429 458 556 535 
528 559 
529 453 536 462 410 533 
530 454 
531 499 360 545 548 399 515 535 523 384 420 424 517 418 
532 561 474 
533 382 493 492 471 
534 
535 487 539 491 
536 413 407 423 523 415 483 
537 572 515 481 462 555 
538 530 351 557 502 458 505 547 399 
539 442 552 525 549 495 
540 563 439 551 
541 519 516 372 
542 407 518 522 393 547 462 468 515 464 441 368 457 377 
543 505 378 359 
544 457 173 490 389 396 440 542 405 478 568 
545 474 409 385 173 455 377 399 
546 440 518 198 410 
547 536 461 510 395 530 401 516 
548 443 441 558 354 469 390 
34 425 481 
549 
551 360 396 463 387 522 
552 412 
553 546 377 383 467 539 497 453 499 410 435 
554 567 429 
555 549 487 369 
556 521 565 543 361 360 545 509 
557 419 414 444 525 478 350 
558 462 486 
559 532 480 435 359 355 365 451 562 552 557 354 401 410 397 482 
560 545 414 532 378 525 489 
561 362 354 539 508 425 418 394 420 516 531 388 411 358 518 407 415 421 
562 
563 495 392 458 486 360 444 440 466 487 496 533 502 552 529 410 501 385 522 
564 397 436 
565 487 173 
566 411 444 568 459 351 442 356 565 461 552 359 469 
567 453 415 511 494 539 533 375 496 
568 530 465 457 
569 463 438 498 507 531 
570 493 492 478 549 511 488 461 
571 351 362 
572 495 
173 547 407 
198 386 418 384 484 
348 464 401 443 386 552 384 
349 
350 376 389 
351 449 
352 350 355 552 
353 410 382 415 440 531 541 472 459 355 498 445 
354 570 567 473 526 
355 554 443 503 357 399 368 387 394 
356 
357 508 349 
358 
359 454 400 
360 456 354 471 386 420 450 484 
361 428 509 441 351 
362 524 450 380 
363 533 474 447 536 465 477 394 545 488 371 418 
364 405 412 
365 
366 509 568 478 523 34 424 508 518 
367 507 469 560 572 437 
368 428 499 407 471 436 467 376 455 464 
369 540 430 415 502 392 
370 489 421 173 379 510 371 560 479 349 445 467 418 
371 406 
372 399 461 519 
373 530 383 393 441 381 349 494 534 477 562 371 352 354 474 415 
374 405 443 394 453 485 381 382 398 353 534 371 
375 515 569 373 419 
376 411 351 552 503 364 443 368 427 454 451 445 476 358 379 472 453 356 466 
377 502 
378 409 560 522 530 407 552 565 518 
379 560 
380 555 507 440 
381 482 394 
382 
383 521 
384 525 
385 352 532 
386 496 
387 369 410 448 469 
388 499 526 552 520 508 498 495 443 
389 449 501 552 523 
390 468 352 
391 555 472 558 418 521 498 461 528 
392 390 554 468 
393 521 468 379 
394 410 463 504 377 402 484 
395 396 546 485 458 477 480 34 453 564 369 516 457 433 473 478 
396 446 511 399 536 
397 490 395 427 368 471 408 447 568 496 
398 514 515 442 569 454 563 366 558 365 
399 555 
400 527 499 462 501 502 453 411 457 365 526 
401 350 
402 391 474 569 562 414 448 457 390 362 386 34 483 369 461 
403 366 548 448 493 437 534 
404 438 406 533 451 461 563 567 541 523 569 420 
405 351 414 537 491 
406 451 572 
407 555 
408 380 372 480 470 563 474 453 552 377 472 363 531 
409 472 464 565 384 524 566 
410 367 359 
411 
412 505 449 570 534 384 554 474 463 490 437 552 470 516 519 380 351 411 568 451 
413 350 354 513 
414 511 386 482 425 488 560 522 367 562 393 430 462 
415 566 398 354 557 552 
416 488 566 403 518 
417 528 364 477 418 488 452 571 547 443 411 533 562 377 478 
418 565 402 422 478 
419 446 367 362 421 564 398 439 541 569 454 
420 198 533 496 461 
421 418 365 
422 521 388 568 392 198 408 
423 501 393 439 516 470 512 495 509 410 493 
424 401 478 
425 361 452 354 
426 473 362 493 562 
427 555 520 
428 389 510 442 390 384 365 489 551 472 503 471 499 546 480 374 533 403 
429 376 400 
430 410 454 350 558 548 499 495 481 536 529 
431 351 359 544 555 407 420 425 523 463 457 
432 413 468 540 516 531 355 467 410 405 433 542 448 401 534 
433 389 475 
434 460 565 377 542 409 
435 486 
436 498 494 468 477 529 368 515 432 546 
437 366 34 
438 361 356 435 531 413 437 485 459 354 571 392 378 
439 424 468 494 533 418 409 
440 369 
441 448 371 461 
442 
443 
444 375 361 173 399 533 474 539 569 357 
445 350 511 198 510 412 
446 361 406 504 407 
447 
448 
449 452 
450 437 389 428 469 563 198 369 517 435 
451 547 536 198 396 543 362 
452 490 568 366 569 416 552 451 360 458 439 426 
453 403 
454 
455 534 478 351 560 416 537 
456 389 560 451 415 366 557 436 380 421 551 173 411 452 448 542 
457 519 366 441 427 379 
458 428 411 405 413 492 
459 445 482 
460 541 416 467 496 539 502 399 466 471 396 382 526 516 
461 383 551 493 541 486 451 367 566 532 422 545 
462 
463 528 403 480 394 357 383 444 440 
464 567 
465 383 532 454 555 540 360 534 379 354 463 485 496 359 545 476 482 474 
466 392 456 409 
467 387 
468 542 
469 425 490 371 367 495 
470 544 390 521 370 424 421 
471 365 536 364 571 351 562 568 473 
472 519 
473 464 449 399 434 469 
474 510 413 551 438 528 516 
475 505 430 540 541 539 537 437 357 449 381 385 372 411 379 380 571 535 407 518 435 
476 460 538 477 471 
477 408 
478 446 
479 459 547 441 453 419 416 
480 
481 515 542 508 393 440 
482 563 534 369 488 393 477 487 364 388 
483 360 418 529 549 383 357 390 528 504 518 467 415 377 406 462 358 
484 376 469 476 523 509 380 399 
485 
486 557 566 462 403 
487 544 407 469 411 496 
488 407 442 370 557 552 427 500 404 363 
489 506 437 420 497 417 558 502 
490 538 505 431 381 
491 439 552 519 
492 359 386 361 511 529 464 534 
493 492 544 436 463 376 423 547 460 513 457 374 427 
494 450 482 564 
495 519 422 403 352 512 
496 485 354 459 529 530 525 394 474 555 
497 485 419 451 467 439 397 394 491 377 429 474 534 448 380 533 413 549 553 
498 363 387 
499 
500 471 451 558 433 384 394 397 491 370 468 570 424 564 457 367 559 377 551 364 
501 430 543 522 
502 423 
503 414 455 554 485 533 452 460 356 
504 379 468 393 437 385 377 430 359 
505 559 540 
506 555 390 198 487 405 467 547 411 463 437 532 
507 430 498 450 572 480 509 173 568 512 384 375 445 426 349 377 442 
508 471 357 
509 517 520 
510 556 498 370 392 481 512 401 
511 477 553 492 502 527 433 572 
