769 868 810 
772 
860 
774 890 880 879 857 
776 
798 872 
800 865 862 867 
803 719 
804 858 864 823 805 866 
805 825 868 
810 886 863 861 879 
811 745 823 871 
819 877 729 884 875 872 
875 
823 870 875 866 776 
697 859 
698 861 798 859 703 869 894 811 819 890 769 
825 
828 776 894 871 869 
830 879 890 875 
703 882 887 
708 877 868 881 
840 776 872 859 
713 856 867 874 
719 769 880 878 856 870 804 
856 867 745 874 713 873 877 872 
857 729 
729 864 776 872 890 867 
858 
859 
861 772 
862 872 
863 873 800 803 
864 876 
865 800 
866 862 
867 840 
868 713 
869 747 
870 874 
871 825 
872 747 840 
745 894 
873 869 
747 867 875 798 895 776 
876 874 
877 703 857 
878 703 
874 800 
880 878 
753 713 
882 811 828 
881 859 
879 
885 894 881 
886 
887 830 
888 803 
889 858 874 872 
890 858 
883 
884 
893 873 
894 
895 885 703 
