512 381 439 509 436 557 446 542 447 
513 383 508 390 547 476 526 370 536 555 462 449 521 443 454 460 447 473 467 
514 529 452 388 553 511 379 531 534 433 
515 425 491 520 413 466 506 562 
516 556 568 374 480 
517 392 540 569 558 358 560 552 548 535 437 379 454 198 468 372 449 450 441 557 
518 495 
519 420 535 487 471 488 477 369 
520 566 432 388 564 572 396 498 
521 554 477 535 
522 430 
523 514 356 432 449 421 531 558 
524 530 489 401 476 481 556 552 571 390 364 570 512 482 569 
525 357 413 443 386 355 499 416 496 34 356 533 445 
526 533 536 563 457 480 
527 401 562 359 435 
528 540 451 364 539 530 
529 407 397 
530 525 
531 447 565 448 451 499 383 571 386 420 
532 443 
533 
534 530 543 487 435 
535 517 521 500 403 
536 521 451 
537 444 378 445 432 502 397 562 474 499 409 
538 544 570 354 572 474 555 450 541 516 397 472 
539 458 491 482 
540 369 
541 449 512 
542 491 485 405 433 443 506 380 549 534 444 
543 488 564 454 562 503 526 
544 447 383 516 371 560 466 477 445 468 431 446 490 499 401 437 
545 413 513 548 483 350 412 369 349 425 564 420 
546 502 391 384 
547 469 446 405 509 567 465 535 366 
548 452 523 426 532 384 498 368 
34 392 
549 419 
551 524 460 572 34 537 
552 554 
553 427 409 352 470 389 357 516 408 476 415 384 364 537 490 535 466 
554 470 547 562 511 
555 362 395 467 373 385 473 428 386 437 
556 524 443 477 469 551 441 375 572 
557 372 428 377 462 362 407 368 423 349 556 364 535 
558 381 426 406 358 551 
559 536 522 447 382 365 440 498 472 349 425 560 385 443 454 
560 396 434 524 501 
561 365 421 396 502 354 410 425 563 510 568 508 454 372 453 
562 560 511 
563 353 501 490 372 484 444 447 514 538 473 
564 
565 564 552 476 426 479 
566 399 523 535 395 349 356 444 443 362 549 406 494 
567 488 512 435 409 430 526 
568 386 525 
569 519 
570 517 447 536 501 388 
571 
572 
173 512 565 499 
198 572 526 
348 401 552 386 464 384 443 
349 373 511 
350 541 396 507 
351 
352 560 524 
353 455 369 433 545 415 539 510 436 
354 406 173 529 416 540 423 420 
355 567 498 488 409 473 
356 
357 520 
358 
359 369 504 458 392 388 
360 173 468 551 423 437 379 566 421 441 529 418 493 
361 480 402 458 487 
362 425 479 526 
363 476 494 536 447 454 528 466 413 426 448 508 453 490 404 519 354 505 571 442 
364 443 
365 469 486 
366 350 382 360 
367 423 382 477 572 539 405 
368 507 565 443 355 
369 441 361 464 506 450 556 432 549 
370 552 361 536 354 437 406 424 418 521 380 477 489 
371 400 549 
372 559 398 418 434 390 569 
373 549 384 530 406 432 354 536 519 541 508 403 396 420 485 433 476 554 371 369 383 386 
374 354 404 494 356 557 537 427 546 415 410 361 555 491 390 495 468 540 542 568 440 
375 568 485 439 396 
376 451 467 532 516 495 551 509 474 552 407 572 380 543 404 418 571 448 562 568 
377 
378 540 34 418 424 476 457 349 358 396 353 379 477 371 
379 
380 514 381 
381 460 397 371 478 528 
382 483 439 518 532 
383 496 
384 417 
385 498 540 
386 
387 420 494 440 354 554 568 502 386 399 
388 509 504 436 474 424 392 430 494 380 
389 539 349 544 525 
390 
391 505 568 427 442 437 198 536 432 522 
392 403 398 416 511 551 401 380 474 371 443 544 
393 
394 548 535 424 371 383 362 486 373 406 
395 409 351 528 439 494 540 406 440 349 386 541 383 381 352 475 570 
396 517 462 492 515 
397 429 467 490 539 526 495 560 497 407 547 515 465 436 433 435 466 478 
398 454 439 447 383 459 
399 457 356 
400 528 557 364 442 549 437 495 545 390 406 518 369 548 
401 
402 525 380 389 388 529 539 
403 484 451 411 
404 568 461 523 555 518 351 569 501 442 439 386 438 533 
405 438 395 
406 400 
407 425 530 526 434 371 516 
408 460 557 554 356 478 450 486 383 
409 541 559 387 452 516 
410 501 368 466 531 570 
411 554 
412 405 448 463 554 476 198 518 474 498 375 516 571 564 443 394 532 530 390 421 499 543 471 522 429 407 
413 452 482 380 
414 444 442 383 462 497 399 541 
415 374 409 532 477 498 
416 529 536 352 
417 423 484 455 355 388 401 502 440 549 380 451 392 433 
418 364 443 572 444 361 422 542 415 424 
419 495 377 519 412 463 386 454 414 542 499 426 500 
420 528 367 448 457 481 365 34 
421 520 369 479 535 556 389 363 
422 469 429 531 514 431 539 479 
423 502 427 383 402 466 459 415 
424 422 558 397 446 549 437 
425 504 409 435 438 
426 359 420 438 
427 
428 533 491 569 518 557 418 546 362 478 566 440 
429 375 508 494 
430 411 521 546 360 
431 389 444 564 416 437 568 481 350 449 
432 524 394 462 385 494 
433 404 441 
434 370 521 446 
435 375 444 406 
436 407 356 351 540 529 472 501 
437 502 480 563 
438 491 424 541 367 396 353 470 398 437 558 560 355 471 455 568 
439 379 422 491 568 489 356 552 472 545 434 357 
440 357 473 563 401 
441 471 387 
442 490 400 572 
443 
444 373 383 354 436 522 451 405 385 382 351 361 511 375 34 379 
445 379 544 530 565 513 411 564 
446 484 422 525 455 549 503 496 402 
447 
448 
449 556 521 416 
450 397 553 382 569 
451 538 488 508 549 
452 377 540 567 469 353 457 399 
453 
454 
455 460 450 496 471 
456 552 498 562 528 469 448 429 444 385 369 450 
457 510 370 373 
458 373 412 560 436 498 
459 538 450 
460 420 546 455 434 505 349 435 512 358 431 557 466 540 496 382 396 
461 532 421 403 455 448 451 486 405 422 456 406 
462 418 539 
463 424 443 366 173 488 
464 408 
465 441 562 502 555 549 406 419 462 364 497 551 424 366 
466 355 351 
467 472 198 
468 
469 431 561 360 524 455 537 355 
470 
471 361 399 428 403 539 571 
472 450 
473 453 398 399 405 554 464 432 567 
474 520 
475 533 537 459 453 501 479 569 529 530 447 429 433 541 486 198 456 552 368 387 
476 481 
477 371 
478 381 
479 354 349 458 385 488 521 
480 
481 492 511 395 536 470 
482 487 
483 442 464 533 407 504 546 529 523 530 505 554 454 521 361 
484 470 392 397 509 554 518 510 395 357 461 
485 523 526 
486 477 432 
487 433 521 396 558 402 548 478 
488 424 362 571 484 458 518 531 
489 523 502 529 397 365 495 
490 533 
491 447 377 547 411 486 
492 474 349 546 565 382 519 476 424 570 405 510 367 368 485 558 364 
493 379 549 480 554 523 461 426 463 553 439 518 475 470 422 
494 477 351 482 
495 504 421 524 450 
496 554 420 485 405 
497 413 397 453 558 414 480 571 556 399 349 
498 392 413 
499 
500 383 456 491 366 549 441 501 567 
501 475 549 448 
502 492 
503 519 502 374 474 399 435 34 386 378 415 453 461 
504 394 492 440 461 534 420 451 
505 435 549 379 434 
506 518 554 539 471 480 532 410 555 422 509 477 429 502 430 425 510 
507 429 427 445 489 361 372 392 551 425 519 389 535 
508 547 499 401 
509 417 492 528 
510 369 398 388 520 529 
511 544 548 451 565 486 468 
