2048 2190 2038 
2049 2027 2104 2641 1577 2362 2623 1959 
2050 2391 2593 2295 2077 1940 2591 2425 
2051 
2052 2208 2164 563 2301 2262 2035 2065 1944 2472 2120 1999 2062 2410 2348 58 2313 2037 2236 1965 
2053 1916 2564 2323 2276 2561 2635 2008 2105 2300 2006 2312 1984 2393 2012 2035 2586 2453 2334 2202 2427 2182 2205 2583 2013 1992 2434 2045 2380 
2054 2456 2484 2277 2402 1960 2513 2551 2658 2219 1928 1965 2147 2632 2082 1978 2533 2401 2388 1921 2150 2208 2548 2198 1982 2591 2099 2084 2613 2131 2001 
2055 2198 1993 2214 2039 2586 2123 2516 2463 2348 2464 2270 2140 2181 1948 2362 
2056 2652 2606 2415 2519 2397 2161 2322 2574 2255 2626 2453 2556 2008 2253 2633 2646 1945 2550 
2057 2009 2088 2398 2038 2320 2545 
2058 2595 1933 2227 2261 2538 2499 2497 2274 2539 2428 2350 2339 2177 1971 2381 
2059 2125 2036 2210 2599 2203 2052 2585 2529 2251 1919 2277 2452 2152 2023 1990 2246 1970 2272 2350 2536 2279 2645 2144 2319 2384 2019 1465 2494 2003 2149 2182 2147 2627 
2060 2567 2570 2120 2061 2649 2199 2485 2292 2007 2563 2620 1988 2197 1987 2141 1935 2091 2522 
2061 2447 2498 2098 2015 2234 2415 2016 1948 2203 2543 2018 
2062 2403 1968 2019 2167 2064 2143 2556 2448 2148 1944 2455 2483 2383 
2063 2107 2451 2158 2512 2566 2570 2036 2003 2442 2030 2520 2016 2235 1975 2147 2006 2085 2165 2518 2490 2014 1940 2166 2538 1923 2256 2588 2337 2315 2083 1990 2143 2577 2431 1981 2527 2457 2413 2052 2628 2230 
2064 2523 1989 2279 2314 1972 2098 2096 2419 2497 2031 2614 2001 1921 2406 2167 2475 2353 2529 2012 2256 2027 2620 2152 2130 2327 2459 2175 2222 2107 2281 1974 2372 2246 2311 2416 2426 2330 1952 2173 2398 2168 2119 2203 
2065 2031 2436 2205 2099 1936 2522 
2066 2608 
2067 2243 2330 1986 2647 2340 2325 2559 1931 
2068 2300 2444 2613 1967 2082 2466 1963 2216 2295 2178 2334 2509 428 2270 2204 2290 2103 2055 2648 2001 2031 2226 2251 2329 2421 2561 2516 2316 2303 2387 2660 
2069 1965 1959 2548 2047 2029 2435 2231 2052 2075 2360 2262 2106 2580 2256 2089 2522 2243 2422 2394 2456 2643 2187 2633 2384 2645 1937 2397 2209 2627 2399 2446 2316 2355 2058 2650 2044 2022 2205 2361 1971 2160 
2070 1465 2249 2358 2653 
2071 1918 2323 2229 2078 1975 2070 2399 2441 1947 2355 2013 2578 2540 2026 1968 2636 2603 2582 2074 2434 2580 2557 2306 2442 2019 2412 2318 2620 2565 
2072 2095 2574 2197 2172 1974 2159 2492 2277 1465 2550 2472 2607 2092 1922 2178 1946 1985 2325 2583 2433 2562 2141 1938 2275 2658 2171 
2073 2440 2371 2501 2068 2525 2101 2365 1978 2199 2411 1930 2420 2125 2138 2149 2114 2208 2039 1577 2128 2304 2651 2358 2007 2255 2385 2606 2041 2274 2517 2211 2155 2599 2110 
2074 2406 2205 2197 2062 2401 2540 2547 2296 2011 2031 2397 2487 2232 2513 2047 2432 2440 2020 2480 2456 136 2496 2538 2084 2087 2015 2375 2345 2032 2552 2526 2531 2541 
2075 2316 2165 2566 2391 2471 
2076 2274 2504 2611 2454 2088 2107 2110 
2077 2465 2089 2155 2318 2322 2522 2215 2126 2535 2198 2385 2447 1960 2511 2515 2598 2179 1577 1925 2440 2222 2102 2415 2360 2157 2498 2265 2022 2085 2346 2463 
2078 2217 1969 1977 2312 2588 2280 2148 2070 2577 2255 2235 2516 2304 2465 1914 2222 2366 1947 2455 2459 2246 2373 2285 2075 2012 2337 2087 2342 2343 2633 2268 2493 2017 
2080 2560 2198 2478 
2081 2558 2353 2632 2488 2074 2637 1914 2001 2646 1913 1976 2014 1919 2532 2358 2025 1998 2504 2298 2131 2562 2070 2037 1936 1972 2605 2291 2499 2416 2285 2630 
2082 2558 2214 2400 2407 
2083 2578 1913 2625 2298 2174 2427 2070 2034 2582 2372 2076 2651 2420 2204 2207 2361 2192 2393 2061 2259 2315 1945 2208 2019 2616 2587 2532 2119 2072 2401 1926 2040 2255 2385 1996 2426 1952 2545 
2084 2549 2654 2598 2462 2221 2002 2497 2380 563 2524 2189 2604 2122 2167 2459 2136 2328 2501 2198 2053 2406 2147 2272 2146 2473 2203 2235 2341 1996 2133 136 2349 2587 2660 
2085 2424 2479 2080 2289 2224 2310 2413 2065 2642 
2086 1956 1944 2657 2291 2573 2221 2522 2067 1977 2383 2586 2566 2547 2462 2349 2608 2520 2302 2501 2317 1940 2441 2098 2194 2186 
2087 2190 2447 2401 1986 2624 2104 1972 2341 2145 2424 1996 2415 2524 2659 2474 2218 2570 2519 2080 2188 2109 2240 2167 2523 2378 2538 
2088 2465 2515 2377 2609 2416 2007 2158 2597 2379 2466 2595 2143 2191 2119 2493 1975 2390 2394 1932 2135 2648 2284 2246 2371 2132 2310 2330 2562 2582 2166 2320 2419 2156 2456 2434 2533 2241 2185 2096 2068 
2089 2194 2546 2616 2351 
2090 2015 2273 2110 2336 2217 2634 2547 2346 2102 2010 1957 2545 2196 2454 2344 2091 2148 2152 2474 2536 2144 2100 1936 2298 2361 2304 2531 2087 2417 2444 2149 2268 
2091 2482 2492 2257 2453 2140 
2092 2405 2451 2406 2498 2518 2096 2558 2623 2417 2257 2339 2214 
2093 2481 2434 1914 2084 2119 2452 2627 2057 1958 2194 2298 2223 2264 2400 2292 2403 2152 2177 2081 2221 2407 2074 2205 2592 2208 2238 2351 2179 2629 2051 1949 2034 2466 1923 1988 2321 
2094 2251 
2095 2252 2440 2444 2240 2321 2219 2575 2535 2178 2453 2621 2096 2481 2228 1994 2538 2603 2460 2256 2406 2450 2424 2568 2473 2548 2171 2472 2438 2211 1939 2657 2571 2222 2434 2002 2201 1928 
2096 2498 2512 2472 2105 58 
2097 2568 2268 2287 2588 2418 2461 2514 
2098 2119 2222 2509 2484 2637 1976 2329 2160 1988 2090 2330 2267 2539 2634 2139 2258 2425 2405 2144 2145 
2099 2232 2136 2301 2078 
2100 2620 
2101 2342 2231 2459 2409 2191 2640 2478 2581 
2102 2638 2467 2206 2537 2601 2222 2139 2225 2256 2393 2304 1991 2658 2394 2473 2341 
2103 2440 2384 2272 2302 1958 2285 2260 2502 2633 2570 2249 2554 2132 2328 2398 2417 2283 2047 1948 2617 2495 1577 2325 2587 2541 1934 2261 2214 2522 2032 2041 2163 2336 2645 2357 2653 2480 2608 2493 2415 1936 
2104 2627 2089 2425 2523 2653 2617 2584 1930 2562 2279 2548 2457 2003 2147 2350 2574 2404 2319 2186 2116 2170 1996 2207 1977 2620 2524 2246 1950 2286 2419 1964 2599 2114 2529 2441 2364 
2105 2541 
58 
2107 2542 2660 2453 2103 2611 2273 2321 2181 2003 1976 
2108 2319 2148 2098 2393 2086 2177 2261 2365 2043 1947 1978 2010 2547 2080 1956 2558 2302 2459 2555 2438 2486 2066 2528 2219 2570 2516 2524 2000 2138 1976 2133 1999 2406 2639 
2109 2482 2498 2603 1930 1921 1988 2171 2567 2653 2434 2334 2617 1973 2577 2025 2597 2319 1982 2335 2344 2295 2457 1465 
2110 2474 2254 2433 2025 2345 1998 2277 2187 2149 
2111 1988 2248 2525 2414 1957 2181 2388 2022 2560 1915 2518 2556 2552 2011 1946 2140 2565 2092 2094 2386 2219 1968 2036 2638 2563 2069 2383 2341 2584 2201 1960 2633 2621 2238 2084 2205 2362 2432 2186 2012 2159 2459 2119 
2112 2289 2046 2321 2261 2158 2133 2292 2065 2215 2577 2517 2610 2126 1922 2197 2355 2087 2201 2357 2039 1947 2075 2525 2466 2130 2111 2544 2173 2057 
2113 
2114 2289 2042 2585 
2115 2595 2160 2073 2013 1934 2173 2231 2415 2203 2568 2461 1977 2617 2182 2537 2476 2516 2613 2374 2291 2176 2202 2569 2011 2399 1932 2075 1920 2346 2143 
2116 2072 2453 2628 2608 2476 2191 1965 2428 2288 2113 2154 2655 2492 2132 
2117 2430 2275 2309 2265 2270 2647 2371 1953 2030 2293 2504 2511 2055 2261 2131 2591 2083 2184 2108 1926 2235 2363 2604 2614 2390 1914 
2118 1913 1967 2161 2382 2207 2235 2193 2528 2530 2335 2343 2454 2231 2305 2293 2000 2498 2436 2447 1945 2062 2449 1937 2014 2191 2571 2262 2280 2166 2345 2636 2105 2155 2620 2215 2138 2112 2085 1919 2384 2273 2634 2070 2125 2597 2419 1935 2222 
2119 2649 1946 
2120 2050 2003 2658 
2121 2300 2145 2301 2000 2657 2050 2316 2396 2014 2502 2213 2592 2508 2480 2659 2614 2196 2563 2435 2007 2438 2516 2568 2493 2346 
2122 2113 2081 2076 2393 2365 2479 2264 2283 2169 2061 2473 2119 2622 2167 2106 2659 136 2403 2545 2544 2635 2137 2506 2531 2605 1932 1982 
2123 2512 2584 2282 2250 2192 2371 1933 1980 2379 2468 2114 2598 2452 2117 2100 2372 2637 2209 1914 1930 2621 2401 2015 2530 1955 2302 563 2182 2014 2202 2310 2587 2034 2358 1923 2204 2175 2228 2007 2141 1936 1991 
2124 2643 2255 2313 2002 2390 2510 2343 1947 2491 2086 2362 2205 2096 2316 2634 2225 1933 2518 2272 2353 2461 2335 1987 2486 2297 2320 2219 2535 2202 2277 2215 2454 2110 2089 2258 2474 
2125 2493 2395 2011 2137 2537 1994 2219 2297 2573 2445 2090 2645 2124 2370 1971 2414 1978 2157 2152 2154 2474 2025 2022 2337 2517 2593 
2126 2514 2642 1923 2647 2040 2306 2112 2450 1973 2481 2230 
2127 2218 2439 2316 2284 1990 2652 2410 2395 2115 2466 2055 2405 1982 2311 2587 2160 2262 2044 1993 2089 2593 2052 2539 2425 2140 
2128 2605 2551 2271 2319 2356 2305 2272 2281 2214 2451 2109 2088 2308 1985 2407 2102 2576 2501 2552 2194 2402 2553 
2129 2022 2019 2382 2015 2344 2042 2425 
2130 2651 2643 2212 2012 
2131 2052 2498 2282 2061 1923 2487 2035 2180 2466 2486 2055 2166 1975 2254 2648 2145 2227 2366 1949 2445 2070 1950 2336 2378 2592 2608 2022 2303 2321 2402 2527 2491 2322 2012 2587 2193 2396 2305 2097 2544 2156 2183 2021 1937 2196 
2132 1972 2051 2056 2498 2014 2201 2428 2429 2203 2023 2604 2205 2619 2514 2227 2535 2653 2126 2352 
2133 2110 1925 2390 2097 2566 2320 2312 2542 1968 2035 2452 1948 2339 2446 2123 2573 2006 2497 2225 2092 2584 1967 1921 2124 2191 2402 2609 2429 2173 2651 2027 2502 2053 2276 2237 2000 
2134 2396 2564 2395 2048 2381 2367 2249 2599 2604 2335 2234 2221 2492 2077 2132 2049 2568 
2135 2250 2638 2049 2552 1979 2460 2215 1963 2554 2121 2229 2548 
2136 2283 2029 2387 2579 136 2083 2085 2090 2054 2048 2572 2414 1577 2490 2069 2310 2044 
2137 2017 2086 2500 2528 2266 2022 2459 2027 2346 
2138 2404 563 2504 1935 2585 2286 2211 2236 2275 2626 2261 2416 2030 2442 2639 2381 1979 1936 2093 
2139 2051 1952 2157 2250 2003 2111 1988 2471 2019 2330 2135 2527 2515 2533 2100 2238 1940 2420 2119 2403 2168 2133 2355 2284 2167 2434 1957 2612 2191 2648 2180 2412 
2140 2133 2418 2006 2519 2555 2402 2659 1928 2194 1942 2534 1465 2371 2407 2367 2577 1939 2010 2023 2383 1968 2177 2524 2155 2581 2361 2660 
2141 1958 2003 2182 2081 
2142 2566 2517 2259 428 2481 58 2652 2522 2070 2571 1992 2385 2231 2420 2010 2194 2280 2215 2192 1930 2618 1927 2545 2015 2050 2608 2251 2557 2442 1994 2265 2658 2032 2362 2605 2277 
2143 1991 1925 2168 2381 2222 1981 2624 2251 2422 2024 2394 2162 2101 2078 2067 2183 1913 2216 2442 1971 2041 2083 2311 
2144 2124 1465 2359 2422 2064 2428 2145 2044 1930 1934 2022 2193 
2145 2651 2019 1986 2514 2226 2582 2507 2153 2584 2069 
2146 2036 2238 2425 2468 2381 1972 
2147 2316 2407 2061 2392 1947 2452 2441 1969 2614 2044 
2148 2145 2376 2170 2329 2318 2545 2267 2427 2577 2160 2632 2132 2357 2060 2354 2607 
2149 1944 2605 2235 2276 2281 1923 2497 2619 2029 2146 2213 2021 2574 2076 2437 2040 2538 2636 2371 2055 2645 2656 2373 2295 2082 2391 2258 2092 2389 
2150 2024 2092 2027 2583 2012 2456 2595 2445 2622 1942 1954 2442 2633 2107 2238 428 2462 2167 2651 2311 2566 2239 2247 2406 2096 2568 1718 2422 2289 2636 2516 2525 2235 2013 2574 2411 2019 2444 1999 2144 2380 2028 
2151 2072 2371 1926 1977 2330 2284 2470 1931 2654 2022 2015 2332 2494 2619 
2152 2349 1973 2378 2647 1928 
2153 2263 2265 2305 2334 1918 2275 1971 2095 2185 2339 1987 2050 2414 2638 2469 2565 1952 2208 2193 2036 2637 2281 2394 1966 1913 2652 2549 2092 2009 1983 2231 1973 2018 
2154 2215 2207 2226 2335 2138 2022 2426 2185 2365 2230 1934 2502 2351 2251 2313 2156 2087 2357 2517 1577 2473 2349 2656 2490 2012 1996 2282 2105 2550 2603 2017 
2155 2434 2011 2118 2230 2189 2508 
2156 2487 2271 
2157 2362 2340 2421 2078 2097 2020 2138 2302 2200 2644 
2158 
2159 2634 2177 2051 2486 2533 2224 
2160 2595 2640 2325 2598 2357 
2161 2525 2069 2126 2130 2366 2408 2189 2266 2227 2653 2316 2039 2144 2455 2095 2334 1979 2138 
2162 2151 2163 
2163 2279 2465 1993 
2164 2304 2379 2062 1973 2583 2403 2039 1980 1927 2045 2285 1981 2582 1939 
2165 2493 1982 2009 2096 2391 2199 2375 2450 2243 1936 2541 2235 2015 2293 1940 2322 1972 2054 2354 2053 2080 
2166 
2167 
2168 
2169 2148 2633 2232 2488 2557 2152 2639 2543 2574 2452 2168 2012 2407 2489 2334 1958 2215 2602 2120 2013 
2170 2552 2545 2167 1955 
2171 2056 2232 2567 2103 2100 1943 2591 2355 2016 1989 2073 2138 2049 
2172 2029 2562 2022 2116 2127 2358 2214 2130 2291 2230 2651 2517 2285 2417 2173 2411 2310 2182 2481 2213 2117 2589 2440 2660 2595 2487 2555 1718 2627 2225 2011 2149 2538 2620 2571 2105 
2173 2209 2473 2407 2212 2561 2346 
2174 2606 2636 2654 2639 2278 2656 2141 2347 2448 2171 1971 2376 2105 2304 2628 2030 2175 2110 2621 1913 
2175 
2176 2160 2050 2431 2585 1968 2275 2655 2207 2256 1465 2394 2483 2352 2134 2045 2634 2538 1922 2470 2542 1962 2654 2183 2574 
2177 2332 2163 
2178 2630 2041 
2179 2389 2496 2584 2170 2288 2344 2330 2617 2568 2304 2130 2536 2517 2329 2481 2549 2085 
2180 1974 2460 2537 2084 2346 1992 1927 1953 2305 2262 2630 2453 2154 2658 2632 2635 2463 2150 1935 2540 1976 2564 2534 2335 2470 
2181 2063 2317 2101 
2182 2193 1986 
2183 2057 2503 2496 2481 2020 1989 2089 2031 2535 2320 2587 2504 2043 2229 2558 2531 2566 2204 2576 2109 2619 2157 2278 2354 
136 2356 2355 2317 2419 2286 1946 2644 2090 2607 2313 2253 2160 2425 2294 2531 2611 2003 2255 
2185 2644 2634 1976 2184 2310 2099 
2184 2636 2609 2622 2236 1981 2148 2310 1967 2245 2260 2570 2133 2129 1923 2490 2058 2115 2365 2254 2420 2268 136 2588 2215 2204 2511 2514 2343 2635 2441 2031 2002 2631 2632 2599 2592 2656 2440 
2187 2323 2005 2156 2122 2590 2477 1924 2101 2034 2548 2345 2493 2275 2537 1975 2115 1972 2378 2525 2321 2309 
2188 2325 2251 2570 2286 2160 2291 2315 2036 2343 2649 2242 1923 2569 2565 1465 2375 2170 2178 2285 2199 2451 2651 2622 1957 2273 2547 2062 2648 2589 2263 2209 2018 2274 1932 2243 2143 1948 2452 2262 2219 2447 2337 
2186 2064 2283 2606 1987 
2190 2427 2628 2016 2396 2481 2566 2060 1955 2167 2365 2609 2017 2185 2429 1952 2514 2255 2540 2187 2426 2504 2289 2200 2315 2144 2614 2377 2538 2042 2173 2192 
2191 2263 2160 2348 2061 2508 2437 1931 2124 2016 2114 2105 2057 2655 2164 2231 2143 2335 2317 
2192 2125 2588 2253 1982 2460 2030 2265 1947 2177 
2189 2058 1916 2350 2532 2546 2428 2136 2239 2481 2276 2636 2363 1982 2574 2492 2365 2066 2630 2242 2635 
2194 2142 2503 2303 2630 2411 2357 2008 2013 2263 2631 2114 2558 1953 2546 2146 2099 2457 2337 2170 2554 2103 2515 
2193 2250 2362 2062 
2196 2579 2620 2267 2038 1978 2659 1972 2626 2216 2250 2001 1919 2574 2085 2096 2644 
2197 2384 2343 2592 1944 2593 
2198 2601 2529 2351 2097 2127 2540 2415 2421 2034 2432 2353 
2199 2356 2105 2220 2046 2065 2337 2353 2354 2413 2104 2186 2156 1938 1918 2314 2321 2422 2277 2404 2056 2365 2040 2382 2517 2015 2001 2424 2519 2088 1913 2208 2171 2308 2136 2232 
2200 2099 2551 2571 2296 2317 2249 2658 2424 2018 2473 2355 2452 2345 2116 2522 2319 2498 2330 2516 2081 1922 2322 2442 2364 2447 2221 2007 2403 2015 2313 2557 1952 2387 2207 2166 2306 
2201 2301 2534 2407 2089 1941 2137 2659 2306 2592 2175 2416 2650 2351 2438 2361 2639 2481 1950 1944 2251 2187 2011 2589 2297 2034 2207 1916 1961 1939 2462 2375 2367 2479 2163 2134 2167 2622 1959 2117 2565 2419 2402 2057 2455 1960 
2202 2564 2492 2280 2277 2652 2275 2385 2559 2420 
2203 1943 2441 2064 2423 2311 2194 2504 2088 2442 2165 2366 2248 2090 2056 1948 2193 2501 1997 2157 2209 2527 
2204 2575 
2205 2564 2078 
2206 2087 2232 2036 2417 2515 2416 2162 2145 2394 1988 2473 2509 2330 2009 2438 1949 1964 2143 2487 2298 2547 2497 1956 2569 2026 1977 1955 1973 2274 2111 2355 1994 2272 1937 2141 2474 2075 2450 1939 
2207 2285 1912 2613 2332 
2208 2086 2650 1932 
2209 2156 2049 2126 2197 2548 2499 
2210 2504 2480 2622 1974 2232 2350 2042 2117 2496 2562 2051 2062 1947 2097 2625 1925 1984 2173 2603 2656 2633 
2211 2158 2092 2408 2086 2050 2016 2349 2122 
2212 2569 2365 2467 1920 2483 2591 2264 1939 2138 2050 2174 2317 428 1465 2425 2307 2594 2640 2470 2006 2383 2181 2346 2406 
2213 2595 2500 1942 1978 2059 2286 1994 2586 2439 2170 2241 2086 
2214 2166 2067 2040 2123 2020 2310 
2215 2318 2139 2119 2564 2013 2357 2363 2161 2232 2628 2474 2408 
2216 2091 1947 2153 2121 2041 2632 2311 2134 2113 2470 2588 2524 2577 2315 2501 1920 2555 2484 2227 2637 2554 2036 2385 2049 1944 
2217 2110 2460 
2218 2626 2126 2111 2080 2605 2581 2613 1934 2155 2225 1954 2480 1958 2230 2577 2186 2177 2514 2277 2143 1961 1988 2117 2525 2161 2568 2634 2067 2516 2113 1935 1973 1924 2342 2462 2158 2609 1465 58 2251 2234 2114 2270 
2219 
2220 2441 2288 2168 2569 2479 2594 2562 2599 2231 2067 2490 2617 2452 1915 1955 2478 2068 2303 2640 2072 2041 2204 2279 2337 2289 2133 2622 1960 2178 2506 2011 2314 2313 2251 2228 2117 2091 1941 2219 2265 2013 1926 1947 2185 
2221 2069 2631 2076 2179 2339 2332 2539 2584 2373 2461 2029 
2222 2255 1923 2006 2400 2636 2016 2258 
2223 2251 2160 2207 2237 2568 2105 2285 2559 2625 2009 1981 2371 2110 2182 2188 2357 
2224 2586 2220 2525 2489 1925 1937 2069 2322 2569 1980 2067 1959 2131 2100 2515 2031 2167 2514 2077 2373 2392 2150 2137 2625 1931 2394 2583 
2225 2369 2238 2452 2034 2563 2488 2243 2104 2590 2187 2394 2445 
2226 2574 2259 2577 2039 2477 1718 2611 2139 2429 2087 
2227 2174 2075 
2228 2094 2651 2192 2010 2554 2219 2403 2496 2541 2396 2200 
2229 2587 2589 1981 2527 2511 1931 2071 1972 2012 2202 2555 2232 2558 2019 2089 2319 2002 2225 2548 2180 2383 1978 2317 2349 2459 2000 2175 2146 1939 2336 2440 2004 2177 1968 2628 2274 
2230 2465 
2231 2620 2350 2551 2097 2292 2356 
2232 1927 1971 2521 2290 1997 2632 2423 2109 2128 2376 2202 
2233 2175 2403 2053 2010 2653 2435 2398 2015 2019 1922 1952 2163 2621 2610 2399 2587 2137 2533 2583 2255 2466 2042 2281 2274 2448 2221 2182 2605 2047 2054 2656 2132 2156 2387 2420 2540 2171 2310 2110 2157 1917 1977 2442 2523 2315 2481 
2234 2376 2656 2039 
2235 2215 2258 2055 1465 2516 2248 2205 2089 
2236 1966 1915 2542 2554 2458 2645 2123 2065 2473 
2237 2199 2086 2145 2260 2277 2168 1962 2101 2620 2657 2032 2037 2127 2311 2353 2571 2227 1967 1954 2424 2102 2028 1930 2069 2085 2094 1944 2499 2082 
2238 2496 1943 
2239 2352 2118 2334 2289 2341 2498 
2240 2149 2632 2565 2437 1936 2067 2558 2548 2295 2648 2252 1954 2029 2583 2544 2211 1947 2132 2011 2214 1974 2471 2004 2394 2555 2514 2580 2042 2058 2023 2534 2424 2224 2156 2425 2027 
2241 2603 2397 2070 2314 2568 2458 1995 1917 2118 2392 2447 2099 2460 2511 2104 2061 1944 2406 2621 
2242 2277 2620 2139 1968 1920 
2243 2147 2653 2386 2606 2128 2559 2134 2213 2350 2045 1944 
2244 2156 2332 1973 2245 1919 2436 1996 2351 2421 2373 563 2107 2384 2221 2584 2437 2050 2399 2657 2538 2510 2147 2286 2372 2335 2442 1940 2036 2101 2151 2530 1954 2364 2368 1923 2435 2119 2490 2406 2582 2039 1956 2565 
2245 1978 2615 2429 
2246 2359 2152 2262 2618 2486 2165 2272 2207 2131 2414 2034 2408 2062 2423 2406 1937 2625 2019 
2247 2609 2122 2397 2367 2004 2268 2536 2525 2170 2243 2342 2108 2350 1917 2156 2008 2224 2280 2433 2046 2635 2346 1973 2625 2236 2628 2614 2450 
2248 1997 2087 2616 2634 
2249 2000 2378 2611 
2250 2229 2385 2359 2190 2522 2160 2520 2115 1944 2075 2351 2648 2066 1975 2283 2442 2107 1970 2381 2496 2113 2605 2050 2619 2510 
2251 1990 
2252 2307 2047 
2253 2372 2454 2313 2225 2466 2456 2321 2455 2215 2089 2608 2623 2385 1925 1967 2527 2487 2132 2185 2003 2129 2192 2066 2420 2628 2006 2422 2191 2510 2659 2031 2534 2394 2217 2442 2271 2067 2473 1959 
2254 2402 2168 2443 2109 1965 2202 2440 2304 428 2242 1977 2333 2563 2461 
2255 
2256 2093 2278 
2257 2640 2434 2289 2209 2341 1916 2613 2580 2658 2186 2203 2110 2544 2062 2102 2416 2252 2389 2373 2475 2614 2303 2355 2532 2344 1995 1950 2555 2046 2490 2652 
2258 2046 2303 2001 1958 2319 2630 2217 2622 2462 2038 2135 2173 
2259 2291 2180 2239 2266 2324 1980 2028 2012 2200 2273 2008 
2260 2106 2516 2539 2538 
2261 2633 2332 2182 2387 2072 2017 2315 2476 2478 2532 2437 2167 2498 2487 2035 2557 2489 2283 2534 1980 2627 2549 2333 
2262 2629 2436 1941 1971 2518 2299 
2263 
2264 2363 2189 2640 2470 2140 2278 2455 1967 2356 2055 2440 2434 2591 2360 2487 
2265 2057 
2266 2066 2019 2259 2159 2113 2231 2168 2004 2557 2024 2495 2399 2319 2194 2562 1978 2291 2100 2197 2270 2583 1974 1915 2435 1968 2163 2659 2385 1955 2377 2034 1932 2156 2143 1952 2641 2192 2117 2622 1718 2610 2170 2618 2612 2238 1577 2444 
2267 1951 2342 2372 2360 2532 2210 2326 2543 2295 2454 2339 2487 2550 2172 1915 1923 2433 
2268 2580 2590 2010 1953 2393 1963 2374 2151 2059 2479 2595 2321 2044 2488 2031 2481 2659 1967 2361 2208 2333 2478 1948 2058 2028 2599 2287 2421 
2270 2594 
2271 2614 2616 2353 2487 2453 2639 2509 2267 2648 2642 2351 2026 1992 2072 2496 2344 2527 2041 2125 428 2110 2211 2047 2322 2102 2075 2412 2235 2346 2342 2499 2243 1936 1916 2392 2577 2435 
2272 2400 2300 2145 2185 2106 1968 2378 2597 
2273 2097 2129 1991 1930 2436 2395 2182 2387 2578 2546 2013 2322 2260 2507 2058 2099 2160 2638 2594 2477 2420 2388 2193 
2274 2090 2381 2373 2538 2423 2506 
2275 2039 2062 2571 1996 2182 2544 1936 2248 2608 2129 2385 2156 2296 2358 2169 2416 2204 2660 2015 2055 2384 563 2650 1934 2006 2538 2461 2185 2119 2641 1981 2113 2513 2505 2537 2217 1937 2070 2634 
2276 2637 2325 2336 1964 2393 2328 2411 2350 2335 2558 2406 2535 1931 2039 2114 1932 2631 2263 2623 2012 2575 2618 2270 1915 2171 
2277 1952 2429 2568 1996 1914 
2278 2588 2449 2644 2623 2215 2294 2455 2473 1969 2365 2364 2620 2145 2026 1934 2523 2284 2227 2434 2024 2399 2375 2296 2628 2325 2147 2248 2334 2080 2217 
2279 2006 2355 2414 2413 2212 2614 1929 2150 2563 1933 1935 2487 2256 1938 2322 1936 2627 2099 2552 1961 2404 2037 2023 2623 2344 2146 2484 2448 2298 2515 
2280 1938 2337 2082 2239 2036 2035 2228 2044 2570 2288 
2281 2003 
2282 2505 1991 2098 2381 2206 2489 2549 1958 2407 2638 1924 1933 2431 2569 2142 2380 2391 2023 2591 2118 2645 1915 1976 2204 2182 2037 2503 2556 2266 2632 2563 2398 
2283 2479 2356 2184 2513 1977 2263 2572 2014 2492 2386 2221 2362 2524 2240 2547 2610 2425 2506 2045 2152 2622 1954 2380 2447 2593 2427 2652 1997 2397 2220 1974 2162 2487 1973 2114 1992 2085 2373 2069 2416 1964 2073 2568 2538 2018 2011 2382 2116 2644 
2284 2262 2070 2457 2546 1993 2382 2285 2233 2173 2472 2093 2443 
2285 2529 2276 2660 2237 2605 2137 2175 2416 2010 2358 2050 
2286 2615 2024 
2287 2003 2467 2312 2621 2291 2318 2613 2407 2546 2263 2273 2055 2450 2225 2117 2537 2648 2203 
2288 2535 2005 2320 
2289 2592 2443 2299 2057 2576 2207 1925 2624 1930 2049 2356 2252 2426 2584 2097 2450 2103 2181 2490 2025 1920 2142 1980 1990 2534 2381 2281 2656 1968 2411 1975 2432 2355 2400 
2290 2125 2002 2391 1948 2085 1990 2050 2268 2226 2388 2168 2401 2535 2467 2479 2051 2538 1937 563 1923 2483 2367 1959 2415 2494 2061 2087 2072 2478 2185 2531 2577 2097 2191 
2291 2219 2483 2209 
2292 2230 2413 2073 1949 2585 2571 2142 2393 2639 2424 2487 1918 2590 2082 2354 1960 2448 2175 2474 1998 2212 2030 2334 2197 2181 2493 2346 2318 2591 2306 
2293 2214 563 2379 2019 2613 2445 2313 2172 1988 2105 2161 2464 2291 
2294 2135 2364 2499 1959 2021 1985 2403 2265 2627 2129 2036 2650 2306 2449 2417 2186 2212 2150 2580 2566 2410 2230 2641 1967 2157 2550 2502 2398 1925 2554 1941 2570 
2295 2611 2418 1989 2037 2540 
2296 2641 2074 1968 2173 
2297 2182 2075 2345 2420 2068 2041 2396 
2298 2629 2100 2012 
2299 2044 1920 2189 2296 2002 2304 2618 2594 2251 2621 1950 2378 2157 2470 2342 2161 2234 2000 2035 2446 2228 2496 2567 2282 2224 2260 2106 2562 2490 
2300 2537 1932 2245 1936 2126 2412 2521 2199 2256 2495 2267 2397 2002 2522 2076 2379 2318 563 2089 2281 2171 2534 2026 1999 2234 
2301 2230 
2302 2444 2213 2386 2275 2554 2045 2640 2656 2178 2611 2288 2615 2217 2499 1985 2316 2583 2239 2235 2649 2407 2517 2105 2037 2233 
2303 2457 2646 2601 2578 2160 2401 
2304 2071 2088 2149 2657 2506 2339 2187 2143 2249 2599 2157 2105 2638 2224 2543 2318 2560 
2305 2539 2035 2145 2094 2193 
2306 2366 2467 2654 1939 2034 2642 1933 2019 2425 1952 1975 2010 2455 1916 2421 2569 2070 2226 2452 2355 2000 2122 2318 2157 1951 
2307 2287 2029 2413 2653 1999 2152 2585 2085 2502 2531 1961 2583 2056 2280 2533 2292 2397 2030 1934 2024 2442 2314 2114 2555 2456 2358 2261 2097 2010 2639 2422 2650 2476 2215 
2308 1933 2260 2631 2001 136 2338 2571 1958 2591 2166 2018 2557 2617 2486 2502 2291 2305 1925 2216 2575 2411 1940 1999 2318 2377 2024 2450 2612 1991 2647 
2309 2651 2246 2132 2032 2525 2026 2534 2178 2017 2387 2378 1961 2021 2305 2134 2316 2626 1944 1937 2424 2545 2311 2004 2634 2517 2133 2148 2101 2031 2533 2609 2480 2652 2471 2226 2049 2159 1930 2155 1976 2421 2224 
2310 2543 2061 2417 2052 2511 
2311 2525 2314 2098 2109 1973 2224 2508 2002 2187 
2312 2091 2206 2584 
2313 2612 2362 2658 2460 2203 2367 2081 2429 2340 2180 2182 2409 2657 2118 2536 2241 2559 2414 2128 
2314 2407 2622 2593 
2315 2360 2582 1977 2041 2178 2334 2624 2368 2645 
2316 2382 2579 2254 2095 
2317 2108 2006 2238 2429 2646 2529 2546 2459 2555 
2318 2094 2499 2194 2546 2412 2486 
2319 2058 1972 2352 2104 2273 2486 2166 2525 1932 2136 2655 2602 2284 2161 2601 2561 2277 2639 2234 2457 2095 2190 2244 2453 
2320 2660 
2321 2609 
2322 2380 2493 2552 
2323 2415 2029 2049 2548 2130 2463 2438 2174 2453 2155 2556 2119 2166 2475 2194 2249 2479 2322 1954 2282 2004 2592 2211 2204 2094 2456 2110 1939 2412 2260 1940 2629 2566 2519 2111 2325 2134 2196 2234 2081 2132 
2324 2330 2371 1975 2574 2010 2202 2461 1923 2066 2582 2435 2141 2012 2194 2024 2380 2134 2614 2028 2432 2572 2332 2234 2197 2092 2318 2288 2274 2547 2320 2155 2089 2153 2217 2512 2627 
2325 2635 2049 1939 2653 1917 2274 2643 2023 2218 2447 2511 
2326 2633 2312 2426 2169 2143 2002 2268 2225 2241 2217 1919 2120 2431 2089 2390 2476 2570 2335 2018 2055 2152 2173 2076 2072 2513 2355 2209 1577 2393 2297 2613 2544 2067 2106 2315 2165 2449 2537 2277 2456 
2327 1923 2518 2485 2549 2583 2260 2085 2630 2399 2203 2060 2397 2335 2594 2364 2091 2497 2100 2109 2544 2244 2623 2274 1977 2628 
2328 2362 1919 2023 2140 2480 2425 2313 2285 1957 2505 2200 2103 2167 2349 1989 2403 2513 2503 2046 2107 2171 2329 2424 2004 2257 2538 2630 2113 2348 2307 1928 2076 1984 
2329 2612 2469 2456 1996 2600 2455 2362 1940 2273 2409 1944 2535 2038 2487 1994 2250 2405 2398 2579 2170 2204 2390 
2330 2241 1961 2341 2192 2467 2218 
2331 2029 2175 1981 1954 2153 2372 2511 2486 2260 2403 2112 2465 2312 2173 2181 2533 2453 2265 2319 1978 2488 2338 2616 2634 2061 2646 2010 2111 2466 2211 2411 2288 2378 2264 2089 
2332 2378 2373 2600 58 2212 2120 1996 2545 2531 2124 2374 2321 2613 1960 2277 2084 2639 2101 2331 1959 2426 2131 2004 2495 2184 2564 
2333 1978 2571 2361 1934 2300 2002 2532 2531 2335 2417 2197 2009 1992 2504 2119 2314 2612 2008 2131 2001 2466 2588 2357 
2334 2328 2137 2340 2126 2080 2223 1960 1964 2552 2029 2531 2027 2304 1914 2010 2518 1989 1973 1971 2120 2640 2276 2260 2254 2219 1963 2097 
2335 2555 2004 1949 2112 2185 2410 1925 2246 
2336 2051 2631 2574 2331 2260 2210 2375 2542 2487 2633 2272 2474 2335 2444 2146 2550 2008 2244 2414 2139 2119 2162 2482 2599 2212 2389 1971 2276 
2337 2143 2455 2046 2047 
2338 2491 2250 2440 1988 2535 2378 2365 2086 2556 2158 2466 2364 2616 2402 2379 2562 2360 2156 2290 2036 2526 2424 
2339 2397 2473 2453 2539 1977 2035 1944 2274 2634 2387 2493 2609 2250 2626 2610 2639 2320 2234 2091 2642 2092 2047 2595 2327 2479 1940 2518 2442 2025 1956 2159 1933 2336 2071 2189 2316 2292 2513 1954 2238 2010 
2340 2133 1994 2498 2248 2241 2582 2221 2634 2598 2303 2642 2032 2365 2110 136 2612 2162 1924 1952 2341 2523 2388 2125 1923 1936 2181 2314 2302 2576 2519 2260 1969 2296 
2341 2261 2343 2250 1955 2423 
2342 1948 2291 2579 2414 1939 
2343 2221 2367 2179 2409 2220 2214 2426 2592 2354 2318 2383 2484 2065 2386 2122 2359 2373 2265 2207 2424 
2344 2214 2019 2042 1978 2331 2124 2430 2295 2466 2352 2226 1922 1988 2506 2584 2322 2141 2562 2200 1957 2311 2108 1979 2262 2364 2288 2186 2570 
2345 2201 2607 2299 2624 2588 2017 2611 2646 2526 1985 
2346 2630 2597 2391 2313 2571 2413 1967 2312 2317 2586 2236 
2347 2092 2166 2639 2204 2036 2389 2202 2321 2474 2445 2160 2658 2352 2610 2067 2346 2222 2207 2536 1995 2537 2497 2167 2175 1960 2479 1969 2304 1952 2181 2217 2161 2622 2301 2368 2242 2562 2548 2495 1961 2176 2298 2426 2258 2272 2490 2012 2255 2287 2044 2576 2001 2534 2502 
2348 1962 2304 2013 2634 2136 2297 2358 2644 2246 2502 2383 2000 2116 2096 2038 2484 1924 1951 2651 2062 2227 2545 2420 
2349 2593 2362 2042 
2350 2426 2396 2184 2472 2220 1983 2302 2314 
2351 2218 2173 2650 2407 2364 2433 2393 2535 2003 2390 2193 2340 2627 2068 2379 2415 2033 1718 2608 2474 2170 2190 2317 2288 2631 2051 
2352 2641 1941 2181 2459 2245 2243 1988 2089 2035 2110 1987 2463 2443 2637 2605 2632 2029 2508 2136 2174 2001 
2353 2425 2650 2016 2652 2237 2610 2583 1980 2541 2545 2511 2484 2068 2644 1928 2429 1938 
2354 2592 2153 2584 2044 2158 1951 2189 2204 2259 1991 2178 2091 2107 2186 2137 2493 2453 2486 2018 2245 1970 2650 2208 2173 2597 2582 2157 2481 2591 2487 2070 2594 2431 2226 2066 2435 1931 2552 2231 1981 2373 2099 
2355 2043 2176 2103 2586 2463 2589 2526 2605 
2356 2270 2035 2173 2313 2111 2629 2175 2097 2383 2377 2267 2310 2248 2252 2535 2465 2134 2024 1923 2177 2338 2156 2236 2027 2426 2387 1950 
2357 2312 2590 2544 2601 
2358 
2359 1955 2453 2169 2558 2226 2552 2551 2026 2652 2198 2358 2053 2159 2595 2191 2180 2656 2617 2455 2018 2293 2488 2183 2025 2372 2129 
2360 2058 2431 2517 
2361 2046 2134 2536 2511 1920 2487 2382 2277 2095 2085 2567 2428 2001 2042 2420 
2362 2221 1986 2200 2323 2517 
2363 2382 1957 2621 2589 2157 2577 2640 2017 2499 2268 2238 2219 2101 1956 1989 2242 1936 2545 2259 1958 2303 1918 
2364 2477 2374 2203 2296 2145 2134 2611 2267 2039 
2365 2402 2357 1962 2308 2241 2230 2368 2349 2222 1946 2289 1944 1981 2299 2503 2573 2459 2421 
2366 2545 2429 2245 2400 2576 2308 2514 2484 2331 2123 2198 2622 2315 1945 
2367 2317 2230 2647 2009 1465 2217 2054 58 2286 2244 2030 
2368 2472 2118 2513 1929 1997 2004 1978 2254 2449 2146 2309 2099 2451 2009 2299 2576 
2369 2067 1965 1994 2113 2351 2657 2009 2494 2332 2117 2481 2016 1954 2440 1923 2226 2302 2066 2160 2243 1995 2330 1921 2465 2455 2333 2527 2223 2335 2115 2548 2105 2034 2498 2566 
2370 1944 2039 2568 2053 2242 2243 2629 2099 2114 2476 2459 2449 2447 2633 2457 2067 2493 2378 1980 2003 2186 2080 2081 2263 2473 2541 2431 2491 
2371 1998 2519 2058 
2372 2011 1982 1950 2527 2008 1952 2175 2577 1984 2414 2018 2418 2143 1957 2512 2580 2410 
2373 2231 2648 
2374 2010 2429 2657 2002 2438 2572 2256 2062 2012 2659 2197 2353 2185 2064 2222 2569 2148 2097 2087 2252 2050 2255 2119 2502 2068 2120 2014 2022 2178 2643 2408 2228 2215 2344 2349 1936 2320 2149 
2375 2193 
2376 2232 1980 2215 2497 2402 2502 2081 2151 2390 2306 2025 2173 2194 2296 2282 2397 2357 2478 2388 2012 2177 2479 2314 2272 2221 2432 2057 2541 2577 2608 2288 2041 2599 2350 2222 2505 2156 2466 2328 2171 
2377 1924 2521 2088 2230 1974 2149 2493 2237 1915 2474 2373 2223 1933 2406 2565 2002 2571 1973 
2378 2331 1983 2246 2043 2265 2543 2186 2146 2048 2119 1937 2401 
2379 1976 2616 1946 2530 2030 2257 2067 
2380 2342 
2381 2192 2151 2598 2618 2010 2393 2656 2007 2096 1928 2629 2479 2228 2659 1921 2251 2209 2247 2054 2075 2447 2117 2459 1973 2491 2427 2303 2314 1933 2277 2031 2400 2640 2608 2368 2089 2627 2535 
2382 2623 2204 
2383 2286 2498 
2384 1983 1978 2120 2539 2522 2440 2558 1938 2523 1972 2152 2156 2299 2159 1943 2358 2573 2607 2262 2313 2356 2226 2395 2212 2494 2660 2076 1984 2595 2374 
2385 2643 2637 2431 1944 2470 2540 2170 2527 2616 1953 2605 2448 2217 2226 2187 2326 
2386 2214 2001 2011 2582 2313 2238 1958 2007 2357 2548 2283 2024 2599 2349 2113 2081 2330 1718 2183 2259 2468 
2387 2581 2426 2541 2201 2612 2172 2651 2091 2312 2639 1944 2365 
2388 2578 2166 2431 
2389 2525 2178 1939 2486 2059 2638 2489 2055 
2390 2157 2337 2093 2246 1963 1979 2539 2270 2085 2621 
2391 2176 2122 1984 2413 2280 2570 2561 2416 2306 2277 2308 1926 2562 2405 2356 2010 2471 2089 
2392 2102 2608 2633 2505 2083 2367 2053 2638 2366 2015 2484 2032 2182 
2393 2541 2294 2039 2381 
2394 2621 1948 2100 2326 1922 2167 2258 2225 2337 2456 2275 2410 2618 2166 1930 2078 2044 2309 2353 1937 
2395 2449 2025 2234 2272 2191 2061 1992 2186 2530 1934 2393 2396 2637 2368 2216 2378 136 1968 2285 2597 2338 2426 2301 2217 2375 2280 1914 1465 2018 2533 1939 2609 2224 2585 2023 2581 2454 2383 2618 2070 2100 2321 2366 
2396 1996 2433 1960 2171 2565 1979 1962 2287 1951 2246 2357 2133 2525 2019 2326 2341 
2397 1465 2650 2289 2080 1993 
2398 2325 2052 2426 2059 2299 2105 2305 2016 2115 2230 2348 2366 2576 2421 2467 2364 1937 2190 2216 2078 2376 1969 2452 2318 2558 2276 
2399 1930 2443 2358 1950 2385 2610 1974 2447 2018 2573 2595 2624 2657 2289 2237 2530 2427 2020 2459 2255 
2400 2439 1931 2167 2284 
2401 2414 2092 2464 2574 2202 
2402 1923 2469 1982 1958 1977 
2403 2599 1962 1972 2018 
2404 2466 2620 2430 2251 2295 2464 2537 2459 2158 2643 2524 1995 2321 2230 2490 2003 2143 2652 563 2325 1992 2645 2521 1963 2656 2515 2048 2280 2397 2453 1956 2551 
2405 2621 2069 2406 
2406 2032 2497 2588 1944 2279 1996 2148 1950 2489 
2407 2066 2014 2657 2008 2356 1949 2130 2552 1964 2135 2430 2248 2530 1935 2169 2209 2380 
2408 2260 2144 1937 1718 2390 2606 1956 2041 2215 2320 2420 2472 2273 2488 1972 2404 2310 2433 2100 2003 2168 2565 2315 1954 2125 2210 2246 2178 2402 2300 2357 
2409 2558 2113 2282 2081 2133 2176 2283 2320 2569 2129 1956 1916 2494 2461 2373 2214 2571 2001 1465 2117 2297 2572 2249 2501 2483 2246 1933 2346 2442 2436 2486 2105 
2410 2426 1990 2091 2260 2544 2066 2501 2080 2332 2344 2202 2438 2267 2068 2010 2003 2238 2028 2126 2134 1975 2506 2014 2065 2247 2487 2380 1974 1937 2143 2584 2644 2383 2294 2458 2535 2286 2313 2525 2580 2509 
2411 1928 1951 2031 2442 2659 2076 2067 2415 
2412 2196 2059 2280 1977 2553 1947 2251 1931 
2413 2379 1973 
2414 2473 2181 1954 1978 2622 1931 2621 2162 2502 2225 2209 1959 1937 1970 2164 2072 2217 2651 2341 2636 1939 2050 1988 2529 2537 1933 2362 2125 1973 2572 2398 2534 2163 1465 
2415 2540 2021 2621 2425 2048 1951 
2416 1917 2239 2378 2659 2505 1972 2298 2643 2522 1937 2451 1938 
2417 2621 2651 2213 1938 1951 428 2407 2437 1924 2444 2512 2209 2505 2297 2057 1976 
2418 1960 2047 2505 2380 2105 2065 2137 2584 2610 2522 2248 2155 2240 2573 2254 2365 2582 2305 1944 2516 
2419 2206 2015 2426 1993 2103 2480 2368 2229 2171 2567 2405 2523 2556 2654 2197 2060 2376 2266 2356 2660 1961 2094 
2420 2316 2464 2182 2179 1925 2419 2027 2439 2443 2013 2576 2656 2084 2644 2157 
2421 1933 2581 
2422 
2423 1980 2268 2367 2197 2285 2008 2256 2424 136 2442 2294 2458 2589 2235 2470 2497 2415 2174 2364 1988 2052 2515 2199 2056 2384 2070 
2424 1949 1919 
2425 2046 2204 2217 2202 2237 1928 2602 2537 1920 1956 
2426 2043 2306 
2427 2475 2431 
2428 2305 2457 2279 1961 2002 1956 2179 2510 2072 2302 2155 2424 2385 2265 2444 2629 1932 2046 2650 2581 2085 2116 2320 2378 2345 2379 2221 2174 2537 2406 2346 2297 2011 2224 2528 2349 2314 2649 2057 2125 2398 2336 2181 2152 2380 
2429 136 2627 2483 2406 2418 2558 2252 2617 1947 2284 2540 2565 2619 2437 2461 2337 2197 2199 2404 2066 2598 2191 2106 2292 
2430 2357 2322 2375 2633 2628 2032 2077 2243 2620 2012 2346 2342 2232 2521 2391 2533 2177 1986 1926 2221 2141 2335 1961 1970 2002 2096 136 1979 
2431 2015 
2432 2346 1954 2236 2113 2192 2230 
2433 2521 2187 2511 2455 2486 1924 2035 2308 2393 2091 2350 2087 1969 1988 2322 2576 2241 2361 2597 2191 2419 2345 2153 2026 2397 2657 2587 1978 2071 2343 
2434 2017 2520 2114 2306 1929 2474 2296 2314 2469 2267 1915 2155 2052 2138 1942 2130 2624 2172 2316 2321 2100 2315 
2435 2439 2642 2193 
2436 2356 2539 2466 2305 2434 2059 2335 2576 2477 2221 2208 2556 2376 2383 2535 1957 2495 2334 2526 2602 2190 
2437 
2438 2335 2559 1918 2121 2218 2119 2441 2445 2612 2117 2527 1974 
2439 2218 
2440 2494 2311 2615 2266 
2441 2402 
2442 
2443 2598 2300 2551 
2444 2472 2370 2057 
2445 2314 2075 2125 2434 2122 2262 2455 2051 2437 2213 2623 2249 2097 2408 2134 1976 2390 2209 2476 2008 2103 
2446 1992 2629 2387 2632 2534 2197 2657 2006 2080 2483 2505 2566 2001 2377 2320 2098 2288 2264 2364 2479 2023 2544 2569 2116 2457 2031 2221 2289 2585 2205 428 1949 1995 2153 2509 2285 2452 
2447 2390 2178 2535 2029 2486 2188 2062 2381 2302 2236 1958 2603 1922 
2448 2451 2192 58 2026 2274 2234 2001 2580 2140 
2449 2531 2629 2350 2118 2572 2287 2356 
2450 1929 1972 1974 
2451 2558 2013 2424 2413 2082 2123 2019 2274 2636 1996 2621 2046 2170 2388 2012 2299 2518 2648 1930 2293 1973 2515 1952 2554 2371 2204 2650 2566 2244 
2452 2636 
2453 2601 
2454 2643 2377 
2455 2618 2207 
2456 2631 
2457 2474 
2458 2614 2115 1958 2409 2550 2591 2587 1998 1962 1933 2137 2558 1916 1987 2217 2178 1986 2408 2116 2482 2431 
2459 2536 2295 2021 2099 1944 2038 1465 2421 2287 2457 
2460 2193 2382 2394 2058 2470 2531 2342 2606 2129 2050 2393 2273 2635 2501 2416 2498 2480 2197 2009 2386 2204 2140 2230 2223 2152 2183 2081 2443 2247 2293 2256 2373 2094 2582 2427 2219 2096 
2461 2240 1994 2044 1946 2560 2451 2288 2506 2190 2116 2443 2533 2578 2167 2468 2119 2008 2469 2337 2277 2631 
2462 2396 1947 2133 2576 2111 2391 2633 1983 2503 2239 2350 1992 2417 2277 2451 2135 2339 2406 2419 2246 2338 
2463 2593 2427 2494 2073 2024 2175 2551 2108 2502 2540 2113 2646 2459 2460 2212 2009 2025 2248 2462 2447 1958 2121 1961 2428 
2464 2230 2346 2421 2119 2044 2050 2094 2361 1955 2296 2168 2350 2456 2285 2137 2332 2535 2126 2214 1922 2443 1718 2394 2541 2426 2249 2189 2471 2449 2125 2049 2657 1972 2256 2297 2358 1960 2493 2366 
2465 2156 2110 2479 2133 2426 2066 2432 2089 2096 2257 2449 2650 2060 2334 2238 2236 1921 
2466 2123 2012 
2467 2422 2277 2315 1915 1926 2628 2210 1991 2428 2466 2412 2317 2496 2080 1921 2145 2387 2626 2403 2368 
2468 2174 2064 2049 2546 2638 2316 2318 2023 2196 2242 1994 2512 2135 2089 2205 1944 2202 2333 1995 1934 1924 1923 2180 2455 2593 2031 2605 2487 2590 2159 2324 2167 2171 2493 2620 2614 1933 1974 
2469 2444 2260 2515 2289 1937 2431 2028 2337 2379 2342 2087 2426 2325 2091 2537 1958 2037 2480 2506 
2470 
2471 2290 2235 2627 2389 2585 2089 2281 2306 1914 2438 2542 2114 1966 2540 2103 2258 2453 2193 2528 2233 2653 2520 
2472 2129 2370 2099 2660 2380 2513 2296 2503 2082 2200 2023 2442 2649 
2473 2554 2489 2202 
2474 2496 2178 2249 2347 2468 2509 
2475 2200 2285 2437 2305 2030 2389 2251 2313 2370 2487 2323 2024 2358 2393 2447 2604 2099 1944 2181 2564 1465 
428 2653 
2477 2285 2451 2082 2207 2569 2467 2351 2639 2211 2344 2447 2291 2434 2012 2438 2034 2006 1961 2171 2445 2077 
2476 2401 2508 2483 2442 2614 2634 2513 2295 2065 2434 
2478 2480 2606 2317 2070 1973 2152 2366 2618 2626 2310 2245 1969 2494 2590 2191 58 2549 2529 2242 2649 1718 2339 2364 2252 2585 2631 
2479 2311 2488 2526 2420 2295 2177 
2480 2527 2377 2622 2140 
2482 2513 2556 2652 2413 1933 2325 136 2629 2404 1980 2137 2021 2391 2449 2128 2051 2202 2025 2117 2475 1916 2597 2072 2311 2315 2479 2488 2659 2335 2185 2366 2109 1960 
2483 
2484 1913 2313 1982 2271 2412 2431 2573 2525 2199 2489 2397 2141 2631 2301 2332 2305 2623 2232 2294 2237 1952 1974 2650 2556 1577 2557 2128 1941 
2485 2249 2280 2554 2620 2025 2194 1919 2182 2570 2228 2535 2121 2035 2444 2466 2348 2433 2406 2552 2647 2432 2471 2398 1942 2054 2248 2090 2419 2282 2275 2437 1957 
2486 1995 2174 2517 2564 2585 
2487 1991 2506 
2488 2096 2370 2124 2184 2172 2039 2604 2036 2519 2534 2108 2413 2235 2099 
2489 2128 1923 2630 1952 2263 2371 2048 2038 2241 1977 2491 2553 2475 2152 2284 2132 2286 2559 2598 2333 2640 
2490 2557 
2491 2219 2031 2101 2432 2516 2066 2365 2173 2363 2572 2037 2462 2367 2317 2331 2480 2455 2606 2605 2265 2325 2370 2639 2380 2385 2391 563 2188 1934 
2492 1914 2362 2462 2588 2431 2111 2277 2393 2367 2509 2295 2581 2318 2567 2152 2440 2101 2387 2010 1957 2515 2045 2330 2634 2113 2126 2252 2412 2344 1964 2292 1970 2039 2483 2161 2346 1935 2003 2591 2041 1989 2034 2508 2217 
2493 2451 
2494 2184 2092 2128 2043 2602 2437 2057 2477 2041 2619 
2495 2648 1934 2018 1939 2626 2028 2097 2533 2516 2456 2222 2124 2294 2497 2413 2130 2192 2337 2443 2479 2191 2595 2262 1949 2202 2493 2039 2332 2379 2510 
2496 2460 2171 2521 2148 2608 
2497 2003 2438 2392 2175 
2498 2589 2561 1984 2625 1970 2279 2496 2639 2164 2091 2135 2348 2256 2363 2205 1953 2458 2008 2234 2148 
2499 2618 2418 2386 2156 2015 2124 2513 2595 1982 2556 2401 1938 2157 2203 2135 1992 2657 2606 2529 1914 
2500 2528 2388 2305 2204 2014 2478 2133 2291 2450 2333 2036 58 2537 2419 2640 2384 2378 2474 2107 2650 1932 1968 2021 2445 2422 1465 2194 2515 2001 2327 2361 2516 2612 2144 2101 1926 
2501 2502 2047 2476 2385 1925 2586 2484 2058 1922 2126 2355 2577 2145 2519 1945 2086 2052 1924 1955 2332 2041 
2502 2106 2421 2347 2074 2293 2403 428 2479 
2503 2612 2546 2495 1984 1966 
2504 2143 2439 2234 2298 1998 2031 2388 2606 2273 2044 2368 2622 2499 2406 2284 2223 1972 2213 2530 2205 1923 2153 2159 2092 1926 
2505 1987 
2506 2065 2517 2544 2111 2633 2000 2405 2270 2236 2605 2343 2251 2547 2393 2001 2435 2070 2530 2038 2154 1921 2308 2481 2556 2222 2589 2235 2007 
2507 2094 2048 2490 2238 2336 2211 2450 2247 2006 2605 2422 1952 2365 2502 2649 2168 2300 2068 2322 1958 2114 2055 2009 2328 1968 2441 2614 1913 2448 2101 
2508 2066 2363 2434 2034 2474 1939 2330 2064 2573 2114 2374 2383 2653 2415 2574 2190 2468 2416 
2509 1993 2217 2172 1949 2201 2402 2164 2110 2514 2342 2114 1982 1990 1983 2424 2559 2489 2310 2238 2281 2421 2571 2549 2001 
2510 2051 2524 1925 2130 2064 2520 1992 2437 2206 1937 2611 2249 2211 2074 2492 2422 2560 2103 2085 2562 2025 2563 2086 2188 2455 2202 2242 2604 2606 2452 1990 2412 
2511 2035 2060 2625 2218 2406 2272 2175 1929 2313 2022 2350 2627 2155 2545 2623 2424 2084 2015 2546 2106 1992 2417 2064 2202 2446 2137 2527 2621 
2512 2213 2037 1991 2488 2437 2354 2117 2477 2287 1914 2141 2457 2159 2357 2370 2097 2215 2172 2442 2609 2043 2340 2366 2193 
2513 2592 2308 2264 2047 
2514 
2515 2056 
2516 1921 2572 1916 2048 2563 2490 2033 2015 2157 2378 2277 1943 2167 2447 2623 2551 2012 
2517 
2518 2013 2194 2469 2067 2099 1948 2494 2084 2609 2188 2141 2325 2010 2249 
2519 1994 2022 2634 2279 2396 2436 2029 2152 2140 
2520 2129 2629 2255 2135 2159 2571 2241 2034 2234 1980 2569 2178 2416 1981 1982 1919 2157 2134 2372 2570 2147 2328 2540 2530 2402 2425 2314 2039 1465 2637 2429 2365 2373 2313 2640 
2521 2026 2280 2061 2175 2098 563 1974 2226 2536 2587 1939 2555 2582 2545 2531 2140 1930 2649 1940 2132 2382 2325 2456 2538 2483 2158 
2522 2656 2090 2356 2040 
2523 2501 2648 2266 1964 
2524 2472 
2525 2052 2395 2564 2477 2091 1918 2399 2490 
2526 2264 2544 2192 2598 2472 2642 2176 2252 2649 1951 1915 2652 2199 2349 1972 2594 2597 2151 2516 2425 1924 2327 2286 2644 2330 2407 2355 2378 2314 2617 2375 2038 2498 2525 2213 2319 2298 
2527 
2528 1974 
2529 2371 2282 2516 2467 1984 
2530 2635 2541 2310 
2531 2075 2317 2134 
2532 2571 2506 2580 2038 2608 1945 2489 1996 2422 2356 2148 2158 2117 2199 2021 136 2509 2023 2622 1965 2165 2361 2114 2508 1974 
2533 2271 2553 2516 2455 2392 2158 2066 2222 2537 2620 2385 2574 2432 2145 2588 1922 2314 1976 
2534 2296 2431 2333 2005 2308 2271 2219 
2535 2616 2256 
2536 2000 1989 2318 2298 2027 2462 2540 2016 2541 2544 2046 2017 2549 2449 2353 
2537 2310 2260 2506 2398 2028 2176 2393 2449 2060 2653 2045 2529 2057 1925 2306 2348 2205 2203 
2538 2515 2505 2310 2409 1993 2609 2059 2468 2295 2526 2125 
2539 2087 2614 2459 2577 2514 2635 2570 2296 2292 2453 2254 2264 1990 2569 1950 2137 1988 2125 2268 2519 2270 2437 2050 1969 2361 
2540 2257 2536 2250 2516 2473 
2541 
2542 2384 2297 2250 2439 2143 2197 2499 2237 2044 2291 2372 2422 2166 2492 2145 1964 1990 2267 2223 1935 2311 2049 2179 2011 2252 2056 2344 2301 2272 2198 2222 2368 1967 2144 2068 1980 2656 2072 2007 2413 1927 2245 
2543 2373 2023 2441 2316 1940 2440 2017 2281 2652 2337 2147 2480 1986 2587 2260 2303 1975 1978 1976 2230 2175 2321 2418 2415 2248 2198 2518 2255 2628 2523 2034 1952 2634 2357 2612 2325 2345 2254 2459 2012 2644 2089 2270 2396 2576 2126 1914 1924 2226 2181 2382 2287 2548 2155 2152 1996 2002 2120 2101 2569 2618 2096 2439 2179 2380 2660 
2544 2149 2181 2169 2492 2119 2307 2266 2476 
2545 2638 2485 
2546 2628 2297 2298 2192 2193 2251 2235 2351 2378 2636 2065 428 2322 2115 2048 2423 2132 2400 2301 2486 2061 2659 2362 2066 
2547 2582 2604 1978 2173 2618 2010 2548 2068 2526 2563 
2548 2052 
2549 2391 2344 2250 2368 2295 2279 1973 1999 2183 2270 2256 2453 1959 2626 2558 2303 2170 2241 2378 2639 2603 
2550 2637 2368 2156 2217 2584 2568 2049 2505 2145 563 2547 2173 2579 2232 2087 2359 2291 2285 2326 2572 2555 2298 2621 2488 2302 136 
2551 2273 2043 1922 2223 1994 2438 2502 2298 2569 2036 2498 2648 2250 1931 2489 2473 2574 2544 2234 2592 2511 2524 
2552 2570 2148 2447 2609 2002 2365 1952 2452 2541 2640 2569 2536 136 2159 2067 2471 2543 2402 2029 2401 2277 2301 2156 2091 2473 
2553 2166 2569 2051 2017 2344 2265 2654 2509 2614 2116 2081 1920 2598 2361 2364 1921 1718 2082 2582 2048 2445 2302 2640 2293 2613 2422 2221 2591 2014 2005 
2554 2577 1959 2363 2612 2620 2205 2118 2384 2238 2146 2627 1982 2230 1913 1935 
2555 2262 2145 1931 2235 2619 2522 2462 2288 2578 2014 2440 2335 2473 2527 2107 2082 2548 1968 563 2112 
2556 2254 2633 2317 2250 2396 2085 2482 2156 2477 2472 2197 2285 2440 2622 2054 2062 2120 2032 2446 2262 1966 2260 
2557 2341 2528 2470 2336 1959 2107 2620 
2558 2165 1924 1944 
2559 2205 1969 2054 2217 1954 2147 2189 2485 2621 2008 1935 2155 2527 2494 1991 2580 2007 2056 2009 2493 2589 2181 2510 2288 2067 2235 2643 1936 2260 2305 2239 2430 2132 2533 
2560 2328 2227 2091 2393 2525 2228 2338 428 2459 2494 2451 2327 2252 2297 2388 2056 2583 2004 1945 2659 2403 2452 2254 2068 2071 2622 2267 2070 2343 2518 2511 2111 2631 1956 2231 2580 2383 2352 2444 2406 2358 2637 2211 
2561 2570 1973 2126 2513 1931 2032 2598 2025 2528 2474 1915 2163 2644 2379 2049 2335 2370 1968 2285 2415 2403 2420 2315 2648 2259 2577 2185 2452 2011 1953 2068 
2562 2262 2376 2062 2546 2261 2139 
2563 2431 2005 1916 2313 2593 2215 2516 2210 2425 1923 2595 2612 2099 2608 2002 2535 2573 2383 2268 2440 2476 2126 2343 
2564 2096 2531 1965 2465 2148 2267 1991 2116 2125 2645 2529 1931 2010 2156 2606 2110 2502 2127 1978 2496 2106 2012 2032 2067 2525 2318 2153 2483 2451 2101 2289 2426 1934 2140 2035 2197 
2565 2579 
2566 2659 2240 2151 
2567 1939 2523 2137 2634 2473 2164 2203 2585 2652 2487 2504 2343 1957 1718 2261 2539 2451 2583 2611 2294 2386 2339 2394 2186 2334 1917 2551 2605 
2568 2485 2392 
2569 
2570 2305 2640 2385 2185 
2571 2659 2229 2507 2301 2608 
2572 1952 1988 1964 2041 2089 2463 
2573 2570 2133 2178 1995 2274 2526 2640 2509 2513 2491 2110 2434 2489 1922 2617 2501 2378 1942 2390 2524 2444 1975 2635 2516 2214 2584 2572 2529 2618 2450 2433 2107 
2574 2424 2156 2376 2541 2045 2221 2578 2530 2405 2377 2155 2609 2322 1718 1943 
2575 1970 2355 2097 2065 2256 2437 2371 2027 2168 2498 2209 2289 2382 2175 2014 2488 2004 2497 2457 58 2228 2033 1951 1981 2533 2145 2374 2447 2054 2475 1973 
2576 1946 2466 2239 2108 2146 2556 2066 
2577 1981 2145 
2578 2401 2016 2011 2284 2647 2248 2247 2171 2346 2650 2629 2163 2487 2349 2050 1968 1949 2479 2024 2589 2204 2524 2214 2235 2424 2575 
2579 2432 2393 2351 2245 2294 2252 1950 2132 2034 2607 2568 2413 2283 2248 2444 2064 2325 2566 1933 2445 2534 2654 1955 2032 2196 2308 2505 
2580 2064 2578 1975 
2581 1999 2390 2293 
2582 2449 1933 2159 1965 2371 2610 2579 2352 2167 2405 1918 2290 2194 2212 2501 2624 2553 1960 
2583 2156 2547 2161 2415 2325 1960 2041 2023 
2584 2114 1956 2047 2480 
2585 2181 2139 2340 2436 2299 2590 2533 
2586 1944 2419 1577 2008 2483 2463 2160 2060 2628 2157 2225 2258 2574 2286 2297 2398 2372 1975 2658 2107 2385 2012 1914 2416 2004 2167 2017 2328 2632 2230 2315 2459 1950 2458 2148 2350 2488 1969 2314 2252 2114 2094 2528 
2587 2194 2031 
2588 1949 2609 2467 2280 2580 2147 2516 2424 2623 2574 2421 2531 2548 2084 2005 2035 2226 
2589 2553 1982 1994 2200 2548 2321 2613 2098 2489 2504 2585 2002 2092 
2590 2158 2138 2102 1981 2403 2634 2141 2062 2461 2038 2334 2037 2294 2510 2317 2085 2036 2182 2015 2282 2649 2116 1926 2535 2644 2302 2534 2660 2318 2169 1995 2075 2021 2361 1982 2377 2050 2453 
2591 2471 2223 2255 2001 2104 2467 1976 1465 2360 2023 2629 2048 2487 2362 2070 2263 2077 2623 2251 2400 
2592 2585 1940 2121 2546 1979 2034 2357 2577 2019 2479 2476 2480 2069 2102 2051 1944 2540 2487 2255 2501 
2593 2316 1935 2385 1975 2319 1932 2274 2620 2587 2234 2540 2429 1991 2098 2355 1922 2021 1945 2222 2508 2018 2272 2144 2258 2169 2642 2342 1915 1930 2060 2017 2640 2283 2091 2273 2468 2358 2028 2178 2048 2461 2585 2367 
2594 2545 2069 2279 2021 2498 1465 2418 2285 2006 2440 1995 2615 2561 2433 2103 2546 
2595 
2597 2392 2618 2529 2577 1957 2303 2403 2427 2638 2186 2122 2435 2441 2082 1935 2172 2595 2070 
2598 2122 2523 2489 2613 2415 2040 2380 2349 1988 2041 2654 2100 2276 2488 2313 2540 2219 2606 2660 2190 2625 2490 428 2553 1966 2168 2503 2225 
2599 1949 2510 2019 
2600 2385 2224 2378 2302 2228 1970 2437 1946 2568 2398 2191 2239 428 2449 2052 2358 2425 2119 2145 2175 2300 2194 2438 2289 2471 2403 2127 2435 2648 2167 2524 2146 2316 2634 2330 2595 2514 2345 2584 2138 
2601 2243 2517 1951 2198 1970 2297 2273 2345 2588 2612 2416 2010 2342 2082 2397 2208 2471 58 1937 2302 2236 2645 2511 1916 2166 2377 2305 1978 2249 2092 2332 2119 2046 2226 2311 2512 2491 
2602 2198 1991 2144 2133 2159 2158 2527 2171 2419 2447 2349 2190 1958 2627 2173 2238 1928 2203 2576 2128 1980 1973 2111 2541 2412 2443 2444 
2603 2290 1982 2536 2608 2341 1718 2474 2543 1962 428 2137 
2604 2422 1465 2211 2472 2219 2641 2089 1916 2631 2022 2621 2384 1990 1967 2569 2303 2264 2463 2399 2435 2453 1919 1964 2574 2161 2652 2445 2100 2587 2518 2262 2296 1988 2580 2345 2531 2581 2099 2087 2629 
2605 2400 2453 2615 
2606 2659 2421 2627 2352 1967 1926 2161 1976 2405 2472 2126 2519 1960 2360 
2607 2259 2584 2065 2505 2628 2567 2289 2448 2168 2613 1465 2183 2169 2097 2047 2048 1975 1936 2006 2135 2440 2114 2317 2536 1718 2208 2010 2355 2147 2149 2598 2243 2621 2402 2434 
2608 2551 2352 2143 2160 2110 2632 1930 2657 2655 2637 2219 2349 2125 1922 2077 2006 2459 2496 2253 2374 
2609 2511 2585 2185 2290 2645 2206 2175 
2610 2268 1985 2303 2514 2212 2001 
2611 2050 2545 2163 1933 2138 2659 2264 2653 1999 2008 2416 2338 2534 2636 2248 2405 1992 2620 2268 2430 2137 2566 2466 2285 1951 2174 1949 1976 2458 2440 2149 1967 2389 2313 2508 2332 2474 2260 1974 2660 2412 2091 2253 2225 
2612 2407 2050 2059 2422 2332 2594 1914 2508 
2613 1993 1913 2622 2097 2479 
2614 2627 1953 2482 
2615 2401 2466 2486 2177 2003 2303 2515 2608 2312 2189 2259 2405 2300 2174 2341 2557 2448 2475 2210 2471 2659 2616 2375 2438 2403 2227 2315 2368 2081 2342 2417 2017 1934 2488 2173 2333 1981 2416 1931 1961 
2616 2627 2209 2430 1921 2365 1935 1971 1968 2179 2249 2362 2346 2641 2168 2464 2131 2089 2156 
2617 1915 2212 2308 2044 2137 2296 2231 2406 2580 1972 2565 2637 563 2557 2134 2624 2416 2542 2006 2171 1942 2249 2385 2622 
2618 2012 2363 2167 2298 2531 2088 
2619 2286 2646 1948 2533 2325 2152 2127 2523 2297 2293 2501 2465 2555 2572 2370 2128 2443 2110 2585 2342 2306 136 
2620 2008 2427 2515 2141 2434 2286 2624 2003 2292 2198 2255 
2621 
2622 1983 2034 2055 2203 2028 2537 
2623 2652 2570 2012 2569 2518 1937 2223 2128 2268 2658 2211 2260 2091 2248 2034 2538 2134 2051 1973 2125 2000 2177 2052 2401 2452 2019 2280 2194 2653 1955 2582 2202 2467 
2624 2444 2332 2281 2333 2403 2481 2015 2337 2653 2102 1919 2400 2366 2215 2379 2144 1975 2314 2018 1999 2041 2247 1980 2282 2448 2471 2434 2503 2107 2425 2208 2540 2392 2303 2452 2516 2130 1954 2557 2508 1950 2341 
2625 2424 2215 2401 2361 1982 2177 2189 2452 2183 2491 1939 2147 2457 1996 2533 2042 2499 2198 2458 1934 1950 2497 2054 2413 2398 2126 2252 2310 2515 2437 2230 2612 2159 2312 2531 2192 2047 
2626 2456 2504 1942 2008 2385 1928 2417 2481 
2627 2609 2442 2017 1959 2020 2140 2176 2540 2314 2082 2083 2603 2518 
2628 2452 2203 2503 2059 2202 2192 2389 2115 2416 
2629 2263 2236 2107 2255 2104 2349 2569 2154 1969 2022 1931 2456 2443 2017 2177 2439 1927 2064 2360 2320 2607 
2630 2451 2128 2511 1944 2007 2038 2572 2396 1992 1996 2343 2640 2187 2180 2382 2431 2415 2371 1928 2197 2132 2243 2474 2047 2068 2258 2288 2463 2435 2247 2199 2412 2203 2365 2437 1977 2174 
2631 2401 2362 1987 2565 2523 2010 2297 2319 2403 2567 2052 2095 2589 563 2605 2058 2614 2439 1955 2166 2459 2224 2642 
2632 1972 2226 
2633 2037 2302 1955 2416 2005 2649 2082 2298 2428 2174 
2634 2528 2082 2030 
2635 1979 2260 2561 
2636 2330 2616 2036 2457 2229 2512 2585 2043 2013 
2637 1957 2612 2413 2380 2357 
2638 2322 2137 2127 2162 1919 2285 2373 2245 2085 2128 2055 2426 2070 2466 2497 2003 2163 2429 2645 1928 2508 2652 2215 2094 2067 2107 2626 2044 2248 2378 1956 2337 2629 
2639 2506 2100 2513 1974 2569 2650 2495 2095 2490 
2640 2581 1930 2091 2388 2491 2340 2335 2527 2030 2479 2471 2659 
2641 2317 2333 
2642 1967 2616 2438 2150 2352 2276 2263 2399 2376 2330 2464 2433 2251 2121 2291 2575 2278 2253 2361 2466 1968 2019 2639 2074 2342 2120 2592 2605 1933 2163 2022 2560 2595 
2643 2631 1990 2486 2406 1985 2472 2514 2098 1926 2520 2401 2014 2628 2122 1999 
2644 2458 2250 2571 2378 2573 2113 1987 1988 2630 
2645 2340 2421 2525 2241 2454 1952 2388 2121 2434 1968 2051 2412 1983 2159 2568 1577 
2646 1968 2426 2181 2584 2170 2536 1972 2108 2420 2301 2437 2260 2581 2605 2547 2611 2449 2005 2434 2573 1718 2209 2415 2291 2365 2160 2633 2524 2270 
2647 1942 2090 2203 2521 2111 2552 2013 2161 
2648 2186 2477 1964 2524 2347 2641 2167 2555 1952 2213 2464 2188 2074 
2649 2172 1967 2008 2466 1981 2215 2057 2321 2239 2580 2547 2126 2648 2345 2002 2397 1947 2352 2334 2653 
2650 2588 2206 1946 
2651 2290 
2652 2149 2281 2447 2442 2096 2419 2522 2267 
2653 2482 2017 2434 2239 1948 2648 2431 1966 2334 1971 1975 2365 1981 2181 
2654 2401 1920 2429 2557 2274 2483 2422 1965 2403 2414 2338 2415 2175 2258 2443 1940 2226 2501 2227 2300 2081 2307 2216 2138 2181 2151 2278 2282 2070 2427 2613 2606 2017 1921 
2655 2450 1933 2143 2044 2008 2219 2565 2014 2364 2096 2214 2639 1977 2620 2616 2015 2080 2483 2274 2652 2174 2230 2610 2628 2465 2286 2037 2100 2618 1944 2518 2173 2208 2371 2279 2474 2477 
2656 2581 2097 
2657 2355 2622 2539 2503 2188 2366 2418 1942 2078 2399 2388 2472 2495 1971 
2658 2260 136 1925 2102 2141 2338 1929 2456 
2659 2306 2301 2563 2264 2258 2430 2088 2263 2600 1941 2103 2435 2456 2243 2494 2072 
2660 2038 2320 2467 2221 2229 2046 2160 2473 
563 
2481 
1465 2371 2168 1999 2410 2011 2108 2346 2566 2314 2265 2103 2456 1942 2306 2034 2358 2442 2343 2654 
1577 2122 2378 2006 2022 2427 2200 2100 2657 2085 1999 2572 2614 2415 2546 2400 2565 2658 2349 2487 2161 1921 2120 1977 1993 2410 1922 
1718 1984 2590 2519 2214 2374 2432 2094 2326 2651 2173 2090 2181 2227 2297 2385 2240 2348 2016 
2106 
1912 2545 2226 2435 2510 2554 2522 2490 1924 2107 2417 2239 2330 2202 2281 2305 2493 2207 1916 2285 2429 2205 2467 2050 2044 2383 2547 2166 2508 2264 2368 2552 2380 1940 2644 2198 2180 2303 2213 1982 2058 2427 
1913 2452 2625 2479 2399 1961 2588 
1914 1955 2338 2558 2095 2553 2597 2146 2337 2222 2522 2559 2071 2151 
1915 
1916 2408 2049 2569 2272 2265 2356 2574 2425 2493 1976 2202 2263 2457 1934 2090 2319 
1917 2202 2358 2406 2566 2111 2129 2122 2085 2152 2475 2519 2471 2616 2581 2322 2119 2473 2548 1954 1948 2459 2373 2246 2592 2217 2155 2565 2659 2158 2251 2009 1949 2330 1932 
1918 2416 2219 2456 2070 2284 2516 2270 2063 2599 563 2166 2529 2653 2428 2231 2080 1921 1922 2373 2490 1977 1934 2406 1937 2160 2388 
1919 2399 2003 2400 2163 2420 428 2135 1962 2039 2128 2405 2498 2556 2323 2430 
1920 2310 1982 2478 2309 2464 2185 2179 2484 2105 2594 2552 1954 2212 2521 1915 1998 2377 2202 2175 2131 2432 1951 
1921 2251 2389 2088 2265 2523 1918 2494 2016 1989 
1922 2364 2209 2224 
1923 2296 1988 2065 2516 2553 2478 2607 2220 2562 2337 2262 2495 2055 2329 2579 2276 2605 2387 
1924 2650 
1925 2151 2166 2412 2232 2366 2273 2036 2193 2584 2092 2626 2137 2373 2481 1952 2576 2574 2641 2371 2170 2408 2309 2034 2141 2419 2169 1973 2642 2042 2064 
1926 2139 2103 2502 2311 2632 2157 1956 2641 1997 2106 1942 2377 1968 1994 1915 2526 2427 2306 2616 2044 2131 2374 1969 1919 
1927 2178 2135 2371 2567 2298 2217 2043 2133 2259 2350 2120 
1928 2638 2170 2397 2617 2050 1964 
1929 1928 2459 2426 2295 2047 2452 1995 2489 1718 2084 2623 2102 2583 2587 1465 1923 2382 1926 2017 2207 2060 2595 1947 2044 2466 2639 2631 2144 
1930 
1931 2406 2493 2135 2542 2082 2424 2303 2603 2038 
1932 2316 1973 2577 428 2535 2604 2257 2092 2133 2265 1980 2548 2059 2522 2123 1936 2531 2147 2145 2167 2237 2340 
1933 2400 2307 
1934 2003 2608 2312 1465 2219 
1935 2010 2523 2145 2380 2049 2094 2035 
1936 2450 2337 2260 2626 2218 
1937 2400 
1938 2068 2571 2048 2135 2421 2398 2515 2487 2126 2403 2024 2650 2366 2388 2158 2217 2494 2106 2473 136 2265 1927 2612 2193 1964 2649 2163 2373 2018 2120 2530 2157 2626 2246 2529 2357 2629 
1939 2363 2192 2488 2223 2571 2476 2607 2093 1942 2171 2626 2127 2646 2366 2381 2133 1962 1983 2191 2429 
1940 2628 2276 2047 2345 2181 1918 2556 1958 2358 2273 2271 2618 2303 2546 2238 2239 2105 2316 2147 2161 2441 
1941 2426 2296 2456 2310 2241 2349 2139 2467 2605 1934 2242 2307 2344 2450 2192 2406 2579 1988 2374 2273 2447 2415 1935 2545 2494 2313 2635 2613 2126 2633 2084 2320 2413 1914 2220 2061 2614 1930 2322 1958 2562 2231 2452 2027 2098 2041 2648 2361 2112 2548 
1942 2396 2180 2614 1718 2086 2533 2529 2331 2507 2117 2259 
1943 2066 2416 2535 2425 1988 2113 2415 2270 2448 1930 2648 2151 2148 2402 2412 2053 2633 2342 2289 2483 2102 2360 2127 1970 2490 2367 1931 1944 2341 2288 2277 1976 2468 2399 2226 2512 2658 2143 2652 2291 2536 1940 2656 1955 
1944 2638 2451 2212 
1945 2277 2341 2257 2426 2549 2024 2181 2382 2520 2307 2126 2402 2381 2410 2145 2091 1949 2452 2358 2154 1993 1976 1915 2074 1933 
1946 2259 2344 2617 2151 2537 2008 2141 2555 2260 1963 2383 2448 2349 2527 2570 2540 2053 2622 2475 2633 2228 2642 2493 2653 2298 2102 2558 2338 2250 2454 2329 2321 136 2490 2111 2343 2081 2372 1913 1948 2180 1951 2300 2014 
1947 2370 1989 2185 2655 2123 2412 2143 2238 2129 2364 1973 2562 2286 2220 2204 1985 2135 2320 2299 2404 1957 2296 2121 2423 
1948 2021 2445 2097 2652 2155 2484 2505 2613 2552 2229 2023 2618 2641 1970 2166 2453 1989 
1949 2586 
1950 2310 1924 
1951 2290 2380 1934 1988 2221 2104 2091 2485 1959 2655 2513 2540 2298 2563 2060 2110 2608 
1952 2552 2614 2646 
1953 2429 2029 2566 2207 1969 2594 2317 2653 2355 2107 2419 1949 2009 2192 2449 2496 2318 2438 2232 2237 2504 1921 2534 1926 2576 1956 2011 2361 2057 
1954 2479 2059 2209 2091 2439 2464 2119 2185 2560 2161 1915 2201 2205 2263 
1955 2428 2218 2393 2342 2442 2184 2281 2238 1983 2012 2536 2516 2143 1915 2659 2417 2108 2383 2431 2591 2426 
1956 2150 2319 2044 
1957 2179 2279 1926 2363 2083 2012 2165 2536 
1958 2262 2188 2593 2138 2192 2278 2004 2601 
1959 2620 2186 2234 2604 1917 2580 1952 2326 2559 2581 2330 2550 2470 2389 2207 2585 2393 2076 2172 2208 2163 2295 2370 2586 2538 2244 1950 2625 
1960 2442 2140 2630 2489 2410 2420 2422 
1961 2534 
1962 2004 2548 2442 2031 2193 2569 1948 2106 2605 2314 2082 2574 2365 1947 2431 2185 2357 2298 2472 2479 2283 2327 2614 2138 1964 2285 2215 2259 2034 2575 1923 2567 2388 2658 
1963 2112 2402 2593 2345 2348 2270 1920 2417 2525 2595 2117 2610 2489 1996 2624 2502 2057 2341 2111 
1964 2407 1913 2108 2221 2205 2037 1927 2328 2463 2098 2560 2472 2436 2129 2649 2294 2602 2411 
1965 2588 2026 2653 1976 
1966 2487 2497 1963 1939 2623 2279 1956 2100 2322 2621 2174 2618 2144 2199 2181 2612 2081 2029 1967 2085 2346 2364 2378 2160 
1967 
1968 1994 2572 2259 2457 2594 
1969 1999 2585 
1970 2354 2275 2331 2028 1979 1921 2404 2034 1993 2594 2487 2308 2170 2386 2141 2465 1961 2610 2392 2432 2660 
1971 2541 2094 2238 2640 2003 2026 2525 2537 2270 2245 2496 2167 2332 2011 2638 2437 2048 2502 2265 2313 2291 2286 2382 2399 2389 2649 2362 2225 2364 2628 2296 2569 2149 
1972 2462 2211 2502 2375 1937 2530 2283 2256 2329 2014 2559 1913 1577 1981 2613 2499 
1973 2455 1958 2437 2128 2527 2327 2168 2579 2654 2160 2291 2030 2312 2356 2178 2393 
1974 2621 
1975 1981 1968 2625 2399 2188 2006 
1976 2413 2208 2063 2020 2184 2395 2396 2473 
1977 2640 2600 
1978 2004 1942 2448 2617 
1979 2641 2067 2633 2082 2176 2230 2416 2605 2125 2451 2349 2130 2280 1947 1970 2274 2277 2499 2155 2242 2250 2031 2311 2003 2116 1952 2259 2171 2412 2268 1968 2072 2227 2383 2648 2360 2637 2537 2137 
1980 2311 2306 2257 2544 2000 2347 2423 2053 1952 2279 2010 2549 2074 2574 2484 
1981 2140 1998 1980 2138 2587 2108 1976 2471 2227 
1982 2308 1921 2257 2492 2612 
1983 2234 2107 2035 2281 2248 2455 2048 2101 2614 2530 2658 2246 2286 2635 2317 2349 2130 2096 2459 2406 2255 2603 2239 2327 2641 2640 2330 2612 2620 2270 2480 2515 2534 1948 2160 
1984 2498 2472 2153 2185 2189 2488 2434 2250 2177 1965 2127 2609 2416 2568 2126 2371 2565 2608 2582 2612 2432 2401 2463 2450 2652 2291 2357 2094 2159 1995 2149 2224 2259 2442 2447 2041 
1985 1992 2175 2434 2548 2599 2133 2015 1954 1973 2456 2368 2448 2514 2176 2316 1921 2025 2128 2106 1934 1942 2071 1577 2129 2243 2457 1915 2658 2373 2568 2617 2388 2538 
1986 2262 2177 2494 2532 2034 2011 2196 2243 2169 2588 2571 2256 2050 2551 2053 2110 1924 2270 2502 2641 2351 2316 2098 2491 2543 2191 2264 2299 
1987 2446 2491 2573 1935 2645 2270 2647 2250 2442 2632 2328 
1988 2227 2266 1994 2478 
1989 2554 1918 2556 2366 2591 1939 2515 2231 1931 2522 1921 2610 2042 2474 2394 2440 2458 2000 2580 
1990 2650 2009 2530 2368 2477 2476 
1991 2143 2330 2552 2098 2186 2095 2634 2654 2204 2026 2345 
1992 2314 
1993 2010 2293 2416 2235 2406 2335 2243 2456 2588 1981 1947 2367 2022 2571 2255 2024 1914 2186 2101 2182 2169 2501 2061 2595 2349 1988 2493 2415 2504 2236 2132 2291 2448 2215 2357 2228 2217 2555 2523 
1994 2320 2517 2033 2504 2155 2620 2053 2089 2467 2563 2524 
1995 2139 2155 2386 2073 2464 2109 2110 2535 2418 
1996 2601 
1997 2611 2514 2297 1980 2556 2588 2421 2431 2627 2208 2471 2125 1949 2488 2327 1927 2422 2025 2264 2420 2306 2263 2441 1970 2573 2475 
1998 2601 2286 2248 2270 2087 2108 2629 2637 2206 1990 2227 2638 1932 2324 
1999 2048 2466 2309 2234 2460 2572 2053 2015 2377 2385 2427 
2000 2569 1990 2228 2244 2155 1925 
2001 2097 2119 2564 2429 1987 2387 2432 2419 2296 2010 2580 2590 2077 2487 2092 2051 2075 2659 2477 2631 2148 
2002 2056 2252 2597 2554 2176 2658 2180 2101 2397 2038 2005 2219 2047 2065 2257 
2003 2468 1974 2213 2104 2423 2074 2375 
2004 1718 2655 2361 2537 2394 2059 1985 2610 2165 2232 2029 1929 
2005 1913 2351 1939 2490 2492 2273 1940 2455 2577 1915 2620 2032 2402 2427 2505 2192 2286 2456 2389 2163 2518 2231 1934 1988 2576 2520 2538 2127 2451 
2006 2245 2473 2480 2062 2416 2445 2248 2476 2071 2419 2094 2111 
2007 1913 2427 1946 2035 2245 2119 1978 2448 2381 1993 2470 1998 2341 2114 2301 2315 2121 2201 2162 2467 2182 2438 2528 2563 2061 2544 2342 2611 2529 2564 2378 2527 2519 2278 2407 2273 2625 1936 1966 
2008 2216 
2009 2224 2514 2263 2342 2125 2588 2148 2204 2510 2558 
2010 2548 2434 2220 2301 1988 2640 1936 2623 2108 2349 2497 2104 1934 2003 2148 2633 2036 2182 2538 2338 1983 
2011 2359 2303 2325 2527 2321 2463 2278 2646 2638 2636 2352 
2012 2609 2324 
2013 2011 2619 1998 
2014 2165 2036 
2015 
2016 2219 2577 2027 2437 
2017 2214 
2018 2632 2191 2003 2166 2219 2393 2584 2415 2461 2602 2326 2506 2239 1925 2544 2132 2322 
2019 2548 2240 
2020 2038 2620 2101 2534 2175 2015 2100 2246 2425 2018 2160 2167 2333 2151 2091 1949 2254 2041 2247 2572 2345 2486 2396 
2021 2636 2151 2598 2571 2518 2202 2142 2313 2455 1929 
2022 2496 2382 2264 1465 2508 1988 2138 2499 2119 2347 
2023 2641 2090 2392 2017 
2024 2367 2374 2495 2278 2408 2169 2125 2099 2245 2084 2211 
2025 2621 2551 2059 
2026 2322 2045 2047 2579 1952 2643 1915 2657 2370 2225 2505 2260 2389 1931 2115 1929 2210 2053 2417 2615 2058 2164 
2027 2438 2063 2520 2166 2200 2274 2514 2072 2344 2257 
2028 2578 1928 2090 2237 2321 2108 2438 2245 2103 2192 2410 2124 2453 2552 2317 1954 2110 2513 2575 2040 2094 
2029 2513 2075 2537 1932 1941 2054 
2030 2528 2438 2628 2642 2538 2375 2185 2028 2086 2424 2100 2254 2087 2515 2386 2026 2494 2394 2096 1936 2644 2613 2168 2346 428 2258 2636 2432 1967 2633 2481 2034 2435 2380 2360 2047 
2031 2018 2292 2082 2052 2053 1921 2606 2551 2563 
2032 2469 1960 1994 2255 2427 2110 2146 2634 2029 2534 2159 2193 1938 2587 2541 2216 2397 2307 2052 2100 2058 2253 2550 2329 2023 2386 2119 2290 
2033 1957 2080 2365 2555 2252 2456 2557 2527 2232 2094 2023 2503 2346 2225 2047 1933 2194 2631 2162 2134 2476 2424 2312 2249 2021 1950 2614 2512 2487 2361 2177 1967 2321 2558 2459 2217 2007 2046 2376 2113 
2034 1959 
2035 2309 2250 2026 2207 2435 2022 2253 
2036 2352 2160 2378 2365 2582 2149 
2037 2473 2209 2314 2242 2579 2260 1967 2230 2403 2317 2570 2402 2138 2638 2439 2366 2048 2416 1982 1995 2175 2277 2548 2443 2599 2417 1957 2015 2634 2016 2563 2058 2571 1921 2251 2080 
2038 2450 2173 1968 2341 2297 2363 2586 2562 2020 2592 2030 2428 2028 2227 2647 2483 2191 2085 2000 2010 2500 1933 2400 2051 2559 2537 2332 1963 2037 2107 2568 
2039 2359 2046 2447 2377 2345 2143 2106 2378 2515 2209 1984 2652 2034 2270 2528 2403 2173 2004 2337 2647 2022 2166 1965 
2040 2470 2396 2463 2133 2657 2217 2401 2502 2116 2250 2198 2155 2087 2353 2015 2518 2628 2548 1964 2163 2612 1976 2624 2125 2569 2315 2632 2341 2135 1915 2182 2583 2510 2497 2080 2603 2461 2317 
2041 2344 
2042 2601 2031 2316 2220 2184 2158 1923 2072 2658 2114 2417 2534 2297 2587 2520 2060 2339 2472 1938 2045 
2043 2439 2197 2066 2583 2148 2310 2497 2264 2196 1577 2362 2239 2616 1949 2211 2494 2038 2634 2451 1968 2248 2168 1937 2192 1913 2621 2161 2517 
2044 2495 2066 2119 
2045 1994 2091 2066 2524 2130 2558 2605 2497 2614 2381 2261 2051 2096 2199 2241 2285 2187 2219 2029 2292 2508 2648 2453 2089 2126 2138 2242 2311 2622 2035 2351 
2046 2304 2173 2270 2314 2355 2343 2114 2382 1958 2577 1980 2061 2422 2379 2213 2431 2396 2160 2243 1948 2139 
2047 2258 2206 2448 2537 2432 2008 2252 2092 2585 2182 1974 2234 2519 1961 2405 1913 2488 2240 1934 1958 2640 2449 2599 2207 1951 2551 1999 2462 2587 2257 2489 2201 2346 2394 2603 2253 2400 2316 1922 2434 2202 2382 2124 2076 2593 2198 1984 2565 2625 2166 
