58 3127 2771 
107 2935 3368 3388 3435 3063 
2882 
171 3377 
860 
2661 3366 3254 3103 2683 3220 2743 2732 3191 2679 3062 3237 3318 2871 3135 2965 
2662 3100 2887 3417 3342 3348 2985 3414 3243 3085 3112 
2663 3259 2694 171 
2664 3427 2841 1666 3059 3405 2707 3100 2770 3083 3368 3423 3162 3400 3189 
2665 3239 2948 3405 3131 3206 3412 2729 2809 3222 3011 3255 
2666 3322 3367 2829 2818 3117 3317 2920 2741 107 2776 2953 
2667 3375 3343 3388 
2668 3114 3308 3300 2861 2919 2714 
2669 3346 2882 3289 3275 2674 3316 2765 3071 2895 2847 2965 3072 3334 3182 
2670 3106 
2671 
2672 2713 2935 2669 3168 3287 
2673 3183 3413 3147 2955 3201 3300 3216 3355 
2674 1450 3029 2915 2976 3308 2805 2878 2677 3007 
2675 2762 3382 3059 3035 2976 3257 2692 3426 
2676 3299 3079 3435 3418 3381 3091 3288 2735 2893 3131 3137 2932 3330 2831 3134 
2677 3007 2956 2866 
2678 3197 
2679 2943 3307 3015 2893 3350 3300 2914 2816 3348 2668 3034 3006 3431 2774 2818 3128 3005 2666 3144 2980 2955 3341 
2680 3081 2810 2668 3015 2662 2823 
2681 3392 3087 3362 3149 3112 3372 2664 3374 3218 3417 3113 3062 2991 
2682 3412 2772 3426 3340 3165 2693 
2683 3006 3371 2672 3388 3408 2896 3392 3040 3260 2778 3385 3369 2799 3296 2675 
2684 2757 3139 3061 3064 3390 3178 
2685 2974 3276 2695 2808 
2686 2801 3366 3383 
2687 2818 2988 3130 3231 3050 3045 
2688 3106 
2689 3083 3274 2773 3281 3106 2883 2764 3148 2949 3163 2771 171 
2690 2947 2993 3435 3188 3119 2832 
2691 2723 
2692 
2693 3095 3206 3335 3109 
2694 3273 3158 3306 2954 2752 3092 3307 2893 2768 2753 3344 2861 3350 3181 3340 2899 3009 
2695 2714 2696 3163 
2696 3391 2815 2852 3184 3409 3200 
2697 2824 
2698 2963 2861 2874 3013 3008 3341 2999 3061 3250 3030 3000 3174 3421 3197 3015 3331 2780 2888 3126 2983 2878 
2699 2784 3366 
2700 3301 3434 3384 3323 3258 3037 
2701 2879 3120 3023 2829 3316 3379 3145 
2702 2749 2794 2743 3118 3185 3274 
2703 3044 3164 
2704 
2705 2917 3345 3389 3275 1642 
2706 3273 2926 2912 3166 2681 3316 3154 3036 3015 3177 2830 2935 2855 3284 3028 2829 2718 
2707 3267 
2708 3085 3405 3338 2858 
2709 3224 3394 
2710 3206 2792 
2711 3329 3174 2662 2756 
2712 3264 3167 2697 3268 2763 2959 2915 2884 3212 2908 
2713 3218 2986 2905 3029 2939 
2714 2969 
2715 2729 3072 3427 3262 3177 
2716 3411 2808 2988 2825 3014 2685 3279 2713 3168 2746 2826 2686 3132 3343 2789 2864 2784 2666 3120 3053 3127 3390 
2717 2824 3393 2894 3105 3008 2837 2868 2764 3398 2848 2750 2758 2881 
2718 2980 3415 3435 3052 2992 3282 107 3401 3163 3029 3370 
2719 2868 3211 2713 3160 3302 3033 3272 3130 3290 2735 3295 3254 2924 3321 2731 2955 1505 2861 2739 3255 3227 
2720 3085 2923 3256 3012 3173 3131 3367 2737 
2721 2836 
2722 3185 
2723 3369 3335 
2724 2801 2695 3413 3184 3127 3208 3418 3056 3182 3369 2771 
2725 3127 
2726 3152 2710 3028 3138 3364 
2727 2981 3344 2764 2748 
2728 2844 2891 3114 3413 3312 3390 2900 2791 
2729 3208 3423 3181 3262 3227 
2730 3259 3145 3267 2797 3288 2845 3386 2922 3329 3060 2892 3034 3401 3232 2909 
2731 171 3045 3020 3384 
2732 3094 2840 2853 
2733 2837 2774 3009 3103 
2734 3030 3209 2883 2817 2930 
2735 2770 2717 2972 
2736 2802 3267 
2737 3011 3306 3270 
2738 3253 3143 3352 3037 2914 2909 2950 3015 3111 2742 2932 2892 2720 2891 2879 3239 3193 3121 
2739 3215 2893 2719 3101 3313 3380 
2740 
2741 2854 3318 3117 3103 2774 3114 2699 2716 3369 3398 3186 3155 2972 2973 
2742 2837 3108 3104 2755 2900 3338 3293 2936 3286 3253 2887 3156 3249 3269 2667 3189 2928 2714 2835 3166 3432 
2743 3246 3313 3348 3196 3118 3149 2840 2973 2919 2800 2961 
2744 3184 3414 
2745 3380 2927 3032 2697 3329 3060 2663 2941 2742 
2746 2801 
2747 2676 2678 2780 2713 3128 2810 2712 
2748 3278 3091 3419 3276 2693 2850 3233 3186 3112 3032 2684 2735 
2749 3379 3128 2815 3287 2997 2745 3399 3197 3343 
2750 3388 2774 2661 3412 3299 2824 3012 2879 2705 2714 3414 3046 2783 3021 
2751 3274 3277 2915 3256 3213 3396 
2752 3101 2838 
2753 3432 2893 2895 3412 3322 2829 2677 2767 3227 
2754 3261 2682 1666 3390 3249 3177 3013 3012 2989 2708 2853 3015 2747 3368 2817 3404 3050 3346 3340 3357 2748 3431 
2755 3369 2787 3076 3380 3086 3230 3405 2982 3434 3397 3418 3136 3398 2772 2698 3361 3007 2716 1505 2691 2736 2813 3135 3280 
2756 3407 3255 3397 2747 2721 2745 3087 3211 3040 3049 2735 3281 2992 3339 2974 2841 2713 
2757 3318 2961 2952 3405 2732 2999 3272 3215 3169 3271 2702 2792 3312 3333 2828 2684 
2758 3126 2681 2909 3215 3390 3337 3149 
2759 3232 3156 2672 
2760 2888 3330 2740 
2761 3136 2755 990 2960 
2762 3181 3284 3408 
2763 2798 3060 3203 3013 2830 3152 2899 3166 2875 3107 3053 2792 2985 
2764 3398 3377 3284 
2765 3275 2877 2823 3428 2932 3285 2687 
2766 3401 3425 
2767 3024 
2768 3057 2864 2780 
2769 3236 3417 2877 
2770 2861 2953 3374 2888 3359 2905 3108 2836 
2771 2703 
2772 2894 2764 3335 2683 3206 3194 3180 3046 
2773 2891 3347 2761 2706 2732 3250 2723 3399 2908 3345 
2774 3223 
2775 3262 3065 3073 2782 
2776 3113 
2777 3225 2968 2768 1450 2724 3278 2767 3272 3083 2756 2840 3301 2721 3333 
2778 107 2896 2679 3174 2873 3244 2703 3128 3411 3189 3155 2783 2721 2711 2974 3338 2757 2983 
2779 3100 2743 3363 
2780 2746 2976 3421 2875 3278 3347 3303 2668 3400 
2781 3233 2924 3161 3105 2967 3102 2837 3262 3393 2935 3057 3162 2885 3001 3051 2929 
2782 2731 3361 3197 171 3343 2705 3215 2724 2965 2772 3186 3031 3422 3290 2784 2820 3201 3203 
2783 3370 2986 3139 3382 
2784 2914 2788 3391 2864 3234 3013 3359 2718 2713 
2785 2931 3055 2782 3314 3323 2968 2887 2918 
2786 2868 3079 3176 2933 2983 2889 3206 3124 3405 2688 2902 3164 2691 3137 2828 2753 3345 3261 
2787 2848 3303 3200 3419 3390 2951 3287 2675 3254 3073 3044 3115 2995 3259 
2788 
2789 3397 3391 
2790 2987 3298 
2791 3343 
2792 2883 
2793 3062 2841 2913 2845 3310 2812 2904 3367 2698 3064 3012 2895 3122 2870 2749 3304 
2794 2903 3261 3299 2873 3041 3225 
2795 2885 2821 2728 2714 
2796 2963 2978 2909 3385 3246 3100 3085 2974 2883 3090 3180 2854 3036 
2797 2777 3418 2712 3032 3275 2848 3427 2702 2695 
2798 
2799 3300 2790 3264 
2800 2721 2985 2888 2804 3365 2976 3236 2863 3114 2778 2848 2693 2844 2752 2859 3188 3425 3110 3261 58 3350 2952 
2801 2965 2786 
2802 3020 2883 2875 2705 3291 
2803 3312 2673 3348 3285 2662 
2804 2666 
2805 3182 
2806 3157 3048 3027 3158 3361 2965 3261 
2807 3245 2755 
2808 3214 
2809 3149 2923 2845 3280 3057 
2810 2737 3369 3260 3405 2682 3021 3381 
2811 3217 2942 
2812 3154 1656 3432 2963 2667 3062 
2813 2929 3359 3282 3144 3354 2899 3166 2677 
2814 
2815 3241 3106 3372 2997 2806 3134 3330 3002 2927 
2816 2896 3107 
2817 2851 3207 
2818 2894 3153 3007 1534 3017 
2819 3256 3389 2891 3032 3263 2901 3404 
2820 2727 3221 
2821 3072 3427 
2822 3302 3219 3225 3342 3213 
2823 3387 3433 2973 2932 3336 
2824 
2825 2917 
2826 2781 3192 3013 2999 
2827 2670 2804 3237 3204 3203 3081 2674 3280 3318 3056 2771 2775 3230 3179 3243 2799 2992 2998 
2828 3157 2900 2906 3078 2963 3343 2967 2930 3238 3067 2718 3410 2795 3346 3426 
2829 3074 3071 3373 3315 
2830 2687 2894 3289 3420 3331 3163 
2831 3334 3054 
2832 2937 3184 3174 3076 3306 2882 2985 2696 2779 3215 2952 2917 
2833 2667 3423 3139 3384 3031 3075 2913 2905 3421 3422 2671 3386 3275 2679 3407 3007 3027 
2834 3019 
2835 3064 3172 3241 2672 3212 3222 3130 2909 3249 3414 3338 3373 3246 2779 
2836 3184 2859 1171 
2837 2889 3085 3327 2838 3309 
2838 
2839 3216 3028 3081 3171 2711 3404 3196 3130 3248 2801 2662 3185 2893 3042 2883 3319 2739 2684 2961 2901 3024 58 3070 3072 2700 3390 2667 2725 2821 3257 2963 
2840 2986 3382 3130 2686 2867 3316 3295 3018 3283 
2841 3058 3203 3346 3118 3105 
2842 
2843 2963 3222 3334 2896 2863 2930 3046 3058 3392 2760 2864 
2844 3011 2963 2954 
2845 3117 3109 3276 2706 2833 
2846 3083 3305 3256 2982 
2847 2905 3137 
2848 3407 3295 3155 3276 3182 
2849 2664 2714 3259 1419 2977 3349 3374 2858 3041 
2850 3181 3151 2769 2688 
2851 3064 3286 3316 3001 
2852 3198 3233 3069 
2853 2680 2802 860 2818 2696 2993 2808 3088 2747 3040 3130 3159 3077 3373 2734 3214 
2854 2723 2964 2958 2784 2946 3101 2915 3365 
2855 2879 
2856 3008 2807 
2857 
2858 3217 2843 3149 2789 
2859 2923 2880 2832 3128 2730 
2860 
2861 2819 3230 
2862 3061 3036 3235 3205 2825 3033 3376 3062 3255 2908 3289 2758 2762 3319 
2863 3393 3222 2859 2875 2948 3148 2771 3292 2931 2998 3104 3183 2899 2680 3361 3110 3307 3081 
2864 3124 2974 3181 3308 3425 2769 3140 2715 2802 3031 3302 3430 3282 2693 2945 2804 3247 
2865 3251 3320 3309 2673 2888 3223 2719 
2866 3183 3396 2804 3148 2721 3141 3293 2785 3045 2875 2958 2724 2677 3198 3012 1505 2747 
2867 2856 3435 3228 3425 3248 2709 3092 2994 3053 3161 3132 3137 2702 3014 
2868 3010 2972 
2869 3377 3119 3401 3139 3001 3084 3168 3256 2697 2861 2970 
2870 1505 3052 3378 2703 
2871 3170 3276 3199 3311 2889 3298 3316 
2872 3046 2975 2711 3201 2696 3266 2980 3151 2922 3189 3172 2870 3217 2787 2943 3373 3169 2774 2977 
2873 2858 2937 3260 3180 2898 2876 2918 2912 
2874 3085 2667 2735 3081 3071 2805 3315 3035 
2875 3211 3378 3044 3338 2669 1534 3293 2779 3206 
2876 3416 2914 3082 3017 
2877 3428 2832 2935 3206 3420 2821 3065 2819 3427 3269 3227 990 2727 3424 3200 3343 3241 2707 2963 1534 2976 
2878 2983 
2879 3213 
2880 3201 2975 3399 3436 2923 3108 3370 2735 3016 3323 2988 2954 2756 3393 3158 3140 
2881 3319 2737 3322 3251 3006 
3045 2746 
2883 2894 
2884 3379 
2885 3403 2675 
2886 2903 3232 
2887 2774 2808 2835 2977 3072 2781 3335 2828 
2888 3400 2999 2753 
2889 2741 2827 
2890 3369 3378 3240 3215 3146 2816 2939 3140 3258 3376 3300 3242 3248 2765 
2891 3224 
2892 2863 1419 2803 3202 3022 
2893 3046 
2894 3184 3426 2922 3020 3268 2830 3193 171 2783 2782 
2895 2746 3189 3352 
2896 3035 2797 3397 3188 2756 3194 3074 3115 2663 2808 2740 
2897 2739 3263 3241 2705 3416 2950 
2898 
2899 2840 3372 
2900 2871 2686 3272 3067 1505 3058 
2901 2891 3000 3306 3213 2851 3270 2935 3168 3405 3029 2933 3164 2676 3191 3421 2972 3416 
2902 3106 3066 
2903 3404 2741 3177 
2904 2961 3293 3111 2862 2671 2903 2749 2931 2916 3249 3029 2681 3224 3076 
2905 3346 3317 2693 2944 3329 2805 3134 3217 3113 3274 2695 3003 3302 2718 3138 2720 3004 3431 3038 
2906 2716 2691 3138 3036 3233 3368 2703 3049 2987 2934 3039 3212 2999 3094 3325 3264 3347 3137 3268 3404 3277 3336 3227 
2907 2668 3324 
2908 2762 3090 3316 3056 3243 3355 
2909 2731 3304 3246 3332 2819 3212 3158 2765 3196 3366 3417 3129 3234 2946 2988 
2910 2701 3307 2891 3385 2804 3260 2721 3321 3014 3197 3309 3261 2937 3420 2661 2848 3403 
2911 3113 3137 2677 3239 2896 2969 2778 2703 3378 3353 3175 2900 3092 3127 2763 
2912 3374 2771 3212 2795 3435 3193 3309 2958 3114 2705 3425 2665 2739 2989 3070 
2913 2883 3405 2942 3404 2938 2823 2997 2748 3406 3137 3364 2848 2728 2743 2818 2935 3378 3048 2968 3354 2724 
2914 3227 3011 3378 3266 3217 2706 2828 3391 
2915 3055 2876 3123 2883 3124 3212 2705 2758 2776 2701 2849 2949 2703 3430 3329 3036 2910 3211 3192 3193 
2916 3140 2975 3203 2981 2982 3428 3266 3222 2821 2948 3315 3329 2993 3263 3087 3081 
2917 3256 3222 
2918 3053 2968 2900 2800 3137 3207 
2919 3211 3272 2978 2752 3388 3121 2799 3316 2900 2766 3092 3262 3269 3064 3102 
2920 3147 3112 2760 3283 2844 3227 3291 2744 3406 3110 3231 2834 3286 3316 
2921 2886 3409 2970 3184 2924 3383 3252 
2922 
2923 3374 2766 3104 
2924 2815 3324 2720 3179 3427 3226 3045 3175 3041 
2925 2803 3410 2805 2682 2809 2764 2834 2760 2761 3170 2745 3411 3249 3210 3254 3331 2832 
2926 2813 2713 3220 
2927 3252 3209 3278 3260 3167 2690 2665 2662 2969 2803 3265 3011 2953 3025 2970 2760 3061 3333 3194 3218 2790 
2928 3434 3245 3083 3128 2957 1419 3423 3405 2691 3324 3275 2822 3169 2908 2707 1534 2980 3018 3012 2987 3201 2904 3215 1656 2949 3244 
2929 1505 2864 2938 2899 3216 3028 3034 2673 2799 3322 3141 2713 
2930 3165 
2931 3005 3430 2823 2912 2943 2975 2673 3314 3351 3230 2861 3381 2940 
2932 2919 2858 3226 2890 3414 
2933 3267 2905 2785 
2934 3141 2780 2893 3193 3109 
2935 2662 
2936 2908 2949 2739 3257 2666 2911 3250 3409 
2937 171 3229 3046 2918 3018 2997 2754 2834 3336 3435 2852 
2938 3212 3282 
2939 2704 3105 3364 2702 3078 3075 2991 3249 2866 3058 3387 3173 3154 3380 3041 2792 3359 3275 3386 2921 2767 3394 3106 2834 3345 3374 2946 
2940 2678 3099 2779 2764 2873 2677 3404 2738 3138 2923 3202 
2941 3204 3113 3146 
2942 3207 2986 
2943 3074 3376 2734 2892 2829 3330 3110 2802 2821 3402 3104 3014 2805 3434 2816 3408 3159 3409 3118 2998 
2944 3431 2986 2829 3375 2662 3296 3134 2881 2798 3252 2715 3263 3367 3176 2760 2770 3239 3163 3244 2723 3041 
2945 3170 3188 2821 3354 2822 3059 3184 3389 1642 
2946 3010 2890 3145 2985 2879 2752 2829 2892 3261 
2947 2915 2768 
2948 3056 2909 3245 2663 
2949 2727 
2950 3421 3139 3141 3103 2892 2988 3125 3157 3414 3287 3324 
2951 2757 3184 3244 2761 3145 3401 3095 2817 3209 2793 3185 2769 3343 3010 2778 2688 3326 
2952 
2953 2911 3282 3031 3187 3327 3233 3342 2834 2694 3144 
2954 3045 3175 3074 3196 
2955 3197 2713 3322 2703 2901 3267 2778 2737 3146 
2956 3257 2768 3223 2926 3124 3101 2918 2740 2804 2711 3345 1758 3349 3097 3149 2992 3007 3277 3072 3436 3231 3314 
2957 3328 2719 3337 58 3347 
2958 2748 3356 2739 2910 2734 3112 2872 3265 
2959 3095 3304 
2960 3276 2724 3211 2951 3113 3271 2912 3354 2888 2690 2752 2732 3213 3189 3279 2716 3270 3009 3172 2850 2775 2714 3351 3252 
2961 
2962 3339 2921 2891 
2963 
2964 107 2974 3319 3059 3026 2679 
2965 3084 2931 
2966 2697 2976 2970 3133 2813 2832 3083 2983 2847 3010 3359 3401 2720 3081 2776 3134 2953 2724 2692 2963 2950 2974 3122 3225 2971 
2967 2761 2804 2911 
2968 3422 3337 
2969 2963 2665 3412 2797 3119 2978 2979 2885 2949 2769 3044 
2970 2851 2694 2879 3007 3248 2903 2753 2857 2671 
2971 3151 
2972 3046 2792 
2973 3180 2729 3018 2870 3193 2889 3286 3024 2784 3210 
2974 2825 3332 2964 3283 3413 3161 2854 3223 2672 3143 2838 3403 
2975 3176 
2976 3184 2768 2980 2669 2919 3020 2896 3220 3112 
2977 2664 3389 2727 2676 3431 3292 2685 3055 3341 
2978 2706 2873 2766 2852 2996 
2979 2842 3051 3218 2766 2837 
2980 
2981 2716 2932 2699 3127 
2982 3367 2849 2761 3350 
2983 2991 2735 3213 
2984 1758 3074 
2985 3126 3302 3384 3026 3138 2721 2779 2989 3145 3062 3210 3435 2696 2727 2809 3416 
2986 3268 2893 3413 3425 3125 3344 3237 3020 2934 3404 2941 3006 3239 2756 3178 2794 2700 3308 3320 3200 3095 
2987 2866 3005 3016 3110 3094 2959 2757 2718 
2988 2713 58 2946 2730 3049 2965 3193 3394 3184 2828 2675 3340 3382 2883 
2989 2799 3297 2883 2961 2752 3129 2800 
2990 2885 2939 1405 3119 3405 
2991 3260 2752 3192 3038 2709 2791 3245 2751 3366 2799 
2992 2933 3155 2903 2671 2897 3068 3264 3089 3059 3271 3163 3353 3110 3235 3187 
2993 3277 2934 2678 3279 3393 2719 2794 3144 
2994 2750 3160 2864 2960 2746 2742 2779 3092 3330 3282 2663 
2995 3348 3433 3422 
2996 3387 3256 3262 2908 2704 2751 2733 3197 
2997 3111 2991 2811 
2998 
2999 3371 3054 2733 2661 2945 2893 3267 
3000 3224 3127 3146 3027 2752 2896 2866 2714 3420 2761 3339 3201 2982 2999 
3001 2772 3014 3306 3239 3091 2760 2993 2904 2996 2825 
3002 2974 1534 2930 2997 2736 3217 2800 3187 3020 2809 3251 2931 2973 
3003 
3004 3098 2869 3430 2860 3062 2737 3046 2838 2783 3305 2805 
3005 2982 3021 3401 2975 3410 3191 3200 
3006 2717 
3007 3400 3046 3345 2777 2691 3041 3076 2714 
3008 3182 3081 3129 
3009 3177 3369 3335 3166 3346 3132 
3010 2984 3172 3370 2744 2761 3009 2980 2682 3192 
3011 2703 2923 2846 3008 2913 3101 3346 3022 
3012 3010 2999 3160 3021 
3013 3429 
3014 2889 2875 3101 2871 3375 2760 3291 3214 2992 
3015 3408 2870 2878 
3016 3303 171 3345 
3017 3237 3048 2975 3211 3062 3229 3341 2834 2905 2811 3131 3088 
3018 2803 3133 2739 2998 2766 2894 
3019 3352 3008 2800 3266 2796 3283 3357 2666 2720 2678 3419 2949 2788 2821 3061 3294 2760 
3020 2703 2925 3211 2868 3399 2855 
3021 2976 3228 3155 3423 2880 58 2778 3249 3117 2957 2780 
3022 3238 3186 3235 2832 3420 2707 3385 3095 2770 3008 2734 2799 3356 
3023 3430 3204 3351 3411 3341 2822 3285 2677 
3024 2773 
3025 3312 3165 2969 2946 2771 3241 3056 3128 1758 2895 3271 2673 3414 2800 3316 3108 2912 2993 
3026 3253 2981 2897 2673 3315 2991 3044 3182 2772 2663 2802 2940 3222 3191 3058 3011 2982 3236 2792 2703 2671 3419 3013 3092 2787 
3027 2931 2943 2724 2760 3408 3164 2850 2944 3303 3139 3245 2998 2777 2719 2822 3159 
3028 3086 1656 3041 3250 3280 
3029 3214 3339 3285 2953 2907 3121 3027 2885 2908 3079 3077 3268 3406 
3030 3365 2798 3302 
3031 
3032 3295 2757 2847 3366 2910 3343 
3033 3307 3376 2957 2868 3036 3288 2799 3359 3343 3179 2865 2962 2833 3312 3400 3353 2667 
3034 2960 3348 3330 3093 3005 3065 2679 
3035 3373 2804 3423 3322 2687 3430 2876 107 2889 3424 3358 3034 2826 3060 
3036 3163 3347 3249 3091 3028 2891 3370 1405 2745 
3037 3337 
3038 3019 3097 2815 2705 2975 3114 3357 2886 2844 3387 3346 3142 2916 3273 2977 2741 2850 2842 2910 2983 
990 3323 2690 3050 2743 3003 3115 3032 
3039 3311 3299 2770 3200 2774 3003 2786 2914 2738 
3041 3003 2663 2861 2940 3134 3106 3361 
3042 2837 2975 2756 
3040 2718 3048 3103 2785 3413 2937 3124 3007 2723 3217 
3044 2997 2782 
3043 3371 3107 
3046 3255 1505 2740 2765 3120 3044 
3047 2776 2762 2839 3132 2864 
3048 3403 2969 2953 
3049 3359 2823 3088 3145 2989 2907 2856 
3050 2959 2778 3124 
3051 3141 3118 2752 3401 3297 3384 2751 3225 3192 2893 2871 3088 3034 2994 2802 2946 2888 3250 3357 3021 3028 2672 3216 2983 
3052 3302 2829 3200 3159 3306 3424 3330 3011 3174 3016 3333 
3053 2939 3275 
3054 2748 2781 3210 3398 3312 2912 2820 3308 2771 3031 2939 990 3219 3020 3383 3117 2769 2759 
3055 3029 2790 2729 
3056 3072 3421 3405 2917 2837 2789 3050 3202 2803 3006 3274 3111 2948 
3057 2668 3013 3084 2802 2938 3091 
3058 3196 3092 3293 3059 3422 2673 
3059 2884 
3060 3041 2913 58 2959 3414 3247 3309 3037 3435 3345 3143 3151 3335 3067 3242 3230 3221 3236 
3061 3004 2825 3264 2992 2756 
3062 2965 3265 2745 
3063 
3064 3166 3010 3110 3081 2697 2938 2955 2733 2699 2936 3376 3153 
3065 3206 3160 3415 3163 2769 2992 2922 3222 1642 2683 3100 3271 3115 
3066 3276 3231 3036 3405 3285 
3067 3060 
3068 2902 2913 3243 3024 2944 1726 
3069 3384 2981 3287 3246 2821 3258 3253 
3070 3352 3066 2909 2831 2662 2800 2710 2843 3427 3064 2781 3299 3417 2848 
3071 3350 
3072 3006 3398 3187 3082 2754 2677 2664 
3073 3125 3374 3240 3245 3054 2785 3044 2902 3312 2668 2889 2801 2776 2962 3233 3273 
3074 2851 2811 3399 2824 
3075 3327 3396 3164 3125 3399 
3076 2840 3197 2918 3418 3056 2832 3164 3275 2884 2821 2728 3413 2866 3337 3021 3338 3329 
3077 3265 3107 3008 3214 2690 3126 3167 3023 3429 3369 
3078 3186 3171 2685 2952 2984 2810 3100 2901 2708 2854 2794 3407 2933 3235 3034 2744 2713 2665 
3079 3002 3395 3333 3349 3413 3277 
3080 3433 3326 2774 3034 2808 3377 2739 2938 
3081 3349 2855 2851 3052 3322 
3082 2868 3404 2714 2816 2685 171 2746 2818 3177 3358 2755 3401 2919 2979 2663 3227 2981 2929 2741 3317 2726 3303 
3083 
3084 3068 3278 3034 2724 2718 2996 3427 3022 3168 3295 2823 2784 
3085 3094 2855 3052 2737 2997 3131 3423 3206 2780 3022 3105 
3086 2907 3212 2737 2668 2675 
3087 3363 3336 2813 3018 2971 2803 2824 2934 3140 2973 3053 3257 3325 2975 2842 3020 
3088 3388 2892 2901 
3089 3037 1758 2814 3195 2804 3145 3428 3378 2927 2708 
3090 3252 3173 3107 2869 2784 2980 3307 3409 3311 2848 3296 2922 3352 3429 3281 3208 2981 3434 2840 3091 2865 3395 3151 
3091 
3092 2798 
3093 2892 2984 
3094 3382 2686 
3095 3306 3311 
3096 3161 3159 3018 3015 3360 3290 2931 2708 2806 3287 3394 3116 2832 3289 3042 3225 
3097 3113 3099 2864 3369 2831 2758 2794 3359 3025 3271 3395 
3098 3206 3146 3072 2952 3077 3150 2820 2705 2939 2893 
3099 2703 
3100 3433 107 2913 3051 3114 2872 2749 3223 
3101 2752 3310 3083 3250 2754 3079 3163 3436 2698 3131 2788 2705 3212 3157 2806 3266 2835 3053 3289 2886 3260 3428 
3102 3301 3333 3268 3262 3273 171 2696 
3103 3211 3130 2686 3083 2743 3050 
3104 3131 3144 3041 2927 3001 2997 2722 2700 2802 3247 2749 3091 2670 2797 3381 
3105 3086 2937 2769 
3106 3188 3270 3388 3100 2967 2752 3433 3322 3081 3417 2698 3017 2683 
3107 3138 3290 2676 2842 2826 3111 3220 3407 
3108 2692 2983 3411 2790 2891 2766 3038 3420 
3109 3292 2850 
3110 3372 3141 2673 3256 2963 
3111 3201 3050 3101 2718 3356 3388 3412 3099 3255 3397 3135 3334 2859 2969 3431 3120 2678 
3112 3399 2761 3329 
3113 3368 2698 2902 3084 3192 2711 2736 3081 2904 3048 2973 3303 3024 2959 3009 3425 3139 2734 
3114 3168 3107 3032 3264 3079 2931 3113 
3115 2678 3277 3114 2986 1419 3313 2838 2885 3428 3203 
3116 3091 2843 2846 3358 3124 3108 2896 3274 1534 3367 3293 2911 3031 3404 3020 2941 2915 3341 3172 3294 2972 2976 2963 2698 3036 3372 2925 
3117 2728 2815 3058 2983 3141 3127 3009 3219 2784 2818 3208 2778 2937 3100 3125 2794 
3118 2701 2954 2805 3026 2792 3294 2882 2664 
3119 3270 1534 3254 3320 1171 3096 3421 3192 3001 3420 3003 3185 2885 2739 3248 3427 
3120 2875 2667 1171 3210 2687 3145 3009 3301 3380 2790 3045 3212 3138 2698 2996 3393 3377 2921 2899 
3121 2798 
3122 3353 2754 3154 2805 
3123 3079 2707 3192 2884 3352 3373 2856 2979 3040 
3124 3284 3382 3058 
3125 3070 
3126 2940 
3127 
3128 3328 3282 2782 
3129 3221 2919 3270 3309 2665 2930 2715 
3130 3429 3232 
3131 2986 
3132 2735 3178 3302 2858 3312 2921 2733 3326 2788 2782 2663 2760 3219 2978 2670 
3133 2896 2878 
3134 
3135 2989 2902 3005 2876 2991 
3136 3298 2689 2878 3436 2701 3058 2731 860 3073 2870 3121 2965 
3137 3344 2844 3397 3281 2835 3006 3237 2811 2896 3278 
3138 3067 3376 
3139 3243 3110 3433 3015 
3140 3011 3044 2942 2808 3200 3019 3317 2892 2821 3254 3139 2703 3281 3427 2688 2920 2815 3148 3012 3242 2944 2818 3052 2706 2962 3259 
3141 171 2804 
3142 2870 2858 2692 2827 3330 2981 2767 2964 3115 2718 2876 3152 3017 3167 3019 
3143 
3144 2667 3288 2815 
3145 2956 2773 2767 3161 3321 2966 2842 3237 3016 3244 2819 2696 3221 1642 3119 
3146 2741 2811 2672 2933 3227 2687 2966 3025 2736 3184 2779 2851 3290 3360 
3147 3417 3259 
3148 2752 3366 2833 3010 3295 2937 2952 1405 3119 
3149 2771 3076 3128 3028 3273 3104 3320 3093 3291 
3150 3390 2846 3348 3238 2962 3255 3373 2677 3338 3113 2940 2858 2771 2871 3387 2974 3006 2900 3156 2690 2681 3337 3343 3300 3139 2817 3055 
3151 3123 3176 3117 3013 
3152 2975 2754 2951 3174 3275 2671 3294 3395 2823 3061 3048 2924 2821 2948 2732 3414 2897 3200 3287 2840 
3153 3092 
3154 2909 2898 3088 3097 3198 3079 3047 3116 2744 2811 3022 2835 3359 2846 2691 3408 2821 
3155 1419 
3156 3426 3120 3070 3098 2943 
3157 3312 2875 
3158 3186 3170 3136 3324 3379 3396 
3159 2910 3309 
3160 2988 2670 2691 3366 
3161 
3162 58 2673 3064 3091 2855 3000 3099 2736 3434 2979 3316 3293 2926 3037 2684 2909 3185 
3163 3304 3213 3377 3424 
3164 3281 3110 
3165 
3166 3085 3246 2828 2802 3418 3272 2892 
3167 3393 3094 
3168 2838 3421 3427 3319 3053 3171 3248 3063 2883 3414 3047 3140 3284 
3169 3136 3232 3095 2815 2904 2958 3259 2820 3165 3271 3369 3426 2708 
3170 2774 
3171 2718 2968 3029 2947 
3172 2777 3423 2787 3376 3186 3030 3024 3121 2986 1171 2995 2694 2978 3162 3027 3379 3167 
3173 2731 3313 
3174 2784 2795 2798 3319 3043 3261 3329 3221 3258 2759 3340 
3175 3002 3247 
3176 2912 3280 1505 
3177 2712 2877 3244 2861 2743 3171 3429 
3178 3008 2862 3171 2798 
3179 3407 3198 3354 3308 3318 2700 1405 2810 3161 3145 
3180 2694 3159 
3181 107 2869 
3182 2766 2897 2818 2784 3238 3180 3406 2772 2907 3092 2944 3362 3042 3148 2780 2868 3010 2888 
3183 
3184 3397 2895 3050 2732 3017 3177 3114 3245 2815 2766 2765 2717 3319 2990 
3185 2708 3180 2710 2994 2718 2678 2846 3063 3407 3078 2760 3361 2712 3203 3363 
3186 2690 2798 3116 3111 3413 
3187 2697 3149 2813 2750 
3188 2943 3369 3273 3155 
3189 2792 2761 3041 3175 
3190 3074 2834 
3191 2972 3220 2995 3108 2860 3235 
3192 3059 2882 2799 
3193 3352 2677 2674 3041 3137 
3194 2952 3214 3218 
3195 2727 2686 3127 2902 3406 2796 3428 3385 2784 3069 3336 
3196 2961 2733 2745 2926 3178 3297 3177 2822 
3197 3241 
3198 2881 3187 2882 2821 3168 2873 3049 2805 2984 2776 3149 2857 2735 3269 3339 3162 
3199 2712 3215 3237 2851 3419 3099 2824 
3200 2841 2715 3143 
3201 2759 3335 2667 3234 3091 3370 3104 3223 2807 3203 2813 2842 3256 3112 3354 3373 
3202 2926 3255 2888 
3203 2887 3361 2781 2817 3307 
3204 3299 3303 2857 3359 2888 2791 2840 3045 3092 
3205 2767 
3206 990 3093 2758 3012 3134 3113 2812 3295 3255 2784 2963 2947 3323 2920 
3207 2868 2676 3133 3034 2748 2722 2863 2667 3277 3167 3279 
3208 2751 1450 2870 
3209 2697 3081 2796 2875 3422 
3210 3285 
3211 2955 2906 2718 2930 
3212 3021 3173 3411 3174 2781 
3213 2985 3052 3021 2677 3040 2863 3241 3359 
3214 3369 3192 3026 2939 2917 3388 2854 2881 3302 3403 2719 3110 3421 3045 3118 2819 2799 
3215 2765 3162 2818 2705 2750 3425 
3216 2692 3005 
3217 2788 2881 
3218 3329 
3219 3304 2749 2779 3104 2893 2992 3143 2988 2920 
3220 3079 2966 3260 3212 3399 3077 3177 2847 
3221 2699 3352 3113 2756 2666 2679 
3222 3083 2683 2980 3045 2818 2922 3076 
3223 2699 2872 2985 3296 2989 2762 2683 3312 
3224 3157 2965 3304 2989 2946 2766 2747 3311 3055 2827 3084 
3225 3015 3271 3044 3367 
3226 3053 3200 2775 3220 2816 3136 2938 3397 3351 2900 3165 3288 3122 3197 
3227 1405 
3228 3261 3402 2701 3404 1656 2857 1758 3093 2885 3326 3234 3169 
3229 2724 3363 3413 
3230 2948 
3231 2679 2965 2871 2785 2687 2737 2792 2859 3149 
3232 2809 3224 3412 2968 3123 3370 3060 2830 3355 2811 3266 3178 2724 3320 3025 3209 3346 3223 
3233 3080 3396 3139 3246 3390 3368 2708 3165 2752 3095 2848 2698 2959 3179 2928 2879 
3234 3156 3004 2768 3088 3194 3359 3272 
3235 3255 
3236 2834 
3237 3391 3194 3291 2957 2937 3116 
3238 3223 2662 3087 2737 2882 3370 2955 3269 3320 3118 3155 3137 
3239 3002 1758 3377 3122 3378 3200 3027 3007 2866 2788 
3240 3393 2836 3185 3287 2911 3293 3158 3336 3363 
3241 3327 3181 3213 2773 3220 2916 2860 
3242 3085 3220 3433 3423 2980 
3243 2712 2758 3188 3214 2832 
3244 3345 3175 3406 2761 
3245 3172 
3246 3247 2728 3390 
3247 3196 2716 2979 3111 2899 58 3058 3394 2707 2889 2804 3304 3318 2872 3314 
3248 3328 2661 2813 2805 1450 2709 2949 3009 
3249 2763 2781 
3250 3312 2707 3366 2762 3392 3103 2703 2744 2835 3228 
3251 3075 3172 3346 
3252 2876 2763 3170 3254 3171 2822 2831 2766 2859 3186 3231 2808 2820 3008 3148 2924 3196 2851 3112 3153 3187 
3253 3376 2823 2766 3325 3435 2980 2715 2901 
3254 3285 3196 
3255 3274 3283 3311 3015 3118 3238 2800 3159 3286 
3256 2935 3128 2725 2954 3176 3279 2779 2687 3178 2679 3321 
3257 3226 3240 3199 2669 3373 3436 3375 3100 2665 3401 
3258 2961 3345 3403 3094 3416 3369 
3259 3051 2802 3100 2709 3360 3425 
3260 3242 3106 3218 2663 3401 
3261 2925 3316 3310 
3262 3293 2683 3372 2809 
3263 2699 2917 3420 2856 3337 3044 2966 3070 3131 3355 3326 3422 3144 
3264 3221 2822 2905 2878 3414 
3265 2897 2736 3083 3137 2699 3009 2902 3249 3273 2664 2872 2786 
3266 2988 2926 2762 3394 3323 
3267 3152 2882 3426 2850 2786 2689 3155 3022 3109 3060 3257 2961 
3268 
3269 2900 3267 2993 3426 
3270 2912 
3271 2695 
3272 3049 3228 2895 2948 
3273 3336 3257 2827 3234 3389 3080 2876 3008 
3274 2889 3219 2828 3262 2780 2687 2799 2812 3176 3288 3218 3181 3144 
3275 2808 2845 3155 2749 3084 2834 
3276 2707 3334 2733 3206 3215 2751 
3277 3399 2825 3136 3217 3329 3420 3220 3157 2911 2895 3198 3307 3273 
3278 3001 3163 2916 2809 2896 2863 
3279 3187 2944 2876 2678 3337 3202 
3280 3123 2971 2857 3286 3271 2844 2872 2838 3398 3008 2989 3032 3411 2779 3090 3369 3233 
3281 2923 3307 
3282 2884 3358 
3283 3091 3027 3227 2857 
3284 2848 2681 2685 3431 2683 3433 3111 2956 3407 3235 2739 3381 2814 
3285 2726 2708 2921 3269 3248 
3286 2725 3198 3009 2875 2699 2661 3395 2738 2687 
3287 3310 2760 2966 3148 2750 
3288 3018 2847 2832 2750 2969 3338 2663 2787 2766 3304 2877 2834 
3289 3432 2737 3184 
3290 
3291 3162 2900 3059 3356 3285 2943 990 3138 2701 2876 3357 3269 3037 3057 3040 3317 2791 3215 2705 3296 
3292 2814 
3293 2770 3118 3197 3434 2988 2840 2979 2686 3344 2727 2870 2822 2880 3071 3276 
3294 3139 2879 2795 2943 3215 3154 
3295 2777 3026 3023 2984 3163 2899 3348 3318 
3296 3355 2993 3365 3091 2988 2703 3327 3045 2978 
3297 3081 2807 2701 3290 2868 2745 
3298 3159 3297 2874 3132 3087 2786 3050 3052 3398 
3299 3416 2900 3035 2726 2715 3301 3047 3389 2990 2958 2733 3315 2735 3032 3393 107 
3300 2906 3225 3164 3298 
3301 3039 2843 3154 3399 3278 3326 3173 2686 
3302 2909 2781 3128 3179 2670 2971 2855 3103 2910 3011 
3303 2731 2850 3028 3029 3337 3002 
3304 3257 2684 2674 3212 
3305 2902 2700 
3306 2734 2906 2765 2811 3063 
3307 2673 3133 2806 
3308 
3309 3219 3424 2662 
3310 3362 
3311 2746 1666 3214 
3312 2867 107 3185 3410 2748 2716 
3313 2830 3294 
3314 3143 2852 2874 
3315 2906 3037 
3316 2971 3116 3225 3165 2668 3328 2995 
3317 3170 2854 
3318 3221 3062 3386 
3319 2803 3231 3329 
3320 3293 3249 2867 3402 3135 3362 2782 3047 2955 2962 3370 3089 2917 3285 3430 3203 2837 3431 3016 2913 
3321 3419 2708 3294 3171 3233 3428 2674 3006 3423 2818 3124 3156 2788 3276 2871 2936 2799 1534 
3322 
3323 2948 2999 3273 
3324 2765 2801 3107 3239 3070 2875 2976 2865 2889 2772 3434 3020 2815 3260 3143 2963 3320 3312 
3325 3159 990 2883 
3326 3293 2895 3018 3306 
3327 2824 3202 2959 3173 3227 3015 3328 2976 2751 
3328 3083 2988 3327 2880 3095 
3329 2672 2954 
3330 3137 2710 3363 3377 2805 3111 3163 2993 3262 2672 2716 3084 1666 2667 2709 3424 2671 3057 3233 1534 
3331 2920 2828 2773 2766 2901 58 2757 3038 3241 
3332 2785 3205 3391 3126 2749 3028 2923 2919 2987 2699 2969 2829 
3333 2893 3337 
3334 2837 3409 3089 
3335 3418 2933 2891 2710 2921 3158 3189 2743 3305 3426 2731 
3336 2925 2676 3119 3345 
3337 3345 3406 
3338 2872 3054 
3339 2828 3112 3368 2687 3372 2878 3062 2940 3008 2934 3161 3121 3221 2667 
3340 3161 3399 
3341 3301 2934 
3342 3293 3286 3200 2928 2881 3126 3422 3316 2727 2987 2663 3397 3272 3166 
3343 2914 3329 2828 2781 
3344 1405 3050 3315 3213 2681 2840 1450 3029 3390 2850 3282 3099 2790 3124 2818 3304 
3345 3043 2806 2797 3350 2769 3029 3418 3354 2824 3096 2899 2754 3176 
3346 3266 3293 3404 2721 2846 
3347 3276 2984 3072 2953 3321 3263 3373 3246 3073 3314 2920 1666 2700 
3348 2798 3234 2742 3386 3230 3436 3317 2692 3340 2708 2886 2764 2997 2751 2820 3303 3423 2898 3255 
3349 2864 2859 
3350 1171 2819 2993 3020 2942 3059 1534 3057 3375 2826 3323 3071 2861 
3351 3251 3293 3235 3005 2677 2680 2884 2904 2766 3131 1642 
3352 3079 3111 
3353 3163 2852 2670 3376 3301 3036 2888 3391 3231 2896 3392 3044 3081 
3354 
3355 2996 3220 2729 2811 3421 3135 2915 
3356 3391 3427 
3357 3420 2804 2671 3296 
3358 2688 2906 
3359 1656 2857 
3360 2866 3436 3319 2837 2740 3366 3305 2992 3219 3020 2779 3303 3410 3331 2786 
3361 2906 2755 2889 2855 
3362 3190 2923 2899 3397 3381 3030 2856 2955 58 3321 
3363 2936 3032 3180 3400 2832 3278 3436 3367 2890 3242 3196 3227 2697 3095 3060 3415 2931 3050 2670 3255 2780 3393 3299 3282 3203 2861 
3364 2982 2681 2816 3405 3196 2906 3369 3418 
3365 2750 2664 2983 3161 2934 2977 2915 2729 2755 
3366 3435 3425 3247 2715 3221 3120 2748 3433 2838 3143 3087 
3367 2753 2986 2951 3251 
3368 3254 1534 2799 
3369 2884 3100 2833 3198 3048 2851 3288 3150 3036 
3370 2780 
3371 3388 3242 1758 
3372 2693 2772 3353 
3373 3013 3087 3040 
3374 2895 3044 
3375 
3376 2929 2721 
3377 2673 3095 2968 3217 3131 
3378 3359 3253 3239 3278 2832 2710 3340 3231 3124 3407 3207 
3379 2713 3084 2770 2732 
3380 2860 2985 2899 2975 3384 3285 
3381 3403 990 3048 3266 1656 3237 2840 2687 3209 3154 3138 3313 2806 3316 2910 
3382 2996 
3383 3346 
3384 3270 3186 3142 2906 2995 3232 3153 3247 2936 3001 
3385 2725 2984 2875 3140 3273 2794 3248 3422 2863 
3386 3064 3389 2945 3084 3304 3218 
3387 3373 3069 3105 2940 3027 3198 3124 3368 2908 3114 3171 2855 2831 2720 2851 
3388 2757 2708 
3389 3279 
3390 2868 3433 2896 1171 
3391 2899 2854 3156 3161 3230 2862 3274 2852 2756 2682 3285 3028 3068 3138 
3392 3245 3363 3125 3145 3083 2831 
3393 3331 2903 3345 3244 2879 3190 
3394 3071 2808 2988 3401 3178 2865 
3395 3351 3204 3199 3317 58 3171 1642 3410 3086 
3396 3427 3035 2675 3268 2963 3095 3001 2837 3216 3241 3155 3370 3019 2805 3202 3436 3147 3218 3073 
3397 3052 3411 3232 3336 3068 3428 2902 3102 2926 3063 2847 2969 2961 2960 2947 2866 3337 2868 
3398 3036 2926 3066 
3399 2993 3098 2732 3242 2970 2894 2787 
3400 3161 3133 2914 2742 2712 2921 2787 
3401 2894 3098 2757 
3402 3118 3263 2765 
3403 2931 3431 3040 2735 2926 3213 3036 3224 2990 2902 2801 
3404 3236 2764 2879 2862 
3405 2733 3025 2791 3146 
3406 3194 3036 3056 3411 3271 3292 2823 3157 2866 3433 2949 2805 2756 3213 3361 2854 
3407 
3408 
3409 2848 
3410 2700 2746 3302 3299 
3411 3169 3359 3190 2883 3206 3021 3379 3111 1758 
3412 3372 2962 2748 3298 2831 3190 3323 2985 3425 
3413 
3414 2999 3270 2741 
3415 2896 3401 
3416 2923 2850 3237 2842 2998 2937 2746 3295 3107 3364 2777 3395 2870 3030 3326 
3417 3205 2918 3146 2869 3165 2744 3314 3300 3005 2902 2981 3148 3171 3235 3330 3069 
3418 3325 2665 
3419 3231 3025 3361 2840 3057 3370 3080 2782 2676 2855 2926 3190 3339 2794 3103 
3420 2815 2682 3054 3124 3208 3227 
3421 
3422 2761 3366 2882 2997 3224 3035 3195 3202 
3423 2802 3187 3121 
3424 2905 
3425 3056 3421 2661 
3426 2904 3069 3083 3423 3408 3221 3038 3294 3261 3418 2756 58 2784 2862 3141 2671 2726 3397 2826 3001 2691 3028 3354 3160 2742 2674 3191 2825 3146 
3427 3168 3119 
3428 3176 
3429 
3430 2729 2820 2662 2703 3065 2898 
3431 2923 3328 3254 3275 3327 3040 2674 
3432 3338 
3433 3409 2813 3174 3172 2983 2670 2812 2901 3203 3231 3312 2762 3007 3064 
3434 3327 2843 3393 3300 2695 2761 3230 2954 2666 3147 2720 2663 3376 2763 2767 2932 2667 2892 2941 2858 3099 2848 
3435 2662 3354 3324 3352 2943 2777 2746 3264 
3436 3220 3275 
1405 3269 2697 2829 
1419 3321 3244 3386 
1450 3409 3163 
1505 2814 3196 3207 3354 2911 2926 2806 
1534 3032 2937 3304 3158 3236 
1642 3093 3155 
1656 3322 2793 3376 2701 
1666 3169 2719 3332 2710 2992 2873 3310 
1684 2938 2855 2824 2712 2942 2692 3235 3149 2811 3217 2823 3091 3034 3259 3289 3341 3125 2709 3208 3268 2721 2725 2977 
1726 3196 3314 2728 
1758 3406 2673 
1171 3287 2863 
