0 
58 
107 1631 1890 1226 1674 1507 1285 1754 1862 1279 1131 1598 1478 1541 580 928 1407 1051 939 1530 1218 1729 1189 1806 1720 1628 1282 1526 1446 917 1454 1911 1318 1150 1154 943 1295 1479 1322 1457 1910 1506 1815 1303 1850 1357 1066 1782 1903 944 905 1434 1578 1794 1299 988 1196 1856 1296 1169 909 1651 1569 1538 1294 1711 1159 1748 1695 1020 483 1388 1236 1190 981 1901 1292 1153 962 1647 1007 1170 1570 1167 1090 1464 1841 1425 1247 1419 1082 1510 1671 1245 484 1781 1253 1718 1602 1463 1311 1125 1233 171 1273 1749 1864 1849 
171 930 1646 
348 1006 1440 1424 1582 
353 1712 1436 1802 1356 1411 1467 1259 1030 
363 1509 1861 1453 1124 1323 1295 1348 1004 1210 1679 1092 983 1871 1788 
366 1550 1525 1054 1743 1060 1854 
376 1650 1856 939 1304 1240 924 
389 1054 1536 966 1270 1403 1778 
414 1656 
420 1216 1825 1075 
428 1082 1090 997 952 1036 1213 
475 1250 1288 1236 1350 1115 1905 1255 1216 
483 1900 906 1769 1072 1063 991 1275 1738 1331 1447 1710 1663 905 1775 1829 1426 1576 1022 1110 1857 1608 1837 1196 1525 1592 1368 1526 1689 1749 1417 1067 1389 922 1648 1021 1462 1493 1270 
484 955 1544 1368 1000 1412 1140 1390 1784 1867 1159 1753 1186 
517 1567 1172 1534 1018 1450 1679 
526 1380 1306 1102 1028 1404 954 1485 1026 1866 1130 1608 1089 1127 958 1267 1541 950 1018 982 
538 1188 1696 1130 1104 1391 1259 1714 1584 929 1479 1493 
563 1055 1234 1198 1230 1589 
566 1097 920 649 1811 1904 965 1401 
580 1003 1107 1428 1120 1884 1453 1008 1010 1187 1607 1784 
596 1551 1060 1735 1645 1343 
601 1804 1404 1284 
606 1656 1632 1189 1278 1862 1909 937 1681 
629 1513 1347 
637 1418 1431 1750 1440 1701 1634 1207 1727 1058 1185 1879 
641 1761 1391 1646 1342 1026 1841 
649 641 
651 1311 1438 1322 1760 1110 1892 
896 526 1607 1140 1066 1688 1402 1701 992 420 1332 1080 943 1537 1393 1027 913 1698 1272 1359 1882 1604 901 1138 1522 1456 1400 1554 1494 
897 1070 1438 1445 1060 1644 1097 1415 1017 1565 1822 1586 1197 1396 
898 1000 1637 1427 1660 974 1268 
899 
900 952 1519 1675 
901 1397 1303 1439 1848 1417 1338 1749 
902 1619 956 1689 1644 1025 1034 1868 1906 1635 1201 
903 1680 1770 953 1133 1772 1341 
904 
905 1116 1426 1509 1000 
906 1878 1074 1575 1677 1813 1088 914 1368 1775 901 1847 1731 1284 
907 1605 
908 1309 1074 1266 1607 1439 
909 1496 1250 1873 
910 921 
912 981 1421 
913 1663 1502 1298 1708 1201 1734 1790 1495 1766 1152 
914 1733 964 
915 1887 1168 1559 1724 1279 1212 1038 
916 1261 1170 348 1871 483 1603 949 989 1626 1112 1648 1166 1461 935 1673 1264 1566 1874 1002 1401 1765 1444 1528 901 1842 1501 1529 1031 1532 1104 1451 563 
917 1568 1356 1133 1134 1860 1755 1141 1117 1720 1176 1587 1391 930 1825 1147 1701 1038 1236 1465 1312 988 1802 
919 1319 1401 1791 1125 1638 1823 1604 1503 
920 1084 1309 1875 
921 1231 1763 1398 1233 957 998 1504 1825 979 1314 637 1224 1524 1591 1104 1088 1309 956 1061 1099 1151 1083 1300 1129 1033 1665 
922 1844 943 1452 1030 1741 
923 1527 1164 
924 1253 1038 1602 475 1789 1165 1686 1623 1132 
925 1012 1412 1830 1020 1070 1380 1088 1729 994 1128 1587 1388 1462 1044 1883 1645 1227 1706 1379 1815 1438 1179 389 1346 1592 1569 1191 1294 596 1000 1437 982 1562 1897 981 1881 1866 1327 979 1461 1046 1529 
926 1158 1619 899 1731 988 
927 1174 960 1440 1708 1027 1407 1326 1845 1900 1876 1443 1333 1824 1129 
928 1063 1202 1249 1070 
929 
930 1556 1788 1543 1293 1491 1272 1303 1000 1230 
931 1043 1278 1815 
932 1215 1230 1866 1795 1904 1838 
933 1788 1769 1868 1826 1496 
934 1586 1268 1428 1836 1368 1818 1393 1004 1038 1225 1429 1911 1802 1879 928 1747 1872 1117 
935 1163 1794 
936 1698 1451 1225 1582 1869 1151 107 1771 1670 1365 
937 1576 
938 1748 1312 1619 1280 
939 
940 1276 1200 1732 1385 
941 1456 1437 1334 1792 1606 1028 994 1203 1352 601 
942 1131 1888 1197 1544 1092 1633 1601 1211 929 1685 957 1239 1268 1142 1259 1275 1082 
943 1278 1229 1759 1223 
944 961 1827 1382 1622 1900 
945 933 
946 1379 1000 1297 1454 1257 1095 563 1526 1043 1665 1501 1022 959 1101 1441 1140 1414 1797 1424 1503 1756 1421 1177 1550 984 1023 1692 1844 1755 1507 1063 1882 1514 1120 
947 1712 1100 1295 1358 1165 1738 1898 1231 1331 1380 1111 1259 1070 1200 1514 950 1169 
948 1877 924 1141 1851 1357 1197 1707 1317 1182 
949 1272 1625 1470 1088 922 
950 1896 1344 1107 996 
951 1044 1094 
952 1312 1765 1602 1842 1711 1762 1009 1857 1073 1141 1020 1286 1385 1497 1583 1587 
953 1414 1763 1801 1204 1632 1126 1704 1335 1008 1803 1088 1508 1154 1594 1872 1759 1634 1051 1472 
954 1426 1693 651 986 
955 1875 1706 917 
956 1175 
957 1451 1868 1295 1348 1090 1297 1039 1155 1540 1218 1363 1646 955 1220 1150 1314 
958 1626 1807 1810 566 998 1767 
959 1515 538 933 1658 1742 1415 1047 
960 1682 1339 1185 1835 1364 1164 1453 1870 1669 1502 1298 1081 1461 1814 1170 980 1586 1708 1204 1187 1495 1876 1176 
961 1911 1176 1823 1005 
962 896 980 1102 
963 1860 907 1822 1865 944 1502 1225 
964 1001 1083 1343 1295 
965 1326 967 1483 
966 1407 1348 1765 1147 1116 956 1188 1618 1250 1653 1397 948 1728 1322 1338 1546 1872 1189 1869 1027 1754 
967 1133 1795 1574 1577 1463 651 1205 1890 1211 1536 1805 1236 1586 1490 1216 1759 1143 1857 1215 1318 1731 1630 970 1399 899 
968 1238 1388 1641 1601 1469 
969 1241 1877 1228 1345 1621 1039 1612 1374 
970 1517 1126 1364 1223 1566 908 
971 1888 1159 1427 1600 1524 1019 
972 1843 1535 1769 1712 1241 1348 
973 1431 1318 1360 1190 
974 
975 637 1568 1226 1120 1741 1443 1458 1820 1185 925 1180 
976 1833 1247 1070 1454 1184 
977 1836 1233 948 935 
978 1273 951 1884 938 899 1637 1490 962 1102 934 1253 1494 1676 1758 1032 1446 1769 1908 1687 1333 1195 1078 986 
979 1526 1695 
980 1091 1825 1779 1336 1564 1593 1207 1698 1446 1379 1364 1072 1532 1555 1711 1777 1251 1653 1521 1748 983 1353 1514 
981 1117 1400 1519 1743 1681 1297 1680 1014 1773 
982 1131 1178 1070 1103 475 1774 1874 1695 1306 1201 970 934 1272 1471 1672 971 984 
983 1043 1731 1418 1574 1644 1044 1708 1161 1452 1777 
984 1568 920 1222 1607 1638 1739 1214 1361 
985 1650 1765 1671 
986 1597 
987 1545 1104 
988 1219 1777 1023 932 1195 1869 58 
989 1117 1733 1663 900 1375 1651 1393 1209 1137 
990 1746 
991 1449 1105 1216 1234 
992 970 1495 1208 1567 
993 1292 1500 1124 1056 1805 1676 928 1440 1097 1817 1665 1008 1859 1481 1691 1900 1760 1253 1543 1003 1850 1435 915 1519 
994 1869 1562 1847 1497 1026 
995 1332 1895 937 1845 1515 1550 1169 1403 1567 1568 1888 1336 959 1633 965 1806 
996 1291 1802 
997 1140 1440 1472 900 1892 913 1802 1010 1051 1854 1790 580 1177 1845 1467 1739 1150 
998 1161 1112 
999 1615 1061 1695 1797 1758 1434 1210 1013 1152 1670 1734 1894 1313 1673 1338 1884 1555 1576 
1000 1079 1061 
1001 1503 1404 1638 
1002 
1003 1332 1073 1595 1554 1487 1439 1326 1348 1753 897 1810 1723 1585 1330 
1004 1423 1400 1246 1429 951 1667 1767 1405 1148 1686 1364 1614 1271 939 1443 1674 1656 1100 1569 1593 1019 904 1596 1027 1649 921 1691 1037 
1005 1752 1670 
1006 1873 1056 1802 1687 1582 1465 1226 566 1743 1029 1847 1071 475 171 1771 1861 1061 1575 1381 1088 1588 1645 1494 
1007 1851 1308 961 
1008 1825 1181 1587 
1009 363 984 1166 1098 1187 1209 1681 1675 1664 
1010 1559 1876 994 1583 1100 925 901 1512 
1011 1143 1430 1644 
1012 1726 1447 1818 1209 1432 
1013 1728 
1014 1832 1882 1701 1293 1214 1532 1511 1407 1727 1276 1253 1906 1339 1308 1079 1884 934 1157 1465 1835 921 1470 1267 1295 1211 1807 1897 1541 1186 1714 
1015 1892 1515 1580 1749 1521 1080 994 962 
1016 1442 
1017 1349 1280 1089 972 1042 1309 1600 1346 1609 1537 1097 898 1010 1218 1523 1086 1015 1464 1054 1075 363 1489 1832 1794 
1018 1395 1826 1855 1713 931 1545 1357 1124 
1019 1893 1846 1536 1158 1220 1696 1357 1486 1122 414 1505 1675 1144 1043 
1020 1450 1163 1141 1132 1087 1285 1650 1463 977 1799 1878 1584 1793 
1021 1483 973 1599 1305 1200 1536 1438 1911 1838 1239 1293 1222 1261 
1022 1107 
1023 1058 
1024 1713 1776 1550 1739 1691 932 1117 1263 1910 1479 1341 1866 1359 1444 1226 1015 
1025 1555 1360 1463 1762 1414 1116 1733 
1026 1738 1269 1579 908 1610 1448 1416 1863 907 1815 1210 
1027 
1028 1570 896 1874 979 1056 1729 1047 1529 1129 1493 1842 1461 965 1238 
1029 980 1042 1143 1621 1565 1444 1666 1659 986 939 1498 1691 1396 1053 
1030 1885 1835 1002 1217 
1031 1712 
1032 1045 1533 1584 992 1158 1724 1536 1076 1074 1244 
1033 1493 
1034 1799 
1035 1099 1618 1530 998 1816 1049 
1036 1127 1697 1444 990 1101 1343 1410 1703 538 1311 1468 1373 1152 
1037 1566 1646 1564 1866 1890 1714 1347 923 
1038 
1039 1109 1485 1770 1468 1263 1385 1242 1745 
1040 1564 1418 1280 1421 1594 1403 1291 1885 1029 1269 1682 923 1327 1442 1144 1342 1388 
1041 1347 1635 1535 1126 1662 1292 1902 1769 
1042 1440 1753 990 1524 
1043 906 1217 
1044 1375 1306 1429 1764 1390 1126 1655 
1045 1018 1732 1286 
1046 
1047 1171 1134 1339 1566 1908 1210 1500 948 1469 1674 1227 1521 
1048 1435 1518 1571 1784 1674 1625 1598 1693 1461 1841 1428 1373 1073 1490 1184 1591 1211 1224 596 
1049 1725 649 1042 1539 1285 1476 1195 1814 1161 1789 1484 1660 1619 1470 
1050 1447 1226 
1051 1164 1596 1082 1414 1336 1540 1128 1490 1724 1201 
1052 1511 1305 1832 1010 1740 1724 924 1864 1290 1435 1900 1890 1503 1486 
1053 1323 
1054 1309 1475 1006 1085 1257 1178 915 1730 1389 363 1767 1470 
1055 933 1566 1622 1375 
1056 1465 1472 1849 1266 1673 1157 1363 970 1183 1298 936 1314 1660 1911 1257 897 1507 
1057 1239 
1058 1416 1655 
1059 1676 1680 1575 1525 943 1862 1070 901 1880 900 1698 1561 1678 1414 1654 1164 1245 1403 1160 980 1222 969 1760 957 517 1267 1671 939 920 1797 1026 1614 1675 934 1726 1690 1331 
1060 919 1723 1508 1137 1908 1629 1690 1218 1024 1317 1258 1862 
1061 1904 1186 
1062 955 1780 1142 1264 1212 1661 
1063 944 58 1263 1882 
1064 1662 988 1861 956 1590 1540 
1065 
1066 1539 1855 1151 1430 1736 1873 1094 1533 987 1292 1233 1101 1383 1789 1593 
1067 1006 990 1679 1669 1499 1352 1594 1427 1892 992 1329 
1068 1479 1058 1880 1439 1722 1283 366 363 1315 1757 1509 
1069 1690 1647 1052 1709 
1070 1720 1521 1503 1880 1545 1518 1392 1091 1879 
1071 
1072 1066 1707 1846 1434 
1073 1068 1762 1253 
1074 1632 1384 1311 1416 1615 1816 1382 1636 1301 1192 1587 1435 1259 
1075 1060 1374 1235 910 1698 1415 1465 1682 1205 934 1379 1607 1057 1767 1414 1876 1036 1233 
1076 1318 1640 1671 1591 1061 1209 1709 1023 1237 1337 1457 517 1215 1881 1152 1289 1311 1602 1254 1253 1805 1272 1021 1576 1778 1009 906 1712 1232 1545 
1077 1618 1852 1464 1531 1257 
1078 348 1801 1710 1299 1731 1792 1658 1266 1465 1259 1588 1739 1795 1350 1519 1631 1358 1073 1875 907 1493 353 1590 1501 1263 1236 1438 1180 942 1648 1720 
1079 1878 606 1531 651 1253 1400 1496 1639 1856 1036 1784 58 1218 1726 1384 1308 949 1302 1102 1026 1156 1090 1799 1679 1520 1718 1219 1507 
1080 1838 1547 1800 1354 1573 1343 1174 
1081 1174 1478 1010 1126 
1082 1868 1825 1791 1796 1644 1264 1645 1078 1166 1578 
1083 1739 1765 1023 1484 1716 913 1299 1544 389 1065 1536 1451 1689 1625 1241 1120 1876 1784 1093 1379 1326 1013 
1084 1393 1377 
1085 946 929 1828 960 939 1295 1490 1512 1868 1685 
1086 1651 1294 1085 906 1491 958 994 363 1910 1709 1656 1794 1356 1013 1744 1870 1062 1514 1609 968 1056 1070 1121 1106 1084 1566 1697 963 1498 1611 1555 1579 1162 955 1326 1846 1394 1850 1295 1838 1034 1723 985 1384 1331 
1087 1182 1799 1238 1327 
1088 1830 1369 1734 
1089 1227 1571 1504 1366 
1090 1629 
1091 1294 1604 
1092 944 1274 1195 1448 566 942 1412 
1093 1415 
1094 1017 1439 1448 1269 
1095 1563 1597 
1097 1859 1696 1630 1176 
1098 1799 1910 1793 
1099 1615 1500 951 924 1381 1735 1860 1809 1675 1291 
1100 1162 484 1484 1739 1188 933 1366 1343 1259 1329 1780 1267 
1101 1216 1635 1667 1474 955 1373 1325 1523 1808 1164 951 1247 1167 1082 1459 1823 1659 1326 1292 1629 1461 1513 1044 1870 
1102 1123 1010 982 1142 1665 1835 974 1158 960 1789 1042 1047 1061 970 1365 
1103 1395 1861 
1104 1688 1613 1437 1433 1384 1321 962 1405 1847 1804 1172 1324 1337 1397 1467 1195 1656 1506 976 1567 1369 1314 1633 1187 1621 1469 
1105 1318 
1106 1740 1001 1114 1715 1059 1700 981 
1107 1534 1763 1061 1573 1396 1838 970 1298 1794 912 1307 1826 1226 1446 1171 1905 526 1627 1526 921 1856 1713 1332 563 1138 1504 1177 1310 1910 1614 1747 1702 1596 
1108 1089 1375 353 420 929 980 
1109 1210 1782 1765 1878 1879 1862 1612 1269 1367 1480 1903 1815 
1110 1028 1759 1501 1246 1145 898 1012 1151 1608 1223 1434 1436 1781 1625 1265 1694 1256 1249 
1111 1208 1128 
1112 1161 1866 1615 1788 1320 1452 517 
1113 1004 1626 475 1246 1621 1826 1352 1842 1268 1895 1654 
1114 1641 1540 1868 1191 1476 1652 1259 
1115 965 1073 1187 1406 1168 1530 1025 
1116 995 1282 1886 1068 1165 1429 926 
1117 1884 1193 1111 1083 1203 910 1170 970 1671 992 1122 899 1064 1439 974 1852 1498 1373 1416 1156 1089 1757 1850 1057 1651 1690 
1118 1373 1832 930 1197 1024 1132 1164 1610 1487 1382 
1120 1098 1905 898 1902 943 1465 991 1879 1067 1056 1169 
1121 1048 1731 931 1147 1309 
1122 1409 1564 1795 937 1141 1694 1866 1150 
1123 1493 1168 1741 1647 1244 1890 1020 970 1549 1780 957 1264 1874 1683 947 1666 1011 1378 1832 1285 
1124 1496 1882 1623 944 1010 1042 1691 1086 348 1133 1633 1426 1115 1718 1271 1607 1240 1464 1895 1328 
1125 1400 1011 1557 1077 1464 1511 1376 1010 1767 1057 1385 924 1251 990 1483 1031 1029 996 1326 923 1819 
1126 1846 1157 366 1574 1755 1795 902 1097 994 915 1094 1705 1363 1093 1479 1273 1720 1751 1866 1784 1261 1235 1049 1703 1528 1378 971 1442 1575 1030 1123 1141 1682 1674 1026 903 1315 1054 1155 1649 968 1778 1404 
1127 1297 1415 1612 1547 1185 
1128 1503 1314 1351 904 1058 1409 1754 1705 1371 1455 1141 1553 1595 1419 
1129 1164 1002 931 923 1090 1430 1858 1315 1750 1328 1437 1772 1820 1653 
1130 1240 1885 1288 1241 1903 1319 1226 1290 1072 1753 1770 1528 946 1844 1076 1729 651 1575 1620 
1131 1210 1585 1147 1525 1632 1105 
1132 1748 1414 1451 1638 1532 1496 1681 1247 1885 1704 1650 1670 1749 1716 1472 1479 1277 1362 348 1583 1478 941 1249 1410 1469 1150 1778 1745 420 1178 1660 1477 
1133 937 
1134 1688 1495 
1135 1567 1634 1230 1741 1735 1227 1325 1836 1267 935 1857 1442 1190 
1136 1584 1836 1404 1160 924 1260 
1137 1055 1777 1869 1772 
1138 1342 1782 
1139 1055 1014 
1140 
1141 1216 1170 1196 1584 
1142 1257 933 1239 1436 1371 1199 1262 1256 
1143 1609 
1144 1325 1732 1286 1162 
1145 
1146 966 899 961 1424 1035 1102 1476 366 1407 1177 1221 1839 1022 1034 1808 1863 1171 1056 924 1359 1809 1590 1816 1574 
1147 
1148 1773 1657 1856 1303 1251 1870 
1149 1142 1465 1497 1311 1212 1500 1778 1764 1441 1020 1532 1648 1165 1134 935 1838 1846 1709 1604 
1150 
1151 1310 1234 921 
1152 1098 1569 1023 1317 1332 
1153 0 1570 641 1038 998 920 1393 1426 1776 1012 1835 1151 1030 1050 1880 1070 1312 1358 1642 1654 1200 913 969 1304 1797 1709 
1154 1799 
1155 1748 931 1800 1496 649 1841 1013 1880 
1156 1869 997 1765 1274 1361 1705 968 992 1015 1189 1872 914 1776 1864 1031 1033 1020 
1157 
1158 1026 1087 1246 1120 1634 1253 1526 1868 1850 1301 
1159 1824 1023 1223 1329 1862 1879 1443 1208 1498 651 991 1213 
1160 1053 1704 1367 651 1144 1353 1499 1443 1325 1358 1276 1777 1812 1598 1265 1136 1128 1905 1051 1701 1383 1345 1099 1553 1769 1101 
1161 
1162 1403 
1163 1720 1429 1849 1328 1242 1493 930 999 1251 1138 1686 949 1506 1779 1100 927 1406 1860 1423 
1164 924 353 1878 1788 1718 
1165 1836 899 1643 1291 
1166 1362 1315 1758 1650 1077 1680 1041 1319 1368 
1167 981 1034 1031 1537 
1168 1501 1450 1574 
1169 1024 376 1091 1357 
1170 1875 0 1318 1438 1879 1756 
1171 
1172 903 1648 1039 948 1620 926 538 1451 1383 1614 1455 1038 1651 1844 924 1712 1653 1116 1317 1019 1706 919 1312 1097 1033 1848 1827 1873 1536 1565 
1173 1828 1911 1594 1118 1602 1592 919 1673 1043 1498 1116 1022 1802 1019 1145 1274 1496 1364 0 1083 1091 1134 1693 1225 944 
1174 1857 1347 1505 
1175 1815 1445 1615 1905 1653 1677 1369 928 1884 959 596 1394 1878 904 1117 1393 937 909 1051 1858 1057 1439 972 1178 
1176 1675 
1177 963 1379 483 1269 1442 
1178 1379 1149 1515 
1179 1833 1453 1886 1680 1608 1639 1337 1878 
1180 1113 1348 1417 1876 1383 1670 580 1705 
1181 1634 962 1633 952 1109 1667 1449 1462 1393 1722 1439 1265 1278 1909 914 1548 1183 1646 1270 916 1890 1680 1567 1187 1751 
1182 1306 1088 1824 907 1510 1481 1848 1738 1014 1685 1121 
1183 1595 651 1353 1651 1459 
1184 1072 58 1427 1451 969 1037 1649 171 1425 1347 931 1263 1178 1857 1753 924 651 1441 932 1019 1204 1646 1051 1226 1243 997 1900 1690 1113 1326 1666 1336 1624 1233 1447 389 1258 1629 1147 
1185 1461 1286 1324 1555 1021 1186 1408 912 1216 1673 1847 930 1151 1104 1444 1631 1225 1495 1140 1014 969 1524 1238 992 973 913 414 1107 
1186 1738 1294 1593 1134 
1187 1140 1505 1824 
1188 1016 517 1143 1599 1358 
1189 1441 915 1674 1247 1600 1302 
1190 1497 1077 1292 1624 1391 1032 1729 1841 1194 1133 1890 
1191 1681 947 1772 1652 1013 1859 1279 1353 1690 1277 1631 903 1548 
1192 1603 1613 1241 1166 1710 1513 1357 1601 1085 1328 1335 1605 1222 1162 1888 1741 1892 1704 1798 1766 1387 1046 1821 1457 1878 
1193 1709 1879 
1194 1243 
1195 1794 1752 1818 982 1493 1369 
1196 1349 1522 
1197 1476 1879 1203 
1198 966 1240 1831 1027 1597 1790 1128 1432 1475 1226 1320 1691 1692 1860 1669 1512 1397 
1199 1801 1545 1227 905 1860 1477 1293 1243 1369 962 964 1762 1704 1325 1179 1077 1121 1010 1812 1733 1567 917 1427 1091 1837 1029 1273 1657 1615 971 1360 1263 1507 1321 1645 1165 1836 1672 1698 1727 1134 1572 1169 1808 995 1102 1655 1552 1832 1520 1358 1510 
1200 1072 1605 
1201 1093 1683 1884 1356 1517 964 1154 916 1537 1338 1646 1633 
1202 1885 526 
1203 1103 976 896 
1204 1660 1254 1039 1795 1209 596 1572 1276 1798 1580 1437 986 1664 1770 1075 1499 908 1146 1552 
1205 1597 1041 1856 917 914 1373 1633 1279 1357 1777 1491 1505 1084 1269 1227 1404 1414 
1207 1407 1182 1546 641 1157 1311 1387 924 1699 1375 1572 1084 1744 1442 
1208 
1209 1765 1670 1698 1402 1205 1174 1481 1219 1714 942 1097 
1210 1396 1271 1439 1853 1169 1436 1720 1170 
1211 428 962 1318 1292 957 1718 1238 1363 1261 1811 1676 1209 1095 1622 942 1236 998 1254 975 1029 1537 1084 1087 1585 1762 1210 1829 1483 967 1044 972 1280 1700 1129 936 912 1504 1035 1855 1486 
1212 1004 1380 916 
1213 1081 1025 
1214 1355 1448 990 996 1010 1306 420 1326 914 1806 1869 1525 1061 1599 1224 1433 1048 
1215 1264 1712 1899 998 977 1741 
1216 1711 1476 1662 1431 1230 1778 1775 1201 1670 1902 915 
1217 1193 947 1511 1703 1382 1777 
1218 1632 1656 1699 
1219 1558 1572 1731 1298 1569 1471 1642 1565 1278 1889 1022 1180 1685 1285 1334 
1220 1351 1294 
1221 1383 1694 1490 1461 1282 1868 1141 1045 1002 1396 1285 1243 1054 1846 1676 1621 1565 1558 1780 
1222 1836 1013 1057 1649 1060 1354 641 1462 1248 1781 1440 1426 1488 1226 1536 1552 1660 1750 1396 1583 1778 1573 1193 1749 1799 1342 1495 1355 1450 976 940 1009 1443 1832 905 1068 
1223 1813 1487 1171 1036 
1224 
1225 1721 1641 1278 1090 1884 1333 
1226 1492 1364 991 1780 
1227 1116 1641 1506 1270 1070 1794 1802 1368 1312 1224 920 1451 1320 1473 1483 
1228 1678 1226 1464 1212 
1229 1511 1291 1076 1538 1627 1593 1047 1434 1177 1401 
1230 1634 1863 1700 1248 1738 1852 1649 1562 1085 601 376 1328 1901 1405 1773 904 1324 1666 
1231 1244 1482 1619 1863 1713 1885 1784 1464 1306 1648 1408 1319 1561 1689 1903 1500 651 1142 1547 
1232 1115 1705 988 
1233 
1234 1470 
1235 1910 1901 1736 1349 1813 1667 1648 366 1452 1891 1717 1058 1323 1693 1894 1480 1051 974 1160 1779 1145 1407 1755 1510 
1236 1086 1655 1509 1359 1391 1323 1285 
1237 1010 1438 1595 1503 1024 908 1019 1782 1324 1011 956 1504 1086 
1238 1203 984 1528 1812 1754 1261 1577 1306 1319 1529 1718 1655 538 1651 1475 944 1141 1373 1906 1366 1478 1358 1498 1536 1677 1092 1458 1679 925 1807 
1239 1778 1362 
1240 
1241 1567 1824 924 1499 1884 
1242 1316 1439 1256 1657 1097 1032 1673 1259 1161 1686 1099 1186 1102 1696 1483 1389 1594 927 1590 1884 1091 1489 1910 
1243 1013 1722 1793 1837 1134 1832 1853 1527 932 1882 1529 1338 1515 1448 1436 974 1196 1280 1150 1774 1488 1341 1495 1081 977 
1244 1868 1549 
1245 1427 1276 1534 1866 959 1800 1852 1097 1710 
1246 944 1444 1690 941 1659 1210 
1247 1889 1601 915 107 987 1227 
1248 
1249 1046 1360 
1250 966 1155 1224 1698 1279 1200 1871 1837 1749 945 912 1065 1269 992 1015 1904 1414 1549 1818 1201 962 1024 1050 1025 363 1030 
1251 1485 1862 999 
1252 1537 
1253 
1254 1357 929 
1255 1508 1723 1826 1123 1712 1851 1328 1843 1106 1812 580 1011 1640 1331 1342 1900 1308 1097 1720 968 1850 1034 1165 1594 1335 1060 1505 
1256 1033 1346 1444 1129 1304 1735 1274 1267 1127 1896 1093 1014 1450 1389 944 995 1606 1484 1564 1848 
1257 1627 1241 1303 1254 1181 1411 1899 1362 
1258 1504 1712 1232 1911 1339 1262 
1259 934 1100 1757 1333 1591 1040 1686 912 1828 1531 1158 526 1551 1483 
1260 989 1291 1666 953 1800 
1261 948 1155 1535 945 1636 1262 1124 967 1469 1666 944 1185 1224 1785 
1262 1870 
1263 1730 
1264 
1265 1540 1536 1108 1856 1316 1199 
1266 1363 1740 1638 366 1647 912 
1267 1722 1404 1487 1305 1720 1885 910 1200 601 996 1810 1739 937 1518 1813 1709 1698 1134 629 1235 1754 898 1278 1475 1683 1233 1301 1415 1657 995 1488 1205 
1268 
1269 1701 1556 1325 966 1789 1086 1743 1504 1000 1694 1317 1901 1629 1811 1233 1091 1024 1865 1717 1681 1852 1272 931 1900 1432 1863 1728 1446 
1270 
1271 1409 1003 1693 897 1592 1363 1441 1321 912 1290 1499 1033 1374 1643 1278 1819 1600 1273 1461 1095 1224 1597 1013 
1272 929 927 606 1828 1592 1671 1531 1032 1253 1842 1437 1102 1645 1636 1433 1512 1898 1549 1706 1525 1742 1232 1268 
1273 1013 1889 1613 1121 1463 1175 475 1491 1663 1498 1597 1006 
1274 1543 1261 1291 1847 
1275 1254 963 1307 928 1507 1515 1390 1652 1298 1273 1643 1213 1138 
1276 
1277 1184 1419 1886 1794 996 1272 1759 1690 1900 1523 928 1114 924 1224 1145 960 1837 901 1678 1847 1625 
1278 1036 1875 1636 1433 942 1793 1517 1749 
1279 1852 1506 1604 1707 1465 1566 1042 1414 1262 1006 1180 
1280 1457 1209 1307 1858 1259 1482 1401 1565 1032 1541 1340 1385 1690 
1281 940 1700 1195 1286 998 1702 1406 
1282 1585 1323 1172 1579 1413 1375 1163 1307 1330 1127 1897 1430 
1283 1624 1275 1725 929 1485 917 
1284 1088 1010 649 1473 1272 1062 1658 1090 993 976 1095 1144 
1285 1004 1855 1251 1593 1574 1140 978 923 1214 1038 956 
1286 927 1812 1898 1106 1704 1613 
1287 1808 1709 649 1472 1705 1524 1719 1794 1764 1198 1309 
1288 1092 1316 1540 992 1476 1151 1122 1130 1157 1845 1838 1763 1382 1559 1514 900 1844 1395 1555 
1289 1405 1121 1571 1043 1705 1331 1421 1845 1907 1837 1106 1340 1061 1710 
1290 1394 1000 1848 1607 1760 1809 1575 1196 1642 1106 1533 1173 1734 1766 1281 1417 900 
1291 1470 1419 1262 1631 922 1314 1064 1265 1240 1181 1571 1885 1231 1654 1708 1700 959 1170 996 1120 1532 1164 1703 1904 1327 1040 1436 
1292 1135 1402 1167 1367 1612 1416 1833 1284 1109 1493 1198 999 
1293 1101 1593 1862 972 1186 1725 1704 1713 1705 1079 1177 1825 1778 1191 
1294 1418 1718 
1295 
1296 1837 1571 
1297 1757 1366 
1298 1763 1812 1390 1761 1118 1844 1871 1798 1040 1285 1422 1549 
1299 920 1852 998 937 1766 1480 
1300 1691 1046 
1301 
1302 1091 1058 1274 1673 1874 1842 1447 901 1532 1655 1852 1533 1112 1711 1553 1252 1570 1873 1318 1286 1041 1818 1453 1575 1098 1361 969 58 996 1738 1348 1618 1433 1403 
1303 1433 1439 651 1270 944 1601 1885 1027 1610 1284 
1304 897 1026 1254 1057 1383 1244 1743 1350 1021 
1305 1741 1897 1582 1167 483 1259 1558 1213 1100 1081 1107 1669 1374 1380 951 1840 1468 
1306 926 1358 1792 
1307 1054 389 1246 1756 
1308 1280 1279 932 484 1278 
1309 1480 637 1288 
1310 1153 1609 1383 
1311 1776 
1312 1382 1246 1501 1900 1670 1336 1851 1294 1366 1895 1416 1476 1728 1497 1254 1395 1523 1533 1190 1443 1264 
1313 1820 1085 1598 930 968 1530 1672 1767 
1314 1551 969 1658 1865 1413 
1315 1485 1293 1598 1064 1313 
1316 1662 1653 1284 1798 1855 1712 
1317 1157 1108 901 1149 
1318 1697 1887 1216 1525 1275 1130 
1319 1041 1344 1571 920 1284 1899 
1320 1055 1649 1218 1470 900 1040 1769 1517 1573 649 171 1801 1240 
1321 1000 975 1426 1755 1444 1656 1067 
1322 1143 1679 1011 1614 1777 1006 1746 1139 1008 941 1489 1003 1674 1065 983 1252 1349 1278 1594 1784 
1323 1536 1254 1851 483 1401 1459 1807 1845 912 641 1612 1236 1522 1172 
1324 1178 1056 1030 899 912 957 
1325 1544 
1326 1196 
1327 909 1467 1264 1393 1216 1224 1381 1780 1804 
1328 1361 1648 1321 1005 1375 1849 
1329 1155 566 1708 1521 968 1793 1541 1532 1373 1421 1591 990 1305 1633 926 1732 1093 1642 1294 991 1490 1844 1448 1351 1884 
1330 1482 1061 1417 1231 1557 1878 1113 1729 1763 1649 1494 1895 1156 1201 1700 629 1672 1227 1887 
1331 1535 1133 1798 1664 1098 1425 1486 1263 1636 1639 1517 1534 1758 1759 917 1112 1866 1810 1720 1338 1200 1391 1737 1851 1389 1562 1778 1296 919 998 1071 1550 1303 1451 1729 1518 1208 1313 
1332 1303 1861 1220 1389 1779 1630 1516 1435 1904 1172 1415 
1333 1080 1570 1602 1207 1741 475 1865 
1334 1387 1424 1157 1069 1294 923 389 1699 1506 1070 1443 1693 1508 1128 1582 1358 
1335 1688 1748 1561 1498 1272 1457 1747 1895 1607 1255 1019 1744 1210 937 1678 1314 1297 976 1150 986 1432 1734 1196 1353 1408 1036 1356 1055 1586 
1336 1318 1563 1237 1657 1417 1352 1404 1349 1414 1188 1527 348 1760 1618 1438 
1337 1236 1087 1763 1361 1669 1713 
1338 1058 1343 1292 1375 1491 1223 1130 1669 928 1340 1081 
1339 1836 1378 1358 1570 1860 988 1035 1084 1388 1514 1087 908 1579 952 1447 1073 1145 1473 1263 1881 1830 951 1070 915 
1340 917 1777 1478 1816 1044 1423 1698 1101 1298 1092 1583 1078 
1341 1382 1569 932 1127 1642 1720 1394 933 1701 1301 1597 1155 1227 1602 1758 1269 1704 1664 1450 1476 1785 1030 1550 1150 1700 908 1802 959 1777 1435 961 1836 1874 1863 1226 1057 
1342 1859 1679 
1343 1683 1313 1663 
1344 1713 1910 1807 1149 1639 1680 1422 1089 952 1791 1366 
1345 900 1211 1162 1035 935 1343 1665 1670 1759 1205 484 1278 1267 1280 1460 1609 1528 1709 
1346 
1347 1505 1116 925 1897 1681 1835 1174 1109 1652 1442 1260 1304 1454 1785 
1348 1253 1280 1699 1607 1102 1636 
1349 1304 1268 1619 965 1120 1827 1755 629 1039 1330 1482 
1350 1124 1817 1237 1085 
1351 1884 1334 1128 1193 1576 916 1794 1182 637 1421 1246 1296 1584 1116 935 975 1239 
1352 601 1295 1474 1197 1196 1385 1441 941 1864 1506 1521 1774 954 1074 1382 1013 1353 1524 1296 1517 1306 1686 1676 1358 1401 933 1576 1569 1395 1527 1744 606 1710 979 1556 1698 1764 1111 1283 566 1748 1794 1817 1634 912 1093 1640 484 1546 
1353 
1354 
1355 1232 1075 580 1062 1212 1004 
1356 1470 1037 1588 
1357 1261 1905 1243 1498 1335 1475 1064 
1358 1292 920 1429 1264 1303 1650 981 1861 1211 1248 1336 1870 1259 
1359 1448 1644 1859 955 998 1080 1226 538 1743 1418 1197 1028 1374 1516 1406 1262 1270 1159 1155 1113 1019 1691 1135 
1360 1742 1667 1259 1094 1529 1811 1010 1666 
1361 987 904 1634 1044 1733 972 1507 1500 1709 629 1411 1016 1086 1695 641 1698 1700 1750 1453 1823 
1362 1033 
1363 1716 1670 
1364 1301 1454 
1365 1037 1157 1101 420 1872 1728 1372 1302 1681 1077 
1366 1026 1799 1163 1028 1165 1615 1558 1467 1425 1196 1059 1082 1573 1601 
1367 1388 1608 1646 1157 1227 1549 1231 1896 1303 1905 1373 1354 1180 1655 1495 1795 1699 1243 1814 1696 1203 1266 1868 1562 
1368 1484 1187 1239 
1369 1595 1126 1081 1040 1903 1225 1171 1703 1154 902 1748 
1370 1273 1441 1275 1434 1590 1308 1174 1860 1406 1219 931 420 1278 1467 1232 1857 1831 1688 1790 1585 1789 1704 1718 538 1079 1092 1374 1012 1523 
1371 1505 1864 1400 1145 1737 1553 934 641 
1372 629 1803 1525 
1373 1127 1291 1906 994 1370 1720 1447 1438 1700 1401 1608 428 1580 1545 1790 1284 1036 1905 
1374 1033 1554 1332 1660 
1375 1684 1700 1091 1065 1179 1376 1050 1665 985 
1376 1567 983 926 963 1115 1138 1360 1860 1274 1294 1247 1343 1087 1432 1871 1017 1179 1434 1137 965 1670 1001 1709 1779 1844 1384 1355 1371 1413 1903 1337 1231 1843 1373 1536 1450 984 
1377 1054 979 1116 1703 1628 1555 1550 1107 1718 930 1906 1853 1083 1309 1257 1108 1739 985 1423 1125 1343 1518 1360 1299 1774 1393 1354 1250 1063 484 1035 1325 1489 1698 1327 1161 1055 1373 944 1517 1710 1223 
1378 1854 1070 1879 1864 1039 1409 1757 1608 1299 896 
1379 897 903 1392 1390 1759 1412 1271 1199 1874 1147 
1380 1043 1582 910 980 1413 1340 1248 1535 1901 1883 1429 1558 1320 1766 1099 1867 1224 973 1382 1755 1145 968 1788 923 1814 
1381 1822 1047 1596 1432 483 1538 
1382 1497 1586 1385 1204 1722 1056 1129 1817 
1383 1425 
1384 1606 1801 1218 
1385 1270 1765 1283 
1387 901 1042 952 
1388 1734 1737 977 1336 1481 1219 1369 984 1079 1092 1596 1102 1411 908 
1389 1238 1555 1630 1608 1798 1422 1573 
1390 1685 1394 1171 1108 922 1264 1704 1039 1893 1408 649 1260 1718 1181 1252 949 1011 1624 1166 1700 1397 963 1018 1060 914 1711 1599 1552 1320 1611 1779 1738 1825 1328 1100 1859 1085 1896 1235 563 1758 
1391 1786 171 1189 1742 1521 1731 1099 1710 1889 1705 1866 1694 1066 629 1310 1453 1618 1450 1473 1580 1357 1316 1151 1637 1776 1701 1573 1515 1094 1850 1599 971 1065 1397 1263 1500 1830 1670 1513 
1392 1760 1794 1394 1765 1250 1485 1226 1203 
1393 1831 1322 1622 1615 1177 1661 1369 1163 1205 1719 1207 1631 1651 1223 1838 1019 1796 1148 
1394 
1395 1792 
1396 1748 1219 1845 996 1089 1101 1274 1191 
1397 1755 1638 1582 1396 
1398 1255 1870 1141 1450 1026 1264 
1399 1171 1797 1832 1102 1023 1032 1410 1553 1506 974 1720 1910 1523 1461 1054 1115 107 1593 538 1887 1015 1247 1855 1806 1608 1292 1909 1261 1393 1511 1445 1112 1848 1266 1537 1207 1680 1749 1057 1062 1483 
1400 1724 1488 
1401 1297 1463 
1402 1531 1364 923 1626 900 1171 1759 353 1015 1087 1513 938 
1403 1462 
1404 1301 949 1557 1484 902 1759 1468 1259 1392 
1405 1157 1649 1617 1244 1627 1884 1894 1847 
1406 1403 984 1813 1394 1410 1147 1673 936 1741 
1407 1812 1232 1291 1745 1260 1592 
1408 1507 919 1034 1250 1544 1513 1521 926 1786 1148 966 983 
1409 1909 1666 1557 1327 1870 1523 1897 1123 909 1808 1085 1524 1037 1890 1547 1193 1543 1781 1274 1335 1125 1871 1494 949 1357 
1410 1217 1471 1183 1894 1750 
1411 1332 
1412 1044 909 1383 1862 961 
1413 900 1831 1304 1625 414 935 1467 1673 1527 1756 1729 1706 
1414 1863 
1415 1268 1513 107 1054 1803 1136 
1416 1188 1271 1001 1674 1151 1812 898 1856 363 1143 1646 900 1738 1288 1407 1829 1149 1345 1258 1002 428 1207 1314 1334 969 1764 1455 1024 
1417 1003 
1418 1862 908 1565 976 1158 983 
1419 1172 601 1507 
1420 908 566 979 1754 1319 1274 1054 919 1227 1136 945 1204 1445 1400 1018 974 1322 1151 1656 1310 1561 1687 1668 973 1899 1178 1461 1132 1314 414 376 1127 1708 1604 1256 1540 1402 1582 1740 1198 1496 1084 
1421 1812 1275 983 1287 1470 1739 
1422 1550 
1423 1705 1692 965 1811 1519 1338 899 1075 1652 1672 
1424 1817 1412 1773 1399 
1425 1550 925 1313 1152 1606 1240 1094 1108 1390 1329 
1426 1868 1651 987 1136 1564 1207 
1427 1282 1245 1824 1382 1376 1662 1311 1118 1626 1606 414 
1428 1804 1844 1281 1676 1665 1696 1016 1229 
1429 984 1088 993 1703 1666 1490 1894 1278 1508 601 
1430 
1431 1484 1718 1473 1518 1221 1875 1323 965 1308 1469 1260 1148 1874 1010 1687 563 1652 1478 1189 1147 903 1044 896 1579 1510 1772 1695 1884 1251 939 1414 1403 1421 1653 1245 1776 1418 1534 1524 1692 1526 901 1247 994 366 1027 1145 1733 1196 1783 
1432 1371 1352 1020 1847 1758 952 1770 1379 914 1498 1473 1788 901 1191 
1433 1028 651 1574 1276 1182 
1434 1180 1106 962 1234 
1435 1855 1570 1578 1704 1293 1502 1251 1506 
1436 1788 1909 1680 978 1060 1892 1519 
1437 1823 1805 1634 1498 1228 1050 1235 1704 1619 1875 1509 1287 913 1547 1630 
1438 483 563 1584 1754 1836 1436 1180 1222 1108 1176 
1439 1073 363 1746 
1440 1668 1535 1542 1613 1387 
1441 1030 
1442 
1443 1437 973 
1444 1616 1354 1120 
1445 1124 
1446 1777 1352 984 1831 
1447 966 1790 1892 1487 1012 1154 1351 1059 1251 1272 928 1832 1197 1065 1854 1278 1104 1028 933 1828 1410 1202 1030 1706 987 1674 1646 1398 1405 1185 1479 1482 
1448 1308 1623 1217 1867 1037 1008 1004 1102 1016 1020 1832 
1449 1893 913 1188 1740 1247 1505 1436 1553 906 389 1908 1595 1814 1630 1760 1078 965 1143 1385 
1450 1538 937 1490 1495 1320 1745 
1451 1832 1065 996 1048 1690 1475 1374 1910 946 959 
1452 1620 959 909 596 1240 
1453 1006 974 1624 1090 1334 1040 
1454 1023 1281 1538 1787 1570 1404 1517 1224 1640 1426 
1455 908 1557 1640 
1456 1216 475 1450 1050 1440 1403 1623 171 1842 1309 1555 1410 1220 1069 1636 1766 1459 1755 1099 1828 1395 975 1233 1562 1875 974 1438 899 1303 
1457 937 1263 1479 974 1596 1113 1212 1682 1702 908 1871 1112 1798 1530 1799 1670 1643 1049 1243 1104 
1458 1875 1487 1367 1856 
1459 986 1765 928 1528 1413 1634 1773 1332 1211 1161 912 1340 1799 1092 897 1476 1331 1397 1294 1637 1540 1663 
1460 1819 1406 1618 1684 1656 922 956 1596 580 1550 1237 
1461 946 0 
1462 1022 1164 526 1818 1806 1025 1907 1482 1538 1682 946 1556 1745 
1463 1122 
1464 1595 1908 1083 1433 1442 1417 1866 
1465 896 1461 1336 981 
1467 1118 1567 1188 1187 1683 943 1069 563 1320 1747 1687 1514 1238 1585 1810 1504 606 1517 1181 1404 1229 1060 1725 1699 1673 1177 1573 1636 1648 907 
1468 1679 1457 1194 1667 1004 1029 420 1605 1530 1850 
1469 1804 1704 961 1199 1605 1084 929 1789 1050 1349 1729 
1470 1134 1855 1644 898 970 1662 1172 1098 596 1616 1502 1748 
1471 1739 1174 1837 1194 1518 1464 1537 943 1665 1869 1854 1582 1790 1626 972 1446 1049 994 1118 1158 1350 1448 984 566 363 922 1218 1425 1476 1539 
1472 1712 1902 1123 989 1116 1910 1276 1403 1291 1822 1908 1789 
1473 1372 1306 1713 1552 1646 1181 1905 1783 
1474 1576 
1475 1746 1152 1087 1758 1415 1613 1387 1785 1380 1646 1911 526 1725 1633 997 1793 1128 
1476 
1477 1735 1396 1274 
1478 1039 1842 926 
1479 1509 1852 1645 1039 1626 1308 1035 1293 1299 1558 932 414 1296 1463 1291 1053 1514 948 1712 1489 
1480 1326 1239 1632 1532 1597 1084 929 1687 1827 1294 1725 1864 1229 1776 1336 1520 1547 1432 1141 898 1316 1160 1866 1786 1686 952 1737 1493 1638 
1481 1751 1866 1118 1330 
1482 1006 1693 1755 1315 363 1507 1300 1186 1344 916 
1483 1304 1634 1417 1062 1110 1347 1569 1223 1287 1825 1188 952 1219 1689 1045 1336 
1484 931 1507 1452 
1485 1450 1244 1141 1463 1907 1437 1847 1326 1157 1056 
1486 1744 1720 
1487 1011 1618 910 1283 1759 1445 1402 1042 1118 
1488 1478 1526 947 1846 1801 1349 1057 1374 1019 1643 1304 1048 961 1564 1013 1700 1469 1880 1591 1705 1075 1049 1169 1061 1105 1895 1758 1152 1439 1767 1174 1035 1264 950 1381 913 
1489 1607 1787 1553 1608 
1490 
1491 1427 1258 951 1632 954 1900 1338 1702 601 1897 1130 1398 1893 1820 1022 1094 1203 1385 1458 1229 1320 1908 1323 1195 1472 974 1755 1639 
1492 1307 1814 
1493 1204 1170 1855 1758 1394 1027 1559 1422 1715 
1494 1566 1090 1132 1020 977 1050 
1495 1910 641 1637 1467 1881 1251 1401 1035 1299 1653 
1496 1297 1333 1883 1613 1325 1669 1234 1746 
1497 1618 1681 963 1012 
1498 1378 1810 
1499 906 
1500 1762 1520 1222 1613 1780 1088 
1501 1606 1589 1527 
1502 1081 1184 1398 1176 1371 908 1404 1379 1593 1112 1320 1233 913 1437 
1503 1457 987 1083 982 1213 
1504 977 1290 1191 1232 1594 1490 1667 1529 
1505 1463 1667 1426 1643 1125 1891 1633 1129 1410 
1506 1838 998 
1507 997 972 580 
1508 1683 1590 1380 1595 1359 1091 
1509 1067 1462 1259 1911 1174 1178 1448 1737 1213 1137 1636 958 1286 1719 58 1874 1005 1814 1596 1724 1070 1042 1058 922 1512 1555 1853 1722 1350 353 1647 1829 
1510 
1511 975 1524 1000 0 1348 1083 1673 
1512 1020 1346 1415 1853 
1513 1341 1519 1603 1611 1039 1430 1705 171 1838 
1514 1650 1455 1899 1324 1272 
1515 1156 1219 1617 939 959 1791 926 957 1776 1793 1596 1907 1375 1570 1882 946 1173 
1516 1728 907 1174 1304 1658 1673 1727 1861 1585 1824 1382 1196 1274 1458 917 1809 1908 1686 1701 1268 981 1652 1572 1213 1685 995 1052 1837 1696 1646 
1517 1234 1162 1600 1011 1130 906 1866 1245 1211 969 1653 
1518 1789 1534 
1519 1569 1237 1549 1279 1410 1316 1264 
1520 1863 1641 1823 1803 1673 1217 1263 1395 1553 1704 1244 1809 1404 940 1252 1655 963 1595 1074 1843 1153 1418 1085 1339 
1521 1651 
1522 1366 1660 1866 1902 1265 1676 1284 1625 1671 1541 1414 1270 1012 1435 1102 1000 1630 1245 1415 1180 1063 1174 939 1484 1155 1336 1719 
1523 1222 1062 1428 1148 1167 1677 922 1039 1160 1802 1098 1186 1408 649 1635 1207 1720 
1524 1691 1311 1342 1362 1241 1654 1448 1164 
1525 1598 1835 1843 1174 1194 484 1248 1136 1157 1034 
1526 1411 1861 1711 1580 1146 1793 
1527 1875 1536 1637 1775 924 
1528 1530 1230 1503 1186 1087 1092 1891 1095 1160 1776 1728 1597 1312 1476 1480 
1529 1801 1683 1464 1328 1198 1852 
1530 1413 1098 977 1633 1454 1508 1178 1428 963 898 1513 1170 1088 1315 1656 1387 1843 366 376 1074 1595 0 1347 1440 1782 1872 1019 
1531 1214 1491 1686 
1532 1168 1398 1860 1529 1188 1324 1470 1782 
1533 1711 1652 1000 1472 998 916 1338 1395 1078 
1534 1681 1344 1256 
1535 1539 1255 1874 1475 1146 1170 1761 953 955 1181 
1536 1839 1292 1115 914 1567 1562 996 1359 1297 1596 1836 1358 942 1814 1015 1071 976 1330 
1537 1010 1080 903 1854 1231 1140 
1538 1153 1111 986 1804 1659 641 1036 1794 1615 1230 1304 1120 
1539 1618 938 1659 1777 1792 1163 1346 1379 1840 1662 1200 1626 1364 1889 1409 1838 1650 1335 995 
1540 1263 1421 1823 1103 922 1335 1720 1497 1368 1668 1637 1445 1577 945 1872 1015 606 
1541 933 1585 1771 1363 
1542 1195 1806 1851 1483 1027 1547 1371 1866 
1543 1545 1707 1325 
1544 1353 641 1784 1532 1006 
1545 982 1104 1092 1338 942 1836 
1546 
1547 1159 1178 1866 601 1037 1278 1557 1010 428 1680 1729 1088 973 1129 1123 1910 1762 1874 905 1649 1807 1749 1145 
1548 1512 1352 389 1099 946 1890 
1549 1401 1755 1805 983 1317 580 1071 1128 1480 1577 1136 
1550 1802 1287 1089 1693 978 998 1566 
1551 1532 1596 1680 1740 1454 1557 1767 1807 1008 1687 1673 1830 907 1188 1356 1647 1142 1585 1703 1503 1026 1273 1064 1395 1277 1540 1871 1295 1099 1786 1049 1425 1223 
1552 
1553 1663 1878 1240 1311 
1554 1693 904 1369 1374 1453 1333 1282 1457 1094 1866 1063 1176 420 1239 1771 1164 1274 1897 1012 1896 994 1253 1324 1727 1498 1157 1003 1118 1114 979 977 1306 1216 1350 1784 1115 1619 1353 
1555 1333 962 1323 1049 1727 1351 947 
1556 1180 1221 1552 1160 363 1183 1381 1565 965 
1557 1016 1363 938 1265 931 1325 1848 1812 1862 969 637 1241 1447 1281 1294 1840 913 580 1298 1487 1843 1418 1313 1152 922 1716 1239 1094 1805 
1558 
1559 901 1899 1494 1829 1039 1395 986 1896 1371 1779 1780 1388 939 1473 957 1670 954 1013 1498 1224 1189 1464 1493 1008 944 1700 1397 1063 1195 1075 1593 1848 1049 1412 1787 933 
1561 1535 1784 1145 1515 1297 1653 
1562 1514 
1563 1091 1224 1890 1481 1729 1512 1098 1077 1273 1357 1811 1906 1127 1285 1824 1817 
1564 1590 1859 637 
1565 1562 414 1613 1314 
1566 1724 1079 1213 1718 897 
1567 1036 1519 1014 1753 1049 1020 1862 
1568 1729 1439 1141 1226 1001 1447 
1569 1357 1259 1415 1303 1019 1543 1524 1767 1493 
1570 968 1853 1836 1896 1547 58 1275 1520 1831 1503 982 1856 1051 1115 1440 1274 1054 1785 1631 1042 1072 1346 1139 1824 1764 1260 1293 1188 1009 1705 1318 
1571 919 1098 1383 1697 1350 1565 1317 1595 
1572 1751 1161 1300 1289 1363 
1573 1755 1868 1336 1582 1833 1085 1059 1528 1358 1843 1762 972 1668 1796 929 1377 1547 1812 
1574 1534 1266 1791 1034 1603 1780 1644 1086 1387 1621 1864 1868 1498 1260 1439 1742 1454 1497 1461 1638 
1575 922 1179 1605 
1576 1190 1584 1116 1712 1268 1288 1835 1826 1708 1880 904 1849 
1577 1121 1587 1769 946 
1578 1647 1407 1226 1504 1055 993 1561 1436 1013 
1579 1214 1193 
1580 1691 1461 1465 1233 1911 420 1534 1150 1700 1346 1679 1171 1323 1436 1131 538 
1582 1707 1495 1715 1686 1352 1364 1598 
1583 1793 1797 1383 1678 1434 1594 1278 1297 1447 1095 1136 1567 1695 1692 1165 1233 1642 1781 1306 1876 1435 
1584 1494 1811 1655 1749 1226 1062 1196 1773 1039 363 1908 1462 1088 1646 1865 1434 1093 1648 1251 1112 1666 1650 563 1548 1204 1848 1496 641 1808 1754 1274 1394 1232 979 1007 1105 
1585 992 1127 1421 1707 1007 1269 1506 1543 
1586 1886 
1587 1254 1013 1546 1498 1666 1895 1651 1464 1097 1172 1325 1160 1762 
1588 1418 
1589 1348 1550 1208 990 923 1555 1084 1572 1870 1818 1281 1359 1218 1108 1202 1100 943 928 1882 1832 1591 898 1009 1393 1694 1251 1865 1306 1512 1696 1519 1648 1898 1360 1748 1403 1593 1220 1180 1566 1074 1587 1463 
1590 1187 1668 1535 1869 1780 1245 1754 1779 905 1477 1724 1395 997 
1591 992 1687 1476 1272 1190 1866 1317 1669 1704 1433 1739 1799 1670 
1592 1403 1442 1765 
1593 1527 363 1033 1571 
1594 981 1040 902 
1595 1683 1419 1305 1795 1297 1701 985 1852 
1596 1752 1202 1900 974 1077 1667 1010 1485 1295 1638 1545 900 1819 580 986 
1597 1883 1389 1224 1443 1756 1124 1490 1161 1839 1724 1401 1455 1904 1809 1887 1709 1673 1423 1419 926 566 
1598 1399 938 1514 1874 1669 1323 1887 483 1817 1578 1543 1237 1870 1577 1508 1210 1396 1768 651 1608 1630 
1599 1388 901 1079 1617 
1600 1486 1880 1642 1095 1519 1371 1545 1354 991 1572 1681 1398 1135 1887 1337 420 1133 1860 994 1866 1531 1034 
1601 1343 1233 1575 1166 1284 1474 
1602 
1603 1143 1519 1493 1537 940 641 1854 1133 1171 1468 1577 1811 1434 1055 1498 1812 1056 1818 1724 1473 606 651 1447 1163 1074 1450 1814 475 1424 
1604 1278 990 1866 1058 998 1425 962 601 1315 988 1649 1282 1201 1239 1450 1044 1038 1666 935 1536 1887 966 1162 979 1407 
1605 1494 1319 1522 1769 1444 1269 1828 1632 1417 1398 1065 1855 1908 1222 1120 950 
1606 1736 1147 1404 1860 1203 
1607 
1608 1033 1181 1115 1672 1557 1141 901 1148 1044 1323 1674 1180 1064 1596 1003 1136 1019 1803 1034 
1609 1480 924 1357 1785 1819 1189 1245 1487 1026 1404 1881 1187 1872 938 1672 1233 1838 
1610 1873 992 1544 1764 902 1320 900 991 1909 983 1103 1678 1161 1382 1602 1470 1473 58 1223 970 1696 952 1515 1624 1521 1524 1249 0 1149 1897 1345 
1611 1457 1303 1600 1369 1170 1606 1651 1201 1511 1590 1829 
1612 1402 1313 1716 1518 1139 1548 1086 1262 363 1845 1628 1587 1359 1397 988 1145 1189 1458 1299 1775 1268 1192 1574 1803 1593 1598 1895 928 
1613 1572 1449 1602 1268 1058 1463 1437 1782 606 1296 1443 1415 1910 1775 1844 389 484 1691 1573 58 1353 1739 967 1280 1871 1887 1766 1660 1741 
1614 1583 1427 1023 1198 1100 1569 1168 1564 1558 1231 1280 1174 1225 1154 1379 
1615 1237 1483 985 1604 1603 
1616 1716 1148 1733 1003 1286 1625 1363 1133 1474 1429 
1617 1067 1284 1458 1335 1012 1784 1748 1520 1882 1544 1411 1427 1373 1578 981 994 1908 1237 1792 
1618 1336 1441 958 
1619 1268 1889 949 1543 1334 1863 1631 1473 1237 970 1829 1102 1601 907 1468 1623 1667 1803 1777 1807 1789 
1620 1097 1362 1357 1693 1670 1721 1138 1451 1237 1248 1698 1596 1761 1301 1360 999 1808 517 1507 954 1284 1279 1008 1368 1011 1838 1748 975 1255 
1621 1134 1664 1744 1415 1901 1672 1754 1872 1787 1395 1632 1767 1531 1705 1062 1258 1852 1212 1794 1314 977 996 414 1232 1398 1052 1036 
1622 1168 1200 414 995 1487 1346 1348 1631 1905 348 1566 950 1710 985 1415 1576 1220 1536 1226 1363 1169 908 1392 1499 1445 1614 1884 990 1651 1254 1859 1883 1173 1233 1773 1052 1034 1756 1790 1284 1215 1735 1187 1130 1852 
1623 1354 987 1325 1725 1700 1123 1268 1572 1368 1556 1607 649 1634 957 1278 1215 1669 1540 942 1442 901 
1624 1760 1648 1302 1902 1042 
1625 1115 1190 1413 1747 1604 1431 1040 
1626 1579 566 348 1418 1559 1473 1485 1403 
1627 
1628 475 1532 1820 1395 1283 1825 1146 925 1217 1140 1517 1256 1885 1136 1414 1314 943 1852 1147 1786 1826 1446 1329 1071 
1629 1316 981 1282 1248 1537 1339 1744 
1630 1276 1351 1562 1542 1651 1059 1750 1624 1439 1756 1291 428 923 1302 1086 
1631 1377 1554 
1632 1143 1309 1294 1494 1729 1434 1194 1794 1224 1338 1403 1535 637 1881 1885 1388 1762 1110 
1633 927 
1634 1031 1422 
1635 935 1114 1459 1090 1131 1661 1877 939 
1636 1512 985 1731 1200 1853 1808 1440 1897 898 984 968 1022 
1637 1465 1232 1850 1318 1673 950 1910 1610 1727 1216 1395 1564 1489 1041 1553 1487 1300 1153 1561 1798 
1638 1097 1174 1151 1840 1789 
1639 1803 1491 1101 1518 906 1515 1710 1757 1552 1280 1566 1827 1432 1569 366 1209 
1640 962 1692 1035 
1641 1636 566 
1642 1413 1112 1084 1724 981 
1643 1517 1106 1308 1169 1816 1217 1646 908 1015 1143 1456 1550 950 171 1856 1692 1326 1533 1196 
1644 917 971 1052 1829 1292 1638 1467 1477 1487 1086 1815 
1645 1147 1089 1485 1617 1726 1275 1794 1893 1327 1083 1105 1684 897 
1646 1810 1725 
1647 970 1076 1784 1188 1607 1701 1002 
1648 1109 1596 1736 936 1549 1506 
1649 1385 1652 
1650 1131 1685 1833 1355 1085 
1651 1286 
1652 1843 1755 1385 1277 961 899 1283 1512 1404 1050 
1653 1456 1032 1407 1555 1781 996 1676 1811 972 1677 1245 1214 428 1501 914 1624 1553 1220 1658 
1654 1622 1487 
1655 1304 1178 1558 1821 985 1540 1227 
1656 1097 1356 1699 952 1146 
1657 
1658 1274 986 
1659 1732 1324 1495 1859 1042 1896 1524 962 1470 1636 1845 1506 1327 965 896 1886 1467 1807 1368 1815 1780 1309 
1660 1439 1818 
1661 1730 1516 908 1721 1380 1030 1409 1201 1004 1438 1608 1105 1685 1624 1799 1313 981 940 
1662 1458 1203 596 1142 1642 1802 935 1045 1741 1803 1027 1747 1647 1348 1549 1344 1372 1054 1393 1033 1644 1235 1463 1643 1875 1786 1769 1590 
1663 1066 1381 1368 1541 1010 1521 1687 1596 1260 1785 1651 1722 992 1841 1071 1595 1419 1748 1201 922 1025 1427 941 1749 1161 1910 1355 1664 1699 1828 1769 1362 1515 1701 1242 954 1152 1227 1030 484 1221 1474 1484 1045 1265 
1664 1575 
1665 1729 1264 1393 1502 1664 1337 1362 1035 1425 1100 1844 927 366 475 1753 1655 1596 1704 1780 1459 1521 1310 1210 1072 1744 1622 1317 1602 1186 991 1225 915 1401 1887 
1666 1870 1305 1093 
1667 1631 1608 1381 1499 1764 1065 1027 1272 961 
1668 955 1023 1551 1514 1787 1526 995 1348 1709 973 1441 1671 1715 953 1622 1064 1189 389 1069 1638 1138 1608 1183 
1669 1316 1005 606 1347 1555 1019 959 1780 1678 1273 1022 1071 1462 1527 1356 1903 1051 1682 1454 948 1192 1786 1485 1262 58 1654 1385 1564 1167 1066 1030 
1670 1121 
1671 1588 1455 1382 1364 1822 1713 1385 980 1736 
1672 1860 1228 1280 1605 1440 1702 
1673 1805 1713 904 1542 1480 1478 990 1504 1314 954 
1674 1533 1672 1385 1163 1679 1532 1588 
1675 1174 1268 1400 1869 1638 977 1908 1399 1749 1370 1193 1831 1346 1780 1081 1036 1629 1858 1557 1279 1853 1667 1512 1090 986 1082 1591 
1676 1424 961 1438 1117 
1677 1211 1098 1038 1710 1906 
1678 899 1161 
1679 1698 1139 1108 
1680 1093 1670 1710 1660 1595 968 1099 1354 1048 1690 974 1474 
1681 1366 1554 1409 1281 1748 
1682 1501 1691 1649 1414 
1683 1428 1794 982 1892 1846 1462 899 1616 1042 1780 1293 961 1651 1733 931 1820 1241 1691 366 1180 1805 1038 1358 1157 
1684 1101 
1685 1384 641 1850 1310 1847 1889 1433 1634 1236 1629 1204 1762 1252 1130 1539 920 
1686 1204 925 978 1598 1402 1636 1606 
1687 1255 1804 1376 1399 1352 1413 1462 1690 475 
1688 955 1587 1786 1490 1418 1892 1225 1106 1542 1172 1847 1549 649 1332 1819 1644 1118 1261 
1689 1138 1337 1541 1433 1122 1586 1889 1266 1703 1512 1007 1759 
1690 
1691 1135 1419 596 1112 1056 969 1760 1380 1523 1378 1117 1071 
1692 1843 1456 1120 1452 1243 1013 1008 1670 1794 1394 1077 1665 1076 1817 1068 
1693 1795 
1694 1829 954 1174 
1695 1189 1075 1073 923 
1696 1268 
1697 1173 
1698 1098 1130 1837 973 1123 
1699 1399 1341 922 1101 947 1866 1884 963 1264 1571 1075 
1700 1874 1770 363 
1701 1610 
1702 988 1412 1406 963 1761 1648 1464 
1703 979 1061 1282 1797 1103 1852 1031 906 1838 1110 1685 1737 1176 1820 1187 1220 
1704 1380 1312 1538 1317 
1705 952 1413 1847 1663 
1706 1128 1852 1356 1442 991 1326 1898 1112 1172 1221 1376 
1707 1421 1226 1751 1174 1129 967 1458 1889 1546 1372 1829 1229 981 1671 1819 1565 902 956 912 1204 1155 925 1572 1875 1292 913 1012 1055 1525 1786 1486 1233 1478 1246 1212 897 1243 1209 1091 1210 1896 1611 1245 1498 
1708 1223 
1709 1737 1039 1733 1426 1690 1078 1378 1792 580 
1710 970 1453 1214 
1711 1900 
1712 1240 1587 1071 1359 1338 1574 1472 1054 1349 1440 1301 1470 1481 1861 1673 1790 1134 1257 1596 1162 1645 1568 1632 1032 1865 1687 
1713 
1714 941 1699 649 1763 1074 601 963 1363 1000 1778 1173 1284 1574 1812 348 1278 1837 1568 1465 1194 1840 1154 1252 1404 1616 1178 1276 923 1641 1280 1716 58 1887 1109 1057 984 1904 484 
1715 1705 1568 1663 1054 1409 1741 1365 925 1175 1648 1059 1287 
1716 1521 1011 899 982 1100 937 1454 1530 1186 1707 1708 
1717 935 1031 1298 1243 1070 1858 1193 1735 1012 1176 363 1009 1154 1432 1740 1511 1650 1452 1022 1593 1837 973 1134 1791 1131 
1718 944 475 1318 637 1179 962 1892 
1719 1691 637 
1720 1853 1514 1728 1725 1826 1033 1905 1012 348 1003 
1721 1018 1870 1324 1392 1179 1546 1218 1151 998 962 1253 1785 950 1448 1212 1147 1140 982 1793 1407 1771 1011 
1722 946 1050 1465 1115 901 935 
1723 1084 1631 1522 1715 1303 
1724 1803 1804 1571 1429 1819 1076 1757 1569 1484 1643 1393 1181 1166 
1725 1233 939 1680 1140 958 1827 1175 1022 1700 1086 1557 
1726 1011 1064 1616 
1727 1043 980 
1728 1018 980 1778 1790 
1729 1121 1478 1787 1817 902 1218 921 1898 1130 1592 1573 1423 1314 1614 1057 1480 1295 
1730 1446 1525 1529 1895 936 996 1809 1043 1162 1656 1002 1496 1903 1784 950 1883 1667 1579 1630 1556 1623 1461 1138 1624 566 1340 1596 1592 1896 1652 0 1365 1071 1262 1240 1120 926 1747 1642 1606 1440 1566 1755 1618 976 1403 917 1792 1212 1013 933 
1731 1534 
1732 1360 1047 1862 1586 1149 
1733 1873 1175 1616 1125 
1734 1877 1357 1331 1348 1536 1330 
1735 1082 1837 1577 1872 484 1782 1724 1533 1572 1894 1832 1016 1439 1661 1494 1320 1198 1025 1365 906 907 1644 1011 1100 1447 
1736 1762 1455 1418 1548 1749 1525 988 1355 1764 363 1345 1636 1093 1748 1020 1396 1071 1116 1488 1278 1091 1249 1607 1438 1237 
1737 1901 363 1187 1355 1179 1434 1670 1378 1235 1103 1271 1300 1576 484 978 977 
1738 1012 629 1724 1330 
1739 1882 1070 
1740 922 923 944 1105 1863 1121 1076 1135 
1741 1579 1295 1179 1436 1545 1355 1302 1333 985 1309 984 945 1764 1851 1844 1555 1878 1843 353 1064 
1742 1304 1836 1765 1593 1177 936 1470 1366 1823 1528 1696 1280 606 926 1151 1033 1117 1046 363 
1743 1011 1094 1124 
1744 1687 1125 971 1205 1603 962 1044 
1745 1539 986 1320 933 961 
1746 1232 1499 1635 1459 1218 1328 1193 1609 1141 1216 1546 1050 1063 1889 1633 1036 1162 989 923 1615 1875 1227 1168 1247 1284 1825 1077 1690 1219 1109 1170 1740 1033 988 1505 1873 1281 1487 1282 1241 1698 1266 1863 1594 
1747 1169 475 912 1362 1050 1033 1393 1038 1764 
1748 1021 1639 
1749 1433 
1750 1698 389 1346 954 1040 1313 1480 1895 526 1518 1806 1426 58 1070 1880 1349 1824 958 1764 1060 1558 1476 938 1337 1877 1050 1900 1247 1214 1101 
1751 1436 1440 1577 1807 1835 1333 959 958 
1752 1567 1642 1040 1215 1704 907 936 1565 1778 1812 1783 1756 1781 1138 1293 1514 1088 1139 1327 1310 1154 
1753 1007 1365 1179 935 1319 1402 1512 1342 1545 1223 1381 1522 
1754 1218 1357 1431 1700 1342 1907 1596 1341 1076 1415 978 1807 
1755 
1756 1018 1367 1903 
1757 1284 1346 1855 1081 1543 1378 1882 1684 974 1635 1672 1499 1381 1785 1450 1569 1117 1311 1671 1337 1706 1354 1758 
1758 1099 1228 1006 1303 1662 
1759 1189 1595 
1760 1566 
1761 941 1486 1853 1121 1819 1882 1309 975 1385 1861 901 1583 1237 1627 1492 1754 1458 1303 1315 1311 1673 1231 
1762 
1763 1366 1470 1599 1417 1045 
1764 1575 
1765 1445 1219 1804 1510 1013 1147 1788 1579 1385 1874 1078 1134 1336 1910 1760 1005 1015 
1766 1319 1155 1336 629 1019 1709 1805 1722 1488 1121 988 
1767 1384 1137 1188 1178 1333 1207 1337 1870 1580 1388 1280 
1768 1325 1702 1801 1156 1831 1521 538 1346 1414 1011 1444 1802 1378 1851 1592 1001 1112 1165 1615 896 1654 1294 970 171 984 1514 1174 1481 1039 1910 1140 1259 1081 1695 1479 1118 1202 1817 1264 1494 898 983 1818 1626 1196 1036 1691 1098 483 641 976 1136 1511 
1769 1092 1170 
1770 1738 1077 983 1437 1336 1648 1837 1753 930 
1771 1602 1180 1309 
1772 1316 1446 1128 1750 1825 1166 1260 1244 1801 1102 1306 1269 
1773 1684 1101 1081 1108 1021 
1774 1611 1676 1437 1291 1478 389 1302 954 1685 996 
1775 
1776 
1777 1057 
1778 1245 1631 1084 1700 1076 1200 1338 
1779 1283 1445 1559 
1780 1616 1617 1452 1007 919 936 1768 
1781 1142 1311 1162 1608 
1782 1031 484 1817 1538 1700 1691 1786 1086 1050 1728 
1783 1069 1490 1429 1002 1270 1519 1072 1621 1000 910 1546 1528 977 1830 475 1021 1216 1196 1225 1297 1496 1779 1455 1835 601 1326 1723 973 1849 
1784 1043 1806 1088 1293 1239 1617 969 
1785 1235 1505 1634 
1786 1374 1799 1833 1746 1268 1875 1784 916 1384 1343 1072 1906 1165 1890 1500 926 1152 1005 1656 1080 1133 1132 1355 1209 1148 1361 1660 
1787 1079 1440 1131 1028 1127 1687 
1788 1697 
1789 1223 923 1860 1016 1704 1782 1323 1131 1674 1187 980 1282 1293 1776 1418 1534 1080 1134 989 1911 1713 985 
1790 1000 1576 1104 
1791 1277 1830 1316 1769 1317 1187 1850 1538 1181 1798 1381 1004 1413 1630 1196 651 1278 1659 1055 998 1775 1262 1805 
1792 1252 1459 
1793 1729 1442 1795 1044 1406 1654 1314 1093 1264 1300 1032 1090 1283 1306 1534 1151 1115 902 1286 1046 1703 1585 1657 1303 1231 973 
1794 1167 1651 1337 1596 1566 1719 1310 1661 1663 1470 1038 1773 
1795 1017 1182 987 1432 1646 950 1179 913 1448 1534 1471 1301 1240 1038 1781 1094 
1796 950 1082 1077 1326 1732 1842 990 1190 953 1309 1126 1654 1194 1049 1702 974 1611 1298 
1797 
1798 1305 1070 1847 1425 1208 420 1117 1767 
1799 1010 1175 1671 1814 1413 1282 1747 1136 1688 1162 1729 930 1713 1002 1570 1634 1155 1905 1387 1046 1039 1900 1273 1289 943 1031 1451 
1800 1359 1440 1630 1241 1042 1385 1067 1870 1118 1204 1373 1450 1444 1539 1133 959 1193 1393 1844 1134 1638 1567 1696 1266 1388 1571 1292 1058 1016 1709 962 991 1050 942 1770 1525 1766 902 1041 1642 905 1438 949 1853 1869 1318 1526 1348 1892 1424 1410 
1801 1053 
1802 1781 1582 1870 1882 
1803 1893 1692 1757 1841 
1804 1889 1805 1178 1227 1424 944 1303 952 920 1445 1576 1232 1726 1300 1755 1625 1572 967 921 1136 637 1437 1698 1855 1749 1060 1034 902 1644 1655 1045 1607 1204 1348 1154 1345 1373 
1805 1427 1672 1234 1773 1202 
1806 1003 982 1548 1043 
1807 1623 1014 1866 1062 1826 1779 1490 1251 1862 171 
1808 1592 1464 1415 1021 
1809 420 1871 1626 1035 1146 1670 1012 1438 1715 1494 1261 1536 1475 1588 1145 1737 1722 1885 1463 414 1245 1011 
1810 1725 1847 1314 1160 1613 1449 1682 1892 1669 107 1537 931 1896 1835 
1811 1817 1135 1578 1892 1090 1448 1133 1712 1877 
1812 1273 1694 1369 1882 925 1910 1296 1718 
1813 649 601 1322 414 1587 1577 366 1513 1484 1810 1631 1339 1338 1267 1686 1448 1776 1808 1116 1489 1419 1039 1905 1713 1002 1010 1167 979 
1814 1027 
1815 1261 1848 1703 1530 
1816 934 1051 1596 904 1438 1641 1237 936 1324 1448 1769 917 1908 1263 1872 1473 1118 1336 969 1432 1687 
1817 1608 950 
1818 1270 1411 1746 
1819 1894 1084 1044 1028 1391 1775 1131 1103 1167 1729 1642 1719 1608 1099 1134 1284 1742 1473 1671 1041 
1820 1179 1703 1886 1705 1658 1219 1613 1189 1363 1275 1637 1594 1428 1039 1597 1345 
1821 926 1360 1296 1540 
1822 1721 1900 1177 
1823 580 938 1427 1247 1596 1848 1461 977 1424 1359 1801 1549 1095 1118 1418 976 962 1885 1450 1309 1312 1723 1548 1534 1124 1369 
1824 1229 1754 1069 1639 1465 1332 1702 1665 1414 
1825 1371 1445 1527 1881 1227 1030 
1826 1801 1145 1642 1725 949 1880 1177 1652 1875 1222 1317 1318 
1827 1542 1733 976 1154 1415 1686 900 1436 1281 1673 1651 1657 1261 1153 1157 538 58 1871 1758 951 1240 1371 1492 1518 1177 902 1362 1015 1788 1021 1388 1497 
1828 1130 1863 1298 1565 1585 1134 526 1583 1622 990 1061 
1829 913 1498 1353 1695 1882 
1830 1444 1672 
1831 998 1524 1011 1061 1215 
1832 1670 1317 1860 1170 1291 1683 915 1821 
1833 1453 995 940 1189 1492 1397 1534 1490 1043 1235 1405 1121 1247 1035 1120 1331 1815 1883 1864 1168 1616 1154 1212 1170 1379 1166 1548 1562 1843 1872 1710 1876 1908 1664 1792 1266 931 1316 926 
1835 1629 1207 1002 1057 1469 1907 1477 1841 1304 1754 1424 1297 1585 998 1037 1575 1417 1458 1266 1676 1289 1224 1264 1837 1850 1238 1438 1728 1749 1817 1034 1680 1561 1406 1389 1743 1093 1350 1082 1885 1725 936 1413 1865 1062 1911 1385 
1836 998 1721 1641 1124 1360 
1837 1638 1281 1795 475 1041 902 1504 1852 1290 1288 1527 
1838 
1839 1474 975 1558 1175 1585 596 1305 1695 1492 1824 1407 1591 997 950 1469 1871 1143 1773 1761 1634 1432 1099 1035 1506 1535 954 1260 1508 1187 1525 580 
1840 1141 
1841 1269 1107 1649 1764 1574 1357 1769 366 1318 
1842 898 420 1235 1430 1572 1722 1574 1433 483 1553 901 1798 1150 1273 1899 1387 1754 1337 1892 1038 1775 1263 1696 1557 996 1316 1704 986 
1843 1892 946 1626 912 649 1460 1852 
1844 1654 1583 1208 1357 1230 1774 1508 901 
1845 1267 1146 1460 1824 1626 1226 1473 1302 1135 1334 950 1103 1858 1262 1646 1894 1766 1109 1132 1755 1263 1207 986 958 1058 951 
1846 1902 1145 1269 1049 1147 
1847 1665 1820 1509 1087 1662 
1848 1390 1122 1366 1310 1047 1503 1076 1566 1437 1665 1248 1662 
1849 1273 1795 1228 1397 1489 1494 1835 1682 967 1543 1259 1232 1326 1155 1755 932 1304 1158 1529 1444 1311 1192 1838 1197 945 1501 1209 
1850 1698 563 927 1585 1288 1083 
1851 1818 1611 1408 1627 1002 1302 1493 1152 1338 1510 
1852 1477 1108 1765 
1853 1653 171 1165 
1854 
1855 
1856 
1857 1144 1855 1622 1405 952 968 1885 1085 1327 1350 1287 1697 1507 1359 915 1682 637 1755 996 
1858 1699 1133 1128 1225 1068 1685 
1859 1337 1591 1558 988 1779 1299 
1860 993 1177 1716 1837 
1861 484 1451 1635 976 1363 1147 1081 1766 1469 1274 1548 1131 1631 629 1111 1055 1342 1825 1197 1158 
1862 1772 1122 1524 1225 1173 107 1258 1563 1106 1902 1288 1652 1095 1632 1289 
1863 1145 1713 1664 1275 920 909 1827 1285 1774 1885 1709 
1864 1675 1733 1192 903 1423 1656 1366 1855 1033 1782 1021 1624 1905 1378 929 1053 898 1482 1680 1027 
1865 
1866 1728 1513 942 1372 1032 1579 1727 
1867 917 1887 1792 1151 896 1249 1749 1057 1465 1033 1700 1136 1854 1696 1615 1416 1541 948 1272 1064 1806 1645 1585 1901 1270 1676 1235 1073 1898 
1868 975 1120 1823 1032 1184 1706 1000 0 1545 1689 1308 1858 1629 1343 1569 1254 
1869 1399 1887 1363 
1870 1591 1482 1536 1315 1229 1650 1847 
1871 987 1098 1608 1295 1545 1770 1598 601 1471 1142 1172 1788 1068 1232 1335 1287 899 1552 
1872 1316 1856 1110 1888 1850 1549 1718 1646 1384 917 979 1126 517 
1873 363 1030 1442 641 1012 1856 1620 
1874 1130 1714 1205 1867 
1875 1737 1777 1328 1504 
1876 1719 1022 1626 899 1368 1614 1689 
1877 1458 950 1332 1881 1093 1181 1212 1304 1202 1700 1568 1804 1609 
1878 1624 1870 1535 1259 
1879 1901 1526 990 921 1506 1020 1105 1389 1270 1259 1778 949 1188 1366 1049 1706 1531 1573 1424 1801 1027 1700 1334 1026 1744 1043 1596 1336 1398 107 1846 1265 907 1490 1763 1215 
1880 971 1147 1614 1258 1509 1109 1357 1215 
1881 1276 961 1164 596 1754 1568 1327 1231 348 1094 
1882 1286 1037 1270 1535 1102 1667 1854 1293 1146 
1883 1143 1320 1533 1450 
1884 1382 942 1131 1336 1095 1471 1339 
1885 966 988 1131 957 1016 1541 
1886 1322 1710 1046 629 1094 1511 428 1504 1661 1124 1786 1721 1733 989 1850 1650 1069 1388 1552 
1887 1502 1201 1316 
1888 1342 1296 1231 1647 1405 1495 1671 1188 908 1486 1292 1792 1859 1499 917 1648 580 1360 1393 1082 1788 1221 483 353 1421 1387 428 1857 1697 1755 1218 950 1093 1699 1115 1403 1406 1265 1460 1518 1316 1239 1451 1686 1462 1871 
1889 
1890 1439 1819 
1891 1846 1634 1358 1885 1440 1182 1313 985 1851 1839 1068 1035 1368 1511 1494 1553 912 1864 1580 1830 1483 1686 
1892 1399 1325 1011 
1893 1856 964 1594 1085 994 1064 1712 1128 1262 1650 1779 1737 1001 929 1105 1152 
1894 1330 1728 107 1558 1625 1471 1633 1896 1365 1620 1080 1362 
1895 1254 1023 1367 1181 1626 1598 1426 
1896 
1897 1286 1752 1438 1612 1295 1812 1283 
1898 1311 1771 1172 1261 596 1848 938 1748 1630 1080 1871 1428 944 1248 1491 1021 1799 949 1705 1150 1703 1802 1000 1462 
1899 1800 1203 1742 1797 1861 1137 1805 1413 1725 1260 1482 1724 1824 1167 
1900 1876 1613 1375 1905 
1901 1576 1850 1190 
1902 1030 1882 1401 1779 1217 1053 629 1193 1259 1095 1346 1052 1322 1697 1122 1088 1407 1187 1674 1765 1562 1009 1711 1600 1567 1162 1518 1061 
1903 1805 1103 1095 1330 1427 1883 1552 1439 1807 
1904 1423 1074 
1905 1730 960 1165 1713 1271 
1906 1462 1712 937 1241 1609 1088 
1907 1601 1002 1049 1629 1887 1799 1337 987 999 1517 
1908 1711 
1909 1907 1054 1182 1387 931 1496 1548 1709 
1910 906 1440 1227 912 1286 930 
1911 1828 1139 1712 1430 1700 1570 1609 1786 1346 
