3980 
3981 
3982 3984 3991 4016 
3983 
3984 
3985 4034 
3986 4034 3981 4024 
3987 
3988 4013 
3989 4019 
3990 4029 
3991 
3992 
3993 4001 
3994 4025 
3995 4019 4035 
3996 3991 
3997 3986 
3998 4033 3993 4035 4031 
3999 
4000 594 4012 
4001 3998 
4002 4000 
4003 
4004 3991 3990 3998 4007 
4005 
4006 4018 
4007 4015 
4008 
4009 4020 
4010 
4011 3993 4028 
4012 3985 
4013 4012 3984 3985 
4014 4010 4019 4015 4025 
4015 
4016 4023 
4017 594 4024 
4018 
4019 4016 3991 
4020 3999 4007 3991 
4021 4013 4035 
4023 3988 4010 4025 3990 3992 4027 
4024 
4025 3983 
4026 4033 4028 4023 
4027 
4028 
4029 
4030 4032 3998 3996 
4031 4010 4032 4021 4037 
4032 
4033 4032 
4034 
4035 
4036 
4037 4029 
4038 3994 
594 3992 
