0 1600 
58 979 
107 1647 1662 1167 1393 1354 1346 1121 1832 1611 943 1686 1078 1358 1117 1571 1324 1785 993 1820 1482 898 1011 1884 1887 937 1472 1810 977 1649 1347 1525 1292 1670 1587 1066 1249 1741 1298 1169 1628 1397 1294 1855 1163 1754 1299 1063 1253 1331 1720 1024 1651 1224 1743 1454 1342 1815 1425 1162 1136 1104 1125 1414 1860 1493 1159 1473 1898 1903 1715 902 949 1004 1027 1311 1394 1234 1625 1630 1869 1797 1019 1464 1010 1248 1313 999 907 1426 1456 1041 974 1326 1325 1870 1488 
171 1003 1603 
348 921 1354 1613 1445 909 
353 1468 1391 1602 1350 1086 1370 1399 1477 1573 1589 1509 1680 
363 1003 1461 1128 1747 1884 982 1165 1095 1490 1887 
366 1341 1775 1168 1470 1312 1884 1009 1247 1890 1022 907 1424 925 1211 
376 1859 1007 1242 1443 1862 1017 1711 1763 1774 1459 
389 957 1101 1512 1340 1565 1885 
414 1591 1461 1405 1752 1435 
420 1772 976 
428 1525 1288 1599 1360 1475 1233 1478 
475 1672 1278 1354 1496 1226 1733 1852 1624 
483 1129 1784 1432 1708 1544 1062 1196 1796 1862 1450 998 1461 987 1027 975 1715 1249 1542 1217 960 1327 1541 1372 1037 969 983 1596 1381 1038 1355 1218 1279 1404 1636 1909 1251 1749 1430 
484 1456 1307 977 1050 948 1749 1406 1685 1301 1035 1231 1229 1676 1491 1855 
517 1767 1239 992 1406 1059 1619 1084 1269 
526 1504 1561 1635 1130 1392 1267 994 1454 1350 1613 
538 1050 1347 1674 1121 905 921 1354 1046 1491 
563 1850 1736 1377 1885 1364 
566 1847 1480 1056 
580 916 1115 1644 1057 998 1493 1141 1754 992 997 1368 1467 1583 1793 1090 1733 
596 1152 
601 1333 1281 1891 1415 1493 
606 1718 1861 935 1846 1429 987 1497 1611 995 1518 1763 967 1840 1818 1503 904 1069 
629 1863 1521 917 
637 1659 1151 1256 1455 1750 927 1603 1029 1726 1059 983 1091 1298 1290 1245 909 1792 1461 1197 1027 1413 1392 1618 1537 1105 
641 1692 1510 1908 1801 1106 1212 58 1504 1006 1699 1838 1371 
649 
651 1612 1770 1125 1438 1355 
896 1821 563 913 1263 1839 1835 1199 1729 1778 1858 1678 1557 1239 1531 1597 1727 1907 939 1416 1217 1559 1865 936 1746 
897 1839 1822 1712 985 956 1383 1659 1657 1512 1188 1259 
898 1205 1080 1337 1739 1874 1115 1136 1272 
899 1309 898 
900 
901 1738 1794 1546 1606 1143 1058 1896 1544 1555 
902 1699 1071 1069 1900 1867 951 1645 997 
903 1324 1309 1821 1170 1249 1279 1291 
904 
905 1249 
906 1745 1335 1073 1836 1011 1743 1637 1236 1882 950 1889 1617 1273 
907 1412 1298 
908 1655 1026 1691 1689 
909 1678 
910 
912 1182 
913 1621 1741 1225 951 1891 1420 566 1750 
914 948 1608 1484 993 
915 945 1869 1855 1282 1709 1591 1677 1770 
916 1109 929 1124 976 1529 1674 1579 1245 940 1846 1646 1860 1424 596 1732 898 1805 1703 1812 901 1080 1310 1698 1448 1241 1228 1010 
917 1775 1708 1856 1857 1321 1210 1671 1730 1712 977 1909 1576 1900 1470 1318 1227 1788 1838 1428 1720 1821 1695 1723 1441 1882 1598 1347 1675 
919 1405 1672 1519 1679 1461 1697 1072 
920 1092 1619 1545 1223 932 
921 1123 1322 1001 1503 1788 1148 1492 1578 1782 1882 1637 1597 1035 1263 1553 1748 1310 1810 1165 1033 1371 1726 1682 903 988 1219 1414 
922 1257 1668 
923 
924 1835 1630 1693 1211 1171 1595 1602 1734 1231 1487 641 1727 
925 1887 1400 1507 1731 923 1332 1412 1089 1890 1366 1473 972 1651 651 1897 1829 1745 563 987 1388 1815 1019 1349 1706 1631 1382 920 1428 1822 1808 1553 933 1826 1777 1630 1701 1191 
926 1192 1757 1512 
927 1380 1046 1852 1236 1559 923 1005 1574 933 1825 1821 1483 1644 1127 1416 
928 1395 1481 
929 1846 1658 1548 
930 1069 1079 1854 1407 1802 922 1843 1828 1077 
931 1687 
932 1283 1623 1487 1636 1881 1415 1713 1237 1070 1282 903 1362 1287 1165 1829 1225 1793 1129 
933 1533 1264 1284 1495 1514 
934 1738 919 1850 1676 1052 1798 1532 1543 1651 1238 1328 1383 1901 1880 1107 
935 1886 
936 1900 1775 1261 1056 924 1089 1198 
937 
938 1511 932 1546 1899 
939 1030 972 1423 1182 
940 1489 1549 1442 1660 
941 1191 1214 1196 1355 389 1639 1007 1642 1351 1524 1056 
942 1601 1246 1629 1338 1398 914 
943 1420 1272 
944 1327 1644 950 1632 1360 1890 1867 896 
945 1597 
946 1294 649 1585 1803 1699 1400 1313 941 1165 1454 1896 1260 1821 1508 1790 1283 1462 1900 1356 1008 1897 1292 1176 1566 1214 1178 1685 
947 1806 1374 1887 1204 1235 1020 1075 1691 366 1593 1723 1572 1625 1744 1369 1785 1055 1636 1707 1279 1110 1024 1542 
948 1247 1188 1478 1600 1541 967 1028 
949 1021 1812 596 955 1752 1237 1723 
950 1142 1411 921 
951 993 
952 1579 1829 904 1233 1180 1193 1785 1207 1528 1783 1103 1738 1606 1171 1882 1619 1695 
953 1783 934 1177 1168 1871 1565 1035 1474 1886 1050 982 1606 1355 1329 1417 980 1443 1229 1475 1513 1049 1798 1132 1437 1508 1213 1627 
954 1872 1002 1861 1037 1174 1131 1509 1265 1659 1473 1725 1264 
955 1474 
956 1128 
957 1684 1299 1401 1878 1357 1745 0 
958 1772 1075 1076 1338 1807 
959 1760 1111 1632 998 964 1382 1776 976 
960 1497 1301 1890 1146 580 1062 526 1445 1127 1853 1538 1090 1667 1464 
961 1896 1754 
962 1856 1290 1183 1799 
963 1510 1088 1796 1026 925 1279 1445 1278 1002 1100 1251 1628 
964 1130 1910 1690 1234 1085 
965 1792 1828 1629 
966 1301 896 1002 1631 1639 1528 1114 1742 1000 1392 1161 1224 1391 1485 985 1407 1190 1694 1437 1578 
967 1841 1406 1880 1133 1567 1579 1760 970 965 1902 1318 1328 1585 1907 1304 1241 1014 923 1113 1150 920 941 899 1298 1317 1237 1680 981 1213 1108 1875 1593 
968 1571 1001 1548 1405 1046 1819 1395 975 1282 1207 1673 
969 1449 1104 1388 1758 1448 1641 1906 1117 1485 
970 1711 1484 1445 
971 1163 1414 1807 1185 1301 986 908 
972 1790 1749 1636 1181 1802 1866 
973 1332 1148 
974 
975 1151 1562 1638 1758 629 1768 909 
976 171 1748 1602 1191 1650 
977 1847 1694 1199 1728 1811 1352 1407 1727 1723 
978 1780 948 1898 1454 1588 1048 1317 1741 1182 1368 1720 1193 1777 955 1128 
979 933 
980 903 1713 1071 1217 1636 946 1173 1536 1142 1411 1345 1285 1487 1257 1705 649 1887 1015 1631 963 389 1341 1896 1712 
981 1343 1006 1521 1216 916 906 1023 1015 1629 1043 1113 1362 1659 
982 1395 1803 1853 1705 1425 1452 978 1008 1093 1117 1892 1558 
983 1003 1261 1218 1118 1310 1392 1305 1328 1030 1221 
984 1670 1041 1421 1278 601 1345 1172 1026 1674 1802 
985 
986 1192 1159 
987 
988 1464 1692 1710 1004 1350 1217 
989 1199 1057 1785 905 1495 963 
990 899 1082 566 1227 
991 1499 964 1158 
992 1298 1123 1602 982 1121 
993 1321 1112 1425 1856 1260 949 1696 1052 1368 1307 1540 1668 1739 1769 1382 1283 1719 1642 1680 1619 1064 1371 1795 1366 1473 975 1132 1249 1498 
994 1478 1457 1358 957 1718 1002 
995 1449 1661 1639 1758 1865 1055 
996 
997 1044 1780 1619 1751 1672 1108 1241 1661 1245 1115 1247 990 941 1145 991 1500 1104 1050 1311 1070 1462 1034 1085 
998 1461 
999 1290 988 1309 1528 934 1240 1893 1065 1244 1392 1878 1321 1261 1280 1311 1869 1001 1269 1015 1642 1081 1212 
1000 1718 366 
1001 1573 1290 1039 915 898 1294 389 1555 1868 1615 629 1368 1524 
1002 
1003 935 1575 1565 1594 896 1258 1828 1811 1500 955 1237 910 1587 1756 1306 1127 1881 1495 972 1424 1674 1072 1481 1910 1608 916 
1004 1085 1904 1473 1457 1527 1137 1586 1814 1658 1243 1438 601 1234 1868 1050 1115 964 363 1066 1530 1866 950 1410 1158 
1005 1202 1043 
1006 1679 1273 1178 1195 1023 1350 1505 1127 1680 1197 1382 1143 1259 1653 1533 1128 1026 1460 1355 1773 1528 1749 1246 1068 1573 1876 1627 1540 1882 428 
1007 1596 975 1539 
1008 992 
1009 1059 917 1656 939 1109 1046 1861 1711 955 1526 1279 
1010 909 606 1852 1909 1575 1424 1147 1823 
1011 1190 1887 1569 1431 1412 1546 
1012 1444 1337 1653 1632 1477 1408 1216 
1013 
1014 1766 1862 948 1385 1709 1173 1570 1288 1900 1379 1830 1836 1229 902 1415 1194 1180 1526 1539 1057 
1015 1461 1172 1174 1081 1039 1681 1856 1372 
1016 1762 
1017 956 919 1325 1270 1533 1134 1032 1440 1133 1295 1445 1532 1041 1259 959 1266 1689 1846 1820 1693 1559 1588 1091 1088 1254 1065 1538 1805 1763 1382 1308 1848 1154 1235 1066 
1018 414 1363 985 1512 1347 1212 1553 1885 976 1446 1639 1306 
1019 1189 1562 1763 1796 1015 965 1783 1627 1056 1093 1423 
1020 1883 1157 975 959 1646 1142 1113 1348 1044 1588 1669 
1021 1564 1694 1845 348 1267 1835 1726 1703 1759 1804 1401 
1022 957 
1023 1122 
1024 1429 1615 1533 1260 1095 0 1818 1537 1541 1515 1638 1751 1124 914 1629 1644 1111 1108 1676 1115 
1025 1448 1160 1455 1585 
1026 1181 1037 1723 959 484 1412 1514 1291 952 1636 1396 1532 1747 1082 1505 1145 1080 
1027 1745 1689 
1028 1542 1638 1644 1285 955 1231 1013 1764 1900 1453 981 1039 1819 1179 
1029 1008 1166 1210 1434 566 1783 606 1304 1746 1402 1016 1399 1889 989 1413 1233 1279 1087 979 1354 
1030 969 1066 
1031 1674 
1032 1762 1290 1159 1550 1011 920 1431 1555 1835 1800 1403 1883 1354 1803 1266 1048 1789 
1033 944 1156 1217 953 1077 
1034 
1035 1325 1312 353 
1036 1365 1153 1869 1366 1809 1182 
1037 1726 1079 1367 1077 1343 
1038 1440 
1039 1445 1379 1704 1126 932 
1040 1780 1522 1356 1558 1690 1472 1643 1177 1363 1218 1162 1110 
1041 1130 1079 1794 1841 1404 1345 1688 1655 1042 1562 606 
1042 1539 1020 1349 
1043 1667 1099 1396 1144 
1044 1160 1782 1790 1453 
1045 962 1692 1217 
1046 
1047 1649 1634 1633 1578 1404 1459 1531 1013 1163 983 1174 936 1094 1417 1052 1176 
1048 1810 1840 1490 1672 1281 908 1042 1524 1507 969 1095 1719 1027 1704 962 986 1372 987 
1049 606 1306 1817 1147 1672 1848 1658 1094 1579 1355 1435 1321 1814 1591 
1050 1299 994 1336 1125 1561 
1051 1030 1534 1146 1528 1480 1705 1397 1295 1610 1175 1129 1110 
1052 1729 1407 1817 1034 1027 376 1517 1180 1422 932 997 1870 1675 1032 1378 1716 1236 1381 
1053 1454 1703 
1054 1506 1140 897 1579 1846 1076 1440 1899 1099 904 1671 1025 
1055 1079 926 1290 
1056 1655 1394 1721 999 1757 1678 1823 950 1653 428 1715 1177 
1057 1820 919 
1058 1650 
1059 1826 1305 1347 1441 1319 1602 974 1317 955 606 1445 1763 1084 1900 1273 1639 1127 983 1412 1686 1197 1759 1748 1597 1767 1363 1252 1326 
1060 1657 1031 1672 1551 912 1853 1857 1325 566 1033 
1061 1726 1232 953 
1062 1554 1075 1441 898 1429 1188 
1063 1746 1854 938 
1064 1168 1867 
1065 
1066 1483 1805 1031 982 1752 1383 914 1118 1361 1477 1253 1214 
1067 1826 414 563 907 1435 1440 1821 1327 934 1561 1571 1539 1152 970 1789 928 1737 901 1098 959 1491 1714 
1068 1477 1719 980 1177 1188 1127 1443 1118 1303 1134 1015 629 1491 1146 1122 1060 
1069 1125 1568 
1070 1519 1145 1582 1858 1354 1283 1478 1650 1043 1539 1905 1130 1074 1346 1665 901 
1071 
1072 1277 1159 1187 1263 1768 1699 1556 
1073 1478 
1074 1001 1629 1714 1809 1651 1444 1523 1056 1585 1766 902 1827 
1075 1089 1196 1188 1259 917 366 1300 1473 1639 1295 1804 1191 1090 1384 924 1643 1257 1289 1156 
1076 1837 1320 906 1868 1461 1758 1468 1182 1784 1306 1697 1727 1859 1080 1673 1862 904 1150 944 1552 1440 1818 995 970 1910 1103 1450 1241 1176 965 1236 1337 
1077 1782 1044 937 1398 
1078 1113 929 1593 1851 1319 1719 475 1407 1013 1449 1661 932 1909 1673 1510 1441 1781 1220 1790 1639 1523 1043 1614 1263 1743 1058 968 896 1654 107 1018 1240 1038 1513 1162 1445 1487 1010 1290 1483 
1079 957 1596 1343 1618 1848 1274 1512 955 1573 641 1635 1182 1605 1776 923 1677 1748 1812 1308 1106 
1080 1559 982 1831 1433 1773 1542 1192 1655 1564 1765 1144 1303 1781 1893 1768 953 
1081 1890 1302 1307 1350 1024 975 1770 
1082 1749 1157 1773 1349 1406 1828 0 1791 1451 1045 1639 1641 
1083 1215 1696 1196 1478 1334 1688 1059 1599 1075 1017 925 1575 1095 939 1838 1885 1812 1477 1673 
1084 1392 1501 1814 1146 
1085 1761 484 1630 1134 1591 1604 
1086 977 1720 1854 1726 1023 1140 1417 1410 981 988 1324 1147 994 1030 901 1345 1779 1500 1893 1088 985 1905 1223 1435 1550 1020 1124 902 1107 1838 1577 969 1401 1802 
1087 1308 
1088 1784 
1089 1789 920 
1090 1616 1375 
1091 981 923 1630 1800 1599 
1092 1375 1102 1756 1786 1015 1789 1621 1665 953 1198 
1093 1850 952 1854 
1094 934 1299 
1095 1351 1039 908 1530 1169 1869 
1097 1794 1073 637 1791 1702 1279 1035 428 1778 1714 1449 
1098 1089 957 1888 1489 
1099 1280 915 1356 1214 1883 1326 1035 1085 1336 1748 1222 1755 
1100 1094 964 1516 1361 1854 1798 1824 927 1840 107 1108 907 1637 
1101 942 1025 1875 1784 1237 1338 1745 1388 1380 1166 1767 1865 1392 924 1723 1048 1239 1055 964 1164 
1102 1790 1420 985 904 1287 1443 
1103 993 1895 
1104 1470 1731 1496 1696 1521 1590 1410 1177 1842 1043 1661 1214 1367 1548 1023 1815 1837 948 1802 1409 1215 1354 1047 
1105 
1106 942 1622 1313 1521 1645 1219 
1107 1003 1293 1677 938 1263 1713 1339 1644 1782 1570 1803 1565 1649 1876 1744 1105 526 1354 1769 986 1068 1360 1580 1593 1684 1578 
1108 907 1204 971 1893 1171 
1109 649 1789 1112 1310 1688 1722 1297 
1110 428 1305 1858 1631 1391 1381 
1111 1295 
1112 1525 1024 1656 1725 1248 1615 
1113 1827 1342 1898 1776 1709 1538 1111 1442 1826 1214 1856 1690 
1114 935 963 1371 1147 1336 1421 1178 1661 
1115 1271 1400 1873 1545 1741 1755 1687 
1116 973 1006 1210 
1117 1820 1301 1873 1830 1265 1012 1050 939 1356 353 1147 1349 1656 1692 1487 964 1702 1668 1450 1316 1035 
1118 1456 1282 1528 1334 1823 1850 1328 
1120 1189 1369 1731 1170 1132 980 1806 1303 
1121 1399 1084 1808 1420 1591 
1122 1330 1435 1153 1634 1900 1062 1242 1866 1505 
1123 1755 1721 1332 1269 1673 1052 1650 389 1642 1779 1050 1249 1441 1164 
1124 1704 1242 1229 928 1336 1259 1082 1661 1231 934 1233 1103 1129 1602 1603 1787 1260 1770 1767 1144 942 1216 1177 1805 1315 1797 1378 1105 1161 1456 
1125 1237 1196 1361 901 1447 1709 1559 1320 1674 1696 1873 1098 1835 1561 1597 1109 1082 1438 1802 1355 1892 1682 1465 1721 
1126 1427 956 1795 1067 1448 1130 580 1633 1858 1798 1384 1025 1299 985 907 1097 171 1001 1322 1883 1903 1541 1070 1871 1050 1077 538 1647 1142 1231 1626 1372 1885 1072 1408 1648 1293 1900 428 1687 930 1750 1638 
1127 1287 1116 1853 1294 1073 
1128 1492 1807 1224 1321 1542 1287 1900 917 1112 1712 1009 1056 1470 366 1370 1451 1232 1816 1455 1304 1113 1649 
1129 1102 1065 904 1183 1525 1464 1619 1246 1395 1494 1421 1093 1607 991 1486 
1130 913 1216 1817 1037 1660 1057 1170 1551 1079 1557 
1131 964 1420 1641 927 1400 1501 1211 
1132 1867 1001 1773 1762 1475 1392 1032 1010 475 1423 1025 1329 1044 1338 1627 1142 1663 1439 1469 1905 1624 1429 1552 
1133 1873 
1134 1685 
1135 1188 1804 1053 983 629 1661 1901 1524 1351 1429 
1136 1127 1545 1532 1658 1882 1602 
1137 1279 1051 1649 1332 1377 
1138 1529 1573 1363 1650 
1139 1488 1077 1556 1152 
1140 1162 1072 1559 1116 
1141 1391 1635 1362 1369 1878 
1142 1883 992 943 1367 
1143 1693 1880 1852 927 
1144 1344 1780 
1145 
1146 1864 1455 1449 1840 1851 1661 1262 898 1443 1704 1847 1806 1011 973 1289 945 1110 940 420 1347 1815 1698 1624 1202 1219 1217 1586 1244 1747 1579 1590 1186 1064 1056 916 1665 1633 914 
1147 1492 
1148 1741 1461 923 1385 1276 1093 1613 1668 1537 1659 1807 
1149 1315 1487 1556 389 1539 929 1661 1084 1103 1863 1507 1363 988 1405 1268 1892 1257 1723 1580 1308 1372 1036 1788 1289 1152 1016 1885 1743 
1150 1625 1590 1213 1787 
1151 1871 
1152 1623 1267 1878 917 
1153 1493 1590 1739 1770 1821 1411 975 1045 1611 1817 1615 1054 1857 1477 1877 1002 1088 904 1368 1291 938 1577 1626 1591 
1154 1869 1688 
1155 1672 1303 1152 1103 1629 1434 1566 1869 1175 
1156 1822 1409 1326 1047 1910 1521 363 1161 1414 1174 1241 1450 1533 1765 981 1863 1423 1565 1030 1109 
1157 1086 
1158 1695 1126 1189 1140 1535 1838 1657 1615 1058 1796 1464 
1159 1157 1030 1513 1177 1676 1347 
1160 1360 1023 1200 1030 1355 1203 1151 1165 1480 1819 1639 1077 964 1379 1508 348 
1161 1903 1358 
1162 1464 992 
1163 1825 1472 1071 1862 981 1629 1576 1379 1146 1870 1533 922 606 1279 1806 1497 1141 1477 
1164 1498 1387 1838 1222 1579 420 1871 
1165 1730 1638 1442 
1166 913 1211 58 1806 1541 1619 1761 1604 1334 1432 1155 1763 1242 1821 1335 1666 
1167 1838 938 1391 957 
1168 
1169 1547 
1170 1285 1485 1044 1898 1130 1571 
1171 1178 1526 1786 1349 1154 1767 1020 1553 1015 
1172 1193 1510 580 1013 1702 1053 1278 1764 1601 1428 1325 959 1004 1620 1488 1175 1284 1046 1299 1811 1887 1894 1677 1585 1103 1061 1115 1034 896 
1173 1089 920 1184 353 1545 990 1759 1415 1203 986 898 1037 1533 1175 1402 1673 1769 1662 1750 1540 1414 1457 1244 1633 1422 1831 
1174 1757 1689 1829 1212 
1175 981 1226 1009 1184 1083 1532 1261 1908 1208 973 1490 1572 1317 1087 1814 1790 1239 1759 1763 977 1052 1229 1836 1439 1338 
1176 
1177 1239 651 
1178 1568 1329 1900 
1179 956 1520 1199 1298 
1180 1850 1602 1442 1349 1540 1780 
1181 1684 1709 1182 1371 1818 1427 1421 1785 1496 932 1122 
1182 1454 1905 1780 1464 1633 1327 992 1310 997 1561 1006 1302 1602 1288 1009 
1183 1214 1578 1383 1894 1381 1567 641 1481 1609 
1184 1553 1015 1354 980 919 1910 1058 996 1040 1579 1208 938 1251 348 1803 1115 959 1631 1846 1385 1392 1259 1144 1291 1864 921 1614 933 1174 1285 
1185 1637 1850 1152 1609 1857 1778 1013 958 1695 1103 1106 1767 975 1063 1354 1749 629 1345 917 1700 1718 1278 1808 1412 1897 1602 1134 1319 
1186 1379 1207 1876 1324 1497 
1187 1820 1701 
1188 1782 1827 1479 1888 1215 
1189 1565 1022 1745 1908 1248 1002 1131 1104 1890 1486 1053 1563 971 
1190 1891 1588 1572 1798 1773 1145 1481 
1191 1732 1724 922 1163 1027 1108 1196 1044 1601 1091 1424 1814 1461 917 1294 1166 977 1040 1134 
1192 1050 1279 1606 1625 1281 956 1064 1244 1763 904 1700 1062 1263 1364 982 1770 1401 1740 
1193 1551 1025 939 1688 
1194 
1195 1094 1584 1492 1138 1732 1331 1808 1274 1038 1737 1219 1366 
1196 1512 1773 
1197 1028 1226 563 1679 1152 
1198 1047 1315 1641 1841 1286 1149 1339 1101 1607 1330 1472 1290 1704 1507 1602 1231 
1199 1674 1315 898 1489 1243 1212 948 970 1055 1217 1884 900 971 1044 1320 1451 912 1596 1625 1582 1102 1615 428 1363 1161 1541 1013 1002 1264 1861 1633 908 1189 1089 1900 1292 1724 1347 1493 1801 1278 
1200 
1201 1281 1628 1295 1072 1248 1578 353 1163 907 1130 1633 1179 1193 
1202 1169 1273 
1203 1778 
1204 1751 1705 1123 1069 1759 1565 1421 1799 1237 1711 1297 1910 919 927 1027 1842 1763 967 1465 
1205 1472 1496 1348 1300 1310 1649 1411 1871 994 1404 1843 1586 1664 1050 1376 420 1727 916 1577 1084 1236 1534 1135 1251 941 1723 
1207 1620 1425 1364 1901 1365 1909 1831 1034 1812 1281 1061 1706 1523 1217 
1208 
1209 1085 1614 1524 1208 1126 1144 1378 171 1423 1451 1898 1664 376 1631 
1210 1731 1613 1442 1595 
1211 1727 1374 1205 1032 917 1445 1337 1105 1443 1292 1056 1767 1511 1112 1731 1753 1575 1726 1121 1470 1249 1593 1283 1448 1338 939 1251 1408 1029 1372 1077 1542 1634 1492 1759 
1212 1874 1758 897 
1213 1003 1679 1468 
1214 1087 1184 1546 1711 1550 1520 1431 975 1647 1859 1621 1494 1339 1357 1250 1223 1482 964 1088 1507 1771 1287 923 1504 972 
1215 1870 649 1417 1558 1292 1439 1360 930 1023 1298 
1216 1675 1510 1522 
1217 1498 1400 1613 1896 1789 1113 1541 1851 1195 979 1815 985 1592 
1218 1817 980 
1219 1791 1660 1788 1507 1374 1166 1282 1668 1325 1585 925 
1220 1191 1221 
1221 1702 1893 1314 1723 1789 1357 1111 1837 1337 936 1177 1359 1753 1085 1575 
1222 1467 1478 996 1540 960 1304 1015 1274 1822 1518 1632 1279 950 1385 914 1257 1763 970 1674 1614 428 1592 1869 1491 977 1728 1090 1870 1537 
1223 978 
1224 
1225 1734 1533 1890 1736 898 1354 
1226 1300 1597 1341 1600 946 1074 
1227 1295 1269 1407 1678 1405 926 1359 899 1365 1467 1318 1011 1107 1609 1346 915 984 1323 1046 1549 484 1203 1253 1183 
1228 1272 1179 1331 1095 1864 1572 
1229 1613 1574 932 1389 1430 1685 1493 1802 1427 917 
1230 1704 1277 1851 1646 1858 1428 1634 1340 1396 1010 1184 1404 1732 1459 1862 1151 995 1731 1460 1415 1400 979 1644 1874 
1231 1063 945 1851 1418 1318 1065 428 1444 1511 1740 1657 1288 1856 
1232 428 1878 1105 945 1079 941 1148 
1233 
1234 
1235 1248 1652 940 1339 1415 1134 1599 930 1710 985 1171 1486 1105 1095 1853 1806 1065 1506 1641 1365 1478 1630 1132 1205 1056 1360 1333 
1236 1537 1142 1176 1322 1491 942 1819 1196 
1237 1391 1399 1222 1683 1752 1844 1066 1197 
1238 1088 1080 1770 1724 1396 1194 1216 1639 1492 1382 1405 922 1484 1381 1105 1260 1193 1317 1184 1607 1744 1489 1477 919 1249 1138 1333 1827 1643 1451 1004 1801 
1239 1058 1650 
1240 
1241 1201 
1242 950 1496 1536 1826 934 921 1115 1271 1362 1693 953 1337 389 1521 1095 1222 1030 
1243 1165 1071 1658 1028 1741 1057 517 1195 1654 1285 1236 1575 970 938 930 1617 1788 1406 896 1705 
1244 1887 
1245 1716 1843 1000 1893 1577 930 1499 1797 1678 
1246 1625 1710 1823 1822 
1247 1905 1562 1450 973 1252 1377 1558 1110 
1248 1629 
1249 1685 1107 
1250 1069 1392 1699 1654 1851 1303 1643 1272 1666 1882 1182 896 1085 1766 1538 1523 1320 1406 993 1504 1343 1282 1258 1468 1630 968 988 
1251 1095 973 1186 
1252 1137 
1253 1557 
1254 
1255 1021 1825 1207 1862 1489 1385 526 1480 1082 1808 1063 1670 1014 1011 1572 1501 1418 1275 1601 956 1057 1642 1046 1033 1452 1911 1523 1697 1529 1041 
1256 1529 1232 1519 1760 1793 1337 1299 1514 1201 979 1891 1059 1787 1801 1667 933 1432 1204 1060 971 1342 1353 641 1426 976 
1257 1534 1615 1737 1729 1899 900 1843 1114 971 1510 1665 1628 1699 1209 
1258 1204 1073 1712 1419 1699 1606 1207 1802 
1259 1881 1382 1136 1901 1062 1113 
1260 1674 1024 1780 1238 1411 1706 1446 1819 1594 1451 1649 
1261 1201 1889 957 1050 1394 1768 988 1855 1501 1153 1266 566 1687 1214 1897 1422 
1262 
1263 1051 1910 
1264 1503 
1265 1446 1006 1747 1286 
1266 957 
1267 1615 1444 1878 1237 1907 1372 1036 1604 1157 1000 1790 1652 1014 428 1778 1188 999 1773 1569 1656 1043 1018 1809 1364 1498 1359 1355 1871 1275 
1268 1677 1171 1683 
1269 1354 1118 1495 1691 1225 1018 933 1593 1803 1692 1733 1323 1755 1817 1751 1662 1764 1496 1582 1452 1770 1676 1064 1348 58 1011 1062 1618 1093 1171 
1270 1604 
1271 1005 1435 1588 475 1894 1526 1817 1415 1113 1373 1505 1655 601 1878 1784 1183 1118 1797 
1272 563 1114 981 1251 1384 1628 1598 1235 1323 1766 1853 1291 1182 428 
1273 1262 1696 1044 1663 1538 1819 1038 1190 1180 1516 1114 
1274 1832 1845 1131 1098 1335 1451 
1275 1373 1572 1394 1180 1578 1266 1280 1505 1551 1419 1717 
1276 
1277 1435 1323 1463 942 1170 1126 1429 1389 1690 1116 971 1570 1835 1072 1175 171 1049 1422 1167 1471 1225 981 1387 1567 1521 1117 1791 1574 1210 1314 1878 1677 1717 1659 
1278 935 1794 956 1339 1653 
1279 1342 1707 1235 1317 
1280 1548 1899 1524 1093 1132 1207 959 1008 1729 1496 1020 1522 1816 1492 
1281 906 1155 1007 949 898 1144 1149 
1282 1780 1434 1840 1161 58 1151 1067 1733 1060 1669 1191 
1283 1807 1706 1079 1059 1003 
1284 1182 1851 1617 920 1304 1538 107 1395 1745 1352 905 1858 1038 1448 1189 
1285 1195 1799 1292 1891 1508 1716 
1286 1853 1665 1016 962 908 
1287 1306 1802 1195 940 1854 941 1582 1170 1829 1382 1092 1187 1155 1668 1814 1269 
1288 1378 1602 1255 1546 1377 1498 1233 1031 1008 1287 1845 1541 1877 1820 1147 915 353 1806 1154 1145 1910 1045 
1289 353 1654 1152 1594 1907 1396 1601 1837 1729 1090 1706 959 1890 1115 1806 1847 972 
1290 1551 958 1129 1238 1350 1002 974 1319 1025 1216 1529 1643 1337 1443 1808 1370 1742 1410 
1291 1441 1350 1212 1646 1424 1520 1639 1774 1443 1571 1265 1533 1860 1436 1254 1215 1168 1349 1031 1402 1523 1075 1045 963 
1292 914 945 922 947 1018 943 
1293 1838 1587 1729 1788 1674 1020 1008 1004 1209 1227 1909 1121 1742 
1294 1741 937 1266 1453 1649 1058 1052 
1295 1306 
1296 1312 1677 1273 1186 1044 1628 1245 1092 
1297 1243 
1298 919 994 1117 1263 1854 1435 1000 1662 1504 1886 1592 1371 1656 1383 1742 1778 964 
1299 1316 1711 1226 1269 1897 1865 1146 
1300 1534 980 1532 1053 1331 
1301 1778 1095 
1302 907 1638 1043 979 1680 1368 1191 1157 1885 1048 1563 566 1052 1108 1600 1184 1409 1862 1468 1263 606 
1303 1174 1782 1815 1463 1737 1684 1349 945 1409 1116 1009 1492 
1304 1264 1401 1525 1896 994 1105 1487 1379 1685 
1305 1535 1101 1434 1635 1147 1882 1704 1370 1792 641 1404 601 1058 389 1319 
1306 1351 1503 1610 1378 1294 1819 
1307 1831 1362 1783 916 1055 1661 
1308 606 1041 1047 
1309 958 1042 1155 1137 1160 1752 1424 1802 1526 1111 
1310 1680 1565 1658 
1311 1696 1579 1292 1628 1074 
1312 1202 963 1892 933 1045 1741 1610 1886 1836 1141 1575 906 
1313 1708 1574 1771 1863 
1314 1704 1484 1713 1453 1394 
1315 1870 1891 1040 389 1155 994 1065 1545 
1316 1034 982 1518 1227 1452 
1317 1443 1764 1625 1359 
1318 924 1669 1178 1100 1715 1325 1274 
1319 1802 1066 1000 1045 979 
1320 1652 1551 1024 1781 1503 1461 1212 1497 1739 1496 1360 
1321 1438 1630 1209 
1322 1543 1450 1875 1397 1877 1376 968 1267 1065 1472 1259 1457 1023 1785 
1323 1456 1116 1606 903 1795 1167 1004 1235 946 1246 1425 1381 
1324 1543 1807 1720 1517 955 1337 1461 
1325 914 1498 
1326 
1327 1232 1274 954 1737 1815 1029 1536 1081 1365 1548 1219 1003 1424 
1328 1163 1673 903 1318 1362 1584 1552 
1329 1852 1786 1163 1063 1809 1508 1251 987 1504 900 1284 1085 1009 1733 1075 920 1506 1475 348 952 1040 1548 
1330 1224 1302 1181 1085 1501 1141 919 1439 1895 1434 1618 1769 907 1739 651 1831 1149 1326 988 1870 1196 1602 983 1766 973 
1331 1468 1428 1496 414 1094 1615 1570 1881 1268 1374 1299 1797 1162 1842 1265 1150 1699 1441 1086 1167 1554 1328 1321 1427 1563 1438 1647 1174 641 
1332 1156 1707 1685 1817 1310 1768 1701 1880 1670 1445 
1333 1144 1451 1078 1750 1458 1664 
1334 1188 964 953 1459 1884 1004 1687 1821 960 1110 1317 1500 1071 1418 1493 966 1695 1781 1465 1653 1470 
1335 1531 1708 1695 1075 1455 1735 1806 1131 1327 1783 1136 1358 1406 1503 1627 1303 1687 1350 1215 1396 1843 1642 1681 1733 1904 
1336 1389 1333 1169 973 1225 1259 991 538 1001 1127 1643 1170 
1337 1685 1071 1225 921 1174 1325 1535 1512 1457 
1338 1283 1635 1479 1682 1572 1602 1045 363 1706 1224 1797 938 1117 1901 538 1577 
1339 1848 171 1383 1111 1271 1055 1094 1404 1262 1665 970 1197 1236 1591 1235 1820 1087 1413 1690 
1340 1403 1657 1047 1232 1067 1364 1893 1084 1410 1749 1752 1400 1465 1230 1429 
1341 629 1622 1655 1169 1468 1616 1487 1666 1275 967 1485 1773 1853 1148 1233 1051 1733 1700 975 1063 1865 1653 1257 1392 1636 
1342 1530 
1343 1515 1704 1905 982 1398 1002 1468 1078 1344 1011 967 969 
1344 1445 1628 1026 1781 1838 1494 1136 1325 996 1034 1741 955 1627 1163 1046 1640 1541 
1345 929 1552 1062 1830 1782 1614 1046 1535 1162 1509 1362 1282 1004 1130 1563 1777 1028 1547 1730 
1346 1294 1162 
1347 898 1048 376 1858 1802 1589 1486 
1348 1067 1149 1825 1369 1556 
1349 1073 1226 1315 1749 1126 1165 1389 1746 1418 1651 1438 
1350 1797 981 1058 1184 1395 414 1159 
1351 1223 1444 348 1350 1463 1901 1611 1174 1598 1883 
1352 1873 1324 1806 998 961 1050 1901 1719 1679 975 1333 1463 1203 1501 1518 1221 1069 1843 1779 1451 1910 990 1444 1731 1279 1805 1218 1577 1286 963 1259 1226 1848 1493 1754 1770 1397 1775 1240 1418 1756 1350 1415 1166 1650 566 
1353 
1354 1911 
1355 1316 980 1625 946 1848 934 
1356 1104 1634 1265 1779 
1357 1167 1332 986 1038 1049 1071 1812 1356 
1358 1668 1863 1166 1436 1500 1489 1214 1815 965 1100 1281 908 1134 1725 1276 1646 1904 
1359 1260 1515 1574 1163 1905 1800 1582 1421 1225 
1360 1378 1767 1318 1750 1437 
1361 1165 1566 1223 1392 1002 1450 1301 1616 1827 1069 1777 1016 414 1397 1350 1277 1014 986 1792 1412 1844 1795 1166 915 1880 1815 1582 1030 
1362 
1363 1416 1399 1391 1723 1374 
1364 1478 
1365 1509 1163 1884 1256 956 414 1757 389 1328 1573 930 
1366 1250 363 1073 1106 1771 1673 1683 1808 1529 958 1396 1099 1691 1868 
1367 1667 1774 1438 629 974 1122 1564 1481 1410 1818 1609 414 1543 1702 1430 1878 1591 1562 1319 1005 1031 1558 1085 935 1657 1280 1261 1424 
1368 
1369 1568 1686 1079 1536 1248 1908 1315 1613 1535 1738 1113 
1370 1131 1764 942 1064 629 1314 1195 1508 1308 1867 1250 1754 1601 1229 1505 601 1805 1656 1614 
1371 1607 1458 1621 
1372 
1373 1612 475 1428 1507 1374 972 1381 580 1378 1244 899 1835 1033 922 1270 1118 1719 1781 1859 1259 
1374 1012 1588 1077 1144 1016 1145 1562 1208 1708 994 1766 
1375 1318 1188 1158 967 1813 1341 1270 979 1767 1453 1731 938 926 1587 1588 
1376 1844 962 1148 1035 1025 1039 1220 1117 1031 1439 1319 1158 1418 1254 1474 1449 1357 1817 1443 1493 1822 1897 1097 1423 484 1365 348 1232 1876 1100 606 1042 1318 1785 1029 1229 1620 580 1436 
1377 1755 1767 1017 1801 1474 1224 1228 907 1345 1106 1033 420 903 1548 629 1092 1704 1534 1790 1285 1121 1379 1726 1366 1807 1698 1363 1162 1777 1870 606 
1378 1899 1063 1502 1221 991 1883 
1379 1778 982 1048 1685 1059 1885 1796 1641 1844 1783 1751 1180 1529 1700 1197 
1380 1215 1257 965 1214 1702 919 1895 1381 1656 1906 
1381 1838 985 1047 1793 1815 
1382 1835 1200 941 1555 1098 1621 1691 
1383 
1384 1798 1896 1319 1504 
1385 1731 1528 1212 1217 1647 
1387 1488 949 1575 
1388 1394 1108 1816 1909 1518 1644 1154 1365 1350 1904 1516 1264 1657 1162 649 1582 1298 1715 1277 1577 1794 1316 483 1878 1548 1886 1368 
1389 1762 1378 1026 1712 1563 1642 985 
1390 1794 1293 1708 1056 1453 902 1583 999 1489 651 1115 968 1754 1679 1382 1487 1387 1188 965 1797 1875 1090 1490 1260 1222 969 944 1220 1261 1776 1405 962 1152 1468 1131 1404 1890 1723 1906 1122 1733 1300 1558 1176 1455 171 915 1233 1740 1334 1646 1777 
1391 1315 1870 1067 1301 1818 483 1737 1625 1815 1224 917 1261 1422 389 1277 963 1197 1448 1853 1716 1844 1531 353 1095 1907 1532 420 376 1161 1766 1468 1050 1244 
1392 1311 1546 1844 1243 1799 1364 1872 
1393 1446 1111 649 1435 1869 959 
1394 
1395 
1396 1649 1204 1557 1636 1763 1610 1709 1565 1439 1213 1674 1009 1390 
1397 1221 1452 1185 1845 171 
1398 1576 1528 1010 1715 1820 1600 1606 1322 
1399 1261 959 1098 1444 1265 1762 1220 1309 1303 1544 641 1321 1514 896 1176 1856 972 1769 1435 1260 1788 1032 1865 1450 1497 1696 1568 1594 1202 1379 
1400 1472 1034 1392 
1401 1437 1105 1855 
1402 1515 1513 1660 1730 929 1508 1279 1192 606 1647 948 1036 1491 1583 
1403 1472 1819 1812 
1404 1300 1402 1307 1442 1501 526 1049 1312 993 1123 1889 1250 
1405 1577 1679 1171 1885 
1406 1672 1050 1528 563 1162 1185 955 
1407 1735 1881 1483 1497 1402 1637 1174 1419 
1408 1301 1419 1263 1789 1764 1232 1393 1801 
1409 1018 1354 1662 1731 1226 1287 1085 977 58 1519 1771 1823 1544 1661 1057 1660 1770 1433 428 1454 1373 1668 1754 1646 1617 1260 1759 1837 1083 
1410 1551 1171 1115 
1411 919 
1412 1126 1720 1637 1489 1033 
1413 1476 1629 954 1705 1407 1724 1039 1588 919 1687 1402 
1414 1455 1870 1070 
1415 1716 1756 1092 1304 
1416 1607 1547 1406 1481 1392 1150 1522 1015 1424 596 1627 1487 955 1033 1225 1319 1619 1525 1271 
1417 
1418 954 1462 1132 
1419 1428 1245 1461 
1420 475 1766 1153 1204 1789 1601 580 1273 1673 1046 1105 606 1749 1755 1202 1143 637 1452 1855 1007 1430 1415 1054 1075 
1421 1067 1076 1746 171 1430 
1422 1505 1518 
1423 1030 1415 1812 1501 1320 905 1497 1384 1849 1566 925 
1424 1102 1783 1674 1721 
1425 898 1584 
1426 1236 1134 1373 1044 1338 1436 420 1575 1089 1101 1532 1258 1374 
1427 1675 1829 1089 1188 1674 900 1822 1159 1551 902 1390 995 1760 1729 1738 1076 
1428 1422 1618 1171 1700 
1429 1293 1195 1474 908 629 1117 1186 1127 1181 1028 1208 
1430 
1431 1106 1541 1473 1093 1765 1686 985 1738 1212 1408 1695 1671 1224 1709 1229 1677 1027 1336 348 1615 1283 0 1021 1841 1442 1694 1438 1197 982 1783 1465 1596 1764 1342 1124 1536 1395 389 
1432 1753 1066 916 1054 1881 1766 1721 1691 1073 1352 971 1608 1746 
1433 1523 1220 1049 1654 1087 
1434 1608 
1435 1628 1035 1467 1585 1713 1093 1471 1413 1801 897 1322 1309 1353 1710 1280 1010 1298 
1436 1670 1261 1449 1660 
1437 1140 1005 1028 1134 1632 1297 1369 1418 1296 1720 1691 
1438 1487 1474 1779 1891 1394 934 1431 1703 908 483 1126 
1439 1336 1268 1207 1731 1187 1629 
1440 1038 1535 1558 1302 1735 
1441 1012 1202 1636 1006 1911 1791 1219 
1442 1686 1687 
1443 1706 
1444 1513 1667 1863 1246 992 1787 
1445 910 
1446 1525 1276 1009 988 1192 1307 1663 
1447 1186 1908 1806 1642 1381 1596 1269 1475 1075 1362 651 1324 1346 353 1446 1473 1137 1223 1652 1778 1406 913 973 
1448 1710 1657 1370 1549 1766 1783 1464 
1449 1476 1734 1095 1621 965 1074 1327 1350 933 1223 951 1242 1527 629 988 1788 1190 
1450 1120 1506 
1451 1291 1902 1706 959 
1452 1351 1373 1236 1353 1600 1325 
1453 1730 1551 1050 1404 1620 1901 1821 1250 
1454 1579 1006 1518 1159 1720 1494 1705 1556 945 1369 
1455 
1456 907 1089 937 904 908 1715 948 1827 1373 1005 1347 1713 1527 1472 1055 1755 1465 1133 1282 963 1283 1499 1709 1782 927 1784 
1457 950 1548 1884 1617 1478 1077 1459 1097 1694 1150 916 1492 1855 1230 
1458 1904 1320 1431 1433 975 1094 981 
1459 1138 1012 1483 1187 1052 1516 1568 1136 1792 1690 1684 580 1205 1290 1849 1147 971 1697 1175 1894 930 1160 
1460 1117 931 1349 1317 928 1072 1807 
1461 
1462 1690 1320 1105 1238 1224 1436 1406 1202 967 1738 1807 1714 1280 1692 1559 1187 1745 
1463 1890 
1464 1236 1282 1395 1368 
1465 1696 1641 1631 
1467 1057 1884 1355 1476 964 1408 965 1907 1806 1036 1252 942 957 1726 1525 1283 1709 1038 1879 1191 1454 1348 1120 1585 1527 1016 
1468 951 929 1167 641 1620 1351 
1469 1112 973 1266 1662 1484 967 1369 1090 925 1387 1518 1454 
1470 1094 58 1654 1230 1649 1214 1452 1633 1362 1823 1297 1118 1848 1150 1242 
1471 1379 1574 1595 1023 1215 1900 1894 913 1230 1268 1326 389 1272 1263 1577 1151 950 1181 1722 1820 1210 1121 1665 1452 1678 1576 1492 1097 992 1778 1008 1502 994 1234 920 979 998 942 1745 1440 958 1790 
1472 1220 1298 1446 1625 1679 1264 1747 1821 965 901 
1473 1540 1795 1447 1362 1833 1232 1717 1147 956 1789 960 1698 
1474 961 
1475 1041 1801 1330 987 1647 1659 1054 1173 
1476 1541 1852 
1477 1111 1044 
1478 907 
1479 1594 1744 1156 1492 1695 1253 1900 1097 1339 1488 1011 1524 914 1597 
1480 1531 1340 1385 1453 1852 1692 1244 1909 1030 1342 921 1027 1699 1796 1228 
1481 1137 1584 1838 
1482 1756 1759 947 1859 1202 1552 1090 902 
1483 1538 1690 1014 1497 649 1245 353 1337 1764 947 1379 1041 1219 
1484 1347 1325 1797 
1485 1613 1499 1898 1399 1189 1493 1819 1403 563 1577 
1486 
1487 1673 967 1225 1641 1010 1616 1631 1819 1150 1701 1553 1088 1415 649 1776 1272 1748 1416 1832 
1488 1201 1899 1704 1688 1234 1060 979 1168 1378 1106 1817 1012 1282 1019 1202 1815 1738 1188 1721 1711 1104 
1489 1861 1851 1634 1772 966 
1490 1506 1317 601 
1491 907 992 1349 1702 928 1110 1626 1064 538 1720 1478 1141 1611 1660 932 1077 1270 1881 1643 1504 1396 1130 1239 958 1343 1858 1217 1817 
1492 1642 1862 1603 
1493 1100 1094 1672 1006 1663 
1494 1199 1651 1161 1297 992 1272 
1495 995 1289 1209 1192 1635 1876 1521 366 1593 931 1640 1338 966 
1496 952 1303 1379 1797 935 1408 1451 
1497 1744 896 389 1598 1686 1332 1701 942 
1498 1181 
1499 1872 
1500 1468 1336 936 1730 1180 1410 
1501 1107 1303 1887 974 
1502 1363 1497 1114 1802 1654 1136 1514 1482 1288 1562 1313 1810 
1503 1243 1577 
1504 1409 1190 1204 984 1616 1244 1907 972 1068 
1505 1289 1804 1105 1686 
1506 1514 1489 1184 905 
1507 1094 1317 1036 1179 
1508 1649 1574 1251 1191 1101 
1509 1472 1031 1148 1275 538 1568 1868 1371 566 1090 960 973 1808 990 1575 1032 1778 1848 1557 1745 904 1490 1202 928 
1510 1604 
1511 1418 1815 1547 1062 1691 1619 1059 
1512 1721 1023 1468 1467 1851 1795 1075 
1513 1557 1131 1826 1432 1611 1828 1849 1699 
1514 1174 1444 1771 1689 956 1103 1290 1473 1419 1373 
1515 1826 950 1301 1189 1222 997 938 1331 1272 1344 1713 1153 1229 1114 1457 1651 1458 
1516 1251 992 1064 1000 1858 935 1682 1457 1911 637 1194 961 1200 1627 1056 1854 942 1105 910 1864 1106 1310 1869 475 1175 1685 1850 1582 1372 1282 1453 1186 1179 1656 1710 
1517 1777 1448 1455 1043 1629 1155 
1518 1013 
1519 1431 1698 1094 
1520 1321 1397 1095 517 1139 1860 1432 1616 1712 1525 1826 1633 1308 1615 1733 1783 962 1259 928 1394 1822 1488 944 1678 1870 
1521 1713 
1522 1133 1012 1901 1031 1213 1198 1798 909 1228 526 596 1154 1102 1778 1719 1860 1239 1456 1671 1906 1595 1201 1534 928 1881 1447 1364 
1523 1166 1782 1402 1285 1356 1716 1715 1487 1061 1512 1053 1103 1537 1192 1243 990 
1524 1905 1845 939 937 1480 1106 1610 955 
1525 1861 934 1794 1479 1262 1487 1134 1064 932 1133 1721 1316 
1526 1742 1350 475 1083 1034 
1527 1671 
1528 1422 929 1039 1817 1898 1278 1078 1383 1066 1327 1004 1677 1784 1440 1893 1850 
1529 1592 1328 1447 1907 1405 957 1403 1193 1796 637 
1530 1496 1458 902 1108 1394 651 1064 1655 1819 1258 936 1321 1770 1062 1615 1364 1905 
1531 1095 975 1528 1618 1449 1907 
1532 1530 967 1664 1663 1724 1670 1844 
1533 1767 1043 1757 1161 1022 
1534 902 1152 1238 
1535 1505 1340 1266 1631 1149 1396 1847 1033 1573 1544 1887 1699 1838 1467 1372 1870 
1536 1632 902 1805 974 1698 1344 1733 1909 1746 900 1002 1498 1239 1041 1659 
1537 1201 1697 1760 1428 932 
1538 1877 1748 1496 1637 1435 538 1802 1734 1047 951 1841 1765 1679 1611 1376 1537 1086 1434 
1539 1535 1851 941 1637 1870 1887 1369 1783 1178 1485 1140 1483 1078 1842 1093 
1540 1408 1645 1495 1431 1064 1173 1382 1282 606 1160 1447 1067 1212 1012 
1541 1017 1807 1458 910 1605 1627 1523 1113 
1542 1385 1759 1501 1031 1631 1165 1838 1720 1521 1641 1677 1470 
1543 1203 1723 1497 1877 1569 1196 1822 1288 1325 964 1759 1065 
1544 1075 1646 
1545 909 1826 1068 1517 1045 1757 1285 1051 
1546 
1547 928 1066 1798 651 1116 1239 1209 899 1540 1856 1030 968 1876 905 1274 1174 1100 1480 1818 1204 1447 1817 1689 1244 1332 
1548 1703 1820 1628 1217 1056 1817 1660 
1549 1174 538 934 1115 1049 961 1823 954 1501 
1550 975 1356 1777 1347 1667 1881 1836 954 1062 
1551 171 907 1724 1763 1514 1901 1368 1287 1462 1159 1697 1701 1259 1485 1070 1454 1631 563 976 1110 1820 1770 1350 1338 1540 1632 1884 1081 1043 1089 1103 1436 973 1294 1863 904 
1552 1314 1089 
1553 1589 1858 1437 1726 1160 1667 1381 
1554 1035 1156 1872 972 1382 1886 1593 1801 1179 1634 1627 1306 934 1626 965 1779 1696 947 1249 1533 1830 1578 1065 1220 1745 1271 1127 1062 
1555 1828 927 1646 1713 1657 1684 
1556 1639 1181 
1557 1171 1695 1719 1731 1099 1840 1764 1168 1112 1712 1018 1547 901 1825 1463 909 389 1130 973 1469 1517 961 1474 1817 1509 1097 1217 1558 1281 1565 1414 1744 948 1271 1762 987 1354 937 1476 1257 
1558 
1559 1501 1611 977 1105 1871 1677 1273 1545 1012 1428 1244 1629 1225 1807 1472 1718 1114 1354 1642 1479 1697 1803 1738 1358 1308 1072 906 1147 994 1755 1288 1483 
1561 1661 905 1070 1556 932 
1562 1579 
1563 1160 1513 1215 1739 1488 1688 376 931 1901 414 985 1161 1899 1234 1515 1831 1511 965 1696 1582 1291 1537 1055 1837 1569 1641 1564 1561 
1564 1009 1014 1785 
1565 1233 1883 1284 1568 1050 1363 1752 1292 
1566 1841 1047 1399 1595 1616 
1567 1001 1882 977 991 1418 
1568 1207 931 904 1805 933 1267 1061 1894 1164 
1569 1450 952 1052 1852 1707 1370 1377 376 
1570 1120 1656 1619 1346 566 1077 1487 1556 1659 1534 1027 1529 1677 1829 1340 1098 1538 1506 1896 1314 1647 1715 1238 929 1606 994 959 1541 
1571 1364 1515 1361 1312 1231 1606 1654 1221 1153 1075 996 1564 1306 1866 
1572 1777 1825 1764 1868 1839 1471 1233 
1573 1122 1623 1660 1378 538 1169 1354 1835 1232 1712 1411 1243 1762 1029 1892 977 1556 906 1217 1772 
1574 1352 1199 946 950 1533 1071 1371 1795 1368 897 1145 1253 1429 1311 1245 1595 
1575 1739 
1576 1698 1480 1888 1168 1108 1023 1338 1694 1555 927 995 
1577 1203 1749 977 484 939 1878 
1578 1614 1726 1160 1657 989 938 
1579 
1580 1908 1677 1340 1682 937 1397 1552 1831 1626 936 1847 1186 1629 1509 1280 1596 1299 1460 930 1482 1107 1504 
1582 651 1552 944 1315 998 1826 965 107 
1583 974 1706 1435 1769 1323 1219 1109 1697 1485 1066 1878 1819 1132 1338 1199 1521 1005 1214 1752 1406 
1584 601 475 1038 1451 923 1654 1013 1641 1347 1517 1774 1702 1093 1908 1607 1486 1769 1691 1555 1477 58 1254 1245 1351 984 1325 1634 1065 1284 1505 1453 1219 1829 1820 1606 904 
1585 1377 927 1101 1432 1235 
1586 
1587 1534 1166 1520 1665 1529 1740 1391 1309 1274 1594 1884 1682 1756 973 944 1114 1635 1493 
1588 1783 1557 1267 1033 1201 
1589 1373 1082 1415 1535 1314 1226 1417 1567 1418 986 1873 1319 1446 1638 1423 1847 1350 1071 1515 1213 995 914 960 1709 1402 1500 1692 1115 1686 1853 1122 1398 1534 1585 1169 987 1806 1322 
1590 1790 933 1300 1678 1161 1081 1283 1301 1489 1598 1008 1741 1038 1723 1661 1558 1587 1197 1299 
1591 1529 1484 1652 1751 1326 1041 1012 964 1609 1480 1574 1376 1496 1186 1763 1121 1592 1619 1486 1777 1141 1078 1066 1334 
1592 1455 909 1813 1097 1651 
1593 1747 1741 1550 921 941 
1594 1700 1245 1056 1564 1762 
1595 968 1001 964 1867 912 971 
1596 606 1500 1689 915 526 1052 1246 1476 1467 1275 947 1144 1508 1707 1759 
1597 1790 1441 1393 1401 1798 1702 1102 1275 1522 1428 1226 1124 1084 1002 1394 1868 1738 1895 1165 1053 1876 
1598 1148 1179 1152 1293 1697 1621 1673 1583 1154 1364 1628 1395 1465 1718 1575 1596 1195 1312 1422 1468 1638 1499 
1599 909 1462 
1600 1052 991 1224 1662 1467 1174 1889 1358 1142 1188 348 1775 1272 1179 1497 1440 1009 917 1288 1613 
1601 1090 1240 972 1057 1218 1579 
1602 1576 1861 1331 1010 
1603 1165 1866 1764 1594 1058 1871 1785 1381 1048 976 1777 1406 1586 1664 1496 1098 1264 1806 1346 1041 1512 1710 1088 1283 1011 1821 915 1841 1353 1024 1760 908 979 907 1652 995 1892 
1604 1350 1623 1495 1844 1698 1262 1054 1134 1575 1098 1901 1018 1212 1146 1765 1071 948 1576 1443 971 1088 1154 1779 1358 1860 1476 1673 919 1366 601 1773 
1605 1659 1514 1224 1424 1636 1042 989 1349 1568 1329 1548 1772 1776 1047 933 353 1515 
1606 1522 1499 1227 1450 1877 1003 1516 1586 1136 1775 
1607 1023 
1608 1526 1246 931 1405 1002 1783 1856 1382 1770 1886 1708 1758 1788 933 1074 1355 1251 1819 1168 954 1808 1631 
1609 1337 1731 1042 1769 1339 903 950 901 1169 1487 1247 1245 606 
1610 1727 1703 1817 1026 1384 1865 1218 1188 1911 1350 1102 1867 1444 1142 1169 1333 1740 1564 1253 1338 1450 1683 1220 964 1606 1328 1445 1892 1737 1464 1584 1686 1569 1233 929 1494 1144 
1611 1839 1310 1891 1422 1850 1059 1437 974 1109 1017 1879 1868 1768 1237 1522 1637 
1612 1221 1762 1257 1787 1346 1820 1397 1698 1870 1202 1437 1911 1634 1316 1817 1455 1104 1875 990 1628 1706 1380 1131 1163 899 972 1587 1051 951 1304 1572 1057 971 1063 1106 1578 1374 1102 1848 1307 1100 
1613 1841 1105 1020 941 1130 1422 996 1032 1794 1515 969 1616 1745 1538 1825 1574 1378 1818 1430 1366 1299 1674 1751 1587 376 1240 1349 945 1012 
1614 1396 1663 1281 1235 1605 1691 1909 1177 1182 1326 1347 1836 
1615 995 483 1229 
1616 1437 1013 1344 1505 1779 1474 1689 1322 1284 1017 
1617 1121 1307 1562 1814 1727 1880 1889 955 1350 420 1807 1431 1832 1167 1616 1038 1721 915 904 
1618 1553 932 
1619 1895 1858 1540 1226 1458 1070 1545 1592 1422 1179 1141 1693 1061 1872 1339 1860 1324 1058 1220 1050 898 1837 1884 1150 1577 1770 1777 
1620 1020 1433 1503 1778 1514 1591 58 1712 1159 1276 955 1619 996 637 483 1627 1283 1780 1254 1223 1656 1725 956 1611 1586 376 1043 
1621 1792 1180 1889 1645 1022 898 1410 1416 1112 1316 1694 1816 904 906 1499 1830 1070 1324 1422 1100 1688 951 1426 1899 1246 1650 563 1641 1578 376 1871 1133 1134 900 1740 1253 1690 1046 1430 1573 
1622 979 1398 1295 1787 1647 1635 1201 1135 1273 1262 1078 1251 1424 1667 1585 920 1300 1628 1863 1568 348 1385 1413 1203 1035 1710 949 1143 1742 
1623 1780 1131 1053 1822 1232 1030 961 1870 1135 1514 1256 1907 1293 917 1273 
1624 937 1389 1425 1395 1104 1075 1374 1577 
1625 997 1384 949 1909 1283 
1626 1024 1756 1210 1782 1899 1583 1252 
1627 959 
1628 946 1708 1154 1264 1278 1555 1672 1878 1846 964 974 1780 
1629 1407 1439 
1630 1506 1399 1111 1004 986 1567 1113 1157 1814 1861 1880 1136 
1631 
1632 1373 1788 1034 1748 1793 1603 1553 1611 1093 1377 1049 1577 1103 
1633 977 1526 901 1291 1367 1649 1737 1776 
1634 1190 928 1628 1557 1710 1398 1138 1899 1651 1204 
1635 1159 1134 1308 1672 1596 1538 1822 
1636 1310 1200 1623 1586 1641 1656 1667 1713 1552 932 1838 1351 953 1293 1777 939 1147 
1637 1489 1383 1401 1624 58 1866 1638 909 1701 1364 1444 1530 1684 1685 1285 1398 1374 
1638 1475 1686 1683 1121 1319 1251 348 1040 1717 1887 
1639 1543 1650 1290 1037 1054 1760 1094 1787 1901 1410 1536 1424 1416 1843 964 1716 1806 1817 1309 
1640 1361 
1641 1446 1595 1056 
1642 1872 1225 1248 1671 1290 
1643 1168 1402 1112 1359 1364 1095 1002 1153 1172 1362 1021 1041 1297 1797 935 1838 1591 1901 1734 1109 1736 1881 
1644 1389 1050 1436 1095 1506 974 1417 1556 1802 907 1101 973 1509 1166 1608 1755 1586 1843 
1645 1772 1202 1621 1479 1494 1430 1070 1780 948 1504 
1646 1411 1190 1679 1660 1711 
1647 1525 900 1878 970 1198 1726 1383 
1648 1653 1114 1352 1526 1496 
1649 1415 1133 1126 1157 1100 1195 1789 1022 
1650 1196 1759 1614 1425 1509 
1651 1724 
1652 1333 973 1494 1472 1095 993 1090 1545 1606 1451 1568 1675 
1653 1592 1685 1590 1143 1048 1301 1039 1213 1255 1249 1014 1333 
1654 
1655 991 1776 1142 1256 1151 1782 1000 1288 964 1208 
1656 1018 1370 1801 1122 937 
1657 1896 
1658 1595 1814 
1659 1635 1405 1880 1272 1283 972 1373 929 1821 1864 1270 1404 1650 1111 1046 
1660 1839 1318 1470 1028 1205 1087 1607 
1661 1159 1223 1516 949 1746 1086 1207 1138 1038 1851 1194 1057 1579 1055 1527 1762 1601 1378 1567 
1662 1510 1064 1173 997 1519 1087 1387 1502 1292 1657 1441 1540 991 930 1505 1837 1881 1264 1309 950 1907 1252 1303 1543 1164 1691 1247 
1663 1872 1594 1253 1836 1093 1136 1400 1461 1436 1050 930 903 1072 1472 1228 1237 1693 1069 1642 1854 1043 1844 1465 1453 1845 1654 1345 1660 1691 1624 1224 949 994 1295 348 1889 1515 908 1176 1802 1652 1720 1451 1266 917 1186 1787 1158 1651 1702 1710 
1664 1009 1496 
1665 1882 899 1482 1705 1536 1545 1611 1548 1268 1685 985 1806 1415 1311 908 1177 1242 1393 1377 1032 1564 1405 566 1631 969 1701 1434 1752 924 1408 
1666 1354 1325 1907 1798 
1667 1126 1803 1139 1591 1461 1341 1494 
1668 1901 1832 1654 1740 1196 929 1727 1811 1167 1573 1576 1848 980 596 1241 1776 1401 1247 348 1710 1536 1393 1099 1515 1748 1459 1525 1489 
1669 1760 1817 1547 1134 1231 1241 1046 1429 935 968 1010 1304 1810 1345 1679 1256 1061 1789 1316 923 1111 1343 1192 1285 1041 1829 1692 1513 1395 1874 
1670 948 1502 1221 1285 
1671 1324 1724 
1672 1724 1512 
1673 1504 1727 1068 1413 1126 1542 945 
1674 912 1294 1233 
1675 1424 1281 1209 1031 1074 1351 1276 538 1558 1522 1707 1540 1429 1237 1298 1015 1701 1771 1750 1876 1318 606 1324 904 
1676 1523 940 1330 1424 
1677 1283 1463 1154 1040 1285 1365 1296 
1678 1348 1887 1519 1906 1435 
1679 1571 1729 1050 1056 
1680 1719 1738 1493 1110 1384 
1681 1713 1599 940 1565 1804 
1682 1649 1734 1061 1371 1147 1586 1230 1868 1550 
1683 1050 1382 1368 1122 1638 1785 1370 959 1060 1841 1412 1346 1084 1655 1036 1423 1144 1027 1690 1026 1282 1411 1879 1628 1463 1317 1472 1322 1203 1627 
1684 1814 1461 1776 1724 1593 1488 
1685 1816 1553 1657 517 1213 1907 1739 1080 1030 1176 1513 1784 1408 1672 1514 1003 1088 1221 1301 1876 1148 1491 
1686 1276 1224 940 1870 
1687 905 1324 985 1352 1721 1810 1837 917 
1688 1631 1695 1704 1091 1120 1780 1034 1249 1806 414 1764 1133 1558 1494 
1689 1893 1772 1836 1777 414 1618 1454 1785 1087 1460 1775 1808 1082 1465 1162 1458 1021 1402 1158 1448 1301 1393 998 1069 1093 1371 1767 1237 1330 1482 1586 
1690 
1691 1213 1188 1302 1039 1670 910 1750 952 1384 1643 1436 1839 
1692 1494 899 985 1396 1683 1583 1814 1807 1646 1333 1359 
1693 
1694 1123 1717 961 1810 1115 965 
1695 1226 1363 1093 
1696 1692 1789 1495 
1697 1390 1074 
1698 
1699 1678 1453 1492 1381 1175 1648 1237 1545 1276 1776 
1700 1475 1778 1112 1626 958 
1701 1229 
1702 1224 1892 1751 1872 1141 1506 1881 1572 1603 1672 1256 
1703 1833 1116 1719 1403 1235 1022 1158 1297 1602 1425 1123 1588 
1704 1049 1113 1691 
1705 1463 1359 1621 933 1729 1045 389 1747 
1706 1587 1303 1038 1400 1294 171 1804 1746 1554 
1707 1475 1444 1413 1154 1763 1624 484 1869 1565 1436 1310 1035 363 1693 932 1320 1575 1329 945 1690 1082 1479 1012 1473 1450 1387 1411 904 1709 1579 1641 1681 1526 1345 
1708 1787 1688 1714 
1709 1234 1078 1106 1602 1670 483 985 1038 1084 1431 1905 1728 1568 1326 1584 934 
1710 1569 1241 1432 1204 
1711 1483 
1712 974 1820 1082 939 1166 996 1511 1317 1684 1631 1654 973 1828 1013 991 1365 1850 1651 1231 1165 1763 1575 
1713 1548 
1714 1882 1742 1703 1480 1728 1348 1875 896 1450 954 1328 1763 1887 629 1049 1368 596 1324 1575 1039 1476 1852 1258 1438 1527 1455 1042 1620 1073 1778 1726 1685 1872 1869 1421 1786 1066 1187 1035 1535 1843 1349 1463 1477 1782 1526 1472 1830 
1715 1596 1532 1569 1145 1022 1777 1652 1288 1766 1253 
1716 1295 1738 1468 1543 1170 1147 1278 1239 1062 1167 1837 1139 
1717 1334 1515 1057 1759 1144 1792 1342 1512 1012 1514 1699 971 1703 1673 1852 1368 1491 1074 1101 1822 1695 1341 1328 1411 908 1766 995 1596 1615 629 1027 1848 1142 1260 1320 1702 1777 1302 1278 
1718 1037 484 1774 1464 1001 1536 1483 1655 1186 1150 
1719 973 1282 1118 
1720 566 1076 1606 1785 1681 1555 1882 907 1243 1070 1584 
1721 1382 1475 1325 1339 1092 1685 1826 1652 1702 932 1599 1601 1666 1308 1150 1081 1829 1692 1283 1148 1097 1497 1500 1400 974 
1722 1323 1308 1081 966 1046 1142 1144 1893 1687 1802 1561 1284 
1723 1360 1141 1874 1467 924 1814 1588 910 1265 1699 1402 1372 1225 1189 
1724 1522 1328 1503 1704 1322 1313 1805 941 1540 1330 1085 1399 1824 1173 
1725 1572 1860 970 1168 1730 920 1120 1465 1092 1482 1289 1182 
1726 1661 
1727 1690 1008 1257 1379 1814 1709 
1728 1091 1272 1048 1097 1893 
1729 1075 1679 1856 1870 1546 1187 1644 1137 1691 1808 1462 1431 596 1049 1798 1535 
1730 1077 1423 1585 1767 1782 1279 1127 1698 1776 1537 1541 1430 1806 1438 563 1911 1350 1506 1346 566 1031 1012 896 641 1112 961 1234 1356 1231 1197 1623 1340 1836 1716 1302 1207 1798 1498 1150 1653 962 1303 920 
1731 1849 1830 
1732 1064 1562 1675 1112 1094 1414 1152 1315 1498 1154 1524 
1733 1469 1904 1471 1655 928 1169 952 1839 1287 1696 1836 
1734 1571 1534 1735 1871 1876 1404 1836 1812 1864 
1735 1454 1645 1819 1050 1629 948 958 1084 1526 1524 1875 353 1210 1494 1842 1889 1756 1380 1502 1327 
1736 917 1343 1398 1843 979 1207 1508 1606 1179 1432 1469 907 1284 1575 1660 1225 1113 1009 1859 1238 1546 1396 1627 1210 1134 1217 1543 1050 1759 1522 1659 1053 1692 1911 1507 1515 1109 1092 1359 1881 1058 1286 985 1120 986 1401 1162 947 414 1443 1520 
1737 1503 1125 1158 1820 1828 1402 171 1718 1639 1028 1705 1200 1720 1251 1148 
1738 905 1144 1524 1668 1429 1553 1645 
1739 1491 896 1089 1508 
1740 1743 1759 1262 1496 1891 1298 1462 1791 
1741 1328 1628 950 1281 1171 1578 1261 1881 1564 1674 1697 1043 1014 1529 1224 1007 1099 1625 
1742 1837 1529 1327 1670 1840 1645 1021 1193 366 1853 957 1627 1614 1330 1471 1497 
1743 1372 1551 1323 1265 
1744 1232 1109 1207 1190 1200 1060 1625 
1745 1664 0 1109 1330 
1746 1802 1842 897 1283 1805 1454 1358 1504 988 1179 1174 1845 1142 1354 1100 1773 920 1145 1861 1134 1521 1825 987 1850 1306 1378 1505 1133 1063 
1747 1072 1665 1688 
1748 1082 1075 1232 
1749 
1750 1863 1002 1192 974 1089 920 1873 1428 1910 1546 1468 1710 1461 1195 
1751 1076 1774 1671 1879 914 945 1906 1867 981 1376 
1752 1544 1152 1314 1327 1650 1163 1486 1469 428 1161 1848 1667 1278 1226 1881 1195 1404 1726 1102 979 1820 901 1822 
1753 1807 1223 1279 913 1500 1718 1542 1280 1071 1785 1867 1061 1652 1467 1313 1296 1829 1024 
1754 1455 1561 1569 1870 1057 1179 999 1229 896 1633 1797 1340 923 
1755 1102 
1756 1057 1357 
1757 1128 1207 1850 926 1706 1648 1576 1169 1318 1632 1741 637 1811 1268 1359 1039 
1758 1031 1861 
1759 
1760 
1761 1680 1647 943 1097 1763 984 1648 1515 1574 1406 1139 1582 1066 1007 1642 992 1658 1605 1438 1700 1681 1803 
1762 
1763 1177 1517 1744 1794 924 1627 992 
1764 1804 1906 1130 1685 
1765 1794 929 1368 1280 1731 171 1539 1757 1900 
1766 1619 1493 957 1495 1209 1107 1189 1676 
1767 966 917 1005 484 1793 1200 1444 
1768 1618 1694 1392 1217 1508 1154 1111 1338 1258 1051 1450 1875 376 955 1132 1018 992 1889 1577 1310 912 1737 420 1894 1625 1653 1475 945 1871 1285 1015 1789 1455 
1769 1162 1338 1344 1086 1125 1436 1601 1399 1146 
1770 1024 1063 925 1533 1346 1167 1732 1459 
1771 1129 1374 1790 1116 966 
1772 1302 1680 1777 1683 1839 601 1908 1516 1351 1786 1705 1878 1187 
1773 952 1519 
1774 1636 1223 1428 1293 1684 1754 1676 1142 1048 944 
1775 1760 
1776 
1777 1684 1146 
1778 1305 1148 1445 1201 1895 
1779 1571 1470 1125 1736 
1780 1318 901 
1781 1126 1356 1706 1022 
1782 1881 1306 1406 1836 1439 1471 1164 1410 1036 982 1275 1151 1525 1727 1039 1899 
1783 1571 1585 1665 1736 922 1574 428 1137 1256 1754 1542 1554 929 1131 1065 649 1350 1547 1007 1393 1598 904 1865 1847 1250 
1784 1090 977 1419 1706 
1785 1081 958 989 1135 606 
1786 1068 1430 58 1086 1480 1078 1195 1255 1755 1911 1671 1874 1693 907 990 1621 1189 1343 1609 1568 1019 1087 
1787 1887 974 1377 999 1743 
1788 1118 
1789 1395 1360 1788 1577 1485 1062 1066 1074 1050 1361 1195 1113 1911 1825 1458 1766 1072 1356 1469 1551 1355 1680 1236 1835 
1790 1430 1143 1245 1524 1480 1101 171 
1791 1815 1766 923 1805 1035 0 1396 1796 1045 1746 1354 931 974 1001 1353 1606 1487 1004 1072 1790 1863 1594 1288 1190 1327 1285 1128 
1792 1584 
1793 428 1696 1895 1670 965 1594 1748 1087 601 1279 1890 1301 1463 1023 1789 1409 1202 1626 1818 1288 1182 1085 1676 929 1487 1652 
1794 1528 1285 1845 1159 1638 1872 
1795 1748 1655 1040 1832 957 1544 1797 1366 990 1844 1405 1277 1502 1072 1089 1576 1328 1121 1368 
1796 1681 1525 1637 1093 1435 1037 928 1194 1603 1026 1019 991 1406 1241 1054 
1797 1212 1144 
1798 1334 1752 1127 1425 1507 1060 943 
1799 1301 1108 1447 1580 1005 987 1666 920 959 1776 935 1057 1601 1424 1640 1334 1739 1786 1524 1575 1197 1891 967 1127 1818 1473 1667 1853 929 
1800 1233 1642 1177 1732 1010 1682 1489 1575 1887 1670 1154 1465 1029 1499 1526 1743 1631 1667 1090 1639 1225 1649 1354 1908 1190 1204 1296 1910 1228 983 1692 1035 936 1321 1728 975 1070 1686 1658 1778 1576 1790 1037 1423 1213 
1801 1454 1058 1775 1195 1411 1596 
1802 1088 1785 
1803 1383 353 1457 1759 1042 1212 376 
1804 1077 1338 1179 1438 927 949 1624 1003 1402 1795 1092 902 928 1394 1706 1531 926 1495 1026 366 1241 1063 1883 1010 1097 1751 1779 1801 1382 1860 1819 1366 1465 1616 1755 
1805 1624 1559 1611 
1806 1790 1690 1696 526 353 1513 1743 
1807 1018 1517 1413 1120 1038 1835 1744 
1808 1332 1881 
1809 1146 1366 1655 1253 1534 1763 1015 414 1749 1698 1286 1491 938 1141 1334 1827 1479 1425 1681 1065 1193 1484 1515 1263 1656 1571 967 1573 1675 1554 1348 
1810 991 1041 987 1689 1205 1136 1084 1251 1553 1113 1225 1106 901 1245 1215 1081 1077 1840 
1811 1473 1334 1807 1885 1289 1391 1845 956 1889 1566 939 1628 1306 1623 1908 
1812 912 1420 1543 1552 1204 1736 1234 
1813 1734 1331 1282 1032 1695 1590 1185 1712 1179 1093 1194 1843 1264 990 1168 1009 989 1874 1841 1892 1407 1690 1363 1859 1007 1064 
1814 1031 1579 1296 
1815 954 1849 1440 1704 1025 1130 1755 1192 
1816 1203 1014 1265 1843 991 1309 1277 1796 1611 1041 1395 1558 1592 563 1591 1544 1574 1904 1088 1105 905 1548 1196 937 1661 1773 1769 1754 951 1085 
1817 1428 
1818 1097 1014 1815 1686 1194 1887 1810 
1819 1337 1522 1357 1139 1506 1887 1811 1030 1279 967 1515 1821 1452 1160 1331 1635 1805 1534 1291 934 
1820 1514 1189 1351 1059 1370 1367 1297 1505 979 1750 1301 1891 
1821 1104 1469 1474 1464 1620 420 1252 
1822 1178 972 1101 
1823 1079 1786 1681 1259 1794 1324 1885 1002 1436 1100 1616 1796 1715 1082 1670 1071 1061 1655 1195 1314 1186 1713 1468 1190 1164 1719 1728 1063 
1824 1779 1675 1527 914 1214 1334 962 996 1881 1550 1895 1748 1160 1065 1056 1615 
1825 1384 1578 1143 896 1015 1014 1061 
1826 1281 1628 1258 1149 1536 637 1561 1378 1907 1255 1886 1373 1441 1880 1093 1011 1763 1627 1369 1328 1353 998 1426 
1827 1196 1197 1565 1534 1182 1158 1836 1163 1538 1477 938 1272 1411 1651 987 1127 1022 58 1362 941 1571 1319 1499 1248 1514 1040 1901 1131 414 1727 517 1649 1782 1693 1579 1817 1550 1598 580 
1828 1574 1695 601 1794 1279 1562 1217 1522 1827 1203 988 428 
1829 1461 1728 
1830 1483 977 1664 1677 1004 1027 1611 
1831 1159 1366 932 1327 1718 1551 
1832 1231 484 1870 978 1003 1848 1559 1807 1052 
1833 1316 1490 1018 629 1228 1578 1405 1821 1031 1754 1808 1878 1485 1708 1895 1343 1326 1057 1482 1408 949 1540 1537 1863 1098 959 1266 414 1204 1479 1797 1058 1543 
1835 1818 1358 1542 974 1169 1707 1278 1240 1055 1814 1379 1121 1673 1448 1775 1299 1157 1862 1544 1529 1847 1296 1763 1497 1756 171 1107 959 970 1011 1382 1398 1384 1273 1802 
1836 1604 1904 1726 1876 1698 
1837 1103 1743 1392 1571 
1838 1770 1431 1250 1141 
1839 1246 1837 1566 1706 1237 905 1332 1087 1652 914 1556 1392 1432 1721 1859 898 987 1245 1474 517 1470 1537 1375 1296 1463 1660 1594 1349 1760 1171 1381 1774 1773 1042 990 1224 1265 
1840 1123 997 1370 1533 
1841 1139 1029 428 1171 1786 1893 1463 1035 1461 1900 1335 1296 1396 
1842 1444 923 1821 1516 1402 1586 1900 1198 1292 1202 1282 1785 1576 1681 1245 1467 1120 1316 1695 1083 1000 1653 1395 1771 1105 952 
1843 1898 1081 984 1900 1767 1262 
1844 1520 996 1630 920 1117 1100 1329 1315 906 1333 987 
1845 927 1191 1471 1855 1403 1590 1503 1871 1216 1178 1690 963 1548 1626 1218 1294 1175 968 
1846 1266 1450 1635 1222 1033 1898 1164 1755 
1847 1579 948 1557 1124 
1848 981 1073 933 1260 1301 1302 1771 
1849 596 1482 1394 1511 1253 1660 649 1908 1858 1045 1258 1418 1797 1401 1127 1208 1374 1576 1403 1342 1739 1350 1261 1496 
1850 1124 1471 1617 932 1457 
1851 998 1877 1879 1073 1076 1448 1262 912 1733 1539 1518 1747 1048 
1852 1524 947 914 
1853 649 1377 1446 
1854 1210 
1855 1504 
1856 1472 1272 
1857 1251 970 1567 1187 1359 1647 1688 959 1324 1598 1295 
1858 1170 1673 1611 1289 
1859 987 1390 1631 1033 1633 1772 1737 1908 1666 1807 1334 1909 1073 
1860 1203 1819 
1861 1461 1540 1198 1513 1225 1389 1478 428 1420 1446 1736 1165 1132 1799 1168 
1862 1818 1046 1261 1613 1425 1427 1808 1556 1062 
1863 1481 1901 1312 1558 937 1120 353 1813 1364 366 
1864 1430 927 1458 1361 1537 1390 996 1238 910 1324 484 1340 1894 1429 1131 1464 1691 1052 1442 1227 1734 1398 
1865 960 
1866 1869 1041 1302 
1867 484 1509 910 1762 1624 1443 1069 1633 1301 1474 920 1695 1725 1234 1638 1565 1538 1296 1486 1183 1120 1768 1406 1676 1131 1837 
1868 1729 976 931 1646 1240 1699 1893 1617 1571 1838 1037 1239 1556 1371 1520 1102 1704 1701 1572 1041 1745 596 
1869 
1870 1493 1889 1450 
1871 1538 1064 910 1627 1302 934 1093 1320 1524 1097 1184 1580 1432 1421 1717 1480 
1872 1603 1650 1681 1381 966 1505 945 1083 1724 1709 
1873 1799 1471 1782 1407 976 1490 1644 1693 1262 
1874 1187 1353 1406 
1875 1201 1075 1431 1479 1502 1583 1406 
1876 1687 1721 1806 1683 1314 1575 1497 1788 1332 991 1880 1115 1786 1753 946 1387 1789 
1877 1792 1490 1253 1179 909 1691 1204 1760 1347 483 1186 963 947 1758 1019 
1878 1102 977 1547 1892 1254 1548 1376 1551 1065 
1879 1228 1534 1043 1261 1212 1507 1877 538 1820 1220 1051 1778 1332 942 1698 1433 1788 1886 1038 1326 1870 1780 1092 951 1464 
1880 363 1080 1832 1381 637 1324 1019 
1881 1564 1871 1129 976 1886 1738 1435 1735 1663 1571 1754 1354 1071 
1882 1856 1696 977 1808 1625 
1883 1745 1641 1148 
1884 1758 1506 1103 1633 1125 1296 1058 
1885 1307 1864 1297 1469 1102 1080 930 
1886 1764 1166 951 996 1499 1257 1820 1709 1073 974 1089 1426 1410 1783 1402 1250 1620 1780 1336 1435 
1887 980 1626 
1888 1602 1755 942 1053 1575 1023 928 1300 1786 1859 1412 1383 1115 1213 1020 1592 1167 1349 1348 1841 1139 1372 1766 1866 1245 1722 1374 1150 1235 348 1109 1897 1295 1296 936 1739 1443 1265 1824 1241 1054 979 1378 1358 930 1682 1137 1276 996 1268 1553 1572 1438 
1889 1835 1450 1061 
1890 1115 
1891 1865 1782 1302 1275 428 970 1787 1384 1309 1348 1826 1883 
1892 1791 1261 
1893 1350 1293 1029 1856 1477 922 924 1877 1314 1010 1280 1714 348 1911 1632 1225 1059 1199 1177 1847 1575 1154 1885 1230 
1894 1727 1763 1592 1869 1048 1843 1757 1335 1299 1434 1397 
1895 1436 1448 922 1554 376 1607 
1896 1751 1824 
1897 1672 1652 1337 1438 1264 
1898 1018 1429 1531 1328 1481 1788 1577 907 1451 1234 1726 
1899 1336 1804 1199 1529 1535 1621 1024 1257 1059 1679 1802 1457 1181 1033 1086 
1900 1553 953 1035 1000 1783 
1901 1285 1778 968 
1902 1475 1164 1853 1753 898 928 1394 1741 1443 1909 1555 945 1365 1856 1558 1134 1674 1628 1027 1903 906 1398 1158 1188 1070 1516 1300 1588 
1903 1469 1533 1406 978 1189 1722 
1904 1114 1103 1471 1755 1150 1244 1634 1435 
1905 1493 
1906 1788 950 988 
1907 1070 1358 1024 1138 
1908 1372 
1909 1699 1060 909 1580 1600 1076 1570 
1910 1218 1699 915 964 1540 1615 
1911 1708 1430 1380 1603 1106 
