0 1185 
58 1768 
107 1414 933 1355 1518 1147 1162 970 1240 1175 1695 1511 1156 1705 1615 1353 1253 1323 1783 1192 953 909 1108 1908 1704 1577 1343 999 1472 1093 1595 1844 1879 1775 1210 1397 1226 1010 942 1166 1898 1136 1677 1749 1649 1325 1022 1432 1091 1222 1512 1225 917 1489 1590 1478 1794 1624 1372 1122 954 1359 1024 1256 1604 1573 1152 1139 1213 1309 1171 956 1067 1550 1893 1109 1825 1282 1538 1456 1569 1217 353 1370 1720 1598 376 1911 
171 
348 1896 1817 
353 1245 1005 1347 1541 1800 1175 1773 1317 941 1501 1720 1436 
363 914 1541 1150 1022 1454 1193 1852 966 1006 1243 
366 1810 1057 916 1428 917 1433 1905 1175 982 1558 1517 
376 1641 1537 944 1657 1138 1515 
389 1111 1884 1424 1127 1090 1593 1875 960 
414 1491 1449 
420 1821 
428 1559 1629 940 999 1044 1342 1796 1627 1704 1019 
475 999 1586 1439 1485 1803 904 1232 1865 1382 1226 629 1681 1054 
483 1307 1017 1856 1799 1518 1898 1739 1009 1653 1789 1065 907 1376 1764 1381 987 1168 1499 1516 1845 1521 1769 1476 956 1731 107 1693 1511 
484 1621 948 1063 1898 1343 1498 1597 1074 1169 1459 1198 1811 1544 1905 
517 1331 1515 1483 1010 981 
526 1515 977 967 1439 908 1658 1686 1046 1014 982 1664 897 1507 978 1335 
538 1890 1710 1259 1212 1499 1691 925 1893 
563 1627 1320 1147 
566 1329 1035 998 1858 1626 
580 1520 1818 1001 1144 1768 1630 1465 1787 1337 
596 1045 1587 1223 1519 
601 1448 1537 1400 1812 1297 
606 1518 1634 1576 1218 1214 1603 1255 1078 1276 978 1331 922 1250 566 1481 1009 1669 1786 1655 1719 
629 
637 1755 1310 1715 1503 978 1847 983 1685 1389 1522 1097 1289 916 1609 1266 1520 1603 1508 1516 
641 1268 1350 1555 1153 1294 1660 1550 1016 922 1037 
649 1114 
651 1399 1139 1131 1345 1696 1735 1579 
896 1828 1549 1143 904 968 1411 1317 1461 1870 1179 1258 1736 993 1128 1512 1757 1866 1563 
897 1699 1652 366 902 1899 1184 1303 1812 
898 1767 1590 946 967 1065 1779 1343 1211 1806 1584 1364 1577 1255 978 1885 
899 1010 
900 1474 1680 1358 
901 1355 1200 1822 1872 1719 1406 
902 1246 920 1441 
903 1507 1705 1376 949 1423 1047 1616 1439 
904 
905 1575 
906 1123 1699 1896 1151 1782 1163 1481 1900 1590 1391 1153 907 1023 942 914 1709 1636 1403 
907 1027 988 1014 1883 1637 1046 
908 1006 1516 1848 1881 1066 649 910 484 
909 974 1872 
910 1897 
912 1179 1242 1153 
913 993 1168 1301 1532 1637 1137 1467 960 
914 
915 1717 985 1170 1100 1820 1232 1504 1879 1709 1838 
916 1301 1360 1350 1013 1198 1254 606 1908 1816 1085 956 1364 1332 1743 566 1789 1737 981 1262 1140 1818 1037 1700 1321 1852 1845 
917 1287 982 1616 1734 1292 1892 1350 1572 1150 1208 1850 1354 1846 1500 1440 428 1003 1546 1034 
919 1463 1233 1642 1769 
920 1229 1752 
921 1004 1017 1645 1536 1121 962 1562 1851 1292 629 1627 1803 1548 1394 1247 389 1485 1098 1597 1122 1880 
922 958 945 1218 1611 1127 1227 
923 
924 1441 1222 1069 1746 538 1428 1167 935 1066 1237 1162 1638 1470 1265 
925 1213 1578 1277 651 1318 1328 1311 1139 1809 1204 1760 1174 1619 1168 1706 1458 1245 929 1555 1635 1749 171 959 1784 1564 1412 1337 1679 1851 1808 1394 1546 
926 959 900 1391 1717 1385 
927 1234 1774 1616 1149 1871 939 1326 1512 1578 920 1861 1330 1076 1397 566 1635 1441 992 912 1172 1709 913 1511 
928 1867 1392 1228 1158 1789 
929 1343 1848 1020 
930 1273 1864 1224 1343 651 1041 1604 1439 1552 1311 1819 
931 1382 1420 1103 1879 
932 1634 1592 1568 1732 1039 1879 1567 1472 949 1900 58 
933 1867 984 1324 1052 
934 935 945 1209 1593 957 1216 907 1638 1081 1478 1519 1233 
935 1025 
936 1795 1530 1565 1600 1126 
937 1379 
938 910 1720 1122 1573 981 1595 1502 1272 1044 
939 1397 1904 1487 
940 1681 1307 1264 1486 
941 1071 1525 1139 1317 1679 1066 1415 1056 1210 1908 
942 915 1453 929 1431 1488 1688 1131 1739 1548 970 1248 1440 1411 1713 
943 1257 
944 1637 1728 1006 1535 914 979 1791 1694 
945 
946 977 1088 1770 1020 1093 1640 1031 1572 1029 1703 1531 1600 1503 1160 1294 566 1109 1607 1813 941 1829 1134 1579 1317 1562 1502 1382 1441 1002 1014 1908 1862 1166 1156 
947 1899 1666 1443 1767 1046 970 1363 934 1115 1293 1379 1345 1225 1040 913 1159 1708 1104 1124 1313 1371 1828 
948 942 982 1590 1895 1451 1707 1086 1281 
949 1908 1571 58 1717 959 971 1216 
950 1774 1365 1049 1662 1103 
951 1291 
952 1713 1553 1573 1135 1670 959 997 1494 1045 1047 1828 1564 1858 
953 992 641 1091 912 985 1168 1167 1763 1125 1371 1017 1130 1606 1866 1655 900 1521 1268 1305 
954 1556 1767 1719 1582 1900 1033 1389 931 1712 1826 1295 991 
955 1425 1124 
956 1277 1649 1878 1051 
957 1101 1824 1143 1244 936 1600 1115 1288 1630 1037 992 
958 899 
959 1590 1406 1035 1495 1047 1615 1339 1045 1562 1106 901 1642 
960 967 1296 1838 1679 1451 1475 1470 1794 1706 1230 1592 1689 1886 1846 1300 1748 1440 1110 1528 1687 1871 
961 1701 1700 
962 1901 1335 1779 1277 1227 
963 1048 1085 897 1279 
964 1154 1395 1063 1092 1379 
965 1437 1378 
966 1794 1358 1459 1850 1290 1420 1168 1425 927 1473 1773 1071 1129 1682 1016 903 1751 
967 1471 1899 1373 1090 1673 1716 1747 963 1291 1200 1025 1036 1625 1636 1877 1801 1404 1180 1679 
968 929 1269 1605 963 1882 1081 1893 
969 899 1646 1377 1624 1686 1183 1699 1319 1298 1793 
970 1865 898 1632 
971 1035 1547 1636 1159 1765 
972 1522 1730 1074 1353 
973 1842 1318 1258 1215 
974 1327 1322 
975 1516 1128 1884 1891 1571 938 1683 1030 1497 1652 
976 1134 1445 1270 1126 
977 1606 1481 1610 1303 1399 1561 899 1337 
978 1071 1675 1230 1504 1418 1116 1807 1597 1910 1477 906 1111 1121 1555 1759 1156 988 1074 1780 1245 1150 1315 1220 1651 
979 1377 
980 1159 984 1237 1179 1897 1680 919 1363 1418 1599 1880 940 1540 1412 1424 1357 1739 1253 1155 1526 1686 
981 1299 1739 961 1198 1517 903 1725 1814 
982 1820 1268 1433 937 1755 936 1603 1034 428 1790 1634 1579 
983 1824 1033 1861 649 1342 1838 1771 1884 1544 1509 
984 1448 909 1221 1445 1797 1694 1002 1838 1697 1086 906 
985 1813 998 
986 1446 
987 
988 1254 1604 1161 906 1102 
989 389 1197 1475 1509 
990 1764 998 1215 
991 1853 1545 1862 1415 
992 1028 1004 1590 1858 1272 1419 
993 1299 1538 1899 1775 1072 1078 1383 1240 1446 1435 1690 1000 1215 1338 1320 1719 566 1196 1803 1278 1419 1348 1212 1298 930 1425 1004 1118 1664 1821 1700 1268 1812 1533 
994 937 1141 1403 926 
995 1003 1852 1046 1170 1190 1444 1746 1795 1625 1574 1030 1757 1122 1102 
996 
997 1332 1054 1317 1037 1548 1177 947 1451 937 1195 978 1340 1061 1099 1072 1893 1504 1649 1422 1287 1284 1115 1814 1333 942 
998 1292 1771 1057 
999 1495 910 1906 1478 1145 1383 1688 1661 1884 1219 1357 1131 1429 1878 1380 1053 1138 1436 389 1751 1876 
1000 1438 
1001 1056 1186 1632 1283 1247 1139 1847 1317 
1002 906 
1003 483 637 1000 1151 1829 1304 1041 1397 1681 1403 563 1584 1896 1018 1375 1575 1249 
1004 990 1142 1186 1203 1579 1734 1342 1759 1411 1315 1333 1018 899 1831 1351 1751 1035 1824 1740 965 1057 1875 1797 
1005 1746 1636 1801 1191 
1006 389 1623 1249 526 1734 1722 484 1500 1266 1844 1447 1831 1705 1420 1664 1778 1739 898 1397 1632 988 1848 1245 1552 1711 1411 1497 1906 1053 
1007 1614 1572 1130 1734 
1008 1122 1087 1830 
1009 1153 924 1791 1226 1083 1642 1434 1526 1515 
1010 964 1276 1684 637 1857 1407 1005 1234 1843 1907 
1011 1304 1339 1043 1389 1294 964 1527 1790 
1012 1833 908 1746 
1013 1318 1304 1198 1620 
1014 1737 1696 1337 1643 1012 1699 1562 1247 944 957 1430 1614 376 1608 1001 1501 1677 
1015 937 1410 1818 1170 1393 1845 988 1232 1465 1891 
1016 1908 1223 1643 1907 1008 
1017 994 1903 1667 651 1064 1478 1041 1616 1116 1703 1316 1299 968 1504 1567 1244 1254 1426 957 1037 1770 1533 1771 1389 1228 1085 1836 1678 1045 1053 1205 1099 1706 1369 1141 
1018 1525 1711 933 1770 1439 1465 1112 641 1103 
1019 1146 1606 1162 1349 1621 1382 1418 1026 526 1429 
1020 1298 1651 1034 1211 927 1833 1609 1192 1777 
1021 1854 1001 1719 1763 1717 971 1215 
1022 
1023 921 1707 
1024 1270 1787 1258 1845 1181 1756 1755 1871 1831 1203 1175 1426 1423 1586 1684 484 
1025 1849 1005 1556 1406 1903 1078 1340 1729 1645 1195 
1026 1381 906 1051 1158 1204 1630 1397 1523 1836 1374 1138 0 1724 1059 1284 1114 637 1033 1336 
1027 
1028 1266 1300 1577 1805 1618 1360 1304 1526 908 1759 1150 1292 483 1443 1626 1144 
1029 1853 1592 1007 1796 1282 1829 1704 1724 1408 1727 949 1747 1054 1444 1744 
1030 1895 
1031 1314 1681 
1032 1714 1679 899 1198 1583 1416 1110 1713 1191 1572 1817 1183 1760 1648 1764 1804 1546 1511 1500 979 
1033 1004 1165 
1034 1499 
1035 1899 649 1772 1008 
1036 930 1516 1175 1026 1166 1406 1193 1253 1881 
1037 1615 1795 1036 1665 1710 1531 1439 
1038 
1039 1875 1529 1349 1845 1766 
1040 1249 1486 1591 1855 1771 1856 1128 1722 1557 
1041 1732 1409 1166 1071 1043 1343 1583 921 1721 1124 1774 
1042 1001 1708 107 
1043 
1044 1220 1832 
1045 916 1459 
1046 1798 1826 
1047 1719 1249 1571 1555 959 936 1822 1526 1127 1215 1088 1545 1605 1736 1210 1186 
1048 1051 1748 1886 1603 971 1417 1359 1487 1495 1203 962 1564 1192 1065 1497 1901 1370 1785 1745 1693 
1049 1001 1035 1030 1768 1464 1575 1204 1266 1732 1772 538 1691 1473 
1050 968 1219 1732 1245 
1051 1364 1734 1264 1201 1647 1815 1342 1609 914 1121 
1052 1814 1579 1904 957 1419 1434 1377 1804 1016 1856 0 909 1475 977 
1053 1817 1471 
1054 1558 1481 984 1731 420 1722 1645 1218 1530 1239 
1055 1565 1582 1120 1481 1415 941 
1056 975 1428 1239 1049 1702 1755 629 
1057 1186 1307 
1058 1568 
1059 1417 1089 1190 1273 1143 1511 1281 1027 1558 1174 1256 1259 1579 1336 1187 1264 1797 1424 1100 1500 1865 1905 1874 1074 1843 1908 1139 649 1830 1875 1674 1333 1870 998 1091 
1060 1909 1670 1540 1696 1071 982 1219 1418 1311 
1061 1686 1778 1625 
1062 1155 1582 
1063 1666 1853 1750 1796 1392 1539 
1064 953 1504 1003 1536 1237 
1065 
1066 1357 1449 1750 1123 1048 1151 1143 1189 1481 1341 1563 1062 
1067 1829 997 1631 910 1755 1263 1477 596 1533 1212 1551 1521 563 1523 1642 1153 1818 
1068 1578 1122 1806 1336 1877 1711 1197 994 
1069 1086 1359 981 
1070 1232 1833 1532 1622 1648 1461 1130 1176 1611 1057 1325 1104 366 1205 1385 970 1058 1700 
1071 1776 1203 
1072 1160 1339 1649 1025 1316 1888 1439 
1073 1526 1152 1158 1420 
1074 1348 1415 1408 1784 1691 1196 1400 1753 1429 1686 973 1835 1428 1795 1336 1678 1156 1272 
1075 1719 1197 1835 1093 941 1684 908 1674 1495 1892 922 1354 898 916 1357 1420 1293 1501 1351 
1076 970 1569 1855 1561 963 1328 1032 1889 1319 1410 1724 1590 1265 935 1840 1472 1775 902 1000 1512 1549 
1077 1856 1733 1471 1842 1668 
1078 1072 1531 1874 1298 1644 1110 580 1830 1906 1641 1781 942 1474 1639 1273 1218 987 1900 1614 1082 1482 1670 1049 1724 1371 651 58 1147 1417 1048 1104 1840 1265 1095 1366 
1079 1113 1049 1902 926 1854 998 1858 1568 938 1889 1648 1314 1042 1172 1847 1067 1156 901 1045 1817 1572 1543 1215 1718 1884 1580 566 1841 1866 1105 1021 1383 1307 
1080 993 949 1521 1605 1365 1407 1093 1127 1544 
1081 1147 1374 1077 1420 1838 935 1373 
1082 1334 1796 1646 1169 1508 1318 923 1882 1170 1766 
1083 1684 977 1422 1219 1582 1286 1123 1065 1409 1693 
1084 1592 1433 1502 1415 1082 
1085 1721 906 1642 1014 1562 1034 
1086 1839 1459 1142 1122 1181 1421 1802 914 1883 1282 1597 1826 1871 1686 1140 1774 1340 1482 996 1415 1870 1695 1866 1780 1081 1627 1470 1000 1193 1709 1355 1493 1854 1437 1338 1432 1684 
1087 
1088 1448 1167 1246 
1089 1024 1626 1267 
1090 1488 1742 
1091 1062 
1092 994 1357 944 1246 1871 1328 1606 1505 1117 1040 1475 986 1791 1255 
1093 
1094 1519 1409 
1095 1464 1005 1381 910 1392 
1097 1600 1435 1717 1863 1052 1148 1053 1143 1370 1191 
1098 517 1527 1284 
1099 1319 563 952 1441 1880 1897 1185 1446 1281 
1100 1169 995 1876 171 1831 1339 1602 1909 1784 1448 1537 1397 1027 
1101 1503 943 629 1294 1334 1751 1342 1646 484 1570 1899 353 1076 1769 1143 1350 1830 
1102 1362 1697 1259 1554 1042 1381 1851 1866 1302 1507 
1103 1824 1138 936 
1104 1545 1584 1782 1113 1851 1695 929 1740 1208 1658 1182 935 1746 1376 1176 1213 926 1253 1143 1382 1825 1814 1172 997 
1105 1801 538 
1106 1609 944 1508 1534 1426 1497 1023 1657 
1107 1616 1508 1632 1502 1005 1258 1218 1355 1626 1830 1202 1699 975 1585 1732 947 1575 1276 1829 973 1729 1761 1786 910 1333 1434 1566 1706 1840 1556 1093 
1108 1652 1247 1600 1284 1810 1685 1586 1230 
1109 1811 1317 1907 943 1346 
1110 1293 1194 1732 1550 1117 1375 1816 1525 994 1192 1224 1584 1221 1852 1674 1183 1361 1850 1866 1520 
1111 
1112 1675 1700 1052 1853 1753 1407 1454 1137 
1113 1347 1234 1421 1857 1582 1434 1404 1231 1831 1641 
1114 1597 1756 1859 1304 912 1779 1443 
1115 1506 1593 1601 1428 1321 1502 637 
1116 1338 1720 1254 1640 1601 1394 1183 
1117 1824 1179 1712 920 171 1673 1472 1121 937 1869 1799 1215 1836 979 1489 1674 1235 1403 1762 1656 1728 995 1505 1907 1021 1815 
1118 1238 1292 1421 1180 1416 1487 
1120 1798 1524 1711 1189 1735 1295 
1121 1447 1097 1689 517 1166 1592 
1122 1789 1715 1629 428 1172 1293 1043 389 1809 1359 1791 
1123 1856 1595 1731 1481 1166 1577 1089 1628 1366 1168 1062 958 1627 1495 1377 1682 1900 1318 
1124 1095 1910 1534 993 1021 1349 1326 1721 1821 1405 596 1511 1089 1275 982 1144 1462 1368 973 1109 1044 902 1365 1640 1025 
1125 1783 1690 1254 1708 936 1548 1221 1074 1872 1623 968 980 1458 1865 348 1423 1403 1314 1042 1895 
1126 969 1245 1801 1309 1450 1070 1592 1786 1807 1097 1415 1595 1645 1240 987 1088 1296 1566 1310 1360 1706 1324 1368 991 1764 938 1889 1490 1180 1651 1546 651 1638 1565 1755 1845 992 1525 1141 1091 1217 1577 1599 1871 1567 
1127 1294 1663 1393 1738 1756 
1128 1372 1752 1486 1312 1246 1458 896 929 1812 1030 1459 1637 1084 998 1424 1437 1861 938 1408 1647 
1129 1044 1205 1351 1455 1406 1024 1687 1249 1900 1698 1011 1892 1177 1381 
1130 1634 1034 1589 1499 1411 1058 1170 1110 1486 1487 1509 1222 
1131 1767 1079 1721 1640 928 1012 1899 1035 
1132 1210 1744 1529 1676 908 1659 1661 929 1693 1218 1682 940 1023 1177 1911 1051 896 1144 1632 1786 979 1627 907 1455 1708 1420 898 
1133 
1134 1786 
1135 1897 1348 995 1649 1205 1337 1735 1196 902 1665 1301 
1136 1755 1449 1877 1781 1020 
1137 1324 975 1139 
1138 0 980 
1139 1760 1907 1099 
1140 
1141 1526 1037 1076 1089 1059 1207 
1142 966 651 1731 1344 1445 1829 1210 1231 
1143 
1144 
1145 
1146 1356 1736 1641 1083 1531 1157 1101 1711 1245 1041 1413 1808 1198 1091 932 1408 1054 1840 1856 1120 1543 1694 348 1419 1870 1353 961 1859 
1147 
1148 1132 1135 1852 1394 1634 1411 1046 1693 1527 1786 649 1878 1686 1122 1126 1904 
1149 956 348 1388 1851 1045 1576 1817 1282 1881 1309 1264 1601 1447 1038 1891 1878 1840 1692 1428 932 
1150 1608 
1151 1416 1894 
1152 1407 1513 1753 1746 
1153 1893 1176 1779 1097 1249 1273 1794 1001 968 1675 992 1325 1314 1554 1901 1321 1787 1260 1007 1319 1767 1890 1710 1114 1072 964 1127 985 1697 1195 1481 994 1009 563 1360 1451 913 954 
1154 
1155 1246 1829 1681 1024 1124 1340 933 1622 1229 1859 1491 975 
1156 1835 1786 1684 1169 1695 1461 1130 1498 1897 1899 998 1273 1275 1772 1446 
1157 
1158 1894 1165 1294 1536 1231 1533 1196 1595 1829 1861 376 1445 1320 1396 1735 
1159 1058 1529 1730 1326 1369 1533 
1160 1013 1318 1629 993 1372 1115 1841 1273 1657 1862 1103 1396 1906 1240 1658 1167 1285 1757 
1161 1797 1717 1075 
1162 1720 1129 
1163 1880 1372 901 897 1785 1000 1637 1564 1835 1500 1817 1296 1763 1591 1384 1457 1493 1388 
1164 1565 1774 1495 414 1626 
1165 1440 1234 1134 1909 
1166 1492 1612 1829 1671 921 1093 1121 1700 1043 1800 1269 1069 1543 1173 1846 1794 
1167 1596 1482 1253 1705 651 1551 1830 1174 
1168 1762 
1169 1483 950 1146 1814 1620 
1170 998 1375 1764 641 1733 1883 1174 1474 1392 
1171 1156 1391 1021 1117 1786 1358 1009 
1172 1537 1018 1552 1847 1596 1808 1185 1111 977 1023 1798 1408 904 1412 
1173 1437 1435 1575 1441 1480 1433 1799 1432 923 1294 1141 1506 1343 1820 1418 1467 1376 1269 1289 1628 1552 1786 1014 1109 
1174 1296 
1175 994 1454 649 1419 1236 1040 956 1047 1444 1095 1498 1561 1161 1082 1042 1818 971 1286 1309 1715 58 1122 1588 596 1762 
1176 
1177 988 1478 1685 1891 
1178 1297 
1179 1623 1903 1671 1759 942 1279 1104 1224 1262 1485 1845 926 
1180 1057 943 1290 1890 1074 1792 
1181 980 1528 1306 1504 1807 1111 1007 1243 1548 1065 1669 1203 1847 1624 1057 1608 1230 1407 1745 1327 
1182 1763 979 1074 1474 1196 1030 1523 1491 1439 1511 960 1160 1533 
1183 1570 1839 1411 1649 363 1538 1389 1734 1131 1382 
1184 1498 1447 932 376 1197 1277 1525 1803 1041 1256 1295 1043 1821 1069 1282 1327 954 629 1280 1642 1419 1218 1828 1507 1909 1859 
1185 1577 1261 1694 1278 1711 1780 1273 1160 1510 899 931 1450 1120 1430 1890 1236 1718 1053 991 971 1691 1796 1354 1564 1365 1505 1155 1438 1165 1177 
1186 389 1900 1343 1465 1167 
1187 1897 1032 926 
1188 1842 1843 1838 1502 1367 1594 
1189 1068 1277 1235 1254 1614 1618 107 991 1281 
1190 1648 1510 1619 1109 912 1790 
1191 1245 1305 1207 1762 1181 1523 1017 1133 1755 1179 1082 1312 902 1252 1176 1617 
1192 1169 1810 916 1776 1699 1772 1098 1017 1705 1618 1325 1795 1593 1563 1821 1354 1131 
1193 
1194 1652 
1195 1810 1597 1410 1102 959 1129 1543 1756 1772 
1196 1403 1184 1635 1458 1807 952 1201 
1197 1711 1829 1393 
1198 1240 1118 1550 924 1223 428 1635 1312 1374 919 1327 1824 1911 1660 1190 923 901 
1199 1533 1227 1175 1753 1037 1887 1139 945 1192 1188 1427 1314 1742 1167 1764 1820 926 1545 1504 1718 1283 987 1081 1678 1093 1698 1342 1058 1899 1806 1052 1811 1095 1660 919 1435 1514 1425 908 1460 1536 1033 1127 1082 985 1637 1543 1071 1005 1805 1893 
1200 
1201 1409 1849 964 1494 1051 1810 1788 1341 1134 1730 566 
1202 1840 1055 1182 
1203 1001 1748 
1204 1863 1002 1761 1137 1880 1543 903 1381 973 934 1676 1732 1809 1578 1128 1505 1415 961 1372 1289 1559 1132 1189 1536 
1205 1231 1515 1620 1577 943 1027 1516 1479 1905 1184 58 1634 1049 1633 1697 538 1219 1521 1825 1740 1186 1321 970 1819 1067 1602 
1207 1138 1300 1758 1680 950 1860 1772 1276 1595 1636 1231 993 1110 1562 1731 1443 1617 1196 1631 1573 
1208 1382 
1209 1249 366 1019 900 1272 949 1857 1697 1419 563 1738 1140 910 1716 1617 1556 
1210 1859 1357 1619 1648 
1211 1861 1463 1880 1275 1129 1661 1519 976 1332 1543 1003 1163 1106 1733 1281 1295 1020 899 1025 981 1906 1775 1179 1337 1807 1713 1765 363 483 1505 1576 1459 1143 1175 1195 1763 
1212 1284 1517 1115 1101 1575 
1213 1074 1745 
1214 1706 1787 1579 1229 1346 1792 1259 937 1631 1232 1499 1514 1700 968 1616 1183 1204 1554 517 1659 903 1414 1544 896 353 
1215 1150 1084 1288 1055 1303 1752 1890 1059 1248 1552 1900 
1216 1503 1511 1078 1671 
1217 1541 1071 1182 922 1240 1232 1668 1505 1521 1646 
1218 928 1886 1494 1009 1097 
1219 1159 1053 1636 1425 1411 1071 1617 1491 
1220 933 1426 1369 1842 
1221 971 1196 1183 651 1797 1430 1162 1716 1272 1352 1492 929 926 1187 1789 
1222 914 1455 1231 1445 1694 1025 1244 1612 1313 1189 1353 649 1511 1833 1095 943 1192 1196 1130 975 1805 1724 58 1383 
1223 1014 1316 1626 1755 1851 
1224 
1225 1795 946 420 1702 1210 1264 1384 
1226 1837 1003 951 1597 1666 
1227 1547 1030 1804 1187 1233 1702 1163 898 1177 1368 985 1454 
1228 1624 107 978 1859 
1229 1398 1388 1420 999 1139 1520 1363 
1230 930 1636 1145 1686 1442 1763 1042 1657 1307 1846 1325 1607 1205 1712 1204 1338 1218 1704 1844 1865 1328 1677 1160 1350 1766 1648 1314 1200 1082 
1231 1656 1321 1087 1090 1888 1863 1062 1909 1288 1512 1852 1874 906 1526 1113 1485 1122 
1232 1250 1584 1804 996 1392 
1233 1255 
1234 968 1423 
1235 651 1226 1625 1230 1565 1348 1041 1396 1855 1408 1612 1861 922 1313 1789 1472 1428 1671 1549 1679 1061 
1236 1715 1865 1494 1138 1059 1799 1108 1336 1332 
1237 1214 1285 1193 1127 1146 1537 900 1375 1659 1623 1458 1140 961 997 
1238 975 1297 1511 1155 1652 1133 1229 1245 1254 1312 1837 1421 1418 1118 1074 1363 1518 1506 1358 1183 914 1672 1294 1341 1194 1186 649 1611 517 1027 1002 1846 897 
1239 
1240 1510 
1241 1257 1264 1871 1585 1669 
1242 941 1556 1314 1628 1031 1583 1334 1735 1720 956 1144 951 1615 376 1419 1641 1693 1161 1797 1837 1086 1145 
1243 1360 1253 1177 1500 1859 1318 1691 1575 1538 1831 1044 1180 1363 1544 1419 1903 1795 1806 1895 1369 
1244 1314 
1245 1427 1851 1614 934 1063 925 1347 1735 1553 1288 
1246 1737 1371 1115 1399 1019 1624 
1247 1728 1742 1210 
1248 1519 1415 
1249 1579 1481 932 1769 
1250 1706 1668 1892 1845 999 909 1516 1450 629 1539 1472 1240 1574 1567 1157 1294 1634 1490 1536 1887 1599 1493 1813 
1251 1907 1621 1586 
1252 
1253 1779 1168 
1254 
1255 1425 1788 1701 1588 1578 1647 1758 959 1127 1674 1075 1192 1505 1557 1881 1226 1152 1530 1826 
1256 1436 1812 1745 1779 1527 1686 1141 1095 1497 1703 1373 1696 1769 1602 1312 1856 1476 968 1225 979 1091 1487 1529 901 990 
1257 366 1909 1037 1642 919 1374 977 1227 1417 1319 
1258 1072 1648 1283 1819 1018 1352 1682 910 1250 1650 1463 
1259 1488 1392 1889 1701 1828 1077 1665 1687 
1260 1651 538 1413 1620 1868 1421 1135 1069 
1261 1137 389 1313 1705 947 1462 171 1455 1627 1236 1434 1065 1504 936 1080 
1262 
1263 1444 
1264 1020 
1265 1453 1801 971 1168 1601 1613 
1266 913 1830 
1267 1331 1354 1474 1101 1801 1000 1626 1311 484 1652 1699 1238 1041 904 1502 1765 1687 1495 1674 1363 1315 
1268 1264 1451 1815 1060 912 
1269 1361 1006 1785 1021 0 1095 1054 1292 1588 1646 1289 1826 1143 1712 1277 1508 1870 898 1246 1667 1472 1104 
1270 
1271 1476 1253 1200 1340 1802 1831 1847 1371 1261 1742 1242 1381 1718 1624 1208 1876 1666 
1272 1444 1899 1033 1152 1664 1245 1446 1480 1368 1619 1232 1422 1898 1210 1569 1135 1853 1148 1087 1703 
1273 1179 1088 1770 1825 1196 1648 1712 1242 1307 1442 1801 1700 1057 1674 
1274 1285 1620 1343 1900 1042 1138 1087 
1275 1228 1191 1289 1307 1571 1035 919 1257 1799 1439 1097 1648 1823 
1276 
1277 997 1839 986 1086 1895 905 1585 1626 1900 1798 1826 1458 1836 1795 1510 1736 1735 1771 1582 1808 1456 1253 909 1355 1574 1778 1519 1721 1295 1197 1621 1136 
1278 1737 1627 1443 1271 
1279 1817 991 1798 1094 1286 1326 
1280 1649 1450 1092 957 107 1594 1523 1065 1548 526 1467 171 975 1210 
1281 1102 1141 1056 1065 1082 1298 1122 
1282 1485 1036 1266 1673 1146 1705 1810 1139 1556 1241 1586 1572 
1283 1226 1525 1201 1020 1417 1655 1501 
1284 1574 1085 1221 1391 1911 1524 1176 1099 1335 1643 1299 1360 1868 1060 1376 933 
1285 1152 1244 1607 1783 366 1328 1813 1685 996 1586 971 1738 1508 
1286 962 1481 1177 428 
1287 1182 1576 1848 1394 1501 1798 1259 1209 986 1511 1512 1540 1364 
1288 1401 1404 1823 1233 1787 1178 1150 1481 1269 1053 1766 1071 526 1201 1060 1733 
1289 1151 1801 1452 1218 1490 1692 1504 1819 1853 1676 363 1770 1021 1261 1265 
1290 1662 1516 1774 1013 970 1376 1272 1375 983 956 1319 1156 1641 998 1695 1711 1069 982 1759 1268 1468 
1291 563 1065 1523 1313 915 1567 1274 1580 1524 1441 1023 1615 1051 1308 1142 1585 1332 1774 1427 929 1545 920 1104 
1292 1378 1017 947 1674 1864 948 
1293 1911 1463 1631 1886 1121 1529 563 1359 1125 1641 1362 
1294 1621 1359 1156 348 927 
1295 538 
1296 1663 905 1784 1412 
1297 948 922 
1298 1562 563 1708 1586 954 1033 601 1808 1135 1068 1640 1143 933 1464 
1299 902 1869 953 1129 1689 
1300 1040 1326 1688 1823 932 1090 1048 
1301 1769 
1302 1176 1413 924 1347 943 1260 1333 1165 1351 1068 1131 1412 1446 1112 1734 1179 1758 1384 1525 1262 
1303 1009 1897 1759 1078 1122 1765 990 649 1855 1698 1521 943 1900 1885 1529 
1304 1572 987 1338 1356 1029 1830 907 980 1467 
1305 1319 1014 1435 1071 1072 1229 651 1659 1825 1363 1576 945 989 1546 1406 1654 1412 
1306 1397 980 1640 1192 1082 
1307 1334 1512 1660 1847 1359 
1308 1051 1128 1385 
1309 1178 1379 1769 1017 929 1741 1381 1517 1839 1578 
1310 1392 1694 1858 1336 963 1222 
1311 1284 1147 1609 1828 1168 1842 
1312 1723 1498 1268 1869 601 1309 1330 1168 1228 1287 1261 986 1169 1415 1784 
1313 1136 1903 1029 
1314 1592 1285 1910 1865 1575 1263 1374 1439 
1315 1640 934 1622 1657 1803 
1316 1328 1153 1777 1608 938 1756 1506 900 
1317 1662 1088 1192 1770 
1318 484 1143 985 1356 1234 1623 1759 
1319 1120 1777 1804 1507 1226 1492 1488 966 1099 
1320 1079 1377 1624 1035 1648 1665 959 928 1458 1668 938 1630 1314 1451 1435 1333 
1321 651 1049 1627 1133 1450 
1322 1888 1501 944 932 913 1341 1898 1816 1365 1038 1291 953 1245 1396 1473 363 1626 961 948 1802 1127 
1323 1186 1531 974 1754 1080 1415 1479 919 1855 1015 1762 
1324 1152 1595 1892 1453 1633 1173 1098 1784 1659 1740 1706 1010 1348 1141 
1325 1202 1434 1849 1238 
1326 
1327 1550 1440 1299 1725 1531 1828 1585 1000 1493 1173 1842 1067 1021 1652 1694 1244 
1328 1123 1317 1668 1422 1077 
1329 1254 1478 1506 1911 925 1142 1811 1245 1778 923 348 1316 1537 1720 1153 1505 1113 1781 1766 1691 1053 1217 1908 1748 1299 1293 
1330 1661 1519 1680 1404 1760 1709 1440 950 1423 1757 1304 1258 1848 1297 1422 1862 171 
1331 1089 1190 1345 1803 1762 1421 1569 940 1228 1799 1061 903 1233 1877 1503 930 1898 1310 1639 1635 1709 967 1760 1536 1780 908 1434 1765 
1332 1020 1508 1731 1135 1703 1105 988 1361 920 896 1593 1078 1689 995 
1333 1270 1824 1885 1910 1241 
1334 1600 991 1609 1241 1315 1297 1006 1552 1179 1003 1272 1139 1203 950 1633 1415 1773 1740 912 1450 1116 1434 
1335 1354 1655 1451 1475 1462 922 1020 967 1421 1324 1179 1526 1493 1820 1648 1507 1273 1892 1886 953 1459 919 1630 1826 1785 1599 1170 1136 935 1080 1400 
1336 1783 1417 1713 1819 1388 1115 1044 1137 
1337 1606 1666 1818 1797 921 1028 1660 1751 1047 
1338 1044 1173 1049 1739 1406 1151 1006 1573 1661 927 1264 
1339 1473 1029 1449 1247 1464 1238 1320 1366 1907 1545 1801 1871 1649 1758 1774 1346 1668 1045 1406 1890 
1340 1899 1227 1166 1554 1619 982 1189 1798 1213 
1341 1051 1770 1713 1296 1002 909 1060 1452 1236 1353 1073 1279 1189 1249 1706 1843 1227 1448 1035 1421 960 1727 1300 1218 1748 1321 1085 
1342 1577 1524 
1343 1143 1080 1219 993 930 1266 897 1178 1724 
1344 1421 1500 904 1699 1271 1618 1675 1162 1107 1454 1149 1733 1770 1531 1204 929 962 366 958 1259 1262 1897 1864 1272 1100 1154 
1345 1029 1210 538 1430 1051 1881 1367 1780 938 1395 935 1894 1132 1390 1707 1474 1838 946 1402 
1346 376 
1347 1807 1162 1787 414 1711 1131 1034 931 1244 1633 1262 
1348 1708 1857 1197 1569 929 1015 997 
1349 1217 1339 1031 1588 1441 1500 1284 1444 1573 1412 1036 1580 1239 1511 1504 
1350 1668 1868 
1351 1742 1100 1015 1403 1088 1859 1345 1871 1181 1039 1909 1348 1815 1003 1439 1356 1019 1393 1409 1189 917 928 1272 1487 1504 
1352 962 1281 1525 58 1629 1111 1701 1615 1695 1169 1274 1029 1058 1030 963 1577 1731 1561 1755 1404 1138 1815 1775 1088 1443 1642 1641 1521 1174 1785 1040 1381 1719 998 1025 1346 1065 1322 942 171 1545 1549 1797 
1353 1289 
1354 1619 
1355 1010 994 1349 950 1109 
1356 1031 1832 
1357 1620 1566 1312 1880 954 1382 1208 
1358 917 1430 1564 1761 1068 1107 1636 1260 596 1011 1684 1176 1633 1793 904 1721 
1359 943 1065 1808 1219 991 1309 1076 1554 960 1642 1053 1412 1592 1901 1363 1339 
1360 1029 978 1092 484 1281 1684 1147 1792 
1361 1495 1253 1840 1027 1203 969 1072 1187 1482 1338 1825 1270 1501 1217 1480 1162 1836 1418 1152 1646 1767 902 1166 414 
1362 
1363 900 1557 915 
1364 1204 909 
1365 1616 1369 1838 1167 1829 1375 
1366 980 1555 1408 1664 1438 1038 1745 1716 1568 0 1399 1139 1660 1317 1190 1170 1223 1031 
1367 637 915 1122 1070 901 1031 1062 1739 1474 1640 971 1418 1235 1709 1563 601 1854 1277 1626 917 1678 1469 1467 1056 1316 1756 1558 1700 1324 
1368 1856 
1369 1322 1057 1515 991 1825 1664 1818 
1370 1080 1626 1317 1362 1169 1715 1027 963 1020 1240 1623 991 1154 1400 1149 1831 1076 1896 1645 1549 
1371 1168 1050 1754 1437 
1372 1890 1546 
1373 1146 1125 1117 1523 1161 1480 1285 1254 1228 1428 1044 563 1023 1819 1578 1009 1403 
1374 1416 1760 1076 1141 1559 1848 1198 1191 1542 1815 
1375 1201 1286 1083 977 1406 1619 1006 1253 1093 
1376 1594 1080 1474 1109 1227 1647 1224 1648 1434 1304 1695 1296 1809 1259 1338 1307 1836 1890 1316 1158 1343 1495 1582 1301 1742 566 1893 1187 1258 973 1680 637 1198 
1377 1392 1122 1292 1818 923 1651 1415 1878 1403 1032 1406 1383 964 1647 1506 1779 1413 1322 1148 1040 1408 1787 1747 1575 1900 1490 1611 1679 1514 1831 1370 1444 1002 1393 954 988 1580 1567 1578 1305 1380 1357 1756 1363 1505 58 1460 1226 1241 1136 1552 1616 1004 
1378 1014 1546 1399 1671 1674 
1379 1454 1338 1518 1201 1263 928 1325 1432 1539 
1380 1713 1852 1473 1038 967 1320 1265 914 1774 1733 1871 1492 937 1358 1478 1900 1110 
1381 1513 1008 1084 1530 1587 1430 1665 1771 1791 
1382 1689 601 1128 1794 
1383 
1384 1489 1598 
1385 1415 1698 
1387 1878 1180 
1388 1685 1574 1081 1585 924 926 1228 1866 1863 
1389 1836 1202 1823 1500 1152 1534 1896 637 1176 1393 917 1516 
1390 939 1074 1769 1693 1455 1836 1365 1293 484 1894 1546 1319 1027 943 1111 1880 1425 1776 1429 1751 1512 1749 1725 1449 1171 1605 1423 1502 913 1673 1214 1041 1155 1454 1021 1903 1366 1711 904 1715 1864 
1391 992 1348 1139 1785 1406 1610 941 1147 1783 1871 1629 1721 1797 1270 1911 1322 1771 1258 651 1366 1541 1895 1588 1801 1542 1733 1019 363 1300 601 962 1353 1873 1705 1767 1866 1596 1383 1012 1023 1751 
1392 1196 1023 1787 1444 1859 1368 
1393 1360 1900 1010 1406 974 1135 
1394 
1395 1154 
1396 1723 901 956 1028 1296 1406 1866 1035 1662 580 
1397 1648 1145 
1398 1176 1468 1302 1408 366 1282 
1399 1552 968 1582 1640 1784 1348 1062 1334 985 1066 906 1320 1855 1270 953 1381 1569 1785 1041 1342 1871 1193 1306 900 1453 1502 1719 1170 1539 1159 1441 606 1775 1309 
1400 1550 1869 1134 
1401 1747 1692 1128 
1402 1123 1894 1492 1877 1285 1537 1398 1730 1148 1710 1085 1095 1326 1176 
1403 1635 1876 1867 1144 
1404 1363 1570 1033 1904 1549 1632 1702 1269 1649 1451 1114 
1405 1371 944 1579 1776 1740 1460 
1406 1864 1279 1203 1260 
1407 1720 987 1628 1703 
1408 1529 953 1484 1744 1188 1416 1272 935 
1409 1319 1157 1204 1021 1762 1245 1471 1273 1335 941 1184 977 1011 1114 1433 1400 1228 1618 1815 1549 1028 1353 1046 1583 
1410 1874 1880 601 985 1084 
1411 1072 1709 
1412 1609 1061 1234 1787 1128 1839 1616 1693 
1413 1006 928 1189 1338 1336 475 1231 1109 940 1297 1178 930 
1414 1844 1247 1339 
1415 
1416 913 1246 1884 1677 1186 1806 1237 1705 1383 1903 1803 1067 1363 1420 1100 1320 1243 1504 
1417 1042 58 
1418 1688 1764 
1419 904 1171 1099 
1420 1071 1607 1872 1216 990 475 1658 1041 1340 1797 1531 1270 1325 1252 1379 1067 1210 1013 1492 1896 997 1713 1561 1139 1690 1702 
1421 983 1833 1467 
1422 1432 1872 1789 
1423 1408 1503 1312 1095 1367 1431 1355 1744 1508 1685 1593 1286 1861 926 1821 948 1198 
1424 
1425 1641 1223 1100 1887 1376 1110 1780 1499 563 
1426 1843 901 1356 1758 1249 1378 1151 1689 1551 1239 1742 1168 1714 1610 1823 1562 1282 
1427 1425 962 1019 1021 1383 1816 1367 1436 1859 1431 1598 1134 1530 1132 1370 1835 1478 1546 
1428 1010 965 1396 
1429 484 1685 1232 1795 1226 1047 1838 563 1089 
1430 
1431 1582 1201 1148 1192 1646 1336 1476 1658 1664 1696 1687 1040 998 1503 1286 1805 1655 1552 1210 1350 1187 1353 1677 1323 939 1846 1098 1758 1056 1092 1881 951 1340 1633 1754 957 1120 1674 1556 1756 1884 1154 1594 1217 958 1478 1225 1680 1579 1775 1691 1814 
1432 1656 1359 971 921 897 1448 1463 1731 1451 1570 950 1003 
1433 1632 
1434 1059 1611 1210 
1435 1536 1095 1586 1903 1298 1445 1071 1074 1655 
1436 1758 1415 1887 1812 908 1827 1726 1367 
1437 1130 1012 1593 1622 1314 897 1065 983 981 1550 
1438 1199 1004 1798 1104 1328 1317 1259 
1439 1221 1519 
1440 1155 1307 967 
1441 1843 1052 1477 
1442 1082 1710 
1443 1077 1015 1906 1835 
1444 1778 1000 1283 1417 1618 
1445 924 1209 1533 
1446 1534 1499 1093 475 1752 1336 1065 1566 970 1822 1339 928 1494 
1447 1270 1045 1523 1252 1440 1891 1616 1278 1657 1611 1364 1907 1002 1299 1875 1062 946 1218 1392 1007 1530 966 1253 1854 1018 1363 1094 
1448 1033 1170 1680 1187 1746 1541 1389 1427 1476 1666 1605 
1449 1208 1717 931 1635 1699 941 1764 1226 1160 967 1098 1174 1568 1704 1205 928 1882 
1450 1485 1406 
1451 1663 1044 1223 1478 1483 1445 976 
1452 1350 1758 1164 1521 1756 1038 1660 
1453 1724 1339 1095 1271 1397 
1454 1205 1738 1424 0 1483 1508 1287 1740 1667 923 1112 
1455 1280 1370 
1456 900 1756 1642 1073 1477 1042 1145 606 1400 1728 1805 1059 1573 1138 972 971 1791 1564 1719 1882 
1457 1676 1895 1208 1893 1566 954 1335 1544 1752 1415 1066 956 1894 1537 
1458 1505 1071 1280 1389 1638 1064 
1459 1710 1297 1029 1820 1863 1444 1843 1168 1667 1570 1891 1086 1346 1765 1725 1110 1141 1280 1532 
1460 1594 1121 1059 1179 1877 1664 1879 363 1709 1258 1656 
1461 1691 1137 
1462 1155 1853 1187 1512 1146 979 1196 1653 484 1057 1188 1072 1276 1613 1164 1789 
1463 1180 
1464 1662 1289 414 995 1893 1099 1228 
1465 1353 951 1696 1351 1375 
1467 1906 1742 1052 1430 1142 1840 1197 1070 1593 1573 949 1116 1519 1648 1124 981 1417 1546 1333 1715 1233 1025 1659 
1468 1444 1247 1831 1730 
1469 1490 1734 1706 1487 1148 1114 1144 1086 1877 1337 1248 1056 935 
1470 1829 1336 1176 1585 1506 1622 1542 1626 1151 1410 
1471 1568 1453 1122 1005 1855 1266 1165 1268 1484 1702 1282 955 938 1280 1440 1897 1037 1866 1727 1063 1023 1608 1040 428 1430 1502 1100 1418 1208 1567 1513 1781 1357 1566 1844 1854 1464 1722 1627 1304 1415 1089 
1472 1659 1014 969 475 1456 1535 1191 1447 1453 1868 976 972 58 1256 414 1092 1547 1749 1721 1180 1267 1615 1082 1870 1737 1591 
1473 908 1197 1819 1514 1225 1157 1898 348 1493 1043 
1474 1093 
1475 1889 1178 1126 930 1851 1614 1763 1371 
1476 
1477 1016 
1478 993 929 1522 
1479 1516 1829 1406 1597 1233 1232 1639 1174 1181 1142 1393 1132 1454 
1480 1553 1603 1887 1230 929 1232 1775 1143 940 1695 
1481 1889 1067 
1482 1282 1322 1439 1745 563 1649 984 948 1628 1125 974 1577 
1483 1143 920 1094 1231 1241 1880 1901 1441 1858 972 985 1390 1026 1895 1910 1731 1290 1533 1262 
1484 947 1677 
1485 1814 1369 1062 1434 1657 1085 
1486 1366 1649 1625 
1487 1810 1516 1049 1308 933 1815 1871 1811 917 1122 
1488 1699 1195 1167 1311 348 1646 1221 1503 1444 1315 1545 1452 1485 1679 1897 1232 1129 1656 1660 1568 1600 1251 1105 
1489 1564 968 428 1771 
1490 1303 1398 
1491 1182 1124 1434 1885 1527 1659 1417 1452 954 1443 1014 1835 1492 1729 931 1374 1732 1132 
1492 1201 1410 
1493 1317 
1494 1416 1213 1222 1029 1458 1092 1524 1146 1361 
1495 1444 1167 1458 1750 939 1172 1356 1283 1219 
1496 366 1594 1142 1372 1697 1270 1317 1465 1136 
1497 1838 1816 1240 943 1282 1022 1031 1043 
1498 903 1573 
1499 1787 1852 1022 
1500 1572 1711 1813 1892 1888 1620 1308 1157 
1501 1266 1427 945 1558 1310 
1502 1298 1796 1908 1279 1633 1401 1457 1598 1556 1231 1594 
1503 1903 1704 1125 1653 1264 1225 
1504 1549 1548 1788 1106 1317 924 1578 1708 1276 989 1546 1652 
1505 1503 1485 1315 1222 1018 1602 1661 
1506 1214 1515 969 
1507 1721 1586 1377 1886 940 936 1712 1322 1673 1245 1798 1033 
1508 1113 978 906 1188 1519 
1509 1309 1777 1473 928 1728 1389 1186 1065 1819 1030 1074 1836 1614 1553 1829 1454 1850 1724 1749 1674 1013 980 1190 
1510 1263 1901 
1511 1876 1424 1429 977 1516 1217 1570 
1512 1048 1702 1644 935 1458 1819 
1513 1549 1687 1008 1911 1024 1793 1019 1828 1158 1279 1364 1273 
1514 1209 1060 566 1139 1326 1116 1723 
1515 1115 1477 1197 1548 1401 1787 1592 1707 1741 1645 1424 1660 1714 1411 1414 1047 1909 
1516 1599 1481 1422 1349 961 1200 1794 903 1594 1742 1093 985 1000 1495 1020 1878 1767 1555 914 1754 1162 1838 1502 1215 1588 1526 1011 1461 1177 
1517 1452 1864 1045 1884 1692 
1518 1299 
1519 1658 651 
1520 1526 1213 1907 1073 1889 946 1123 1897 1187 1276 1246 1336 1646 1633 1691 1010 919 1481 1405 1440 1121 526 
1521 1227 1548 
1522 1062 1099 1481 1902 1664 1212 1472 1512 1520 954 1303 1407 1682 1473 1187 1802 1495 1853 1555 1538 1400 1455 943 1736 1628 1883 902 1338 1403 1091 1831 1220 1055 1339 1207 1822 1471 1744 896 
1523 1055 1895 1040 1502 1651 629 1142 1191 1662 1608 
1524 905 1001 1218 952 1700 1085 1686 1905 1813 1605 
1525 960 1388 1417 1117 1814 1653 1001 1046 1722 
1526 1727 1837 1558 
1527 1428 1555 1113 1751 
1528 1544 1880 1818 1109 1260 1400 1008 1277 929 1470 1314 
1529 969 1369 1735 1717 1228 1520 1875 
1530 1081 904 1417 1155 366 1019 1101 979 990 1008 1481 1755 1486 1404 1781 1525 1388 517 1874 957 1336 1772 
1531 1195 949 538 
1532 1542 1832 1852 1405 1845 1234 1141 
1533 1524 1710 1754 1602 1859 1590 1077 
1534 1465 1284 923 979 1706 
1535 1743 1486 1889 1132 1320 1755 1378 1514 1854 1830 1066 1690 1554 961 1329 
1536 1898 1073 1437 1280 1063 1788 1671 1837 1685 1082 1192 1250 1223 1844 1410 1895 1810 1863 641 970 929 
1537 1907 1006 1062 1790 
1538 1025 1261 900 1140 1368 910 1879 1772 1743 1038 
1539 1893 1807 897 1168 1351 1455 1102 1120 1193 1568 1241 
1540 1421 1431 1043 1476 923 1071 1823 1528 1598 1833 1117 1725 1277 1707 1543 1790 
1541 1154 1032 1350 1725 1506 1455 1224 
1542 1566 1751 1701 1241 1453 1557 1367 1389 389 1387 1105 
1543 1379 950 1037 1709 1283 
1544 484 1878 1775 1253 
1545 1126 1850 981 1230 1133 1701 563 1713 1333 1634 
1546 
1547 1392 1089 1252 1379 1231 1815 1437 1561 951 1645 1046 1398 1303 1543 1545 1481 1731 1296 1051 1903 1023 526 1444 1695 1617 995 945 
1548 1200 1850 944 964 1684 1109 1008 1102 1676 1259 1070 
1549 1628 1377 606 974 1396 1888 1654 1205 1098 1345 1876 
1550 1080 1272 1456 1111 1072 1882 1369 1738 
1551 1897 1236 366 1533 1459 948 1202 1013 1807 910 1457 1188 1672 1526 1808 1113 1517 903 1382 484 1575 1424 929 1207 1095 1015 1446 1111 1383 1213 
1552 
1553 1007 1453 1737 1786 1706 1608 
1554 1403 1715 964 1537 1631 1347 1227 1649 1858 1815 348 1892 1068 1061 1297 1626 1123 1001 1692 1455 1713 1764 1763 1296 1260 947 1280 1524 1510 1472 1508 1012 1099 1305 
1555 1906 943 1690 1209 1346 1714 1098 1602 1179 1263 951 992 1506 
1556 1555 1662 1873 1782 1638 
1557 1784 1787 1276 1194 1087 1068 1551 1451 1270 1849 1343 1615 1350 1875 1405 1808 1511 1700 1100 1830 1351 909 1607 1336 974 1847 1145 919 1012 
1558 1546 
1559 1325 1693 1162 1268 1897 1875 1632 1473 1152 1737 1374 1705 1860 1055 1366 1550 1777 428 601 1495 1274 1299 1041 1434 1607 1039 1543 1794 1123 1680 1513 1824 1108 1139 1392 1032 1783 1721 1071 1317 
1561 1538 1853 1423 1279 1467 1732 1339 
1562 
1563 1857 1606 902 1531 1186 1212 1009 1135 1785 1214 1840 1705 1389 1832 1741 1210 1024 1886 1384 1743 1770 1787 
1564 909 1846 1821 1668 1568 
1565 1880 1463 1522 1777 956 1264 1082 1825 1810 
1566 1387 1610 1291 
1567 1508 1042 1402 1746 1589 1520 1078 376 1820 
1568 606 1004 1033 1423 
1569 971 1349 1229 1870 1355 1287 1730 1727 
1570 1824 1233 1699 1121 1865 1812 1511 1794 1223 420 1716 953 1828 1333 1597 1683 1572 1416 1412 1362 1614 1354 1729 
1571 1836 1525 1053 366 1608 1810 1831 1231 1045 1548 1362 1625 
1572 1361 1805 942 1123 1371 1586 363 983 1893 
1573 936 0 1341 1446 1584 1042 1563 1072 1150 962 1058 1394 1671 1614 
1574 955 1029 1031 1204 1634 1146 1843 1068 1472 916 1746 1053 629 1354 1395 
1575 940 
1576 1858 1044 1887 1403 1543 944 1722 1866 1793 1221 475 1219 976 1325 
1577 1252 1435 931 
1578 1424 1022 1599 1385 1094 
1579 1039 1792 
1580 1857 1697 1523 903 1481 1680 955 1262 1160 1521 1753 1557 1717 1164 1715 629 1545 
1582 1433 1739 1889 903 1333 1359 1903 1757 1112 1362 
1583 1049 1033 1342 1013 1526 1815 993 1201 1095 1069 1251 1313 1128 1282 1572 1732 1364 1180 1548 1890 1199 
1584 1438 1499 1775 1450 1012 1763 1893 1383 1317 900 1321 1319 1724 1064 1644 1908 1037 1171 1195 1296 1002 1433 1506 1347 1733 1787 1022 1702 1145 1415 1842 1767 1050 1422 1283 1641 1351 1463 1344 1887 1245 1596 1857 1111 1131 914 1114 
1585 1450 1268 1341 1710 
1586 1662 
1587 1878 1468 420 1173 1084 1340 1233 960 1268 
1588 1902 962 1279 1441 1406 1109 1291 
1589 1338 995 1898 1779 1310 1655 1395 1157 1080 1853 1857 1747 1696 1123 1264 1863 1178 1856 1769 1493 1081 996 1654 1652 1798 1319 1087 1357 1453 1065 1438 1129 1519 922 1122 1016 1001 366 637 1792 1785 945 596 1006 964 1726 1656 
1590 1658 952 1360 1891 1237 1064 1436 1911 1422 905 1866 1214 1127 1869 1734 1039 
1591 1140 944 1663 1170 1149 1348 1327 1790 1411 1480 1811 1376 1109 1093 1491 
1592 651 1414 900 1349 1631 1763 1011 
1593 1517 898 922 1025 1073 
1594 1241 1340 1421 
1595 1451 1622 1279 1585 1704 1378 905 1255 1251 
1596 1644 955 1238 1186 1387 1603 1223 1155 1269 1219 1655 1344 
1597 1054 1531 956 1120 1364 1865 1275 1090 1742 1685 955 1153 1106 1745 1077 1111 985 1538 1616 957 1818 
1598 1860 1550 1407 1677 1122 1202 1427 968 1323 1481 1777 
1599 1559 1662 1197 1836 1250 
1600 1884 1136 1067 1375 978 1353 1849 1500 538 1017 1536 1794 1858 1719 903 1595 1019 1693 1699 1732 1670 1754 1238 914 1860 1831 1010 
1601 1663 1513 1826 1156 1705 1478 1353 
1602 1866 1124 
1603 1611 606 1672 1513 1767 1686 1892 1644 1571 1123 958 1659 1489 1145 1385 1481 1821 353 907 1440 1414 538 1716 1300 1112 1209 1871 1280 1060 1133 1043 1348 580 1464 1101 
1604 1142 1461 1887 1369 1459 1854 1164 1279 1872 988 1194 896 1891 1401 1396 563 1480 1102 1278 1010 903 1212 1254 931 1806 1048 
1605 1507 989 1246 1695 1874 1260 1270 1711 1350 1157 580 1480 1025 1004 1452 1680 1536 1486 1814 1019 897 1721 1765 
1606 1784 1171 965 909 1281 
1607 1208 
1608 1763 1070 1748 1712 1747 1817 1870 1102 1009 949 913 1604 1573 1680 1465 1595 1893 1019 1561 1026 1143 
1609 1746 1362 1711 1159 1451 1408 1032 1401 1099 1587 1695 1216 1086 1039 1624 1783 1907 1002 1810 1683 
1610 1777 1282 389 1871 1276 1667 1573 1479 1657 1346 1266 1689 1453 1309 899 910 971 1157 1398 948 1407 1493 1810 1790 1872 1102 974 1414 1903 996 1594 917 1044 1645 
1611 1811 976 1477 484 1725 1146 908 1779 1375 1377 979 1022 1694 
1612 905 1023 950 1852 1104 1137 1591 1426 1890 1713 1895 1400 1779 1661 1577 1165 1582 1484 1208 1227 899 1544 1452 1291 1641 1201 1475 1857 1640 1526 1694 1069 1117 1292 1825 1770 1051 1870 1080 
1613 1474 1304 1174 1019 1311 1634 1266 1507 1022 1475 1883 1440 1058 983 1565 1078 1661 971 1678 1876 1188 366 1321 1164 1103 1606 1908 1348 1645 1179 1539 998 961 1120 1395 1109 1001 1280 
1614 1889 1540 1596 1809 1723 1182 1774 1317 1607 1670 1163 1797 
1615 1903 1397 
1616 1364 1898 1029 1184 1017 1806 1860 923 983 1335 1460 1652 1696 1087 
1617 1114 1897 1909 1594 1397 1650 1766 1665 1824 1647 1097 1241 1325 1541 1048 1645 920 1007 1880 1362 1832 1215 1839 1505 1316 1585 1201 1135 1460 
1618 1845 999 
1619 1579 1022 948 1070 1655 1884 1825 1690 1100 1365 1197 1617 1490 1769 1685 1559 962 1322 1750 1381 1077 906 1029 1025 1670 1906 1625 1735 1084 1518 1079 1222 
1620 1799 1008 1715 1113 1302 1891 1257 1610 1186 1151 1392 1221 1185 1120 1159 1152 1809 1687 1602 1578 1138 1210 1489 1668 979 
1621 1778 1905 1626 1319 1292 1186 1454 1278 1090 1653 1646 1890 961 914 943 1072 939 1357 1894 1091 1247 1531 1427 1241 1777 1114 1844 968 964 1794 1127 1188 1170 1681 1460 1747 1845 1248 376 1773 1087 1348 
1622 1542 1168 936 1058 1001 1345 1021 538 1263 1029 1743 1314 1484 1755 1181 1296 517 1410 1233 1082 1526 903 1165 1890 985 1031 1359 987 1744 1901 1492 1254 1671 1205 1440 1137 1406 1193 1317 
1623 1391 1220 1523 1371 1668 1341 945 896 563 1617 1777 1162 1553 484 1385 1615 1641 1247 
1624 1653 999 1852 1106 960 1199 
1625 1556 637 1453 1674 
1626 1227 1600 1131 1738 1284 1468 
1627 
1628 946 1556 1310 1800 919 1511 1588 959 1045 1172 1161 1513 1368 58 
1629 1785 1621 1077 1414 1488 1738 1436 1795 1434 1198 1032 1566 
1630 1623 1753 1380 1364 1015 1580 1133 1379 1082 1046 1270 906 1866 
1631 1484 1515 952 1084 1046 
1632 58 1626 1817 1471 1896 1368 1773 1113 1897 1255 907 1282 1790 1837 1008 1378 1297 1321 1832 
1633 1435 1842 991 1170 1035 1125 
1634 1261 1215 1306 1532 925 526 1325 1639 1673 389 1184 
1635 1592 1818 1766 1656 1822 1188 
1636 1115 1651 1409 1112 1473 1535 1547 1024 1777 1523 1612 1256 1887 1396 1187 1561 1182 
1637 1194 1246 1401 1659 1354 1348 1674 1651 1332 1027 1044 1713 1134 1099 1204 1065 1408 1872 1824 363 
1638 1324 1196 920 1203 1727 1630 1904 1686 977 
1639 973 1760 1013 1041 1374 1416 996 1554 994 1129 
1640 1231 
1641 1783 1082 1018 1895 
1642 1571 1156 1774 
1643 1504 1245 1899 1016 1264 1286 1601 1523 414 1890 1502 1486 1392 1394 1231 1793 
1644 934 1783 1658 1053 1399 1599 1463 1587 997 896 1144 1853 
1645 1620 1757 1149 1184 1628 1156 1362 1750 1381 1443 1525 1062 1500 1336 972 
1646 1853 1190 
1647 1448 1172 1566 1439 1356 1060 1068 1095 1770 1905 960 1522 1245 1811 1019 1627 
1648 1775 
1649 1551 1439 1654 1168 1537 
1650 1088 1238 
1651 1049 
1652 1281 1035 1123 1157 1770 981 1341 1839 1048 1895 1740 1898 1615 1818 
1653 1626 1481 1176 1670 932 1200 1089 1133 1124 1263 997 1633 1449 956 1084 1519 
1654 1593 
1655 1787 1029 1031 1515 1792 1566 970 983 1825 566 1442 1244 1088 1149 1816 1753 
1656 1817 1087 977 1883 1263 1079 
1657 1720 
1658 971 1142 1791 1024 
1659 606 1194 951 1252 1741 1436 1082 1060 1336 1202 1142 962 1402 1022 1516 1776 1229 1333 1489 
1660 596 1274 
1661 1107 1758 1845 1897 1830 928 1788 1241 1578 1643 1220 1057 1770 1075 1271 1135 1741 1422 1210 1234 1861 1172 
1662 1540 1318 1555 1594 1192 1127 1247 1830 1349 1536 1226 1228 1503 1369 1607 1866 1455 606 939 1882 1802 1531 936 1149 1221 1881 1264 1152 926 
1663 1832 1843 1319 1802 1814 1241 1435 1194 1093 923 1853 1422 1097 1345 517 1120 1278 1634 1366 1484 1406 1628 1154 1685 1355 1213 376 1134 1624 1266 1870 1616 1856 1141 1475 1005 1676 1011 1907 1645 1147 1722 1161 1333 908 1055 1910 1159 1577 1790 1064 0 1251 931 1434 909 
1664 1137 1455 
1665 1066 1721 1703 1201 946 1470 924 1099 987 1275 1097 1419 1311 1507 996 1705 1660 1885 1612 1232 1353 1599 1740 1641 1378 1254 1322 
1666 1417 1259 1808 1825 
1667 912 917 1238 977 1836 1565 
1668 1356 1324 1624 1080 1430 1319 1157 1881 1052 981 1527 1064 1723 1474 1306 1427 1121 1176 1353 910 1684 1884 1438 1517 1599 
1669 1414 1373 1816 1830 1134 1281 1523 1693 1209 1213 1411 1252 1745 1161 1595 484 1244 1715 1170 1611 1737 916 1700 1803 1165 1759 976 1095 1441 1640 963 906 1041 1502 1860 
1670 975 1070 1232 927 
1671 1277 1508 1524 1699 1867 1812 
1672 1663 538 1771 
1673 1527 1704 1430 1692 1418 1424 1491 
1674 1066 1099 1304 1402 1247 985 
1675 1808 1506 1459 975 1244 906 1740 1774 1638 1081 1016 1187 1593 989 1339 1037 1655 1863 1880 990 1597 1905 1816 1465 1201 
1676 1669 1057 1839 
1677 997 1824 1867 1381 1301 
1678 1543 1722 1091 
1679 1341 1306 1518 1691 1605 1553 1157 
1680 1188 1084 1529 1400 1876 1194 1879 1382 1710 1143 1190 
1681 1391 1639 1343 1194 1061 
1682 966 1622 1276 1837 1225 1662 1043 
1683 1718 1380 1756 641 1324 1739 1137 1116 475 948 1771 1395 915 1672 1090 1537 1425 1379 1347 1465 
1684 1573 1063 1161 1700 
1685 1430 1395 1807 952 1102 1036 1322 1862 992 1514 171 1065 1427 1781 1089 1857 1873 1683 1455 1580 
1686 999 1549 1112 1253 1304 
1687 979 475 952 1736 1191 1166 1301 1460 
1688 1413 1315 1556 1478 1293 994 1630 1719 1313 1361 1651 1200 900 1531 1623 1744 1424 1152 1830 1872 
1689 1268 1895 1423 1301 1758 1455 954 1852 1458 1098 1002 641 953 1590 1755 1759 1282 919 920 1428 1785 1452 1117 1905 1872 1901 1519 1207 1828 1607 1468 
1690 
1691 1212 1805 1732 1175 1384 1123 946 1081 1506 1303 
1692 376 1150 1751 1788 1604 1321 1819 1455 1027 953 
1693 
1694 1112 1246 1868 904 1662 983 1561 1417 1037 
1695 1798 1175 1054 1275 
1696 1472 
1697 931 
1698 1900 1044 969 
1699 1510 1088 1715 1237 1120 1416 
1700 1012 
1701 1470 
1702 1189 1739 957 1682 1379 1342 
1703 1643 1594 1613 1747 1852 1819 1604 961 1168 1727 1612 376 1358 1866 
1704 1582 934 1412 1585 1588 1028 1334 
1705 1015 1207 1886 
1706 899 1529 978 1424 1058 1359 1814 
1707 1213 1869 1863 1819 1362 1188 1501 1698 1566 1425 1678 1404 1518 1592 1137 1747 1848 1216 1636 1588 1151 1469 1820 1196 1562 1473 1066 1316 1176 1811 1513 1076 366 1427 1343 992 987 1773 1320 
1708 1351 950 
1709 1060 363 1112 1456 988 1370 1683 1392 1778 58 1689 950 981 1564 1309 1126 
1710 566 1686 1077 1678 
1711 1801 
1712 1644 1190 1744 1089 1228 1566 1350 1506 1836 1446 1777 1061 1508 1128 1018 1601 1104 1188 1326 1590 1088 1468 1405 1637 1700 1086 1477 
1713 1327 1792 
1714 1567 979 1016 1001 1731 1248 898 1284 580 1670 1319 1393 1771 1123 1430 994 1221 483 1705 1654 1711 1417 1156 1472 1081 912 970 1518 0 1239 1047 
1715 1405 0 946 1499 1395 1675 1152 1620 1905 1665 1292 1896 1172 
1716 1079 967 1159 960 1669 1536 1549 1092 1765 1471 
1717 1410 1519 1529 1847 1580 475 1165 566 1883 1784 1615 1248 1128 1727 1649 905 1102 1741 933 1073 1509 1572 1809 1552 1147 1449 1069 1670 
1718 968 1001 1185 1151 1457 1189 1736 1494 
1719 1008 1203 1594 1095 
1720 1481 1383 1883 1485 1023 996 1660 1094 1143 1394 1102 
1721 1454 1314 1278 1385 1254 1429 968 1051 484 942 1615 1316 1747 1899 1449 1223 1009 1725 1217 1099 1877 1052 
1722 1079 1657 1181 1779 950 1661 
1723 1313 1285 1208 1171 649 1506 1892 1025 629 929 1027 1598 
1724 1807 1849 1050 1835 1442 1813 1906 1024 1858 1216 1691 1154 
1725 1628 596 1613 1654 1630 936 1566 1349 933 1143 1659 1810 1432 
1726 1311 1589 
1727 1859 1680 1442 1779 1183 1538 
1728 1063 1858 
1729 1753 1035 1521 961 1476 1616 1207 1496 1478 1624 1423 1716 1878 963 353 
1730 1288 1550 1036 483 1858 1738 1789 1628 651 1369 1268 1641 1448 1830 1465 1374 1455 1443 1458 1855 1755 1844 1309 1508 1252 1241 1846 1894 1782 1634 1473 1887 1035 1446 1531 1134 1354 1735 1503 1481 1454 1046 1766 1567 1297 1280 1383 1060 1311 1358 1139 1619 1037 1747 1518 924 1053 
1731 1013 1267 
1732 1164 1199 1227 1401 1812 1547 1900 950 1873 1567 1635 
1733 1084 1673 1514 1753 1523 1318 1638 1008 1114 1491 
1734 1582 1738 1843 962 1194 1792 1476 1029 
1735 948 1194 1791 376 1520 945 1790 1824 1265 1802 1042 1221 1788 1104 1853 1125 1415 1692 1323 1327 1711 1729 1290 1348 1300 
1736 1553 1062 1832 563 1144 1015 963 1358 1569 1379 1855 1043 1620 1397 1136 1404 1729 1644 641 1167 1401 1614 1200 1762 1342 897 1411 1317 1328 1673 1309 1674 1474 
1737 1141 1278 978 1105 921 1218 1370 1257 1238 1426 1046 1082 1147 
1738 1701 1022 
1739 
1740 997 1367 1584 1321 1330 983 
1741 1865 1200 1044 1265 1302 936 923 1289 1286 1279 1036 1184 1154 1588 1662 1133 1764 1830 1000 1610 909 1515 1740 1655 1328 1910 
1742 1232 1654 1376 637 1006 1453 1143 999 976 1163 1861 1563 1224 1094 1755 925 1533 1665 1043 1620 1509 
1743 1688 1487 601 1889 977 1317 
1744 1342 919 1128 1904 1746 1359 1182 1495 1301 1371 
1745 1135 1780 1633 1313 1007 1857 962 
1746 1372 1748 996 1224 900 1724 1694 0 1582 1595 1794 1647 1173 1893 965 1281 954 1895 1381 1857 1505 1411 1577 1681 939 1553 483 1788 1814 1875 1575 1686 1630 1355 1593 1460 1336 1045 1690 1755 1571 898 1388 915 
1747 1012 1354 
1748 1436 1408 
1749 1544 1413 
1750 1759 1747 1840 1502 1031 538 1304 1576 1575 1537 1809 1065 1780 1440 1072 996 1323 1392 1371 
1751 897 1334 1203 1023 1720 1403 1887 1383 1019 1637 1506 1105 
1752 1423 1828 1774 1299 903 1740 1123 1678 1335 1296 1647 1744 1760 
1753 1513 1050 1165 898 1638 1249 1210 1635 1225 903 1402 1631 1876 1310 1863 1244 1880 902 580 1872 968 389 
1754 1170 1351 1673 1283 1532 1233 1756 1641 1588 1246 1107 
1755 
1756 1666 1251 1659 1475 1080 1630 
1757 1549 1836 1493 1334 1155 1657 1312 1489 1349 1251 1233 1178 1654 1823 1626 1729 907 1754 1046 1463 
1758 517 1645 
1759 1382 
1760 
1761 1510 1806 1865 1184 1008 1666 1255 1289 1813 1140 1383 1304 1481 1418 1462 909 903 1356 1874 
1762 
1763 1272 1168 960 
1764 1502 1296 1311 1395 952 1370 938 1678 1155 1079 
1765 1102 1515 1671 909 1624 1485 1895 1569 563 1346 1771 1339 1022 990 1838 
1766 1163 946 1661 1647 992 991 1460 1540 1692 1254 
1767 1561 1176 1282 1532 1140 1329 1377 1336 897 960 1810 1482 1752 
1768 1152 1486 1002 1618 949 1596 1281 1903 1166 1831 1066 1373 1578 1335 563 1910 1788 1641 1893 974 1095 1125 1908 1533 1194 1140 1367 1727 1212 1503 1326 1082 420 1635 1023 1855 1630 1163 
1769 1513 1648 1281 1777 927 
1770 580 1089 1122 1716 1376 906 1210 1664 1648 1887 1191 1276 1895 1522 
1771 1624 
1772 1071 1739 1788 1626 596 1653 1438 1579 1076 1370 1846 979 1129 1826 1827 1065 
1773 1775 1724 1304 1727 
1774 1690 526 1627 1062 1850 1181 
1775 
1776 1001 
1777 1823 1575 
1778 1010 1295 1380 1498 1098 1663 1585 1799 1162 1388 414 899 1437 
1779 1263 1117 970 1715 1357 606 1730 
1780 1332 958 1246 1652 1792 
1781 1683 1342 1076 1769 1631 988 
1782 1546 1321 563 1395 1883 1631 978 905 1532 596 1626 1777 1065 1197 
1783 1179 1617 1195 1190 1162 1780 1394 1045 1482 949 1402 1905 1120 1177 914 1516 1612 1890 1417 1445 1379 1449 1210 606 1191 1300 1123 1360 
1784 1573 1760 1839 
1785 1794 982 1629 1563 1423 1514 1408 
1786 1337 1026 1050 1363 1153 1147 939 1156 1400 1497 1378 1527 1652 1355 1849 944 1126 
1787 1898 1618 1337 1781 
1788 1752 
1789 1218 1116 1426 931 904 1772 1859 900 1398 1460 1389 1478 1087 1451 1128 1052 353 997 1574 1872 1535 1527 1266 1355 1688 1687 
1790 933 1367 898 1136 
1791 963 1003 1682 1850 1136 954 984 1843 1794 996 1196 1347 1104 962 1266 1169 1824 1756 1763 1727 1691 1143 1530 649 1286 1392 1086 1270 1374 483 1755 
1792 1668 
1793 919 1144 1642 1421 1755 1870 1323 1458 1759 1432 1247 1444 1045 982 1345 1322 1186 1487 1226 975 1430 1684 1720 1692 1318 601 1448 1568 1163 1127 1893 1451 994 
1794 1117 1461 1816 1090 1847 1130 1619 1408 1263 
1795 1660 1816 1454 1288 1674 1373 1679 1513 1394 1541 1264 1164 940 929 1783 1037 948 1338 1471 1157 1452 
1796 1790 1082 904 1533 1858 1787 
1797 
1798 1326 1286 1359 1736 1262 
1799 982 923 1499 1618 1600 1245 1595 905 1682 1633 1895 1220 1606 1308 1214 1596 1410 1382 1634 1674 1010 1645 
1800 1637 601 366 1413 1245 1699 1043 1334 1323 1232 1682 1866 1127 1159 1343 1155 1045 1023 1414 1201 942 1357 1139 1673 1189 1167 649 975 1713 1887 353 1576 1286 1860 1154 1067 1636 964 1171 963 1677 1774 
1801 1376 904 1271 1040 
1802 1385 
1803 1084 1816 1327 1832 1546 1741 1737 1235 
1804 1909 1616 1384 1233 1245 641 1350 483 897 1293 1701 1322 1765 1120 1682 1421 1014 1475 1110 1592 1373 1088 1226 1774 1262 932 896 1639 1539 1585 1587 1303 1033 1148 1575 1895 1010 1819 
1805 1802 1385 1235 1437 
1806 1172 1674 
1807 1829 909 977 910 1823 1182 1773 
1808 1174 1295 1107 1744 937 
1809 951 1284 1894 1859 1028 1369 1529 1322 987 1785 1753 1116 1904 1340 1161 1318 
1810 1705 1355 1330 1231 1616 1885 1866 1053 1161 1312 1432 1720 1295 1057 
1811 1065 1806 1001 1862 1157 1391 1590 1304 1365 1436 915 1719 1830 
1812 1688 1596 1188 1696 1846 1389 
1813 1456 1808 1710 1064 1328 1268 1771 958 1299 1865 1147 1218 1749 1753 353 917 1652 1629 1797 1249 1112 1716 1418 1897 1073 649 1870 1445 1641 1066 1577 1254 1606 1187 
1814 1548 1226 1529 1214 
1815 1550 1603 
1816 526 1267 1705 1670 1337 1036 1523 1106 1311 1056 1440 1599 1408 1383 1060 1753 1270 1279 1118 1040 1228 1322 973 1561 1160 1675 1224 1438 1350 910 1316 1114 
1817 1053 1598 
1818 1546 1667 
1819 1042 1823 990 1371 1295 1448 1720 1525 916 1807 1441 1368 1021 1205 1114 1882 
1820 951 1556 1719 1474 1512 1882 1774 1447 1534 986 1100 974 1835 1086 1696 1733 
1821 1555 1443 1369 1734 1259 1273 
1822 965 1684 538 
1823 1520 1838 1441 1301 1785 1787 1127 1221 1878 968 366 1004 1288 1812 942 1273 1031 1294 1591 1684 1095 363 1339 1336 1439 1829 1170 904 1795 1300 1711 
1824 1795 1679 1065 1492 1662 1598 921 959 1728 966 1585 1897 1026 
1825 1082 1209 1101 958 
1826 1210 981 1392 171 1151 956 1591 1460 1811 1750 1155 1840 1852 1743 1562 1325 1509 1441 
1827 1668 1511 1489 1786 1708 1859 1093 1254 1759 1120 1548 1438 1455 1865 944 1602 1697 1248 1531 1348 1037 1293 1633 1091 1536 1646 896 1461 1550 1108 989 945 1825 955 1228 971 1731 1036 
1828 1577 1140 1527 896 1287 1350 1478 1368 1337 1771 1856 
1829 1539 1005 
1830 1336 1758 1046 1341 994 906 
1831 389 1495 1451 1540 1152 
1832 1883 1521 1229 1577 981 1373 1863 1532 1114 
1833 953 987 1277 1030 956 1426 1544 1387 1063 1102 1075 1767 1278 903 1427 1178 1650 1098 1893 1569 945 1801 1159 1742 1593 1691 
1835 1300 1482 984 1315 1304 1506 1257 1001 1120 1144 1748 1423 1303 1043 1091 1824 1281 1030 1204 929 943 1908 1010 1103 1338 1259 649 958 1089 1660 1469 1724 1074 1283 1446 1763 
1836 1528 649 1824 
1837 1833 1273 1823 1145 1890 981 1142 
1838 959 1639 1104 
1839 1310 1718 1365 1643 1785 1781 1411 1157 1740 1790 925 1881 1601 1820 1667 1722 1057 1439 1771 1895 563 1292 1892 1907 1819 629 1327 1382 1041 1030 
1840 1315 
1841 1607 1140 1542 1154 1853 1538 
1842 1585 1185 1773 948 1196 995 1139 1043 1403 1830 1611 1395 1600 389 1380 1256 1446 1250 1281 1595 
1843 1161 1169 1637 1502 1339 1503 1877 1633 1352 1422 1398 1185 
1844 1180 1449 1635 1481 1649 1640 1842 917 1432 1569 1147 1121 1200 
1845 1619 637 1227 1167 1465 1346 1001 999 1128 1382 1689 1598 1197 1122 1691 1367 1531 1268 1889 
1846 1497 1770 1556 1454 1526 1847 1911 1766 1630 
1847 1876 1637 1424 1801 1379 
1848 171 1213 1445 923 1566 1212 1021 1085 999 1055 1355 1138 
1849 1891 1409 1675 1097 1430 1054 1810 903 1744 1764 906 1293 1627 934 1724 1260 1298 1065 960 1225 1653 1518 1806 1795 1824 1297 1038 1802 963 
1850 1281 1383 1181 538 1037 1005 
1851 1843 1122 1178 970 1806 363 1701 
1852 1893 1149 931 1120 940 1262 1355 
1853 1510 1403 
1854 
1855 1613 1757 
1856 1373 
1857 1878 580 963 1682 1168 1821 1135 1593 1270 1030 1416 1536 
1858 1348 1016 1710 526 1616 1449 1488 1679 
1859 1905 1480 1765 1632 1683 1141 1884 1062 1601 1233 1544 1362 951 
1860 1523 
1861 1066 1313 1464 1490 1736 1799 1287 1192 1449 1281 937 1361 1825 1236 1909 1857 1906 1203 1572 1249 1051 
1862 1317 1656 1404 1584 1334 917 1863 1142 1860 1460 915 1132 1190 
1863 1777 1515 1344 517 1101 1693 1818 1719 901 1253 1208 348 
1864 898 1181 1517 1734 1122 1429 1556 1023 991 1071 1132 1583 1272 1163 1905 1077 1370 580 1448 913 
1865 1301 1688 
1866 1207 1796 1399 1712 1282 
1867 1788 927 1428 1891 1152 1330 1692 1043 1345 1762 366 964 1482 1349 1572 1757 1690 1364 1110 353 1417 1400 1474 1586 978 1725 1372 1893 
1868 1311 1732 986 1767 900 1638 1877 1911 1718 965 1176 1365 1498 1521 1633 1219 1030 1347 1577 955 1137 920 1637 1152 1896 1092 1899 1676 
1869 1664 
1870 1847 1208 1698 
1871 1164 1534 1358 1356 1900 945 1337 1875 1787 1749 1001 1349 1612 1571 1195 1623 1780 
1872 1698 1709 58 1381 1571 1868 
1873 1713 1425 1359 1214 1502 915 1817 1876 1302 971 1031 
1874 1712 
1875 1106 1474 1182 389 1638 1073 
1876 1669 1298 1045 986 1778 1131 1737 921 1487 1371 1211 
1877 1124 1500 934 1545 1279 1542 907 1361 1734 1579 1156 
1878 1758 1361 1403 1630 1865 1412 
1879 1105 1234 1064 1276 1144 1653 1548 1070 1680 1423 1270 1397 1659 1782 1427 1080 1197 1292 1273 1602 1601 1481 1387 1279 1458 
1880 1553 1223 1295 566 1583 
1881 1478 1872 1134 1468 1441 1833 1443 1243 
1882 1345 954 1910 1838 1543 1692 1648 1053 1906 1855 
1883 1484 1001 
1884 1021 1200 1090 1522 1909 
1885 1715 991 1764 1708 1423 1483 1349 1001 
1886 1389 1234 1734 1303 1643 1515 1726 1331 994 1458 1740 1144 996 1884 964 1241 1658 1133 1702 1595 1699 
1887 1239 1414 
1888 1759 951 1906 1354 484 1143 1726 1394 1298 1300 1133 1523 1443 1313 1438 1691 1162 1320 1056 1497 1727 1440 1705 1534 958 1720 1756 1262 1080 1739 1731 1118 1640 1309 1595 1116 526 
1889 1064 1870 958 1841 
1890 
1891 1028 641 1332 1652 1408 1439 1153 1402 1455 1740 1654 1239 1496 1852 1459 1289 984 916 
1892 1394 920 366 
1893 1327 1056 1035 1715 1002 1112 484 992 1511 1069 1631 1088 1662 1900 1191 1838 1320 1391 1247 1601 
1894 1796 1549 1207 1707 1361 1388 921 1441 1411 1356 1468 1379 1755 
1895 1749 1793 1213 1696 1779 1434 978 1753 1745 1894 984 
1896 1469 1904 
1897 1179 1853 896 1478 959 
1898 1516 975 1515 1860 1753 1261 1384 1235 1309 1597 1223 1607 1427 1658 1485 1528 1569 1519 1372 
1899 1482 1189 920 563 1031 1783 1203 1640 1474 1001 1458 1273 1606 936 1490 1318 1486 
1900 1407 1579 1770 
1901 1673 
1902 1418 1512 1824 1121 1010 1503 1549 1327 1178 1402 1777 1091 1751 1753 
1903 1684 1694 1088 1657 1481 1279 
1904 997 1683 1843 1588 1529 1595 
1905 1888 1049 1100 1239 
1906 954 1751 1405 
1907 1595 1858 1081 1138 1821 1134 982 
1908 940 
1909 1636 1240 1503 1502 1431 1086 1835 1273 
1910 563 1542 1451 1489 950 1839 1677 1147 1011 936 
1911 1051 1363 1640 1192 1880 1408 1231 1477 
