0 1610 
58 1760 
107 1904 1474 1268 1210 1482 1168 1464 1830 1507 1475 483 1331 1014 1878 1706 1434 1355 1870 1703 1671 1503 1712 1649 1609 1743 1276 1479 941 1382 1105 1909 962 1297 1244 1590 1273 376 1802 1190 1019 1147 1240 1777 1356 1906 1463 1687 1578 1631 1907 1849 1359 945 1362 1762 1286 1042 1502 1157 1776 1192 649 1495 1370 1427 1571 1651 1887 964 1681 1316 1308 1189 1454 1773 1100 1446 930 1646 1130 1630 1022 1693 1715 1070 1656 1512 1674 1122 1224 907 1303 
171 1714 1201 1180 1470 
348 994 1830 1900 1020 
353 596 1380 1414 1310 1019 1752 1761 1184 1859 1426 1189 967 984 1151 
363 1753 1420 1204 1033 1800 1718 1791 1730 1599 1849 1284 1209 1034 
366 1293 1839 1292 950 1739 1569 1275 1288 1675 1464 1066 1823 1604 1505 1879 
376 1753 1005 1818 1841 1076 1465 
389 1226 1327 1168 1398 1325 1278 1643 
414 1867 1683 
420 1588 1028 1413 1765 1358 1203 
428 947 1675 1785 1276 1229 1835 1658 
475 1799 1353 981 1562 1241 1778 1659 1625 1076 
483 1428 1263 1260 1331 1101 1602 1701 1042 1435 1366 924 1038 1549 983 1039 1547 1298 1246 1484 1292 1482 1718 1311 1833 1207 1076 1363 1752 1125 1342 1418 1285 1065 1656 
484 956 1563 1450 942 1832 1451 1449 1596 1366 1212 1843 1911 926 1316 1014 1532 
517 1330 1623 1170 1571 1410 1422 1113 
526 1268 1264 971 1102 1554 900 1671 1904 1079 1425 1799 1162 1124 1041 934 1666 924 1031 1223 1607 1604 1094 
538 1382 1585 1648 1541 1367 1781 899 
563 1243 1907 1207 1797 1578 
566 1464 1156 1519 1613 0 1108 1160 1568 
580 989 1316 1225 1148 1789 1845 1643 1452 1321 1167 1851 916 1135 1274 1671 
596 1326 1710 902 1108 1653 
601 1879 
606 1771 1395 931 1837 1892 1306 629 1491 1213 1296 1309 1807 1740 1380 1644 1356 
629 1825 1367 1719 
637 1415 1619 1247 1266 1887 1568 1638 1314 1675 971 1180 1670 1708 1604 984 1019 1304 1271 1382 
641 1557 1867 1484 1074 1296 1151 1333 1750 1807 1162 1481 1203 
649 
651 1456 914 1501 1634 1819 1403 1886 1036 1678 1841 1600 1387 1667 1586 
896 1245 1889 1752 1327 1878 1427 929 972 601 1223 1549 363 1828 1615 1822 1017 1738 1616 1718 897 1607 1260 1057 1211 1259 1767 1656 
897 1348 1268 1518 1024 1306 1511 1533 1245 1016 1803 1121 913 958 1045 1565 1026 1120 1023 
898 961 1054 1112 
899 1461 
900 
901 1324 1215 1461 1590 1388 
902 1683 1739 1041 1264 969 1687 1538 995 1563 1741 1714 1500 1666 1771 
903 1330 1099 1249 1748 980 937 
904 1099 
905 1163 1346 
906 1802 1113 1530 1522 974 1368 1664 1837 1736 1849 1635 1401 1566 1898 1883 1364 916 1349 
907 
908 1788 1270 1549 1889 1303 1045 1800 1586 1022 1695 
909 1591 1646 1195 
910 
912 964 988 1190 
913 1748 1301 1308 1733 909 1876 1252 1120 1454 1539 
914 1354 964 990 1778 939 
915 1492 947 1469 
916 1104 1850 1468 1812 1859 961 913 1275 1875 1461 1479 1607 1436 1444 1871 1709 606 1037 1578 1670 1346 1561 935 898 
917 1321 1017 1656 1369 1105 968 1404 1910 927 1724 1342 1888 1219 1550 1839 1518 982 1253 1262 1024 1190 1313 961 1687 993 1558 1421 1174 
919 1765 1542 1809 1469 972 1488 
920 996 924 
921 946 1512 348 1262 1311 985 1690 1858 1642 1254 1664 1808 1486 1662 1521 914 1567 
922 1112 1038 1249 994 1326 947 1493 
923 1019 1361 1199 
924 908 953 1854 1019 1388 1635 1655 1570 1089 1895 1650 
925 985 606 1549 1548 1777 1317 1532 1464 1101 1508 1743 1364 1210 1904 1001 1807 1281 1202 1392 1189 909 1023 1495 1845 1699 1247 1772 1342 1117 960 972 901 1896 950 
926 979 1459 1159 1876 
927 950 1909 1665 1670 1682 1277 929 1338 1067 1634 1544 1364 1041 
928 1024 
929 
930 1739 1510 1249 1460 1615 1186 1377 363 1490 1523 1149 929 902 1283 1768 1275 
931 1832 1199 637 1282 993 1711 
932 1660 1773 1124 1168 1001 1899 1333 1568 1752 1868 1857 
933 931 1724 982 1888 1407 
934 902 1396 1849 1709 1826 1631 1636 965 1347 1889 1251 1007 1109 1720 1604 
935 1260 1301 
936 1857 1826 1035 1444 1827 1047 1438 1524 
937 1186 596 
938 919 1671 1663 1614 1040 915 
939 1194 963 
940 1057 982 1854 955 
941 1126 1144 1005 961 1130 1030 1604 1724 1069 1630 1127 1808 1442 1759 
942 1873 1591 906 983 1432 1187 1510 1476 1459 1673 1417 1550 1895 1838 1008 1265 1776 
943 989 1247 1414 
944 972 1144 1302 1161 
945 1054 
946 1129 1562 1401 1885 1458 1840 1019 949 1328 1346 1501 1900 1138 1896 1447 901 1571 1687 414 917 1306 1640 1020 1672 1424 1296 1280 641 
947 1057 1729 1458 566 1857 1842 1849 1201 1044 1773 1346 1378 963 1294 1097 1784 1736 1005 979 938 
948 1519 1125 1308 935 1360 1788 984 1583 1837 1712 
949 1735 1176 1516 
950 1385 1515 
951 1110 1612 1069 1188 952 
952 1088 1550 1355 1449 997 1027 978 1394 927 1407 596 1855 1583 1067 1124 1137 1518 1488 1526 1039 
953 1449 1597 1108 1866 1368 1388 1776 1548 1491 1314 1402 1673 1318 1258 1005 1153 1652 1789 916 896 1476 1045 1398 962 1068 1327 1019 931 1098 1911 1772 1275 1854 
954 1307 1418 1845 1105 1651 1220 1225 1662 1798 1894 1771 1280 1241 
955 1709 
956 1867 1887 1441 1545 1660 
957 1739 1027 1281 962 1332 1176 1733 1467 1415 1705 1422 1535 1259 1821 
958 1419 1090 1300 999 1713 1547 420 
959 1126 1733 1195 1796 1634 1894 1824 1427 
960 1576 1178 1074 1028 1754 904 1677 1049 906 1752 1340 1379 913 1685 414 1650 1565 1177 1649 
961 1234 1602 1733 
962 941 1693 1597 1468 1223 1662 1889 937 
963 1567 908 1188 1249 1688 1561 1815 1505 389 
964 1362 1216 1544 1205 1828 1058 977 1245 
965 1318 1721 
966 1453 1246 1612 1694 1873 1469 1071 1679 1406 1551 1428 904 1396 1670 1217 1183 1235 1131 1158 1116 1720 
967 1792 1430 1266 1799 1703 1814 1871 1099 1702 1651 1802 1338 1302 1356 1437 1357 1122 1213 1207 1661 1847 1610 
968 1469 1391 1754 1143 1633 1757 1331 1506 
969 920 1813 1112 988 1705 1436 995 
970 1148 376 
971 1780 1203 1300 1169 1451 
972 1478 1760 1338 
973 1193 1055 
974 987 1547 1147 1128 
975 1871 1810 1463 1896 1424 1592 1063 1723 
976 1056 908 1181 
977 1697 1483 947 
978 1012 1125 1097 1403 1038 1585 1576 1502 1057 1506 942 1353 1315 1703 1764 1749 1538 1299 1501 1165 977 1595 
979 1679 1476 1518 1038 
980 1248 1498 936 1295 1094 1461 1014 1479 941 1125 1052 1634 1601 1256 1337 1232 1884 1812 1285 1041 1715 
981 977 1173 376 1221 1759 1753 1080 1758 1016 1890 923 
982 1465 1879 1878 1105 980 943 934 1162 1405 1243 1219 1306 1075 1558 1205 
983 1209 1606 1301 1778 1639 1295 1135 1762 1587 922 
984 1872 1835 953 1087 1207 
985 
986 1573 
987 1150 1593 
988 1640 1072 1168 1428 1660 1690 950 484 1402 1296 1218 
989 1610 1086 927 1308 1812 
990 1885 1367 
991 1688 1472 517 1801 1356 1786 
992 1822 1053 1079 1790 1219 1682 1273 1840 1252 
993 1137 899 563 1222 1579 1667 938 1349 1405 1611 1274 1254 1355 1134 389 1832 1865 1276 1546 1672 1755 1701 1574 484 
994 1713 1338 1491 1059 1574 1039 
995 1428 376 1838 1740 1530 1144 1232 903 420 1430 1506 
996 
997 1043 1905 1501 1489 948 1311 1429 1528 1170 1266 1662 899 1515 1381 1272 1701 1818 
998 1492 
999 1000 1597 1511 1074 1341 1706 1422 1276 1051 972 1716 1081 1104 1515 1726 1747 1358 1277 1449 
1000 1322 
1001 1817 1455 1338 1541 1022 1843 1780 
1002 
1003 1212 1857 1027 1847 1252 1878 1871 994 1151 1377 1474 1582 949 517 1210 1166 1230 1298 1773 
1004 1763 1233 1713 1883 1493 1365 1892 1105 1009 1728 978 1553 1686 1338 1426 1422 1334 1677 1073 1868 1364 1508 1384 1830 1470 
1005 1333 1082 1412 907 1829 
1006 1197 1106 1100 945 1045 1102 414 1254 1500 1475 1428 1353 1384 1028 1705 1711 1366 1566 1905 1118 1250 1524 1356 1648 1586 1127 1745 1060 1462 1327 1318 1359 1877 
1007 1089 1095 958 
1008 1396 
1009 1387 1591 1035 1275 1838 1552 1686 964 1576 1851 1634 
1010 1753 988 1756 981 
1011 904 1374 1045 1352 1773 
1012 1816 975 1233 1162 
1013 1770 987 
1014 1645 1513 1855 1031 1040 1682 1526 934 1369 1433 987 909 923 1618 1043 1550 1717 1452 1004 1677 1422 1539 
1015 1304 1019 983 955 1723 
1016 1156 1066 
1017 1535 1276 1147 903 1696 1052 1758 1043 1315 1618 1476 1593 936 1499 1041 1332 1710 641 1262 1488 1168 
1018 1671 1609 1084 1736 1498 1362 1910 1666 1753 1334 1175 1681 
1019 1484 1114 1835 1397 1771 1340 1533 920 1741 1344 1131 1736 1734 901 1605 1123 
1020 1704 923 1677 1391 1898 1298 1111 1189 389 1726 1672 
1021 1867 1411 1828 1056 1218 1230 637 1464 1028 919 1285 962 
1022 
1023 1884 953 
1024 1669 1857 1570 1672 1034 1554 1521 1082 1139 1593 1858 1756 1323 
1025 1178 1146 1663 932 1645 
1026 1633 1617 1013 1881 1725 1218 1195 1467 1044 1562 1122 1210 1459 1687 1196 1812 1825 1111 
1027 
1028 1519 1046 1865 1616 1587 1843 1863 1266 1475 1608 931 
1029 1527 1677 1163 1412 1237 1282 1741 1449 1615 1752 1566 1736 1422 1585 1122 1534 1673 1807 1826 1808 
1030 1876 1326 
1031 
1032 1178 1259 1330 1840 1041 171 1366 1644 1905 1659 988 1293 1830 1022 1799 
1033 1268 1068 1293 
1034 1254 
1035 1225 1619 936 1611 
1036 1043 1472 420 1164 1405 1824 1232 1840 1400 1799 1853 1422 1439 1468 1078 1034 1740 1767 936 1632 1451 
1037 1461 1373 1564 1156 1112 1733 1892 1002 
1038 1233 1537 
1039 1496 1602 1833 
1040 1419 1718 1512 1689 1068 1312 1082 1142 1445 1347 1494 1702 353 1469 1659 
1041 1899 1819 1384 
1042 1155 1698 
1043 1855 1380 1080 1153 
1044 1786 1270 972 1184 1387 1751 1831 935 
1045 1494 1685 
1046 
1047 1646 1884 1482 1361 1745 946 1585 1031 1711 999 958 961 926 
1048 1643 1836 1373 1106 996 928 1767 1490 428 1127 1616 1388 1890 1548 1208 
1049 1814 1785 1175 1034 1798 999 1709 1002 637 1575 1851 
1050 1597 
1051 1290 1890 1367 1239 1776 1039 1342 1661 1833 1641 1808 
1052 1294 1827 1354 1815 1692 1849 1485 1309 1477 1679 1691 1672 1268 
1053 1785 1182 
1054 1495 1258 1792 1770 1014 1289 907 1125 1618 977 
1055 1393 1780 
1056 1440 1422 913 1839 1454 1146 1194 1283 938 1439 1823 1136 1347 
1057 1377 1029 
1058 1435 
1059 1545 1900 965 985 1542 1189 1774 1323 1533 1478 1412 1299 920 1224 1437 1217 1365 1783 1438 1069 1680 1153 1283 
1060 1090 1558 1004 58 1080 566 1144 1717 1239 
1061 1311 896 
1062 1858 1165 1868 1288 1510 933 
1063 1641 1195 1411 1429 1709 1570 
1064 1553 1617 1648 1148 1593 1262 1029 1381 1853 1115 1394 
1065 
1066 1046 1767 1267 1391 1227 1365 1611 1142 1822 1810 1580 1214 1233 1622 1667 
1067 1774 1511 1097 1012 1849 1089 964 1866 1293 1146 997 1903 1058 1879 1142 917 1491 1188 1455 1368 1092 
1068 908 1448 1478 1446 1378 1785 1426 1588 1847 
1069 353 1279 1846 
1070 1194 1766 1176 1541 1866 1585 1431 1629 637 1218 1670 1537 1153 
1071 
1072 1752 1862 1044 1802 1629 
1073 
1074 1415 1623 1499 1059 1327 1217 1027 989 1079 1827 1502 1805 1322 1033 
1075 1780 363 1548 1749 1403 1712 1668 1657 1646 1641 1323 1650 
1076 1342 1403 1526 926 1031 945 1657 1430 1482 1353 1444 1507 1457 1001 1130 1186 1207 1510 1548 1891 1369 969 1283 1857 1579 1720 915 1910 1739 1687 596 951 1701 1151 1388 1234 941 
1077 1074 1189 963 1497 
1078 1003 1249 1704 967 1166 1803 1025 1392 1567 1906 1353 1406 1432 1485 1168 1200 936 1442 1685 1320 538 1408 1235 969 1689 1090 1712 1018 1233 1170 1905 1145 
1079 1133 1054 1094 1490 1876 1836 1282 969 1075 1296 1893 985 1751 905 1032 1440 1038 1792 915 1095 1387 1233 
1080 1258 1621 1340 1373 1521 566 972 1014 1508 1282 946 1099 
1081 414 1121 1400 1725 937 1343 1809 1821 
1082 1267 1429 1614 1093 1331 1041 1452 1242 1241 1161 1511 1665 1365 1095 1408 
1083 1661 1038 963 1322 1724 1419 1854 1142 1232 1699 1043 1082 1680 601 1186 1429 1907 1438 1638 1037 1454 1814 1656 1368 
1084 1892 1076 1047 
1085 1184 1125 1475 
1086 1035 1263 977 1272 1819 1042 1669 1636 1114 1711 1777 1644 1822 961 1107 1139 1196 1865 1511 1257 1108 1266 1275 1246 940 1004 1038 1503 1325 1232 1863 1407 1439 1430 1779 1527 1170 1221 1331 1219 1016 1646 1215 1020 1747 1755 1283 1703 
1087 1201 1566 
1088 1715 1166 1108 
1089 1395 1429 1189 925 1773 1719 
1090 1074 
1091 1647 1303 1211 1586 1363 
1092 1490 909 1036 1748 1561 1781 1695 1572 1642 
1093 1588 1010 
1094 1261 1315 1329 1888 
1095 1244 1099 107 
1097 1807 1472 897 1745 1645 1477 1372 1731 1524 
1098 1149 1400 1536 
1099 1155 1235 1911 1826 1836 1281 1632 1676 1493 1623 956 1690 1868 948 1621 1639 1530 
1100 1482 1305 1853 1382 1540 1793 1489 1031 1516 1780 1821 1285 1057 
1101 1491 1803 1106 1785 1303 1709 1892 1816 1236 1088 1300 1911 1831 1675 1844 1817 1641 1025 1400 389 1158 1766 1513 1179 1632 1721 1871 1856 1013 1530 
1102 1857 964 1739 1095 1590 1332 1753 1725 963 1103 1311 1822 1183 1617 
1103 1910 1810 
1104 1536 1001 906 1661 1054 1769 1103 1425 1478 1053 1888 1160 909 1640 1066 1236 1529 1269 1489 517 1183 1449 1753 1143 1814 1510 1513 
1105 1072 
1106 1236 348 
1107 1010 1693 1770 1346 1874 1304 1121 1597 1567 1585 1629 980 1255 1897 1811 1860 1667 1413 1654 1528 1661 1852 1111 1187 
1108 1302 1483 1612 958 1710 1432 1254 1249 1888 1375 1151 1080 
1109 1536 1543 1087 1728 1907 1580 1524 938 1622 1619 1203 
1110 1894 1154 1571 1383 1630 1543 1179 983 1625 1467 
1111 1499 
1112 993 1671 1636 1334 1607 1630 1007 1014 916 1360 961 987 
1113 1547 980 1105 1166 1637 991 1717 942 1146 1474 1505 
1114 974 1678 1646 1424 
1115 1448 1487 376 1710 1536 
1116 1129 1309 1589 1401 1064 
1117 1336 1006 1030 1494 1700 1364 1093 1220 1135 1018 1498 1448 1384 1716 1312 1690 1492 1829 1541 1670 1733 1234 1343 
1118 990 1257 907 1669 1600 1113 1327 1415 904 
1120 1031 1454 1186 1045 1735 1097 1299 1326 1281 389 1675 1710 
1121 1176 1532 1716 
1122 1050 924 1273 1023 1055 1098 983 1799 1189 1457 1044 
1123 1022 1723 1777 1541 637 1454 1016 963 1052 1522 1898 1284 1039 1407 1860 1862 1724 
1124 1131 1575 1265 1247 1732 1351 1820 1613 1424 1094 1515 1074 963 1240 994 1412 1837 1079 1765 1691 1459 
1125 1264 1489 1711 1467 944 1234 1583 1546 1469 1768 1545 1808 1638 1514 1594 1436 1058 1075 1043 1016 1694 1877 1305 
1126 1364 1448 1728 1263 1353 1020 1316 1075 983 1830 651 596 1052 1002 940 1723 1298 1684 1907 1346 1229 970 958 1326 1158 1650 1400 1636 1769 
1127 1108 979 1305 
1128 1778 1285 1910 1423 1364 1050 363 1517 1774 932 1808 1031 945 1472 
1129 1029 1319 1196 1054 1682 908 1327 1255 1161 
1130 973 1851 1424 1142 928 1266 1089 898 1160 1295 1121 
1131 1086 1604 
1132 1493 1004 1784 1026 1585 1248 1077 1411 1249 929 1100 992 1036 1056 1657 1309 1158 1763 1120 1000 926 1891 1760 1011 1051 1294 1703 1287 1531 1268 
1133 1514 1802 
1134 
1135 1087 1275 1495 1861 1763 1131 1256 930 1638 1168 1750 
1136 1545 1117 1171 1292 1864 
1137 899 1848 1181 1592 1745 1704 1041 
1138 1359 1808 1579 
1139 987 1761 1765 517 1597 1820 1579 
1140 1775 1462 
1141 1620 1701 1177 
1142 1274 1676 1385 1107 1593 1331 
1143 1449 1638 1343 
1144 1640 1765 967 1339 
1145 
1146 1353 1567 1615 1294 1770 1082 1156 1447 1107 1100 1832 1642 1128 1457 1487 1794 1040 1062 1036 1191 1593 1706 526 1901 1485 903 1788 1064 1292 1829 1229 929 1132 1143 1713 
1147 
1148 1749 1275 1349 1029 1325 1287 1021 1041 955 1249 1901 1348 1855 1839 
1149 1864 1254 1060 1444 1064 1074 1333 1057 1734 1778 1008 1080 1651 1537 1727 1471 1449 1650 1598 1493 1695 1700 1155 973 
1150 1299 1215 959 1357 
1151 1289 
1152 913 974 1339 1361 1423 
1153 1191 1680 1167 970 945 950 1511 1111 1867 1171 1787 937 1566 1628 1653 1543 1508 1236 1618 1316 1673 1683 1671 1838 1765 1084 1877 
1154 1367 
1155 1204 1129 1121 1845 1403 1098 1664 1586 
1156 1639 1204 1650 910 1381 1814 1148 1376 1241 1075 989 1217 1325 976 1073 1573 1863 1029 1795 925 1482 
1157 1044 
1158 1487 1444 1299 1817 1480 1500 1822 1733 1256 1692 1208 978 1332 
1159 1058 1363 596 1080 1182 1768 1852 1380 1503 
1160 1275 1168 1138 1363 1696 1500 1366 1622 1817 1403 1339 1223 948 949 1585 606 1711 1746 
1161 1516 1515 1652 1080 1308 
1162 1151 
1163 1685 987 922 1259 1590 1228 0 896 1796 1801 1345 995 951 1528 1245 
1164 1714 1338 1676 1149 1251 919 
1165 1547 1850 1112 1108 1903 
1166 1490 965 929 1240 1024 1097 1277 919 1621 1004 1524 1188 1152 
1167 1271 1237 1810 
1168 1826 1033 
1169 1600 1129 1008 
1170 967 1027 1488 1574 1310 1169 1301 
1171 1570 1891 1378 
1172 949 1067 1449 1258 483 1140 1344 1607 1081 1097 1212 1294 1645 1419 1658 1851 563 1694 1355 1318 1133 1310 1890 1808 1224 1766 1514 1334 1176 1720 
1173 475 1875 1624 1249 1091 1229 931 1107 1548 1423 1263 1326 919 942 1841 1023 1267 1851 1310 1283 1043 
1174 1660 1154 
1175 1434 1473 924 1459 1040 1240 1187 1247 1803 1802 1149 1129 1189 1346 1661 1406 1615 1103 1645 1131 1669 1465 1694 1203 1871 1011 1609 1211 
1176 
1177 1484 960 1483 1262 1614 1066 
1178 1701 1300 1543 1049 
1179 1390 1569 1763 1675 1892 1580 
1180 1301 1839 1041 1315 902 1743 1116 1045 941 1049 
1181 1500 1204 1672 1894 1510 1381 1067 1317 1824 1384 1249 1404 1843 1844 1147 1279 1024 1611 
1182 1778 1515 1780 1776 1261 601 1162 1123 649 1274 1036 1859 1291 1468 1595 1260 
1183 1894 1249 1121 1264 1058 1848 1167 1029 1298 1085 
1184 1753 1239 1817 1415 1686 1637 1408 1477 1900 1298 1575 1019 1830 1347 988 1296 1084 1506 985 1739 1140 1624 1847 1372 1109 1618 1283 1094 1713 1709 1457 896 
1185 1100 649 1858 1815 1528 1767 1474 1249 1044 1008 1665 953 1224 1482 580 1877 920 1702 1166 1102 1593 1718 1811 1319 1645 1379 1744 1052 566 
1186 1454 1181 1115 919 1613 
1187 1068 1264 
1188 1781 1221 1045 1422 953 1644 
1189 1290 1111 1593 1075 1153 1733 
1190 1030 1266 1741 1016 1646 1896 1650 348 1279 563 1100 945 1776 
1191 1452 1809 1356 1292 1546 1597 1537 1344 1025 1327 1484 1515 1671 938 1409 1224 1198 1786 1108 1828 1147 1693 
1192 1147 1373 900 1088 1908 1489 1737 996 1765 1810 906 1791 1117 1242 1725 1766 1842 1617 1492 1816 1048 
1193 1638 
1194 1317 1562 
1195 1874 1643 1897 1498 1653 998 1125 1379 1885 1624 938 1384 1511 
1196 900 1327 1810 
1197 1044 1226 1093 1443 
1198 1457 1583 1163 1793 1513 1324 1676 1136 1662 1740 1842 1818 1884 1709 1256 
1199 1140 1541 1492 1056 1046 348 935 1168 1421 1346 1694 1160 1684 596 1892 1193 1572 1215 1854 1635 1298 1532 1738 1676 1071 1133 1384 1127 907 1855 1025 1278 1438 1825 517 1564 1639 1043 1350 1213 1138 1413 926 910 1745 1607 
1200 1469 
1201 1209 1696 1165 1272 1651 1046 1856 1863 1750 1408 1782 
1202 1792 1408 1753 
1203 1202 
1204 1339 1110 1149 1658 1239 1259 1775 1582 1809 1008 1165 1812 1102 921 930 1166 1749 1627 1849 
1205 1334 1047 1049 899 1538 1536 1597 1429 1349 1882 1706 1851 1394 1215 1314 1037 902 1585 1867 1000 1136 1611 1467 1644 1333 
1207 1525 1830 1307 1587 1079 1890 
1208 
1209 1238 1525 580 969 1765 1736 1052 937 1153 1546 1673 1517 1195 1902 1506 1180 1869 1030 
1210 1135 1504 977 1159 1612 1162 
1211 927 979 1108 924 1424 1023 900 1002 908 1218 1573 1139 1857 1836 1469 1754 1212 1753 1851 1513 1782 1540 1777 1850 1706 1177 1802 
1212 1686 1638 927 926 1158 1470 1518 
1213 1314 1543 943 
1214 1566 1475 1575 1314 1231 1339 1284 1812 1281 1504 1082 1383 1302 1326 1372 1324 1152 1364 1021 1450 1769 1066 1204 1753 
1215 977 1695 914 1436 1434 1127 
1216 1383 1249 1572 1862 1698 1664 1596 
1217 1679 1872 1400 1776 1107 1401 
1218 1628 1001 
1219 1716 1731 1654 1434 1592 1753 1481 1659 1626 909 1044 1873 1520 
1220 978 1861 
1221 1143 1622 1454 1205 1735 1605 953 1356 1278 1482 952 637 1463 
1222 428 1350 1722 1445 1052 1503 1226 1115 1022 1539 1170 1316 1064 1358 484 1186 1643 1646 1275 1050 538 929 1114 563 1483 1606 942 1777 1618 1376 1538 1337 1273 
1223 1415 1903 
1224 
1225 1440 420 1310 
1226 1059 1290 1313 1037 1101 1720 606 
1227 1068 1301 1832 1541 1401 389 58 1460 1586 958 1252 1826 1528 1349 1734 1818 1257 
1228 1351 944 1711 1027 1809 
1229 1145 993 1796 1166 1885 1178 1439 906 1463 1077 
1230 1058 1574 1645 1492 1831 1577 1261 1419 1342 1715 1684 1843 1632 1118 1531 1808 1848 896 1830 959 1021 1769 1857 1804 1279 1160 1792 897 975 1174 1302 
1231 1251 1157 1574 1911 1379 1356 1819 1300 994 1542 1327 1442 1897 958 1883 1709 1800 1632 
1232 1286 1295 1639 1008 1034 1874 1229 
1233 
1234 348 1088 
1235 1102 366 1008 1037 1483 1000 1741 1869 1497 963 1877 1207 1627 1501 1608 1218 1739 1089 
1236 1866 1673 1227 1426 1382 1302 1317 1398 933 1385 1289 1263 
1237 1401 1304 1105 1444 1617 1022 1062 1685 1075 1714 1819 
1238 1498 908 1021 538 947 1112 1034 1151 969 1094 1765 944 1486 1514 903 1911 1743 1224 1905 1871 1284 924 1291 
1239 1587 
1240 1513 1638 910 1213 
1241 1422 1440 
1242 1377 1703 1379 1773 1549 1596 1395 1582 1073 1023 1312 1270 1335 1905 1019 
1243 1144 1247 1402 1442 907 1548 1437 1703 1553 1035 1736 1526 1635 1740 1355 1118 1552 1325 1254 526 1825 1238 1044 1580 1805 1412 1478 1525 1084 1065 
1244 955 389 1128 1079 
1245 1808 1246 1143 1517 1000 952 1696 
1246 1276 1329 1277 0 1454 1283 
1247 1286 1803 902 
1248 1276 1392 
1249 
1250 1308 1715 1743 1844 1235 1253 1440 1711 1599 1191 1579 1703 1084 1848 1769 1618 1091 1837 1197 1722 991 1418 1357 1128 1041 1886 1248 1830 1596 
1251 
1252 
1253 
1254 1420 
1255 107 1477 1870 1200 1708 1165 1085 1849 1845 1461 1472 1363 1863 1801 1395 1534 1568 1841 1433 1468 1142 1803 1481 1340 922 1392 
1256 1171 1224 1204 1576 1651 1397 1161 1601 1003 1244 1748 1005 1387 1905 1759 1904 1818 1064 1061 1729 1398 984 1116 1166 1283 1266 1691 1362 1231 1220 930 1719 1562 
1257 1337 1552 1475 1910 580 1674 1724 905 1434 1901 1179 
1258 1868 1173 1030 1382 1575 1193 1610 914 1141 
1259 1331 1615 1853 1550 1879 1847 1552 
1260 1150 933 1562 1161 1526 1043 
1261 997 1237 1854 420 1028 428 517 938 1264 1708 
1262 
1263 1565 
1264 1712 916 
1265 957 1507 940 
1266 1201 1637 1820 1176 
1267 1193 1115 1322 1432 988 1585 1351 1527 1607 1538 1227 937 1247 649 1069 1212 1642 1906 1873 1378 1019 1250 1388 1568 1215 1201 
1268 1401 
1269 1241 1410 1842 926 1751 1318 1534 998 1396 995 1631 1729 1506 420 1019 1636 1192 983 1275 1349 1002 1561 
1270 1507 
1271 990 1249 1244 1189 1157 1765 1340 1217 1354 1451 1472 1811 1845 1554 905 1763 1253 1129 1537 
1272 1772 1456 484 1046 1214 1862 1695 1619 926 1757 1768 1678 1142 
1273 964 1172 997 1059 1388 956 1659 1012 975 1064 
1274 1226 1699 990 1531 1174 
1275 1425 1502 1009 1639 1635 1813 1026 1510 1066 1492 1798 1123 1825 
1276 
1277 484 1839 910 1274 1599 1617 1319 1436 1412 1325 1306 949 1038 1112 1907 1057 1804 1236 897 
1278 483 1091 1486 1004 1480 
1279 1517 983 1509 1692 956 1109 1183 1440 1742 1145 1784 932 
1280 1801 1561 1328 1054 1691 1775 1442 1144 1448 1679 483 1098 966 1000 1461 1416 
1281 1641 1303 1784 1401 
1282 965 420 910 1900 1263 920 1602 1794 1162 1748 1657 1062 1202 1438 
1283 1111 1316 1559 1401 1898 
1284 979 1215 1022 1898 1250 1010 1352 949 1743 1143 1546 1160 1247 1646 1824 1737 
1285 1608 1483 1542 1627 1291 1439 1822 
1286 1553 1350 1864 1118 1498 1493 1173 1801 1454 
1287 1639 1067 1552 1647 1764 1883 1234 1327 1604 1726 1488 1157 1680 1056 954 1721 972 
1288 1659 1515 1820 1690 1427 1157 1305 1802 1476 1829 1280 1319 1615 1815 1767 1794 629 1656 974 1607 
1289 1115 1266 1322 1298 1801 1109 1348 1851 1831 931 1217 1519 1445 1301 926 980 1546 1149 1674 1845 1677 
1290 1642 1687 1565 1302 1241 1337 987 1829 1743 1511 1842 1019 1906 1301 1824 1815 942 1480 1297 1698 
1291 1057 1697 923 1592 1238 1130 1531 1747 1519 1436 955 1275 1893 1129 1481 1628 1460 
1292 1245 1190 900 935 1339 1163 1762 1031 912 1627 1212 931 1625 1199 
1293 1833 956 1806 1330 1130 1590 1655 947 1012 1577 1035 
1294 1856 989 1158 1738 1357 
1295 
1296 1346 1150 1014 1656 1455 1055 1356 
1297 1254 
1298 1649 1791 1256 1355 1300 1510 1184 1670 1138 1740 1341 1663 1057 1294 898 
1299 1014 1577 1677 1087 980 
1300 1372 1277 1405 1716 1864 1332 899 1855 1265 
1301 1811 
1302 1306 1866 1550 1607 1571 1822 1483 1178 953 1112 1018 1461 1429 1640 1734 1108 1321 1258 1868 1764 1451 1246 1380 1754 
1303 1341 1273 961 1115 
1304 1004 1189 1576 
1305 1327 1512 1530 938 1503 1144 1639 1082 1045 1193 1301 997 1650 1430 1165 1724 1133 1675 1736 985 1591 1204 1801 983 1694 1840 1762 1712 
1306 1812 1742 1208 1331 1702 1451 
1307 1344 1789 1005 1427 1754 1189 1246 1090 1720 
1308 1385 919 1708 1300 1102 1128 
1309 1328 1184 943 1341 1198 1465 
1310 1483 1168 1809 1621 987 353 1418 
1311 1091 1237 1214 952 1032 1745 1827 
1312 1427 1436 1161 1774 1048 428 1097 1441 1149 994 1052 976 1081 
1313 1177 1830 1038 938 1695 908 1639 1470 960 
1314 428 1372 1687 
1315 985 1067 1577 1773 1425 1170 1866 
1316 1084 1889 
1317 1221 1018 
1318 1435 1146 1101 933 1512 1309 1791 1545 
1319 1459 1582 1739 1478 1759 
1320 1038 1271 1649 1173 1008 1085 1160 964 927 
1321 1584 1251 1083 
1322 1324 1233 1885 1508 1307 1752 1133 1568 1076 1457 920 1701 1625 1751 
1323 1254 651 932 1157 1565 991 1336 945 950 1031 1481 1092 1857 1515 1904 1526 936 1300 1686 
1324 944 1005 1624 1800 1554 1606 1130 
1325 1523 1846 1177 1290 
1326 1588 
1327 1218 1261 1258 1823 1215 526 1343 1348 1859 1731 1697 1494 1109 
1328 
1329 979 1699 1413 1826 1898 1022 960 1281 1619 1887 1785 606 1274 1748 1099 1508 1575 1468 1020 1292 1188 1310 
1330 1445 1600 1381 1229 1316 1909 1023 376 1013 1406 1762 1362 1227 1228 1059 1721 1042 1291 1582 1455 1182 1543 1866 
1331 1131 1854 1796 1413 1857 1082 929 902 1050 956 1690 1724 1411 1621 1817 1606 1705 1524 1291 1054 1208 1419 938 1819 1813 1732 954 1695 1627 1008 1550 1223 
1332 1167 1651 1749 1393 1050 
1333 376 1067 1741 1191 1507 1682 1565 
1334 898 941 1300 1880 1345 1626 1644 1472 1577 1623 1157 1457 939 1113 1796 1747 1720 1214 999 1671 1067 
1335 1203 1411 1435 1423 1696 1773 1007 1325 958 1422 1798 982 943 1294 1469 1803 1359 1182 1788 960 1442 1876 1904 629 1337 
1336 1840 1583 1718 1069 1701 1792 1112 1607 1155 1680 1085 
1337 1646 1638 1004 942 1141 1330 
1338 1635 1592 1283 1023 1424 1555 1587 629 596 1383 1639 1362 1072 1579 1765 1901 1500 1316 1414 1013 916 1328 
1339 1697 1014 1596 1407 1097 1692 1460 1400 1405 980 1786 1035 1425 1533 1565 1034 1373 414 1864 1143 
1340 1004 1690 1421 1126 1619 1747 1117 1878 366 1268 982 1061 1346 
1341 1595 1696 1850 1695 1866 916 1573 1398 1357 1197 1855 1364 971 1599 923 1073 1174 1418 1410 942 1246 1507 1851 1339 1453 
1342 1582 1281 
1343 1631 1529 1559 1626 1521 596 1880 1426 
1344 1245 1542 1190 1322 1497 1611 651 1841 1836 910 1189 1762 1874 1052 1582 1261 1456 1363 1854 376 
1345 1053 1524 1253 1260 1563 1848 920 1339 1250 1034 1676 1822 1234 1283 1146 1721 1853 1474 1197 1646 1687 966 1731 1037 
1346 1263 
1347 1258 1704 1191 1592 1052 1563 1768 1604 1360 1697 1840 1061 1349 1073 1319 912 1189 931 1155 1766 1816 
1348 1148 1014 1344 1058 1645 1368 171 1358 1777 
1349 956 1137 1120 1417 1318 
1350 1224 1508 1457 1726 
1351 1720 921 938 1258 1353 1278 1805 1402 1538 1529 1271 1734 
1352 1315 1036 1418 1654 1727 1674 1532 1904 1615 1043 1789 1140 958 1483 1129 1333 998 1103 1555 1798 1037 1582 1624 979 904 1225 1214 1430 1063 1174 1651 941 1215 1672 1281 1496 1313 1474 1815 1726 1658 1901 1378 1055 1303 1115 1286 1088 1002 1018 
1353 
1354 1761 1898 
1355 1694 1356 1813 1680 1015 
1356 1878 1253 966 1399 1199 
1357 1519 1384 1327 1324 1074 1825 1189 
1358 1311 1828 1465 1218 1492 1389 1176 1333 932 1688 1658 1601 1831 
1359 1899 1506 992 974 1503 1275 1852 1346 980 1851 1197 1297 1630 1856 996 
1360 967 1010 1761 1782 1333 1115 1740 1600 1011 
1361 948 1243 1454 1155 1664 1389 1412 538 1853 1686 926 1861 1628 1848 1426 1264 1434 1048 1195 1739 1165 1592 1212 989 1027 1373 1677 
1362 
1363 1740 1839 947 
1364 1117 1129 919 
1365 1550 1629 1512 1288 1463 1453 1628 1400 1369 1307 1665 1110 1190 1547 1680 1622 
1366 1439 1654 1023 1510 1059 1298 1465 
1367 1529 1860 1094 1418 1898 414 1615 1368 1593 1838 1348 1559 1039 1722 1429 976 1033 1109 1854 939 641 1382 1117 1067 1676 1136 1590 1908 1281 915 1359 1478 1010 
1368 1001 1172 
1369 1242 1200 1041 1155 1437 1429 1371 1218 1802 475 
1370 1182 1523 1666 526 1069 1887 1692 1623 1035 1397 1659 1548 1563 1213 1175 1613 1782 1344 1028 1880 1050 
1371 1385 1656 1127 1707 1424 1035 1695 389 1132 1125 1594 1090 1604 
1372 1524 1109 
1373 1005 1110 1133 1192 1662 1456 1412 1768 1419 1813 
1374 1112 1802 1210 1325 902 1220 1157 
1375 929 1372 1239 1387 1652 1558 1628 1303 1861 1638 1471 1586 1898 961 
1376 1439 1853 1909 1690 1430 1313 1543 1359 1507 1400 1347 1178 1779 1116 1254 1845 1093 1300 1770 1392 1751 1899 1216 348 970 1910 1680 1339 1630 909 1569 1408 1544 1668 1112 1117 1218 1324 1201 1534 1100 1478 1767 
1377 1579 1015 1073 1007 1282 1719 1558 1378 1865 1118 1067 1838 1163 1374 1751 1181 1571 1137 1425 1572 1848 1017 1533 1673 1395 992 1412 1593 1343 1227 1696 1456 1894 1496 353 
1378 1186 1194 1417 1348 1246 1841 1802 1136 989 
1379 1687 926 1155 1504 1233 1889 1802 1846 1089 1407 948 
1380 1122 1538 1217 1104 1227 1384 1903 1150 962 976 1791 1438 1316 1173 1567 526 1792 1051 
1381 1218 1281 1888 1504 
1382 1885 1312 990 1551 1107 1504 1182 1792 
1383 1503 
1384 601 
1385 1848 1706 1832 1456 
1387 1721 1781 
1388 1438 1003 975 1239 1445 1337 1515 999 942 1697 1012 966 907 1468 1142 983 1009 1767 1052 
1389 1130 1157 1056 1307 1260 1707 1490 
1390 1705 1578 1010 1315 1181 1164 1532 1364 1850 1276 1848 1401 1093 904 1783 1527 1213 1071 1802 1706 1408 1700 1080 979 1039 1113 935 1810 1063 1338 1825 1852 1026 1425 1441 1025 1841 1069 
1391 924 1496 1523 1394 1666 1333 1895 1641 1082 1644 1002 1897 363 1878 1763 1790 1373 1902 1744 1374 1495 637 1564 989 629 1432 1241 1808 1553 1094 1502 1196 1038 1850 1247 1510 
1392 1552 1035 1102 1625 1107 1845 1502 1419 1054 1525 1725 
1393 1024 1012 1563 1479 1198 1380 1670 1372 1033 1193 1416 1556 1011 1208 1085 1575 1190 1408 
1394 
1395 
1396 1405 1675 1415 1767 1275 1055 1850 1180 1701 
1397 1594 994 1212 
1398 1784 1388 1663 1737 943 1333 903 1694 1433 
1399 1692 1154 1071 923 970 1451 1680 1142 1882 1389 944 972 1675 1656 1709 1900 1405 935 1170 1476 1413 1593 1120 1572 1539 901 1233 1753 1748 1406 
1400 899 1038 1569 1408 
1401 1134 1799 1214 
1402 1591 1846 1224 1439 1393 1446 1235 1198 1335 986 1450 928 1017 1653 1432 1372 
1403 987 1222 1021 
1404 1750 1597 1627 1590 1759 1900 1806 
1405 970 1718 1441 1047 1517 1844 1814 1068 1257 563 
1406 1910 1909 1627 985 366 1563 925 1128 
1407 1764 956 1355 1587 1295 1461 946 897 
1408 1438 1081 649 1679 1204 1757 
1409 1657 923 389 1060 1545 1342 1638 976 966 1432 1668 1810 1000 937 1562 1265 1013 1554 1884 1057 1713 420 1043 1692 1229 1155 
1410 1077 1469 1337 1189 1604 
1411 1276 
1412 920 1644 1513 
1413 1088 1355 1117 1071 1780 1755 1154 1024 1883 1050 1872 1467 1351 
1414 1656 
1415 1859 1786 1704 1539 1522 1572 1355 1846 1243 1494 
1416 366 1720 1486 1172 1149 1159 1548 1106 1792 1875 1292 1402 1884 1124 1396 1808 1909 1117 1672 1169 1378 931 1047 1253 1542 
1417 915 
1418 1749 1605 1783 1036 
1419 1621 1814 1562 1908 1467 922 
1420 1283 1220 904 1240 1236 1906 1024 1462 1727 1664 1876 1018 929 1861 1095 975 1890 1865 1022 1418 1620 1592 
1421 1716 961 
1422 348 
1423 1285 1328 1249 1155 1900 959 1256 953 1817 
1424 1644 1433 1549 1178 940 1906 1371 1543 
1425 1445 1419 1175 1447 1879 1440 1850 1065 
1426 1827 1537 1328 1123 1788 1380 1571 1802 1863 950 1679 1274 1024 1069 
1427 1179 629 1416 917 1401 1527 1541 1686 1776 1678 1636 1183 
1428 1106 1826 1766 1270 1410 1668 1292 1574 1310 1620 
1429 1233 1671 1078 1289 1128 1769 1826 
1430 
1431 1528 1733 1201 1502 1523 1870 1595 1064 990 1841 1284 1375 1625 1109 1708 1569 950 1798 58 1854 955 1490 1294 1056 1749 1278 902 1579 1577 1249 1038 1766 991 1740 1394 1762 1400 1881 1504 1082 945 
1432 1095 1694 1799 348 1380 1890 1475 1162 1740 1892 1233 1035 1437 
1433 1603 1147 1228 1354 
1434 1364 348 1112 
1435 1084 1402 1419 1477 1385 1840 1424 1060 
1436 1200 941 1255 1522 
1437 1509 1316 1345 1599 1625 928 1673 1886 1190 1083 900 1435 1023 
1438 1302 475 1535 1194 1199 
1439 1487 913 1482 
1440 992 934 563 1278 1563 1824 1746 1435 1398 
1441 1694 1371 649 
1442 1284 
1443 938 
1444 1016 1900 1073 1136 1297 1795 1684 988 1685 926 1388 
1445 1249 
1446 601 1250 1728 1905 1720 1668 999 1000 1057 1788 
1447 1634 1759 1430 1798 941 1166 1555 1011 1909 1577 1633 1715 1621 1781 1757 1770 1129 1319 1194 1379 1558 1654 1429 1082 1384 
1448 1407 1528 1035 1839 1303 1242 1363 959 1827 1411 
1449 1754 1671 1520 1824 1259 1743 921 1203 1139 1465 1483 1767 938 1394 941 1365 1797 1225 1452 1234 1286 1445 1759 1265 
1450 1808 1592 1655 1049 1618 
1451 972 1029 913 1023 1537 926 
1452 1815 1650 1576 1633 58 
1453 1553 1144 1131 1660 1731 1695 
1454 1607 1214 949 902 1782 1839 1180 1857 1781 1093 
1455 
1456 1324 353 1289 1495 1140 1552 1808 1121 1259 1389 1353 1708 958 596 1574 1520 1786 1054 1168 348 1753 1844 1875 1076 1474 1356 1514 1675 1664 1393 1374 1818 1586 1468 1042 897 1406 1866 1066 
1457 1552 1290 998 1441 1214 1064 1865 1418 1006 1209 1539 1415 1639 1762 1139 1085 1588 1542 
1458 1115 1094 1799 1071 960 
1459 1205 1372 1653 1635 1454 1760 1546 923 1287 1496 926 1410 601 1445 1770 1048 1302 1663 1166 1078 1244 1330 1630 951 1619 1610 1545 1639 
1460 1884 1191 
1461 
1462 1311 1875 1180 1242 949 1287 1561 1741 933 1303 1491 1162 414 1003 1519 1249 1241 1034 1147 1151 999 1223 
1463 1144 
1464 1250 1191 1462 1036 1128 1148 
1465 1188 1305 
1467 1033 1574 0 1549 1569 1882 1432 924 1629 1535 1133 1899 1702 1526 1342 1857 1089 1285 1803 1634 1049 1277 1227 606 1426 484 1493 1608 
1468 1432 1593 932 1305 1194 1144 923 1521 1670 1725 1831 1899 
1469 1453 1724 538 1055 1061 1323 1403 1669 1595 
1470 1184 1558 1086 1618 1355 1144 1028 1822 1853 1461 1877 1716 913 
1471 1544 1148 1129 969 1186 1410 1594 1673 1790 1446 1518 1813 915 1383 1905 1651 1402 1328 1872 1820 1021 1422 1676 1167 1029 1881 929 1646 1279 
1472 1099 1646 1816 980 1034 1199 1607 1539 1238 1899 1769 1449 1556 1693 1266 
1473 1815 937 1354 1855 1452 1453 1567 942 
1474 
1475 1570 1106 1604 972 1343 1574 990 1037 1092 1474 1758 917 1881 1771 904 
1476 1843 
1477 1315 1439 
1478 1377 1617 1230 1722 
1479 1756 1212 475 1869 1702 1000 1749 1687 1389 905 1633 1657 1557 1410 1026 1343 1197 1883 1779 1476 1467 1536 
1480 1315 1364 1694 1713 1127 1710 1009 1174 1679 1236 940 1818 1633 1609 1794 1010 1037 1233 
1481 1087 1715 1189 
1482 949 1563 1467 1890 606 1868 1043 1035 1881 1685 1698 
1483 1094 1039 1682 1081 999 1239 1112 1202 1235 1563 1679 1042 1590 1504 1161 1250 1653 1290 1478 
1484 1827 1089 1520 1852 1551 1713 
1485 1165 1221 1422 1173 1781 1463 1875 1316 
1486 1282 
1487 1208 1773 1743 1251 1521 1179 1617 1256 1011 1635 
1488 1529 1795 1760 1213 1864 1666 1614 1032 1082 538 1852 1594 1065 1573 1311 1470 1075 1585 1393 1407 1120 1590 1544 
1489 637 902 1866 1437 1423 1111 
1490 1566 1652 
1491 1832 1775 1220 1044 1101 1439 1571 1598 1300 1725 1899 1733 1449 1844 973 1436 1553 1103 1583 1068 1209 1071 1866 1241 1374 1303 1227 1167 
1492 1151 1523 1869 
1493 1434 1489 1138 1749 1236 
1494 1830 1654 1715 1172 1197 
1495 1726 1694 1558 1295 1724 1058 1731 1746 898 1504 1689 993 538 1322 
1496 1248 1492 1349 1247 1350 1258 1558 1838 1791 1627 1543 1029 1610 
1497 1905 978 1360 1432 1752 
1498 
1499 1506 1266 1260 
1500 1590 1178 1360 1680 922 
1501 1820 1592 1336 1092 
1502 1036 1186 1261 986 1538 1187 1069 1872 1046 1002 
1503 1427 1838 1450 940 
1504 1636 1319 1079 985 1869 1587 983 1196 1750 1105 1701 1378 1522 1170 1656 
1505 1180 1524 1494 1559 1070 1713 1572 
1506 
1507 1522 1064 1242 1895 1634 
1508 1182 1496 897 1843 1444 
1509 1275 1164 1105 1900 1292 1372 1271 1806 1346 1779 1252 930 1422 1044 901 1796 1315 1572 1906 1579 1294 1365 1564 1754 1139 1887 1030 1249 1356 1196 1333 1043 
1510 
1511 1315 1294 1586 1035 348 1839 933 
1512 1383 1462 1213 1451 1427 1442 
1513 1897 1109 1221 1224 1556 1823 1192 1423 915 984 1156 1149 
1514 1593 1013 949 1368 1041 
1515 1487 1651 1443 1419 1129 1326 1525 1320 1388 1100 1053 1050 1407 
1516 1294 1415 1246 1152 981 1280 1677 1594 1628 1174 1095 1310 1531 1258 955 1238 1463 1195 1728 1558 1884 1659 1633 1437 1494 
1517 993 1549 1438 1617 1075 1892 
1518 1643 1827 1088 
1519 1782 1236 1661 1907 1358 1587 1684 915 
1520 1086 1275 1599 1091 1771 1084 1297 1851 1046 1055 1627 1369 1413 1796 1783 1397 1847 1897 928 986 1332 957 1045 1088 1132 968 1379 
1521 1415 
1522 1829 975 1820 1629 1832 914 1030 1158 1427 905 938 1155 957 1636 904 1140 1015 1150 1196 933 1496 1342 1065 1021 1133 1611 1176 1644 
1523 1067 1303 1452 1858 1664 1021 1882 1133 924 1081 1053 1333 1565 1406 1905 1851 1531 1814 
1524 1183 1240 1901 1374 1564 1415 1639 
1525 1769 1011 1518 1731 1276 1821 1364 1818 
1526 1503 1537 
1527 1419 
1528 1905 1193 1651 1009 1137 1551 1659 1795 1756 
1529 1467 937 1074 1701 1427 1584 1261 1216 1878 1121 
1530 1479 1803 1071 932 1192 1494 1534 1190 1240 959 1470 1591 992 1687 1621 955 1383 1723 1814 1830 972 1406 1869 1177 
1531 1647 1212 1551 420 1174 
1532 972 1001 1686 933 1020 1215 1210 1212 
1533 1563 1276 1155 1298 1108 1379 1049 1709 
1534 1908 1546 1667 
1535 1795 1225 1254 1461 1331 1451 1597 1314 1018 1041 1736 1372 1710 1157 1004 1905 
1536 1384 1044 1105 910 1470 952 1846 1900 1339 1077 1609 1561 
1537 1503 1548 1794 989 
1538 1678 1030 1294 651 1784 1086 1249 1448 1884 1357 908 993 1059 1155 1381 
1539 1270 1045 1760 1124 1123 1318 927 930 1084 1213 1449 1098 938 1794 896 954 1309 1224 1129 1565 1805 
1540 1014 1576 1307 1756 1239 1545 1511 1302 1035 1104 1332 1464 
1541 991 1725 925 1485 1400 1868 1729 
1542 975 1105 1504 1694 1465 1724 1395 
1543 1409 1557 
1544 1831 
1545 366 1584 1846 1815 526 981 414 1398 1188 1467 
1546 1605 
1547 1483 956 938 1259 1071 1018 1448 1658 1273 1595 1557 1371 1127 1861 1749 1446 1416 1270 1733 1276 
1548 1621 1230 972 1177 1341 1210 
1549 1271 1005 1770 1782 1720 1598 1558 1002 
1550 1685 1793 637 1070 1410 1248 1725 1741 1870 
1551 1524 1848 1741 1427 1478 363 1356 1642 1557 937 1185 1163 1492 1178 1187 1139 641 1113 1571 1794 1792 1275 1248 1677 1263 964 1456 1270 1504 982 1102 1909 1788 1577 1507 
1552 
1553 1388 1047 1655 1055 1422 1358 1679 
1554 1262 1677 1232 1023 924 1758 420 936 1747 955 1044 1265 1474 987 1027 1407 1085 1207 1821 1356 1667 1389 1668 1588 1303 1664 1321 1656 1761 1838 1217 1900 
1555 1293 947 1185 1654 
1556 1866 908 1637 1752 1213 1813 1134 
1557 1765 1464 1590 928 1385 1639 1114 1854 1790 1268 1266 389 1461 1306 1647 1384 1102 1437 1373 1592 1694 1042 1415 1583 1220 601 
1558 1688 
1559 1828 1215 1296 483 1832 981 1591 1698 1232 972 922 1021 1863 1203 1831 1524 1219 1102 1836 1765 1749 1545 942 1436 1221 985 1788 1152 1180 1709 1396 1252 984 1738 637 1713 1319 1686 1113 987 1145 897 1667 1198 986 
1561 1730 1627 1318 1879 
1562 1830 1074 1421 
1563 903 1455 1425 1856 1447 1712 1870 1071 1131 1895 1640 1900 1251 998 1825 1750 1678 1227 1460 1188 0 1225 1157 1850 
1564 1817 
1565 1039 1255 1539 1176 1265 1784 1183 
1566 1713 1532 1075 1157 1105 
1567 1531 999 1675 1540 1635 1192 943 1765 1797 1532 
1568 1251 1862 978 1100 1456 1510 1260 
1569 1202 1189 899 1086 1145 959 1553 1387 1370 1608 1441 1068 
1570 1395 1505 1423 1340 1557 1005 1262 1212 1826 916 1368 1251 1103 1806 1901 1314 1844 1887 1275 1868 1468 1687 938 1362 1847 1588 1805 1234 
1571 1171 1583 1593 1075 1282 963 1213 1481 1569 1566 
1572 1481 1602 1157 1796 897 983 1538 1505 1859 1618 1907 
1573 1103 1761 1092 1666 1492 1352 1799 987 1090 1394 1659 1481 1533 1137 1788 1286 
1574 1404 1666 974 1199 1092 1808 1329 1881 1454 
1575 1259 1281 
1576 901 1359 1601 1630 1597 1382 1216 1638 1075 1149 1093 1437 1777 1513 
1577 1542 1094 1905 962 
1578 1620 1839 1246 
1579 1361 
1580 978 1894 1788 1905 1799 1908 1152 1357 1609 651 1891 1850 1233 1363 483 1037 
1582 934 629 1576 1772 1250 1669 1456 1074 
1583 1075 596 1266 1748 1451 1485 1681 1022 414 1474 1559 1608 1788 1220 1366 927 1212 1441 1402 943 1675 1736 1165 1558 1690 940 1385 1157 
1584 1035 1525 1476 1854 1014 1294 1828 1434 1419 641 1234 1512 1325 1910 1084 1071 1527 1323 1754 1252 1870 1616 1691 897 1364 1593 1411 1090 942 1138 1009 1882 1779 1644 1404 1782 1448 1189 1106 1495 475 1787 1792 1479 
1585 1561 1556 1165 
1586 1007 
1587 1684 1065 1433 1795 1311 1503 1029 1646 1053 1633 
1588 1670 1752 1507 1433 580 1283 
1589 1454 1510 1009 1674 1706 926 1324 1218 1838 1561 1066 1401 1137 975 1327 1788 1876 1569 1894 1227 1002 1787 1378 1692 1300 1193 1363 1196 1225 1792 1635 1758 1789 897 1470 601 1826 962 
1590 1451 1680 919 1688 1219 1748 1046 1604 1517 1085 1508 1673 1169 1875 1027 1911 1426 1487 1671 
1591 1330 1592 1815 1465 932 1674 1666 517 1892 963 1348 1474 1774 1588 1099 964 1477 1200 1107 
1592 1127 933 1065 1464 1162 
1593 1185 1170 1616 1236 1831 1726 
1594 1836 981 1321 1480 1492 1330 
1595 1365 1088 923 1445 1171 1712 1086 
1596 987 1770 1720 916 1666 1652 1193 1543 1118 1897 1185 1678 1093 
1597 1125 353 1742 1424 1635 1578 981 1303 966 988 1173 1682 171 1712 1829 1409 363 1808 1240 913 1223 1760 
1598 1780 1536 1025 1262 1359 1634 1128 919 1766 1081 979 1847 1468 1361 1533 1775 1041 1263 1002 1290 1611 1548 1583 902 1011 376 937 1686 
1599 1828 
1600 1333 924 1193 914 1307 1690 1528 1842 1488 1681 1576 1615 428 1163 1821 1456 1812 1682 1639 997 376 929 
1601 1192 1253 1058 1258 
1602 1128 
1603 1616 1091 1383 1050 935 1695 1776 1351 1224 986 1756 1109 1375 1453 1853 976 1564 1197 1265 1254 1100 1113 1606 
1604 1694 1417 1167 1758 1796 1553 1838 1226 928 1194 981 1016 1327 1076 651 1546 1737 1783 1450 1638 1363 1113 1203 1218 1873 1828 
1605 1514 1234 1210 1412 1796 1020 1263 1326 1658 976 1515 1717 952 1704 1365 990 
1606 1310 475 982 1326 1169 
1607 1347 
1608 1344 1541 606 1068 1679 1403 1168 996 1461 1404 1239 913 1899 1028 950 1372 1504 1396 1179 1900 1156 1006 1825 1691 1094 
1609 1728 1196 929 1645 1361 1689 1690 1002 1720 1123 1478 1372 1332 1277 1832 1037 940 915 1788 1074 1684 
1610 1042 1482 1747 1189 1787 1248 1066 1901 1486 1254 1636 913 1268 1166 1749 1111 1859 1638 1791 1877 1011 1776 1518 1606 1595 1695 1072 1654 1139 1430 1375 1435 1090 1003 1065 1392 1129 
1611 1676 1175 1665 1375 1530 944 1488 1514 1367 1373 
1612 943 1394 1671 1594 1127 942 1731 1066 1304 1568 1189 1444 1574 1844 1760 1160 1596 1850 1636 910 1576 926 1598 923 1645 1567 1273 964 1322 1910 1022 1832 1166 1455 1696 1505 1464 1496 1781 1566 
1613 1493 1708 1207 1874 1477 1036 1904 1691 1075 1825 1438 1693 1490 1839 1134 1355 936 1263 1327 1666 1539 1726 924 1283 1060 1007 1345 1740 1727 1519 1260 1342 1092 
1614 1425 1472 1513 1647 1424 1500 1572 988 1662 1403 1444 1343 896 1660 389 1319 1756 1170 1703 1603 1183 
1615 1300 1088 933 1869 
1616 1170 1476 901 988 1056 1854 420 1175 1787 
1617 1848 1137 1807 1224 1095 986 1773 1164 1737 1280 978 1528 1124 1494 1295 1450 649 1172 1120 1619 1821 
1618 1900 1125 483 1280 1291 1643 1313 1262 
1619 1473 1731 1305 1635 1148 1467 1566 1903 1743 1831 1789 1147 1218 1396 1411 1054 995 1189 994 1356 1837 1343 1231 
1620 1674 1115 996 1275 1775 1124 1496 1430 1272 1438 1579 1247 1063 1595 1219 475 1752 1299 1614 1510 1351 1410 1223 1312 1767 1114 
1621 1143 914 1423 1411 981 920 1760 1517 1501 1822 958 1475 902 1080 898 1653 1110 1911 1071 1780 1440 1499 1359 931 1470 1837 1497 1821 1154 1656 1680 1064 1845 1203 1374 1530 1747 1379 899 1636 1458 
1622 931 1093 944 1558 1159 965 1421 1422 1461 949 1841 1243 1177 1087 1576 366 1152 951 957 1266 1013 1451 1602 1007 1311 1198 1740 1507 1022 1429 1463 1820 905 1702 
1623 1069 1404 1869 1088 538 1852 1769 1419 1815 1464 1074 1248 1109 1687 1275 1500 1092 1442 1140 1346 
1624 1708 1603 1024 1210 903 1101 901 
1625 1315 1178 1001 1755 1093 1200 1245 1882 
1626 958 1861 1648 1515 1357 629 924 1685 1132 
1627 1157 
1628 1364 1353 925 1339 1349 526 1127 1529 1272 1268 1081 1871 1537 1296 1745 1540 
1629 1191 
1630 1846 1200 982 1722 1682 1656 1314 1559 1360 1248 1420 1402 1205 1768 1054 
1631 1839 
1632 1442 1091 1530 1661 1706 1566 1225 930 649 1502 948 483 1404 1090 1485 1503 
1633 1110 171 
1634 992 1276 1886 
1635 1051 1251 1615 1010 1027 1107 1168 1308 1685 1885 
1636 1366 641 910 1749 1305 1551 907 1180 1356 1020 1719 1343 1828 1630 
1637 1573 1753 1881 1504 1396 389 1086 1132 1340 1260 1098 937 1556 1831 1351 1125 1203 1521 1743 1725 1347 
1638 1576 1295 1452 1076 938 1749 1459 1542 1353 
1639 1738 1310 366 1652 1053 1799 1459 1731 1344 1308 1528 649 1426 1305 
1640 1057 
1641 1734 1144 
1642 1888 1655 1774 
1643 1082 1501 1426 1488 171 1180 1327 1689 1708 1073 1237 1741 1061 1625 
1644 1561 1412 1854 972 1417 1222 900 1182 1130 1040 1690 1044 
1645 1547 1058 1583 1102 1133 1861 1195 1713 1157 1319 1109 1285 1709 986 910 964 
1646 1262 1435 
1647 1330 1538 1311 1193 1412 1614 1414 1110 1419 
1648 1354 1908 1735 1018 1835 1298 1471 1449 
1649 1277 1720 1116 1544 1161 1673 1138 
1650 1428 
1651 
1652 1843 1365 1383 1279 1822 1628 988 1545 1526 1577 1313 1700 993 1112 1775 1277 1196 1071 
1653 1794 1018 1235 1764 1008 1368 1433 1469 1448 1639 1765 1854 1518 962 1588 1251 1520 1575 
1654 
1655 1570 1754 1564 938 1579 1458 
1656 1586 1196 1263 1478 1801 
1657 1259 
1658 1245 1688 
1659 1654 1567 1221 1549 1487 1604 973 1379 1063 1207 1792 1014 1566 1474 1699 1806 
1660 1208 1282 1861 
1661 920 909 1843 348 1219 1044 1536 1041 1145 1691 1293 1645 1056 1491 1900 1042 1909 1205 
1662 601 428 1011 637 1506 1382 1586 934 1334 950 1593 1384 1687 1565 1031 1596 1356 
1663 924 1192 1063 1408 1658 1762 1662 1148 1543 1634 1567 1904 1279 1840 1077 1857 1313 1067 1141 1705 1068 563 1908 1680 1364 1062 964 1860 1710 1493 1771 936 1611 1273 905 998 1174 1484 1507 1645 1769 1760 1716 1317 1841 935 484 1253 1764 1690 
1664 1071 1185 
1665 990 924 1131 1641 1627 1616 1023 1655 1344 1444 1583 1590 1891 538 1025 1336 1305 1177 
1666 1322 1426 1530 
1667 929 1481 1904 1669 
1668 1432 1228 1853 1904 1669 1585 1181 1440 1742 1073 1368 1027 1215 1137 1626 1053 1661 1105 1429 1331 1424 1198 994 1380 
1669 1224 1638 1531 1400 1152 1111 982 1109 1667 1428 1480 1268 936 1040 1627 1404 1368 900 1340 1894 1776 1350 1770 1112 1305 1860 
1670 1003 1448 1879 1869 1561 
1671 1245 1182 1430 1764 1216 1530 1499 
1672 1503 1745 1366 1515 
1673 1275 1413 0 
1674 1320 1308 
1675 1316 1171 1262 1886 1575 964 959 1513 1626 1642 1121 1168 1305 1472 1585 1533 955 1042 1676 1419 938 58 
1676 1796 
1677 1026 1165 1704 1784 1264 1761 1232 
1678 1345 1443 1906 1011 
1679 1865 1102 1816 
1680 1007 1830 1047 1339 1707 1126 1883 1346 1069 942 
1681 1430 963 1078 1134 1603 
1682 902 1151 1862 1203 944 1226 
1683 1521 1175 1093 1494 1436 1855 1411 1825 1094 1467 976 1405 1599 1667 1744 1219 1723 1385 1150 1114 1782 1125 982 1636 1330 
1684 1422 1226 
1685 1820 946 1005 1545 1277 1434 900 1392 1864 1414 1846 1794 1643 
1686 414 1079 1489 1429 1231 1843 1889 
1687 1584 1181 1811 1471 1491 1886 
1688 1175 428 1202 1660 1865 1035 1309 1758 1617 1146 420 1064 1671 1685 1843 1426 1629 1346 1157 
1689 1755 1561 1604 1333 1711 1235 990 1658 1518 1351 916 1345 1323 1066 1155 979 1257 1268 1769 1083 1245 1314 1309 1434 1192 1490 
1690 
1691 1852 1118 1801 1367 1771 1671 1037 1568 1030 1397 606 1613 1207 
1692 1904 1004 1771 1292 1651 1697 1773 971 996 908 1395 1455 
1693 1381 1402 
1694 1145 1525 908 1839 
1695 1644 926 1302 1545 1692 1069 1649 1712 1862 1797 
1696 526 1333 
1697 1348 
1698 1192 414 1367 1204 1420 
1699 1748 1287 919 1440 1623 1068 1281 1170 
1700 1505 956 
1701 1712 
1702 1827 1733 1409 1356 629 1255 1710 1621 904 1771 1113 
1703 1033 1325 1628 1479 1530 1315 1350 1642 1579 1744 1061 1492 1764 979 1575 
1704 1331 1353 1384 1153 
1705 1595 910 920 1693 
1706 1688 1303 1909 1186 1867 949 1159 1710 
1707 1407 1536 898 1169 1777 1162 1360 1237 1363 1579 1337 962 1699 1876 991 1462 1063 1442 1217 1208 1157 1739 1773 1505 1279 930 932 1478 1716 
1708 1791 1566 1212 
1709 1210 1082 1786 1565 1452 1689 1527 985 954 1541 1377 
1710 908 1809 
1711 1797 
1712 601 1554 1188 1752 1740 1057 1154 1018 1363 1451 1693 1022 1578 1890 1366 1387 
1713 
1714 389 1109 1811 937 1266 1680 1569 1764 1744 563 1642 1268 1123 1254 1861 1342 1566 1177 1803 1830 1011 1552 1105 1005 996 1865 1503 961 1069 927 1586 1397 1710 1671 1358 1787 1738 1264 1519 
1715 1302 1112 1337 1580 1876 1115 1447 1909 1533 1617 907 1529 1304 1537 
1716 944 1819 1212 1467 1449 1894 1116 1878 1629 1558 1823 1633 1656 1108 1725 
1717 1597 1335 1208 1468 1511 1681 1838 1550 1693 1210 1494 1073 1124 1518 1775 1243 994 1329 526 998 1145 1531 1292 1481 1472 1630 1692 
1718 1488 1306 1076 1735 1611 1692 1744 1205 927 
1719 1253 963 1867 1852 1287 1276 1868 
1720 1673 1019 1414 1482 1362 1187 1845 1219 1856 991 
1721 1263 960 962 1109 1533 1636 1330 1286 1177 1787 1373 1587 1793 1101 1436 1723 1706 1130 1731 1190 1015 1483 954 1236 
1722 956 1107 1334 1410 964 1337 1641 1382 937 1753 1787 1109 1201 
1723 909 1569 937 1633 1014 1495 1138 1302 1691 1603 1670 1473 959 1315 1910 1410 1242 
1724 1645 1564 1074 1187 1818 1286 979 366 992 1780 
1725 901 1523 651 1220 1029 1401 1039 1038 1237 1621 1826 
1726 1335 1854 601 
1727 1335 909 1356 1903 
1728 1452 1168 1771 1547 1641 1891 1492 940 1682 
1729 1120 1889 1400 1070 1772 1609 1685 475 428 1833 913 1315 1245 1147 1301 1780 947 1234 
1730 1196 1905 924 580 1602 1493 1758 1630 1780 1400 1724 1200 1371 988 1226 1066 1236 1458 1318 1667 1596 1497 994 985 1618 1829 1904 1533 977 1486 1337 1091 1104 1189 1383 1452 1550 
1731 
1732 1300 1311 1901 1265 1349 1042 976 1545 1248 1512 1641 1273 
1733 1120 927 1102 1882 1042 1586 1437 
1734 1120 1420 526 900 1272 1436 1415 1787 1739 1766 952 1335 941 944 
1735 1291 1379 1685 1440 1880 1495 1900 1396 1437 1139 1447 1492 1726 1418 1324 1518 1283 1294 
1736 1276 1053 1350 1196 1080 1728 1671 353 1841 1377 1561 1824 1457 1186 1419 1502 1843 1631 1348 1327 1347 1641 
1737 1813 1668 1526 1110 1285 1284 1177 923 1468 
1738 1326 1793 1373 1626 
1739 1459 1278 1614 928 
1740 1539 1813 1229 1393 1831 
1741 1647 1183 1740 1071 896 1187 1132 1068 1215 1690 1583 1503 1067 1633 596 1433 1486 1786 1662 
1742 1470 1265 1723 1329 1607 997 1217 1716 1756 1873 1021 1808 923 1702 566 
1743 1033 1137 1175 1273 1037 921 
1744 1143 1129 1296 961 1105 932 1594 
1745 1340 1343 1732 1716 960 1389 
1746 1300 1057 1702 1633 1655 1058 1908 1870 922 1465 1693 1498 1077 1136 1666 1458 1706 1336 1651 937 1836 1118 1771 1326 1511 1510 1251 1413 1292 908 951 1353 1790 1733 1814 914 1606 1704 1582 1056 1815 1073 1361 1015 1543 1785 1507 
1747 1209 1504 1172 
1748 1611 1656 
1749 1774 
1750 1124 1439 922 1232 1702 1592 1052 1686 1489 1288 1071 1744 1461 1777 641 1094 1437 1292 1820 962 1038 1805 1906 
1751 1698 1552 1890 1360 1583 1826 1201 1134 1417 974 
1752 1892 1030 1407 1092 1417 1468 1170 1162 961 1292 1719 1252 1293 1212 1120 1447 
1753 1880 1311 950 1306 1674 1114 1565 937 1178 938 971 1519 1569 1239 1421 649 1701 1262 1648 1628 1734 
1754 1275 1536 1731 1776 1465 1541 1703 1603 
1755 
1756 
1757 1758 1354 1418 977 1597 1606 1774 0 1118 1815 1139 930 1691 1213 1303 1181 1792 1052 1682 1627 1420 1445 1513 1842 1050 517 1062 1542 1570 1509 1700 
1758 1526 1826 1497 
1759 1011 1459 
1760 991 921 
1761 1134 1881 1772 1679 1548 1468 1626 1496 1309 1290 1790 1368 1177 996 1830 1861 1705 
1762 1214 
1763 1235 1534 1392 1736 1660 1457 
1764 1334 1405 
1765 1196 1440 376 483 1101 1701 1595 1825 1872 1711 1687 1382 1893 1874 1316 1838 
1766 903 1852 1369 1009 1434 1672 
1767 1118 1633 1012 
1768 1901 1507 1647 1841 1524 1353 1837 950 1227 1285 1272 1477 1316 929 1549 563 901 389 1742 1636 1550 1670 1776 1843 1558 1426 1807 1596 1057 1370 1362 1120 1880 1695 1764 1897 1309 1619 1349 1630 972 1324 1576 1856 
1769 1110 1648 1229 1321 1699 1401 
1770 1181 1652 1615 1043 1144 1055 475 1487 1451 1574 1368 1891 1169 1355 
1771 1861 1516 1351 1122 1359 934 1015 
1772 1363 1496 517 1865 1129 1546 1876 1776 1564 1144 1345 1387 1547 
1773 1294 1553 
1774 1527 420 1224 1125 917 1468 1086 903 
1775 
1776 1162 
1777 
1778 1546 1109 1541 1879 906 
1779 1598 1746 1401 1472 1053 
1780 1211 1064 
1781 1901 1360 1308 
1782 1694 1533 601 420 1260 1388 1532 1382 987 1517 1127 1258 1161 1557 
1783 1374 1069 1464 1635 1285 1217 1142 1429 1486 1286 1892 1023 484 1904 1013 915 1745 1641 1190 1523 1387 
1784 1055 1290 
1785 1587 1331 1058 1192 1735 
1786 1154 1522 1051 1146 1318 912 1541 1725 977 1065 1415 1450 1607 1101 1110 1368 1001 1875 1838 1033 1869 1187 1442 987 
1787 966 1881 1199 1848 1497 927 1668 1192 1321 1005 957 914 
1788 1233 
1789 1837 1528 1269 1495 1219 927 1197 1121 1785 1421 983 1887 1076 1753 1099 1699 1438 1127 
1790 1350 1871 1585 1691 1905 1282 1907 
1791 1032 1379 1011 1116 1273 1122 1871 1353 1073 1460 1869 1247 1165 1228 1816 996 1389 1847 1217 1795 1262 1815 1225 1796 1392 1192 1327 
1792 1008 
1793 1499 1406 1442 1425 1294 1695 1760 1052 1451 955 1896 1137 1459 901 1396 1805 1289 1493 1468 1907 1775 1659 1085 58 1729 1579 1600 1027 1567 1902 1541 1529 
1794 1828 952 1441 1090 526 1814 1751 1646 
1795 1240 1064 1141 1853 1332 1519 1382 983 1743 1168 1029 1672 1286 956 
1796 970 1695 1156 1856 1586 1699 1407 1809 1110 1021 1051 1315 922 1841 979 1331 1909 
1797 1106 
1798 1779 928 1603 1108 940 1223 1192 1635 
1799 1409 1793 1821 1598 1477 1705 1908 1036 1680 1453 1463 1024 1253 1910 1201 1891 1895 1115 1725 1588 1249 1322 930 1385 1452 1511 1739 942 1658 1894 
1800 1633 1008 921 1052 1575 1326 1502 1193 938 1586 1041 1170 1451 1479 1505 1500 1249 1817 1767 1650 1634 1281 1359 1726 1313 942 1469 1248 1487 1638 1231 973 932 983 1297 923 1035 1794 1009 1309 1176 1544 1171 990 936 994 1496 0 1285 1001 1548 1889 1774 1543 1276 1648 1759 1863 1051 1549 
1801 1464 1617 1874 1433 1147 1743 
1802 1849 1676 1271 1519 
1803 1678 896 1642 1289 
1804 1286 1808 1792 1639 1048 949 1458 1197 1159 1554 1836 1606 1674 1227 1446 1474 1798 363 1297 1025 972 1140 1733 1686 1457 1420 1375 1773 1035 563 1409 1825 1911 902 1865 1837 1283 1141 1601 1000 1497 1105 
1805 971 1646 1405 
1806 1805 1159 1546 1078 1089 1703 1312 1079 
1807 1401 1617 1771 1332 1385 1638 1576 1240 
1808 1538 1438 1454 
1809 1035 1090 1865 905 1697 1528 1453 1409 1173 526 1121 1739 1092 1637 1836 1252 1454 1182 915 1649 363 
1810 1794 1195 935 1227 1533 1151 1056 1768 987 1329 906 1680 107 1262 1561 1152 
1811 1341 1087 1431 1748 1509 1150 1715 1213 900 1652 1019 1569 
1812 1843 1684 1805 1670 1541 1242 1899 
1813 1869 1070 1618 1052 1067 1236 1779 969 929 1340 1008 1009 1015 1694 1195 1877 1894 1553 1187 1772 1237 1109 1103 1278 1824 1624 1855 1726 939 1606 1771 1296 1648 1847 1585 
1814 1626 
1815 1462 1364 924 1168 1668 1038 935 
1816 1552 1176 1523 1346 1842 1128 601 1489 1781 1691 1722 1725 1884 1411 1247 1020 1435 1667 1378 1430 
1817 1425 1176 
1818 1662 951 
1819 1693 1504 1808 1881 1271 1469 1443 1714 1366 1413 1023 1882 1851 1549 1474 
1820 1513 1319 1162 580 1228 1147 1561 1857 1308 994 1438 1637 1478 
1821 1094 926 1509 1885 
1822 1406 1098 1612 1836 
1823 1230 1774 1451 1523 1657 1623 959 1504 1567 1294 970 1169 1659 1817 1661 1788 1447 1591 363 
1824 1074 1878 1505 1043 1159 1554 1137 1365 1493 1142 
1825 1617 1071 1059 
1826 475 1353 1905 1756 1186 1236 1354 1532 1520 1385 1316 1336 1460 1366 
1827 1797 1586 1332 1450 1022 1272 1010 997 353 986 1634 1306 1906 1763 1889 1368 1371 1200 1878 1809 1445 1712 517 1640 994 990 1251 1815 1699 1851 1322 1582 1873 1259 1778 1008 1139 1820 1262 1478 1897 1543 1614 1792 
1828 1156 929 1486 1632 955 1604 1464 1322 171 1858 1330 1137 
1829 1190 1800 
1830 1898 941 1820 
1831 1078 1188 1759 1708 1337 1238 1532 
1832 1481 931 1332 1141 1544 
1833 1092 1798 1595 1448 1743 1528 58 1294 1765 965 1274 1085 1861 1304 1311 1081 1696 1210 1041 1544 1248 389 1609 1815 1493 1062 1727 1057 1515 972 1408 1428 1830 1264 1486 1772 1464 1037 1881 1692 1104 517 1407 1252 
1835 1546 1083 1876 1401 1521 1614 990 1049 1346 1825 1073 905 936 1085 1488 1225 898 954 1532 1733 1429 1063 1525 1561 1482 1216 1741 1698 1906 389 1487 962 1514 1120 1624 1686 1880 
1836 1790 1575 1167 1730 1036 1817 
1837 1001 1019 1334 1611 1469 
1838 
1839 1309 1893 1176 904 483 1550 1241 1269 1328 1052 1557 1137 998 1070 1325 986 1535 939 1423 1465 1110 1543 1322 945 1649 1375 1058 1168 
1840 1663 
1841 1102 1839 1870 1273 1136 1398 1612 1113 1019 1387 1552 1022 1214 1864 1270 1803 1452 1850 1179 
1842 1499 1292 526 1055 1223 1496 1021 1704 1801 1737 1351 1767 1249 1517 1661 1893 1284 1836 1326 1061 1652 1411 1812 
1843 1744 1550 909 1006 0 
1844 899 1239 995 1442 1360 1729 1161 1345 1041 1577 1832 
1845 1739 1905 1692 1139 1203 1679 1641 1696 1368 1533 1478 1682 1375 976 1559 915 1392 1577 
1846 1752 1278 942 1019 1773 1693 1605 1403 1907 1770 
1847 1196 1151 996 1694 1349 1315 
1848 1585 1194 1267 1257 1855 
1849 1379 1895 904 947 972 1623 1708 1722 1313 1395 967 1405 1319 1740 943 1484 1100 1362 1345 1634 1473 1529 1094 1709 1284 1258 1903 997 
1850 107 1058 1555 1259 1041 
1851 1139 1365 649 904 1840 1665 1291 1335 1402 1762 1436 948 
1852 922 1811 
1853 1768 1646 1710 
1854 
1855 1361 1681 
1856 
1857 1666 1690 1341 1371 1211 1643 1220 1831 651 947 1840 1195 1651 1116 1162 1570 1112 1823 1038 979 1548 
1858 1909 1383 1580 
1859 1588 1123 1673 952 1633 
1860 1021 1726 1319 1375 1886 1736 
1861 1571 1603 353 1670 1317 1088 1239 1323 1101 1313 1245 1512 1103 1354 1225 1543 1640 1453 1339 1454 910 
1862 566 1017 1595 1295 1564 1607 1237 1309 
1863 1148 901 1389 1782 1345 1751 1237 1565 1194 414 1869 
1864 1856 1520 1027 1296 1870 1546 1465 1127 990 1737 1141 1350 1129 1203 1686 1390 1067 1481 1140 
1865 
1866 1371 1392 1673 1080 
1867 1677 914 1235 1389 1282 1769 944 1326 1064 1909 1137 1704 1140 1042 919 1810 171 1676 1218 1055 1634 0 1512 1279 1109 641 
1868 1279 1018 1520 1026 1626 1306 1016 1407 1670 1690 1705 1106 1650 1828 649 923 1276 954 1764 1436 1050 1273 1366 348 363 977 1472 963 1677 1367 
1869 1867 1039 
1870 1825 1679 
1871 975 1625 1745 1147 1384 1218 1465 1507 1761 956 966 376 1636 1019 1861 1355 1036 
1872 1191 1598 1864 1575 1376 1858 1080 1097 1349 976 
1873 1818 1571 984 965 1753 1019 1134 1363 
1874 1898 1664 916 
1875 1805 997 1651 942 1302 
1876 972 1668 1430 1162 1378 1631 1488 
1877 1839 1322 1212 1338 1014 1072 1447 1190 967 1218 1530 
1878 1735 1732 1111 1202 1833 1413 
1879 901 1278 1815 1453 908 961 1886 1047 1304 1440 1717 1791 1129 1344 979 1111 914 1240 1068 1664 1706 
1880 1687 1462 1609 1456 1745 1606 641 1126 922 1485 
1881 484 1200 1420 1469 1322 1295 941 1404 932 1644 1262 
1882 1668 348 1474 1200 1244 1162 1538 921 1619 
1883 1165 1141 1219 1621 1391 1487 1199 
1884 1826 1055 1126 1892 1130 1008 
1885 1213 1168 
1886 1820 1570 1091 1567 1273 1879 1688 1127 1116 1421 1648 1229 1591 917 954 1141 1558 1169 1333 1320 1197 
1887 1318 1205 1566 
1888 1486 1511 1847 1489 1754 1744 649 566 1628 1404 1558 1771 1165 1385 1444 1249 1061 1110 1722 1651 376 1892 933 1043 1147 1167 1897 1499 1251 1005 1320 1012 1812 1030 1817 1803 1314 923 1738 1013 1064 1682 1726 1667 1313 1177 974 1002 1301 1533 1395 
1889 1401 1130 1115 1624 1502 1353 
1890 1404 965 
1891 1845 1693 1759 1677 1126 1251 1021 1394 916 1145 
1892 1201 1739 
1893 1334 1061 1760 948 1600 1250 1065 1142 1000 1129 1853 1491 1567 1649 1284 1416 1127 1695 1817 
1894 1534 990 1060 905 1201 1047 1858 1698 1138 1420 923 1571 1819 1275 
1895 1515 1115 914 1875 1361 1521 1110 
1896 957 1492 
1897 1779 1669 1655 1259 1102 1657 1032 
1898 1863 1459 1774 1573 1797 1516 1715 1873 1806 1640 366 1561 1780 1769 1054 1695 1082 1788 1883 1286 1118 
1899 1810 1390 1852 1768 1243 1282 1607 1157 1067 
1900 990 1797 1168 1437 1819 1511 1179 1840 
1901 1672 1189 1548 
1902 1076 960 1828 58 1872 1747 1894 1686 1656 1579 1871 905 538 1704 1084 1682 1052 1163 420 484 1343 1333 
1903 961 1085 1582 1161 
1904 1467 1121 1548 947 1411 1215 
1905 1518 1743 
1906 1141 1814 1858 1298 1748 1299 
1907 1150 1061 1303 1712 1194 1315 1613 
1908 1495 1285 1402 
1909 1123 1180 1659 1371 1484 1196 1277 1365 1269 
1910 1049 1806 1351 1630 1091 1891 1803 
1911 1884 1121 1725 1507 1446 1680 1745 
