512 383 416 505 
513 413 498 485 526 435 447 364 467 495 443 434 490 565 509 362 410 446 
514 466 421 357 356 399 498 469 553 521 382 480 396 519 543 413 349 375 
515 485 462 516 502 454 418 448 407 401 360 436 508 451 173 
516 529 533 514 428 447 
517 379 569 450 560 495 551 501 365 390 362 464 385 563 367 418 509 
518 507 359 398 408 493 517 
519 422 393 553 530 461 
520 494 481 499 554 509 503 435 407 468 
521 461 366 349 469 
522 523 198 
523 521 488 381 532 389 559 441 522 503 487 501 562 
524 425 369 429 358 480 555 509 556 
525 425 502 447 458 488 572 198 433 424 383 518 399 555 496 394 491 459 
526 505 502 453 543 487 549 
527 401 532 359 556 462 528 460 397 433 
528 380 372 489 
529 552 
530 
531 453 432 414 365 425 
532 542 
533 
534 
535 350 549 
536 515 430 498 453 
537 526 519 354 449 381 
538 453 393 521 447 377 396 507 359 469 
539 356 409 388 524 567 
540 441 
541 557 358 354 
542 379 383 505 482 367 549 543 536 399 502 356 390 173 
543 399 
544 533 555 429 416 551 464 552 501 476 424 361 423 519 357 455 
545 500 427 407 505 409 173 488 532 485 560 357 397 
546 506 415 414 408 491 
547 461 435 479 552 360 556 
548 542 563 467 430 520 385 425 
549 355 485 570 
34 
551 394 384 363 452 
552 
553 484 421 445 450 512 497 406 568 415 467 499 
554 473 373 531 
555 571 535 511 468 545 
556 568 421 480 497 530 425 390 474 441 
557 393 447 374 429 394 
558 480 364 439 408 394 488 497 
559 448 469 489 350 473 482 480 377 410 563 495 349 382 
560 464 504 563 481 559 
561 394 375 470 468 359 569 358 521 198 530 426 481 
562 
563 530 453 553 395 547 470 198 551 450 524 474 497 351 489 
564 416 401 520 553 
565 461 441 428 454 499 
566 428 478 501 410 552 468 393 520 528 512 403 534 489 495 387 
567 462 453 514 385 397 470 507 545 450 572 398 399 
568 469 
569 421 428 413 457 
570 530 537 524 559 535 486 382 469 406 
571 
572 
173 460 
198 529 392 
348 443 552 401 386 464 384 
349 
350 432 530 554 423 535 
351 390 499 
352 437 389 362 506 374 516 467 511 
353 397 546 378 439 384 474 450 364 379 469 508 415 398 399 558 
354 465 400 554 487 386 
355 530 381 490 523 488 364 467 536 558 399 375 384 
356 393 509 
357 395 352 523 479 428 
358 
359 478 509 483 492 
360 356 539 380 437 536 551 464 
361 384 472 528 365 382 386 381 
362 527 361 417 
363 531 569 433 446 486 441 473 381 449 
364 499 
365 446 544 
366 452 463 449 518 389 422 361 572 474 560 423 490 495 384 491 512 
367 442 372 446 441 512 568 524 408 478 
368 446 558 523 568 403 455 350 393 392 
369 501 560 453 523 562 514 395 416 532 
370 435 418 410 537 427 358 476 364 453 543 382 474 493 485 
371 383 
372 567 
373 480 481 386 470 442 371 477 350 368 430 389 564 521 379 488 399 
374 571 427 547 367 437 365 395 400 555 
375 549 436 418 566 
376 536 478 421 392 455 565 386 484 389 468 352 551 362 457 568 535 462 562 381 518 
377 
378 522 435 477 466 362 381 407 383 564 429 510 543 462 453 
379 
380 562 402 392 
381 458 540 
382 466 461 506 
383 
384 
385 453 495 
386 
387 496 526 449 413 551 365 447 566 
388 572 510 515 498 564 514 563 
389 445 441 417 367 465 
390 556 420 
391 532 507 448 393 396 467 408 508 565 441 
392 547 391 352 354 402 533 
393 502 465 435 
394 480 491 388 351 527 
395 369 378 546 503 356 396 477 485 490 418 462 440 474 
396 554 530 363 532 526 
397 384 417 468 446 447 366 
398 483 473 485 425 
399 503 
400 464 418 548 349 570 371 557 460 364 356 429 354 372 390 546 424 486 540 
401 
402 535 375 479 385 423 354 439 386 485 499 381 350 437 
403 442 516 467 531 
404 448 548 369 198 543 422 489 468 
405 383 556 555 
406 401 
407 431 500 
408 476 389 553 565 554 434 468 421 489 501 449 418 534 
409 551 502 390 514 394 429 568 
410 559 365 539 
411 387 
412 514 502 379 365 380 521 510 433 375 405 476 470 426 446 415 466 
413 474 412 354 393 
414 354 420 386 572 360 498 508 353 525 393 519 432 470 368 
415 373 493 
416 515 409 556 457 520 411 
417 173 409 426 541 382 401 498 423 467 371 489 413 414 442 
418 562 546 
419 507 524 366 351 515 499 426 474 568 383 
420 509 406 538 565 387 422 
421 536 526 426 
422 482 539 
423 490 415 364 369 472 360 432 478 469 361 
424 553 568 512 526 411 493 422 
425 482 410 
426 567 
427 502 465 
428 489 569 374 488 390 521 551 539 448 568 394 393 389 466 554 
429 561 422 
430 464 173 411 387 413 
431 522 443 562 407 455 533 34 496 437 541 459 467 567 420 416 489 
432 469 414 523 390 447 518 367 361 481 381 409 435 
433 373 384 
434 362 408 477 360 465 542 
435 415 561 527 
436 350 410 515 382 449 494 
437 472 464 
438 409 406 491 499 379 547 567 482 404 515 
439 433 539 480 482 463 474 391 383 406 
440 427 413 537 
441 367 421 
442 371 493 517 399 377 
443 560 
444 469 446 416 569 391 571 406 478 350 448 
445 390 489 
446 
447 
448 
449 502 
450 
451 539 505 461 545 508 504 406 405 
452 436 420 492 441 408 486 457 534 542 366 364 409 
453 457 380 
454 360 
455 489 499 392 468 570 461 482 538 544 396 
456 437 528 436 445 367 383 477 540 405 489 
457 548 523 360 461 543 
458 501 558 570 484 353 
459 542 380 
460 354 399 394 421 386 484 468 494 459 528 368 
461 565 447 569 533 505 437 484 512 522 411 449 
462 547 355 507 375 421 556 528 479 
463 350 522 511 546 368 464 457 421 470 385 453 
464 
465 541 520 442 457 379 396 468 464 522 480 359 440 539 447 
466 517 
467 
468 
469 414 452 480 
470 483 538 392 556 
471 484 545 469 496 369 551 
472 
473 513 389 405 502 
474 403 565 198 398 
475 536 381 453 534 415 522 435 457 518 466 429 493 433 467 
476 
477 445 542 
478 391 522 
479 438 424 537 382 380 526 369 
480 441 392 
481 473 410 452 552 
482 349 377 542 511 407 352 540 459 
483 457 518 365 409 433 351 356 536 565 521 519 564 350 508 387 512 523 474 
484 444 478 488 380 405 490 535 433 502 445 563 
485 
486 409 453 430 476 435 351 
487 407 367 472 414 540 533 
488 413 389 492 
489 554 542 
490 456 443 350 
491 
492 498 565 393 471 530 351 441 407 476 557 
493 496 376 492 564 450 424 502 378 
494 441 418 552 459 
495 418 392 
496 501 533 486 454 387 471 564 549 413 
497 476 351 406 562 487 564 407 533 451 449 541 468 518 490 404 
498 553 
499 520 
500 453 383 407 385 358 356 451 371 533 482 510 390 476 464 430 411 491 
501 418 
502 480 460 453 
503 478 395 562 529 358 485 380 350 355 496 389 393 518 
504 362 395 364 557 450 393 413 
505 478 388 
506 407 474 495 410 538 411 457 405 
507 511 406 353 494 349 423 541 571 522 396 542 369 366 569 478 
508 377 
509 464 466 
510 517 552 384 357 438 
511 373 499 410 516 367 572 520 
