567 3586 3821 
698 
857 3737 3793 
862 3914 3571 3761 
1085 3956 3584 3942 3733 
3437 3918 3509 3575 3821 3795 3697 3739 3577 3864 3533 3438 3807 3812 3928 3768 3765 3497 3490 3886 3868 3583 3481 3515 
3438 3525 3539 3686 
3439 3469 3691 
3440 3480 3560 3760 3749 3472 
3441 3734 3764 
3442 3857 3846 3784 3504 3847 3467 3833 3454 
3443 3830 3502 3562 3831 3943 3895 3610 
3444 
3445 3979 3946 
3446 3495 
3447 
3448 3452 3589 3731 3775 3849 3788 3937 3895 
3449 3758 3777 3716 3710 3806 3626 3808 3612 
3450 3925 3877 3679 3828 3917 
3452 3656 3445 3554 1085 
3454 3619 3532 
3455 3499 3932 3665 3859 3481 3536 3626 3704 
3456 3546 3781 3779 3775 3555 3772 3901 3813 3611 3641 3576 3850 
3457 3977 3470 
3458 3942 3882 3878 3653 3547 3511 3779 3936 
3459 3908 3837 3949 
3460 3866 3564 3836 3862 3576 3705 
3461 3791 3717 
3462 3870 3965 3959 3564 3900 
3463 3966 3766 3509 
3464 3893 3573 3905 
3465 3826 3734 3788 3956 
3466 3928 3512 3605 3731 3664 
3467 
3468 3719 3745 3728 3593 3766 3872 
3469 3587 3513 3609 3438 3511 
3470 3688 3462 3577 3596 3702 
3471 3700 3470 
3472 3569 3573 3865 
3473 3972 3693 
3474 3750 
3475 3870 3739 3809 3717 3810 3654 
3476 3540 
3477 3655 
3478 3612 3515 3546 
3479 3604 3875 
3480 3573 3518 
3481 3443 3630 3604 3775 3727 3835 
3482 3540 3797 
3483 3858 3804 3705 
3484 3720 3692 3705 
3485 3783 3700 
3486 3788 3667 3541 
3487 3668 
3488 3846 3918 3551 3597 3625 3655 3598 3766 3844 3680 3538 
3489 3778 
3490 3832 3622 3690 
3491 3887 
3492 3627 3475 
3493 3676 3612 
3494 3890 3852 
3495 3606 3751 3484 3821 3800 3704 3967 3766 3913 3811 3558 3921 3919 3508 3775 
3496 698 3909 3641 3444 
3497 3486 3634 3603 3921 3832 
3498 567 
3499 
3500 3795 3590 3843 3773 
3501 3589 3537 3923 3815 3930 3642 3618 3965 3467 3912 
3502 3696 3740 
3503 3614 
3504 3889 
3505 3719 3528 3571 
3506 3849 3858 3594 3879 3608 3908 3917 3470 3751 3699 3679 3640 3961 3563 
3507 
3508 3537 3692 
3509 3476 3687 3549 3511 
3510 3838 3772 3550 3555 3577 3781 
3511 3962 3883 3552 3897 3869 
3512 3632 3736 
3513 
3514 3789 3921 3465 3688 3742 3585 3911 
3515 3668 3963 
3516 3941 
3517 
3518 3555 3855 3859 3970 3474 3530 3703 3927 
3519 3735 3736 3573 
3520 3754 
3521 3604 3447 3708 3892 3873 
3522 
3523 3964 3533 3944 
3524 3552 3710 3604 
3525 3755 3607 3736 3766 3481 3834 3731 
3526 3809 3661 3947 3496 3490 3824 3794 
3527 3917 3888 3865 3714 3968 
3528 3581 3897 3464 3869 3891 3538 3865 3920 
3529 3677 3695 3696 3812 3690 3727 
3530 3755 3965 3586 
3531 3782 3713 3565 
3532 3873 3865 
3533 3918 
3534 3960 3543 3863 3929 3786 3711 3942 3589 
3535 3454 3496 3666 3607 
3536 3587 3475 3839 3965 
3537 3522 
3538 3509 3498 3521 
3539 3489 3466 
3540 3697 3914 3713 3764 3456 
3541 3858 3591 
3542 3585 3933 3870 3647 3737 
3543 3636 
3544 
3545 3887 3698 3923 3793 3959 3671 3625 3879 3750 3738 3532 3588 3525 3963 3685 3691 3656 3895 3693 3791 
3546 3597 3462 3648 3797 
3547 3460 3872 3551 
3548 3608 3527 
3549 3649 3703 3726 
3550 3527 3805 3786 
3551 
3552 3687 3973 3717 
3553 3648 3941 3458 3527 3878 3702 3946 3593 3555 3973 3938 3539 3674 3448 3543 3514 
3554 3669 3623 3826 
3555 3868 3796 3768 3913 3918 
3556 3753 3481 3466 
3557 3881 3473 
3558 3516 3651 3641 3767 3808 3946 3812 3686 3472 
3559 3490 3860 3904 3691 3933 3438 
3560 
3561 3871 3460 3861 
3562 3500 3837 3666 3642 
3563 3528 3694 3448 3545 
3564 3961 3908 3565 3511 
3565 
3566 3563 3828 
3567 3627 
3568 3720 3754 3780 3665 3667 3594 3897 3642 
3569 3874 3816 3443 3870 3674 3779 3907 
3571 3437 3763 3476 3886 
3572 3757 3601 3562 
3573 3651 3883 
3574 3608 3638 3735 3827 
3575 
3576 3747 3872 3912 3866 3467 
3577 3836 3904 3936 3497 3463 3626 3630 
3578 3774 3565 
3579 3522 3963 
3580 3769 3786 
3581 3917 3910 
3582 
3583 3514 3972 
3584 3498 3933 3667 3641 3485 3496 3847 3949 3489 3583 
3585 3636 
3586 3644 3656 3700 3673 3792 3483 3664 
3587 
3588 3706 3895 3466 
3589 
3590 3738 3775 3752 3758 3604 3522 3824 3692 
3591 3629 3888 3897 3937 3544 
3592 3706 3763 3602 
3593 3692 3700 3916 3940 3651 3811 3868 3598 
3594 3521 
3595 
3596 3833 3520 3953 3827 3816 3726 3641 3906 3775 3781 3584 3645 3871 3765 3973 3595 3774 3446 
3597 3705 
3598 3534 3540 3662 3464 
3599 3643 3801 3466 3454 
3600 
3601 3947 3539 3694 
3602 3906 3540 
3603 3689 3521 
3604 3517 3535 3681 3552 3697 3918 3778 3719 3769 3473 3620 567 3554 3762 
3605 3708 3600 3490 3967 3682 3750 3468 3916 3539 
3606 
3607 3833 
3608 3775 3475 3569 3961 3894 3565 
3609 3906 3815 3658 3624 
3610 3831 3785 
3611 3728 3713 3544 3655 3441 3906 3585 3777 
3612 3751 3967 3857 857 3557 
3613 3712 3606 3517 
3614 3454 3832 3968 
3615 3537 
3616 3621 3597 3686 
3617 3552 3459 3544 3588 3885 3763 3789 3512 3547 
3618 3726 3656 
3619 3542 
3620 3507 
3621 
3622 3614 3749 
3623 3890 3531 3585 3773 
3624 3493 3548 
3625 3544 3927 3620 3743 3736 3913 3484 
3626 
3627 3633 3502 
3628 3580 3724 3682 3448 
3629 3789 3675 3622 3643 3658 
3630 3899 3840 3437 
3631 3472 3493 3838 1085 
3632 3498 
3633 3682 3493 3934 3665 3827 3496 3784 3685 3485 3961 3559 
3634 3892 
3635 3550 3712 3893 3685 3481 3871 3907 3753 3501 3862 3606 3736 
3636 3787 3607 3833 3536 3955 
3637 3526 3829 
3638 3541 3645 
3639 3846 3744 3977 
3640 3483 3441 3492 3911 3939 3972 3655 3958 3903 
3641 3484 
3642 3795 3752 3905 3705 3528 3706 3641 
3643 1085 3891 3868 3596 3848 
3644 3860 3475 3634 
3645 3723 3672 
3646 3859 3827 
3647 
3648 3863 3459 3807 3780 3464 
3649 3765 
3651 3601 3774 3542 3698 3704 3534 
3652 3576 
3653 
3654 3812 3688 3954 
3655 3471 3522 3525 3491 
3656 3662 3626 3531 
3657 3652 3900 
3658 3447 3768 3715 3634 567 
3659 3675 3756 3965 3544 
3660 3557 
3661 3785 
3662 3542 3636 3530 3568 
3663 3474 3464 3902 3660 3616 
3664 
3665 3949 
3666 3594 
3667 3784 3444 
3668 3780 3692 
3669 3875 3727 
3670 3773 3945 3523 3633 
3671 3686 
3672 3454 3970 3474 3540 3901 3831 3732 3654 3934 3893 3549 3786 3816 
3673 3939 
3674 3726 3668 3836 3797 3846 3921 3759 3839 
3675 3618 
3676 3888 
3677 3913 3675 3706 3637 3764 3457 3951 3526 3905 
3678 3808 3566 
3679 3918 3615 3757 
3680 3565 3829 3579 3503 3752 3597 
3681 
3682 3855 3473 
3683 3970 698 3663 3874 3617 
3684 3859 3599 3632 3792 3558 3745 3838 3488 3663 3613 3914 3515 3923 3826 3782 3730 3960 3533 3915 3457 3579 3725 3580 
3685 3499 3664 3697 3751 
3686 3705 
3687 3927 3537 3863 3795 3816 3594 3776 3937 3580 3591 
3688 3468 
3689 
3690 3892 3945 3667 3796 
3691 
3692 3909 3587 3741 3919 3702 3447 
3693 3727 3523 3955 3903 3885 
3694 3906 
3695 3764 3955 
3696 3622 3458 
3697 3523 3667 3591 3967 3762 3514 
3698 3550 3777 
3699 3509 3813 
3700 
3701 3679 3894 3505 3676 3668 
3702 3886 3504 3441 3723 3706 
3703 3492 3954 3516 3714 3967 3608 
3704 
3705 3529 3710 3648 3879 3900 3675 3652 3500 3653 3623 
3706 3542 3732 3865 3458 3462 
3707 862 3566 3804 1085 3722 
3708 3752 3703 
3710 3448 3884 3739 3482 
3711 3462 3471 3742 3813 3468 3804 3925 
3712 3738 3769 
3713 3896 3625 
3714 3928 3897 3470 3489 
3715 3579 3909 
3716 
3717 3737 
3718 3607 3849 
3719 3920 
3720 3460 
3721 3619 3874 3603 
3722 3874 3472 3519 
3723 3910 
3724 3438 3486 
3725 3488 3638 3939 3810 3564 
3726 3689 3890 3520 
3727 3851 3791 
3728 3564 3758 3896 3646 3639 3954 3640 
3730 3763 3669 3837 3638 3704 3472 3973 3474 3797 3714 3455 3936 
3731 3539 3680 3627 3959 3958 3715 3616 3890 3519 
3732 
3733 
3734 3736 3505 3910 3720 3719 3582 3598 3532 1085 3627 3675 3832 
3735 3488 3825 3675 
3736 3668 3874 3794 3529 3446 
3737 3712 3506 3950 3830 3711 3769 3489 3697 3723 
3738 3681 3612 3475 3552 3769 3586 
3739 3624 3851 
3740 857 3717 3597 3485 3537 3833 
3741 3475 3486 3638 3588 
3742 3973 
3743 3514 3759 3684 3555 
3744 
3745 3712 3861 3741 
3746 
3747 3564 3841 3622 
3749 3672 3909 
3750 3925 3945 3515 3937 3894 
3751 3752 
3752 
3753 3653 3545 3514 3900 567 3639 
3754 3956 3595 
3755 3622 862 
3756 3508 3439 3602 3896 3775 3835 3866 3668 3936 3610 3711 3804 3873 3953 3441 3647 
3757 3717 3959 3632 3588 
3758 3472 3901 3908 
3759 3868 3575 3830 3479 
3760 3578 3559 3752 
3761 3932 3504 3605 
3762 3602 3538 3473 3516 3818 
3763 3639 3520 3858 3643 
3764 3443 3449 3614 
3765 3773 
3766 3450 
3767 3512 3604 3833 3941 3438 
3768 3452 3744 3895 3655 3439 
3769 3813 3519 3582 
3770 3797 3693 
3771 3730 3533 3479 
3772 3488 
3773 3958 3464 3596 
3774 3449 3753 3658 3527 3452 3793 
3775 3443 3825 
3776 3640 3668 3473 
3777 3560 3948 
3778 3761 3477 3674 3555 
3779 3458 3529 3447 
3780 3848 3826 3797 3623 
3781 3588 
3782 3713 3674 3559 3573 3610 3700 3753 3862 3829 3498 
3783 3923 3544 3770 3688 
3784 3499 3934 3667 
3785 3625 3717 3439 
3786 3652 3867 
3787 
3788 3780 3579 3523 
3789 3910 
3790 3754 3770 3877 3978 3805 3946 3825 3448 
3791 3506 3786 
3792 3926 3692 
3793 3775 3562 3694 3647 3812 3912 3739 3653 3894 3704 
3794 3898 3797 3941 3976 
3795 
3796 3846 
3797 3942 3880 3794 3700 3578 3510 
3799 3690 3818 3786 3764 3714 3751 
3800 3715 3827 3959 3492 3774 3744 3828 3560 3645 3475 3530 
3801 
3802 3918 3851 3815 3738 
3803 3476 3865 3581 3736 3559 
3804 3774 3712 3755 3634 3483 3619 3475 
3805 3871 
3806 3585 
3807 
3808 
3809 3620 3557 
3810 3618 3548 3446 3540 3522 3683 3689 3546 3976 3887 3899 
3811 
3812 3781 
3813 3610 3651 3678 3701 
3814 3763 3854 
3815 3784 
3816 
3817 3491 3945 862 3732 
3818 3976 3538 3908 
3819 3507 3738 
3821 3567 3861 3855 3568 3640 3644 3843 3920 
3822 3447 3540 3934 3865 
3823 3954 3677 3530 
3824 3477 3579 3818 3645 3712 862 3464 3589 3883 
3825 3700 3487 3457 3958 3948 3651 
3826 3589 3617 3761 
3827 3656 3697 
3828 3710 3784 3619 3883 3859 3951 3437 3515 
3829 3886 3819 3449 3590 
3830 3905 3866 3938 3822 3964 3510 3696 3780 3678 3471 3849 3904 3929 3825 3643 3711 3606 3792 3927 3767 3688 3928 3713 
3831 3661 3834 3815 3485 3675 3793 3969 3654 
3832 
3833 3582 3961 3957 3790 3522 3843 
3834 3866 
3835 3659 3602 3562 3626 
3836 567 3605 
3837 3925 3910 3680 3858 3631 
3838 3499 3568 3743 3625 3629 3504 3666 3900 3739 567 3713 3662 
3839 
3840 3738 
3841 3666 3626 3864 3945 3673 3558 
3842 3472 3770 3903 3655 3978 3805 3549 3932 
3843 3586 3860 3679 
3844 3711 
3845 3883 3593 3747 
3846 
3847 3863 
3848 
3849 
3850 3507 3920 3778 3834 
3851 3875 3801 3466 3733 3739 3497 3699 3512 3599 3818 
3852 3940 
3854 3478 
3855 3479 3690 3970 3617 3838 
3857 3762 
3858 3789 3733 3534 3818 3629 3463 3888 3468 
3859 3700 
3860 3668 3708 3747 3571 3585 3760 698 3469 3759 3968 3976 3671 
3861 3637 3494 3890 3675 3944 3738 
3862 3760 3633 3685 3871 3632 3604 3744 3712 
3863 3459 3978 3602 3881 3949 
3864 
3865 
3866 3859 3580 3948 3920 
3867 3774 3802 3447 3681 3562 3723 3524 
3868 3638 3807 3872 
3869 3815 3778 3961 3691 3977 3937 
3870 3773 3590 3487 3852 3768 
3871 3493 
3872 3485 3926 
3873 3564 3588 3661 3708 3581 3600 3626 3795 3934 
3874 3571 3474 3516 3530 
3875 3676 
3876 
3877 3507 3699 3460 3668 3837 3493 3659 857 3689 
3878 
3879 
3880 3905 3789 3442 
3881 3848 3481 3461 3895 3582 
3882 
3883 3882 
3884 3924 3952 3440 3536 3779 3683 
3885 
3886 3463 3900 3697 3524 3561 3649 
3887 3859 
3888 3438 3740 
3889 3549 
3890 
3891 3905 
3892 
3893 3760 
3894 3686 
3895 3930 3627 3588 
3896 3731 3848 
3897 
3898 3824 3620 3622 3482 
3899 3516 3973 
3900 3448 3939 3832 3840 3973 3760 3642 
3901 3468 
3902 3460 3455 3864 3933 3587 3701 
3903 3495 3482 3783 
3904 3763 3649 
3905 3558 
3906 3939 3692 3963 3547 3762 3640 3671 
3907 3624 3456 
3908 3644 
3909 3625 3470 3484 
3910 
3911 3973 3671 
3912 3841 3905 
3913 3565 3752 3779 3681 3819 3751 
3914 3896 3703 3772 
3915 3746 3641 3479 
3916 3477 3489 
3917 3515 3652 3531 3629 3660 
3918 3695 3933 3891 
3919 3940 3651 3655 3622 3529 3499 
3920 3468 
3921 3623 3903 3653 3454 3805 
3922 3698 
3923 3691 3754 
3924 3917 3437 3852 3782 3644 
3925 
3926 3540 3483 3953 3574 3520 
3927 3958 3706 3458 3852 3813 3783 3840 3621 3938 
3928 3907 
3929 3757 3612 3809 
3930 3929 3972 3595 3849 3899 3767 3561 3713 3581 3675 3511 3498 
3931 3979 3469 
3932 3631 3719 
3933 3463 3638 3483 
3934 3667 3603 
3936 3687 3731 3755 
3937 3723 3901 3719 
3938 3629 3486 3612 3733 3558 3976 3894 3543 3537 3862 3973 3531 3445 3549 3538 
3939 3844 
3940 3470 3706 
3941 
3942 
3943 3615 3758 3467 3642 
3944 3827 3920 3651 3799 3486 
3945 3771 3860 3926 3655 3847 3725 3659 3502 
3946 3975 
3947 3701 3777 3546 3602 3582 
3948 3583 3806 3547 3949 3649 3694 3503 3457 3655 3571 
3949 3759 
3950 3571 
3951 3632 3910 3756 3699 3730 3476 3657 3704 3790 3774 
3952 3598 3907 
3953 3740 3674 3781 
3954 3860 3461 
3955 
3956 3509 3557 3976 3637 3516 3639 
3957 3656 3490 3689 3565 
3958 3520 
3959 
3960 3439 3695 
3961 3725 
3962 3718 3796 3964 3910 3900 3630 
3963 3551 
3964 3759 3511 3645 3865 
3965 
3966 3486 3680 3554 3608 857 3770 3662 3704 3957 3878 3669 3944 
3967 3495 
3968 3804 3834 3958 3494 3818 3906 3740 3817 
3969 3885 3672 3686 
3970 
3971 3439 3751 3832 3713 3572 3623 3695 3544 3465 3561 
3972 3663 3545 3949 3513 3519 
3973 3587 3635 3532 3831 
3975 3944 3444 3823 3723 3825 
3976 3972 3573 3964 
3977 3447 3714 
3978 3448 
3979 3498 3587 
