0 153 307 329 159 217 19 4 228 88 166 221 102 234 260 243 130 8 182 181 302 195 30 275 191 106 107 284 232 320 120 184 346 283 306 53 296 241 100 305 205 78 201 273 230 112 160 75 263 231 226 167 27 272 300 178 91 
1 224 250 266 96 3 204 106 
2 
3 88 149 260 35 120 
4 316 
5 230 346 196 35 
6 157 
7 302 90 121 173 214 
8 
9 217 22 38 8 274 90 162 183 296 47 51 
10 74 281 108 
12 
13 23 33 128 
14 267 
15 
16 68 269 
17 82 64 14 321 126 42 306 
19 42 152 285 119 334 
20 125 35 
21 245 110 93 46 2 264 209 115 309 233 213 168 211 
22 53 
23 281 250 77 46 271 194 311 
24 22 298 
25 301 261 247 189 240 14 303 208 184 262 97 157 82 342 
26 154 63 191 156 30 8 29 6 183 92 253 193 
27 123 
28 191 108 227 
29 90 12 76 178 347 
30 33 150 15 310 309 99 
31 167 140 283 211 57 
32 39 
33 
34 343 
35 
36 160 270 
37 
38 291 1 268 
39 202 270 
40 163 73 259 295 175 337 238 64 
41 142 98 113 
42 126 
44 171 
45 99 30 116 290 
46 
47 
48 66 232 175 211 238 
49 340 
50 82 92 
51 265 285 
52 
53 338 201 264 129 87 
54 57 323 
55 305 156 228 129 333 65 222 
56 201 65 340 330 183 306 194 295 336 37 97 108 254 253 20 94 2 168 
57 230 
58 
59 160 316 8 167 
60 314 273 77 
61 
62 40 295 101 70 
63 14 307 
64 181 
65 20 233 
66 259 
67 90 48 289 230 77 333 283 155 99 1 135 180 49 15 152 108 
68 117 35 139 
69 167 
70 
71 73 
72 65 120 233 55 29 318 180 
73 75 244 
74 
75 47 330 291 147 
76 313 
77 307 180 
78 21 
79 253 90 142 
80 170 229 131 
81 
82 292 53 97 237 275 
83 234 
84 192 10 225 33 
85 28 
86 82 
87 168 106 
88 31 206 340 
89 62 256 
90 168 
91 307 
92 173 48 303 47 206 208 
93 277 9 
94 28 323 99 182 286 
95 182 102 
96 278 12 17 157 
97 188 
98 5 16 193 293 100 160 
99 59 182 329 
100 255 261 
101 339 37 56 
102 
103 283 245 
104 116 119 329 163 288 16 305 167 
105 197 204 108 
106 
107 
108 144 240 93 
109 219 155 121 
110 216 
111 298 210 75 
112 
113 248 316 337 150 58 205 283 
114 
115 195 167 67 
116 274 111 26 90 55 220 
117 145 
118 14 207 84 241 
119 63 162 80 234 140 230 328 55 194 222 157 341 260 153 151 
120 
121 279 6 
122 279 307 333 210 290 162 295 245 131 207 231 
123 184 187 126 111 
124 181 35 
125 
126 148 245 
127 
128 286 31 46 331 327 97 
129 
130 141 155 133 60 302 30 
131 320 
132 198 243 273 31 270 
133 314 158 51 
134 112 114 35 
135 165 246 
136 32 334 88 226 
137 138 136 65 256 19 
138 
139 318 
140 177 9 284 168 224 301 175 
141 131 230 16 290 19 
142 347 75 111 304 54 
143 163 255 330 
144 333 118 127 91 90 
145 
146 180 
147 314 
148 181 
149 310 248 47 320 
150 159 174 
151 
152 236 
153 
154 162 
155 185 
156 47 
157 
158 312 241 77 218 69 194 68 66 
159 
160 
161 190 185 347 124 66 192 
162 222 141 320 
163 81 96 
164 255 
165 116 75 
166 
167 23 230 
168 165 206 177 247 262 
169 73 98 37 53 
170 57 13 165 102 320 206 283 130 138 309 37 
171 66 
172 140 192 291 115 337 227 
173 263 191 
174 42 
175 270 151 139 319 286 
176 142 
177 345 198 
178 65 9 134 
179 
180 239 169 119 323 
181 
182 
183 336 
184 137 210 254 212 46 
185 10 31 42 
186 321 294 289 261 286 
187 245 44 343 
188 197 265 243 118 318 300 211 120 244 
189 
190 268 288 
191 
192 176 
193 330 
194 198 153 47 90 
195 148 74 
196 148 
197 169 7 331 179 
198 
199 228 22 164 88 145 165 316 328 270 66 
200 68 66 117 87 70 13 218 328 205 283 249 300 125 23 247 204 314 
201 
202 195 270 
203 168 283 258 166 197 221 165 184 46 35 133 155 249 
204 333 153 185 9 
205 
206 278 
207 
208 
209 
210 
211 5 323 30 184 12 32 
212 4 53 9 289 255 
213 259 21 182 174 260 
214 149 129 48 318 78 
215 
216 
217 244 
218 302 262 
219 53 256 
220 
221 130 27 
222 68 149 332 237 296 
223 77 78 347 206 36 2 245 126 116 255 
224 99 180 28 60 314 341 
225 208 115 
226 83 34 52 
227 206 28 182 
228 
229 
230 102 289 139 
231 220 307 176 148 
232 332 157 
233 21 
234 
235 130 
236 254 281 229 
237 
238 126 232 209 282 69 151 185 
239 248 8 79 204 27 236 245 326 42 
240 157 
241 
242 189 84 
243 195 36 
244 133 
245 175 
246 22 14 52 
247 
248 34 69 93 20 325 
249 223 
250 212 31 
251 23 45 328 278 
252 24 244 155 60 307 279 341 274 205 138 69 221 
253 264 
254 178 135 173 96 118 
255 
256 26 114 
257 118 123 44 
258 168 129 319 265 
259 203 
260 
261 30 53 74 29 
262 90 
263 188 
264 22 
265 126 226 149 50 314 
266 59 217 329 35 139 
267 266 
268 
269 90 
270 297 
271 93 45 234 191 190 127 76 105 215 283 328 233 108 
272 27 314 137 227 101 129 283 254 
273 284 51 
274 283 79 
275 272 
276 50 
277 268 237 223 329 328 242 80 241 70 49 17 146 
278 264 
279 200 
280 73 152 180 303 130 214 182 78 49 340 69 57 
281 315 260 170 131 61 
282 
283 30 
284 296 285 
285 40 319 151 73 69 31 189 101 237 139 222 
286 
288 236 
289 304 213 
290 297 
291 54 106 236 297 
292 
293 
294 238 
295 241 267 90 
296 333 
297 57 220 339 179 331 51 78 
298 130 
299 139 340 247 
300 216 269 87 
301 
302 338 47 343 
303 139 292 38 344 
304 88 263 51 121 206 193 137 294 183 251 198 278 270 
305 216 
306 73 92 
307 202 
308 71 343 229 35 178 241 
309 279 
310 270 
311 13 294 285 
312 10 87 257 213 170 88 
313 253 331 302 134 212 345 148 81 
314 81 49 
315 58 112 123 55 171 176 3 202 239 91 243 144 14 319 232 
316 16 
317 338 
318 260 59 
319 270 290 
320 203 35 315 81 
321 
322 347 227 5 331 209 301 119 217 254 334 63 2 281 144 264 230 
323 179 1 247 267 72 317 187 
324 35 107 45 318 179 
325 147 299 243 99 163 195 
326 189 167 344 
327 337 
328 343 
329 339 206 336 82 220 234 
330 72 113 10 222 
331 333 176 57 126 
332 59 127 293 61 339 107 146 202 132 
333 156 189 
334 271 1 220 254 100 
336 
337 236 80 
338 260 296 
339 307 341 220 201 182 27 
340 225 224 
341 209 175 22 
342 39 305 320 210 90 259 333 293 279 
343 129 289 172 314 110 
344 297 324 231 
345 344 327 
346 293 284 175 294 
347 305 334 46 
