769 859 877 865 887 
772 703 819 
860 
774 
776 747 883 
798 
800 882 893 
884 
803 
804 857 
805 879 868 708 895 883 825 872 
810 825 865 869 
811 745 825 
819 811 804 
823 890 798 859 
697 877 893 874 
698 811 894 859 819 703 798 890 769 869 
825 862 
828 871 893 888 865 
830 
703 830 
708 861 798 
840 886 894 729 
713 729 753 886 869 
719 729 863 
856 745 858 867 865 881 
857 713 877 
858 856 884 
729 864 819 
859 
861 881 
862 805 861 
863 819 890 803 708 
864 870 871 
865 
866 840 804 
867 830 895 879 
868 879 
869 
870 859 
871 803 823 877 
872 840 823 868 
745 776 878 
874 823 805 
875 769 
876 803 823 864 
873 800 
747 881 876 870 
878 828 885 
880 885 
753 893 800 719 745 798 
882 828 894 
881 804 772 
877 772 
879 885 
886 859 
887 703 876 
888 825 798 697 
889 859 872 
890 873 
885 
883 
893 811 
894 747 
895 857 
