686 
687 784 851 753 769 842 
688 762 753 744 816 846 822 794 786 731 
689 730 852 833 
690 791 752 742 
691 699 
692 688 
693 751 809 696 765 
694 806 742 796 747 758 790 736 816 740 708 751 
695 716 796 793 743 795 813 809 776 761 819 
696 723 765 839 717 751 768 811 775 
697 737 809 707 826 729 794 774 762 
698 805 731 737 813 
699 742 837 
700 763 710 
701 717 761 715 770 696 
702 787 765 
703 800 804 850 821 844 794 775 
704 750 
705 832 696 822 801 768 691 852 736 753 732 734 838 848 826 695 733 
706 748 760 754 768 789 837 
707 695 698 
708 785 751 704 825 834 
709 797 700 780 781 804 
710 752 773 723 
711 818 851 809 788 779 792 
712 738 847 723 
713 832 846 822 812 801 826 753 761 855 779 687 852 835 803 839 804 843 775 
714 852 757 781 
715 701 
716 725 
717 
718 821 757 783 
719 801 833 702 776 789 779 821 748 843 693 761 836 732 704 763 
720 853 813 
721 759 
722 822 
723 761 
724 690 689 698 709 706 816 
725 810 738 803 769 
726 691 770 808 826 
727 774 728 716 783 
728 756 789 742 768 720 761 770 766 812 798 791 
729 748 841 
730 785 
731 794 716 779 760 791 757 
732 759 688 805 779 794 
733 740 
734 801 787 797 750 767 715 763 792 
735 832 
736 813 764 
737 816 839 817 787 741 
738 765 706 
739 721 822 
740 691 
741 730 848 750 
742 731 830 788 
743 745 
744 
745 840 735 780 771 703 791 765 778 710 757 
746 825 
747 712 855 795 709 789 821 743 740 737 756 854 826 822 
748 687 805 693 813 
749 733 
750 
751 768 
752 709 754 748 838 783 845 
753 770 774 758 847 
754 760 796 852 826 742 839 
755 834 729 773 693 
756 726 695 
757 855 
758 815 854 789 766 
759 838 770 851 
760 702 772 739 763 743 755 689 691 
761 
762 831 851 741 791 829 
763 740 816 710 742 
764 856 833 721 842 
765 825 767 855 744 
766 702 825 836 809 819 782 701 717 
767 726 
768 849 
769 730 729 827 
770 726 743 796 
771 772 721 783 
772 790 787 780 838 
773 787 804 717 856 761 801 721 796 832 855 778 
774 761 725 854 804 715 850 695 717 
775 
776 769 
777 758 
778 715 790 839 
779 791 796 745 737 799 
780 832 836 816 742 817 
781 714 748 826 802 831 753 819 803 798 856 716 732 846 
782 821 854 710 752 
783 839 695 841 796 
784 787 692 699 806 808 735 788 833 693 780 
785 
786 746 
787 854 710 791 742 
788 847 762 814 
789 
790 693 
791 707 740 
792 712 719 845 
793 708 735 753 687 823 750 
794 809 768 
795 761 754 
796 764 
797 740 720 803 
798 695 814 
799 708 724 694 765 
800 754 723 707 854 742 712 
801 
802 854 721 
803 743 800 788 755 854 791 
804 792 
805 698 830 793 763 692 740 689 783 773 799 
806 717 830 727 736 
807 712 748 
808 820 725 741 
809 795 761 768 727 
810 771 690 725 851 716 692 689 844 
811 810 
812 826 
813 836 699 763 740 
814 694 754 806 815 709 
815 816 848 702 
816 
817 738 826 702 750 798 803 741 
818 700 763 694 747 
819 796 761 725 777 694 798 811 
820 702 732 688 805 776 
821 721 
822 697 780 738 739 790 
823 762 704 784 817 749 758 
824 706 818 730 733 700 749 839 692 845 822 689 801 
825 
826 
827 822 831 835 743 739 777 711 689 851 729 
828 761 729 768 786 839 750 767 799 753 813 775 701 716 736 795 749 725 
829 833 725 758 816 800 808 837 
830 836 699 825 
831 756 758 785 
832 
833 749 791 767 771 840 
834 797 747 692 722 708 817 818 732 768 
835 800 712 806 
836 700 753 
837 715 
838 847 711 713 776 727 767 826 836 
839 840 749 844 
840 753 764 842 852 765 835 
841 
842 704 766 708 841 835 735 720 744 
843 831 757 842 721 741 
844 706 
845 749 804 856 764 697 
846 
847 813 799 702 778 
848 849 768 
849 808 752 715 738 838 855 700 
850 694 
851 796 754 
852 823 
853 692 712 818 839 743 
854 
855 
856 764 715 801 739 816 730 797 841 813 
