3980 
3981 4013 4028 
3982 4006 4032 4010 4013 
3983 
3984 
3985 
3986 4001 
3987 
3988 4032 4029 3986 
3989 4027 
3990 
3991 4024 
3992 
3993 
3994 3984 3989 4002 4028 
3995 
3996 3998 4013 
3997 4034 4014 
3998 4013 4037 3986 4008 
3999 4000 4023 
4000 4034 
4001 
4002 3992 4011 4032 
4003 4019 3984 
4004 3991 
4005 4027 4025 
4006 
4007 3988 
4008 
4009 4018 
4010 
4011 
4012 
4013 4024 
4014 4024 4006 3999 
4015 
4016 
4017 4008 
4018 4008 
4019 3985 
4020 
4021 3994 4001 3991 
4023 4027 4036 4008 3992 
4024 3984 
4025 4003 
4026 4015 4036 
4027 4015 3992 
4028 
4029 
4030 4036 4025 3999 4038 4034 
4031 4032 
4032 
4033 
4034 4006 
4035 
4036 4021 
4037 
4038 3986 3996 
594 4016 
