513 589 679 639 34 370 658 628 173 653 422 434 629 674 681 
514 668 620 670 575 599 423 641 553 675 
515 574 590 638 592 427 556 618 652 423 595 664 
524 573 607 621 648 662 610 609 672 619 603 
542 590 651 653 586 634 422 645 629 
544 173 590 675 664 660 558 579 616 661 
34 619 
553 594 649 607 651 606 
556 600 659 606 601 643 
558 556 496 
559 596 574 612 427 674 643 664 
561 581 659 663 394 574 556 619 
563 654 603 646 576 680 
566 615 668 664 678 666 590 654 639 
567 431 667 671 653 685 644 666 
573 675 378 
574 659 612 
575 597 593 640 634 
576 590 630 609 515 
577 542 617 634 601 606 625 
578 637 
579 627 659 438 604 376 642 514 681 
580 603 620 395 653 651 659 556 573 658 616 
581 
582 634 483 593 594 
583 641 606 465 524 593 629 
584 363 438 683 
586 544 637 
587 583 604 647 34 
588 582 438 652 664 627 
589 500 173 632 
590 592 626 628 
591 679 605 660 650 626 647 658 685 574 636 629 
592 639 651 673 606 642 586 427 632 574 465 596 496 
593 618 
594 599 
595 559 348 363 618 676 591 438 
596 646 427 617 
597 656 515 682 559 591 
598 412 648 666 492 641 
599 
600 620 400 631 391 423 
601 575 656 423 438 
602 
603 629 427 506 
604 575 646 586 642 652 667 611 605 622 
605 685 
606 515 595 593 412 685 662 
607 
609 643 574 542 606 436 647 616 
610 
611 628 593 581 682 
612 436 595 
614 587 573 679 656 638 592 480 
615 513 514 664 438 637 
616 656 422 575 604 680 500 
617 672 107 
618 575 436 107 606 660 
107 561 553 659 431 681 670 
619 622 641 669 492 348 513 
620 378 480 
622 590 655 
621 631 
623 577 465 461 
625 348 651 642 581 602 576 
626 682 620 635 673 
627 492 671 590 669 423 
628 635 657 680 
629 
630 394 660 633 524 671 
631 662 
632 592 604 524 
633 395 515 605 574 
634 597 621 654 673 
635 668 682 641 
636 428 582 515 610 626 436 
637 394 107 582 640 563 581 638 644 
638 
639 632 665 
640 370 34 607 580 579 669 
641 422 672 427 633 577 657 
642 
643 400 610 672 
644 674 667 602 631 606 431 627 
645 623 580 566 615 656 
646 580 616 660 663 
647 676 559 428 
648 
649 682 651 
650 348 645 653 
651 663 602 640 675 649 677 
652 670 
653 599 621 659 107 668 589 567 423 
654 431 602 636 370 621 642 
655 
656 
657 
658 651 614 663 654 641 
659 465 574 586 592 612 674 
660 575 
661 616 677 656 679 636 619 638 673 391 610 591 
662 682 436 422 
663 682 633 645 
664 671 584 594 615 662 
665 651 629 653 678 542 563 480 
666 348 
667 
668 
669 639 556 627 662 631 
670 616 581 593 400 
671 631 
672 622 
673 465 
674 
675 601 584 610 483 676 
676 625 483 660 373 635 671 680 
677 559 678 646 
678 642 558 492 583 635 579 
679 566 
680 669 651 650 601 
681 598 586 629 434 496 588 
682 615 616 668 
683 635 506 587 575 658 
684 659 400 605 648 660 
685 651 107 
173 663 
348 573 640 584 658 656 596 634 648 587 631 612 589 685 665 578 
363 578 655 628 567 666 
370 670 500 556 682 575 637 
373 654 611 643 589 593 578 684 625 633 173 652 
374 616 623 593 395 595 
376 576 674 650 660 648 581 658 684 672 
378 576 680 592 587 660 616 644 
391 173 604 681 658 
394 644 651 576 616 
395 603 660 107 573 644 576 615 685 
400 607 644 609 648 655 666 626 
412 592 673 664 623 575 597 665 616 594 
414 593 645 634 646 648 34 673 480 587 656 642 610 652 581 586 671 
422 566 632 480 556 647 638 
423 566 623 578 434 615 
427 646 
428 573 660 556 631 647 655 646 598 618 643 
431 627 586 591 618 603 
434 648 675 395 660 
436 596 639 672 625 588 644 633 679 
438 603 679 640 363 602 599 680 574 
461 573 500 661 621 647 641 587 595 673 626 
465 602 514 632 603 589 
475 594 582 643 679 595 586 598 
480 641 
483 620 660 603 590 658 582 634 
492 636 556 582 663 683 631 
496 592 422 685 668 573 465 
500 628 675 629 394 
506 573 422 394 582 650 107 580 
