769 887 873 
772 864 
774 729 885 772 884 867 879 
776 708 703 
798 
800 886 883 881 
803 
804 894 859 772 885 
805 862 886 753 811 881 865 
873 
810 729 
811 828 
887 
819 895 894 878 745 
875 
862 
823 864 772 798 
697 798 888 862 864 894 
698 861 869 811 798 894 769 703 859 819 
825 
828 869 878 879 
830 858 860 
703 825 
708 870 798 885 875 882 
840 810 870 859 
713 860 861 869 
719 798 879 884 
856 868 885 713 
729 703 
858 860 
859 753 
857 
861 862 774 825 
860 
863 883 
864 880 
865 894 870 
866 861 
867 
868 883 713 
869 873 894 
870 885 
871 
872 804 
745 875 869 878 866 776 825 
874 895 811 
747 865 874 866 
876 880 870 866 803 805 
877 860 
878 697 858 
879 860 880 868 
880 867 
881 697 804 
753 776 
882 880 875 
883 823 
885 719 805 858 
886 874 708 893 
884 890 
888 887 
889 893 887 
890 
893 
894 708 
895 864 
