3980 
3981 4008 4037 3983 
3982 4024 4016 
3983 4037 
3984 
3985 4006 
3986 3988 3987 
3987 
3988 3997 4008 3996 
3989 4004 3999 
3990 4038 
3991 
3992 3981 
3993 4012 4016 
3994 4021 4017 
3995 4016 4008 4012 3990 4009 3989 
3996 4025 
3997 594 4010 4038 
3998 4010 
3999 
4000 3990 3988 
4001 
4002 
4003 
4004 4008 4002 4035 
4005 4004 
4006 
4007 
4008 
4009 4037 
4010 
4011 4036 
4012 
4013 4027 
4014 3984 
4015 
4016 594 
4017 4035 3988 4036 3993 
4018 4005 3983 
4019 3985 
4020 3987 
4021 
4023 4027 4020 3986 3990 
4024 
4025 
4026 4028 4015 
4027 
4028 4033 
4029 
4030 4016 4001 4032 4035 4008 
4031 4012 3996 
4032 3981 
4033 4037 4009 
4034 
4035 
4036 4009 
4037 
4038 4012 
594 
