3980 
3981 4028 3988 4004 
3982 4033 3991 
3983 
3984 
3985 4010 
3986 3992 3993 
3987 4017 4011 
3988 4036 4008 4033 
3989 3992 
3990 
3991 4015 
3992 
3993 
3994 4017 4031 
3995 4034 4009 4027 
3996 
3997 3986 4033 3995 
3998 4006 3983 4035 
3999 4017 4024 4033 
4000 4011 4019 3998 3987 
4001 4032 
4002 4029 
4003 3994 3981 
4004 
4005 4029 
4006 
4007 3996 
4008 
4009 3987 594 
4010 
4011 4007 3993 
4012 4033 
4013 
4014 4010 4000 
4015 3982 
4016 
4017 4002 
4018 
4019 4032 3984 3992 
4020 4023 
4021 4023 4006 
4023 
4024 
4025 3985 
4026 4007 3994 4025 
4027 4004 
4028 4032 
4029 4015 
4030 3992 4005 3995 4012 
4031 4029 3995 3983 
4032 
4033 
4034 
4035 
4036 3994 
4037 
4038 3994 4030 
594 
