2048 2361 2125 2393 
2049 2206 2117 2552 2152 2624 
2050 2590 2048 2558 
2051 1989 
2052 2266 2450 2608 2438 2229 2144 1938 2112 2521 2506 2567 2318 2488 2188 2635 1966 2293 2034 1936 
2053 2607 2298 2348 2262 2245 2284 1989 2272 2418 1968 2591 2228 2426 2202 2633 2185 
2054 1963 2386 2481 2466 2063 1985 2349 1987 2069 2482 2001 1933 1944 2271 2099 2645 2404 2632 2383 2233 2529 1931 2045 2301 2118 2297 1913 2322 1992 2299 2015 
2055 2400 2151 2517 2563 2254 2244 1960 2125 2187 2531 2352 
2056 2135 2618 1970 2510 2136 2227 1969 2008 2071 2591 2024 2108 2030 2022 2283 1995 2544 2344 2196 2425 2611 2453 2069 2167 2556 2604 2127 2111 
2057 2563 1974 1925 2258 2643 1922 2309 2609 2063 
2058 2076 2294 2201 2617 2056 2497 1915 2456 2488 2250 2592 2255 2543 
2059 2057 2036 2228 2313 2282 2480 2413 2241 1956 2310 2029 2393 2391 1990 2626 2226 1976 2633 2437 2042 2097 2246 2508 2194 2209 1980 2285 2342 2259 2510 2038 2594 1935 2346 2037 2130 2614 2533 2158 2062 2434 2213 2581 
2060 2429 2171 2505 2565 2305 2124 2543 2256 2578 2354 2231 2246 2270 2086 2537 2180 2408 2612 2587 2227 2147 2216 2179 2213 2621 
2061 1986 2420 2271 2334 2344 2323 2447 2434 1924 
2062 2405 2359 2365 2378 1980 2131 2381 2538 2636 2123 2536 2178 
2063 2344 2273 2035 2101 2513 2654 2153 2378 2310 2538 1969 2285 1992 2249 2258 2364 2619 2367 2509 2555 2041 2174 2442 2182 2627 2629 2281 2053 1945 
2064 2585 2287 2400 2263 1949 2626 2442 2178 2401 2182 2011 2456 2130 2327 2050 2512 2402 2633 1577 2444 2443 2365 2641 2582 2647 2474 2480 2519 2262 2238 2087 2453 1960 2528 1959 2181 2176 
2065 2222 428 2402 2584 2445 2015 2151 
2066 2454 2277 2465 
2067 2446 2348 2114 2182 2355 2102 
2068 2361 2566 2406 2106 2065 2645 2607 2100 1990 2576 2490 1995 1916 2258 2599 1971 1918 2304 2288 2229 2008 2001 2016 2251 2119 2423 2654 2647 2253 2519 
2069 2301 2243 2544 2051 2173 2242 1935 2295 2274 58 2125 2105 2366 1994 2110 2474 2453 1977 2147 2391 2047 2390 2113 1939 2114 2321 2566 2149 2375 2187 2405 2517 2014 2076 2152 2161 2445 2380 2156 2281 2120 
2070 2135 2270 
2071 2616 2090 2521 2147 2310 2103 2116 2274 2386 2145 2526 2396 2419 2481 2034 2373 2140 2106 2175 2078 1961 2591 2466 1974 2109 2171 2359 1923 1939 2431 
2072 2386 2517 1922 2563 2567 1996 2387 2000 1923 2244 1935 2005 2531 2262 2332 2602 2016 2116 1944 2067 2046 2500 
2073 2522 2377 2041 2514 1934 2385 1948 2512 2177 1964 2101 2343 2565 2280 2236 2180 2295 2156 2493 2527 2137 2113 2538 2617 2383 2425 2254 2285 2014 2645 2421 2439 2653 
2074 2175 2454 2174 1955 2092 2156 2657 2372 2144 2002 2243 2197 2388 2585 2023 2636 1718 2065 2589 2435 2598 2246 2221 2592 2527 2609 2138 2643 2020 
2075 2026 1966 1943 2350 2584 2130 2192 2261 2648 2435 2332 2174 
2076 2567 2592 
2077 2276 2440 2314 2160 2430 2496 2645 2594 1999 2447 2178 1920 2343 1984 2512 2209 2169 2034 2480 2472 1977 2497 2285 
2078 2341 2280 2514 2466 2193 2618 1465 1923 2431 2075 2580 2570 2202 2621 1948 2219 2286 2127 1976 2197 2222 2496 2371 2003 2392 2001 2211 2501 2260 2476 2364 2382 2537 2394 2100 2320 1718 2319 2158 2207 2170 2418 2166 2273 1577 
2080 2345 2377 
2081 2646 2480 2483 2118 2261 1956 2556 2297 2300 2454 2239 2090 2534 2389 2244 2433 2430 2105 2345 2326 2100 2171 1919 2323 2301 2520 2211 2099 2188 2033 2388 2605 2560 2404 1992 1929 2263 2574 
2082 2576 2435 2630 428 
2083 2315 1935 1960 2143 2498 2544 2578 2517 2426 2436 2609 1948 2612 2117 2007 1979 1974 2310 2023 2629 1959 2321 2482 2536 1913 2080 
2084 2148 2350 1956 2180 2018 2471 2580 2357 2149 2128 2136 2168 2654 2493 2255 2453 2096 2340 2000 
2085 2178 2611 1998 2536 2062 2345 
2086 2391 2032 2288 2656 2648 2412 2316 2066 2223 2411 1987 2562 2010 2400 1972 2388 2211 2373 2153 1945 2149 2521 2487 2658 2557 1951 2174 
2087 2217 1977 2415 2015 2204 2595 2518 2107 2438 2646 2095 2311 2562 1936 1973 2373 2173 2131 2532 2008 1999 2284 2603 2119 2576 1983 
2088 2301 2260 2217 2373 2181 1960 2609 2208 1934 2070 2595 2146 2258 2268 2110 2380 1973 2204 2656 2277 2361 2091 2288 2081 2640 2048 2178 2205 2192 2130 2623 2568 1948 2567 2582 2031 2613 
2089 2156 2284 2165 1997 
2090 1950 2160 2587 2320 2514 2415 2390 2128 2061 2006 1928 2177 2426 2375 2563 2186 2496 2364 2252 2117 2281 2658 2272 2164 2656 2277 2194 2389 2344 1577 2138 2442 2362 2146 1996 2203 2626 
2091 2366 2281 1922 2143 2374 2621 2582 2060 
2092 2165 2333 2509 2186 2152 2310 2499 2251 2040 2326 2031 
2093 2437 2001 2109 2402 2219 2572 2644 2120 2608 2018 2422 2574 2523 2191 1996 2028 1923 2141 2243 2181 2499 1921 2530 2163 2511 2053 2471 2232 1924 1967 2082 2603 2650 2221 2371 2258 2570 
2094 2128 2654 
2095 2451 2541 2149 2250 2014 2531 2609 2460 2606 2179 1947 2576 2003 2599 2561 1913 1995 2136 2080 2644 2332 2457 2497 
2096 2041 2022 2449 
2097 1966 2052 1926 2450 2484 1921 2105 2430 1964 
2098 2399 2012 2531 2622 2535 2495 2014 1940 1968 2110 2606 2035 2408 2124 2152 2004 2293 2363 2568 
2099 2448 2595 
2100 
2101 1913 2148 2605 2562 2263 2369 2471 1982 2542 2564 2518 2105 2331 2163 2118 
2102 2095 2037 2170 2256 2211 2015 2270 2331 2335 2405 2657 1968 2171 2244 2577 2404 2515 1924 2361 2427 2499 2030 2605 2518 2591 2131 
2103 2061 2310 2511 2250 1923 2138 2432 2238 1990 2442 2187 2445 2016 2217 2639 1942 2366 2193 2249 2371 2239 2513 2522 2129 2183 2067 2332 2472 2649 2199 1934 2617 2011 2527 2049 563 2481 2241 2627 2175 2568 2635 2036 2403 
2104 2540 2613 2512 2494 1955 2159 2248 2419 2533 2420 2497 2194 1919 2479 1977 2589 1947 2569 2324 2250 2304 2261 2235 2116 2527 2518 1913 2113 2575 2432 2617 2610 2402 2213 2509 2366 2431 2061 2571 2288 2612 2067 
2105 2358 2374 
58 
2107 2396 2338 2491 2522 2519 2449 2183 2481 1950 
2108 2100 2346 1718 1978 1956 2232 2429 2612 2280 2322 2058 1927 2000 2387 2234 2223 2454 1973 2157 2129 2215 2176 2196 2398 2001 2047 2202 2113 
2109 2471 1994 2077 1990 2212 2260 2318 2509 2538 1939 2300 2102 2576 1949 2117 2454 2280 2023 2002 2228 2128 2461 2605 2230 2620 2021 2208 2365 2264 2504 2652 2566 2270 
2110 1949 1995 2140 2454 2383 
2111 2290 2234 1980 1979 2251 2334 2625 2217 1982 2403 1993 2055 2640 2571 2632 2515 2606 2242 1935 2580 2288 2022 2550 2601 1958 1927 2119 2639 2303 2105 2493 2382 2655 2526 2591 
2112 2337 2307 1996 2068 2654 1957 2117 2342 2058 2318 2215 2481 2327 2379 2570 2384 2460 2051 2522 2065 2344 2617 2138 2380 2420 2044 2490 2101 
2113 2438 1989 2224 
2114 2025 
2115 2565 2004 2505 2196 1913 2421 2455 2558 2073 2134 2208 2182 2569 2177 1949 2388 2533 2342 1969 2540 2538 2173 2594 
2116 2584 2519 2460 2608 1927 2175 2330 2003 2213 2308 
2117 2006 2484 2061 2444 2024 1931 2263 2583 2611 2403 2625 2509 2389 2139 2123 2359 1915 2230 2428 2354 2608 1987 2067 2252 2561 2049 2423 1929 2167 2262 
2118 2597 2448 1916 58 2406 2531 2304 2035 2138 1970 2038 2268 2516 1992 2422 2501 2094 2463 2512 2318 2115 2114 1988 2571 2210 2119 2506 2054 2267 2228 2112 
2119 2433 2070 1960 2605 
2120 2618 1997 2598 2369 2114 2443 2602 
2121 2368 2508 2498 2297 2447 2210 2522 2141 2426 2485 2574 2171 2137 1950 2005 2041 2569 2448 2094 2221 2529 2390 2618 2191 2385 2434 2042 2242 2438 2633 2608 1982 2511 1919 
2122 2117 2204 2573 1936 1959 2657 2107 2292 2375 2239 2289 2157 2058 2198 2345 2160 2639 2120 2540 2217 2068 1937 2344 2643 2029 2055 2372 2182 2075 1932 1960 
2123 2558 2660 2219 2587 1960 2403 2317 428 2017 2065 1914 2375 2402 2438 2416 2052 2024 2603 2021 2288 2364 1916 2491 1974 2388 2137 1968 2393 2051 2014 2146 2475 2320 2498 1972 
2124 2519 2296 2082 2321 2157 2084 2156 2215 2180 2626 2450 2158 2636 2091 2119 2457 2205 2295 2161 2652 2562 2297 2622 2262 2022 2015 2488 2436 2259 2494 2034 2441 2197 2025 2113 2659 2129 2449 2283 1942 2300 
2125 2403 2536 1947 2405 2401 2414 1995 2478 2055 2552 1921 2335 2568 2477 2341 2470 2446 
2126 1990 2263 2624 2434 2553 1972 2004 2345 2518 2203 
2127 2378 2231 2554 1916 2377 2366 2029 2565 1983 2131 2235 2357 2615 2599 2517 2604 
2128 2314 2318 2547 2154 2592 2129 2349 2406 2435 2073 2049 1971 2572 2108 1979 
2129 2036 2010 2599 2470 2639 1965 2340 2478 2648 
2130 2413 
2131 2022 2599 2246 2597 2436 2039 2102 1931 2301 2174 2493 2497 2472 2571 1956 2548 2491 2445 2211 2075 2236 2481 2034 2224 2465 2265 2565 1923 2162 2486 2650 1957 2614 2032 2214 1921 2425 2466 2589 2483 
2132 2441 1969 2614 2284 2638 2636 2059 2144 2414 2613 2405 2281 2529 1954 2362 1991 2577 
2133 2212 2652 2016 2349 2306 2376 2316 1963 2400 2503 2527 2551 2422 2472 2192 2236 2604 1966 2099 2121 2373 2430 2075 1996 2483 2259 1983 2003 2056 2166 2660 2308 2541 2008 2424 
2134 2259 2256 2530 1976 2327 2299 2644 2161 2181 2204 2480 2080 2190 2227 2526 2419 1971 
2135 2537 2243 2531 2116 2499 2075 2189 2160 2060 2251 2381 1921 2655 2397 2464 1977 2121 1997 2093 2587 
2136 2272 2528 2113 2018 2047 2502 2149 2624 1972 2187 1718 
2137 2167 2156 2000 2321 2525 2317 2065 2314 2503 
2138 1914 2084 2005 2534 2342 2470 1962 2590 2027 2607 2172 2256 2406 2329 2295 2544 2618 2424 2197 2446 1939 2345 2371 2297 2011 2614 2532 1985 2076 2364 2272 2523 2615 2085 2500 
2139 1950 2161 2164 2127 2295 2222 2413 2579 2660 1914 2035 2070 2393 1927 2021 2366 2583 2125 2355 2315 2419 1980 2249 2608 2001 2087 1967 1978 2019 2009 58 2250 2391 2555 2234 2349 2648 2000 2491 2474 1945 1975 
2140 2384 2570 2106 2540 2572 2005 2358 2385 1944 2437 2405 2389 2628 2398 2070 2564 1935 2009 2480 2022 2496 2023 2522 2523 1977 2219 2491 2613 2111 2606 2555 2371 2075 2458 1992 2004 2577 2328 2177 2016 2538 2629 
2141 2512 1950 2598 2534 2099 2306 
2142 2312 2580 2570 2282 2487 2568 2177 2249 2225 2222 2534 2617 2562 2207 2522 1975 1998 2163 2320 2158 2516 2330 2235 1933 2599 2351 2127 2528 1932 1972 2456 2246 2477 2029 2652 2517 2497 2187 2371 2301 2130 136 1960 2071 1926 2117 2489 1987 2230 2474 1976 2070 2004 2439 2457 2234 2018 
2143 1949 2254 2590 2606 2261 2565 2235 2313 2518 2214 2189 2173 2457 2036 
2144 2533 2128 2067 2176 2145 2342 2277 2509 2645 2003 2512 2350 2388 2628 
2145 2334 2223 1971 2644 2585 2056 2558 
2146 2453 2554 
2147 2502 2608 2279 2517 2200 2169 2362 2216 2102 
2148 2559 2256 2044 2298 2448 2036 2361 2660 2637 2565 2080 2011 2476 2651 2012 2457 2563 2308 2356 2239 2525 2541 2329 2251 2243 2484 
2149 2093 2586 2197 2597 2172 2116 2542 2027 2648 1990 2274 2527 2418 2531 2443 1986 2320 2621 2601 2086 2063 2536 2394 2451 
2150 2333 2065 2650 2450 2008 2016 2235 1972 2457 2236 2321 2089 2341 2245 1915 2196 2146 1982 1937 1919 2120 2325 2506 2028 2105 2279 2343 2027 1950 2175 2101 2036 1959 2485 1949 2035 2096 2327 1927 2164 1931 2658 2288 
2151 2520 2296 2364 2036 2030 2381 2600 2275 1966 2547 2274 2605 2003 2313 2237 2447 2610 2211 
2152 2562 2289 2060 2463 
2153 2570 2262 2096 2534 2166 2311 2417 2027 2560 2482 2178 2154 2622 2569 2049 2618 2004 2523 1969 2142 2487 2494 2022 2093 
2154 2651 2360 2028 2394 2152 2197 2024 2137 2438 2181 2563 2353 2310 2390 2530 2098 2132 2612 2048 2443 1989 2001 2619 2567 2205 2558 2372 2245 2263 2539 1965 2529 2479 
2155 2506 1938 2222 2049 
2156 2167 2635 1992 2387 2030 
2157 2585 2409 1936 2517 2167 2628 2170 2528 2230 
2158 2553 2326 2184 
2159 2190 2224 2260 1577 1923 2602 
2160 2076 2264 2435 2469 
2161 2586 2361 2614 2288 2130 2633 2278 2590 1989 2563 2116 2065 2541 2606 
2162 2060 1995 2514 
2163 2041 1959 2577 2196 
2164 1956 1957 2438 2442 2623 2472 2224 2012 2112 2301 1933 2652 2167 
2165 2008 2393 2566 1956 2197 2093 2035 2282 2454 2614 2226 1927 2452 2510 2039 2312 2431 2514 2537 2100 1965 2530 2505 2407 2519 2527 1972 2080 2528 2234 2341 
2166 2585 2311 2008 
2167 2066 2236 
2168 2011 
2169 1919 2430 1977 2229 2631 2145 2410 1936 2376 2088 2019 2524 2018 2108 2022 2128 2238 2160 1975 2569 2386 
2170 2121 2395 
2171 2385 1977 2421 2236 2305 2536 2512 2179 2471 
2172 1944 2241 2135 2405 2361 2575 2505 2016 2473 2367 2614 2328 2187 2384 2459 2642 2128 2476 2420 2534 2501 2650 2421 2207 2161 2219 2130 2439 2263 2100 2627 2389 2283 2603 2211 
2173 1976 2336 2404 2399 2078 2306 2017 
2174 2281 2067 2301 2624 2358 2227 2109 1927 2487 2295 2457 2314 2659 2642 2178 2303 2181 2092 2090 2657 2205 2561 2548 2449 2273 2545 2380 1950 
2175 2196 
2176 2448 2001 2021 2323 2307 2438 2051 2600 2624 2613 2255 2197 2112 2574 2460 1932 2400 2006 2033 2300 
2177 2384 2614 
2178 
2179 2365 2517 2009 2232 2126 2042 2608 2425 2450 2108 2173 2047 2193 2145 2637 1984 2406 
2180 2227 2315 1935 1991 2619 2550 2149 2184 1956 2577 2444 2131 2201 2478 2319 2232 2178 2240 2208 2641 2374 1931 2280 2497 2482 2387 2503 2025 2260 2632 
2181 1953 2448 2659 1994 
2182 2016 
2183 2411 2426 1960 2030 1929 2166 2545 2110 2222 2272 2271 2621 1935 1974 2037 2167 2388 2460 1914 2427 2243 1961 2553 2069 2118 2192 2560 
2184 2643 2047 2631 2282 2002 2439 2421 2588 2541 2321 2649 2111 2479 1942 2582 2167 2401 2144 2608 2194 2544 2096 1996 2456 1974 2035 2283 2262 2230 2566 2333 2583 2426 2466 2187 2099 2160 2502 
136 1993 2006 1930 2253 2611 2341 1953 2098 2119 2350 1918 2601 2559 2542 2637 2234 2010 2145 2526 2356 
2186 2482 2639 2547 2580 1983 
2187 2428 2188 1933 2036 2410 2529 2014 2212 2249 2101 2628 2578 2126 2395 2252 2600 2165 2272 2399 2140 1929 2159 1968 2049 2310 2271 2352 2334 2317 2236 2202 2062 2335 2182 2645 2160 2411 1956 2449 2307 2517 2400 
2188 2459 2458 1913 2491 2479 2605 2209 2303 2169 2465 2173 2285 2247 2111 2497 2062 2134 2457 2652 2580 2016 2594 2294 2342 2012 2440 1942 2357 2183 2524 2180 2627 2250 2364 2241 2148 2401 2284 1930 1991 
2189 2070 2020 2434 2166 2082 2101 2435 2424 2314 2466 2367 2568 2042 2246 2290 
2190 2606 2576 2038 2343 2612 2370 2505 2357 2643 2429 2342 2268 2163 2155 2075 2431 2146 2183 2403 2383 2658 2161 2650 2385 2175 2320 2099 2555 2382 1946 2598 
2191 2258 2546 2128 2587 1973 2614 2618 2566 1917 2066 2526 2410 2628 
2192 2279 2310 2367 2224 2550 1982 2023 
2185 2108 1982 
2194 2076 2651 2541 2341 2583 2401 2630 2318 2627 1947 2093 2483 2484 2201 2519 2634 2186 2112 2529 
2193 2153 1986 
2196 2451 2429 2075 2150 2474 2476 2024 2045 2509 2064 2105 2244 2495 2573 2519 2365 2628 2147 1977 1934 1992 2298 2225 2503 2634 1918 2559 2348 
2197 2306 2542 2059 2469 1934 
2198 2197 2322 2040 2301 2585 2495 2216 2243 
2199 1961 2298 2599 1962 2357 1935 2380 2556 2119 2504 1996 2098 2573 2123 2650 2329 2436 2159 2489 2188 2487 2563 1999 2405 2128 2086 2656 58 2285 2120 2182 2423 2486 
2200 2608 2012 2156 2245 2530 2187 2111 2006 2151 1945 2437 2306 2385 2566 2325 2025 2173 2391 2316 2138 2076 2270 2486 2368 2096 2529 2221 2169 2001 2647 2538 2373 1926 2080 563 1996 2571 2641 1959 2267 2143 2289 2028 2616 2343 1915 1961 2637 2027 
2201 2629 2594 2353 2637 2419 2581 2660 2147 2148 2540 2493 2530 1924 2445 1932 2162 2014 2130 2621 2513 2232 2570 2100 2169 2031 2447 2333 2070 2364 2089 2250 1952 2336 2052 2284 2018 1961 1967 1959 2613 
2202 2130 2273 1465 2507 2609 1952 1986 2372 2223 1946 2221 2042 
2203 2634 2404 2584 2619 2185 1915 2274 2552 2365 2574 2658 2036 2146 2095 2562 2626 1944 1918 2639 2272 
2204 
2205 2403 2263 2212 2131 
2206 2160 2209 2496 2635 2384 2422 1964 1956 2501 1949 2385 2146 2202 2644 2003 2393 2107 2054 2187 2394 1972 2111 1988 1932 2425 2199 2243 2403 2194 2181 2368 2232 
2207 2140 2504 2188 2428 
2208 2199 2573 1970 
2209 2111 2200 2579 2458 1931 1968 
2210 2355 2214 2176 2405 2527 2367 1948 2599 1931 2500 2296 1925 2653 2284 2364 2313 2298 2089 2448 2510 
2211 2261 2493 2065 1975 2477 2351 2518 2088 2353 2193 1922 
2212 2529 2052 2012 2081 2388 1920 2501 2258 2242 2570 2276 2304 2476 2047 2022 2181 2449 2422 1972 2076 2197 2639 1958 2170 2317 2126 2066 1967 
2213 1966 2305 2093 1994 2372 1931 2444 2652 2183 2072 2332 2437 2657 2131 1982 2548 2058 1925 1913 2066 
2214 2083 2319 2445 2182 2137 2402 1959 2275 2373 
2215 2527 2514 2450 2432 2089 2406 2247 2651 2109 
2216 2198 2166 2483 2087 2068 2293 2203 2256 1960 2412 2032 2598 2285 2626 2436 2193 2658 2568 2547 2627 2249 2601 2587 2391 2298 2300 2616 2153 2025 
2217 2330 1923 
2218 2011 2440 2170 2406 2136 2051 2364 2000 2541 2502 2571 2141 2388 2353 2096 1975 2145 2196 2301 2547 2272 2431 2581 2432 2254 2421 2177 2285 2531 2280 1951 2650 2288 2129 2234 
2219 2590 2194 
2220 2318 2120 2057 2203 2219 2236 2012 2597 2180 2537 2349 2228 2081 1954 2653 2368 2501 2439 2344 2483 1958 2365 2191 1922 2422 2292 2303 2533 2449 2277 2524 2243 2186 1932 2606 
2221 2392 2481 2029 2401 
2222 2382 2038 2068 2157 2348 1935 2350 2043 2524 136 
2223 2648 2083 1913 2034 2248 2067 2239 2257 2173 1947 2297 1937 2070 2576 2504 2464 2389 2472 2122 2429 2113 2126 2304 2522 2446 2474 
2224 2050 2415 2362 1994 2167 2024 2248 2230 2146 2641 2284 1971 2356 2424 2114 2558 2311 2142 2316 2426 2421 2618 2551 2457 2300 2406 2184 2139 
2225 2293 2125 2459 2357 1977 
2226 2328 2390 2621 2199 2119 2086 1979 
2227 2494 
2228 2320 2416 2489 2059 1963 2524 2261 
2229 2653 1924 2535 2351 2106 2396 2162 2632 1977 2116 2642 2198 2421 2302 2024 2248 1995 2000 2592 2505 2400 2366 2224 2529 2250 2199 2449 2635 1980 2153 2621 2566 2452 
2230 2637 
2231 2007 2401 2409 2558 2308 2432 2076 2252 2345 1966 
2232 2359 2134 2485 2251 2126 2452 2221 2020 2297 1943 2586 2291 2244 
2233 2558 2193 1967 2322 2025 2313 2227 1951 1931 2277 2270 2017 2298 2653 2177 2394 2603 2194 2421 2168 2472 2087 2540 2382 2280 2225 2490 2006 2522 2129 2186 2035 1465 2272 2268 1919 2009 2444 2475 2204 2236 2171 2094 
2234 2184 2493 2170 2026 2285 2017 
2235 2094 1997 2307 2353 2308 2502 2225 2655 2371 2216 2099 2045 2646 2376 2000 2401 2237 2209 2331 
2236 2245 2490 2187 2565 2229 2131 2386 2432 1948 2090 
2237 58 2053 2236 2417 1996 2432 2353 1994 2052 2343 2455 2012 2619 2077 1923 2366 2113 2032 2132 2174 2439 2034 2501 2208 2407 1935 
2238 2445 2588 
2239 58 2450 1917 2125 1923 2145 2004 2340 2344 
2240 2259 2438 1944 1577 2622 1958 2345 2203 2194 2010 58 2017 2263 2192 2393 2301 2570 2283 2002 2344 2053 2019 2571 2479 2153 2515 2388 2439 2628 2406 2056 2400 2445 2011 2158 
2241 2330 2626 2425 2140 2520 2637 2636 136 2575 2297 2571 2485 2043 2583 2624 1988 2309 2440 2323 2208 2602 2312 2251 2296 2159 
2242 2620 2585 2160 2309 2382 2237 1941 2493 
2243 2074 2306 2084 2371 2255 2488 2182 2502 
2244 2041 2608 2629 2006 2420 2342 2013 2182 2362 2214 1948 2397 2380 2099 2487 2068 1952 2555 2315 2456 2162 1988 2284 2065 1944 2288 2313 2639 2466 2173 2548 2558 
2245 2619 2457 
2246 2478 2034 2651 2232 2240 2358 1974 58 2005 2578 2492 2130 2517 2506 2387 1921 2531 
2247 2062 2019 1977 2467 2437 2481 2329 2539 2059 1925 2590 2231 2173 2631 2115 2379 2265 2145 2618 2449 2061 2430 2142 
2248 2351 2513 2261 2466 2366 2135 
2249 2530 2651 2526 2083 
2250 2031 2499 2155 2364 2593 2297 2089 2571 2621 2171 2544 2276 2025 2538 2115 2335 2000 2610 2262 2236 2592 2248 2632 2046 2004 
2251 2647 2568 
2252 2493 2360 
2253 2264 2160 2282 2402 1936 2486 2167 2427 2404 1998 2614 2600 2075 2574 2236 2657 2448 2232 2551 2067 2006 2303 2249 2514 2343 2287 2571 2316 2270 2099 2379 2197 2328 1927 2562 1969 
2254 2244 2245 2635 1946 2550 2175 1925 2019 2300 2507 2406 2577 2217 1976 2251 2159 2462 2158 2487 2152 2424 
2255 2058 2176 
2256 
2257 2375 2022 2189 2496 2399 2486 1944 2360 1988 1914 2286 2595 2124 2474 1926 2345 2514 2126 1970 2487 2552 2318 2349 2333 2282 2125 2191 2293 
2258 1968 1997 2548 2370 2082 2198 2444 1942 2217 2465 2293 
2259 2128 2602 2432 2610 2632 1919 2131 2264 2438 2597 2204 2328 1995 2034 
2260 2253 2457 2610 2194 
2261 2145 2221 2328 2297 2322 2012 2139 2085 2606 1981 2288 1959 2278 2071 1951 2178 2094 2308 2061 2452 1991 2259 2379 2294 2365 2383 2481 2204 2305 2453 
2262 2552 2624 
2263 
2264 2542 2497 2050 2245 1934 2445 2231 2508 2146 2541 2326 2112 2533 
2265 2206 1950 2127 2204 
2266 2632 2513 2589 2318 2237 1958 2162 1930 2013 2157 1970 2312 2375 2242 1964 2062 2298 2379 2629 2640 2511 2362 1937 2320 2028 2544 2163 2265 2612 2465 2658 2378 2149 2389 2599 2659 2222 2252 1926 2595 1951 2448 2419 2402 2343 
2267 2501 2611 2623 1981 2374 1977 2648 2398 2490 2341 2491 2563 58 2005 
2268 2019 2028 1980 2473 1999 2253 2124 2554 2122 2192 2140 2528 2549 2145 2129 2262 2181 2138 1974 2501 2332 2535 2497 2612 1941 
2270 2613 2263 2520 
2271 2066 2377 1988 2187 2176 1987 2016 2509 1924 2643 2096 1974 563 2649 2054 2148 2653 2237 2238 1915 2462 1914 2235 2403 2510 1965 2483 2525 2588 2254 2605 
2272 2404 2022 2466 2431 
2273 2058 2015 2034 2430 2428 2392 2660 2042 2023 2311 2473 2026 2156 1958 1971 2309 2569 2142 1934 2108 2223 2005 2360 
2274 2182 2089 2548 2597 2033 2108 1968 
2275 2508 2312 2187 1920 1919 2612 2129 2458 2466 2042 1982 2055 2111 2258 2417 2274 2535 2515 1921 2357 2023 2641 2342 2557 2332 2319 2013 2544 1974 2322 2152 2411 2301 2349 2238 2186 2243 2361 2642 2626 1956 
2276 2540 1967 2569 2562 2375 2057 1969 2459 2001 2388 2613 136 2357 2533 1994 2530 2009 2438 2384 2192 2098 2029 2575 2100 1947 1925 2252 2256 2428 2400 2587 2053 2101 2452 2621 2653 
2277 2011 2088 2157 
2278 2065 1919 2334 2054 1991 2016 1995 2528 2274 2626 2375 2345 1924 2565 428 2494 2007 2377 2174 2041 2211 2050 2517 1958 2232 2019 2106 2313 1989 2207 2127 2177 2178 2372 2319 2252 2577 2457 2110 1914 2605 2080 2640 2028 2325 
2279 2588 2099 2601 2280 2270 2100 2465 2534 2515 2625 2016 2098 2300 2272 2284 2651 2096 2010 2207 2422 2552 2352 2364 2634 2630 2322 1996 2024 
2280 1967 2007 2198 2109 2127 2122 2038 2005 2463 2001 1968 2519 2225 1979 2447 2176 
2281 2658 2007 2514 
2282 2088 2136 2658 2508 2584 428 2057 2531 2402 1987 1979 2157 2024 1918 2615 2371 2484 2164 2550 2213 2263 2386 2146 2602 2455 2185 2659 1968 1983 
2283 2500 2166 1979 2100 2078 2624 2170 2088 2583 58 2532 2381 1965 1964 1961 2130 2480 2626 2579 1988 2044 2086 2253 2564 2521 2045 2558 2405 2544 2131 
2284 2181 1997 1971 2267 2338 2187 2426 2082 2053 2305 2099 2570 2162 
2285 2002 2265 1937 2044 2062 2106 2186 1978 2454 
2286 2327 2446 1940 2511 2496 2450 2499 2213 2439 
2287 2021 1967 1955 2193 2249 2443 2513 2224 2108 2584 2475 2525 
2288 2522 2457 2045 2659 
2289 2507 2313 1979 2323 2660 58 2300 2142 1969 2167 2421 1943 2001 2092 2529 2069 2547 2639 2409 2592 2364 1993 2030 2628 2412 2591 2350 2534 2257 1962 2158 2450 2353 2397 1931 2371 2266 2017 2212 2645 2410 
2290 2259 2476 1914 2587 2107 2598 2044 2555 2337 1950 1994 2117 2013 2501 2545 2145 2016 2442 2071 2029 2087 2252 2019 2589 2032 2585 1970 2406 2249 1923 2396 2007 2419 2147 2617 2643 2614 2581 2320 2411 428 2227 2319 
2291 2054 
2292 2492 2110 2309 2339 2462 2027 2130 1936 2201 2058 2507 2541 1957 2188 2193 2007 2313 2391 2231 1996 2578 2494 2156 1915 2076 2573 2073 
2293 2480 2208 2009 2380 1934 2222 2161 2152 2378 2434 2517 
2294 2130 2645 1929 2049 2469 2210 2276 2355 2263 2225 2560 2572 2371 2515 2424 2171 2084 2320 
2295 2246 2013 2108 2631 2380 
2296 2030 2314 2253 1947 1924 2563 2538 2399 2346 2056 
2297 2070 2325 2264 2241 2121 
2298 2491 2052 
2299 1922 2454 2282 1976 1948 2548 2565 2612 2230 2251 2518 2384 2379 2116 2357 2072 2445 2447 2097 1953 2333 1958 2289 2652 2435 2081 2434 2338 2656 2421 2319 2366 2221 2617 1924 2505 2539 
2300 2129 1916 2642 1954 2066 2296 1980 2636 2115 2203 2148 2622 2051 2651 2310 2013 2291 2422 1995 2488 2538 2434 
2301 2017 2512 2147 
2302 2002 2237 2497 1946 2483 1930 2645 2113 2175 1931 2435 2358 2470 1936 2014 2480 2456 2012 1988 2423 2313 2067 2059 1944 
2303 2065 2040 2611 2363 2359 2641 2265 2370 
2304 2541 2189 2091 2242 2393 2613 1932 2149 
2305 2371 
2306 2463 1951 1972 1988 2360 2487 2143 2441 2451 2391 2606 2656 2613 2632 1976 2333 2212 2171 2311 
2307 2454 2523 2127 2513 1992 2043 2235 2334 2295 2344 2222 428 2291 2315 1921 2658 2050 2211 1932 2421 2189 2091 2025 2027 2480 2647 1969 2072 
2308 2099 2166 2450 2551 2007 2427 2391 2412 2457 2297 2546 2262 2163 2041 2502 2649 2017 2472 2421 2141 2298 1919 2437 2056 2388 2175 1465 1992 2499 2289 2593 
2309 2516 2487 2149 2403 2346 2652 2135 2412 2202 2474 2134 2137 2382 2105 2310 2479 1942 2312 2193 2515 2544 2035 2375 2071 2659 2493 2645 1937 1932 2367 
2310 2270 2217 2007 2605 
2311 2168 2323 1913 2464 2161 2136 1930 1929 1964 1918 2160 2581 2535 2483 
2312 2198 2139 2242 
2313 2613 2127 2508 2463 2060 2652 2565 2606 1577 2177 2285 2424 1945 2112 2383 2045 
2314 2585 2368 2469 2557 2276 2024 2163 
2315 2298 2089 2463 2645 1963 2241 2193 2009 2030 1984 2197 2116 2097 2407 2055 1936 2288 2214 2547 
2316 
2317 2028 2366 1977 2059 2216 2353 
2318 2392 2144 2619 2135 2608 2061 2507 1577 2545 2485 2000 
2319 2466 2447 2078 2266 2157 2110 1967 2623 2560 2655 2147 2180 2352 2093 2043 58 2483 2281 2636 2267 2150 2559 2234 2492 2619 2366 2484 
2320 2209 1984 2636 2141 2590 2443 
2321 136 2390 
2322 2200 1974 2399 2081 2054 2457 2093 2300 2490 2077 2005 2175 2142 
2323 2346 2065 2481 2134 2029 2627 2608 1998 1982 2517 2174 2605 2377 2389 2427 1969 2146 2454 2383 1951 1949 2634 2116 2252 2010 2282 2245 2320 2578 
2324 2336 2120 2476 2281 2317 2052 2616 2634 2019 2234 2199 2351 2242 2360 2536 2260 2265 2011 2264 2122 1577 2493 2534 2562 2380 2391 2450 2567 1992 2398 2316 2222 58 2490 2538 2465 2372 2640 2494 2318 
2325 2644 2398 2302 2546 1999 2268 1972 2059 2137 2112 2266 2633 2005 2141 2447 
2326 2012 2031 2545 1980 2458 2648 2536 2391 2577 2049 1932 2488 2279 2126 2388 2255 2527 2292 2304 2164 2214 2008 2448 2534 2598 2402 2508 2443 2372 2013 2455 2639 2493 136 
2327 2585 2389 2526 2614 1929 2287 2106 2009 2218 2078 2349 2331 2260 2382 2290 2340 2388 2393 2265 2118 2551 2142 2517 2044 2354 2034 2437 2371 2149 2480 
2328 2253 2612 2312 1957 1922 1967 2376 2340 2645 2159 2262 2275 2104 2367 2264 2388 2404 2508 2134 2173 2265 2452 2092 2188 2619 2308 1937 2644 2478 2552 2570 2035 2549 2123 2481 2206 2526 
2329 2316 2270 2415 2627 2031 1988 2532 2312 2144 2483 2513 2297 2628 2235 2295 2038 2082 1934 2330 2203 1970 2432 2262 2445 2444 
2330 2333 2312 2639 2344 2264 2520 2470 2487 2623 2526 
2331 2305 2262 2248 2099 2264 2169 2021 2061 2222 2082 2472 2199 1994 2502 2416 2219 2528 2612 2189 2405 2304 2361 1969 2580 2044 2367 2066 2128 2015 2440 2037 2349 2390 2653 2594 1976 2569 2650 2609 2644 2017 2400 2194 2165 2259 2138 2479 2265 2432 2459 2419 1919 2547 
2332 2488 2456 2161 2206 2012 2181 1996 1949 2076 1922 2367 2370 1963 2659 2557 1933 2602 2467 2129 
2333 1938 2233 2059 2108 1931 2186 2436 2478 2497 2622 2080 2107 2395 2200 2464 1936 2579 2401 2639 2276 2578 2595 2519 2092 2619 2365 2001 2192 2466 2006 2573 2278 2470 1984 2323 2413 1954 2008 2514 2641 2623 2198 2342 2312 2424 
2334 2465 2217 2303 2638 1913 2338 2273 2547 2016 2321 2096 2100 2188 2346 2439 1960 2462 2534 2076 2232 2519 2282 2208 2258 2094 
2335 2310 2128 2224 1718 2178 2136 2010 
2336 2229 2341 2641 2564 2152 2646 2024 2565 2284 2295 2096 2639 2426 2311 2635 1984 2546 2339 2235 2480 2443 2040 2441 2141 2231 2439 2352 1992 2193 2126 2361 2570 
2337 2476 2234 2057 1981 2336 2603 
2338 2193 2107 1988 2406 2097 2625 2370 2083 2120 2615 2413 2314 2034 2144 2070 
2339 2260 2479 1948 2263 1988 2456 2457 2294 2562 1968 1969 2495 2511 2499 2403 2543 1942 1987 2157 2574 2365 2101 2472 1965 1980 2416 2219 2438 2018 2164 2512 2333 2199 1951 2285 
2340 2335 2252 2041 1955 2227 2223 2189 2044 2659 1942 563 2203 2474 1931 2523 2295 2304 1958 1975 2544 2512 2051 2235 1928 2636 2584 1970 2068 2334 2129 2582 1965 2353 
2341 2077 2025 2644 2631 2159 
2342 2357 2162 1914 2477 2413 2234 2376 2513 
2343 2621 2118 2494 2235 2548 136 1976 1926 2265 2495 2551 1993 1932 2259 
2344 2193 2275 2143 2331 2106 2280 2413 2442 2605 2302 2470 2046 2423 2015 2204 2474 2358 2602 2088 
2345 2392 2350 2498 2188 2536 2315 2202 2147 2298 2275 2150 2533 2100 2511 2455 
2346 2134 2370 2056 2049 2268 2101 
2347 2167 2318 2277 1992 2001 2626 2465 2313 2249 2168 2358 2238 2242 2310 2651 2459 2528 2385 2391 2589 2426 2394 2267 2158 2594 2441 2364 2312 2640 1950 2599 2496 2035 2481 428 2635 2203 2263 2185 2637 2317 2610 2564 2097 1933 2316 2305 2608 2641 2254 2486 2166 2642 2660 2330 2359 2221 2232 2114 2548 2421 2603 1937 1975 2119 2314 2322 
2348 2502 2128 1989 2421 2660 1927 2186 2488 2367 2183 2027 1969 2535 1959 2536 2403 2566 2291 2162 2455 2355 2407 2029 2146 2286 2136 2621 2013 2648 1948 58 2048 2288 2531 2342 1995 2100 
2349 2032 1996 2043 2365 2192 
2350 1990 2045 2406 2206 1952 2398 2353 
2351 2451 2213 2428 2252 2513 2656 2163 2284 2323 2031 2546 1916 2551 2101 2322 2004 2503 2318 2139 2329 
2352 2530 2576 2048 2508 2176 1995 2094 2617 2463 2107 2273 2402 2330 2001 2391 2147 2426 2350 2186 2024 2141 2324 2193 2274 2389 2143 1935 2651 2081 1924 2000 2242 2263 2268 2457 1927 2364 2008 2051 
2353 2453 1927 2067 2333 2288 2133 2021 2415 2444 2391 1963 2472 2199 2412 
2354 2452 2056 2274 2032 2247 2097 2353 1920 2212 2031 1973 2021 2267 2613 2305 2321 2228 2650 2156 2417 2012 2567 2208 2107 2479 1937 2523 2512 1961 2351 
2355 2080 2609 2562 
2356 2273 2640 2597 2487 2040 1982 2515 2009 1948 2174 2591 2344 2322 2509 2402 1992 2474 2382 2421 2160 2135 2280 2473 1916 2300 2044 2029 2144 2192 2643 2157 2295 1977 2523 1930 2606 2645 2128 1999 2528 
2357 2531 
2358 2285 1940 2024 
2359 2282 2510 2403 2353 1965 2522 2561 2039 2163 1994 2322 2312 2502 2475 2498 2010 2556 2656 2196 2587 1955 2501 2021 2621 2214 1993 2557 1718 2325 2035 2508 2540 2382 2286 2127 
2360 2085 
2361 2007 2092 2480 2511 2148 2505 2024 2109 2462 
2362 2437 2645 2566 2511 2180 1920 2382 
2363 1940 2579 2332 2029 2010 2432 1924 2150 1948 2072 2319 2258 2241 2650 2393 2034 2070 2243 2254 2126 2481 2166 58 2002 2525 1980 1987 2032 2317 2534 2506 2297 2315 2037 2022 2155 2648 2153 2493 2304 2158 2582 1918 2049 
2364 2082 2410 2350 2161 2325 2252 2155 2601 1962 2259 2555 2479 2590 2439 
2365 2199 2578 2429 2625 2541 2465 2455 2526 2032 2385 2439 2206 2132 
2366 2034 2329 2585 2383 2219 2528 1980 2513 
2367 2590 2489 1922 2380 2539 2557 2628 2488 2541 2525 2290 2487 
2368 2120 2312 2055 2427 2333 1989 2587 2240 2320 2058 2549 2493 2287 2066 2459 2321 1999 2221 2343 2441 
2369 2105 2282 2129 2182 2644 2217 2384 2302 2138 2097 2225 2199 2437 2186 1969 2361 2159 2519 2349 2353 2343 1974 563 1957 2457 2581 2642 2616 2088 1982 428 2421 1988 2658 2450 2562 2068 2207 2219 2222 2126 2228 2648 2032 2434 2401 
2370 2119 2476 2313 2328 2116 2252 2133 2345 2068 2157 2289 2631 2125 2183 2432 2267 1992 2605 2355 2552 2247 2380 2219 2217 2465 2424 2080 2547 2343 2192 2226 2207 1926 2400 2011 
2371 2364 2358 2656 2004 2175 2346 2467 1932 2153 2521 2406 
2372 2559 1985 2256 2019 2593 2626 2381 2623 2124 2353 2025 2287 2313 2205 2527 1919 1927 2324 2036 2083 
2373 2048 2481 2512 2577 
2374 2283 2225 2497 2659 2128 1951 2110 2440 2015 2380 2315 2134 2594 1940 2258 2070 2099 2605 2335 2016 2217 2280 2185 2519 2137 2162 2368 2427 2418 2350 2026 2393 1970 2141 2658 2417 1982 
2375 1998 
2376 2599 2314 2041 2449 2277 2341 2597 2180 2148 2605 2453 2160 2094 2456 2386 2470 2384 2208 2349 2176 2621 2353 2249 2659 1942 2213 2436 2609 2285 2247 2568 2114 2487 1981 2237 2641 2628 2400 1967 2280 
2377 2167 2303 2205 2480 2532 2566 2329 2388 2527 2033 2393 2007 2279 2012 2563 2425 2178 2272 2430 2257 1944 2249 2621 
2378 2373 1916 1950 2623 2438 2148 2227 2211 2587 2169 2351 1930 
2379 2003 2181 2128 2504 1997 2385 2329 2087 2178 
2380 
2381 2278 2330 2047 2258 2540 2448 2459 2371 2545 2334 2219 2208 2250 2003 2657 1939 2264 2384 2133 2111 2617 2510 2292 2637 2252 2645 2096 2287 2524 2536 2456 2576 2189 1935 2038 2587 2375 2031 2001 2631 
2382 
2383 2011 2133 2599 2413 2625 2586 
2384 2275 2576 2638 2432 1974 2096 2340 2166 1930 2654 2233 2419 2410 2439 2639 1917 2621 2229 2553 2324 2000 1962 2080 2089 2569 2197 2078 2559 2159 2571 2239 2371 2335 2184 2548 
2385 1991 1974 2567 2525 2103 2501 563 2423 2113 1982 2092 2109 
2386 2597 2486 1956 2303 2342 1970 2405 2221 2441 2215 2066 2070 1936 2584 2134 2224 2021 2024 1929 2037 2284 1954 2038 2009 1960 2230 2457 
2387 2551 2096 2144 2259 1936 2381 2346 2237 
2388 
2389 2256 
2390 2346 2063 2410 2448 2356 563 2166 
2391 2488 1465 2429 2017 2353 2058 2543 2612 2370 2624 1928 2360 2499 2048 1924 2267 
2392 2252 2333 2089 2456 2431 2293 2249 2511 2194 2219 2136 2177 2537 2176 2202 2167 2415 1944 
2393 2511 2124 2430 2170 2136 2004 2572 
2394 1976 2657 2134 2437 2030 2388 2539 2164 2182 2321 2249 1950 2051 2650 2658 2258 2624 2426 1971 1942 1951 2452 2084 
2395 2193 2057 2388 2432 2552 2479 2230 2067 2162 2486 2345 2318 2055 2226 2008 2054 2413 2063 2514 2424 2605 1465 2107 2445 2652 2194 2333 2062 2401 2528 2164 2161 2026 1975 1944 2505 2289 2447 
2396 2037 2399 2338 2019 1931 2165 2262 2305 2655 2455 2653 2439 
2397 2264 1947 2426 2191 1950 2612 2518 
2398 1936 2417 2393 2369 2395 2321 2275 2568 2370 2163 2123 2643 1981 2544 2005 1992 2430 2139 2504 2350 
2399 2557 2388 2576 2044 2091 2017 2271 2537 2352 2215 2492 
2400 2587 2204 2507 2360 2111 2019 
2401 2143 2190 2296 
2402 2484 
2403 2276 2251 
2404 2627 2241 2366 2617 428 2501 2222 2194 2582 1999 2532 2205 2523 2263 2349 2502 1945 2336 2202 1922 2251 2097 2227 2432 2341 2255 2566 2580 2026 2217 2649 1941 1961 2360 2441 2491 2058 
2405 2373 2197 2004 2555 2351 2260 2508 2135 
2406 1966 2130 1956 2360 2567 2087 
2407 1963 2577 2229 2418 2570 2588 1937 2474 2121 2361 2114 2591 2101 2375 2301 2578 2306 
2408 1981 2416 2373 2108 2359 2413 2320 2177 2632 2375 2127 2512 2128 2547 2133 2544 2147 2364 2411 1915 2609 2516 1961 2362 2342 
2409 2585 2167 2380 2379 2529 2068 2047 1931 2641 2658 2390 2173 2055 2194 2479 2458 2524 2450 2091 1961 2301 2509 2349 2476 2002 2302 2130 2054 2389 2506 2158 
2410 2394 2119 2541 2632 2612 2569 2400 2223 2320 2298 1939 2185 2016 2303 2283 2372 2316 2105 2288 2314 2405 2648 2321 2658 2614 2391 2360 2243 2145 2506 2422 2643 2644 2134 
2411 2324 2400 2065 2628 2561 2147 2266 2338 
2412 2557 2351 2139 2462 2155 2232 2335 
2413 1917 2259 2433 2644 
2414 2191 2401 2251 2084 2075 2425 2632 2318 2587 2463 2006 2567 2315 2458 2642 1918 2545 2614 2111 2145 2194 2033 2336 1928 2157 1961 2099 2259 2264 2413 2551 2023 2021 
2415 2094 2245 1916 2154 2179 2356 2418 
2416 1927 2165 2553 1919 
2417 2612 2317 2639 2146 2185 1969 2591 2641 2430 1978 
2418 2482 2162 2585 2528 2338 2060 2508 2223 1936 2316 2253 2612 2028 2251 2341 2084 2609 2594 2346 2042 2254 1956 
2419 1965 2599 2632 2425 2600 2171 1979 2161 2098 2253 2651 2312 2013 2316 2139 2308 2456 2063 1997 2433 2126 2553 1928 2293 
2420 1946 2656 2197 2074 2408 2340 2349 2301 1980 2169 2035 2577 2034 2480 2462 2532 2550 2517 
2421 
2422 
2423 2019 2350 1965 2570 2209 2022 2377 2568 1978 2042 2406 2259 2617 2524 2097 2634 2226 2371 2056 2241 2393 2305 2497 1964 2120 2337 2372 2053 2282 2519 2204 2050 2541 2598 2449 
2424 1950 2654 2593 
2425 2429 2597 2574 2358 2634 
2426 2451 2580 2037 1944 2206 
2427 2042 2284 2511 2201 
2428 2102 2493 2153 2497 2417 2502 2286 2365 2405 2372 2416 2641 2398 1959 2186 2368 2213 2149 1947 2606 2402 2272 2555 2628 2197 1926 2194 1972 2524 2350 2467 2051 2199 2382 2616 2238 2345 1999 2353 2236 
2429 2496 2453 2223 2444 2072 2029 2241 2336 2652 2312 2009 2120 
2430 1935 2396 2117 2252 2657 2456 2620 2193 2371 2013 2364 2146 1465 2372 2615 2579 2165 2658 2082 2298 2541 2325 2281 2400 2399 2011 563 2580 2302 2548 1964 2506 2571 2643 
2431 
2432 2252 2557 2296 2213 
2433 2034 2483 2448 2105 2367 2622 2635 2501 1978 2022 2055 2239 2584 2603 2012 2645 2182 1465 1961 2130 2009 2282 2416 2415 2312 2237 2398 2422 2144 2534 2400 2391 2145 2134 2486 2070 1996 
2434 2376 2440 2213 2535 2469 2443 2076 2593 2299 2152 2591 2253 2173 2513 2056 
2435 2330 
2436 2126 2328 2526 2650 2359 2551 2392 2504 2386 2324 1953 2075 2442 2439 2494 1996 2573 2219 2270 2184 
2437 2069 
2438 2500 2366 2642 2146 2536 2017 2363 2251 2254 2300 2098 2001 2365 1913 2203 2455 2659 
2439 1935 2209 
2440 2645 2178 2438 1994 2038 2233 2326 2490 
2441 2325 1932 
2442 2432 
2443 2325 2555 2181 1972 2604 
2444 2108 2438 
2445 2361 2515 2191 2562 2316 2543 2525 2292 2412 2060 2607 2046 2485 2188 2592 
2446 2580 2186 2519 2193 2454 2350 2215 2152 2174 2547 2209 2569 2476 2203 2397 2270 2513 2117 2644 2281 2016 1972 2011 2127 2035 2387 2528 2400 1918 2378 2352 2610 1949 
2447 1994 2348 2382 2392 2203 2395 2104 2125 2633 1969 
2448 2529 2531 2461 2356 2065 
2449 2574 1993 2479 2338 1921 2531 2244 2357 2094 
2450 2343 2325 2598 1923 2396 2493 
2451 2580 2179 2218 1952 2534 2405 2036 2137 2385 2126 2227 1969 2355 2297 2050 2361 2251 2553 2108 1997 2041 2358 1986 
2452 2072 2289 1950 
2453 2328 2600 2391 
2454 1914 1980 
2455 2151 2565 
2456 
2457 
2458 2304 2657 2036 2485 2216 2432 2446 2408 2341 2110 2245 2014 2039 2201 2395 2493 2097 2582 2599 
2459 1986 2101 2236 2574 1948 2266 2000 1945 2465 2148 2239 
2460 2484 2516 2270 1982 2493 2618 2390 2187 2660 2318 2230 2544 2047 2247 2282 2548 2140 2071 2333 2659 2466 2144 2068 2432 2181 2580 2583 2210 2049 2349 1939 2476 2011 1998 2055 1577 2174 
2461 2529 2407 2161 2516 2255 1936 2020 2315 2628 2565 2610 2455 2650 2408 1922 2347 2051 2019 2391 2185 2506 2562 2423 2190 2535 2490 1968 2406 1944 
2462 2582 2657 2124 2317 2349 2400 2234 2420 2028 2210 2384 2319 2112 2618 2463 2215 2441 2227 2307 1937 
2463 2630 2355 2634 1996 2611 2574 2106 2191 2640 2497 1949 2230 2652 2020 1944 2108 2029 2290 1980 2070 2527 2575 
2464 2429 2365 2501 2002 1954 2096 2106 2230 2235 1994 2247 2422 1990 2180 2603 2519 2254 1934 2382 1992 2413 1919 2384 2061 2650 2509 2032 2047 1956 2263 2010 2451 2067 1927 2345 2004 2145 2316 2133 
2465 1975 1956 1986 2625 2322 2306 2603 
2466 2205 
2467 2112 2185 2478 2179 2241 2209 2575 2440 2144 2048 1995 2017 1991 2456 2046 2536 1941 2385 2231 2619 2451 2285 2599 2281 1939 2613 1973 1930 2015 2259 
2468 2063 2476 2534 2262 1950 2341 2135 2387 2311 2518 1996 2523 2016 2169 2004 2419 2355 2595 2407 2285 2031 2089 2588 2590 2315 2377 2138 
2469 1465 2545 2155 2273 2136 2117 2013 2230 2031 1998 2217 2209 2481 2160 2400 2643 2578 1928 2448 1981 2071 2433 2648 2554 2335 2281 2313 2570 2384 1923 
2470 
2471 2363 2026 2219 2381 1944 1986 2544 2352 2310 1969 2008 2272 2497 2217 2060 2320 2579 2015 2505 2300 2107 2326 2197 2633 2337 2265 
2472 2110 2060 2136 2389 2421 2056 2339 2379 2588 2141 2449 1959 2175 2476 
2473 2005 2552 2036 1968 2345 2368 2461 2176 2120 2304 1915 2437 
2474 2120 2617 2554 1957 2413 2278 2093 
2475 2234 2527 2051 2565 2357 2583 2015 2534 2406 2348 1960 2129 2643 428 1964 2193 2017 2388 2410 2485 
2476 2548 1984 2525 2260 2065 2422 2377 2374 2600 2297 
2477 2106 2303 2438 2092 1951 2212 2518 1980 2393 2536 563 2612 2287 2472 2617 2654 2550 2022 2086 
2478 2583 2628 2634 2582 2164 2544 2581 2343 2642 2273 2656 1913 1971 2231 2423 2424 2043 2425 2598 
2479 2252 2616 2242 2021 2154 2064 2572 2253 
2480 2278 2531 2146 1964 2226 
428 
2482 2085 2128 2418 2285 2024 2337 2312 2109 1981 2435 2155 2101 2050 2540 2614 2176 2364 2605 2031 2403 2230 2545 2351 2023 1992 2426 2445 2318 2425 
2483 2568 
2484 2520 1935 2311 2316 2522 2227 2028 2224 1718 2592 2263 2555 1952 2580 2159 2155 2509 
2485 1948 2060 2572 2211 2561 2610 2449 2111 2113 2314 2541 2515 2159 2149 1923 2038 2448 2144 2267 2285 2466 2612 2270 2128 2234 2203 
2486 2084 2481 2405 1920 
2487 2618 2082 
2488 2482 1948 2197 1939 2218 2015 
2489 2170 2299 2296 1918 2092 2107 2332 2529 2134 2328 2333 2544 2314 2629 2050 2203 
2490 2624 1984 2501 2036 
2491 2342 2285 2353 2467 2604 2163 2413 1930 2648 2562 2253 1987 2428 2492 2470 2173 2091 1966 2490 1931 2304 2430 
2492 2391 2518 2438 2523 2028 2591 2149 2504 2306 2511 2642 2119 2396 2367 2548 2230 2406 2471 1931 1999 2113 2126 2660 2472 2412 2287 2135 2626 2401 2265 2540 1992 2605 2208 2424 2360 2390 
2493 
2494 2245 2275 2324 2123 2399 2276 2306 
2495 2656 2175 2389 2320 2191 2051 2184 2147 2205 2163 2466 2413 2341 2608 2129 2441 1933 2598 2657 2072 2214 2015 2576 2293 2427 
2496 2050 2010 2302 2044 2227 
2497 2455 2201 2402 1977 2254 1986 
2498 2148 1984 2375 2066 2580 2488 2574 2161 2392 2651 2438 2108 1987 2167 2409 2553 2083 2565 2455 2550 2389 2619 
2499 2542 2486 2198 2091 2192 2248 2060 2363 2282 2337 2481 2332 2615 
2500 2360 2058 2394 2303 2263 2355 2431 2029 2014 2068 2262 2204 2258 2361 2130 2320 2385 2476 2318 2146 2128 2162 2534 2031 2227 2177 2208 2608 1959 2343 2508 2577 2358 2391 2305 2529 2497 2248 2285 
2501 2183 2284 1958 2654 1922 2619 2099 2439 2297 2014 2203 
2502 2205 2479 2369 2357 2402 2550 2528 
2503 2214 
2504 2012 2281 2284 2444 2613 2338 2001 2343 2486 2296 2513 1718 2283 2447 2626 2523 2146 2087 2324 1961 2140 2024 2503 2189 2512 2394 2558 2166 2328 2635 
2505 2130 2613 
2506 2408 2549 2122 2342 2501 2566 2594 2156 2039 2569 2284 2110 1954 2089 2301 2654 2126 2547 2524 
2507 2221 1936 2474 2351 1934 2321 1930 2330 2238 2228 2361 1998 2515 2204 2635 2346 2000 2472 2466 2421 2475 1948 2186 2242 1932 2237 2117 2483 2644 1952 2484 2473 2649 2657 2525 2114 2320 2196 2161 2305 2592 2289 2639 2488 
2508 2166 2093 2386 2120 2234 2439 2312 1921 2090 2642 2212 2514 2311 2326 2481 
2509 2097 2078 2381 2131 1924 1998 2449 2359 2430 2251 2632 2376 1919 1992 2497 2360 2291 2386 2284 2448 2123 2012 2504 2061 2562 1933 2159 2409 2167 2581 1963 2272 
2510 1928 2004 2657 1912 2374 2256 2563 2314 2088 2614 2298 2155 2139 2578 2152 2488 2409 2357 2023 2585 2115 2404 2494 1935 2005 2501 2277 1997 2123 2051 2147 2204 2525 1998 2022 2449 2067 2219 
2511 2625 1977 2378 2374 2207 2351 2397 2632 2564 2337 2628 2329 2129 1918 2624 2499 2350 2644 2067 2446 2094 2536 2366 
2512 2646 1948 2284 2431 2595 1915 1968 2534 2564 2547 2650 2102 2296 2070 2140 2600 
2513 1924 2387 
2514 2036 2318 
2515 2595 
2516 2325 2004 2217 2318 2455 2021 2030 2193 2552 2374 2633 2355 2086 2568 2151 2296 2390 2513 2569 
2517 2567 
2518 2122 2071 2209 2550 1577 
2519 2440 2082 2646 2616 2405 
2520 2609 2451 2260 2646 2285 2643 1992 2373 2315 563 2076 1964 2025 2245 2289 2466 2288 2421 2355 2479 2357 2634 1961 2648 2239 2597 2072 2461 2066 2194 
2521 2440 2388 2430 1914 2108 2547 2003 2256 2194 2024 2106 1913 2406 2192 2519 2239 2317 1934 2067 2501 2546 2425 2442 2157 2056 2198 2065 2465 2015 2587 2366 2509 2205 
2522 2297 
2523 2341 2309 2338 2121 2531 2201 
2524 2432 1933 1991 2255 
2525 2338 2175 2034 2312 2182 
2526 2321 2419 2385 2268 1954 2242 2371 2008 2029 2042 2082 2022 2444 2175 2239 2548 2000 2481 2298 2440 2199 2328 2397 2156 2162 2230 2160 2173 2170 2493 2459 2509 2236 
2527 2321 
2528 
2529 2591 2349 2047 2212 1916 2456 1920 2243 
2530 2501 2108 2655 
2531 2219 2043 2480 
2532 2400 1978 2471 2159 2066 2390 2044 2314 2422 2114 2273 2503 2226 2082 2028 1974 2581 2444 2351 2299 2134 1958 2509 
2533 2356 2264 2003 2113 1954 2233 1962 1976 2060 2450 2506 2105 2442 2255 1931 1952 2424 
2534 1923 2560 2413 
2535 2405 2568 2493 2194 
2536 2268 2126 2316 2095 2522 2625 2251 2337 2023 1915 2245 
2537 2290 2424 2623 2507 2234 2520 2628 2600 1962 2027 2147 2023 2218 2045 2483 
2538 2142 2466 2094 2172 1993 1932 2370 2552 2403 2554 2535 
2539 2384 2145 2016 2465 2658 2366 2121 2252 2023 2556 2006 2341 2633 2521 2360 1914 2486 2132 2496 1971 1992 1953 2519 2014 2552 
2540 2600 2516 2487 2380 2574 1976 
2541 
2542 2337 1961 2050 2400 2155 2208 2156 2085 2031 2424 1942 2192 2442 2342 2026 2658 2649 2171 2444 2486 2431 2092 2481 2210 2057 2222 2435 2034 1922 2531 2534 2008 2642 2247 1950 2311 2161 2523 2514 2049 2110 2554 2231 2107 2541 
2543 2487 1922 2307 1996 1975 2583 2155 1977 2316 2565 2339 1930 2205 2405 2400 2076 2116 1974 2174 1999 2479 2023 2494 2337 2421 2231 1964 2659 2230 2557 2367 2056 2518 2221 2019 2541 2584 2035 2141 2094 2470 2466 2305 1955 2185 2563 2010 2156 2025 2362 2626 2304 2562 2628 2424 2105 
2544 2445 2034 2244 2220 1930 2546 1970 2534 
2545 2366 
2546 1998 2289 1952 2060 2493 1961 2221 2322 2265 2489 1958 2124 1915 2300 2007 2332 2362 2012 2527 2162 58 2282 2042 2115 2175 2278 1932 2031 2634 
2547 2117 2019 2244 2092 2048 2619 2560 2561 2049 1935 
2548 2288 
2549 2100 1913 2418 2193 1940 1965 2168 1990 2609 2341 2603 2529 2268 2450 2192 2046 2198 2226 2613 2390 2427 2552 1998 2162 2007 2589 2367 2460 2461 2620 2473 2132 2219 1958 2328 1926 
2550 2530 2467 2173 1954 2214 2252 2065 1949 1919 2456 2527 2629 2448 2111 2097 2146 2182 2519 2355 1944 2272 2634 2107 2013 2364 1929 2403 2141 2162 2416 2074 2491 
2551 2226 2371 2041 2449 2383 2556 2629 2224 2402 2061 2444 2050 2536 2616 2530 1931 1995 2292 2254 2248 2223 2572 2425 
2552 2225 2549 2156 2204 2065 1976 2439 2434 1980 1987 2245 2605 2258 
2553 2094 2496 1942 2548 2440 2137 1977 2097 2241 2050 2597 2255 2357 2622 2420 2444 2149 2516 2141 2173 2581 1946 2431 1967 2283 1919 2284 2629 2521 2087 2208 2003 2610 2448 2537 2249 1931 2523 2570 2483 2467 
2554 2166 2387 2519 2547 2555 2380 1985 1936 2003 2569 2141 2475 2501 1999 1948 2111 2329 2135 2080 2127 2378 2283 2051 
2555 2526 2433 2390 2120 2646 2641 1952 2385 2261 2112 2212 2193 2378 2184 2242 2319 2639 2633 2157 2107 2174 2150 2278 2129 2434 2197 2415 2167 2630 2213 
2556 2305 2163 2486 2043 1948 2285 2359 2216 2318 2363 2346 2248 2267 2396 1914 2519 2451 2591 1931 2187 1946 1919 2613 2367 2223 2476 1998 2441 2634 
2557 2135 2485 2120 1970 1932 2413 2598 2543 
2558 2094 2133 
2559 2166 1972 2552 2155 2622 2053 2637 2302 2052 2465 2051 2189 2127 2152 2156 2006 1970 2371 1988 2523 2478 2490 1930 2288 2106 2587 2573 2422 2319 2009 
2560 2659 1926 2403 2362 2544 2656 2440 2149 2585 2387 2281 2454 2380 2303 2312 2444 2175 2051 1973 2002 2224 2419 2555 2391 2388 2415 2328 2231 2497 2476 2191 2194 2015 2250 2361 2384 2196 2215 2373 1932 2031 2417 1988 1989 
2561 2461 2203 2232 2215 2241 2119 2635 2296 2485 2002 2265 2337 2626 2546 2574 2214 1967 1935 2495 2219 1921 2406 2657 2113 2649 2417 2082 2420 1934 2159 1978 
2562 
2563 1940 2487 2052 2155 2434 2267 2643 1982 2635 2215 2451 2107 2536 1991 1947 2278 2455 2571 2412 2490 2390 2302 2065 2225 2380 
2564 2501 2202 2189 2366 1955 2658 2651 2361 2479 2132 2107 2399 2372 1976 2312 2092 2439 2161 2494 2094 2169 2304 2223 1969 1945 2164 2319 2317 2165 2580 2535 2314 2310 2194 1923 2116 2523 1951 1960 2044 2155 2419 2487 2421 2288 
2565 
2566 2627 2106 2513 2295 2209 2218 
2567 1992 2201 2344 2473 2329 2504 2017 2094 2600 2551 2365 2585 2242 2142 2316 2357 1980 2124 2227 2256 2376 2631 2368 2106 
2568 2258 
2569 2127 
2570 2025 2376 2643 1965 2408 2528 
2571 2649 2160 2277 2639 1927 1988 1718 2615 
2572 2280 2452 
2573 2241 2522 2068 2442 2329 2249 2152 2431 2238 2207 2183 1939 2303 2122 1955 1972 2591 2072 1998 2644 2279 2491 2155 2052 2474 2544 2179 2516 2401 2115 2620 2419 
2574 1958 2452 2027 2182 1937 2626 2390 2614 2576 2448 2333 2002 2432 2194 2313 2025 2407 2029 2224 2485 2117 2368 2300 
2575 2103 2362 2302 2053 2350 2100 2107 2429 2372 2533 2036 1970 2365 2039 2023 1965 2106 2527 2522 2137 2209 1954 2274 2117 2032 2327 2145 2320 2643 1913 
2576 2235 2277 2424 2419 2654 2498 2588 2149 1962 2260 2036 
2577 2226 1955 2462 1994 1968 
2578 2054 1954 2372 2305 2415 2557 2175 2442 2318 2101 2360 2156 2622 2572 2146 2545 2207 2313 2657 2155 2087 2566 2186 1996 2452 2230 2402 2010 2114 2416 2333 1955 1939 2413 2422 2531 2389 
2579 1989 2224 2515 2536 1970 2653 1999 2597 2457 2252 2550 2510 2260 2406 2047 2274 2213 2318 2149 2576 2300 2044 2430 2609 2616 1984 1972 2613 2330 2239 
2580 1930 
2581 2634 2135 2275 2249 2031 2531 
2582 2447 2082 2257 2621 2274 2514 2319 2612 2486 2499 2613 1979 2586 2303 2568 1924 2229 2233 
2583 2541 2007 2008 2219 1982 2418 2471 2299 2238 
2584 2278 
2585 2578 2308 2322 2623 2038 1962 2127 1953 2170 
2586 2330 1999 2152 1919 2536 2008 2256 2110 2119 2061 2567 2156 2318 2277 2422 2440 2209 2515 2477 2185 2145 2534 1998 1949 1997 2411 2519 2157 2302 2263 1927 1577 2163 1977 2272 2383 2310 2658 2633 2280 
2587 2282 2468 2306 2002 1577 
2588 2075 2015 2209 2452 2385 2618 2531 2564 1925 2553 1996 2104 2415 58 2609 2408 2355 2497 
2589 1954 1973 2566 2614 2557 2417 2556 2231 1950 2561 2042 2246 1970 2529 2276 2243 2219 1918 2613 
2590 2247 2320 2231 2048 2072 2571 2651 2208 2622 2198 2345 2136 1964 2242 2325 2343 1992 2128 2038 2632 1948 1577 2396 2207 1933 1914 2042 2489 2515 2397 2335 2199 2035 2185 2110 2285 2312 1921 1978 2417 2256 2228 2011 1944 
2591 1937 2370 2608 2377 2044 2058 2579 2200 2160 1962 2466 2617 2087 2538 2452 
2592 2009 1943 2116 2449 2523 2505 2331 2513 2306 2364 2172 2218 2063 1983 2492 2286 1986 2055 2502 2027 2494 2301 1971 2321 2212 2313 2031 2270 2101 2387 2409 2296 2412 2126 2100 2202 2520 2096 2107 
2593 2157 2427 2068 2372 2488 2375 2321 2346 2442 2341 2196 2360 2245 2382 2618 2519 2351 1956 2583 2432 2027 2429 2645 2567 2496 2476 2017 2062 
2594 2139 2150 2412 2166 2214 2178 2639 2485 2652 2523 2460 2489 1963 
2595 1914 2212 
2597 2122 2217 2516 2478 2206 1919 2307 2008 2202 2463 2387 2193 2548 2435 2246 2215 2198 1938 
2598 1962 2614 2462 2656 2416 2308 2581 2260 1997 2340 2474 2303 2181 2430 1927 2547 2202 2210 2339 2440 2540 2109 2487 2016 2624 2515 2457 2628 2314 2197 2325 2213 2004 2084 2229 2446 2297 2526 1918 2025 2549 2012 2586 2627 
2599 2103 
2600 2566 2217 2439 2425 2525 2080 1942 2161 563 2634 2648 2295 2505 2504 2262 2054 2254 2360 2173 2025 2537 2476 2541 1967 1951 2371 2208 2412 2176 2424 2472 2252 1939 1987 2493 2042 1950 
2601 2274 2343 2320 2096 2484 2566 2026 2251 2242 2632 2048 1956 2555 2514 1931 2196 2166 2574 2163 1922 2312 2085 2394 2393 2024 2113 2554 2224 1960 2497 2366 1920 1991 2148 1927 2044 2173 2019 2437 2278 
2602 2544 2001 2082 2429 2038 1924 1995 2458 2345 2394 2475 2183 2443 2185 2445 2609 2501 2438 2416 2440 2281 2129 1972 1982 2359 2488 2617 2019 2016 2319 2068 2603 2366 2533 2476 2330 2393 2003 2349 1945 1923 2096 2379 
2603 2288 2015 1969 2227 2371 428 2152 2498 2261 2370 2012 
2604 2457 1961 2219 1977 2497 2466 2426 1974 2530 2226 2627 2034 2050 2491 2293 2044 2383 2315 2215 2577 2075 2168 2054 2461 2197 2658 2263 2113 1955 2003 2519 2332 2437 2065 2277 2653 2187 2062 2032 1956 2312 2538 
2605 2153 2346 2524 
2606 2363 2029 2147 2586 2541 2505 1985 2006 2639 2303 2529 1914 2403 2364 2466 2094 
2607 2017 2217 2296 2117 428 2006 1975 1961 2173 2434 1977 2595 2301 2049 2656 2176 2403 1942 1958 2082 2007 2113 2207 2053 2204 2398 2223 2032 2024 1932 2545 2612 2228 2519 2015 
2608 2319 2191 1940 1998 1931 2631 2545 2483 1952 1937 2094 428 2486 2069 2590 2625 2136 2401 2140 2306 2250 1942 2654 
2609 2146 2124 2388 1976 2274 2432 2482 1952 1938 2548 
2610 2462 2332 2080 2029 2503 2588 1933 2483 2012 2379 2426 2398 
2611 1994 2284 1924 2649 2406 2202 428 2194 2647 2591 2273 2548 2067 2610 2411 2234 1932 2072 2224 2057 2175 2577 2459 1947 2283 2599 2295 1959 2538 2279 2242 2094 2301 2458 2481 2470 1945 2426 2571 2597 2608 2027 2490 
563 2213 
2613 2004 2343 2536 1976 2612 2339 
2614 2091 2577 2036 1961 
2615 2304 2652 2455 2647 2047 2128 2189 2097 2074 2022 2300 2443 1982 2161 2230 563 2077 2436 2445 1980 136 2639 2388 2051 2274 2166 2330 2243 2080 2211 2058 2297 1919 2566 2474 2008 1930 
2616 2394 2004 2615 2367 1950 2315 2132 2216 2022 2041 2600 2240 2527 2175 2137 2452 2637 2114 
2617 2408 1974 2370 2622 2274 2609 1934 2559 2141 2039 2093 2173 1990 2480 1958 2571 2266 2361 1942 2626 
2618 2105 2492 2454 2544 
2619 2065 2518 2066 2636 2049 2566 1982 2342 2295 2273 2609 2531 2227 2641 2364 2427 2407 2443 2620 2629 2148 2632 2247 2544 2598 2505 2361 2047 1956 2584 2225 2372 2117 2050 2614 2516 2588 2645 2367 2375 2111 
2620 2607 1944 2452 2327 2403 2553 2432 2139 1955 2185 428 2088 
2612 2277 2133 
2622 1917 2310 2178 2299 
2623 2336 2173 2185 2008 2211 2149 2606 1913 2363 2156 2375 2248 2371 2654 2649 2321 1951 1961 2480 2305 2645 2591 2217 2041 2357 2245 1914 2252 1940 2091 
2624 2496 2569 2346 2371 2426 2459 2642 2205 2065 2396 2412 2479 2246 2232 2111 2196 1975 1990 2512 2635 1913 2341 2446 2455 1972 2055 2451 2149 2024 1999 2127 1914 2151 2498 2368 1977 1992 2343 2071 2588 
2625 2259 2644 2318 2303 2533 1916 2237 2349 2659 2183 2044 2480 2434 2337 2267 2389 2339 2114 2394 2015 2076 2058 2061 2298 2462 2283 2111 2393 2388 1996 2158 2268 2525 2281 1934 2360 1969 2082 2368 
2626 2158 2102 2168 
2627 2587 2170 2348 
2628 2539 2316 2355 2276 2198 2419 2582 
2629 2501 2059 2255 2595 2585 2267 2503 1966 2416 1940 2320 2392 2326 2404 2030 2397 2220 2216 2106 2525 2345 2272 2049 2633 
2630 1977 2012 2321 2452 2311 1928 1936 2438 2623 2052 2297 1978 2199 2094 2592 2640 2222 2270 2230 2555 2121 2384 2242 2322 2580 2609 2417 2383 1953 1956 2152 2312 2120 2371 2076 1935 2647 2235 2351 2361 2316 2214 2243 
2631 2234 2554 428 2588 2518 2243 2540 2618 2481 2589 2060 2476 2355 2399 2521 2036 2467 2156 2395 2236 2494 
2632 1980 
2633 2525 2471 2372 2504 2092 2072 2182 2254 2521 2590 2513 2585 
2634 
2635 2568 2507 1991 2540 2048 
2636 2318 2169 2500 2531 2189 1945 2517 2344 
2637 2614 2313 2067 2035 2474 2204 
2638 2608 2270 1973 2126 2588 2273 2634 2167 2144 2584 2147 2181 2215 2435 2565 2454 2376 2027 2642 2616 2583 2525 2391 2343 2289 2538 2178 2459 2548 2314 2346 2322 2198 2191 2641 2493 2239 2571 2204 
2639 1954 2340 2520 2559 2625 2524 2092 
2640 2145 2539 2007 1965 2470 2454 
2641 2604 2008 2235 1974 
2642 2224 2399 2593 2566 2297 2147 2511 2546 1960 2216 2278 2019 2424 2291 1936 2258 2562 1996 2584 2163 2121 2091 2579 2085 1984 2647 2162 
2643 2633 2535 2334 2558 2511 2439 2460 2078 1919 1924 2024 2143 2448 1967 2541 2116 2057 2436 2308 2481 1936 2452 563 2312 2453 
2644 2040 2336 2366 
2645 2315 2168 2057 2155 2277 2451 2614 2166 2081 
2646 1948 2599 2268 2228 2581 2519 1933 2060 2490 2204 2565 2147 2649 2263 2335 2569 2245 1965 2071 2655 2281 2595 1932 
2647 1933 2383 2616 2204 2575 1990 2098 2161 2136 2392 2121 2565 
2648 2412 2370 2646 2137 2469 1978 2059 2358 2030 
2649 2483 2383 2625 2532 2230 2110 2057 2184 2221 2620 2257 2361 2238 2364 2414 2556 2101 2193 2181 2109 2202 2063 2100 2422 2513 
2650 2081 2127 2371 
2651 2358 2577 
2652 2583 2153 2341 2528 2455 2090 2169 1941 2386 2038 
2653 2165 1930 2416 2034 2492 2404 2460 2521 2340 2233 2641 1971 2271 
2654 2119 2567 2322 2620 2230 2262 2183 1955 2458 2076 2281 2419 2505 2051 1936 2085 2159 2274 2451 2658 2116 2525 2640 2225 2557 2437 2039 2504 2527 2383 2312 2480 1932 2031 2042 2448 
2655 2438 2159 2182 2297 2517 2418 2263 2050 2623 2355 2028 2153 1975 2327 2515 2058 2357 2456 2558 2608 2002 1965 2174 2315 1967 2181 1933 2065 2659 2496 1950 1957 2134 2629 2472 2330 2113 
2656 2552 2271 2616 1995 
2657 1981 2194 2429 2255 2200 2152 1924 2302 2512 1976 2149 2319 
2658 2170 2463 2187 2293 2525 2371 2089 2402 2047 2372 
2659 2059 2033 2599 2513 2493 2073 2173 2608 2325 2314 2392 
2660 2655 2153 2135 2210 2348 2019 2184 2403 2056 
2621 
2481 
1465 2061 2253 2171 2582 2583 1992 2221 2456 2093 2085 2261 2624 2218 2453 2633 2119 1917 
1577 2084 2073 2023 2388 2410 2607 2095 2641 2022 2096 2116 2058 2483 1991 2337 1946 1951 2505 2350 2488 2098 2427 2369 2428 2214 
1718 2415 2636 2014 2335 2618 2578 2396 2358 2501 2597 2298 1984 2507 2604 2112 1974 2462 2623 2559 1986 2531 2171 2095 
2106 
1912 2264 2207 2058 2417 2107 2213 2510 2285 2522 2493 2368 1940 2490 2205 2547 2281 2239 1916 2202 2467 2554 1924 2508 2427 2180 2305 2380 2226 2435 2429 2044 1982 2166 2198 2050 2644 2545 2303 2330 2383 2552 
1913 2103 
1914 2433 2399 2125 2471 2423 
1915 2020 
1916 2313 2464 2134 2521 1465 2146 2104 2301 2608 2020 2182 2029 2231 2647 2300 2549 
1917 2647 2081 1954 2042 2199 2567 2236 2317 2127 2126 1951 2022 1915 2315 2187 2506 1937 2425 2650 1987 2417 2522 2119 2405 1974 2440 2265 2122 2636 2011 2185 2633 2178 2545 2219 
1918 2031 1959 2011 2106 2189 2254 2049 2274 1954 2041 2502 2594 2017 2411 2629 2565 2018 2583 2414 1913 2185 2077 2366 2247 2009 2085 1948 2548 
1919 2527 2488 2377 1916 2056 2189 
1920 2393 1961 2493 2310 2414 2322 2015 2578 2588 2657 2561 2341 2630 2489 2112 2273 2594 2337 1982 2329 2430 2091 2408 
1921 2129 2550 2529 2314 
1922 2586 2241 2535 2647 
1923 2485 2504 2383 2108 2296 2338 
1924 2403 2284 
1925 2319 2005 2238 2264 2366 2209 1999 2203 2375 2614 1949 2166 1924 2259 2519 2178 2570 2616 2377 1954 2471 2131 2015 2640 2426 
1926 2409 2488 1931 2407 1928 2042 2198 2290 2413 2647 2517 2164 1927 2339 2157 2221 2070 2152 2474 2200 1981 
1927 2285 2281 2472 2604 2635 2074 1936 2407 2099 2063 
1928 2236 2016 2063 2445 2394 
1929 2506 2513 2135 2585 2634 2389 2567 2653 2650 2089 2427 2167 2315 1920 1958 2313 2044 2259 2052 2238 2293 2416 2264 1922 2191 2532 2283 2036 2452 2312 
1930 2001 2330 2224 
1931 2522 2094 2552 2475 2015 2163 
1932 2485 2428 2059 2005 2118 2644 2625 2495 2350 2357 2343 2203 1956 2058 2421 2106 2168 1918 2036 2530 2441 2294 1955 2252 2534 2069 
1933 
1934 2164 
1935 1986 2558 2315 1953 2311 2556 2066 2567 1950 2160 428 1928 2052 
1936 2291 2493 2528 2107 2399 2565 
1937 
1938 2052 2419 2659 2437 2503 2208 2417 2473 2247 1950 2443 2555 1968 2315 2441 2008 2461 2286 2396 1973 1964 1577 2287 2236 2488 2192 2510 2606 2622 2451 2465 2568 
1939 2130 2413 2650 2504 2026 2401 2534 2329 1965 2094 2561 2494 2214 
1940 2576 2000 2325 2518 2637 1950 2386 2438 1951 2334 2356 2070 2481 2535 
1941 2133 563 2572 2176 2479 2426 1922 2130 2647 2213 2197 2418 2565 2631 1999 2524 2570 2277 2245 2413 2303 2343 1931 2435 2380 2541 2135 2295 2638 1951 2654 2527 2318 2503 2595 1965 2383 2085 2000 2234 2406 2217 2402 2476 2360 2394 2455 1972 
1942 2030 2370 2330 1977 2147 
1943 2645 1955 2618 2054 1975 2051 2050 2288 2435 2524 1914 2441 2636 2008 2226 2429 1996 1977 1998 2181 2343 2360 2629 1990 2567 2299 2158 2411 2620 1926 2508 2523 2449 1982 2130 2580 2002 2388 2572 1916 563 2617 
1944 2619 2070 1953 2098 2173 2137 
1945 1930 2043 2431 2385 1956 2197 2140 2513 2541 2288 1950 2296 2478 2120 2411 2311 2293 2404 2560 2287 2376 2046 2590 2205 2335 2418 2409 2106 2615 2477 2265 2040 
1946 2407 2248 2144 2360 2001 2383 1465 2089 2648 1987 2295 2239 2426 2076 2569 2205 2385 2203 2126 2209 2256 2583 2314 2394 2252 2390 2038 2217 2304 2651 2286 2658 2222 2301 
1947 2293 2043 2457 2313 2248 2370 2341 1978 2359 2009 1966 2546 2251 2489 2340 2286 2031 58 2426 1938 2308 2134 428 2237 2179 2326 2504 2181 2006 2005 
1948 2579 2175 2155 2212 2350 2476 2631 1991 2345 2080 2503 2008 2085 2526 2573 2375 2537 2152 1992 2457 2311 1969 2484 2620 2577 2190 2303 2466 2271 2307 
1949 2101 
1950 2110 2096 2319 2192 
1951 2049 2385 2517 1577 2555 2458 2501 2361 2415 2487 2076 2491 2214 2141 2558 
1952 2213 
1953 2413 1942 2156 2051 2126 2127 2137 2235 2102 2185 2397 2295 2382 2231 2056 2236 2014 2224 2191 2256 2355 563 2379 2157 
1954 2451 1924 2420 2152 1946 2421 2303 2243 2244 2429 2452 2577 2107 2233 1987 2113 2562 
1955 2373 2591 2036 2402 2556 2496 2576 2529 2438 2495 2047 2177 2492 2558 2044 2331 2365 2188 1984 
1956 
1957 2503 2547 2011 2622 2461 2604 
1958 2511 2560 2546 2496 2128 2273 2026 2007 
1959 2209 2530 2429 2621 2439 1946 2378 2316 2493 2476 1928 1997 2123 2256 2548 2408 2055 
1960 2616 2094 2084 2396 1921 1998 2293 2430 2245 2250 2506 1969 2149 2640 2308 
1961 2052 2058 
1962 2080 2065 2380 2273 2571 2659 2144 1932 2126 2413 2168 2226 2474 2132 2651 1916 2000 2368 2621 1967 1919 2163 2017 2488 2449 2177 2470 2603 2454 2232 2377 2217 2473 2443 1913 2114 2272 2052 2652 2274 2014 2523 2249 2023 1973 2015 2397 2238 2345 2192 
1963 2265 2384 1923 1937 2504 2363 2621 2579 2333 2062 1930 2417 1978 2620 2193 1936 2044 2231 2017 2589 
1964 2455 1935 2652 2118 2387 2604 2018 2627 2088 2503 2064 2386 2054 2166 2246 2250 2139 2068 1963 1938 2033 2270 2039 2524 
1965 1999 2285 
1966 1978 1926 2368 1982 2485 2603 2648 1953 2562 2451 2566 2130 2489 2488 2282 2361 1945 2305 2362 2620 2208 2443 2493 2372 2211 2343 2582 2009 2660 2110 1923 2280 2412 1960 
1967 
1968 2418 1917 2411 2067 2260 2513 2084 2135 2287 2369 
1969 
1970 1991 1927 1939 2354 2350 2558 2311 2629 
1971 1976 2373 2155 2565 2207 2636 1981 1996 2243 2488 2411 2137 2067 1957 2592 2548 2019 2541 2279 2293 2545 2175 1978 2449 2475 2445 2335 2280 2424 2159 
1972 2615 2484 2118 1975 2117 1987 2306 2090 2244 2015 2592 2379 2517 2567 
1973 1955 2617 2416 2517 2233 1967 2594 2607 2029 2065 
1974 2289 
1975 2353 1999 2374 2279 2037 2134 
1976 2357 2339 2398 2160 2149 2205 2349 2186 2467 2650 2266 
1977 2609 2044 1974 
1978 2645 2163 2584 2191 
1979 2566 2076 2287 2158 2538 2658 2006 2562 2518 2463 2244 2629 2627 2397 2345 2168 1924 2438 2442 2291 2579 2089 2659 2259 2335 2047 2367 2106 
1980 2418 2073 1940 2121 2262 2550 2217 2189 2239 2227 
1981 1965 2175 2225 2204 2338 2633 2064 2155 2450 2498 
1982 1953 2330 2462 2491 2087 2265 2354 
1983 2264 2355 2100 2605 2126 2333 1914 2125 2645 1988 2167 1959 2450 2472 2513 2168 2436 2620 2133 2236 2013 2283 428 2567 2595 2535 1954 2023 2562 1932 2068 2254 2634 2502 2610 1997 2017 2639 2048 2421 2360 2659 
1984 2358 2304 2181 2497 2134 1964 2209 2502 2279 2283 2528 1999 2402 1967 2082 2106 2595 2032 2613 2618 2330 2382 428 2243 2310 2182 1976 2116 2641 2512 2399 2211 2470 2486 2114 2193 
1985 2094 2437 2458 2226 2529 2405 2552 2298 2490 2569 1921 2441 1930 1958 1963 2036 2463 1944 2245 2510 2435 1972 2009 2001 2617 1998 1950 2538 2026 2257 2187 2548 2361 2378 2424 1926 2066 2486 2259 2653 1978 2605 2622 2496 2656 
1986 2036 1926 2545 2415 1948 2225 2642 1915 2133 1913 2003 2599 2129 1991 2035 2345 1958 2099 2306 2434 2447 2144 2360 2624 2293 2024 2515 2092 2117 1923 2505 2493 2422 1937 2321 2147 
1987 2015 2523 2009 2658 2233 
1988 2433 2567 2213 2449 1958 
1989 2548 2620 2285 2645 2090 2098 2013 2291 
1990 2136 2350 2377 
1991 2557 2485 2137 1936 2470 2616 2380 2294 2110 
1992 2120 2263 2652 
1993 2434 2617 1927 2562 2424 1996 2054 2110 2589 1957 2080 2120 2236 2192 1961 2544 2293 2642 2377 2282 2185 2301 2051 2292 2193 2457 2015 2487 2633 2042 2418 2643 2415 2294 2488 2267 2383 2605 1932 2062 
1994 2607 2404 2359 2051 2208 2122 2558 2278 2385 2000 2024 2063 2252 2005 2371 
1995 2073 2145 2509 2226 2399 2003 2553 1915 2167 2315 2002 2111 
1996 
1997 1926 2415 2360 2541 2612 2511 2614 1919 2373 2239 1937 2635 2210 2007 2656 2445 2066 2115 1927 1939 1962 2205 2627 1976 2006 
1998 2060 2010 2499 2041 2299 2324 2311 2073 2336 2342 2511 2290 2392 
1999 2208 2087 2081 2173 2177 
2000 2572 2156 2077 2089 2039 1936 2447 2606 
2001 2492 2520 2040 1971 2555 2037 1923 
2002 1977 2124 2629 2578 1913 2201 2544 2223 2451 2454 2458 2432 2157 1984 2140 
2003 2640 2490 2514 2571 2082 2634 2163 2028 
2004 1936 2132 2245 2520 2066 2242 2286 2613 2360 2427 1982 2032 2548 
2005 2038 2350 2403 2660 2167 2397 2191 2310 2243 2028 2511 2492 2534 2140 1923 2071 2221 2105 2048 1967 2228 2598 2436 2274 2371 2238 2537 
2006 2392 1918 2600 2402 2576 2532 1933 2398 2176 2496 2154 2117 
2007 1949 2253 1997 2392 2090 1968 1914 2452 2556 2131 2237 2228 2430 2004 2529 1952 2499 2265 2367 1965 2175 2370 2009 2534 2467 2389 2390 2584 2306 2550 2541 2530 1971 2049 2612 
2008 2490 2107 
2009 2324 2217 2552 2175 2113 2082 2658 2605 2259 2138 
2010 2563 2023 1941 2356 2620 2415 2508 2623 1965 2208 2308 1979 2459 2372 2521 2533 2559 2636 2238 2479 
2011 2015 2140 2146 2174 2083 563 2201 
2012 2523 2417 2615 2322 2641 2655 
2013 2550 2433 
2014 2144 2541 
2015 
2016 2558 1994 
2017 2003 
2018 2338 1465 2283 2622 1997 1950 2587 2254 1922 
2019 2571 2207 2249 
2020 2383 2141 2537 2010 2603 2589 2355 2592 2534 2251 2434 2147 2074 2292 2569 2540 2025 1980 2178 2310 2610 2591 2259 2530 2557 2087 2359 1947 1975 2373 2513 2277 
2021 2148 2018 2516 2496 
2022 2523 2463 2413 2076 2092 2055 2259 1940 2231 
2023 2254 1998 2125 2356 
2024 2218 1992 1947 2031 2026 2315 2335 2579 2278 2568 2282 2609 
2025 2086 1961 1949 2072 2612 2561 2323 
2026 2448 2090 2485 1964 2229 2145 2021 2182 2149 2013 2093 2220 1933 1951 2167 2281 2630 
2027 1955 2355 2422 2655 2504 2623 
2028 2061 2019 2189 2167 1999 2654 2340 1978 2354 2103 2048 2304 1977 2228 2182 1926 2422 2355 2452 2076 
2029 2286 2462 2200 2092 2521 2419 58 2463 2309 
2030 2134 2609 2442 2627 2235 1577 2496 2178 1978 2163 2572 2332 2138 2391 2417 2023 2182 2389 2466 2246 2264 2245 2633 2250 2394 2006 2651 2057 2009 1969 2385 2416 2209 2222 2149 2392 2147 2091 2052 
2031 2089 2171 2368 2280 2073 2331 1997 2523 2377 2064 
2032 1962 2352 2277 2486 1953 1996 2422 2334 2400 1975 2488 2404 2281 2307 2390 2014 2529 1917 2314 2222 2164 2515 2480 2140 2586 2654 2576 2050 2624 2573 2464 2104 2559 
2033 2633 2149 2490 2263 2390 2126 2497 2470 2471 1936 2138 2202 2513 2368 2449 2254 2466 2468 2656 2175 2499 2378 2183 2320 2481 2358 2457 2570 2198 2403 2296 
2034 2073 1929 1925 
2035 2163 2552 2427 2014 2487 2179 2044 2102 2641 
2036 2219 2097 2604 
2037 1949 2384 1958 2529 2209 2219 2608 2377 2097 2152 2434 2366 2232 2283 2376 2264 2535 2315 2014 2355 2063 2391 2089 2552 2227 2647 2168 2437 2207 2310 2127 2660 2567 2501 2194 
2038 2563 2461 2320 2309 2278 1951 1983 2184 2042 2260 2427 2154 2536 2082 2243 2181 
2039 2098 2303 2605 2473 2619 2559 2590 2015 2405 2212 2522 2586 2434 2593 1975 2523 1936 2025 2112 2632 2154 2625 2284 2574 2011 
2040 2597 2614 2077 2252 2648 2070 1924 2281 2153 2191 2532 2344 2650 2032 2434 2649 2301 2437 2622 2562 136 2075 2241 2216 2633 2295 
2041 2572 
2042 1949 1962 2414 2208 2394 2355 1972 2526 2310 2276 2518 2489 2071 2136 2393 2303 2415 
2043 2635 2111 2186 2285 2380 2265 2443 2403 2082 2267 2057 2588 2212 1920 2424 2461 2447 2453 2317 2353 1928 2425 1982 2308 2282 2627 2516 1956 2538 2202 2061 2610 2649 2653 2060 2126 2156 
2044 2415 2081 2517 2654 
2045 2402 1994 2426 2250 2570 2274 2307 2172 2017 2008 2182 2232 2312 2147 1963 2297 2605 2130 2072 58 2204 1956 2483 2463 2085 2267 2048 2050 2273 2153 2032 2372 1992 2047 1976 2159 2502 2016 2569 2117 2481 2301 2451 1951 2024 2031 2177 2519 
2046 1944 2177 2626 2247 2647 2231 2400 2525 2162 2569 2642 2325 2505 563 2344 1914 2379 
2047 2251 2550 2179 2204 2260 1999 2168 2115 2476 2276 2159 2484 2016 2576 1937 1946 2617 2630 1922 2620 2585 2418 2520 2060 2538 2234 2591 2017 2489 2651 2376 2490 2574 2154 
