58 3208 3227 2812 3308 
107 3335 
171 3405 2700 3064 3197 
860 3407 
3031 
2661 2752 3431 3107 2684 3233 2757 3085 3022 3362 3051 2885 2909 2807 3105 2866 2968 2800 2908 
2662 2800 3079 3305 2911 3149 3355 3082 2855 2934 
2663 2723 3073 2951 2839 
2664 2666 3189 2911 3251 2965 2796 3117 2700 3056 2820 3199 1666 3368 2661 3280 2771 2703 3430 2751 3113 
2665 2699 2869 2790 2833 2913 
2666 3196 3080 2753 2679 3214 2810 3343 2879 2999 3390 3180 3160 
2667 2696 2974 3040 2813 
2668 3339 3345 2759 3016 3141 3401 3035 3090 3299 
2669 3433 2744 2892 2752 2812 2670 2731 3198 2953 3383 3419 3234 3067 2692 
2670 2835 2819 3370 3183 3258 3280 
2671 2664 3061 
2672 2752 3238 3102 2844 3158 2927 2926 3107 3058 2821 
2673 2808 
2674 2680 3364 2918 3412 3142 3257 2820 2799 2938 2981 3285 3123 2824 3370 2694 3012 3199 3299 2697 2716 3067 
2675 2720 2750 
2676 2831 2686 2934 2865 2674 2922 2703 3104 3303 3341 3159 2990 2998 3327 2670 3155 3324 2822 2928 3315 3198 
2677 3207 3142 2933 
2678 3225 3073 
2679 3278 3171 2665 3366 2962 3370 3275 3148 3214 3354 2914 3079 2832 2704 3167 3107 3428 2720 3030 3093 
2680 3328 2811 3070 3223 2836 2922 3130 3254 3272 3244 
2681 3219 2821 3045 3342 2952 3066 3168 3299 2844 
2682 
2683 2728 2999 1726 2920 3077 3432 2937 2719 3333 3347 2704 3416 2717 3002 
2684 2906 2791 3274 3382 2887 3160 2813 3082 
2685 3220 3158 2980 3342 
2686 2774 2680 3043 2665 2759 3012 2730 
2687 3164 2992 2728 3268 
2688 3145 2897 2937 
2689 3044 3098 2946 2833 3076 2786 3350 2671 2869 3245 2930 3053 3295 
2690 3336 2802 2970 3426 
2691 
2692 2672 
2693 3197 3408 
2694 2874 2929 3156 3044 3073 3419 2984 3367 2955 3036 2921 2878 2879 3294 3069 
2695 3107 3142 
2696 2891 
2697 3320 2865 3363 
2698 2684 3263 3023 2717 3080 3214 3266 2673 3068 3177 3367 3292 2803 3016 
2699 2831 2682 
2700 2970 2701 3367 
2701 2971 3015 2680 3014 
2702 3222 2679 2824 2760 3057 
2703 2662 2840 1505 
2704 
2705 3021 3268 2911 
2706 2744 3076 860 1666 3073 2751 3143 3012 3103 3031 3059 3340 
2707 2690 2863 2742 
2708 2707 3223 2979 
2709 2912 2824 
2710 3121 3357 2984 2918 3200 2772 
2711 3158 3262 2775 2916 1419 2949 3231 2680 2865 3195 3404 2924 3426 
2712 2889 3089 2863 2972 2858 2793 2732 3364 3011 3081 
2713 2872 3005 2839 3186 2893 3011 3287 
2714 3000 
2715 3335 2872 3056 2854 3368 
2716 2895 2941 1405 1726 3022 3290 2762 3411 2843 3330 2974 3402 3025 3332 2703 3354 2881 3363 3024 3358 
2717 3314 3277 3262 3093 3244 3200 3373 3119 
2718 3168 3339 3316 
2719 2671 3283 2764 2900 2860 3089 2700 3299 3137 3020 2804 2832 3178 2845 3065 2695 1642 3165 2980 3245 2803 3070 3197 
2720 2696 2975 3221 3197 2864 3392 3012 3408 2692 3337 
2721 3184 
2722 
2723 3167 3237 3134 2940 2867 
2724 3106 3142 3262 2837 3403 3123 3004 3226 3151 3028 3103 2919 2879 
2725 2819 3371 
2726 2723 
2727 2832 3060 2752 
2728 3214 3370 2999 2702 2835 
2729 3171 3194 3164 3283 3370 2709 3128 2812 3155 3413 3112 3004 2901 3431 3138 3195 171 1656 
2730 3286 2693 3026 2923 2750 3257 3288 3182 3216 2931 2791 
2731 3361 3089 3388 3038 2826 2971 3436 3057 3198 
2732 2728 
2733 2716 
2734 2692 3395 3276 3151 107 3262 
2735 2845 2765 2729 3405 
2736 
2737 2880 3425 2981 
2738 2819 2759 3157 2927 3241 3403 3142 3340 
2739 2752 2815 3136 3098 
2740 3296 
2741 2933 3360 3206 2978 2756 3008 3265 3311 2764 1534 
2742 2983 2675 2708 2948 2844 3362 2926 2911 2941 3110 3064 58 2993 2953 3428 3077 3346 3103 2821 3233 3023 3191 
2743 3296 3059 2960 2708 3099 2723 3017 3131 3428 3002 3339 2949 2805 
2744 2734 
2745 2951 3291 2869 2762 2705 3135 2923 2811 2770 1405 3040 
2746 2879 3189 3148 
2747 3423 2685 
2748 3288 3208 3409 3314 3017 3122 3189 2876 2739 2920 2953 1171 3270 3168 2983 3398 2767 3392 3262 2810 2781 2709 
2749 3163 3162 3304 3344 2866 3433 3385 2821 3157 
2750 2950 3281 2794 3361 3392 3420 2733 3356 3159 2922 3244 2753 3299 3158 3366 3254 3334 
2751 3081 2771 3225 3107 2879 3199 
2752 2859 
2753 3213 3190 2894 3298 3053 2934 3121 3064 2983 
2754 3327 3121 2710 2984 3209 3206 2917 3384 3092 3288 2981 3349 3285 2934 3103 3380 3028 3111 3006 3296 2840 2949 3102 2807 3277 2996 3436 2951 
2755 3210 2702 3248 3116 3380 2748 3278 3239 2661 2998 2968 3432 3028 2870 3103 
2756 3100 3112 2828 2962 3407 3344 2744 
2757 3209 2897 3254 3273 3339 3431 2880 3068 3117 3094 3346 3102 2876 3341 3103 3356 3173 3308 
2758 2929 2670 2822 3008 3321 3232 3080 2983 2991 
2759 3115 3083 3306 3253 3373 
2760 3336 2936 
2761 
2762 2911 2721 3396 3194 3400 3217 2962 3201 
2763 3111 3061 2695 3160 3065 3153 2709 2991 3252 3089 
2764 3090 3385 2692 
2765 3377 2680 3186 3314 
2766 3250 2726 
2767 3272 2691 
2768 3170 3152 3100 3173 2732 
2769 2946 
2770 2760 3193 2673 2860 3057 3064 3130 
2771 2942 3431 
2772 2860 2989 3278 3007 2942 2705 3403 
2773 2682 3038 2757 2843 3214 2886 3012 3380 3177 2687 3392 3103 3121 
2774 3356 
2775 3268 2954 2953 3335 2983 
2776 2979 
2777 3241 3376 3104 2836 3011 3067 3268 2695 2826 3300 2710 3028 1405 3374 2918 3006 2995 2799 
2778 3242 3056 2973 3133 3106 2927 3220 3329 2680 3224 2825 3055 2697 2764 2669 2805 2819 3138 3221 2928 3400 2715 
2779 3360 3082 3220 2782 2960 3210 2780 
2780 1726 3031 3375 2839 3418 3344 3308 2932 3394 3072 
2781 3009 3067 3365 2889 3417 3356 2827 2976 2735 3313 3321 
2782 3433 2738 2668 2888 2671 2823 2745 3240 1419 2867 2677 3249 3132 3120 3044 3373 2926 3411 2945 2808 3398 
2783 3045 2800 3227 3165 2679 3122 3077 
2784 3200 3000 3228 
2785 2947 2769 3373 2951 2910 2760 2749 3043 3413 3222 3247 2768 
2786 3186 3321 860 3300 3296 3138 3178 3282 3124 2833 2819 3005 3360 2744 2774 3386 2930 3379 3420 3126 3292 2805 2689 3266 2671 3098 
2787 3311 3067 2717 2955 3277 3136 3215 3273 2729 2732 2854 3029 2671 2672 3338 
2788 3301 
2789 2828 2835 
2790 3284 2947 
2791 2762 3260 3112 2801 2843 
2792 
2793 2681 2665 3356 3378 3278 2966 2905 2851 3063 3220 3429 2949 2749 2913 2820 3054 3096 2921 3189 2664 2997 3174 3422 2954 3222 3018 3181 3255 2957 3302 3393 
2794 3116 3358 
2795 3418 3354 2827 
2796 3200 3242 2896 2994 3192 3099 3217 3235 2924 2897 3318 
2797 3428 3385 3418 3308 2907 
2798 
2799 3420 
2800 2957 2858 3276 2982 2849 3009 2666 2935 2953 3133 3369 3255 3131 3144 2987 3287 3156 2885 3129 3340 3381 3383 3120 2934 
2801 2868 3367 2838 2668 
2802 
2803 2792 3195 
2804 3085 3271 3430 3034 
2805 3353 3095 
2806 2679 3398 3086 2898 2956 3028 2964 2674 3325 2962 3249 3046 
2807 2848 3324 3285 3076 2868 3319 3105 
2808 
2809 2974 2673 
2810 3007 2848 3243 3436 2727 3299 1405 3338 2888 2734 3310 
2811 
2812 3299 2712 2667 2968 
2813 2709 3030 3057 2846 
2814 
2815 3186 3218 3192 3224 3288 2679 3101 2735 2861 2928 3294 
2816 3343 2793 2736 
2817 3181 3116 
2818 2754 3396 3262 2816 2794 3000 3056 
2819 1758 
2820 2993 2683 3297 
2821 2953 2750 2827 
2822 3390 3206 
2823 2830 2783 3146 2950 3090 2899 3140 3250 2821 3107 3376 3124 
2824 2703 
2825 2977 58 3413 2746 2826 2905 
2826 3057 3088 
2827 2838 3406 2661 2818 3137 3213 3374 2889 3247 2719 3205 3025 
2828 3290 2842 2753 3360 3433 2903 990 3429 2961 3413 2927 3269 3025 
2829 3315 
2830 3227 
2831 2710 3153 2689 2841 
2832 3063 3324 2991 3260 3407 2926 3316 3236 
2833 3227 2899 2879 2771 3041 3218 2953 2759 3436 3326 3044 3385 2860 3204 2856 
2834 3102 2672 
2835 2983 3333 3014 2903 3109 3284 2772 3168 3372 2678 3394 3083 
2836 2715 2922 2998 2824 2850 
2837 2974 3099 
2838 3279 
2839 3143 2692 2854 2893 3374 3130 107 3075 3260 3005 3398 3331 2822 3276 2995 2858 3415 2776 2882 2975 3156 
2840 2702 2691 1450 3014 2693 3075 3426 3419 
2841 2810 2820 2949 3168 3031 3205 
2842 
2843 3160 2696 
2844 3427 3379 2830 2710 
2845 3389 2726 3021 
2846 3220 3280 2990 2897 3339 3010 3420 3004 
2847 2870 2773 
2848 3346 2926 3358 3361 
2849 2879 3060 2909 3331 2746 2717 3306 860 2953 3061 2902 2983 3368 2748 3236 3067 
2850 3049 2800 3432 3367 3359 2940 2989 2970 3070 
2851 2681 2893 3045 3315 
2852 2685 3027 3309 
2853 2951 3161 2915 3433 3037 2850 3178 2969 3172 3223 
2854 3057 2661 3310 3026 3322 2905 2989 3260 3278 2870 
2855 
2856 2814 2807 2842 3230 
2857 2725 
2858 2868 3435 2775 
2859 3061 2942 1419 
2860 3411 3276 
2861 2738 3105 3112 
2862 3254 2879 2971 3162 2827 2925 3055 3429 3095 3298 2688 3006 
2863 2679 2825 2998 2988 2761 2866 3404 2873 2775 3305 2672 2850 3192 3435 3309 3395 3088 3211 2700 3263 3418 2914 2945 3008 2983 3009 
2864 3030 3103 3184 3340 2687 2957 3132 2685 3391 2720 2962 2692 2830 3052 3238 
2865 2795 3398 3241 2718 
2866 2930 2981 2797 3432 2868 3408 2921 2718 3215 3204 
2867 3178 3274 3119 2967 2976 3273 3017 3079 2847 3167 2893 
2868 3427 2707 
2869 2919 2984 3127 3178 3009 2985 3308 3254 3266 2920 2855 2761 3237 2777 2707 2819 
2870 2975 3377 2995 3225 3398 
2871 3005 3140 3361 3124 3391 
2872 2863 3107 3375 3249 2883 2794 2675 2688 3125 2834 2672 2814 3086 3193 
2873 3304 2681 3012 3425 2894 58 3336 3066 2945 3126 3332 3182 3165 3325 3108 
2874 2984 3168 2910 3386 3278 3223 3031 2678 1666 
2875 1450 2663 2686 3337 3270 3146 2704 3051 3105 2957 
2876 
2877 3342 2802 3075 3138 3166 2972 3203 3062 3012 3244 2765 2945 3070 3361 2889 3310 3086 3207 2882 2735 3030 2722 3305 3375 
2878 2971 2849 3166 
2879 3158 3196 2797 3353 
2880 3219 2982 3281 3229 2973 3150 3389 3135 3243 3088 
2881 3181 171 3149 3270 3230 3227 3280 2808 2829 2746 
2882 3183 3006 2914 2930 
2883 2918 3050 2715 3227 
2884 3413 2834 
2885 3429 
2886 3141 2677 3413 
2887 3053 3267 2772 3214 3246 2924 
2888 2864 
2889 3102 3016 3107 3306 3105 3081 2764 2854 
2890 3301 3409 3111 2860 2776 2785 3102 3157 3005 2674 3259 3054 2744 3371 2934 3388 
2891 2971 3020 2988 2859 3076 
2892 3430 2703 3157 3064 3198 3405 
2893 
2894 2676 2776 3425 2862 2843 3132 2928 58 3279 2814 2806 2971 1642 3386 2771 2730 
2895 2808 
2896 2932 3295 3173 2966 2999 3379 3351 3394 3107 
2897 2730 2914 3210 2987 3157 2939 3031 2829 2922 3325 3006 2661 2688 2892 
2898 
2899 3215 
2900 2661 
2901 2934 2830 3179 3145 3322 3245 3098 2771 2984 2838 2940 3310 2961 2872 2962 3343 3363 3358 3317 3087 
2902 
2903 3433 2878 
2904 3238 2870 3352 2697 3097 3057 2854 2797 2888 3431 2924 3265 2853 3396 2969 3245 3231 3417 
2905 2939 3000 3214 3434 2725 2884 3167 3308 2863 2714 2826 3211 2700 2908 3179 2984 2950 3352 
2906 2957 3393 2776 3261 2965 3286 2997 2979 2969 3390 3267 3243 3379 2740 
2907 2986 3120 3333 3207 3137 
2908 2799 2759 3295 
2909 3098 2930 3179 2691 3117 3176 3393 2976 2724 3177 
2910 3268 2667 2688 2770 3026 3211 2946 3233 3297 107 2834 3139 2965 3147 2921 2871 2713 3176 
2911 2837 3046 2743 3230 3430 3107 3307 2901 2818 2742 2779 3350 2722 1171 2844 3301 
2912 2672 3386 3119 3338 2968 2796 2931 3334 3085 2908 2670 2703 3048 2894 3160 
2913 3073 2983 3370 3266 3223 3283 3113 3375 2696 2781 3308 3299 2768 2767 3413 3361 2814 3029 
2914 3219 3134 3090 3120 2954 3235 3098 
2915 2917 2926 2665 2844 2667 2835 3091 3034 3274 3286 2732 3289 3058 3202 3405 3374 3353 2706 3184 3089 3189 3032 3218 
2916 2972 2665 2953 3343 2686 3329 2809 3391 3027 2914 3364 
2917 2969 3084 
2918 2863 3073 3296 
2919 3172 2778 3347 3291 3295 2762 3315 3320 3120 3130 3223 2770 3037 2857 2972 3213 2799 2836 
2920 2663 3114 107 2770 2946 3398 2768 2787 3097 2988 
2921 3290 3391 2877 3007 3369 
2922 
2923 3361 3353 3177 3122 
2924 2906 2811 3289 2890 2831 3051 3284 2940 
2925 2853 3302 2878 3360 1666 2702 3101 3130 3273 3077 2799 3289 2684 3331 2821 2710 3159 3038 3391 
2926 3296 3313 2737 
2927 3315 3180 3175 3166 3424 3124 860 3185 3223 2729 3134 3295 3156 2894 2887 2976 3008 3219 2670 2994 3242 3258 
2928 3106 3164 3143 3286 2847 3311 2905 2773 3323 2725 3284 3060 3086 3172 3260 3389 3066 
2929 3416 3180 3395 2833 3231 3176 3253 
2930 2878 3391 
2931 2936 3101 3120 2917 2796 2995 2928 3356 2751 2803 2755 3006 2797 3314 2993 
2932 3390 2815 3010 2719 2710 2693 2835 3379 3327 2898 
2933 3218 3143 
2934 2926 2984 
2935 3133 2789 2973 3403 
2936 3074 3370 3072 3136 3165 3381 3092 2952 2798 2887 
2937 3290 2676 3198 2994 3212 2673 2873 3238 
2938 3205 3225 3426 3105 3120 
2939 2697 2856 3224 2715 2951 3319 3370 3212 2966 3036 2688 3166 3198 2815 
2940 3413 3225 3409 2998 3239 3289 2892 3030 3253 3137 3397 2858 
2941 
2942 
2943 3303 3091 2714 2814 2917 3118 3076 3274 3223 2681 3262 3184 2819 3329 3275 3062 2843 2955 
2944 3161 3320 3343 3334 3361 3354 3390 3425 3216 3116 2765 2968 2869 3287 2701 3155 2954 3356 2776 3288 3359 2693 
2945 2661 3131 3384 3235 2753 2861 3314 3063 3269 2889 3087 3426 
2946 58 3245 2825 2889 3288 3034 2987 2734 3213 1642 3064 3285 3379 3008 3265 3428 2842 3108 2757 
2947 2930 3247 3405 
2948 2783 3379 2969 3229 
2949 2941 2938 3046 2664 2770 
2950 3160 3176 3014 2758 3289 171 3278 2751 3305 990 3410 2898 2925 3241 
2951 3248 3175 3290 2881 2939 2669 2863 3427 3055 3338 2950 1666 2849 2774 3327 3124 2838 2871 2996 2943 3399 2679 3284 2746 2712 3109 
2952 
2953 3368 3260 2717 3255 3383 3421 2822 2731 3018 3431 3186 
2954 3149 
2955 3250 2759 3325 2966 2911 3084 2811 2826 2706 2992 
2956 3215 3179 2878 2921 2760 2850 3237 2888 3285 3359 3307 3069 2758 2894 3273 2771 3064 2713 3019 2803 3138 2897 2931 3380 
2957 3220 3404 
2958 3245 
2959 2681 2675 2823 3235 2931 3087 3042 2843 
2960 3260 2735 3186 2950 2932 3332 2946 3273 3110 3170 2898 1450 3209 3191 1171 2894 3151 2812 171 3215 
2961 3346 2761 
2962 2701 3199 2818 3025 2949 
2963 3198 
2964 3192 3346 2838 3102 
2965 3184 2977 1726 
2966 2819 3424 3228 3351 3360 3381 2796 3160 3210 3293 2727 2665 2959 3189 3106 2865 3299 2947 
2967 2929 3089 3400 2760 3294 
2968 3316 2932 3042 
2969 3076 2830 2822 3410 2787 3345 2891 3418 3069 2838 3351 3286 2906 2851 2771 2745 2853 3061 3079 2766 3252 3034 3305 
2970 3199 2788 3017 3202 2922 3067 3397 3060 2827 2756 1758 
2971 
2972 2812 2869 3013 
2973 2769 3126 3229 3276 2764 3135 2987 3377 2955 3327 3368 3016 3103 3245 2952 
2974 2752 2781 2984 2827 3297 2905 2807 3125 3001 3328 
2975 2775 3297 
2976 3275 3228 2913 
2977 3134 3045 3214 2725 3157 2804 2908 2877 2820 
2978 3068 2728 3192 2798 3188 2714 3412 3309 
2979 2686 3293 2707 3357 2770 3257 2835 
2980 
2981 2675 3075 3106 3408 3083 3044 
2982 3009 3420 3244 
2983 3070 3087 
2984 3187 3288 2739 2707 2735 3272 3425 2684 3020 
2985 2696 3254 2968 3274 3094 3351 3017 3267 3008 3416 3296 
2986 3076 3183 3229 3223 3241 3179 3435 3431 3349 3093 860 2829 1534 2837 3297 2907 3360 3138 3432 2874 
2987 2676 1450 2725 3425 3136 2697 
2988 3122 3112 2970 2685 2993 3194 2763 3260 2730 3201 2771 3254 3106 3182 
2989 3384 3170 2749 3325 2782 2727 2687 
2990 3380 
2991 2837 2819 3188 3273 2980 2835 3374 2675 3026 3333 3400 3397 2820 2795 3171 
2992 3116 2755 2851 2799 3263 2754 3238 2796 2744 171 2940 2672 2843 
2993 3419 3265 1726 3180 3011 2935 3185 3359 2782 3424 3233 3416 2841 3436 3205 
2994 3256 2926 2670 2930 2701 3012 2943 3412 2769 3192 3189 2770 
2995 2952 3333 2741 2955 
2996 2802 2947 2915 3172 2740 
2997 3213 2943 2748 3005 
2998 
2999 3155 3228 2990 3092 3014 
3000 3062 2870 3267 3313 3024 2878 3106 2888 2703 2951 2759 860 2788 3340 3206 3129 
3001 2740 2683 3299 3095 
3002 2886 2809 3128 3062 3375 2936 3279 3109 3000 3289 3357 2727 3302 3182 2999 3423 
3003 2996 
3004 2972 3070 58 2982 2791 3424 3374 3010 3167 2828 3108 2720 3402 
3005 2942 3309 2952 2821 2842 3257 2846 2696 3390 3267 2870 3337 
3006 3212 
3007 3404 2669 2994 
3008 3250 2946 2964 2672 3234 
3009 3354 3332 3333 3257 2813 
3010 2704 3047 2973 3358 2818 2760 3256 
3011 2871 3253 2686 3032 3053 3348 
3012 2941 3381 
3013 2704 2736 3168 3208 990 3420 
3014 3416 2894 2968 3147 2972 2903 3160 2778 2995 
3015 3331 
3016 2800 2900 2704 3248 2908 3114 2875 
3017 3070 2952 3176 3279 3230 3430 2972 2761 2920 860 3019 3080 2784 3240 2736 2938 3007 3238 
3018 2805 3027 3146 2874 3145 
3019 2875 2926 3277 2671 3340 3005 2696 3072 3131 2690 2979 2719 3298 2706 
3020 3081 3236 2704 3295 3371 3175 3003 2790 
3021 2702 3420 3114 2794 3193 3018 2961 3294 2752 3176 
3022 2989 2671 3140 1666 3403 3068 3279 2714 2816 2744 2791 2982 3030 3420 3253 
3023 2700 2930 3222 3272 2891 
3024 3104 3135 3217 
3025 2803 3336 2832 3048 2806 3382 3097 3359 3403 3049 2969 3306 3064 3006 3383 2878 2741 
3026 2712 3237 2845 3164 3370 2740 3436 3056 3211 3236 3116 1534 2842 3037 3350 3212 3076 3042 2855 2664 3366 3201 1505 3316 3185 
3027 3155 3410 3080 3019 3357 2815 2885 3151 2754 3273 2760 3109 2846 2838 3074 3024 2808 3176 
3043 2830 2822 2717 2844 
3029 2968 2803 2687 3288 2961 3131 3396 3410 3336 3243 2966 3208 2913 3400 
3030 2907 2800 2921 
3028 
3032 2964 3387 2946 
3033 3322 2831 2901 3217 2869 3204 3136 2898 3201 3132 2691 2846 2868 2727 3310 2712 
3034 3413 1656 3326 3238 2986 2855 
3035 3144 3017 3339 3304 3295 3242 1419 3142 3415 3254 2826 3259 2960 3274 2913 2713 3290 
3036 3429 3347 3352 3063 3258 3390 2924 
3037 
3038 2888 3331 3305 2711 2872 3422 3272 3040 3317 2776 3343 2979 3219 2855 
3039 3156 2779 2932 
3040 3071 2841 3004 3177 2715 3205 2791 2896 
990 2950 2828 
3042 3079 1171 2778 2834 2665 2917 2737 2985 
3041 2896 3244 3175 2997 3283 
3044 3028 
3045 3063 
3046 3084 3043 3027 3001 3404 2987 3015 2900 
3047 3280 2992 3229 2808 2999 3035 3112 3430 3260 2974 3434 1656 2856 3253 
3048 3240 2745 2747 
3049 2895 2776 3018 3336 3027 3147 3125 3259 2969 2723 2678 2979 3142 3013 3254 3011 3156 2908 3378 
3050 3220 3038 3212 3346 3423 
3051 2779 1534 2984 3112 3110 3410 2790 2858 2812 3044 3184 2728 2801 2800 3292 3214 2977 3032 3233 
3052 3336 3354 2957 2674 3100 3417 3292 3312 2884 2834 2726 
3053 2718 
3054 2868 3198 2998 3360 2744 3014 2720 3254 3289 2766 2937 3181 3417 2959 3334 
3055 
3056 3234 3022 3283 3131 3383 2865 3081 2773 2994 2728 
3057 
3058 3116 3358 3318 
3059 
3060 3035 3074 3058 2718 2977 3415 2710 2883 2731 2944 3194 3319 2784 2702 3015 3311 2988 2927 2951 3100 
3061 2928 
3062 3064 3135 3041 3035 3406 3320 2879 3251 
3063 3143 3213 2782 
3064 3132 3206 2947 2954 3157 3411 3223 2907 2737 3112 2831 
3065 3128 3110 3104 3012 2763 3009 2796 3102 3245 3436 3260 2679 
3066 2738 3219 2729 2734 
3067 3263 2820 2784 2830 3384 
3068 2913 3093 
3069 3296 3230 
3070 3413 3136 2830 3364 2870 3273 2930 3387 3007 3159 2985 2846 3190 2847 2670 
3071 
3072 3371 3408 2706 2849 
3073 2792 2973 3336 3279 2682 3227 3403 2785 
3074 3023 
3075 2834 3325 
3076 3190 2770 1405 2972 2749 3246 2760 2884 3392 2712 3102 3031 3368 2968 3180 3212 2795 
3077 2681 3119 2903 2950 2929 3195 3057 3029 2814 2874 
3078 3182 3143 2742 2714 2684 3304 3183 3283 2787 3391 2820 3327 2764 2702 3329 3079 2740 3118 3201 2936 
3079 2743 2851 2884 3237 3238 2953 2740 2764 
3080 2715 2931 2749 3356 2858 2920 2960 3385 3295 3125 3302 
3081 2950 3247 2802 3182 3414 2703 2786 
3082 1505 3387 3215 2821 2786 3230 3189 2932 3094 3379 2779 3197 3210 3156 2726 3029 107 2759 2758 3139 
3083 2837 2926 
3084 2798 3359 3249 2825 2706 2699 2941 58 3261 2747 3102 3410 2739 3239 2946 
3085 3242 3178 2703 3123 2871 3188 3045 2673 3263 
3086 3058 3097 3275 3006 2716 3238 2933 2945 2725 
3087 2998 1171 3292 3043 2686 3010 3152 2706 2747 
3088 2775 3275 3416 
3089 2822 2730 2955 3266 3072 3241 2897 2794 3062 2967 2882 3129 
3090 2933 3367 3148 3183 2831 3295 2817 2684 3061 3030 3128 3132 3066 2829 3287 3227 3219 3314 3064 2760 3118 3192 2859 3170 3371 3011 3395 2996 3057 3246 2852 
3091 2680 3221 
3092 3215 2725 
3093 3411 3238 3374 
3094 3004 3069 
3095 2856 3360 
3096 2930 2867 2920 3368 2686 3089 2899 
3097 3017 3192 3388 3375 3241 3199 2972 3418 2908 3235 
3098 3319 3014 3403 3238 3273 3241 2781 3067 3317 3002 1450 2865 2725 2985 
3099 3124 2774 3330 
3100 2792 3117 3032 3362 3352 2949 
3101 3314 3409 3092 3273 2981 2686 2885 2930 2971 1405 3340 2723 3430 3068 2738 2835 3047 2808 2900 3374 3382 3237 3158 3153 2864 2759 3264 2758 2895 3014 2717 2722 3339 3079 
3102 2927 2901 2821 2751 3074 3435 3315 3208 3166 2946 3406 2695 
3103 3287 
3104 3073 2942 2680 3202 3268 2931 3412 2824 2796 3241 3431 3337 2826 3005 3372 2820 3124 3127 
3105 3169 3281 3403 
3106 3030 2962 3421 3172 2823 3176 2788 2879 2817 
3107 3359 3282 2690 2835 3138 2966 3014 3335 3392 3103 
3108 3161 3073 2845 3401 
3109 2940 2711 3171 
3110 3322 3169 1666 3150 2995 
3111 3078 2864 2723 3381 2940 3304 2942 3361 3262 
3112 
3113 2937 2805 3237 3086 3046 3275 2761 1534 3411 2912 2780 107 2720 
3114 3408 2916 3038 3250 2835 3344 2962 2810 2775 2742 2965 3273 3146 3357 
3115 2897 2712 1666 2998 2806 2850 3264 3175 2688 2763 
3116 2961 2964 3031 3209 2691 2744 3383 3023 3423 2927 2984 2693 2677 2758 2767 3273 2881 3327 2899 2988 
3117 3259 3095 3226 3051 3272 3137 3002 3241 
3118 3055 2904 2687 3369 3299 1758 3430 2945 2694 2835 3285 3003 3346 2686 2856 
3119 3163 2701 3356 2740 3332 3433 3418 3078 3225 2763 3391 3309 3250 
3120 3334 3058 2908 3375 2725 2860 3403 3121 3218 3117 3301 
3121 3135 2884 
3122 3365 3425 2736 
3123 2706 3058 3180 2780 3195 3383 
3124 3197 2843 3082 3096 2940 3310 2820 2742 3131 
3125 
3126 3297 
3127 3323 3212 3383 
3128 3321 3069 
3129 3140 2696 1171 2661 3352 3412 1419 2818 3122 
3130 3309 2866 3134 3360 3340 
3131 2866 2795 
3132 2851 2952 2924 3308 3329 3361 3002 2699 3385 3306 3119 3118 3197 3085 3191 2935 
3133 3313 3236 3351 
3134 3094 
3135 3226 2827 2998 2922 2956 2697 3330 3189 2661 2903 
3136 3128 2692 3280 3328 3294 1171 3056 2922 2903 2836 3194 3318 2940 3406 
3137 2727 3288 2856 3318 2678 3117 2719 2810 3261 3386 
3138 
3139 3104 3208 3301 2979 
3140 3056 3076 3385 3218 3144 3024 3272 
3141 3143 3014 3261 
3142 3013 3396 3115 2931 3355 3035 3102 2976 2818 2687 3398 2795 
3143 3241 
3144 2978 3315 
3145 3368 2673 3269 3061 2807 2844 3313 3177 2809 3408 3271 3284 2731 2749 
3146 2915 3063 3000 2901 3104 2887 3036 
3147 3037 
3148 3197 2783 
3149 3025 2828 3021 3362 3300 2917 3329 2716 
3150 2955 2828 3079 3080 2739 3091 3271 2839 3399 3050 3231 3382 2877 
3151 2773 3329 
3152 3339 3371 3094 2745 2788 2999 2701 3199 2791 2698 2757 
3153 2713 2773 3092 
3154 3210 3040 3385 2913 3212 2958 2680 2850 3050 3063 2862 3373 3023 3065 2952 2981 2667 2708 
3155 58 2792 
3156 3325 
3157 1419 2856 3049 3362 2861 
3158 3134 2684 3148 2892 3336 2859 2765 3431 3057 2702 
3159 3426 
3160 3015 3176 860 171 3092 2998 3121 
3161 
3162 3393 3147 3135 2919 3006 3242 3003 3076 3058 2923 2982 2812 2932 3330 3089 
3163 2999 2847 2961 3234 2929 3406 2744 3230 
3164 3019 3314 2793 
3165 
3166 3042 3300 107 3063 2995 3095 2918 3033 3214 2843 
3167 3278 3432 3329 
3168 3361 3158 3292 3365 3236 2965 3120 2712 
3169 2903 3240 3067 3092 3050 3363 3360 2762 3279 
3170 2915 3007 2783 3128 2706 3174 2866 3312 
3171 3104 3337 2973 3127 3010 3274 3422 
3172 2850 3025 2806 2948 2706 3406 3138 2815 2685 3047 3431 2827 3095 3123 2844 3041 2754 
3173 2949 2977 1758 2895 
3174 3228 3124 3256 3392 3277 2675 3327 3416 2714 
3175 3304 3085 
3176 2919 2851 2937 2707 2745 3425 
3177 3155 2938 2841 2688 2939 2976 2849 2933 3146 
3178 3435 3076 2926 3259 
3179 2817 3381 3210 2704 3221 3304 3005 3081 2689 1171 3197 2890 3050 2822 3387 2965 
3180 
3181 2828 3336 
3182 2864 3338 2896 3244 2814 3043 3111 2941 1642 
3183 
3184 3108 3365 3302 3070 3230 3297 3415 3102 2753 2808 2805 2861 
3185 3062 3208 3399 2900 3213 3298 3046 3235 3413 2895 
3186 2911 3214 2741 2972 2694 2678 
3187 3359 2724 3133 3418 2673 3174 3017 2727 
3188 2810 3198 3431 3238 3037 2931 3077 3331 2737 2720 3042 2745 
3189 3030 3083 2758 3191 
3190 2757 3415 
3191 3083 3367 2856 2987 1642 2840 2714 2936 3204 3085 
3192 2868 3254 2971 3388 2859 3058 
3193 3363 2906 3132 3384 2760 
3194 2827 3428 3135 2786 3372 
3195 3183 2711 3044 3238 2715 3268 3077 2829 2887 2908 3355 3169 3332 2727 2809 3247 2772 
3196 2761 3404 3142 2672 
3197 
3198 3098 3118 3370 2907 3303 2922 3350 3125 3040 3279 2770 3124 3356 2747 3315 1666 3095 
3199 3131 2946 3197 
3200 3110 3393 3062 
3201 3390 2721 2898 2960 3125 3047 2941 3077 3094 3328 3226 2944 2936 3325 2922 3085 2767 2890 
3202 3170 3103 1171 2941 
3203 3273 2804 2803 3247 2918 3026 3170 3179 
3204 2850 2919 2671 3136 3254 3070 2856 2795 3202 2996 
3205 3006 2783 2759 2737 
3206 3030 3197 1758 2840 3176 2805 3092 3189 3178 2966 2899 3224 3301 3167 
3207 3393 3228 2852 2960 3050 2859 3156 3405 
3208 2680 3102 2794 3282 
3209 2692 3388 3219 3024 3221 3176 3240 2669 
3210 2827 3279 
3211 3322 2684 2981 2694 3259 
3212 3235 3233 2937 2845 3182 3346 3214 2905 2834 3067 2764 3189 
3213 2769 3099 3364 2798 3260 3316 
3214 3246 3025 2814 2757 3391 3098 3034 3426 3137 3154 3328 
3215 2864 3341 3027 3150 
3216 2898 
3217 
3218 
3219 3308 3051 3431 3054 2672 2868 2791 2924 
3220 2747 2987 3095 2996 2674 2815 
3221 3019 3256 2913 3268 
3222 2931 
3223 3433 3246 3175 
3224 3309 2701 2898 2667 2815 2949 3086 3131 2980 3091 2904 3039 3411 3246 2707 
3225 2704 3118 3195 3221 
3226 3214 3382 990 3297 3019 2901 2889 3299 3112 3001 3342 2879 2816 3084 2863 2778 2935 2972 2989 2860 
3227 3255 
3228 2732 3364 3035 3299 2928 3337 2983 2964 2809 
3229 3226 2785 
3230 
3231 3091 2691 3406 2688 3397 3345 
3232 2663 3132 3319 3289 3401 3383 1505 3093 2999 2947 3275 3180 3294 3224 1419 3241 2816 3263 2710 3194 3053 2888 2745 3356 
3233 3116 3003 3281 2782 3029 2680 2821 3025 3217 1450 2799 3155 2933 
3234 3378 2705 2851 3035 
3235 3344 
3236 3295 2793 3333 
3237 2730 3163 2713 3071 3330 
3238 3048 2800 3030 3193 3427 
3239 3363 2715 2699 3326 2759 2958 2771 2760 3128 2873 
3240 2848 2750 3213 2781 2860 3061 3209 3006 2676 2963 2795 2948 2964 
3241 2944 
3242 3114 3111 2988 
3243 3374 3047 
3244 3006 3404 
3245 3043 2787 3208 3015 
3246 3242 3323 3286 3122 
3247 3017 3075 3307 2798 2749 2751 1656 2986 2768 2791 3184 
3248 2942 3088 2661 
3249 3063 2999 3165 3013 
3250 3369 3320 3173 2783 2899 2841 3059 2675 
3251 3392 3023 3343 
3252 2945 2982 2710 2948 3153 3409 3414 3211 3176 3311 2902 3262 1726 1505 2749 3019 
3253 3053 2896 2707 2819 3055 3170 3015 2883 3051 3047 
3254 3408 3192 3279 3255 2863 
3255 3158 3031 3356 2700 3248 3052 3284 
3256 3356 107 3123 3405 3374 2799 3344 2720 2714 3172 3054 2894 2924 
3257 3070 2727 3058 2927 3217 3396 3409 2797 1405 3336 
3258 3247 3010 3279 3300 2693 2982 2811 3433 2771 
3259 3383 2724 2720 3181 2934 3029 2661 
3260 3428 3381 3410 2827 2770 2977 3075 
3261 2720 3122 2675 2914 3302 3140 3249 2966 
3262 2727 2915 2782 3237 
3263 3153 3432 3142 2729 2806 3111 3010 3307 2800 2992 
3264 2899 2743 2733 
3265 2771 2743 3053 2808 3431 
3266 
3267 3227 2760 2997 3402 3014 3032 3125 3256 2880 3110 2672 3078 3349 2873 
3268 
3269 2722 3270 
3270 3178 3102 
3271 3390 2984 
3272 2670 3083 1726 2753 2955 3062 1642 2777 3035 3431 3091 3311 2865 
3273 3043 3145 3356 2738 
3274 2920 3344 3316 3036 3286 3082 2675 3020 3337 3052 2755 
3275 3218 3056 3145 860 2727 2967 3117 3317 3433 2724 2880 
3276 3122 2990 3389 3176 2680 3038 
3277 3432 3086 3098 3398 3245 3012 3390 3420 2911 3221 2735 3151 3112 
3278 3208 
3279 2787 860 2977 3186 
3280 3421 2707 2945 2797 3427 3373 2882 2824 2698 3093 3246 2994 2900 3190 3005 2757 3193 2679 2810 3085 3309 3355 2747 
3281 3330 2761 2918 2914 2966 
3282 
3283 2726 3205 3269 3266 3140 
3284 2796 3001 3114 3314 2732 3383 2888 3021 2728 3334 3321 2936 2895 3300 3330 
3285 2755 3284 
3286 3069 3401 2860 2920 2981 
3287 2978 3045 3142 2691 2948 2707 3121 2833 3088 2815 2705 3349 2910 
3288 2777 3330 2838 1534 3425 2904 3338 2782 
3289 2785 2885 3073 3107 3145 3346 3333 
3290 2738 3245 
3291 3205 3289 3118 2887 3374 2826 2927 3409 3381 2768 2681 2968 3230 3048 3216 2771 2739 3257 2995 3025 3432 3426 2970 3183 
3292 3197 1534 2785 2955 
3293 2969 3264 3377 2694 2798 2937 2889 2927 3275 2699 3236 3041 2727 
3294 
3295 3210 3317 3084 3000 3184 3397 3418 2893 2708 3362 3144 3119 
3296 2888 3089 3060 3244 2705 3425 3343 3122 3257 2778 
3297 3041 2993 3232 2687 3435 2701 2836 3056 
3298 2900 3174 2961 3387 3407 3154 3245 2969 3057 2848 2797 3198 2897 
3299 2889 2885 2953 2696 3398 3317 3243 3057 2920 3418 2914 3378 2897 3242 2988 
3300 3309 3208 
3301 1666 3212 3025 3275 2744 3105 3374 3162 2730 3136 3263 
3302 3185 3159 3314 3221 2952 2955 3213 2857 3379 2746 3311 2989 3160 2806 
3303 1405 3124 3328 3347 2874 2720 3241 3295 2858 
3304 3337 3387 3134 2754 2802 3287 2841 3043 
3305 
3306 1450 3375 3181 
3307 3409 3280 2850 2875 
3308 1656 
3309 2882 3286 2803 3224 2890 
3310 3108 
3311 
3312 3109 2990 3323 
3313 2838 3102 2785 3253 2713 2662 3251 2959 
3314 3127 3174 
3315 2927 3005 
3316 2769 3294 3192 3203 
3317 3004 
3318 2796 3269 3299 2841 3206 
3319 2842 3021 1450 3004 3027 2974 
3320 3336 3384 2757 2999 2873 3335 2931 3245 3196 2743 3009 3428 3306 3338 3183 3290 2923 3019 2996 2826 2910 1726 3368 3276 3313 2888 
3321 3410 1656 3125 3159 2809 2977 1405 3094 2719 2714 3080 2676 2907 
3322 2738 
3323 2670 2935 
3324 2819 3322 2930 2686 3374 3178 3254 1758 3011 2872 3037 2853 2959 3396 
3325 2850 3290 2866 3153 2730 
3326 2811 
3327 3302 2982 3336 3176 3182 3318 2673 3068 2934 3065 3384 3341 
3328 2763 1450 3248 3431 
3329 3392 2964 3322 3373 2845 2882 
3330 3216 2741 3407 3281 2962 3255 3359 2821 3127 3076 3296 2811 3162 
3331 3133 3044 2774 2758 3128 2713 2753 
3332 3302 3186 3254 3085 2912 3273 3335 3124 2740 2868 3035 860 2997 3359 
3333 2672 
3334 3093 
3335 3382 3054 2977 2970 2733 2826 2686 3137 3361 3010 2711 3059 2860 2934 3289 
3336 
3337 3061 3064 2800 3360 3129 2841 
3338 2710 3140 
3339 3106 3185 3016 3109 3190 3031 2946 2867 2703 3338 2736 2799 3350 
3340 2889 3240 2864 3314 3133 
3341 3431 3208 3362 2786 2864 3202 2910 
3342 3331 3375 3249 3136 2838 2718 
3343 2718 3174 3068 2675 
3344 3099 3209 2959 3030 3377 2910 3155 3016 3184 3300 3427 3212 
3345 3329 3421 1171 3172 2732 3094 3308 3068 3333 3363 3123 2768 3155 
3346 3336 3425 1758 2729 3069 3399 2685 3387 
3347 3208 2728 3346 3383 3220 2848 3067 2933 2842 3180 3398 2685 
3348 3316 3251 2667 3247 2871 3361 3350 3171 3012 2734 2714 1656 
3349 2938 
3350 2963 2971 2949 3141 3267 3310 3303 3190 2732 3038 2769 2696 2888 2813 2985 2816 3318 2688 3359 2948 
3351 3061 2777 2984 3067 3384 3228 3154 2699 2968 3400 3018 3097 3068 107 2859 2681 3050 2794 3016 
3352 2705 2694 3185 2738 
3353 3256 3343 2760 2694 2940 2709 2745 3000 2982 3428 3390 2796 3056 3065 2766 2943 3253 860 1505 
3354 2818 2866 
3355 2954 3275 3327 2854 3079 3319 3322 2823 3354 2985 3427 3003 2666 3423 3032 3053 2760 
3356 2839 3251 
3357 3428 2766 3148 2927 
3358 3181 
3359 3385 3367 3269 
3360 2982 2757 2877 2947 2677 2796 3253 2745 2945 3285 3330 2759 3100 3254 3157 
3361 2816 1505 
3362 3069 1726 3006 2757 3271 2831 1666 1171 3409 3103 2801 1505 2705 3125 1758 
3363 3151 2962 2708 3012 3179 3412 2733 3236 3162 3303 3046 3173 3149 3252 3115 3299 2791 3152 2904 3239 3302 3354 3249 1419 3268 2787 
3364 3421 2896 2836 3427 3239 3037 3328 2824 3271 3388 3165 3169 2813 
3365 2850 2936 3047 2892 2667 3004 3029 3037 2993 2778 2818 3158 2891 3346 3226 2945 
3366 2901 3065 3247 3243 3428 2869 2955 3189 3337 2965 2820 3292 3256 
3367 3064 2857 3012 
3368 2885 
3369 2945 3273 2661 3107 3013 3211 3200 3272 3192 
3370 3402 
3371 2972 2953 3134 
3372 3262 3123 
3373 3074 3403 
3374 2953 2702 3396 3109 3112 3150 
3375 
3376 2699 
3377 3135 2759 3314 2747 2707 3134 3395 2975 
3378 2770 2815 2932 2930 2918 3135 3086 2678 2706 
3379 2950 
3380 3282 
3381 3023 3227 3262 2998 2817 3152 3367 3030 3411 
3382 2782 3004 3114 3431 3380 
3383 2903 2681 3003 2667 3316 
3384 3010 3396 3191 3376 3133 3358 2995 2903 3192 
3385 2811 3424 3251 3214 2943 3122 3406 3108 2728 3379 3125 2886 
3386 3158 3096 3322 3379 1666 3053 3015 3076 3405 2933 2769 2951 
3387 2822 2758 3283 3186 2826 2995 3152 3404 2962 3025 3289 2675 3141 3322 2749 3201 2967 2722 3075 
3388 2966 
3389 3200 3376 
3390 3092 3287 2856 1505 2663 
3391 2857 3328 3229 2990 2976 3001 3215 2731 3259 3400 2964 3102 
3392 
3393 2742 2667 3297 
3394 3032 3084 3017 3089 2860 2831 2813 2667 2846 2826 2788 
3395 3193 3323 2728 2684 3134 2707 2739 
3396 2709 2812 2693 3343 3249 3360 2935 2731 2667 2829 2836 3073 3194 
3397 2964 2715 2685 2816 2981 3164 3064 3407 3370 3177 3398 2696 2809 2982 3363 2947 3417 3147 2764 2732 2767 3404 3278 3086 3298 3074 3302 2700 2759 2663 2749 2677 
3398 2796 2891 3321 
3399 3376 2829 2764 3210 3236 3295 2715 
3400 2851 3105 2705 2694 3043 2808 2941 
3401 
3402 2884 
3403 3385 3157 3426 3315 2739 3010 3278 
3404 3303 
3405 3169 2735 2914 2868 
3406 3216 3031 3348 2898 2883 3172 2731 2743 2957 
3407 3013 
3408 107 
3409 2966 2754 3194 2806 3420 
3410 3328 3142 
3411 3013 3402 3382 3234 2938 3317 2830 3050 3141 2892 3285 
3412 3151 2852 3278 2672 3181 2685 3389 3069 3268 2675 
3413 
3414 3261 3377 2772 2734 2694 
3415 2706 2793 2986 2688 58 2796 3086 
3416 3287 3260 3255 2709 2780 3410 2730 2689 
3417 3397 2884 2983 3163 2836 2917 2885 3434 3129 3292 2922 2790 2866 3262 2781 2673 
3418 3246 
3419 3165 3186 3436 3140 2924 2862 3354 3402 
3420 3085 2763 3187 
3421 2766 3158 2873 
3422 3305 3005 3071 2809 3383 2690 3099 3137 3323 2767 2993 
3423 3033 
3424 3172 3389 
3425 3201 2802 
3426 3233 3085 3161 3125 3343 2780 3261 2914 3058 2722 3322 3039 3273 3157 2751 3250 2984 3238 171 1405 
3427 
3428 2994 
3429 3105 3020 
3430 3357 2963 3411 2853 2810 
3431 2917 2791 3432 3067 2694 3075 
3432 2926 
3433 3206 3244 2680 3179 3434 3230 2817 3427 2853 3175 3077 3270 2798 2937 2909 3182 2781 
3434 1171 2814 3081 3133 3014 2864 3028 2791 3235 3001 3417 3000 2751 2997 2981 2952 3394 2995 1656 
3435 3164 3283 3185 2975 3267 2669 2910 2992 2955 3204 
3436 3055 2694 
1405 3016 1534 3142 3425 2945 
1419 2919 2901 1666 
1450 2892 2666 3037 
1505 2683 2818 3394 2731 3308 3267 2987 2703 
1534 2942 2704 2982 3340 
1642 2937 
1656 3067 
1666 2687 2755 3151 3342 2703 3066 
1684 3149 3259 3208 2824 2712 3034 3268 3125 2823 2942 2938 2977 2725 2692 3091 2811 2709 3289 3235 2855 2721 3217 3341 
1726 3264 2907 2879 
1758 3049 2709 2698 2993 
1171 
