567 
698 
857 3567 3583 
862 3973 3465 3976 3564 3569 3526 3498 3884 
1085 3719 3861 3490 3883 3587 3940 3446 
3437 3491 3565 857 3472 3972 3540 3968 3738 3671 3580 3497 3762 3699 3733 3584 3695 3670 3783 3813 3744 3781 3635 3665 3698 3693 3934 
3438 3915 3681 3594 3961 
3439 3936 3739 
3440 3824 3879 3506 3833 3966 3664 3905 3566 
3441 
3442 3732 3862 3759 3821 3852 3613 3927 3586 3863 3443 3901 
3443 3747 3552 3608 3628 3560 
3444 
3445 3545 
3446 3778 
3447 3768 3802 
3448 3447 3593 3858 3526 3863 3587 3660 3771 3907 3514 3765 3532 
3449 3549 3736 3782 3515 3568 3774 3567 3957 3926 3832 
3450 3641 3859 3828 3781 
3452 3855 3470 
3454 3964 3819 1085 
3455 3904 3537 3914 3531 3964 3768 3953 
3456 3569 3771 3825 3598 3484 3945 3483 3867 3720 3889 3899 
3457 3678 
3458 3947 3839 
3459 3585 3639 3773 3620 
3460 3832 3626 3552 
3461 3599 
3462 3956 3469 3858 3713 3483 
3463 3549 3923 
3464 3438 3827 3440 3969 3698 3710 3924 
3465 3754 3460 3807 
3466 3863 
3467 
3468 3809 3752 3627 3947 3786 3737 3538 3883 3978 3485 
3469 3644 3877 
3470 3477 3934 3781 3597 
3471 3603 3609 3954 3524 3635 3700 
3472 3899 3622 3556 
3473 3575 3876 3576 
3474 3727 3952 3755 3941 3521 3661 
3475 3752 3438 3565 3524 3943 3791 3571 
3476 3482 3863 3910 3584 
3477 3450 3725 
3478 3597 3871 
3479 3791 3941 3519 
3480 3646 3527 3826 3493 3457 3911 
3481 
3482 3572 3872 
3483 3668 
3484 3710 3773 3660 3594 3815 3609 
3485 3694 3721 3759 3526 3657 
3486 3851 3564 3888 3693 3943 3811 3937 
3487 3651 
3488 3867 3903 3796 3621 3616 3879 3517 3645 3782 
3489 
3490 3977 3478 3518 
3491 3891 3564 3827 3456 
3492 3543 
3493 3661 3733 3714 
3494 3931 3441 
3495 3465 3706 3503 3464 
3496 3743 3635 3623 
3497 3462 3449 3811 3684 
3498 3771 3910 3811 3602 
3499 3909 3554 3528 3841 
3500 3681 3687 3828 3895 3784 3975 
3501 3667 3955 3637 3662 3967 3961 857 3937 3561 3672 3815 
3502 
3503 3614 
3504 3512 
3505 3836 3443 3866 3461 
3506 3525 3922 3637 3947 3699 3503 3942 
3507 3512 3441 
3508 3825 3631 3797 3634 3831 
3509 3621 3567 3476 
3510 3576 3960 3868 
3511 3895 3599 3711 3932 
3512 3495 3542 3484 3920 
3513 3479 3786 3887 
3514 3614 3725 3880 3639 3449 567 3458 
3515 
3516 3589 3783 3647 
3517 3666 3514 3785 
3518 857 3642 
3519 3577 3844 3739 
3520 3563 3844 
3521 3530 3648 3539 3450 3766 3682 3893 3557 3448 3922 3602 3814 3923 
3522 3623 3897 
3523 3685 
3524 3548 
3525 3498 3921 3927 3922 
3526 3750 3736 3859 3616 3580 3587 3535 3776 
3527 3922 3948 3631 3757 3973 
3528 3827 3524 3470 3718 3572 3943 3805 
3529 3695 3839 3461 3925 3814 3700 
3530 3829 
3531 
3532 3600 3861 3875 
3533 3713 3475 3952 
3534 3528 3591 3644 3783 3855 3797 
3535 3696 
3536 3807 3617 
3537 
3538 
3539 3712 
3540 3542 3609 3800 3633 3773 
3541 3934 3821 3614 
3542 3476 3695 3526 3685 3663 857 3467 3717 3913 
3543 3909 
3544 3667 3717 
3545 3493 3543 3655 3530 3505 3454 3803 3892 3657 3928 862 3699 3601 3964 3924 3661 3772 
3546 3587 
3547 3455 3733 
3548 3684 3525 
3549 3684 3568 3686 3803 3808 
3550 3751 3920 
3551 3810 
3552 3909 
3553 3522 3824 
3554 3913 3934 3525 
3555 3594 
3556 3808 3599 
3557 3497 3750 3700 3897 3691 3880 3634 3941 
3558 3635 3912 3537 3517 3762 3608 3744 3485 
3559 3849 3508 3619 3468 3450 3699 3698 3623 3809 
3560 3804 
3561 3688 698 3829 
3562 3625 3491 
3563 3776 3754 3701 3447 
3564 3734 3477 3908 
3565 3739 
3566 
3567 3733 3952 3629 3528 
3568 3844 3574 3516 3711 3698 3463 3777 
3569 3459 
3571 3532 
3572 3787 
3573 3809 3945 3801 862 3713 
3574 3940 3548 
3575 
3576 3746 3542 3686 3514 3866 3637 3693 
3577 3947 3722 3726 3760 3872 3551 3688 
3578 3466 3939 3767 3639 3794 
3579 3939 3769 
3580 3817 3954 
3581 3494 
3582 3678 
3583 3753 3547 3569 3776 
3584 3614 3494 3767 3473 3573 3575 3484 3474 3783 
3585 3528 3813 3897 3822 
3586 3507 3965 3499 3835 3666 
3587 3831 3930 
3588 
3589 
3590 3611 3873 
3591 3551 3967 
3592 3630 
3593 3583 3704 3632 3922 3859 3813 3737 3780 
3594 3839 3836 3781 
3595 3837 3775 3687 3865 
3596 3649 3562 3881 3493 3791 3445 3815 3662 3933 3739 3469 3467 3920 3632 3763 3833 3752 3520 
3597 
3598 3446 
3599 3719 3911 3644 3497 3801 3540 3868 3574 
3600 3769 
3601 3616 3884 3643 
3602 3536 3701 3867 
3603 3904 3467 
3604 3972 3476 3876 3934 3745 3540 3686 3797 3723 3643 3526 3809 3593 3825 3771 
3605 857 3633 3749 
3606 3718 
3607 
3608 3883 
3609 3689 3590 3812 3480 3686 
3610 3584 3965 
3611 3907 3815 3552 3653 3437 3746 3906 3831 3711 3479 3469 3681 
3612 3821 3875 3791 
3613 3737 3855 3520 3653 
3614 3589 
3615 3593 3701 3942 3603 3784 
3616 3850 
3617 3473 3804 3749 3472 3502 3439 3826 3561 
3618 3882 3931 862 3542 3904 
3619 3463 
3620 3905 3496 3621 
3621 
3622 3760 3733 3838 
3623 3647 3692 3792 3736 
3624 3852 3968 3902 
3625 3479 3775 3829 3518 3489 3491 3564 
3626 3534 3456 
3627 3849 3606 3970 3539 3912 3680 
3628 3669 3733 3568 3438 3700 
3629 3672 3818 3932 3511 3750 3627 3620 3938 3774 3793 
3630 3834 
3631 
3632 3767 
3633 3655 3623 3861 3637 3530 3929 3534 3831 3581 3793 3920 3908 3930 3840 3568 
3634 3658 3456 3552 
3635 3467 3920 3582 3925 
3636 3839 3583 3924 3898 3957 
3637 
3638 3698 3773 
3639 3522 3859 
3640 3859 3502 3936 3767 3759 3572 3792 3757 3862 3747 3932 3763 
3641 3519 3515 3914 
3642 
3643 3842 3900 3554 3767 
3644 3732 3671 
3645 3768 567 
3646 3958 3753 3893 
3647 3731 3774 
3648 3907 3812 3783 3928 3481 
3649 3540 3605 3493 3863 
3651 3965 3553 3723 3879 3635 3690 
3652 
3653 
3654 3507 
3655 
3656 3768 3880 
3657 3522 3630 
3658 3635 3501 
3659 3609 
3660 3882 
3661 
3662 3611 3735 3557 
3663 3767 3446 
3664 3506 3837 
3665 3597 
3666 3892 3946 3738 3961 
3667 3972 
3668 3839 
3669 
3670 3933 3849 3667 3669 
3671 3979 
3672 3572 3505 3828 3837 3460 
3673 3613 
3674 3671 3459 3738 3912 3875 3963 3483 3791 3771 3755 3848 
3675 3564 3969 3439 3602 
3676 
3677 3444 3599 3669 3511 3750 3679 3720 
3678 3959 
3679 3462 857 
3680 3918 3707 3902 3716 3948 3476 3640 3893 3473 3538 
3681 3714 
3682 3579 3723 3651 3678 
3683 3822 3768 3677 3676 
3684 3445 3652 3715 3551 3777 3832 3719 3947 3582 3502 
3685 3772 
3686 
3687 3787 3523 3507 3597 3805 3686 3503 3961 3959 
3688 
3689 
3690 3732 3833 3884 3529 3503 3795 
3691 3738 
3692 3522 3556 3749 3958 3787 3488 
3693 3485 3573 3643 3968 3776 3835 3817 3931 3921 3464 
3694 
3695 3502 3905 3843 3767 
3696 3631 3730 3608 
3697 3703 3465 
3698 3900 3550 3708 
3699 
3700 3977 
3701 3725 3666 3851 
3702 3965 3814 3708 3624 3690 3552 
3703 3688 
3704 
3705 3752 3532 3695 3909 3806 3645 3942 
3706 3930 3661 3771 3472 3975 3510 3928 3978 
3707 3457 3894 3679 
3708 3489 3824 3562 
3710 3593 3956 3582 3557 3489 3915 3960 3690 
3711 3738 3781 3721 3888 
3712 3914 
3713 3678 3662 3687 3701 3916 
3714 3665 3948 3783 
3715 3555 3794 3551 3898 3503 
3716 3969 3599 
3717 
3718 3474 3687 3913 3499 
3719 3931 3886 3898 3966 3840 3807 3864 3602 3554 
3720 3770 
3721 3899 3934 3897 3909 3560 3510 
3722 3747 3679 3848 3880 3851 3604 
3723 3765 
3724 3661 
3725 3834 3659 
3726 3761 
3727 3467 3880 
3728 3633 3615 3515 3825 3647 
3730 3515 3925 3505 3773 
3731 3754 3548 3825 3447 3663 3494 3489 
3732 
3733 
3734 3725 3950 3769 3770 3542 3901 3967 3486 3843 
3735 3473 3505 
3736 3558 
3737 3684 3676 3564 3708 3700 3810 3622 3852 
3738 3854 3693 3527 3541 3744 
3739 3901 3852 3465 3726 3444 
3740 3872 3481 3975 3634 3924 
3741 3972 3869 3456 3752 
3742 3787 3886 
3743 3821 3840 3443 3639 3555 3450 
3744 
3745 
3746 3630 
3747 3604 3822 3908 3961 3778 3717 3543 
3749 3686 
3750 3749 3923 3646 3954 3768 3847 3441 
3751 3862 
3752 3598 3661 3916 3757 3511 
3753 3701 3665 3791 3841 3833 3600 3925 
3754 3739 
3755 3608 
3756 3437 857 3616 3866 3530 3498 3564 3791 3940 3548 
3757 3800 
3758 3464 3643 3895 3899 3794 3447 3736 3780 3738 3802 3484 
3759 3714 3518 3573 3637 
3760 3946 3927 
3761 3864 3505 3726 
3762 3473 
3763 3904 
3764 3633 3636 3944 3720 3475 3801 3753 
3765 
3766 3474 3752 3904 3923 
3767 
3768 3621 3848 3902 3500 
3769 3870 3516 3948 
3770 3905 
3771 3546 
3772 3511 3776 3702 
3773 3794 3761 3800 862 
3774 3796 3466 3811 
3775 3531 3747 3694 
3776 3959 3640 3782 3661 
3777 3641 
3778 3816 3572 
3779 3959 3735 3579 3575 3705 3755 
3780 3850 3914 
3781 3919 
3782 3887 3680 3811 3573 3879 3619 
3783 3928 3968 3534 
3784 3655 3732 
3785 3657 3664 3890 3927 3954 
3786 3755 3666 3699 3864 
3787 3927 
3788 3552 3608 
3789 3711 3827 
3790 3463 3931 3865 3589 3740 3963 3714 3770 3903 
3791 3765 3893 3468 567 3925 3598 3923 
3792 3695 3454 3557 
3793 3627 3899 3775 3684 3888 3527 3628 3447 3854 
3794 3624 3901 3933 3727 3502 3703 
3795 
3796 3911 3827 3728 
3797 3564 3669 3555 3843 3486 3499 3694 
3799 3883 
3800 3903 3760 3474 3551 3567 3766 
3801 
3802 3555 3537 3677 
3803 3805 3651 
3804 3848 3470 3474 3507 3555 3753 3886 3591 3553 3447 
3805 3531 3849 
3806 3615 3855 
3807 3928 
3808 
3809 3716 3803 3842 3796 
3810 3538 3743 3475 3464 3486 3879 3561 
3811 3945 
3812 3621 3647 
3813 3768 3657 
3814 3912 
3815 3979 3926 3668 3583 3556 
3816 
3817 3854 3616 
3818 3485 3515 
3819 3831 3772 
3821 3482 3903 3596 3772 
3822 3897 3558 3743 3703 
3823 3747 3531 
3824 3512 3746 3613 3959 3690 3797 3591 3921 3911 3685 3567 3555 3636 3885 3776 
3825 3474 3618 3473 3716 
3826 3739 3583 3513 3722 3686 
3827 
3828 3488 3749 3595 3779 3711 
3829 3642 3716 3745 3559 3810 3613 3549 3947 
3830 3904 3817 3629 3777 3712 3647 3846 3812 3659 3526 3960 3535 3689 3660 3847 3569 3630 3618 
3831 3867 3672 3452 
3832 3634 3599 3591 
3833 3760 3681 3710 3529 
3834 1085 3921 
3835 3690 3587 3855 3824 3799 
3836 3725 3824 3668 3556 3739 3630 3967 
3837 3870 3639 3976 3689 3615 
3838 3733 3779 3524 3874 3933 3745 3654 3786 3947 3589 3865 3607 3921 3624 3526 3763 
3839 3620 3597 
3840 3715 3788 3486 3509 
3841 3539 3522 3707 3626 3895 3560 
3842 3764 3781 3660 3556 3711 3465 3912 3573 3598 3442 3714 3785 3750 3763 3879 
3843 3486 
3844 3945 
3845 3468 3863 3639 3669 3751 3949 3903 3557 3454 
3846 3736 
3847 3743 3860 
3848 3531 
3849 3458 3846 
3850 3591 3449 3816 3797 3587 3965 3884 3630 
3851 3583 3826 3594 3914 3532 3740 3647 3706 3962 3890 3861 3621 3906 3745 3464 
3852 3708 3805 3579 3519 3881 
3854 
3855 3545 3884 3861 3888 3723 
3857 3707 3863 
3858 3741 3718 3547 3940 3757 
3859 3958 3938 
3860 3825 3568 3728 3880 3771 3918 
3861 3536 3955 
3862 3613 3908 3846 3444 3757 
3863 3841 3821 
3864 3927 
3865 
3866 3804 3806 3816 3597 3602 3739 
3867 3893 3823 3644 
3868 3973 3954 3843 3750 3565 3492 
3869 3623 3439 3696 3868 3600 3565 3730 3632 
3870 3692 3862 3932 3561 3573 3911 3975 
3871 3590 
3872 3898 3587 3692 3606 
3873 3728 3654 3926 3903 3448 3949 1085 3757 3744 
3874 3569 3834 
3875 
3876 3439 
3877 3623 3441 3538 3564 3836 3903 3846 3532 3607 3485 3813 
3878 3727 3773 
3879 
3880 
3881 3536 3824 3818 
3882 
3883 3534 3769 3816 3777 3886 
3884 3929 3901 3590 3945 3733 3751 3700 3753 3654 3627 3978 
3885 
3886 3507 3738 3721 3500 
3887 3703 
3888 3543 3641 3803 
3889 3503 3474 
3890 3512 
3891 3646 3669 3744 3661 3659 3803 3678 3644 
3892 3747 3827 3632 3962 
3893 3777 3811 
3894 
3895 3440 
3896 3683 3472 3460 3886 
3897 3600 
3898 3956 3491 3589 
3899 
3900 3875 3568 3578 3461 3637 3499 3959 3626 3960 862 
3901 3713 3508 3897 
3902 3867 3698 3758 3810 3668 3568 
3903 3760 3844 3857 3772 3484 
3904 3643 
3905 3532 3711 
3906 3824 3950 3759 3855 3583 3653 3662 3775 3562 
3907 3663 3830 3681 3852 3576 3620 3584 
3908 3646 
3909 3551 
3910 3904 
3911 3904 
3912 3736 3746 3666 3640 
3913 3891 3736 
3914 3607 
3915 3467 3448 3471 3499 3723 3444 
3916 3808 
3917 3512 3763 3569 3804 3735 
3918 3490 3732 3626 3552 3660 
3919 
3920 3683 3857 3592 3446 3886 3635 3818 
3921 3771 3781 3887 857 3744 3776 3675 3495 3788 3643 3679 
3922 
3923 3609 
3924 3948 3858 3849 3672 3768 3791 3599 3638 3743 
3925 
3926 3735 3780 3670 3908 3619 3868 3743 3866 3927 3706 3901 3737 3783 
3927 3477 3854 3717 3967 
3928 3596 
3929 3475 3661 3870 3797 
3930 3880 3928 3512 3561 3803 3574 3504 
3931 3564 3919 3804 3556 
3932 3814 3691 
3933 3674 3844 3532 
3934 3517 3505 
3936 
3937 3437 3524 
3938 3832 3941 3516 3905 3893 3630 3478 3648 3918 3907 3543 3811 3839 3509 3963 3833 
3939 3686 
3940 3661 
3941 3671 3545 
3942 3446 
3943 3558 3438 3493 
3944 3925 3889 
3945 3657 3648 3616 3770 
3946 
3947 3897 3918 3855 3940 3903 3901 3553 
3948 3909 3543 3821 3829 3765 3511 3472 3483 3550 3910 3902 3470 
3949 3660 3865 3456 3611 
3950 3976 3673 3551 3477 3789 
3951 3518 3819 3836 3807 3761 3830 3862 
3952 
3953 
3954 
3955 
3956 3508 3793 3487 3768 3688 3692 
3957 3553 3652 3627 3818 3697 
3958 
3959 
3960 3884 3444 3534 
3961 3839 
3962 3611 3739 3808 3786 3792 3626 3502 3665 3839 3749 3915 
3963 3831 
3964 3823 3861 3566 
3965 3542 
3966 3659 3499 3944 3505 3603 3962 3700 
3967 3654 3512 3459 3639 
3968 3644 3844 3565 3454 3458 3814 
3969 3512 3515 3628 3681 3702 
3970 3962 3502 
3971 3548 3826 3600 3934 3689 3885 3804 3499 3871 
3972 3946 3932 3646 3631 3717 3948 
3973 
3975 3869 3847 3807 3448 
3976 3723 3446 
3977 3628 3811 
3978 3822 3896 
3979 3690 3769 3520 
