58 
107 2715 2756 
171 
860 
2661 2965 2671 3246 3398 3072 3409 3041 3000 3343 3215 2913 3114 2996 2972 2711 2690 3203 3426 1726 3336 3298 2918 2704 3147 3404 3012 2995 
2662 3220 2822 2810 2697 3409 3209 
2663 3032 2931 3292 3012 3066 
2664 3357 2793 2703 3048 3227 3166 3099 3285 2770 3254 3084 3251 3148 3056 2952 3340 3095 2898 2947 2756 
2665 3290 3021 2833 2948 2854 2788 2977 3026 2832 2714 3305 
2666 3233 2772 3299 3253 2874 2811 3200 3367 2831 3242 2896 2706 3406 3010 2819 
2667 2697 2746 2998 2957 2822 
2668 3322 3230 2910 3090 3318 3238 2682 
2669 2678 2988 2684 3027 3209 3419 3297 3320 2859 2775 3293 3151 3328 3012 2704 3364 3383 3010 3372 2792 3227 
2670 3217 3215 2823 
2671 2981 
2672 2668 3054 2704 3001 2961 3373 3042 
2673 2671 2880 3302 2950 2800 3337 3343 
2674 2916 2809 2798 2855 3064 3379 3202 2957 3253 2751 2831 2677 
2675 2965 2789 3084 2722 3204 3374 2681 2829 2717 3360 
2676 2996 3239 2983 3105 3353 58 3212 3012 1726 3261 3307 3293 3420 
2677 2727 2928 
2678 2994 
2679 3173 2903 3422 2663 2941 3081 2727 2871 3059 3258 2891 2704 
2680 2737 2742 3237 2926 2730 3390 2812 3124 3016 3048 2719 3233 3012 
2681 2826 3115 3044 3428 3381 3398 3389 3247 
2682 3395 3407 2905 2885 
2683 3317 3195 3416 2704 3361 2918 3164 58 2730 2821 2969 2925 2983 3014 
2684 3317 3253 3198 3233 3418 3141 
2685 
2686 3064 2709 2981 2695 3201 3053 3100 3093 3391 
2687 3054 3294 2663 
2688 3039 3067 
2689 3210 2727 3159 3177 1666 2825 3199 3131 3270 2865 3217 2933 3053 2798 
2690 3109 2776 3201 3220 2961 3140 
2691 2751 
2692 3403 
2693 3169 3236 2832 3296 3022 2767 
2694 3420 2939 3178 3329 3038 2790 2898 2727 3171 3191 2907 3154 3291 3003 3239 3320 2975 3059 2957 3050 3061 2906 3035 
2695 3147 3027 3180 
2696 2720 3084 1171 
2697 3141 3227 3205 3020 
2698 3144 3243 2791 2908 3342 2763 2756 2747 3143 2957 3112 2684 3424 3415 2705 3162 
2699 3137 3409 3037 
2700 3259 3050 
2701 2777 3383 2886 2765 3244 3242 
2702 2985 3398 3083 2691 2713 
2703 2884 1534 3196 3269 
2704 
2705 2872 3262 3254 3115 2687 2857 2683 
2706 2720 2734 2747 3017 3141 3024 2990 2755 3375 3359 
2707 2958 3360 2714 
2708 3417 2936 3385 2754 2675 2765 2993 3185 3389 3243 
2709 2808 3348 
2710 3167 
2711 3288 2885 3023 3212 3042 3414 
2712 2880 2747 2750 3023 3103 
2713 3358 3060 2917 2923 3434 3173 
2714 
2715 3003 3304 2690 2738 2837 3265 2696 3005 
2716 2740 3400 3365 1642 2698 2831 3292 2957 3295 2834 3430 2713 2886 3148 3237 2908 3073 107 2758 2858 3095 2889 
2717 3254 3322 3253 3146 3330 3293 3060 2765 3050 3094 3400 
2718 3181 2757 3056 2878 3225 
2719 3197 3306 3402 3215 2898 2673 3420 2865 3004 2818 2712 3319 3254 3237 3271 2665 
2720 2843 2896 2674 1656 3331 2785 3052 2952 3293 2749 2829 
2721 
2722 
2723 
2724 3352 3262 3413 3050 2722 3224 2666 2996 2812 2870 2909 3357 2917 
2725 3015 3249 
2726 2867 3207 3047 3105 
2727 2991 3212 3346 
2728 3418 2748 2760 2684 3184 2765 2828 3033 
2729 2685 3234 3093 2664 2799 3273 3192 3196 3124 3432 3064 2970 2662 2965 
2730 3026 3380 2776 2888 3352 2891 3418 3382 2931 3360 3047 3067 3260 2827 3143 3052 3234 3111 2894 3434 3308 2738 2778 2964 3072 3042 3159 2878 3218 860 3278 3160 
2731 1450 3237 3225 3066 
2732 3196 2976 
2733 2779 2949 3059 3370 
2734 1726 3034 3261 2946 3127 
2735 3222 3232 3410 860 
2736 2862 
2737 2908 3420 2840 2685 
2738 3135 2686 2769 3223 2951 3006 860 3410 2843 3165 2806 3378 3273 3373 3151 2763 2735 3372 3245 2704 
2739 2899 3312 2665 2746 1666 
2740 
2741 3096 3374 2825 2846 2854 2749 2840 2968 3336 2784 3405 58 2674 3367 2691 
2742 2933 3333 2824 3313 2729 990 3322 3386 3171 3301 2959 2829 3069 3314 3036 2779 2668 2980 2750 3211 3302 3113 2914 3256 2738 3262 
2743 3172 3309 3099 3130 3216 3345 3184 2730 3175 
2744 3108 3250 3197 2909 3225 
2745 3249 2754 
2746 3050 3369 2771 3274 
2747 2821 
2748 3059 3166 2960 3170 1642 3265 860 3129 2995 3391 2764 
2749 2971 3319 2669 2683 2992 2686 2681 2861 3169 3172 3398 3150 3143 3400 
2750 2778 3112 3376 3298 3087 3111 3034 3044 2971 3301 3273 3084 2788 2671 3309 3364 
2751 3037 2781 3395 2975 2870 3254 3418 2949 2988 2728 
2752 2830 
2753 3205 2897 2966 3207 3255 1642 3214 2800 3419 3119 
2754 2693 3238 3045 2869 2794 171 2967 3081 3337 3113 2795 2696 2759 2785 3215 2918 2932 3385 2714 2936 3210 3102 3312 3221 3186 3159 2843 3163 
2755 2968 3029 3058 2789 2668 3434 2781 2759 3376 2919 3269 3132 3203 2938 3062 
2756 3063 2973 3266 3014 2717 
2757 3256 2768 2991 2853 3148 3395 3198 3107 3355 3419 2711 2730 2684 3169 2841 2865 3109 2771 3205 
2758 3391 3041 3349 3334 2844 3152 3272 2733 3110 
2759 3255 2768 
2760 3090 2924 3179 
2761 3050 3123 2915 3142 2728 
2762 3108 3428 3265 3191 
2763 3102 860 3148 2911 3238 2961 3016 2922 3379 3091 2875 
2764 3115 3301 3031 
2765 3000 2969 2958 3341 3036 2773 3383 2919 2987 3173 3387 3266 
2766 2764 2802 3089 
2767 
2768 3139 2835 3357 2904 3047 2889 2675 3321 2871 
2769 2705 3383 
2770 3135 3006 3404 2958 2938 3067 
2771 2686 3202 3395 2910 
2772 2753 3300 2719 3383 2861 
2773 2901 3391 3115 3332 3103 2788 3065 
2774 2779 
2775 2726 
2776 
2777 2981 3177 2708 2793 3300 2732 3420 3275 2862 2729 2868 3259 2736 3229 3051 2762 
2778 3195 1450 3176 2923 3159 2967 3236 2917 3301 3154 2729 2906 2836 3235 3044 2919 3291 2955 3092 3124 
2779 2862 3431 2679 
2780 2826 3329 3253 3358 3137 3384 3421 3301 2944 3309 3024 2914 
2781 3200 3268 2962 2822 3292 3059 3174 3203 3008 3406 3293 2879 
2782 2996 3003 3077 3209 3136 2792 2812 2989 2747 3070 3402 3405 3222 3272 2693 3006 3256 2737 3407 3286 2763 
2783 3279 3071 3123 
2784 1758 2948 2829 2804 2770 2725 3164 
2785 2959 3140 2836 3088 3291 2701 2869 2866 
2786 3214 3155 3006 3085 3304 2900 3252 2686 3249 2832 3338 3322 3180 3385 2971 2781 2876 3215 3070 3422 
2787 3124 3132 3434 2930 3357 2799 3074 3069 
2788 
2789 3292 3154 3145 2902 2717 3301 
2790 2853 3075 
2791 3298 
2792 2747 
2793 2895 3368 3394 2752 2809 3001 3173 2747 2735 3153 3033 2887 3408 2947 3005 1534 3356 2769 3166 2770 
2794 2693 
2795 2960 2836 2739 3219 3145 2663 1726 
2796 3250 2963 3291 3210 3134 3048 3319 3046 3286 
2797 2958 
2798 
2799 3197 
2800 3049 3089 2932 2856 3103 2666 3153 2668 2796 3435 2779 3018 
2801 2876 
2802 3032 3024 2905 
2803 2731 2944 2711 3329 3306 
2804 3167 3098 
2805 2807 1726 
2806 3059 3334 2946 3169 2897 3306 2825 3345 3353 3318 2879 
2807 2774 3194 
2808 
2809 2963 2895 3349 
2810 3136 3396 3197 3230 3219 2814 3005 2716 3022 3131 3191 2785 3183 2772 3105 
2811 3078 
2812 3350 2897 3398 2761 2964 
2813 2716 2980 2935 2914 2862 2885 3197 
2814 
2815 2746 2922 2812 2790 3153 2902 2816 2764 1534 3423 
2816 2738 
2817 3402 
2818 3110 
2819 3174 3332 3056 3084 2693 3238 
2820 3319 2993 3404 
2821 2682 
2822 
2823 2690 2858 2758 2812 2755 3247 3088 3263 
2824 2952 
2825 2734 3113 2958 
2826 2931 
2827 2834 3279 3160 3180 3000 3025 2818 2937 3110 2788 3137 3427 3151 3420 3119 3023 2763 2898 
2828 3123 3163 3093 3074 2996 3312 2682 2702 2979 3358 3003 3412 2906 2858 
2829 3328 3030 3391 3373 2734 3090 2815 
2830 2698 
2831 2986 3359 3401 3075 
2832 3055 2802 3142 3339 
2833 3108 3057 2922 3064 3012 3205 2884 2888 3388 2913 3398 3324 2806 2799 3402 1666 3264 2945 3339 2870 3393 
2834 3027 2944 
2835 3431 3027 3179 3100 2945 
2836 3159 2704 2984 2746 3064 3391 3258 
2837 3347 2715 3202 2725 
3006 
2839 2978 2828 3229 2857 3352 3358 2769 3409 3089 3402 2973 3319 2760 3013 3361 2885 3152 3131 2962 3245 3016 2718 3156 2709 
2840 3330 3128 3045 107 2762 
2841 3316 3077 3163 2906 3341 2910 
2842 
2843 2687 3371 2774 2839 3162 
2844 2859 3176 3413 2782 3049 2701 
2845 2711 3425 3152 2705 3163 2768 3322 
2846 2952 2910 3200 3334 3143 3077 
2847 2718 2776 
2848 3033 2778 3321 3105 
2849 2925 2718 3013 3105 2868 3385 3215 2891 2839 2917 2931 3168 2702 2752 3254 3407 3287 2800 
2850 3152 3355 3326 1656 2947 3075 2837 2814 2686 2893 
2851 3246 3072 3182 2940 3000 2705 
2852 2851 
2853 3159 3042 2726 3341 2987 3353 3213 2774 3209 3273 3123 2682 
2854 3256 2857 3279 2890 3065 2808 2724 2819 
2855 2738 
2856 2863 3181 3368 
2857 3390 
2858 2759 3011 
2859 2933 2832 1666 
2860 
2861 2845 3095 3433 
2862 2818 2677 2804 3205 3343 3235 3044 3037 3271 2935 3102 2702 3166 
2863 3010 3234 3069 1726 3287 3080 3229 3345 3182 3333 3123 2712 3427 3293 3195 2998 3317 3388 2861 3286 3126 
2864 3111 3092 3210 3088 2950 2711 2684 2866 3342 3134 2790 3237 1726 2995 2739 3426 2832 
2865 3222 2870 3062 3318 3057 2781 2901 2921 2838 
2866 2963 2806 3165 2969 2923 2796 2984 2726 2674 3199 2747 2725 3227 3211 2934 107 2975 3031 2914 3398 3436 
2867 3169 3250 3013 3146 3151 3012 3307 2885 3428 2723 2900 3126 3347 3162 3187 2672 2884 3390 2860 2807 2708 
2868 3412 3394 3092 2949 2876 2680 
2869 3420 3141 2785 2786 3383 3353 2718 2808 3129 2670 3048 2843 3216 2730 
2870 3224 3044 3326 
2871 2719 2746 3338 2693 2843 2992 3255 3381 3427 3320 2804 3230 
2872 3083 3158 2830 3401 3356 2688 2976 3285 3228 3124 3412 2842 3244 2749 2871 2756 
2873 3411 2678 2671 3264 3066 2835 3325 3145 2882 2813 3206 2811 3140 3091 3317 2802 
2874 3010 2678 3029 3225 2740 2921 2861 3176 2953 2987 
2875 3031 3351 2920 2953 3244 2720 2848 2907 2933 2704 3092 3070 
2876 3063 3303 
2877 2901 2668 3427 2958 2883 3429 3292 2795 3317 2798 3196 2724 3354 2854 2710 2936 2745 2851 3401 3225 
2878 3097 
2879 3379 3308 3417 3085 2739 
2880 3386 2824 3128 3113 3199 3258 2875 3435 2873 3045 3166 3087 3153 3014 3402 3277 2841 3366 2942 3341 
2881 3157 3214 2860 2921 3372 2941 3317 3313 2955 3405 2853 
2882 3234 
2883 3180 2755 3315 3033 
2884 2781 3325 2794 
2885 
2886 
2887 2685 2922 3174 3122 3213 2828 2970 2986 
2888 2939 3003 2741 2972 3357 
2889 2860 3226 
2890 2881 2843 3418 3170 3407 3363 3062 2945 3032 3050 3423 2692 2730 3309 3323 3374 3093 3398 3432 2784 3188 
2891 3202 3326 2885 3345 2662 3390 
2892 3250 3004 3282 3155 2894 3226 3043 
2893 3063 3081 
2894 2930 2775 3228 3134 2931 3037 2798 2855 2953 3333 2882 3363 2863 
2895 
2896 3278 3018 2973 58 2997 3343 3141 
2897 3276 3250 3277 2762 3382 2899 3255 3264 2692 2776 2871 3100 
2898 2747 3419 
2899 2755 
2900 2755 
2901 2664 2852 2673 2983 2982 2666 2801 3073 3178 2930 2774 2878 3095 3326 3279 2772 2947 3424 3395 3031 
2902 3409 3201 2781 
2903 3198 
2904 2821 3161 2773 2859 2933 2976 2923 2670 3380 3313 2750 2784 3354 3087 3237 2921 2808 
2905 3182 2882 3006 1642 2972 3076 3046 2901 3000 3429 
2906 2812 2701 3185 3155 3064 3209 1450 3369 3102 2741 2799 3332 3383 2674 
2907 3219 2819 2897 3239 3290 2903 
2908 3249 3221 3432 2940 3024 2775 
2909 3021 3247 3435 2822 3055 2978 3299 2838 2731 3138 2807 2705 2930 1505 2682 3388 2946 
2910 3295 3423 2780 3032 2693 3123 3030 2831 2743 2687 3269 2820 3173 3048 3188 2675 2829 3059 2700 
2911 3223 3152 3313 2778 2924 2783 2939 3042 2691 3271 58 2887 3111 3243 2855 
2912 2854 2957 2678 3111 3243 2810 3099 2977 2883 3235 3005 
2913 3242 2783 3311 2979 2742 3312 3271 3010 2706 2869 2928 2825 3256 2734 
2914 2732 3237 3123 3290 3108 3069 3432 3077 3116 
2915 2958 3355 2687 3215 3327 3411 3160 3002 3425 2805 3225 2721 3154 3319 3374 3368 
2916 2991 3201 3264 2837 2765 3410 2923 3095 3000 3189 2781 3134 3105 2721 3274 3179 2935 2724 2752 2826 3268 
2917 3137 3042 3014 3428 
2918 3075 3113 3172 
2919 3112 3055 3238 2826 3264 3364 3392 2759 3282 2670 2936 3163 
2920 3081 3312 3196 3063 3142 2869 2847 2707 2780 3248 3211 3041 2945 2822 3351 2723 3066 2677 3410 3289 3373 2902 
2921 3343 3300 2716 3398 3255 3219 3355 
2922 
2923 3225 1505 3247 3352 
2924 3159 2724 2712 3172 3419 3122 2881 2796 2747 3409 2999 
2925 3010 3375 2917 3292 3123 2820 2784 2990 3198 3283 3347 3366 3079 2845 3307 2685 3355 2812 2918 2679 
2926 2853 2770 
2927 2792 2936 3042 3418 3265 2954 2918 2822 3410 2883 2842 860 3253 3242 3110 
2928 2836 3077 2961 3082 3403 2872 2673 2808 3298 2784 3176 2736 3348 3411 2792 
2929 2809 3141 2864 2696 2728 3352 3260 
2930 3396 2730 3307 3097 
2931 2731 2724 2821 2919 3016 3232 3126 2971 3011 2769 3010 2889 1171 
2932 1505 2780 3190 2913 3316 3209 2984 2816 2729 2859 2915 3345 
2933 2700 3258 3251 
2934 2685 3417 2803 
2935 3373 3001 
2936 3030 2842 3177 2764 3129 3061 3112 2707 3189 3395 2741 3139 3075 3204 2812 3286 3354 
2937 2978 3064 2947 3083 2982 3431 3245 3042 3106 3423 3287 3000 3103 2706 
2938 2958 2833 3084 3303 3403 3281 2686 
2939 3090 2857 3212 2965 3361 3030 2777 2750 3106 3177 
2940 3155 2992 3227 2738 2687 2950 3325 3097 3004 1534 2915 2747 2783 3164 2666 
2941 2919 3200 
2942 3313 
2943 2992 2791 3149 3007 3151 3032 2990 2745 3263 3027 2670 2949 3177 3229 2922 2672 3296 
2944 3248 3209 3176 3263 2894 3037 2848 3188 2921 2835 2923 2797 2879 3318 2772 2735 3293 3261 3234 2792 3298 3003 3183 3425 2759 
2945 3013 2802 3188 3234 2693 2970 990 3283 2726 3298 
2946 2791 2998 2796 3096 3060 3158 2750 3045 
2947 2763 107 3425 3021 
2948 2734 3231 2803 2876 2923 
2949 3362 2838 2963 2930 
2950 3009 2878 3051 3034 3105 2834 3045 
2951 2827 2969 3114 3042 3135 2863 2841 3089 3332 3145 2880 3320 2907 2979 3009 2958 2846 3302 3326 3005 
2952 
2953 3356 2911 3179 2810 3071 3040 3412 
2954 3247 
2955 2983 3288 3035 3306 3390 3243 3025 
2956 3042 2964 3073 1450 2948 2889 2677 3120 3371 3348 3141 2999 3204 3429 3035 2918 3369 2662 3275 2710 3373 
2957 2755 3404 
2958 3059 3155 3407 3149 3421 3406 3204 3159 3328 
2959 2943 
2960 3106 2970 2828 3128 3127 2999 3264 3205 2723 2991 3256 2719 2826 3131 3392 
2961 2767 
2962 3261 2998 2929 
2963 
2964 2958 3215 
2965 2926 2714 2834 3091 
2966 3313 3358 2962 2969 3246 3324 3384 3337 2924 3097 3113 2832 3068 2773 2820 2766 3121 2712 3160 3239 3011 2678 
2967 2804 3352 2963 
2968 2957 2809 
2969 3256 3176 3328 2994 3071 2733 3286 3089 3280 3010 3396 2863 2908 3419 
2970 2796 2985 3159 2857 3113 3383 3224 3270 3197 
2971 
2972 2737 3051 2711 
2973 2711 3016 2967 2798 2938 2990 3279 3227 3014 2725 2672 3164 3183 2889 3295 2800 2904 3333 2669 2952 
2974 3107 2828 3089 2671 3167 3272 2665 3316 2989 2682 3307 2832 3086 
2975 
2976 3334 3372 3116 3343 3255 3353 3121 2868 3230 3039 
2977 2960 2675 3054 2933 2965 3018 
2978 2779 2969 3338 3345 3062 
2979 3079 
2980 2779 3148 
2981 2775 2945 2806 3176 3406 3330 
2982 107 3383 3374 3249 
2983 3393 3036 3015 2973 
2984 2779 3367 3036 3121 
2985 3122 2790 3003 2778 3303 3311 2765 3368 2685 3231 3075 3032 2728 2997 2967 3165 
2986 2747 3366 3357 3257 2830 2828 2764 2869 2758 3304 2772 3425 3207 3153 2882 2832 
2987 3236 2915 2796 3108 
2988 2832 3140 2727 3405 3149 2929 3365 3332 3051 2792 2796 2976 2998 3183 2839 
2989 2705 2798 2859 2918 3238 171 2826 2842 3306 1171 2730 2791 2981 3245 2884 2865 3371 
2990 3285 2942 2959 
2991 2964 3097 3047 3395 2697 3341 2924 3333 3053 3073 3323 
2992 2795 2775 2779 3324 3266 3379 3086 2955 3428 3059 
2993 2700 3265 3159 2792 3055 3251 3425 2882 3102 2932 3009 3242 3042 3002 
2994 2902 3086 2863 2967 3167 3262 2922 2909 3427 3435 3357 2987 3419 2788 3375 3358 
2995 3158 2748 
2996 3256 2897 2776 3381 2785 
2997 3003 2892 
2998 3294 
2999 3230 2680 2861 2762 
3000 3218 2983 3434 3192 3274 2913 3162 3394 3421 2799 3410 2962 3409 2920 3198 2881 3331 3270 3384 2931 
3001 2749 3381 
3002 3344 3185 2910 2844 3334 2737 1171 2802 1758 3094 2777 3414 2985 3388 2858 3104 
3003 2917 
3004 3008 2943 2847 3262 3251 2845 2871 2899 3037 2905 2695 3217 
3005 2672 2990 2908 2956 2986 3429 2897 
3039 2940 3096 
3007 2778 2852 3203 3210 3360 
3008 3203 2729 2671 2978 
3009 3083 3400 3062 
3010 2708 3127 3136 
3011 3084 3122 3217 3017 3173 3239 2750 3267 2769 3221 
3012 2759 
3013 3061 3245 2746 2695 2676 3336 
3014 2971 2970 2807 3234 3430 2946 2663 3248 2670 3035 2944 
3015 2749 2954 3003 
3016 3271 3074 3397 3159 
3017 2758 2891 3218 3110 3081 2672 3019 3428 3425 3231 
3018 3352 3090 3378 2928 3350 3031 
3019 3313 2820 3220 3065 3305 2793 3262 3425 2757 3367 2865 2886 3115 3232 3373 2993 2847 
3020 3377 2995 2914 3030 3410 171 3278 2994 
3021 3259 2916 2989 3293 3407 3093 2764 3043 3074 2693 
3022 3212 2711 3081 3003 3126 3286 3407 3310 2821 2759 3375 3002 2779 
3023 3328 3222 2930 3057 3123 2893 2732 
3024 1450 3023 3405 3232 
3025 2763 990 2888 2740 3118 2689 3409 3027 3422 
3026 3202 2709 2676 2806 3004 2989 3286 3112 2879 3337 3275 3230 2857 2711 2848 2847 2942 
3027 3311 3020 3224 3173 3075 2875 2886 3045 2668 
3028 2941 2729 3288 
3029 2661 3408 3263 2869 3248 2871 3135 2971 2671 
3030 3227 
3031 2666 
3032 3192 3419 3283 2966 
3033 3237 3340 2943 3182 3269 3000 2829 2967 3028 2808 3353 3299 2879 
3034 2710 3322 2759 2782 3190 2838 3275 3086 2853 3390 3351 3177 3236 
3035 3059 3328 3273 3069 3295 2871 3174 2835 2964 3013 3410 3361 3401 3423 3177 1642 2780 2978 3124 2777 3194 3134 
3036 3227 3050 2996 2843 
3037 3291 
3038 2986 3073 3200 3436 3066 2969 3083 3201 2798 2975 2905 3225 2700 3373 2806 3349 3058 
990 3143 3064 3113 2920 2665 3042 2692 
3040 3228 2857 3301 3116 3302 3118 3125 3276 
3041 3116 2738 2836 2677 2803 
3042 3094 3056 3248 
3043 2792 3141 2928 3200 
3044 2835 2952 
3045 2805 3101 3016 
3046 3239 3027 3197 3115 2833 3404 
3047 3254 3028 3270 3292 2765 3225 3082 3144 2896 2790 3409 2907 3372 2687 
3048 2988 2762 2674 2955 
3049 3266 2800 2938 3401 3148 3308 3412 3229 2821 3003 2709 3324 3317 2729 3276 
3050 3423 3233 
3051 3133 3278 2917 2731 3268 3325 2983 3098 2884 3295 3020 3139 3202 2893 2803 2819 3166 
3052 3132 1405 3280 3304 3116 3418 2989 2856 
3053 3097 
3054 3006 3308 3133 2718 3044 2700 2996 3244 3261 3122 3091 3214 3120 2857 3267 3373 
3055 2903 
3056 2811 2997 2783 2704 2987 3251 3380 3074 2908 2903 3024 2973 2979 3202 3151 3028 3355 3391 3425 3034 2817 
3057 2756 2997 2900 3200 2821 2675 
3058 
3059 3024 2863 2779 
3060 2921 2977 3388 3273 3078 3289 2961 3004 3278 3309 
3061 3085 2966 
3062 3393 3036 3383 2747 3419 2997 
3063 3230 3291 
3064 3106 3240 2990 3329 2846 2819 3024 3269 2747 
3065 2933 3299 3083 2940 3092 3193 2671 
3066 3199 2984 2722 
3067 2977 3376 2902 
3068 2769 3329 3355 
3069 3000 3344 2846 
3070 3119 3282 2815 2813 3178 2911 3096 2947 3014 3138 3185 
3071 
3072 2724 3294 3130 2744 3313 2934 2681 3292 3193 3080 2731 3274 2720 3404 3038 
3073 3177 3166 3104 2938 860 3116 2888 3235 3277 2788 2964 2929 3202 2913 2832 2661 
3074 
3075 3178 2971 2749 3274 3373 3378 2889 3125 2920 
3076 2860 2705 2827 3165 2829 3224 2940 3365 2756 3277 2990 1656 2798 2738 2800 3330 
3077 3121 2806 3326 2992 2967 3043 1171 2926 3001 3243 2823 
3078 3143 2677 3266 3152 3086 2751 2756 2997 2731 3153 2668 2999 3025 3259 3321 1450 3305 2699 3224 3398 
3079 2978 3333 3039 
3080 3272 2875 3018 1419 
3081 3180 2927 3210 3165 
3082 2783 2845 3382 3073 2728 2680 2829 3373 3029 3119 3031 2988 3084 2710 2671 3225 2695 3338 3379 3304 1171 2672 990 3154 2856 2812 3410 3219 3334 
3083 2763 3152 2732 
3084 2788 3074 3055 2926 3226 3304 3369 2941 2785 2937 3215 3103 2752 3001 3321 3359 
3085 3404 2678 1656 3381 3414 860 2797 3012 2722 2693 
3086 3333 2738 3143 2875 3283 3317 3158 2856 
3087 3181 3027 3268 2923 3322 3088 3220 1642 3218 
3088 2804 3260 
3089 2898 3302 3013 3008 2805 3423 2987 3244 2672 2968 
3090 3024 2675 2790 3051 3098 3169 3280 3338 3106 3217 3315 2880 1758 2879 3202 2919 3170 
3091 3006 3137 
3092 2932 2853 2867 3276 3431 
3093 2840 3202 
3094 3232 
3095 3240 2916 3168 3374 3158 
3096 2727 3222 2715 3037 3394 2805 3159 2723 3088 3220 2769 3341 3372 3359 3104 3012 
3097 3133 2886 2895 2971 3051 
3098 2936 3277 2939 3066 3089 3409 2714 2713 3422 2890 2719 3431 3353 3407 1405 2984 3420 
3099 3079 3282 
3100 3211 3053 2764 3330 3066 2717 2703 
3101 2826 3380 2777 2682 3162 2919 3165 3092 2864 2726 3154 2681 3064 3376 2921 3400 2718 2838 3312 2913 3086 2801 3283 2993 
3102 3013 2921 3378 2949 2714 2951 2730 3077 2846 
3103 2769 3330 3253 3208 
3104 2936 3157 3183 2749 2755 2840 2662 2910 2967 3380 3175 3067 3050 2983 3046 2999 
3105 3054 
3106 3205 2685 2916 2932 3349 3255 3090 3272 3005 3246 2905 2769 3167 2971 3372 3333 2679 2852 
3107 2968 2874 3397 3276 3199 2689 3284 2903 3057 3318 2975 
3108 2764 2889 2896 3166 2686 2801 3378 2855 3279 3371 3315 3262 3114 2773 2879 
3109 2920 3430 2662 2857 
3110 3365 
3111 2770 2797 2674 2946 3391 3055 3370 3174 2854 3097 2804 
3112 2738 2901 3124 3097 
3113 3046 3229 3257 2998 3044 2924 2707 2809 2857 3413 
3114 3072 3345 3319 2991 107 2932 1758 2820 
3115 3063 3178 3016 2967 2988 3087 3059 3390 2991 2998 2990 3070 2731 2869 2749 2866 
3116 2671 3046 3095 2887 2667 2941 3001 3424 3364 1642 3304 2810 2842 3221 2720 3425 3317 3229 3380 3072 3293 
3117 3176 2783 2929 2923 3057 2662 2737 3225 3426 3337 3179 2663 2934 3276 2970 2824 
3118 3207 3187 2693 1758 3224 
3119 3147 3071 3053 3144 3300 3422 2986 2948 2908 2812 1534 2748 2776 3045 
3120 3223 3390 2683 3432 2666 3052 2963 3066 2754 3378 3138 
3121 
3122 
3123 3250 3210 3229 2930 3321 2831 
3124 2983 3402 2781 3188 3191 3385 2968 2808 
3125 
3126 3435 2831 
3127 2663 
3128 3099 2858 
3129 3049 3116 2979 2803 3178 2912 
3130 2995 2868 
3131 3013 58 3321 
3132 3121 3092 2766 2686 2681 2680 3052 3122 2944 2971 3371 3128 2898 3409 2811 2790 3093 3016 3073 
3133 
3134 
3135 3087 2987 2708 2824 2726 2813 2842 
3136 2811 3324 3402 3273 2821 3221 2939 3144 2987 3029 3186 2752 2924 
3137 2765 2720 2735 3412 1642 2843 2952 3039 3011 3251 
3138 3235 2761 1758 2763 3384 2703 3001 
3139 3073 2863 2820 3029 2673 3289 2692 2872 
3140 3114 3006 3417 3244 3118 2865 2820 3330 3175 3150 2895 3055 3160 3184 2880 2936 
3141 
3142 2946 2857 3318 2826 2704 3044 3435 3138 2999 3231 
3143 3274 3019 
3144 3160 3022 2988 2705 
3145 2975 2677 2897 3213 3134 3328 3146 2920 2747 2954 2834 3409 3278 3415 3246 
3146 3011 2893 3061 2984 3403 2808 2994 2826 2889 2871 2709 2798 3428 2872 
3147 
3148 3278 3104 3049 2835 2831 2801 3380 2918 3230 
3149 3428 3191 2967 2721 2961 2822 3187 2778 3059 3148 3327 3378 2737 3357 3081 2765 
3150 2808 2874 3105 2667 3215 3260 2892 2917 2807 2771 3361 
3151 3275 3175 
3152 3107 2903 3303 3237 2772 2683 2900 2851 2981 3388 2796 2834 3402 2769 2703 2779 3318 2676 
3153 3160 3034 
3154 3362 2808 2765 3088 2674 2718 2821 2933 
3155 2801 3092 3237 2968 3257 
3156 2930 2785 2851 3368 
3157 3077 3417 2835 3391 2890 
3158 3154 860 3301 3375 2741 2842 2984 2852 3097 
3159 
3160 2761 3128 3411 2967 3424 3233 171 
3161 3108 2796 
3162 3338 2939 3022 3133 2743 3187 
3163 3380 2718 
3164 2844 2980 
3165 3411 
3166 3170 2889 3360 3041 2819 
3167 3205 2916 
3168 3298 3254 2805 3224 2917 3208 2879 
3169 2934 3338 3306 2676 3192 2893 2685 2805 3428 3235 3433 
3170 3096 2921 
3171 
3172 860 2666 2718 3343 3294 2960 3032 3365 3333 
3173 2728 
3174 3353 3137 2935 3127 3383 2670 3406 2826 3260 3140 3207 3397 2768 3239 3131 
3175 
3176 2991 2796 3054 3159 3240 2763 
3177 2805 3194 3267 3107 2852 3119 3423 
3178 3324 3382 2836 3384 2942 2969 2980 
3179 3019 2673 3119 2957 2938 3341 2786 3321 2841 2735 3230 2664 2809 3251 3333 2754 3006 3084 
3180 2913 3120 3400 2885 
3181 3072 
3182 2710 3335 3430 2723 2690 3058 2727 2748 3003 2874 
3183 
3184 2776 3029 2785 3246 3374 3108 3091 3304 3379 2749 3382 3130 3327 3427 3095 3208 3085 
3185 3382 3436 3222 3333 2676 2808 2756 3118 3168 3205 2665 2819 2892 3405 2805 3253 3164 3022 2957 2848 3392 
3186 2800 2812 3370 
3187 2795 2794 3345 2952 2742 3115 3363 3388 
3188 3005 3147 3430 3361 3067 2789 3410 3436 3389 3200 
3189 2755 2941 3312 
3190 
3191 3064 3433 3114 2779 3262 2697 3319 2897 2692 2839 
3192 2761 2770 3433 
3193 3276 2910 3179 2985 
3194 3143 2837 2767 2976 2661 3061 
3195 3421 3209 2817 3294 2994 2890 3037 2849 3346 3351 2800 2974 2838 2666 2934 2715 
3196 3218 3141 3144 2783 3105 2773 3197 2879 2726 3159 2780 2782 2762 3113 
3197 2747 2914 3215 3108 3366 
3198 2856 2704 3024 3390 2836 2851 3273 2899 3339 3008 2694 3402 3128 2677 3229 3332 2940 3155 3054 3187 2750 
3199 3286 
3200 2872 3362 
3201 2830 2972 3374 3121 3376 2966 2717 3430 2718 2797 2878 3199 2685 3039 
3202 3377 3413 
3203 3369 3375 3225 2934 3279 
3204 2711 2698 3293 3251 2879 2877 3039 3130 
3205 3410 3034 3220 
3206 3203 3090 2692 2784 3395 3060 3064 
3207 3036 1666 3212 2992 3080 3327 2804 
3208 3095 3282 
3209 2718 3384 3346 3394 2871 
3210 3345 2943 3078 3093 3249 2676 3344 
3211 3066 2687 3185 2959 3100 2799 2825 3043 
3212 3267 2667 3171 3193 3250 
3213 3195 2824 2878 3346 2895 3285 3005 2803 
3214 3034 3135 2879 2877 3320 2788 2992 2985 3393 3272 2903 3015 2957 2697 2680 
3215 3061 3248 3226 3379 
3216 3010 
3217 
3218 3310 3072 2727 
3219 3400 3177 3095 3281 2983 3028 
3220 3273 3258 2804 2964 3025 3154 2962 2915 2760 3309 3432 2878 3306 2884 3160 2999 3133 2995 2693 
3221 2661 2874 3099 2797 2885 3264 
3222 2894 3345 2697 2848 
3223 3320 
3224 3164 3401 3039 2673 2772 3022 3279 3027 3012 2753 3230 3037 
3225 2960 2796 3339 
3226 2675 3316 3029 3385 3259 2756 2737 2758 2825 3374 3219 3173 3213 2965 2765 
3227 3003 2751 
3228 3341 2832 3052 3084 2862 3408 
3229 3199 2843 2759 2662 2857 2780 
3230 
3231 2861 
3232 2741 2901 3316 3397 3214 3381 2769 3377 2899 3144 2795 2662 3011 2721 3093 2952 3068 
3233 2931 2954 2808 3185 3404 2764 3347 3265 3337 2772 
3234 3220 3276 2866 3418 3090 2800 2971 2910 2690 2916 
3235 3184 2980 
3236 2821 3355 3123 2984 2920 2740 
3237 2834 3270 2720 3104 3228 3151 2767 
3238 2994 2928 3049 3190 3401 3048 3430 2871 3179 
3239 3015 2890 3135 2923 3005 3009 2805 3308 3154 3360 3248 3282 107 2949 3398 3097 
3240 2925 2707 3405 2884 2885 2955 3315 2754 2912 3048 2808 3066 3144 3237 3124 2811 2855 1758 
3241 2797 3339 3184 
3242 3030 3126 2808 2757 
3243 3310 2852 2720 2745 3184 
3244 2802 3383 
3245 2972 2964 3131 3419 
3246 2958 
3247 2875 3187 3072 2854 3030 2825 3379 3109 3097 3005 2964 
3248 2911 2724 3245 2913 3200 
3249 2958 3288 
3250 2764 2742 2837 3004 2762 3204 2989 
3251 2835 
3252 3211 3303 3017 3339 3414 3343 3349 3319 3104 2819 3238 3315 3189 2795 
3253 2808 3270 3076 3062 2940 2841 3173 3366 3017 3266 3388 
3254 3051 3345 3205 
3255 2907 3220 3205 3065 3044 
3256 3091 3164 3287 3298 2741 3347 
3257 3102 2697 3120 3236 3404 
3258 2966 3040 2872 1534 2994 
3259 3043 2823 2888 2775 3221 3123 3079 2664 2709 
3260 3179 2793 3206 2946 
3261 3169 3204 3023 2883 3102 2772 3226 3152 3018 3005 3150 3159 3379 3025 2769 3380 2831 2877 
3262 3267 2750 2998 
3263 3048 3327 3200 3363 3316 3130 3187 2802 3233 2674 2863 2758 
3264 2789 3344 3058 3161 3027 3214 2906 
3265 3215 3362 1666 2968 3310 
3266 2808 
3267 3260 2950 3140 2892 3105 1758 3341 2730 3322 2918 2891 2966 
3268 
3269 3018 3311 
3270 2892 
3271 3032 
3272 2838 3269 2790 3071 3224 2881 3012 2861 3081 
3273 1666 3331 2987 3202 
3274 3009 2788 2867 3164 3114 3430 3197 2861 2908 3398 3429 3087 
3275 3000 3370 3183 3256 
3276 3265 3404 
3277 3385 3435 2998 3356 3334 2754 3143 3431 2792 2723 2694 3182 3347 
3278 3322 2736 3126 3385 3140 
3279 3162 2875 3428 3055 2993 3316 2978 
3280 3147 3341 3072 2707 3209 3044 3140 3418 3067 3048 2929 2861 2730 3336 2741 2903 3162 3092 3062 2974 3221 
3281 3298 
3282 
3283 3367 3218 
3284 2956 2731 3043 3095 3214 2732 2970 3221 2758 3420 2683 3187 3404 2895 3300 
3285 3308 3409 3200 2692 3096 
3286 2851 3288 2832 2758 3224 3375 3126 3274 
3287 2933 3209 2949 3010 2841 3130 3312 
3288 2942 3076 3011 3277 2881 2796 3139 2898 3050 2678 3368 2772 3270 2918 
3289 3283 2849 3308 
3290 
3291 3121 3036 3315 2706 3089 3357 2969 3087 2710 2874 3316 2744 2924 3268 2890 2820 2826 860 2738 3403 2704 
3292 2759 
3293 2693 2665 2710 2968 3216 2990 3210 3379 2822 2780 2961 
3294 3009 3244 3161 
3295 3119 3020 3278 3288 3114 3319 2726 3123 
3296 2732 3211 3316 2848 3210 3013 3229 3306 
3297 2744 2809 3095 3163 3347 3372 3044 3111 2857 3230 3060 3341 3294 3202 2728 3248 3385 3319 
3298 3380 3183 3081 3126 3058 3119 2814 2896 3135 3321 3109 
3299 3204 3377 3423 3243 2912 3367 2685 3213 
3300 3297 2982 3016 3190 3213 3224 2732 
3301 3419 2703 2964 3144 3079 2940 2962 
3302 3334 3319 2844 2949 2877 2866 2664 2731 2806 2722 3199 2972 3159 3270 2955 3388 3099 
3303 3029 3123 2790 3291 3351 3273 
3304 3128 2761 2752 3186 3001 3286 
3305 
3306 3379 2817 3348 3196 3314 
3307 3091 2992 3318 2840 3222 
3308 3178 3168 2711 
3309 2732 2909 3072 
3310 1171 3399 
3311 2792 2982 2698 3389 3323 3130 
3312 3121 3153 
3313 3011 3402 3238 3047 2737 3298 
3314 3299 2769 
3315 3235 3007 
3316 3073 1450 2773 3030 2848 2741 2887 3429 
3317 2753 
3318 3435 3287 2878 
3319 3214 2670 2775 3421 2809 3313 3187 2950 3253 3400 
3320 2889 3093 3059 2911 3290 2980 2943 3045 2692 3020 3001 2867 3230 2689 3159 2737 3166 3358 3228 3391 3104 
3321 3175 2929 3026 2922 3194 2777 3279 2970 2869 3389 2884 
3322 3182 3365 3198 3052 
3323 3147 
3324 1171 3171 3003 107 3229 2881 2942 2684 3360 3198 2990 3419 3197 2742 3412 2799 2987 3258 2850 3323 3277 2723 3231 2709 3058 3285 2999 
3325 3067 3263 
3326 2768 3271 3038 3301 
3327 2732 3006 2941 3306 2813 2963 3357 2718 
3328 2862 
3329 2787 3101 3166 3283 2996 
3330 3243 2930 2777 2817 2956 3187 3073 2771 2942 2908 2691 3387 3166 2923 3407 3023 2915 3314 3230 3144 2749 2680 3143 
3331 3039 3336 2860 2886 3175 3382 
3332 3204 2967 3156 3159 3087 2692 3044 3088 3136 
3333 2742 3247 
3334 2858 
3335 3365 3098 3183 3043 2907 3254 3081 
3336 
3337 2950 3409 3143 
3338 3295 
3339 2889 2784 3002 2922 3013 2845 3266 2989 3140 3289 3389 3413 3045 2900 3036 3331 3355 2823 2780 3257 
3340 3297 3065 3405 3093 2718 3190 
3341 3356 3006 2694 3323 
3342 2907 2728 3253 2719 2816 2694 3269 2975 3311 3263 3081 2989 2687 3272 3011 2727 3161 
3343 2783 2792 3362 2870 3424 3133 
3344 3423 3170 3087 2934 1642 3221 2922 2745 3134 2780 2670 3369 2717 2983 2991 3207 2771 3407 2804 2769 2673 
3345 2957 2974 3104 2858 3262 3343 2711 3283 3146 3160 
3346 2704 3046 3039 3290 2899 3357 3135 2849 
3347 2705 2866 3053 3363 3349 3303 2902 2841 3014 3310 3283 2840 3218 3316 
3348 3357 3205 2682 3309 3289 2725 3314 2814 2968 3262 2745 2863 2743 3231 3313 2712 3333 2708 1171 
3349 3172 2679 3159 
3350 3041 3435 3304 2879 3154 2921 3095 2960 2858 3168 3061 3273 3017 3138 3330 2765 3269 2669 3393 3059 3164 
3351 3332 2957 3180 2776 2866 2961 2679 3350 3322 3263 3266 2737 2806 3295 2810 2800 2740 
3352 3371 3335 
3353 3406 3012 2806 3050 3132 2798 
3354 3131 2819 3076 
3355 2674 3081 3163 3140 3014 3021 2716 3364 3094 3193 3061 2933 
3356 2696 3169 3315 3276 2665 
3357 3245 3155 
3358 1171 3092 2804 
3359 3261 3289 3194 3411 3018 3007 2985 
3360 2750 3312 2980 3268 2732 3327 3173 2671 2880 2739 2986 3367 3118 
3361 2718 3235 3319 
3362 2955 3152 2983 2790 2662 3403 2832 2722 3235 3140 3171 3409 2707 2836 3393 3221 2688 2678 
3363 3203 2921 3125 3378 2951 2711 3231 3351 3048 3266 2665 3010 2710 3367 3289 3188 2774 2713 3318 3286 2995 2863 
3364 3406 3418 2843 3053 2861 2772 3291 2946 
3365 3323 3135 2701 3418 3031 2677 3077 
3366 2663 3058 2700 3097 2668 2771 2896 3293 3365 3260 2714 2689 2782 3081 
3367 2874 
3368 2988 
3369 2820 2831 2964 3338 3068 2861 3127 2855 
3370 3036 
3371 3070 3116 2952 
3372 
3373 2816 3099 3006 
3374 3004 3132 2983 3410 3314 
3375 
3376 2829 3029 3289 
3377 3384 3405 2838 2835 2718 3182 2877 
3378 3249 2762 2923 3132 3089 3285 2946 2705 3058 2986 2771 2954 2687 
3379 2890 3304 2999 3144 2815 
3380 3289 2679 2895 2760 3365 2662 
3381 2971 3228 3307 2958 2977 3127 3041 2767 3413 2922 2877 2840 
3382 3186 3344 2692 
3383 3279 3296 2717 3332 3318 
3384 2697 3419 3130 3430 3333 2865 1419 2803 
3385 2772 3084 3336 2969 3051 2901 3043 2905 2845 2760 2815 
3386 2745 3198 2870 3161 2673 3073 2874 3327 2849 2796 3063 
3387 3236 2808 2897 2892 1666 2817 3260 3303 3063 3099 2934 2849 2789 3331 3057 2773 3290 3264 
3388 2664 
3389 2980 
3390 2721 2690 3433 3327 2897 2777 
3391 3357 3296 3046 3191 3167 3419 2974 2948 3045 3081 
3392 2871 2888 2687 2975 
3393 3238 3056 
3394 3276 2661 2759 3106 3269 3196 
3395 3370 2701 2986 2810 2684 3367 2835 
3396 2834 3302 3096 2767 2989 3250 2993 2683 3233 3405 3066 
3397 2772 2854 2689 2780 3161 2713 3303 2983 3420 3104 3123 3266 3219 2678 2703 2988 2813 2830 
3398 
3399 2833 2775 3175 2821 3188 3261 3111 3297 3206 3072 
3400 2758 2705 2711 3013 2837 2979 3229 2900 2707 3079 
3401 2980 
3402 3380 3040 
3403 3314 3434 3324 2880 3091 3310 2890 3052 2814 3146 
3404 2728 3225 
3405 3042 2756 2978 
3406 3187 3256 3119 171 3050 2840 3196 2727 2855 3116 3096 2974 3370 3332 2994 2926 2702 2860 3065 2699 2930 
3407 
3408 3229 
3409 2998 3307 3155 3038 3275 2858 
3410 3304 2764 3306 
3411 2890 3219 2804 2703 3430 3050 2793 2884 3153 2902 3156 2880 3248 3046 3416 
3412 3419 3434 2749 3137 3333 2806 3021 3061 1656 
3413 
3414 3090 3119 1405 2704 2923 
3415 3433 2836 3038 2826 2691 3080 2956 2773 
3416 3200 2825 2679 3216 3257 3264 3348 3160 3018 3423 
3417 3156 2921 3274 3140 2899 3294 3285 3039 2877 3148 3370 2875 3177 3419 2976 2765 3317 3358 
3418 3368 3332 
3419 2758 3259 3387 3041 2918 2911 2886 3350 2819 2842 3327 3418 3014 3093 
3420 3066 2937 2706 3107 2691 3205 
3421 3085 2668 3164 3343 
3422 2927 3105 2788 2969 
3423 3113 2983 2930 
3424 2897 3277 
3425 3377 
3426 3023 2858 2675 2846 2836 3103 2951 2929 2926 3431 3206 3393 2798 3079 3041 2681 3092 3028 2731 2889 3191 
3427 2859 2769 2702 
3428 3225 
3429 3385 
3430 3006 3184 3341 3080 
3431 2688 2715 3058 2811 
3432 
3433 3053 3379 2851 2818 3291 2951 2896 2704 2891 3317 
3434 3109 2721 3318 2838 2683 3337 3193 2694 3306 2952 3314 3183 3127 3126 3340 3190 3426 2962 2703 3166 2928 3002 3236 3400 3232 3435 3093 
3435 3118 3270 2898 2893 3191 2772 3352 3224 3147 2865 
3436 3364 
1405 2940 2795 3238 2770 
1419 
1450 2661 3054 2754 3025 2758 2931 
1505 3113 3286 3037 3048 3071 2978 
1534 2874 3073 3378 
1642 2991 2839 3130 3260 
1656 2961 2725 2736 2965 
1666 3221 2895 3355 
1684 3034 2692 2855 3259 2709 2721 2977 2824 3125 3091 3208 2712 2823 3235 3268 3217 2942 3341 2725 3149 2938 2811 3289 
1726 3421 3155 3435 3007 3299 
1758 2992 
1171 2917 
2838 
