769 873 881 
772 882 819 
774 872 865 873 703 866 753 876 
776 870 894 
798 
800 803 867 858 860 840 
803 
804 884 875 
805 879 
810 887 708 
811 
819 876 
875 
862 
823 886 873 862 871 878 
697 858 862 774 889 887 
825 772 860 
698 811 859 703 869 861 819 798 890 
828 729 872 873 860 
877 
830 885 887 
703 866 876 
708 859 803 776 703 
840 869 
713 888 864 880 895 
719 888 
856 887 870 860 745 803 867 
729 858 866 
858 819 
857 894 
860 819 
861 894 747 828 
859 
863 871 860 
864 774 
865 885 
866 
867 772 828 
868 
869 776 
870 887 697 713 
871 825 772 
872 
745 856 
874 881 
747 862 885 887 825 
873 879 
876 
878 753 747 719 857 893 
879 864 
880 860 867 888 868 866 
753 877 870 830 895 
881 884 
882 
884 888 840 
885 
886 840 870 
887 774 
888 883 828 858 
889 867 697 865 
890 865 703 889 
883 
893 708 879 
894 
895 798 
