567 3840 3561 
698 
857 3733 
862 3979 3880 3808 
1085 3519 3835 3881 3655 3801 3768 3707 
3437 3608 3681 3530 3466 3702 3583 3793 3790 3751 3952 3480 3808 3712 3792 3722 3542 
3438 3910 3641 3476 3640 3463 3857 
3439 3496 3947 3468 3978 
3440 3467 3741 3721 3651 3850 3769 3443 
3441 3519 
3442 3944 3927 3540 3643 
3443 3478 3446 3910 3702 
3444 
3445 
3446 3821 3622 3719 
3447 3806 
3448 3752 3815 3594 3842 3931 3651 3600 3571 3556 3691 
3449 3846 3683 3646 3479 3732 3978 3941 3771 3801 3445 3661 3702 3768 3903 3597 
3450 3549 3641 3491 3883 3744 3875 
3452 3477 
3454 3625 3721 3827 
3455 3688 3822 3519 3593 3707 3516 3681 3468 3760 3794 3632 3884 3938 
3456 3547 3452 3744 3665 3960 3593 3768 3582 3911 3743 
3457 
3458 3532 3754 3510 
3459 3533 3554 
3460 3975 3653 3458 3764 3793 3737 
3461 3528 
3462 3511 3532 
3463 3550 3970 3754 3468 
3464 3681 567 3866 3487 
3465 3903 3629 
3466 3927 3659 3565 3767 3844 3617 3874 
3467 
3468 3482 3925 3549 3781 3608 3879 3950 
3469 3914 3950 3849 3489 3725 
3470 3511 3678 3917 3695 
3471 3776 3893 3583 3924 3449 3615 
3472 3489 
3473 3505 3471 3460 3913 
3474 3909 3886 
3475 3446 3624 3944 3928 3666 
3476 3498 
3477 3484 
3478 3973 3962 3550 3559 
3479 3976 3517 3676 
3480 3759 3617 3774 3965 3806 
3481 3599 567 
3482 3439 3705 
3483 3651 3843 
3484 3586 3897 
3485 3908 
3486 3549 3657 3658 3697 
3487 3442 3966 
3488 3951 3645 3703 3473 3859 3636 
3489 3930 3941 
3490 3612 
3491 3723 3726 3551 3952 
3492 3821 3867 3687 
3493 3658 3962 3618 3713 3953 
3494 3698 
3495 3843 3868 3928 3659 3535 3937 3737 3679 3664 3624 3838 3945 3680 3441 
3496 3498 3742 3686 3769 
3497 3923 3557 3964 3536 3471 3972 
3498 3572 3655 3838 
3499 3695 3977 3586 3592 3519 
3500 3501 3488 3507 
3501 3666 3918 3708 3897 3888 3637 3504 3848 
3502 3906 
3503 3921 
3504 3533 
3505 3608 3928 3937 3719 3640 3528 
3506 3713 3472 3446 3922 3913 3455 
3507 3534 3959 
3508 3960 3883 
3509 3736 3937 3882 
3510 3667 3953 3692 3670 3613 3695 
3511 698 3591 3769 3525 
3512 3799 3866 3810 3720 3654 
3513 3461 
3514 3574 3765 3536 3744 3592 3595 3854 
3515 
3516 3742 3834 
3517 3788 3589 3711 
3518 3878 3862 3666 3767 3566 3594 3855 3688 3620 3675 
3519 3509 3456 
3520 3730 
3521 3551 3557 3545 3781 3888 3790 3511 3754 3691 3855 3874 3923 
3522 3599 
3523 3697 3648 3843 
3524 
3525 3534 3516 3977 3879 698 3700 3520 3791 3473 
3526 3670 3591 3602 3736 3583 3837 3844 3782 3694 
3527 3751 3481 3769 
3528 3508 3536 3884 3484 3665 3881 3574 3896 
3529 3879 3680 3532 3575 3669 3481 3734 
3530 3908 3642 
3531 
3532 3524 3621 3721 3925 
3533 
3534 3524 3502 3961 3838 
3535 3469 3799 3508 
3536 3648 3580 
3537 
3538 3826 3734 3531 
3539 3592 3835 
3540 3809 3875 3640 3465 3619 3900 3600 3455 
3541 3949 3965 
3542 3579 3878 3677 3544 3627 3946 
3543 3977 3815 
3544 3458 
3545 3693 3859 3813 3525 3964 3546 3463 3499 3610 3965 3740 3797 
3546 3672 3965 3663 
3547 3751 3833 
3548 3459 
3549 3595 
3550 3490 3917 3922 3601 
3551 3951 
3552 3443 3756 3662 
3553 3574 3719 3771 3454 3978 3452 3920 3763 
3554 3764 3505 3884 3537 3950 
3555 3726 3835 1085 3942 3643 3675 
3556 3758 3471 
3557 3547 3851 3753 3682 3559 3832 3710 
3558 3905 857 3879 3531 3450 3759 
3559 3595 3463 3904 3640 3833 3490 3529 
3560 3620 
3561 3492 3562 3967 
3562 3588 3715 3740 
3563 3774 3779 3864 3874 
3564 3895 3939 3861 3860 
3565 
3566 3936 3454 
3567 3499 3478 3858 3519 
3568 3502 3480 3868 3640 3628 3954 3440 3663 
3569 3895 3566 3789 3745 
3571 3553 862 3485 
3572 3455 3598 
3573 3753 3756 862 3737 3643 3487 3648 
3574 3887 3850 3884 3905 
3575 
3576 3603 3538 3563 3918 3965 3484 3587 
3577 3718 3610 3578 3805 3629 3507 3621 3760 3777 3740 3728 3890 
3578 3816 3719 3615 3784 3900 3962 
3579 3795 3522 3769 3821 
3580 3683 3799 
3581 3541 3887 3797 
3582 3580 
3583 3897 
3584 3804 3609 3585 3509 3684 3491 3567 3488 3561 3773 
3585 3538 
3586 3915 3812 3827 3634 3581 3939 
3587 3930 3459 3494 
3588 
3589 3918 
3590 3718 3513 3600 3519 3545 3621 3525 3757 3761 
3591 3450 3544 
3592 3604 3676 3791 3975 3633 
3593 3899 3546 3632 3587 3917 3527 3895 
3594 3638 3542 
3595 3442 
3596 3583 3474 3618 3978 3845 3957 3683 3834 3553 3712 3601 3698 3494 3661 3919 3778 3783 
3597 
3598 3697 3648 
3599 3482 3792 3541 3970 3797 3681 3559 3866 
3600 3779 3636 3468 
3601 3508 3824 3749 3951 3667 3611 3830 
3602 3901 
3603 
3604 3610 3597 3489 3508 3673 3691 3603 3719 3608 3833 3442 3679 3619 3867 3752 
3605 3762 3511 3464 3706 3732 3744 3959 3690 3471 
3606 
3607 3869 3924 
3608 3936 3629 3848 
3609 3653 3745 3536 3960 3875 3885 3534 
3610 3551 3876 
3611 3835 3788 3921 3643 3715 3569 3548 3963 3834 3483 3564 3513 3629 3441 
3612 3497 3743 3786 
3613 3769 3966 3819 
3614 3437 
3615 3499 3503 3919 3639 
3616 3948 3857 3640 
3617 3750 3715 3527 3959 3916 
3618 3447 3610 3655 3922 3947 
3619 
3620 3695 3474 
3621 3787 3934 
3622 3754 
3623 3500 3961 
3624 3834 3602 3492 
3625 3499 3635 3754 3515 3762 3794 3473 
3626 3559 3547 
3627 3595 
3628 3741 3652 
3629 3795 3731 3916 3484 3598 3925 3782 
3630 3550 3599 
3631 
3632 3951 
3633 3875 3802 3672 3472 3819 3619 3590 3455 3808 3703 3490 3744 3568 3816 
3634 3442 3573 3664 3779 3770 3537 
3635 3699 3572 3552 3482 3903 3463 3841 
3636 3809 3733 3873 3923 3837 3702 3457 3623 
3637 
3638 3512 
3639 3591 3468 3567 
3640 3511 3590 3739 3776 3867 3745 3825 3885 
3641 3577 
3642 3687 3594 3939 3705 
3643 3838 3563 3968 3516 3633 3635 
3644 3502 3488 3438 3815 
3645 3517 
3646 3473 3737 3467 3700 3673 
3647 3927 3541 
3648 3832 3605 3934 
3649 3739 3535 3659 3867 3625 
3651 3549 3899 3811 3728 3754 
3652 
3653 3892 
3654 3618 3963 
3655 3504 3664 3542 
3656 3635 3933 3779 3514 3461 
3657 3934 3533 
3658 3480 3578 3592 3691 3940 3676 
3659 
3660 3544 
3661 3472 3913 3642 
3662 3452 
3663 3778 3561 3483 
3664 3870 3572 3489 
3665 3771 
3666 3500 3654 
3667 3486 3512 3898 3833 3522 
3668 3661 3478 3922 
3669 3805 
3670 3586 3621 3639 3588 
3671 3728 
3672 3613 3898 3817 3473 3535 3880 3608 3774 3576 3651 3765 3792 3803 3854 
3673 
3674 3891 3447 3763 3557 3597 3944 3892 3941 3621 3761 
3675 3521 3483 3838 
3676 3561 
3677 3811 3977 3768 3914 3761 3484 3466 
3678 3815 
3679 3913 3674 3582 
3680 3626 3492 3700 3602 3636 3553 3509 3824 
3681 3705 
3682 3585 3890 
3683 3811 3680 
3684 3546 3815 3610 3731 3799 3605 3652 3498 3691 3581 3836 3933 3909 3722 3804 3922 3632 3533 3562 
3685 3720 3507 3587 
3686 3683 
3687 3507 3550 3490 3443 
3688 
3689 
3690 3719 3721 3956 3806 3662 
3691 3656 
3692 3658 3895 3901 3908 3976 
3693 3962 3643 3447 3660 
3694 
3695 3897 3759 3870 
3696 3764 3958 
3697 3902 3463 3795 3579 
3698 3912 3970 3647 3752 3588 3653 3963 3633 
3699 3961 
3700 3440 
3701 3788 
3702 3777 3795 3469 3447 3662 3896 3589 3875 3667 3519 
3703 
3704 
3705 3750 3816 3639 3504 
3706 3707 3766 
3707 3770 857 3843 
3708 3602 3725 3944 
3710 3645 3506 3908 
3711 3745 3523 3736 3596 
3712 3555 
3713 3788 1085 3791 3635 3657 3585 
3714 3543 3826 3558 3897 3881 
3715 3790 3639 3559 
3716 3524 
3717 
3718 3789 3508 3546 3440 3941 
3719 3533 3937 3898 3765 3509 3572 
3720 3844 
3721 3908 3793 3833 3611 3616 
3722 3481 3873 3963 
3723 3620 3761 
3724 3608 3713 
3725 3920 3883 
3726 3773 
3727 3487 
3728 3664 3971 3624 3893 3973 3670 3936 3585 3877 
3730 3539 3600 3593 3663 3485 
3731 3480 3671 3526 3510 3979 3873 3494 3548 3850 3686 3861 3911 3439 
3732 
3733 3462 
3734 3443 3716 3697 3965 3792 3528 3595 3555 3532 3966 3887 3785 3758 
3735 3554 3452 3840 3917 
3736 3539 3824 
3737 3483 3750 3874 3787 3715 3554 3795 
3738 3470 3562 3624 3688 3610 3805 
3739 3519 
3740 3936 3847 3610 3485 3530 
3741 3598 3522 3785 3607 3576 
3742 
3743 3592 3620 
3744 
3745 
3746 
3747 3470 3862 3554 3808 
3749 3589 
3750 3822 3467 3578 3890 3839 3461 3862 3531 
3751 3548 
3752 3715 3537 3806 
3753 3676 3940 3489 3539 3502 3477 
3754 3763 3724 
3755 3824 
3756 3778 3765 3749 3464 3598 3661 3757 3892 3722 3922 3743 3770 3742 
3757 3726 3627 
3758 3460 3454 3622 3919 3557 3519 3681 
3759 3660 3738 
3760 3918 3640 3880 
3761 3909 3744 
3762 3614 3644 3472 
3763 
3764 3861 3784 3811 
3765 
3766 3940 3799 3539 3656 3800 
3767 
3768 3465 3554 3772 3813 
3769 3840 3689 3658 
3770 3879 
3771 3797 
3772 
3773 3532 
3774 3686 
3775 3484 3825 
3776 3932 862 3589 3706 3786 3455 
3777 3806 3915 3887 3486 
3778 3515 3813 
3779 3891 3898 3514 3769 3519 
3780 3768 3609 3843 
3781 
3782 3677 3825 3611 3961 3577 3583 3955 3561 
3783 3979 
3784 3872 3688 
3785 3445 3653 
3786 3942 
3787 
3788 
3789 3818 3627 
3790 3767 3868 3546 3772 3521 3621 3462 3857 
3791 3738 3470 3707 3956 3722 3616 3552 
3792 3953 3500 
3793 3734 3696 3503 3603 3797 3753 3878 3651 3625 3747 3602 
3794 3666 3750 3809 3512 
3795 3753 
3796 3784 3835 3769 
3797 3745 3742 3859 3725 3572 3608 3901 
3799 3950 
3800 3746 3476 3582 3758 3957 3733 3937 3786 3911 3574 3900 3723 
3801 
3802 3491 3750 3499 3468 3855 
3803 3493 3839 3605 3462 
3804 3621 3920 3736 3937 3827 3905 3834 3869 3706 3480 3562 
3805 3947 3621 
3806 3682 
3807 
3808 
3809 3675 3737 3561 3565 857 
3810 3553 3516 3886 3850 3566 3830 3700 3871 3438 
3811 
3812 3540 3546 
3813 3547 3740 
3814 
3815 3973 3446 3596 3768 
3816 
3817 3876 3723 
3818 3864 3465 
3819 
3821 3717 3918 3464 3543 3818 3489 3790 
3822 3595 3651 3683 3653 
3823 3724 3740 
3824 3638 3735 3490 3546 3946 3876 3673 3641 3891 3889 3956 
3825 3669 857 3920 3848 3539 3579 
3826 3755 3479 3940 3617 3770 3919 3879 3525 3529 
3827 
3828 3921 3462 3715 3598 3685 3458 
3829 3803 3462 3937 3639 3606 
3830 3732 3847 3946 3779 3903 3955 3548 3923 3568 3972 3561 3814 3657 3969 3967 3769 3799 3961 3476 3489 3634 3794 
3831 3523 3896 3587 3720 3899 3485 
3832 
3833 3592 3556 3928 3552 862 3937 3907 3741 
3834 
3835 3503 3702 3644 3933 
3836 3738 3747 
3837 3977 3976 
3838 3567 3759 3607 3684 3529 3842 3758 3571 3632 3779 3719 3948 3667 
3839 
3840 3468 3792 
3841 3606 3546 3710 3621 3568 3842 3614 
3842 3771 3534 3662 3768 3529 3567 3745 3459 
3843 862 3498 3523 
3844 
3845 3555 3787 3712 
3846 
3847 3604 3907 3833 
3848 3978 
3849 3916 
3850 3782 3558 3552 3643 
3851 3703 3670 3860 3717 3801 3884 3979 3566 3951 3652 3795 3622 3886 3446 3488 
3852 3727 3922 3821 3907 3830 3789 3648 3460 
3854 
3855 
3857 
3858 3643 3888 3707 3563 3503 3827 3882 
3859 3500 
3860 3574 3554 3872 3753 3791 3833 
3861 3971 3831 3636 3539 
3862 3524 3741 3468 3738 
3863 3840 3823 
3864 3506 3951 
3865 
3866 3683 3834 3744 3918 
3867 3552 3763 3837 3695 3716 3480 3792 
3868 3910 3543 
3869 3707 3442 3908 3670 3791 3526 3702 3675 
3870 3634 3619 3818 3683 3945 
3871 3459 3741 3833 3851 
3872 3666 3645 3486 3823 3520 
3873 3963 3545 3553 3567 3631 3955 3455 
3874 3737 3887 3934 3804 
3875 
3876 
3877 3773 3924 3571 3607 3749 3621 3928 3680 3763 3504 3454 3478 3915 3608 3540 
3878 3891 3964 
3879 3644 
3880 3695 3735 3450 
3881 3747 3934 3842 3844 3901 
3882 
3883 3829 3741 3660 3874 
3884 3784 3527 3585 3771 3661 3807 3558 3780 3781 3455 567 3702 
3885 
3886 3717 3439 3952 3710 3562 3734 
3887 3784 
3888 3470 3559 
3889 3731 3928 3696 3747 
3890 3735 3870 
3891 3477 3531 3889 3699 3870 
3892 3520 3608 
3893 3626 
3894 3749 3499 3742 3585 
3895 3523 3614 3919 
3896 3891 3780 3966 3569 3812 3783 
3897 3476 
3898 3860 3788 3547 3673 
3899 3686 
3900 3832 3485 3637 3717 
3901 3922 
3902 3609 3688 3936 3468 3941 3528 3976 862 3881 
3903 3670 
3904 
3905 3648 3596 
3906 3663 3815 3438 3439 3577 3755 3610 3919 
3907 3938 3658 3717 3791 
3908 3652 
3909 3852 3724 3797 3793 3694 
3910 
3911 3501 
3912 3794 3873 3789 
3913 3946 3463 3838 3976 
3914 3624 3555 
3915 3445 
3916 3643 3859 
3917 3905 3527 3951 
3918 3728 3563 3587 3671 3458 
3919 3808 
3920 3656 3663 3526 
3921 3567 3978 3825 3922 3840 3875 3769 3572 
3922 
3923 3444 
3924 3443 3672 3926 3960 3922 3588 3697 3894 3775 
3925 3665 
3926 3509 3648 3812 3826 3788 3483 3770 
3927 3714 3512 3565 
3928 
3929 3720 3584 3938 
3930 3536 3849 3743 3816 
3931 3799 3482 3517 3513 
3932 3819 3886 
3933 3565 3685 
3934 3790 
3936 3978 
3937 3473 3898 3896 
3938 3500 3629 3441 3975 3945 3711 3796 3955 3537 3775 3620 3899 3676 3538 3843 3913 3771 3520 3599 
3939 
3940 3540 3544 3790 
3941 3625 3529 3886 
3942 3452 
3943 3542 3811 3779 3713 
3944 3501 3727 3700 
3945 3766 3770 3896 3588 3599 3834 3958 3680 3601 
3946 3580 
3947 3832 3685 3830 3842 3867 
3948 3621 3669 3678 3608 3585 3882 3828 3788 3743 3579 3727 3794 3870 3739 3843 
3949 3880 3496 
3950 3615 3602 3744 3534 
3951 3815 3666 3462 3655 3520 3774 3851 3594 
3952 3535 
3953 
3954 3502 
3955 
3956 3881 3894 3478 3557 
3957 3612 
3958 3564 
3959 
3960 3857 3903 3632 
3961 3676 
3962 3794 3568 3446 3746 3865 3863 
3963 3913 
3964 3529 3678 3750 
3965 3599 3559 
3966 3750 3444 3800 3592 3446 3547 3662 3936 3846 3875 3784 3700 3932 
3967 3777 3911 3850 
3968 3731 3492 3977 3517 3608 3901 3708 3507 3620 3574 857 
3969 3726 3507 3727 
3970 3922 
3971 3493 3894 3653 3636 3969 3512 567 3913 3829 
3972 3701 
3973 3624 3466 3765 
3975 
3976 3492 3475 3644 
3977 
3978 3818 
3979 3518 3713 
