686 
687 699 811 788 696 
688 846 822 768 810 737 764 798 762 753 699 
689 829 695 
690 829 774 
691 734 789 
692 
693 702 714 771 776 817 708 
694 837 846 758 767 833 723 843 826 
695 717 802 806 
696 766 856 837 850 733 698 717 
697 711 761 831 790 733 734 784 756 
698 725 699 809 836 786 749 830 764 758 826 
699 
700 716 
701 785 705 763 
702 775 777 
703 816 801 735 740 731 821 742 688 854 750 699 
704 833 
705 838 695 687 822 743 851 723 709 716 730 734 854 783 
706 821 767 790 
707 731 
708 780 746 815 
709 696 844 
710 837 809 767 
711 791 852 741 
712 746 
713 843 822 854 783 839 790 723 793 702 732 730 689 
714 838 737 721 
715 698 711 753 
716 709 845 
717 704 
718 698 700 842 
719 739 732 714 730 776 738 709 771 743 836 792 826 844 851 
720 814 804 
721 
722 803 855 
723 844 823 719 
724 779 803 717 855 801 843 
725 707 
726 716 796 743 742 810 833 
727 738 790 795 702 755 700 838 
728 732 718 709 766 777 740 802 
729 834 826 790 
730 760 
731 718 689 819 702 854 
732 831 698 707 
733 693 
734 790 802 775 764 818 779 768 
735 746 
736 773 792 738 750 754 
737 726 814 
738 731 
739 753 763 818 803 838 741 843 
740 700 
741 814 
742 848 803 748 718 
743 789 
744 
745 840 757 839 846 772 741 803 778 776 785 766 779 702 736 797 707 856 
746 687 841 
747 813 690 778 721 707 782 695 738 822 
748 741 717 716 744 
749 
750 
751 729 824 849 789 
752 703 698 777 802 840 833 789 
753 744 
754 798 841 756 849 783 
755 829 700 790 841 743 855 
756 
757 839 
758 704 788 813 812 810 798 713 
759 735 727 
760 771 785 
761 728 692 742 
762 833 777 792 
763 739 828 784 764 
764 751 851 707 832 821 715 
765 850 769 790 
766 819 746 852 728 842 698 761 707 691 741 808 718 
767 846 
768 783 737 812 
769 725 825 793 
770 796 827 852 700 710 746 706 792 
771 716 723 694 779 764 
772 836 820 821 
773 762 835 819 818 778 717 786 777 788 768 
774 767 818 780 725 789 813 835 
775 837 
776 
777 794 737 820 796 729 
778 723 787 703 
779 776 811 846 847 855 
780 737 820 817 836 843 800 
781 688 832 709 765 839 730 706 835 696 723 798 732 742 746 821 
782 721 770 730 806 
783 721 719 829 
784 758 780 791 769 838 809 717 739 815 788 837 772 
785 
786 816 751 747 
787 727 732 762 725 702 752 704 691 
788 
789 805 776 
790 794 830 
791 705 828 804 812 849 
792 763 687 801 786 
793 708 
794 835 786 
795 746 
796 797 
797 705 713 811 743 733 838 814 710 
798 849 739 781 
799 772 
800 711 753 710 746 690 740 
801 
802 
803 793 807 815 703 723 814 
804 
805 743 835 848 759 785 707 721 804 704 720 701 791 
806 814 
807 849 702 725 732 
808 778 848 796 828 
809 798 745 
810 742 854 802 768 780 801 
811 849 709 
812 805 
813 836 752 788 832 
814 744 759 849 825 768 
815 710 748 778 808 782 787 696 
816 749 
817 736 711 701 769 777 
818 712 785 
819 850 771 853 740 715 
820 807 850 732 816 778 
821 784 764 
822 840 788 
823 790 837 776 796 832 817 846 795 743 735 761 691 742 710 732 
824 817 816 795 744 741 698 721 767 778 702 687 736 801 
825 
826 716 850 819 
827 714 748 763 769 721 847 833 768 838 751 738 
828 804 738 833 744 734 750 789 803 725 788 740 712 736 794 813 690 822 783 787 
829 761 703 720 737 741 708 806 811 771 
830 702 839 831 788 757 711 822 
831 856 751 
832 775 
833 773 
834 735 782 837 802 768 831 
835 849 
836 802 
837 795 823 735 
838 697 710 692 
839 834 723 
840 730 715 704 760 835 818 
841 761 
842 720 793 775 796 756 763 736 836 782 818 
843 735 804 
844 740 
845 786 776 802 732 689 712 844 818 
846 
847 764 842 769 789 697 
848 717 846 792 845 788 
849 782 846 792 
850 846 770 
851 
852 
853 736 703 838 844 716 747 832 801 712 849 
854 693 751 
855 853 710 
856 757 723 812 843 748 
