567 3723 3454 3487
698 857 862
857 3456 3586 3621 3495 3626 698 862
862 3586 3779 3677 3621 3684 3495 3592 3721 3501 3577 3633 3797 857 3609 698 1085 3550 3517
1085 3456 3592 3721 3851 3872 3877 3495 3756 3501 3886 3633 3651 3540 3797 3677 862 3550 3556 3684 3943 3561 3692 3437 3440 3830 3962
3437 3586 3592 3593 3605 3612 3615 3617 3623 3633 3640 3645 1085 3651 3656 3680 3682 3689 3690 3705 3718 3719 3721 3753 3759 3763 3766 3770 3771 3772 3775 3777 3782 3799 3803 3810 3819 3823 3825 3832 3834 3836 3837 3844 3860 3861 3880 3893 3894 3895 3907 3912 3938 3939 3945 3948 3962 3963 3456 3979 3470 3476 3482 3488 3494 3506 3518 3521 3534 3539 3544 3548 3551 3553 3554 3555 3558 3564 3566 3567 3568 3574
3438 3456 3842 3971 3938 3522 3491 3480 3784 3877 3533 3760 3633 3540 3448 3449 3677 3517
3439 3699 3716 3638 3799
3440 3968 3842 3971 3780 3525 3684 3495 3501 3600 3697 3633 3540 3797 3734 3703 3576 3545 1085
3441 3536 3546 3949 3662
3442 3713 3715 3590 3977 3850 3722 3597 3470 3599 3472 3728 3735 3608 3865 3867 3740 3615 3876 3753 3629 3505 3636 3508 3644 3773 3521 3778 3526 3918 3663 3921 3802 3678 3936 3941 3685 3698 3705 3835 3455
3443 3906 3460 3909 3972 3464 3529 3752 3593 3466 3469 3630 3915 3859 3956 3738 3645 3582
3444 3904 3849 3861 3742
3445 3819 3628 3725 3538 3868 3743
3446 3490 3814 3531 3662 3546 3580 3549
3447 3624 3682 3580 3679
3448 3456 3841 3845 3851 3596 3471 3475 3734 3609 3737 3611 3485 3491 3495 3501 3633 3640 3642 3779 3527 3540 3797 3800 3930 3677 3684 3943 3944 3948 3693 3438 3697 3828 3830 3577 3838
3449 3456 3841 3586 3971 3596 3734 3480 3609 3737 3873 3618 3491 3877 3495 3625 3501 3889 3517 3651 3788 3797 3800 3545 3674 3805 3938 3943 3438 3962
3450 3528 3913 3497 3545 3730 3731 3604 3737 3930 3804 3838
3452 3488 3877 3462 3658 3596 3838 3824 3966 3891 3603 3576 3545 3611 3902
3454 3586 3779 3880 3693 3605 567 3673 3642 3547 3677 3775
3455 3713 3715 3588 3850 3722 3599 3608 3740 3876 3498 3629 3886 3505 3636 3769 3773 3907 3921 3802 3685 3815 3442 3827 3835
3456 3968 3841 3586 3971 3461 3851 3858 3604 3734 3609 3873 3756 3884 3501 3633 1085 3651 3654 3703 3449 3797 3800 3545 3674 857 3804 3677 3938 3687 3692 3437 3438 3948 3693 3697 3824 3830 3831 3448 3577 3962
3457 3938 3703 3944 3830 3831
3458 3584 3648 3810 3969 3493 3468 3822 3951 3792 3793 3506 3569 3903 3643 3900 3711
3459 3812 3529 3564 3469 3534 3758 3825 3793 3763 3770 3645 3614
3460 3464 3466 3469 3726 3602 3881 3630 3761 3634 3768 3515 3900 3782 3529 3786 3915 3931 3937 3443 3956 3829
3461 3968 3456 3559 3495 3930 3934
3462 3488 3877 3672 3756 3596 3800 3934 3966 3891 3604 3762 3926 3576 3930 3611 3452 3838
3463 3591 3593 3861 3869 3486 3506 3906 3909 3794 3924 3931 3680 3558 3947 3822 3951 3826 3705 3706
3464 3460 3466 3724 3469 3726 3602 3474 3604 3612 3617 3761 3634 3764 3510 3895 3529 3915 3668 3680 3554 3945 3823 3443 3956 3829 3583
3465 3836 3975 3757 3918 3759 3571 3476 3957 3701 3675 3708 3774 3519
3466 3680 3937 3460 3972 3652 3464 3784 3915 3821 3726 3761 3634 3443 3956 3668 3829 3602 3583
3467 3533 3830
3468 3584 3458 3718 3601 3866 3622 3623 3881 3645 3777 3524 3529 3532 3534 3927 3680 3810 3823 3568 3826 3956
3469 3459 3460 3972 3464 3726 3474 3604 3738 3752 3630 3761 3634 3764 3529 3915 3668 3927 3554 3945 3825 3443 3956
3470 3520 3553 3876 3753 3629 3437 3442 3796 3767 3769 3773 3710
3471 3873 3938 3971 3684 3845 3877 3672 3852 3838 3475 3540 3702 3448 3930 3611 3484 3485 3902
3472 3840 3553 3521 3685 3526 3850 3598 3505 3442 3698 3508 3482 3644
3473 3912 3819 3628 3917 3725 3567 3857 3538 3892 3739 3868 3743
3474 3554 3464 3945 3915 3469 3630 3823 3761 3602 3604 3956 3764 3829 3738 3967
3475 3842 3971 3845 3851 3852 3471 3611 3484 3485 3488 3873 3877 3501 3526 3926 3672 3545 3930 3684 3940 3948 3966 3828 3702 3448 3838
3476 3836 3975 3465 3757 3437 3759 3701 3957 3579 3675 3708 3837 3774 3519
3477 3651 3847 3756 3565 3637
3478 3809 3587 3747 3783 3500 3791 3920 3766 3960 3964 3933 3967
3479 3649 3581 3523 3594 3562 3883 3919 3695 3639 3481 3613
3480 3968 3841 3586 3604 3625 3756 3633 3651 3667 3540 3799 3545 3677 3938 3684 3692 3693 3438 3449
3481 3649 3581 3639 3594 3883 3695 3919 3479 3898 3516 3613
3482 3553 3521 3685 3850 3437 3472 3505 3698 3508 3832 3901
3483 3937 3617 3524 3782 3878 3690 3499 3754 3821 3895
3484 3968 3521 3842 3971 3684 3940 3817 3501 3471 3568 3475 3831
3485 3488 3681 3845 3559 3528 3817 3627 3790 3471 3514 3966 3475 3448 3930 3611 3804 3838
3486 3969 3714 3591 3976 3593 3463 3855 3870 3506 3509 3900 3906 3793 3794 3705 3803 3680 3822 3951 3569 3826 3572 3833 3706 3711
3487 3496 3566 3504 3925 567 3961 3551
3488 3845 3462 3858 3731 3604 3605 3475 3860 3730 3737 3611 3485 3877 3627 3884 3891 3640 3514 3902 3527 3528 3913 3658 3790 3542 3672 3800 3930 3804 3938 3557 3559 3687 3437 3824 3966 3573 3576 3707 3452 3838
3489 3665 3652
3490 3905 3585 3814 3624 3531 3662 3446 3863 3894 3546 3771 3580 3549
3491 3712 3968 3586 3842 3845 3449 3851 3788 3693 3838 3438 3540 3797 3448 3545 3962 3611 3966
3492 3521 3556 3496 3756 3930
3493 3648 3969 3458 3584 3558 3719 3593 3792 3506 3924 3903 3646 3711
3494 3705 3690 3437
3495 3586 3971 3461 3721 3978 3851 3860 3734 3609 3877 3750 3621 3884 3501 3633 1085 3651 3908 3525 3577 3796 3797 3929 3930 3545 857 3934 862 3938 3684 3943 3944 3692 3948 3824 3697 3440 3830 3831 3448 3449
3496 3520 3521 3492 3684 3750 3487 3817 3722 3629 3861 3672 3547 3550 3551
3497 3527 3658 3852 3596 3838 3611 3824 3545 3966 3926 3543 3576 3542 3450 3707 3804 3518
3498 3867 3713 3521 3715 3907 3455 3722 3629 3599 3728 3705 3835 3740 3615
3499 3680 3617 3843 3719 3881 3947 3532 3758 3825 3793 3764 3829 3671 3834 3483
3500 3809 3747 3587 3655 3783 3920 3696 3960 3508 3478 3967 3766 3641 3964 3933 3615
3501 3456 3968 3842 3971 3721 3851 3596 3475 3604 3734 3609 3484 3741 3877 3495 3625 3756 3884 3889 3633 1085 3517 3651 3525 3533 3577 3797 3800 3545 3677 862 3938 3684 3943 3692 3440 3824 3830 3448 3449 3962
3502 3911 3700 3669 3830 3864 3898
3503 3785 3640 3672 3596 3800 3731 3959 3576 3930 3804 3838
3504 3487 3530 3723 3839 3677 3551
3505 3936 3553 3521 3747 3840 3753 3850 3629 3598 3472 3442 3827 3508 3512 3482 3644 3773 3455
3506 3584 3458 3714 3718 3591 3463 3593 3855 3486 3620 3493 3623 3754 3758 3631 3507 3511 3895 3515 3643 3903 3648 3784 3786 3794 3924 3680 3810 3555 3558 3690 3437 3822 3951 3568 3569 3826 3829 3958 3833 3706 3711
3507 3554 3555 3690 3927 3506 3511
3508 3840 3850 3722 3598 3472 3728 3607 3482 3615 3747 3500 3505 3644 3776 3521 3791 3933 3809 3685 3698 3442
3509 3906 3909 3718 3593 3947 3855 3951 3793 3794 3826 3924 3569 3896 3833 3706 3803 3900 3486
3510 3554 3464 3529 3945 3752 3630 3761 3634 3602 3668 3829 3931 3869
3511 3648 3904 3555 3530 3866 3724 3566 3506 3507 3763 3794 3706 3738 3896 3770 3515 3900
3512 3525 3533 3760 3505 3737 3830 3929
3513 3616 3952 3932 3799
3514 3596 3858 3730 3604 3605 3860 3737 3611 3485 3488 3627 3884 3760 3633 3635 3518 3528 3913 3790 3670 3926 3545 3674 3938 3557 3687 3824 3966 3828 3830 3832 3707 3838
3515 3555 3460 3593 3566 3855 3506 3829 3958 3511 3706
3516 3649 3613 3523 3562 3883 3919 3695 3830 3481 3898 3581
3517 3586 3877 3851 3756 3533 3577 3438 3501 3633 3830 3449 3677 862
3518 3858 3730 3604 3605 3860 3737 3611 3497 3635 3640 3514 3902 3790 3670 3800 3545 3804 3687 3437 3830 3832 3578 3707
3519 3708 3975 3465 3757 3918 3759 3571 3476 3701 3957 3675 3836 3837 3774
3520 3971 3684 3496 3625 3470 3667 3672 3550
3521 3840 3713 3842 3592 3850 3722 3597 3598 3472 3728 3735 3608 3482 3867 3484 3615 3618 3876 3492 3496 3753 3498 3505 3508 3778 3907 3526 3921 3666 3797 3672 3550 3936 3553 3685 3948 3437 3442 3827 3698 3573 3831 3705 3962 3835 3710
3522 3779 3592 3979 3438 3950 3930 3677
3523 3479 3649 3594 3695 3919 3830 3639 3898 3516 3581
3524 3584 3906 3782 3623 3786 3468 3535 3568 3601 3602 3768 3866 3483 3770 3645
3525 3968 3841 3842 3970 3721 3851 3596 3734 3873 3495 3625 3501 3512 3651 3780 3656 3540 3677 3551 3683 3948 3692 3950 3440 3577 3962
3526 3840 3590 3850 3722 3599 3472 3475 3865 3753 3629 3769 3773 3521 3543 3553 3684 3685 3442 3573 3831
3527 3851 3604 3611 3488 3497 3902 3528 3785 3542 3926 3672 3545 3930 3804 3557 3702 3448 3707 3966
3528 3730 3860 3604 3737 3485 3488 3627 3514 3527 3576 3790 3542 3926 3800 3545 3930 3804 3938 3557 3687 3559 3824 3702 3832 3450 3707 3838
3529 3459 3460 3972 3464 3468 3469 3726 3602 3738 3869 3614 3752 3758 3761 3634 3510 3900 3906 3915 3793 3668 3937 3945 3947 3568 3443 3829
3530 3504 3925 3511 3673 3551
3531 3490 3949 3662 3446 3863 3546 3771 3549
3532 3617 3622 3499 3564 3468 3927 3535 3956 3767 3931
3533 3877 3467 3948 3501 3438 3760 3633 3795 3830 3734 3512 3929 3674 3517
3534 3459 3593 3468 3612 3614 3617 3881 3758 3761 3770 3906 3535 3937 3564 3437 3568 3825 3829 3705
3535 3584 3524 3782 3623 3881 3532 3821 3534 3694 3823 3758 3601 3927 3866 3645
3536 3682 3624 3662 3727 3441 3922 3606 3549
3537 3664 3901 3887
3538 3874 3912 3657 3595 3628 3819 3917 3567 3857 3473 3892 3445 3541 3739 3868 3743
3539 3584 3904 3690 3437 3823 3890 3678 3583
3540 3968 3842 3971 3471 3480 3618 3491 3750 3886 3760 1085 3780 3525 3667 3797 3677 3684 3563 3693 3438 3440 3830 3448 3962 3966
3541 3874 3657 3595 3628 3725 3538 3892 3868 3743
3542 3596 3730 3604 3611 3488 3497 3628 3635 3902 3527 3528 3926 3543 3800 3545 3930 3672 3804 3940 3687 3559 3817 3824 3702 3707 3966
3543 3940 3526 3497 3859 3605 3542 3576
3544 3808 3674 3437 3775
3545 3968 3841 3456 3971 3586 3845 3851 3852 3596 3858 3475 3730 3605 3734 3604 3480 3737 3731 3611 3860 3491 3495 3497 3627 3756 3501 3755 3884 3633 3889 3891 3640 3514 3642 3518 3902 3651 3703 3576 3527 3528 3913 3788 3790 3450 3578 3542 3926 3672 3674 3677 3681 3938 3684 3557 3943 3687 3559 3838 3440 3824 3697 3828 3830 3831 3702 3449 3962 3452 3966
3546 3490 3939 3811 3531 3949 3662 3441 3446 3863 3894 3580 3549
3547 3779 3684 3750 3496 3628 3693 3548 3677 3454 3775
3548 3908 3948 3661 3437 3897 3737 3547
3549 3585 3490 3682 3812 3905 3814 3624 3531 3662 3536 3446 3863 3546
3550 3872 3521 3520 3971 3552 3968 3496 3625 3633 3667 3573 3672 1085 862
3551 3525 3496 3530 3723 3437 3504 3961 3487
3552 3830 3550 3886
3553 3840 3722 3470 3598 3472 3599 3728 3482 3867 3753 3505 3769 3773 3521 3778 3526 3663 3921 3685 3563 3437 3827 3705 3835 3710
3554 3680 3972 3464 3561 3945 3915 3752 3469 3726 3437 3474 3507 3956 3829 3510 3794
3555 3777 3617 3810 3591 3767 3754 3593 3437 3506 3507 3604 3511 3515 3803
3556 3971 3492 3684 3688 3817 3625 3851 3693 3611 1085
3557 3596 3730 3731 3604 3858 3737 3611 3488 3627 3640 3514 3527 3528 3790 3800 3545 3804 3938 3687 3824 3828 3574 3838
3558 3584 3969 3463 3719 3593 3855 3738 3866 3869 3620 3493 3881 3758 3506 3768 3643 3903 3906 3909 3782 3786 3792 3793 3794 3924 3947 3437 3951 3568 3826 3829 3711
3559 3461 3731 3604 3485 3488 3627 3884 3762 3902 3528 3926 3542 3545 3930 3934 3681 3944 3576 3838
3560 3830
3561 3554 3752 3825 1085 3604 3927 3738 3803 3964 3612
3562 3649 3613 3639 3594 3883 3919 3695 3830 3479 3516 3581
3563 3968 3873 3553 3683 3684 3656 3948 3886 3540 3830 3962 3741
3564 3617 3459 3622 3719 3878 3532 3437 3534 3821 3568 3825 3927 3803
3565 3637 3756 3477
3566 3723 3437 3662 3511 3961 3515 3487
3567 3912 3595 3917 3437 3725 3473 3538 3857 3868 3743
3568 3973 3468 3601 3866 3484 3614 3617 3623 3506 3764 3645 3906 3524 3529 3914 3786 3915 3534 3793 3931 3680 3558 3818 3564 3437 3825 3834
3569 3969 3714 3458 3593 3869 3486 3506 3509 3900 3906 3793 3794 3705 3924 3680 3947 3822 3951 3826 3833 3706
3571 3708 3975 3465 3757 3918 3759 3701 3579 3899 3836 3837 3774 3519
3572 3714 3794 3705 3706 3486
3573 3488 3521 3877 3550 3526 3852 3838 3966 3891 3797 3702 3576 3930 3902
3574 3557 3640 3596 3437 3762 3891 3731 3635 3576 3642 3611
3575 3872 3672
3576 3462 3596 3860 3604 3605 3488 3877 3497 3756 3503 3891 3640 3642 3528 3785 3658 3790 3670 3543 3545 3930 3938 3559 3440 3824 3966 3828 3573 3830 3574 3577 3707 3452 3838
3577 3968 3456 3586 3842 3721 3851 3596 3734 3609 3873 3618 3877 3495 3625 3501 3886 3633 3889 3642 3517 3651 3780 3448 3525 3656 3797 3929 3677 862 3938 3684 3943 3944 3948 3692 3693 3830 3576 3962
3578 3938 3683 3790 3838 3824 3633 3730 3858 3604 3828 3737 3670 3640 3545 3611 3804 3518
3579 3975 3918 3759 3571 3476 3701 3957 3675 3836 3837 3774
3580 3585 3490 3446 3447 3546 3679
3581 3649 3523 3594 3562 3695 3479 3481 3516
3582 3443
3583 3464 3466 3758 3600 3825 3539 3931 3869
3584 3969 3458 3718 3719 3593 3468 3866 3620 3493 3758 3631 3506 3763 3764 3893 3896 3768 3643 3900 3903 3904 3906 3524 3782 3784 3535 3792 3794 3539 3924 3927 3558 3818 3690 3947 3821 3951 3711
3585 3490 3949 3863 3580 3549 3679
3586 3712 3841 3456 3971 3851 3596 3604 3734 3480 3491 3495 3756 3760 3633 3889 3765 3517 3651 3449 3788 3796 3797 3800 857 3930 3545 3677 862 3938 3684 3948 3692 3693 3437 3697 3577 3454 3839
3587 3776 3809 3747 3783 3655 3500 3920 3478 3960 3641 3964 3933 3967
3588 3827 3862 3455
3590 3867 3907 3526 3815 3722 3756 3629 3663 3728 3921 3666 3442 3862 3705 3835 3710 3615
3591 3680 3714 3555 3463 3593 3822 3855 3951 3506 3826 3794 3924 3833 3706 3900 3486
3592 3521 3522 3626 3916 3437 3888 1085 862
3593 3584 3714 3718 3463 3719 3591 3855 3601 3738 3486 3493 3623 3758 3631 3506 3764 3509 3768 3515 3646 3648 3906 3782 3786 3534 3793 3794 3924 3931 3680 3810 3555 3558 3818 3437 3951 3569 3443 3829 3706
3594 3613 3523 3562 3883 3695 3830 3479 3481 3581
3595 3912 3657 3628 3917 3725 3567 3857 3538 3541 3739 3868 3743
3596 3841 3586 3971 3462 3721 3851 3730 3603 3604 3605 3860 3731 3737 3611 3877 3750 3880 3497 3627 3756 3501 3503 3889 3762 3635 3633 3640 3514 3902 3779 3448 3525 3576 3913 3449 3785 3788 3790 3832 3797 3926 3670 3672 3545 3930 3674 3804 3677 3800 3542 3681 3938 3684 3557 3686 3687 3692 3693 3948 3824 3828 3830 3702 3574 3577 3962 3452 3838
3597 3521 3442
3598 3936 3521 3553 3685 3472 3505 3698 3508
3599 3850 3728 3862 3735 3608 3740 3615 3753 3498 3629 3636 3769 3773 3526 3921 3666 3802 3553 3815 3442 3705 3835 3710 3455
3600 3440 3825 3583
3601 3524 3782 3623 3593 3786 3818 3881 3468 3823 3568 3535 3604 3768
3602 3460 3524 3972 3464 3529 3945 3466 3630 3761 3474 3634 3829 3510 3770 3869
3603 3672 3596 3756 3790 3828 3640 3452 3838
3604 3456 3841 3586 3462 3464 3721 3596 3469 3601 3474 3858 3860 3861 3734 3605 3480 3731 3611 3488 3617 3627 3756 3501 3633 3635 3640 3770 3514 3645 3902 3518 3527 3528 3913 3658 3915 3914 3788 3450 3790 3578 3542 3926 3545 3674 3804 3677 3938 3555 3557 3559 3687 3943 3561 3948 3838 3828 3830 3576 3962 3966
3605 3596 3730 3731 3604 3737 3611 3488 3877 3756 3640 3514 3518 3785 3790 3926 3543 3800 3672 3545 3670 3454 3938 3687 3948 3437 3828 3702 3576 3707 3838
3606 3536 3745 3662 3727
3607 3747 3698 3508 3644 3933
3608 3713 3521 3907 3455 3722 3694 3599 3728 3442 3862 3735 3705 3867 3710 3615
3609 3968 3456 3618 3750 3495 3756 3501 3886 3633 3779 3449 3797 862 3938 3943 3948 3448 3577 3962
3610 3847 3979 3660 3659 3950 3888 3953 3732 3764 3927 3674 3772
3611 3971 3845 3462 3851 3852 3596 3471 3858 3475 3604 3605 3860 3734 3485 3488 3491 3877 3497 3762 3635 3891 3640 3514 3902 3518 3527 3785 3913 3542 3926 3672 3545 3930 3804 3556 3557 3824 3574 3448 3578 3452 3838
3612 3937 3810 3464 3945 3869 3561 3437 3758 3759 3534 3825 3764 3893 3673 3836 3837
3613 3649 3594 3883 3562 3695 3919 3830 3479 3481 3898 3516
3614 3459 3652 3529 3945 3534 3568 3825 3900
3615 3776 3521 3907 3590 3498 3500 3629 3437 3599 3921 3442 3508 3608 3705 3835 3740
3616 3716 3844 3918 3638 3799 3513 3932 3647
3617 3719 3464 3724 3604 3738 3483 3869 3878 3622 3499 3758 3895 3645 3777 3532 3534 3793 3927 3931 3680 3555 3690 3564 3437 3823 3568 3825 3834
3618 3968 3873 3842 3971 3521 3750 3449 3625 3851 3692 3577 3633 3540 3609
3619 3760 3970 3880
3620 3584 3969 3906 3714 3810 3648 3718 3558 3792 3506 3764 3900 3870
3621 3684 3495 3689 3902 3861 3797 857 862
3622 3617 3878 3719 3690 3564 3468 3532 3927 3931 3803
3623 3810 3524 3782 3593 3818 3786 3468 3437 3758 3535 3568 3793 3506 3601 3947 3866 3645
3624 3905 3490 3814 3949 3662 3536 3863 3447 3549 3806 3679
3625 3968 3841 3842 3721 3851 3734 3480 3873 3618 3756 3501 3886 3633 3520 3525 3656 3449 3667 3797 3672 3674 3677 3550 3684 3556 3692 3830 3577 3962
3626 3847 3592 3979 857 3839
3627 3488 3681 3557 3559 3528 3596 3790 3824 3635 3604 3702 3640 3545 3514 3707 3804 3485
3628 3595 3725 3857 3473 3739 3868 3743 3871 3760 3892 3912 3657 3917 3538 3541 3542 3547 3819 3445 3962
3629 3840 3713 3590 3977 3722 3470 3599 3728 3862 3735 3867 3740 3615 3876 3496 3753 3498 3505 3778 3907 3526 3921 3666 3815 3442 3705 3835 3710 3455
3630 3460 3945 3469 3602 3474 3443 3634 3510 3829 3738
3631 3648 3584 3593 3786 3711 3792 3506 3833 3903
3632 3720 3787 3918 3791
3633 3968 3841 3586 3842 3971 3456 3721 3851 3596 3860 3604 3480 3609 3741 3873 3618 3495 3625 3501 3760 3889 3514 3517 1085 3651 3654 3788 3533 3667 3800 3928 3674 3545 3804 3677 3962 862 3550 3684 3943 3687 3692 3437 3693 3438 3824 3440 3830 3448 3577 3578
3634 3972 3460 3464 3529 3466 3915 3752 3469 3630 3945 3761 3602 3829 3510 3738
3635 3596 3730 3604 3611 3627 3514 3518 3790 3926 3542 3800 3670 3930 3938 3948 3702 3574 3832 3838
3636 3713 3907 3815 3455 3722 3599 3442 3769 3862 3735 3705 3802 3867 3740 3710 3835
3637 3659 3756 3565 3477
3638 3616 3844 3716 3848 3918 3439 3799 3932 3647
3639 3649 3523 3562 3883 3830 3479 3481 3898
3640 3596 3603 3604 3860 3731 3734 3605 3737 3611 3488 3627 3884 3503 3762 3642 3518 3448 3576 3785 3670 3926 3800 3545 3804 3938 3557 3687 3437 3824 3828 3574 3832 3578 3707
3641 3907 3587 3655 3500 3696 3920 3933 3967
3642 3938 3779 3576 3658 3659 3545 3577 3838 3640 3730 3731 3860 3828 3574 3448 3737 3930 3454
3643 3584 3648 3458 3909 3718 3719 3558 3855 3711 3870 3506 3826 3924 3896 3833 3646 3903
3644 3747 3685 3850 3472 3505 3442 3508 3607
3645 3680 3617 3459 3843 3941 3782 3623 3524 3786 3468 3437 3535 3568 3443 3604 3764 3866
3646 3648 3969 3493 3719 3593 3758 3951 3763 3924 3643 3711
3647 3616 3918 3638 3799 3932
3648 3810 3458 3620 3493 3816 3593 3758 3631 3792 3506 3763 3903 3511 3706 3643 3646 3711
3649 3581 3523 3639 3562 3479 3481 3898 3516 3613
3651 3456 3841 3586 3851 3858 3477 3734 3480 3873 3877 3750 3495 3501 3633 1085 3525 3577 3545 3674 3929 3677 3938 3948 3437 3828 3830 3449
3652 3489 3466 3665 3825 3676 3614
3653 3720 3789
3654 3456 3938 3755 3697 3633 3830 3703 3930 3804
3655 3776 3587 3747 3783 3500 3920 3696 3960 3641 3933 3967
3656 3968 3841 3683 3684 3525 3750 3625 3563 3948 3756 3692 3886 3437 3830 3734 3577 3677
3657 3595 3628 3819 3725 3857 3538 3892 3541 3739 3868
3658 3488 3785 3497 3756 3604 3576 3642 3452 3966
3659 3779 3979 3950 3888 3610 3642 3637 3930 3772
3660 3780 3847 3610 3870 3775
3661 3548 3908
3662 3905 3682 3745 3490 3814 3624 3531 3863 3566 3536 3441 3606 3446 3546 3549
3663 3713 3553 3590 3977 3921 3442 3862 3735 3740 3710
3664 3933 3918 3696 3537 3960 3901
3665 3489 3931 3652 3676
3666 3521 3590 3629 3599 3728 3921
3667 3520 3873 3842 3683 3684 3625 3948 3852 3692 3886 3902 3633 3736 3540 3734 3480 3550
3668 3464 3945 3466 3529 3469 3761 3510
3669 3911 3502 3700 3830 3864
3670 3686 3687 3880 3576 3948 3596 3790 3578 3731 3635 3605 3830 3702 3640 3514 3804 3518
3671 3882 3499 3821 3793 3958 3768 3770
3672 3845 3462 3851 3852 3596 3471 3475 3603 3605 3611 3488 3872 3496 3625 3503 3891 3520 3521 3527 3785 3926 3542 3928 3545 3930 3550 3938 3684 3575 3962 3707 3838
3673 3530 3612 3454
3674 3456 3841 3847 3851 3979 3596 3604 3734 3610 3625 3756 3886 3760 3633 3888 3514 3651 3788 3533 3544 3545 3677 3948 3692 3693 3830 3449 3962
3675 3708 3899 3465 3757 3476 3957 3579 3836 3837 3774 3519
3676 3665 3652 3825
3677 3712 3456 3586 3841 3968 3847 3596 3604 3480 3625 3501 3504 3633 3888 1085 3517 3522 3651 3525 3656 3788 3540 3797 3800 3545 3930 3547 3674 862 3938 3684 3943 3948 3692 3438 3693 3697 3828 3448 3577 3962 3454 3839
3678 3442 3539 3791
3679 3585 3939 3624 3863 3894 3447 3963 3580 3806
3680 3969 3714 3843 3463 3464 3591 3466 3593 3468 3486 3870 3617 3878 3882 3499 3506 3895 3900 3645 3909 3794 3803 3554 3690 3437 3822 3951 3568 3569 3826 3955 3830 3958 3833 3711
3681 3559 3627 3596 3790 3545 3707 3804 3485
3682 3812 3814 3437 3662 3536 3447 3549
3683 3968 3842 3525 3877 3944 3656 3563 3948 3756 3886 3790 3667 3830 3578
3684 3841 3842 3971 3586 3721 3851 3596 3471 3475 3480 3736 3484 3741 3872 3873 3621 3877 3495 3496 3625 3756 3501 3633 1085 3902 3520 3526 3656 3667 3540 3926 3672 3545 3547 3677 862 3938 3556 3563 3948 3693 3440 3697 3830 3448 3577 3962
3685 3840 3553 3521 3526 3598 3472 3442 3508 3482 3644 3455
3686 3596 3670
3687 3456 3596 3858 3730 3860 3605 3604 3737 3488 3884 3633 3762 3640 3514 3518 3528 3790 3926 3542 3800 3545 3670 3804 3938 3557 3702 3830 3838
3688 3556
3689 3721 3621 3437
3690 3584 3483 3869 3870 3617 3494 3622 3758 3506 3507 3895 3768 3781 3539 3927 3803 3680 3946 3437 3821 3955
3691 3830
3692 3456 3841 3586 3712 3968 3721 3851 3596 3734 3480 3873 3618 3877 3495 3625 3756 3501 3886 3633 1085 3525 3656 3667 3797 3674 3677 3938 3948 3693 3830 3577 3962
3693 3456 3841 3586 3845 3851 3596 3734 3480 3491 3756 3633 3540 3674 3547 3677 3938 3454 3556 3684 3692 3948 3448 3577 3838
3694 3816 3608 3867 3535
3695 3613 3523 3594 3562 3919 3830 3479 3481 3898 3516 3581
3696 3776 3747 3783 3655 3500 3791 3920 3664 3960 3641 3933 3967
3697 3456 3938 3586 3684 3971 3654 3495 3884 3756 3440 3824 3858 3831 3448 3545 3677
3698 3521 3850 3598 3728 3472 3442 3508 3607 3482
3699 3439
3700 3813 3911 3502 3669 3830
3701 3910 3975 3465 3837 3757 3759 3571 3476 3957 3579 3965 3774 3519
3702 3721 3596 3471 3475 3731 3605 3737 3627 3891 3635 3902 3527 3528 3790 3542 3670 3800 3545 3804 3938 3687 3948 3824 3573 3830 3832 3838
3703 3968 3457 3938 3971 3456 3842 3654 3755 3831 3440 3830 3926 3545 3902
3704 3891
3705 3713 3590 3463 3722 3599 3608 3867 3740 3869 3486 3615 3494 3498 3629 3759 3763 3636 3521 3906 3907 3534 3921 3794 3802 3553 3818 3437 3822 3569 3442 3826 3572 3706 3835
3706 3714 3463 3591 3593 3869 3486 3870 3506 3509 3511 3515 3900 3648 3906 3705 3794 3924 3803 3822 3569 3572 3833
3707 3730 3605 3737 3488 3497 3627 3756 3891 3640 3514 3518 3527 3528 3913 3542 3672 3930 3681 3828 3576
3708 3975 3465 3757 3759 3571 3476 3957 3675 3836 3837 3519
3710 3713 3715 3590 3722 3470 3599 3728 3862 3735 3608 3867 3740 3753 3629 3636 3769 3521 3907 3663 3921 3553 3835
3711 3584 3969 3458 3718 3719 3870 3486 3493 3881 3758 3631 3506 3896 3643 3646 3903 3648 3784 3792 3794 3680 3810 3558 3951
3712 3586 3491 3692 3734 3677 3838
3713 3715 3722 3862 3735 3608 3867 3740 3753 3498 3629 3636 3521 3907 3663 3921 3442 3705 3710 3455
3714 3591 3593 3869 3486 3620 3506 3900 3906 3793 3794 3924 3803 3680 3822 3823 3569 3572 3829 3833 3706
3715 3713 3907 3815 3498 3921 3442 3867 3740 3710 3455
3716 3616 3439 3638 3799 3932
3717 3744 3830
3718 3584 3969 3593 3468 3870 3620 3506 3509 3896 3643 3900 3903 3906 3793 3924 3810 3947 3437 3822 3951 3833 3711
3719 3584 3617 3493 3558 3622 3593 3499 3564 3437 3758 3951 3764 3924 3895 3643 3646 3711
3720 3653 3749 3787 3789 3918 3632 3923 3802
3721 3968 3596 3858 3604 3860 3741 3873 3495 3625 3756 3501 3633 1085 3525 3796 3797 862 3938 3684 3689 3692 3437 3702 3830 3577
3722 3713 3590 3850 3728 3862 3608 3740 3876 3496 3753 3498 3629 3636 3508 3773 3521 3778 3907 3526 3918 3921 3802 3553 3442 3827 3705 3835 3710 3455
3723 3566 3504 567 3961 3551
3724 3464 3617 3511
3725 3874 3912 3657 3595 3628 3917 3819 3567 3473 3857 3892 3541 3445 3739 3868 3743
3726 3554 3972 3460 3909 3464 3529 3466 3945 3469 3956 3861 3829 3738
3727 3536 3745 3949 3606
3728 3553 3521 3907 3590 3722 3498 3629 3599 3921 3698 3442 3666 3508 3862 3735 3608 3835 3710
3730 3596 3731 3605 3488 3635 3642 3514 3518 3528 3790 3450 3926 3542 3800 3545 3804 3557 3687 3824 3832 3578 3707
3731 3596 3730 3858 3860 3605 3604 3736 3488 3503 3762 3891 3640 3642 3902 3785 3790 3670 3926 3800 3545 3938 3557 3559 3574 3702 3450
3732 3610
3733 3861
3734 3712 3456 3586 3841 3851 3604 3737 3611 3877 3495 3625 3756 3501 3884 3640 3651 3525 3656 3788 3577 3533 3667 3800 3545 3674 3938 3948 3693 3692 3440 3824 3830 3448 3449 3962
3735 3521 3713 3753 3629 3663 3599 3728 3442 3636 3608 3710
3736 3873 3842 3938 3684 3785 3948 3731 3667 3831
3737 3596 3858 3860 3605 3734 3488 3873 3884 3640 3512 3642 3514 3518 3528 3790 3578 3800 3545 3930 3548 3804 3938 3557 3687 3824 3702 3448 3449 3450 3707 3966
3738 3972 3593 3469 3726 3474 3617 3752 3754 3630 3761 3634 3511 3782 3529 3915 3937 3558 3561 3945 3821 3443 3956 3829
3739 3874 3912 3657 3819 3595 3725 3628 3473 3538 3871 3892 3868 3743
3740 3713 3715 3977 3722 3599 3862 3865 3867 3615 3498 3629 3636 3907 3663 3921 3815 3442 3705 3835 3710 3455
3741 3780 3684 3877 3721 3851 3948 3501 3563 3633 3797 3830 3966
3742 3849 3954 3444 3861
3743 3874 3819 3628 3917 3725 3595 3567 3473 3538 3857 3892 3541 3445 3739 3868 3871
3744 3717 3830
3745 3812 3949 3662 3727 3606
3746 3846
3747 3776 3587 3607 3655 3783 3964 3500 3696 3920 3505 3508 3478 3766 3960 3644 3933 3967
3749 3720 3923 3918 3751
3750 3968 3971 3596 3609 3618 3877 3495 3496 3756 3779 3651 3656 3795 3540 3797 3547 3938 3948 3830 3831
3751 3789 3923 3787 3749
3752 3937 3554 3972 3529 3945 3561 3915 3469 3761 3634 3443 3764 3829 3510 3738
3753 3713 3722 3470 3599 3735 3876 3629 3505 3773 3521 3778 3907 3526 3802 3553 3437 3442 3835 3710
3754 3555 3506 3927 3738 3483
3755 3971 3654 3703 3926 3830 3545
3756 3456 3968 3586 3462 3590 3721 3851 3596 3603 3604 3605 3734 3477 3480 3609 3492 3750 3625 3884 3501 3886 3889 3637 3772 1085 3517 3656 3785 3658 3797 3929 3545 3674 3938 3683 3684 3943 3948 3693 3692 3565 3824 3697 3828 3830 3576 3707
3757 3836 3975 3465 3918 3759 3571 3476 3957 3701 3675 3708 3837 3774 3519
3758 3584 3969 3459 3719 3593 3855 3612 3617 3623 3499 3761 3506 3764 3768 3646 3648 3777 3906 3782 3529 3786 3534 3535 3793 3924 3937 3810 3558 3945 3818 3947 3690 3583 3825 3829 3833 3711
3759 3708 3836 3975 3465 3437 3918 3757 3571 3476 3701 3957 3705 3579 3612 3837 3774 3519
3760 3586 3619 3948 3533 3438 3628 3633 3540 3674 3830 3512 3514 3962
3761 3972 3460 3752 3529 3466 3915 3464 3469 3534 3758 3602 3474 3634 3829 3510 3668 3956 3738
3762 3462 3687 3559 3640 3596 3824 3902 3731 3574 3800 3930 3611 3934
3763 3648 3511 3810 3459 3584 3782 3437 3793 3924 3799 3705 3646
3764 3584 3972 3719 3464 3593 3469 3474 3610 3612 3620 3752 3881 3499 3758 3895 3767 3645 3915 3927 3931 3810 3818 3821 3568 3834
3765 3586 3930 3830
3766 3747 3500 3437 3478 3933
3767 3555 3782 3532 3470 3764 3829 3958 3927 3803
3768 3584 3906 3810 3524 3460 3558 3782 3593 3786 3947 3690 3945 3758 3793 3601 3671 3770 3866
3769 3553 3778 3526 3977 3470 3599 3636 3710 3455
3770 3459 3524 3671 3437 3534 3602 3604 3511 3768
3771 3490 3531 3949 3437 3855 3956
3772 3968 3779 3847 3659 3756 3437 3950 3610
3773 3553 3778 3526 3753 3722 3850 3470 3599 3505 3442 3802 3455
3774 3899 3910 3975 3465 3757 3918 3759 3571 3476 3701 3957 3579 3675 3836 3837 3519
3775 3660 3437 3953 3895 3544 3547 3454
3776 3587 3747 3655 3783 3791 3696 3920 3508 3960 3964 3933 3615
3777 3617 3555 3468 3437 3758 3829
3778 3553 3521 3876 3753 3722 3629 3442 3827 3769 3773
3779 3872 3522 3454 3750 3979 3596 3659 3448 3609 3642 3547 3772 3930 862
3780 3842 3971 3877 3525 3851 3660 3577 3440 3540 3929 3741 3966
3781 3946 3690 3823
3782 3584 3460 3593 3601 3866 3738 3483 3623 3758 3763 3767 3768 3645 3906 3524 3786 3535 3793 3927 3931 3558 3818 3947 3437
3783 3776 3587 3747 3655 3500 3791 3920 3696 3478 3960 3933
3784 3584 3973 3466 3947 3438 3793 3506 3896 3711
3785 3527 3576 3640 3658 3756 3736 3596 3800 3503 3858 3731 3860 3605 3672 3611 3966
3786 3460 3593 3601 3623 3758 3631 3506 3768 3900 3645 3906 3524 3782 3793 3810 3558 3945 3947 3822 3568
3787 3720 3632 3923 3751
3788 3841 3586 3491 3596 3545 3633 3604 3734 3449 3674 3677
3789 3653 3751 3720 3918 3807
3790 3845 3851 3596 3730 3603 3860 3731 3858 3605 3604 3737 3485 3488 3627 3635 3514 3902 3518 3528 3913 3832 3670 3926 3800 3545 3681 3938 3683 3557 3687 3824 3828 3702 3830 3576 3578
3791 3776 3809 3783 3933 3696 3920 3632 3508 3478 3960 3964 3901 3678 3967
3792 3648 3584 3969 3458 3620 3493 3558 3882 3822 3631 3951 3711
3793 3458 3714 3459 3718 3976 3593 3866 3870 3486 3617 3623 3499 3758 3763 3509 3768 3896 3906 3782 3784 3529 3786 3794 3924 3671 3931 3803 3810 3558 3818 3947 3822 3951 3568 3825 3569 3833
3794 3584 3969 3714 3591 3463 3593 3855 3869 3870 3486 3506 3509 3511 3900 3903 3906 3909 3793 3924 3680 3554 3558 3947 3822 3569 3826 3572 3705 3706 3711
3795 3929 3533 3750
3796 3586 3495 3721 3851 3470 3950 3797
3797 3968 3456 3586 3842 3971 3721 3851 3596 3609 3741 3872 3491 3621 3750 3495 3625 3756 3501 3886 1085 3521 3449 3796 3540 3677 862 3938 3948 3692 3440 3573 3830 3448 3577 3962
3799 3616 3716 3844 3848 3437 3918 3439 3952 3763 3638 3480 3513 3647
3800 3456 3586 3462 3596 3730 3731 3605 3734 3737 3488 3501 3503 3633 3762 3635 3640 3518 3528 3785 3790 3542 3926 3804 3677 3938 3557 3943 3944 3687 3824 3702 3830 3448 3449 3962 3838
3801 3921 3885
3802 3720 3753 3722 3599 3921 3442 3636 3705 3773 3455
3803 3680 3906 3555 3714 3622 3561 3690 3564 3437 3821 3793 3890 3509 3767 3706 3869 3486
3804 3456 3845 3596 3730 3858 3604 3860 3737 3611 3485 3488 3497 3627 3503 3633 3640 3518 3902 3654 3527 3528 3913 3578 3670 3926 3800 3542 3930 3681 3938 3557 3687 3824 3702 3830 3450 3838
3805 3449 3916
3806 3624 3905 3963 3679
3807 3789
3808 3544
3809 3587 3901 3500 3887 3920 3791 3508 3478 3960 3933
3810 3458 3718 3593 3468 3855 3612 3620 3623 3881 3758 3506 3763 3764 3768 3896 3648 3906 3786 3793 3924 3555 3947 3437 3951 3833 3711
3811 3546 3949
3812 3745 3682 3459 3549
3813 3864 3700 3830 3911
3814 3490 3682 3624 3949 3662 3446 3549
3815 3907 3715 3590 3629 3599 3921 3636 3867 3740 3455
3816 3648 3694
3817 3842 3971 3556 3496 3851 3542 3831 3484 3485
3818 3584 3782 3623 3593 3758 3568 3601 3793 3764 3896 3705
3819 3874 3912 3657 3628 3917 3725 3437 3473 3538 3445 3739 3868 3743
3821 3584 3931 3906 3878 3834 3466 3690 3564 3927 3535 3825 3764 3829 3483 3671 3738 3803 3933
3822 3714 3458 3718 3591 3976 3463 3855 3869 3870 3486 3506 3900 3909 3786 3792 3793 3794 3924 3833 3680 3951 3569 3826 3705 3706
3823 3617 3714 3781 3464 3468 3437 3535 3601 3474 3539 3956 3927
3824 3456 3596 3730 3860 3734 3737 3611 3488 3873 3877 3495 3497 3627 3884 3756 3501 3633 3762 3640 3514 3528 3913 3790 3926 3542 3800 3545 3804 3938 3557 3697 3966 3702 3831 3576 3578 3452 3838
3825 3459 3469 3600 3612 3614 3617 3499 3758 3893 3652 3534 3793 3927 3931 3676 3561 3564 3821 3437 3568 3583
3826 3969 3591 3463 3468 3869 3486 3870 3506 3509 3643 3900 3909 3794 3924 3833 3680 3558 3947 3822 3569 3958 3705
3827 3553 3778 3521 3588 3722 3505 3455
3828 3596 3475 3860 3603 3605 3604 3756 3640 3514 3642 3651 3576 3790 3545 3677 3557 3966 3448 3578 3707 3838
3829 3714 3843 3972 3460 3464 3593 3466 3726 3474 3602 3738 3752 3499 3758 3630 3761 3634 3506 3510 3767 3515 3900 3777 3529 3915 3534 3554 3558 3945 3821 3956
3830 3594 3596 3604 3613 3625 3633 3639 1085 3651 3654 3656 3669 3670 3674 3680 3683 3684 3687 3691 3692 3695 3700 3702 3703 3717 3721 3734 3741 3744 3750 3755 3756 3760 3765 3790 3797 3800 3804 3813 3831 3832 3841 3842 3858 3860 3864 3873 3883 3886 3898 3902 3911 3913 3918 3919 3926 3943 3948 3957 3448 3962 3966 3456 3968 3970 3971 3457 3467 3495 3501 3502 3512 3514 3516 3517 3518 3523 3533 3540 3545 3552 3560 3562 3563 3576 3577
3831 3456 3521 3842 3971 3457 3750 3495 3526 3817 3851 3884 3824 3697 3830 3703 3736 3545 3484
3832 3528 3596 3437 3790 3514 3730 3635 3702 3830 3640 3482 3518
3833 3714 3718 3591 3976 3869 3486 3758 3631 3506 3509 3896 3643 3909 3793 3924 3680 3810 3947 3822 3951 3569 3826 3706
3834 3617 3881 3499 3437 3821 3568 3764
3835 3590 3722 3850 3599 3728 3862 3867 3740 3615 3753 3498 3629 3636 3521 3907 3921 3553 3442 3705 3710 3455
3836 3975 3465 3476 3612 3757 3759 3893 3899 3774 3519 3910 3918 3675 3964 3437 3571 3957 3579 3708 3837
3837 3708 3975 3757 3437 3759 3571 3476 3957 3701 3579 3675 3836 3612 3774 3519
3838 3712 3971 3845 3462 3852 3596 3471 3475 3603 3605 3604 3860 3611 3485 3488 3491 3877 3497 3884 3503 3635 3891 3514 3642 3902 3448 3528 3578 3672 3545 3800 3804 3934 3938 3940 3557 3559 3687 3944 3693 3824 3828 3573 3702 3576 3450 3452
3839 3504 3586 3626 3677
3840 3521 3553 3685 3526 3850 3629 3472 3505 3508
3841 3456 3586 3851 3596 3604 3734 3480 3625 3633 3651 3525 3656 3788 3545 3674 3929 3677 3938 3684 3692 3693 3950 3830 3448 3449
3842 3968 3971 3851 3475 3736 3484 3873 3618 3491 3877 3625 3501 3886 3633 3521 3780 3525 3703 3667 3540 3797 3929 3683 3684 3817 3948 3438 3440 3830 3831 3577 3966
3843 3680 3499 3829 3927 3645
3844 3616 3848 3437 3638 3799
3845 3488 3491 3448 3851 3693 3790 3471 3838 3891 3475 3672 3545 3611 3804 3485 3966
3846 3746
3847 3626 3979 3660 3953 3477 3674 3610 3772 3677
3848 3918 3844 3638 3799
3849 3904 3444 3742
3850 3840 3521 3526 3722 3599 3472 3505 3442 3698 3508 3482 3835 3644 3773 3455
3851 3456 3841 3842 3971 3586 3845 3596 3475 3734 3611 3741 3873 3618 3491 3877 3495 3625 3756 3501 3633 3889 3517 1085 3651 3780 3525 3527 3790 3796 3797 3672 3545 3674 3938 3684 3556 3943 3817 3692 3693 3831 3448 3577
3852 3873 3971 3497 3886 3471 3966 3667 3475 3573 3672 3545 3611 3838
3854 3918
3855 3810 3558 3591 3976 3593 3822 3758 3506 3794 3509 3643 3515 3771 3486
3857 3657 3595 3628 3917 3725 3567 3473 3538 3868 3743
3858 3456 3721 3731 3860 3604 3737 3611 3488 3514 3518 3651 3785 3913 3790 3926 3545 3930 3804 3938 3557 3687 3697 3830 3578
3859 3443 3861 3870 3543
3860 3721 3596 3858 3731 3604 3737 3611 3488 3495 3884 3633 3640 3514 3642 3518 3902 3528 3785 3790 3545 3930 3804 3938 3687 3437 3838 3824 3828 3830 3576 3966
3861 3904 3621 3463 3496 3437 3726 3954 3859 3604 3444 3733 3742
3862 3867 3713 3588 3590 3722 3629 3599 3663 3728 3636 3608 3835 3740 3710
3863 3585 3490 3624 3531 3662 3546 3549 3679
3864 3502 3669 3813 3830
3865 3442 3740 3526
3866 3584 3906 3524 3558 3623 3782 3881 3468 3535 3568 3793 3511 3768 3645
3867 3553 3521 3715 3907 3713 3590 3815 3498 3629 3694 3442 3636 3862 3608 3705 3835 3740 3710
3868 3874 3912 3657 3819 3628 3725 3595 3567 3473 3538 3857 3445 3541 3739 3743
3869 3714 3463 3602 3612 3870 3617 3510 3900 3906 3529 3794 3924 3833 3803 3558 3690 3947 3822 3569 3826 3705 3706 3583
3870 3718 3859 3869 3486 3620 3896 3643 3900 3903 3906 3660 3793 3794 3680 3690 3947 3822 3826 3706 3711
3871 3739 3628 3743
3872 3779 3684 3950 3797 3575 3672 1085 3550
3873 3968 3456 3842 3971 3721 3851 3852 3471 3475 3736 3737 3618 3625 3886 3633 3902 3651 3525 3577 3667 3938 3684 3563 3692 3948 3824 3830 3449 3962 3966
3874 3912 3819 3917 3725 3538 3541 3739 3868 3743
3875 3887
3876 3521 3778 3753 3722 3629 3470 3442 3455
3877 3968 3842 3971 3462 3851 3596 3471 3475 3605 3734 3611 3741 3488 3750 3495 3501 3886 1085 3902 3517 3651 3780 3533 3577 3930 3938 3683 3684 3943 3692 3948 3838 3438 3824 3573 3576 3449 3452 3966
3878 3680 3617 3622 3564 3821 3483 3903
3880 3970 3619 3908 3596 3437 3670 3454
3881 3810 3460 3558 3499 3468 3534 3535 3601 3764 3834 3866 3711
3882 3792 3680 3671
3883 3639 3562 3594 3919 3830 3479 3481 3898 3516 3613
3884 3456 3971 3860 3734 3737 3488 3495 3756 3501 3640 3514 3902 3545 3930 3938 3687 3559 3824 3697 3831 3838
3885 3801
3886 3842 3971 3852 3609 3873 3877 3625 3756 1085 3656 3667 3540 3797 3674 3552 3683 3563 3692 3830 3577 3962 3455
3887 3809 3875 3537
3888 3592 3659 3979 3950 3674 3610 3677
3889 3586 3943 3851 3756 3596 3501 3577 3545 3633 3449
3890 3539 3803
3891 3488 3845 3462 3576 3707 3704 3916 3966 3731 3573 3574 3702 3672 3545 3926 3611 3452 3838
3892 3912 3657 3628 3917 3725 3473 3538 3541 3739 3743
3893 3584 3836 3437 3825 3612
3894 3490 3437 3546 3963 3679
3895 3680 3617 3719 3464 3690 3437 3506 3764 3483 3775
3896 3584 3969 3810 3718 3976 3784 3818 3793 3509 3511 3833 3643 3870 3711
3897 3548 3908
3898 3649 3523 3883 3502 3695 3919 3830 3639 3481 3516 3613
3899 3571 3957 3675 3836 3774
3900 3584 3969 3458 3714 3460 3718 3591 3976 3869 3614 3870 3486 3620 3509 3511 3906 3909 3529 3786 3794 3924 3680 3947 3822 3951 3569 3826 3829 3706
3901 3809 3791 3664 3537 3482 3933
3902 3596 3471 3731 3604 3860 3611 3488 3873 3877 3621 3884 3762 3518 3527 3790 3667 3926 3542 3545 3930 3804 3938 3940 3684 3559 3966 3573 3702 3703 3830 3452 3838
3903 3584 3969 3458 3648 3493 3558 3718 3878 3951 3631 3794 3506 3924 3643 3870 3711
3904 3584 3849 3539 3444 3861 3511
3905 3490 3624 3662 3549 3806
3906 3584 3969 3714 3973 3718 3463 3976 3593 3866 3869 3486 3870 3620 3758 3509 3768 3900 3524 3909 3782 3529 3786 3534 3793 3794 3931 3803 3810 3558 3821 3568 3569 3443 3705 3706
3907 3713 3715 3590 3722 3728 3608 3867 3740 3615 3753 3498 3629 3636 3641 3521 3815 3437 3960 3705 3835 3710 3455
3908 3495 3880 3661 3897 3548
3909 3680 3906 3558 3463 3976 3945 3822 3726 3826 3794 3924 3509 3443 3833 3643 3900
3910 3836 3701 3774
3911 3813 3502 3700 3669 3830
3912 3874 3595 3819 3437 3628 3567 3725 3473 3538 3892 3739 3868
3913 3488 3707 3596 3450 3790 3824 3858 3604 3830 3545 3514 3611 3804
3914 3978 3915 3568 3604 3967
3915 3460 3972 3464 3466 3469 3474 3604 3738 3752 3761 3634 3764 3529 3914 3554 3945 3568 3443 3956 3829
3916 3592 3891 3805 3950
3917 3874 3595 3628 3725 3819 3567 3473 3857 3538 3892 3743
3918 3975 3720 3465 3722 3848 3854 3616 3749 3757 3759 3632 3638 3774 3519 3647 3789 3664 3923 3799 3442 3571 3957 3830 3579 3836
3919 3523 3562 3883 3695 3830 3479 3481 3898 3516 3613
3920 3776 3809 3587 3747 3783 3655 3500 3791 3696 3478 3641 3964
3921 3713 3715 3590 3722 3599 3728 3740 3615 3629 3521 3663 3666 3801 3802 3553 3815 3442 3705 3835 3710 3455
3922 3536
3923 3749 3751 3720 3787 3918
3924 3584 3969 3714 3718 3463 3719 3593 3976 3591 3869 3493 3758 3506 3763 3509 3643 3900 3646 3903 3909 3793 3794 3810 3558 3947 3822 3951 3569 3826 3833 3706
3925 3961 3530 3487
3926 3968 3462 3596 3730 3475 3731 3605 3604 3858 3611 3497 3755 3635 3891 3640 3514 3902 3527 3528 3790 3542 3672 3545 3930 3800 3804 3934 3938 3684 3559 3943 3687 3824 3830 3703
3927 3584 3843 3468 3469 3610 3617 3622 3754 3507 3764 3767 3782 3532 3535 3561 3690 3564 3821 3823 3825
3928 3672 3633
3929 3841 3842 3651 3780 3495 3756 3948 3533 3795 3512 3577
3930 3586 3461 3462 3596 3471 3858 3475 3860 3737 3611 3485 3488 3492 3877 3495 3884 3503 3762 3635 3765 3642 3902 3522 3779 3448 3654 3527 3528 3659 3542 3926 3672 3804 3677 3934 3938 3941 3559 3573 3576 3450 3707
3931 3617 3906 3460 3622 3782 3463 3593 3947 3532 3821 3568 3825 3793 3665 3764 3510 3583
3932 3616 3716 3638 3513 3647
3933 3587 3478 3607 3747 3500 3508 3766 3641 3901 3776 3783 3655 3791 3664 3809 3821 3696 3964 3967
3934 3461 3462 3559 3495 3762 3926 3930 3838
3936 3505 3442 3521 3598
3937 3460 3752 3945 3466 3529 3758 3534 3738 3483 3612
3938 3968 3457 3456 3586 3841 3721 3851 3596 3471 3858 3731 3604 3860 3734 3605 3480 3736 3609 3737 3488 3873 3877 3750 3495 3756 3884 3501 3635 3640 3514 3642 3902 3651 3654 3528 3449 3790 3578 3797 3926 3672 3545 3930 3800 3804 3677 3684 3557 3943 3687 3692 3693 3438 3838 3824 3697 3948 3437 3702 3703 3576 3577 3962 3966
3939 3546 3963 3437 3679
3940 3902 3966 3475 3542 3543 3484 3838
3941 3442 3930 3645
3943 3851 3604 3609 3877 3495 3756 3501 3633 3889 1085 3577 3926 3800 3545 3677 3938 3948 3830 3448 3449
3944 3457 3683 3448 3559 3495 3800 3577 3962 3838
3945 3972 3464 3469 3726 3474 3602 3738 3612 3614 3752 3758 3630 3634 3510 3768 3909 3529 3786 3915 3668 3937 3554 3437 3956 3829
3946 3690 3781
3947 3584 3973 3718 3463 3976 3869 3870 3623 3499 3758 3509 3768 3900 3782 3784 3529 3786 3793 3794 3924 3931 3810 3558 3951 3569 3826 3833
3948 3968 3456 3586 3842 3596 3475 3604 3605 3734 3736 3609 3741 3873 3877 3750 3495 3756 3760 3635 3521 3651 3525 3656 3533 3667 3797 3670 3929 3674 3548 3677 3938 3683 3684 3943 3563 3692 3693 3437 3830 3702 3448 3577 3962
3949 3745 3585 3811 3814 3624 3531 3727 3441 3546 3771
3950 3872 3841 3522 3525 3979 3659 3916 3888 3796 3610 3772
3951 3584 3969 3458 3718 3463 3591 3593 3719 3486 3506 3509 3900 3646 3903 3792 3793 3924 3680 3810 3558 3947 3822 3569 3958 3833 3711
3952 3513 3799
3953 3775 3610 3847
3954 3861 3742
3955 3680 3690
3956 3972 3460 3464 3466 3468 3469 3726 3474 3738 3761 3771 3915 3532 3554 3945 3823 3443 3829 3964
3957 3899 3836 3975 3465 3757 3918 3759 3476 3701 3830 3675 3579 3708 3837 3774 3519
3958 3680 3767 3951 3506 3826 3671 3515
3959 3503
3960 3776 3809 3747 3587 3907 3783 3655 3500 3791 3696 3664 3478 3967
3961 3551 3723 3566 3925 3487
3962 3456 3596 3604 3734 3609 3873 3491 3625 3628 3501 3886 3760 3633 1085 3521 3525 3577 3540 3797 3672 3545 3674 3800 3677 3938 3684 3944 3563 3948 3437 3692 3830 3449
3963 3939 3437 3894 3806 3679
3964 3776 3587 3747 3561 3500 3791 3920 3956 3478 3836 3933
3965 3701
3966 3842 3845 3462 3852 3475 3604 3860 3737 3741 3485 3488 3873 3491 3877 3497 3891 3514 3902 3780 3527 3785 3658 3540 3542 3545 3938 3940 3824 3828 3573 3830 3576 3452
3967 3587 3747 3655 3914 3500 3791 3696 3474 3478 3960 3641 3933
3968 3456 3842 3461 3721 3480 3609 3484 3873 3618 3491 3877 3750 3625 3756 3501 3633 3772 3525 3656 3540 3797 3926 3545 3677 3550 3938 3683 3563 3948 3692 3440 3830 3703 3577
3969 3584 3458 3718 3486 3620 3493 3758 3896 3900 3646 3903 3906 3792 3794 3924 3680 3558 3951 3569 3826 3711
3970 3880 3619 3525 3830
3971 3456 3842 3586 3851 3596 3852 3471 3475 3611 3484 3873 3618 3877 3750 3495 3755 3884 3501 3886 3633 3520 3780 3831 3540 3797 3545 3550 3684 3556 3817 3438 3440 3697 3830 3703 3449 3838
3972 3554 3752 3945 3466 3529 3915 3469 3726 3761 3634 3443 3764 3956 3829 3602 3738
3973 3784 3906 3947 3568
3975 3836 3465 3757 3918 3759 3571 3476 3701 3957 3579 3708 3837 3774 3519
3976 3906 3909 3947 3822 3855 3793 3924 3896 3833 3900 3486
3977 3629 3663 3442 3769 3740
3978 3914 3495
3979 3522 3779 3847 3626 3659 3437 3950 3888 3610 3674
