34 428 348 173
107 641 483 580 649 363 428 629 376 601 475 348 414
173 649 34 348
348 514 515 391 394 395 524 400 412 542 544 34 423 553 173 558 561 434 563 436 438 567 465 475 480 107 496 370 506 500 373 374 376 378
363 514 515 651 524 412 414 542 544 553 559 561 436 566 580 461 475 606 483 107 492 370 506 500 373 376 378 637
370 515 645 395 524 412 414 542 544 423 553 683 431 559 561 563 436 438 567 566 591 475 348 604 483 363 492 373 374 376 378
373 513 514 515 641 645 391 651 395 524 400 412 669 414 544 680 553 683 556 431 559 436 566 567 438 580 587 461 591 465 348 604 606 483 614 363 378 496 370 506 500 374 376 634 637
374 513 514 515 391 524 414 553 683 559 431 561 438 566 461 591 465 475 348 483 614 492 496 506 370 500 373 376 378
376 513 514 515 645 646 391 394 524 652 400 412 669 542 673 423 553 683 556 428 559 431 561 434 563 567 580 586 461 465 475 348 606 610 483 614 107 492 363 496 370 500 373 374 506 637
378 641 514 515 513 391 394 651 524 400 542 544 676 423 553 428 431 559 561 434 436 566 580 461 591 465 475 348 604 483 614 363 492 370 373 374 637
391 514 515 394 524 400 412 669 414 423 553 428 556 431 559 561 566 438 567 465 475 348 483 614 492 506 373 374 376 378 637
394 513 515 391 400 542 414 544 676 683 556 559 436 566 601 475 348 614 620 376 378
395 513 515 524 400 412 669 542 544 678 423 422 553 683 428 556 431 436 438 567 461 591 601 348 604 483 614 370 373 630 506
400 641 514 513 391 394 395 651 412 414 542 544 676 683 556 428 431 561 436 566 567 438 461 591 601 475 348 606 492 500 373 376 378 637
412 513 515 391 395 524 400 542 414 544 676 422 423 428 558 431 559 561 436 566 567 438 580 461 591 593 604 348 609 614 363 496 370 500 373 376
414 513 514 524 542 544 553 558 559 561 563 566 567 573 574 575 576 577 578 579 580 582 583 584 588 589 590 595 597 598 601 602 603 604 606 609 611 612 614 615 616 618 107 620 621 622 625 626 627 631 632 633 636 637 640 641 643 644 647 649 650 651 653 654 655 657 658 659 660 661 662 663 664 665 666 667 668 669 670 672 674 675 676 677 680 683 684 685 363 370 373 374 391 394 400 412 422 427 428 434 438 461 465 475 492 496 500 506
422 644 395 653 654 655 657 663 412 414 678 680 553 682 685 438 579 584 592 593 596 597 601 483 614 618 619 620 636
423 513 645 646 391 395 524 412 669 553 683 428 556 558 559 561 567 586 587 461 591 465 475 604 348 606 614 506 370 500 376 378
427 496 563 428 414
428 641 513 515 391 395 651 400 667 412 669 542 414 34 676 423 427 683 558 559 431 561 434 563 436 438 567 461 591 594 475 606 609 614 107 492 378 500 376 506
431 513 514 391 395 400 412 669 683 556 428 561 434 563 566 438 465 475 606 483 614 492 378 370 500 373 374 376 506
434 515 580 428 492 591 496 431 563 566 348 376 378 475 604 414
436 646 394 395 524 651 652 400 412 542 553 556 428 559 561 563 438 566 580 461 591 465 604 348 606 363 378 496 370 373 634 506 635 637
438 513 514 645 391 395 524 651 400 412 669 414 676 422 553 428 556 559 431 561 563 436 566 461 591 465 596 475 348 606 483 614 492 496 506 370 500 373 374 634
461 513 395 524 653 400 412 542 414 544 423 683 428 559 436 438 567 591 465 475 606 483 363 492 373 374 376 378
465 513 515 391 524 669 414 676 423 558 431 561 436 438 461 591 601 475 348 483 614 378 500 373 374 376 506
475 641 513 391 394 400 414 423 556 428 431 561 434 563 566 438 567 580 461 465 348 604 483 107 492 363 496 370 506 374 376 378
480 348
483 513 514 515 641 391 395 524 651 669 542 544 422 431 559 561 563 438 567 566 580 461 591 465 596 601 475 604 606 614 363 107 492 378 496 370 500 373 374 376 506 637
492 513 514 391 651 524 400 669 542 414 544 676 553 428 431 559 434 438 567 566 580 461 591 475 604 483 614 363 370 506 500 374 376 378 637
496 513 641 515 412 414 553 427 434 436 438 580 591 475 348 483 373 374 376 637
500 513 514 645 524 400 412 542 414 423 683 556 428 431 438 566 580 591 465 601 348 483 363 492 373 374 376
506 513 514 645 391 395 524 414 544 423 553 428 431 559 563 436 438 566 591 465 475 604 348 606 610 483 363 492 373 374 376
513 514 515 645 646 394 395 651 400 412 669 414 544 423 553 683 428 431 559 561 563 566 438 461 591 465 601 475 604 606 483 614 492 378 496 506 500 373 374 376 634 637
514 513 391 524 400 669 414 544 683 559 431 561 438 566 580 348 483 614 363 492 378 500 373 374 376 506
515 641 513 391 394 395 524 412 553 428 559 434 566 580 591 465 348 483 614 363 496 370 373 374 376 378
524 514 515 391 395 651 412 542 414 544 423 553 559 561 436 438 566 567 461 590 591 465 348 606 483 614 363 492 378 370 500 373 374 376 506 637
542 394 395 524 400 412 414 553 683 428 556 561 436 580 461 591 348 606 483 363 492 370 500 376 378
544 513 514 394 395 524 400 412 669 414 553 556 561 563 566 461 604 348 483 363 492 378 370 373 506
553 513 515 644 391 395 524 666 669 414 542 544 422 423 683 558 559 436 438 566 567 591 348 614 363 620 492 378 496 370 506 373 374 376 634
556 391 394 395 652 400 542 544 673 676 423 683 559 431 563 436 438 475 500 373 376
558 423 553 428 465 348 412 414
559 513 514 515 391 394 524 412 414 676 423 553 683 428 556 561 436 566 438 580 461 606 483 363 492 370 506 373 374 376 378 637
561 513 514 391 651 524 400 412 669 414 542 544 423 683 428 431 559 436 438 567 566 580 591 465 475 348 604 606 483 363 370 374 376 378
563 513 645 414 544 427 556 428 431 434 436 438 567 594 475 348 604 483 370 634 376 506
566 513 514 515 391 394 651 524 400 412 414 544 676 553 559 431 561 434 436 438 567 580 591 593 475 483 363 492 370 506 500 373 374 378
567 645 646 391 651 395 524 400 412 414 423 553 683 428 561 563 566 580 461 590 591 475 348 604 610 483 492 370 373 376
573 644 653 654 666 414 672 677 680 684 575 579 589 592 597 598 609 611 617 622 623 625 626 630 633 636
574 579 678 584 616 663 621 630 631 414
575 579 612 680 685 654 589 592 630 664 573 414
576 640 578 675 643 583 615 681 627 659 661 414
577 640 643 647 650 658 659 661 662 670 414 675 681 578 582 595 599 600 615 635
578 640 643 650 659 661 662 665 414 675 576 577 582 583 595 599 600 615 632 635
579 644 653 654 666 414 422 684 685 573 574 575 590 592 597 598 603 605 612 616 617 619 620 621 622 623 633 639
580 641 514 515 656 412 542 414 559 561 434 436 566 567 591 601 475 606 483 363 107 492 496 500 373 376 378 637
581 642
582 640 643 650 658 659 661 662 414 670 675 681 577 578 583 595 599 627 632 635
583 640 643 650 658 659 661 662 665 414 670 675 681 576 578 582 595 599 600 627 632 635
584 414 422 679 616 618 592 660 596 630 631 637 574 639
586 645 646 423 587 376 634
587 645 646 423 586 651 373 634
588 644 678 617 682 618 685 653 592 633 414
589 609 573 677 617 620 684 622 623 654 597 664 603 605 414 575
590 609 579 644 612 680 617 524 591 623 567 414
591 641 513 515 645 646 651 395 524 400 412 669 542 423 553 683 428 561 434 436 566 438 567 580 461 590 465 606 483 492 378 496 370 506 500 373 374 634 637
592 644 653 654 655 664 666 672 677 422 678 680 682 684 685 573 575 579 584 588 597 598 603 605 609 611 612 616 617 618 619 620 621 622 623 625 626 630 633 636
593 412 422 566
594 563 667 428
595 640 577 578 675 582 583 681 650 670 627 659 661 662 600 635 414
596 609 483 677 422 616 584 618 620 653 655 630 663 438 604
597 609 579 677 422 680 618 619 684 589 653 654 592 625 630 633 603 573 414
598 609 579 677 680 618 619 684 653 654 592 625 630 636 573 414
599 640 647 650 658 659 661 670 675 681 577 578 582 583 600 615 627 628 632 635
600 640 577 578 675 643 583 615 681 650 627 628 595 659 599 632 665 635 670
601 513 483 580 644 422 394 107 395 400 465 500 630 637 414
602 414
603 609 611 644 677 579 612 680 684 589 654 623 592 625 597 605 414
604 513 645 651 395 412 669 414 671 544 676 423 561 434 563 436 567 596 475 606 483 492 506 370 373 378 637
605 609 579 644 677 680 617 619 589 654 592 626 630 603
606 513 641 645 524 400 669 414 542 423 428 559 431 561 436 438 580 461 591 604 483 614 363 373 376 506
609 644 654 664 666 412 414 680 428 573 589 590 592 596 597 598 603 605 612 617 619 620 630 636
610 376 506 567
611 680 684 653 654 592 625 664 603 636 573 414
612 609 579 678 680 617 619 590 654 592 664 603 414 575
614 513 514 515 645 391 394 395 524 412 669 414 676 422 423 553 428 431 438 465 606 483 492 373 374 376 378 637
615 640 643 647 658 659 661 662 665 670 414 675 681 576 577 578 599 600 627 628 632
616 579 678 631 584 574 618 684 621 622 623 592 625 657 660 596 663 414 639
617 644 648 664 666 677 680 685 573 579 588 589 590 592 605 609 612 619 620 625 626 630
618 653 414 422 678 680 682 684 685 584 588 592 596 597 598 616 619 630 631 633 636
619 644 653 654 677 678 422 685 579 592 597 598 605 609 612 617 618 623 630 633
620 609 579 644 422 678 617 553 394 653 589 654 592 596 630 666 636 414
621 579 414 616 622 592 663 574
622 579 616 589 621 623 592 625 573 414 639
623 579 677 616 619 684 589 622 590 592 625 654 603 636 573
625 611 644 677 616 617 684 653 622 623 592 597 630 598 633 603 573 414
626 573 644 680 617 654 592 630 664 605 414
627 647 650 658 659 662 665 670 414 675 681 576 582 583 595 599 600 615 632 635
628 643 615 681 632 661 662 599 600 665
629 107 637 630
630 641 395 653 655 657 663 666 672 678 682 684 685 573 574 575 584 592 596 597 598 601 605 609 617 618 619 620 625 626 629 631 636
631 414 678 679 584 616 618 682 630 574 639
632 640 643 647 650 658 659 661 662 665 414 670 675 578 582 583 599 600 615 627 628 635
633 579 644 680 618 619 588 653 592 625 597 666 636 573 414
634 513 645 646 647 553 586 587 651 591 563 436 373 438
635 640 577 578 643 582 583 650 632 595 627 661 662 599 600 659 436 670
636 609 611 677 678 422 680 618 620 685 684 623 592 630 598 633 666 573 414
637 641 513 645 391 524 400 669 414 678 679 559 436 580 584 591 601 604 483 614 363 492 496 629 373 376 378 639
639 579 678 584 616 682 622 631 637
640 643 650 658 659 661 662 670 414 675 681 576 577 578 582 583 595 599 600 615 632 635
641 515 580 483 414 107 428 651 591 400 496 373 630 378 475 637 606
642 581
643 640 650 658 659 662 414 670 675 681 576 577 578 582 583 600 615 628 632 635
644 654 664 666 414 422 680 553 573 579 588 590 592 601 603 605 609 617 619 620 625 626 633
645 513 646 651 671 423 683 563 438 567 586 587 591 604 606 614 506 370 500 373 376 634 637
646 513 645 423 586 587 651 591 436 567 376 634
647 577 414 675 615 650 658 627 659 662 599 632 665 634 670
648 617
649 107 173 414
650 640 643 647 658 661 662 665 414 670 681 577 578 582 583 595 599 600 627 632 635
651 513 641 645 646 524 400 414 683 428 561 436 438 567 566 587 591 604 483 363 492 373 634 378
652 376 436 556
653 654 664 414 672 677 678 422 680 685 573 579 588 461 592 596 597 598 611 618 619 620 625 630 633
654 644 653 664 666 414 422 680 684 685 573 575 579 589 592 597 598 603 605 609 611 612 619 620 623 626
655 422 592 657 596 630 414
656 580
657 422 616 682 655 630 414
658 640 643 647 650 659 661 662 665 414 670 675 681 577 582 583 599 615 627 632
659 640 643 647 658 661 662 665 414 675 681 576 577 578 582 583 595 599 600 615 627 632 635
660 616 584 414
661 640 650 658 659 665 414 670 675 681 576 577 578 582 583 595 599 615 628 632 635
662 640 643 647 650 658 659 670 414 675 681 577 578 582 583 595 615 627 628 632 635
663 422 616 574 621 596 630 414
664 609 611 612 644 617 589 653 654 685 592 626 414 575
665 578 583 647 615 650 670 632 658 659 627 661 628 600 414
666 609 579 644 680 553 617 620 654 592 630 633 636 573 414
667 594 428 414
668 414
669 513 514 391 395 414 671 544 423 553 428 431 561 438 591 465 604 606 483 614 492 373 376 637
670 640 643 647 650 658 661 662 665 414 577 582 583 595 599 600 615 627 632 635
671 604 669 645
672 653 592 630 573 414
673 376 556
674 414
675 640 643 647 658 659 661 662 414 681 576 577 578 582 583 595 599 600 615 627 632
676 614 394 683 492 556 428 559 400 465 566 438 412 378 604 414
677 605 617 682 619 653 589 623 592 625 596 597 598 603 636 573 414
678 395 653 422 679 682 685 574 588 592 612 616 618 619 620 630 631 636 637 639
679 678 584 682 631 637
680 644 653 654 666 414 422 684 573 575 590 592 597 598 603 605 609 611 612 617 618 626 373 633 636
681 640 577 576 643 675 582 615 583 599 650 658 595 659 628 661 627 600 662
682 677 678 679 422 618 588 592 657 630 631 639
683 513 514 645 394 395 651 400 414 542 676 423 553 556 428 559 431 561 567 461 591 370 500 373 374 376
684 579 611 680 616 618 589 654 623 592 625 597 598 630 603 636 573 414
685 579 678 422 617 618 619 588 653 654 592 630 664 636 414 575
