697 800 769 708 805 772 840 745 713 747 719 753 819 823 698 890 828 830
698 772 776 803 804 805 887 823 825 697 828 830 708 713 856 857 858 860 862 863 865 867 868 871 872 745 873 875 876 747 878 879 880 881 882 883 884 885 886 753 888 895
703 805 719 880 823 856 828
708 800 869 774 840 713 747 811 753 819 823 856 697 698 828 890
713 708 772 774 805 840 745 747 819 823 697 698 828 830
719 800 772 840 745 747 819 823 697 828 830 703
729 876 878 888 886 856 889 861
745 800 805 774 713 810 747 719 823 697 698 830
747 800 769 803 708 805 774 840 745 810 713 719 880 753 819 856 697 698
753 769 708 747 697 819 823 856 889 698 861 890
769 800 869 774 811 747 753 856 697 890 828
772 800 805 713 719 856 697 698 828
774 800 769 708 805 869 840 713 745 747 810 819 823 856 830
776 867 872 873 874 877 885 887 698
800 769 772 708 774 805 745 810 747 811 719 856 697 828 830
803 840 698 747
804 876 882 888 886 856 889 698
805 800 772 774 840 745 713 747 880 819 823 697 698 828 830 703
810 800 774 745 747 823 856 828
811 800 769 856 708
819 708 805 774 713 747 719 880 753 697 828
823 708 805 774 840 745 713 810 719 880 753 697 698 828 830 703
825 864 884 856 889 698
828 800 769 772 805 708 840 713 810 719 880 819 823 697 698 830 703
830 800 805 774 840 713 745 719 823 856 697 698 828
840 803 708 805 774 713 747 719 823 697 828 830
856 769 772 774 800 804 810 811 825 698 830 703 708 729 861 864 869 747 878 753 882 888 889 893
857 865 698 862 871
858 870 871 881 698 895
859 885
860 698
861 876 878 753 888 856 729 889 863
862 857 698 868
863 876 878 882 886 888 889 698 861
864 856 825 884 893
865 857 698 868
866 881 895 894 879
867 872 873 874 776 877 887 698
868 865 698 862
869 769 708 774 856 890
870 871 879 881 858 894 895
871 870 879 881 857 698 858
872 867 776 874 885 698
873 867 776 874 885 698
874 867 776 873 872 885 887
875 698
876 804 878 882 729 886 888 889 698 861 863
877 776 867
878 876 729 888 886 856 889 698 861 863
879 866 870 871 881 698 894
880 805 747 819 823 698 828 703
881 866 870 871 879 698 858
882 804 876 886 856 698 863
883 698
884 864 825 698 893
885 872 776 874 873 887 698 859
886 804 876 878 882 729 698 889 863
887 867 776 874 885 698
888 804 876 878 856 729 698 861 863
889 804 876 878 753 729 886 856 825 861 863
890 769 708 869 753 697
893 864 856 884
894 866 870 879
895 698 858 870 866
