697 800 769 772 805 840 745 719 753 819 856 823 698 890 828
698 774 776 800 803 804 805 810 823 825 697 830 840 713 719 856 729 858 860 863 864 865 866 868 870 871 872 745 874 747 876 875 878 879 873 753 882 881 884 885 886 887 888 893 895
703 805 747 719 880 819 823 828
708 800 769 840 713 747 811 719 753 819 823 890 828 830
713 800 708 772 805 840 745 747 719 819 698
719 800 708 805 774 745 713 810 747 819 823 697 698 828 830 703
729 876 878 753 886 888 889 698 861 863
745 800 713 747 719 823 697 698 828 830
747 800 769 708 774 840 713 745 810 719 880 753 819 823 856 698 828 703
753 708 747 697 698 819 823 856 729 890 861 889
769 708 869 774 811 747 697 890 828 798
772 800 805 713 856 697
774 800 769 869 805 810 811 747 719 823 856 698 828 830
776 872 873 874 877 885 887 698
798 769
800 772 805 774 708 745 713 811 747 719 823 856 697 698 830
803 840 698 880
804 876 878 882 888 886 856 889 698 861 863
805 800 772 774 840 713 810 719 880 819 823 697 698 828 830 703
810 805 774 747 719 823 698 828
811 800 769 708 869 774 856 890
819 708 805 840 713 747 719 880 753 823 856 697 828 703
823 800 708 805 774 840 745 810 747 719 880 753 819 697 698 828 830 703
825 864 698 856 884
828 769 708 805 774 840 745 810 747 719 819 823 856 697 830 703
830 800 708 805 774 840 745 719 823 856 698 828
840 803 708 805 713 747 819 823 856 697 698 828 830
856 772 774 800 804 811 819 825 698 697 828 830 840 861 864 747 876 878 753 882 888 889 893
857 862 871
858 870 871 881 698 895
859 885
860 698
861 804 876 878 753 888 856 729 889 863
862 857 865
863 804 876 882 729 886 888 889 698 861
864 884 856 825 698 893
865 698 868 862
866 881 698 895
867 872 873 874 877 885 887
868 865 698
869 769 890 811 774
870 871 879 881 698 858 894
871 870 879 881 857 698 858 895
872 867 776 873 874 698
873 867 776 872 874 698
874 867 776 873 872 887 698
875 698
876 804 878 882 888 729 856 889 698 861 863
877 776 867 885
878 804 876 888 729 886 856 889 698 861
879 870 871 881 698 894
880 803 805 747 819 823 703
881 866 870 871 879 698 858 895
882 804 876 856 889 698 863
884 864 825 698 893
885 867 776 877 887 698 859
886 804 878 729 889 698 863
887 867 776 874 885 698
888 804 876 878 856 729 698 861 889 863
889 804 876 878 753 882 888 886 856 729 861 863
890 769 708 869 811 753 697
893 864 698 856 884
894 870 879
895 866 871 881 698 858
