34 428 348
173 549 427 464 348 414
198 549 364 399 501 348 441 476 351
348 513 514 515 516 518 519 520 521 522 523 524 525 527 528 529 530 531 532 533 534 535 536 539 540 541 542 543 544 545 34 547 546 549 553 554 555 556 557 559 560 561 562 563 565 567 568 569 572 173 198 349 350 352 353 355 356 357 358 359 360 361 363 365 366 367 368 369 370 371 372 373 374 375 376 378 379 380 382 387 388 389 390 393 395 396 397 398 402 403 404 405 406 407 408 409 410 411 412 413 414 415 416 417 418 420 421 422 423 425 426 427 428 429 430 431 432 433 434 435 436 437 439 440 441 445 446 448 449 450 451 452 453 454 455 456 457 458 459 460 461 462 463 466 467 468 469 470 472 475 476 477 478 479 480 481 482 483 485 486 487 488 489 490 491 492 494 495 496 497 498 499 500 502 503 504 506 507 508 509 510 511
349 434 534 348 508 478
350 384 546 484 455 552 519 426 397 527 528 433 561 563 531 407 504 348 543
351 364 454 198 564
352 517 394 525 398 404 536 409 538 408 412 542 431 456 462 348 479 484 492 493 368 375
353 513 514 388 517 391 520 526 400 404 408 409 538 537 412 542 544 417 419 420 428 430 560 561 432 566 567 446 460 462 471 475 348 482 483 484 487 363 492 493 366 497 500 373 503 376
354 519 396 397 531 403 547 555 557 450 452 458 463 470 474 481 355 359 361 489 497 500 376 507 382
355 382 515 519 396 397 528 402 531 410 412 543 546 547 548 418 557 565 452 455 470 474 475 348 481 354 359 489 361 497 500 376 510
356 472 411 348
357 477 419 516 389 518 551 424 457 554 459 397 369 563 348 509
358 348
359 396 403 531 405 546 547 555 557 562 452 470 474 475 348 481 354 355 361 489 376
360 514 388 520 395 523 412 542 543 544 415 548 422 553 555 428 558 432 561 565 438 442 444 460 463 348 362 365 497 370 373 376 506 510
361 519 396 530 531 405 547 555 557 562 568 463 470 474 475 348 481 354 355 359 489 500 376
362 482 360 460 492 558 495 463 560 371 373 570 412 542 415
363 385 388 517 521 524 525 527 409 538 412 542 544 417 419 553 559 432 561 565 444 455 461 463 475 348 353 481 487 492 493 367 368 497 370 373 374 507
364 198 393 399 564 501 441 476 351
365 513 360 556 408 348
366 514 515 517 391 394 395 524 526 400 402 404 408 539 412 542 544 548 553 555 428 430 431 434 436 438 566 446 460 348 353 492 493 368 497 373 374 503 376 378
367 519 391 396 403 412 416 546 547 548 422 553 555 452 474 475 348 481 483 489 490 491 363 373 502 376 378
368 517 521 395 525 526 398 527 404 536 408 412 416 419 553 431 559 456 348 479 352 503 363 366 497 371 500 374 375 378
369 509 516 389 518 397 419 424 554 561 433 563 435 442 455 457 469 348 477 357 486 378 380 381
370 514 387 388 515 520 395 523 397 527 540 412 414 415 413 417 416 419 548 544 423 553 428 559 431 561 432 563 436 565 438 439 567 566 451 456 460 461 465 475 348 483 360 363 497 506 373 378 507
371 362 460 368 348 542
372 421 422 455 558 410 530 531 348 568 570 444
373 513 514 515 387 517 390 391 392 520 395 524 525 397 527 528 400 402 523 408 412 414 544 545 546 548 421 553 425 556 428 558 431 559 561 434 563 436 565 566 438 439 567 446 450 460 461 463 465 471 473 475 348 353 483 360 362 491 363 366 367 497 370 506 500 498 502 376 378
374 514 515 517 391 520 523 524 525 526 527 402 535 412 414 544 545 418 419 420 556 430 559 432 431 563 565 566 567 438 569 570 444 456 460 465 475 348 488 504 363 366 496 497 368 500 376 378 507 510
375 352 484 456 525 526 493 368 494 398 404 408 538 348 479
376 513 514 515 517 519 520 523 524 527 531 538 542 546 547 548 553 555 559 561 566 567 570 348 353 354 355 359 360 361 366 367 373 374 378 387 388 394 396 397 400 402 405 410 412 413 414 417 420 423 426 428 431 432 434 436 438 439 442 444 446 450 452 456 458 460 463 465 471 475 482 483 487 488 489 490 492 496 497 500 502 507 511
377 383
378 513 514 515 517 391 527 400 412 417 423 553 426 428 431 559 436 566 452 456 461 465 471 475 348 482 483 484 487 492 366 495 367 369 370 496 497 373 374 502 376 368 506
379 348 532
380 516 389 518 424 457 369 505 348 509
381 419 516 389 486 551 457 554 369 469
382 354 355 452 555 531 470 474 348
383 377 387
384 552 350 464
385 423 363 524 461 507
386 401 532
387 513 514 517 523 395 525 524 400 402 406 408 412 415 417 428 556 559 561 436 438 567 570 444 461 465 348 370 373 503 376 506 507 383
388 513 523 400 404 412 415 544 548 421 557 559 438 566 567 444 450 452 463 465 475 348 353 483 360 363 493 496 497 370 500 376 507
389 509 419 516 357 486 551 424 457 518 459 397 497 369 435 348 505 380 381
390 450 475 348 373
391 512 513 514 515 517 394 524 527 400 412 414 544 417 423 553 428 431 561 563 438 566 567 446 456 458 460 465 475 353 483 487 488 490 491 492 366 367 378 497 373 502 503 374 506
392 514 515 394 525 527 537 412 542 423 556 428 430 431 560 559 561 436 566 567 460 465 482 483 487 492 497 500 373 503 506
393 364 399 564 501 441 348
394 512 513 515 391 392 520 398 400 408 538 414 542 544 556 559 436 475 479 352 488 492 366 503 376 511
395 512 514 387 515 517 520 523 524 525 398 527 400 402 536 537 538 408 412 413 414 542 544 545 417 423 553 556 428 430 559 560 561 431 436 438 567 451 452 456 461 463 465 471 348 479 483 488 360 366 495 368 370 373 506 507 511
396 519 531 403 410 546 548 422 555 557 568 570 450 470 474 475 348 481 354 355 359 361 367 500 376 510
397 513 516 389 523 402 531 541 543 544 418 546 420 421 422 419 426 432 563 439 570 444 449 457 458 469 348 477 350 481 354 355 357 485 504 369 370 373 376 506 507 509 510
398 512 517 394 395 525 526 527 404 408 536 409 412 545 561 445 456 462 348 479 352 484 488 493 494 368 497 375 511
399 198 393 364 564 501 441 476
400 512 513 514 387 388 517 391 394 395 524 525 537 409 412 542 415 544 417 419 420 553 428 559 432 431 434 436 566 438 445 456 465 475 353 482 484 487 488 492 493 366 506 500 373 503 376 378
401 386
402 513 514 387 515 517 520 395 524 397 413 542 543 415 417 544 421 422 553 425 428 559 563 436 566 567 451 458 463 465 475 348 482 355 493 366 495 497 500 373 374 376 506 507
403 546 515 452 354 547 359 519 553 458 555 396 367 497 470 475 348 510
404 512 515 388 525 526 398 536 537 538 409 542 415 545 419 428 559 560 561 431 566 440 444 452 456 462 465 348 479 352 375 482 353 484 483 493 366 496 368 500 503 506
405 418 376 359 361 428 563 568 348 478
406 387 532 437 348
407 513 510 455 458 433 563 533 504 348 350 543
408 513 514 387 520 394 395 524 398 536 537 538 409 412 545 419 556 428 430 559 560 561 431 438 440 444 456 461 473 348 479 352 353 483 503 487 365 366 493 368 500 373 375 511
409 512 521 525 398 526 400 404 408 538 412 542 419 431 561 456 462 348 352 353 487 363 492 493 494 500 503
410 547 355 548 376 555 396 557 463 372 500 568 474 475 348
411 356 348
412 512 513 387 515 388 391 392 520 523 395 525 398 400 529 533 408 409 538 414 544 417 418 416 549 422 423 555 428 430 559 558 560 431 432 436 561 566 438 567 569 442 452 456 460 461 473 348 352 353 482 481 355 487 360 488 362 363 492 493 494 367 496 368 370 506 500 373 366 503 376 374 378 507
413 448 395 460 461 463 465 402 370 535 376 473 348 445 542 415
414 513 514 391 394 395 524 412 542 422 423 553 427 428 173 556 431 559 558 434 561 567 461 465 475 348 480 483 492 496 370 500 373 374 376 506
415 387 388 400 402 404 413 542 545 428 556 563 444 445 465 473 348 360 362 495 370
416 537 412 419 557 430 432 563 567 569 465 348 483 493 494 367 368 497 370 500 503
417 513 387 515 517 391 520 395 524 400 402 537 412 542 544 545 421 553 428 431 559 561 566 567 570 456 460 461 465 475 348 479 353 483 363 492 493 378 370 500 376 506 511
418 544 481 547 355 504 523 397 463 497 465 405 374 568 412 506 348 510
419 513 516 389 518 525 526 527 400 397 404 408 537 538 409 540 416 544 422 551 424 428 559 431 561 565 567 440 452 456 469 471 353 483 484 357 486 488 363 492 493 368 369 370 374 503 505 381
420 353 514 483 484 451 524 556 430 397 432 537 465 400 566 374 376 569 348
421 388 397 402 543 417 545 558 563 570 445 455 457 465 348 487 493 500 373 372 504
422 523 396 397 402 412 414 545 547 419 553 555 561 438 570 444 460 474 348 481 483 360 489 367 497 372 504
423 513 385 517 391 392 395 524 523 525 537 412 414 553 425 556 431 560 567 444 456 461 465 473 475 348 484 378 497 370 500 503 376 506
424 419 516 357 518 389 457 554 369 435 505 380 509
425 423 520 553 456 427 460 428 402 563 373 534 570 348 477
426 544 513 546 376 510 455 524 525 397 431 563 531 471 504 378 348 350
427 549 425 173 496 464 563 348 414
428 512 513 514 515 387 517 391 520 392 395 524 525 523 400 402 404 405 408 412 414 415 544 417 34 419 542 549 553 425 559 432 561 434 563 436 438 567 570 444 451 452 456 460 461 463 465 473 475 348 479 353 482 484 360 492 366 378 497 370 373 376 506 507 508
429 455 522 529 466 531 504 539 348
430 514 392 395 525 526 408 537 412 416 420 553 559 561 563 566 569 451 456 465 469 471 348 353 483 484 493 366 497 374 503
431 512 513 514 515 517 391 392 395 525 400 404 408 537 538 536 412 409 414 417 545 419 423 426 559 432 561 434 566 440 456 462 465 472 475 348 479 352 482 483 484 487 492 378 366 368 497 370 373 374 503 376 506 511
432 513 514 397 525 527 400 412 416 545 546 420 553 555 428 431 559 438 439 569 570 571 444 451 455 456 460 471 475 348 353 482 376 360 363 497 370 374 504 506 507 510
433 455 369 533 407 504 348 350
434 515 517 400 534 414 428 431 559 563 436 458 475 348 349 478 488 492 366 496 497 373 376
435 389 518 551 424 555 459 369 563 348
436 513 387 392 394 523 524 525 395 400 402 412 542 553 556 428 561 434 563 566 461 475 348 478 483 484 488 492 366 370 506 373 376 378 507 511
437 453 462 463 498 467 532 499 406 348 572
438 513 514 387 388 517 391 521 523 395 525 400 408 412 546 548 422 553 428 556 559 432 563 566 444 446 452 456 460 465 473 475 488 360 493 366 496 497 370 500 373 374 503 376 506 507 511
439 514 517 523 397 527 538 544 432 561 566 567 442 570 445 451 458 461 465 471 473 348 487 370 500 373 376 506 507
440 449 419 456 525 493 431 496 404 348 408 538 508 479
441 198 393 364 399 564 501 348
442 544 360 460 369 531 563 439 376 412
443 453
444 513 387 388 517 520 523 397 404 408 415 544 545 422 423 428 559 432 438 570 445 449 460 473 475 487 360 488 504 363 495 372 500 374 376 506 507
445 398 400 413 542 415 421 556 560 439 444 460 463 465 473 348 487 492 493 495 500
446 353 482 515 548 517 483 391 487 490 491 492 366 373 438 376 475 348
448 460 413 348
449 480 440 397 504 444 348 543
450 481 354 547 548 388 390 452 519 489 396 557 463 497 531 500 373 376 348
451 513 514 395 402 544 420 553 428 556 430 432 561 563 439 567 569 471 348 493 370 506 507
452 382 388 519 521 395 531 404 403 412 544 547 419 553 555 428 557 438 566 450 460 463 465 470 475 348 354 355 359 489 367 497 506 500 376 378 507 510
453 498 468 437 443 348
454 348 564 351
455 522 528 529 531 407 539 546 421 553 426 429 557 432 561 433 563 565 569 466 348 350 355 363 497 369 500 372 506 510
456 512 517 391 523 524 525 398 527 400 395 404 408 409 537 412 545 417 419 423 425 553 428 430 431 432 563 438 567 440 566 462 473 348 375 352 479 484 493 494 495 368 497 370 506 496 374 503 376 378
457 516 389 518 397 421 551 424 554 563 459 469 348 477 357 486 369 505 380 381
458 515 391 397 402 403 407 545 553 555 434 439 469 475 348 482 354 489 490 497 376 507 510
459 389 486 551 357 457 518 563 435 348
460 514 515 517 391 392 521 520 523 524 535 412 413 542 543 544 417 545 547 422 425 428 558 559 432 560 563 566 567 438 442 570 444 445 448 452 463 465 473 475 348 479 353 360 362 492 366 495 497 370 371 373 374 376 506 507 508
461 385 387 520 395 524 523 527 408 412 413 542 414 417 548 423 553 428 559 561 436 439 567 465 471 475 348 483 363 497 370 373 378
462 352 353 512 517 456 493 494 431 525 398 404 437 532 536 409 538 348
463 388 517 519 395 402 531 535 410 413 542 418 547 555 428 557 560 437 570 445 450 452 460 473 348 481 354 376 360 361 362 363 489 373 504 507
464 552 384 427 173
465 513 387 515 388 517 391 392 395 524 525 400 402 404 535 538 413 542 414 416 417 544 415 420 421 418 423 428 556 430 431 557 438 439 567 569 570 445 452 460 461 471 473 483 487 370 506 500 373 374 503 376 378 507 511
466 481 455 522 429 529 531 504 539 348
467 348 437 572
468 348 453
469 419 516 486 551 518 553 458 457 554 397 430 369 497 563 381 505 348 540
470 354 547 355 452 359 519 361 555 396 531 403 348 382
471 513 514 515 395 524 537 419 426 430 559 432 561 563 566 439 567 569 451 461 465 475 353 373 376 378 507
472 356 348 567 431
473 525 527 535 408 539 412 413 542 415 423 428 556 560 438 439 444 445 456 460 463 465 479 483 495 373 503
474 481 354 355 547 546 422 359 548 489 361 396 557 367 531 500 410 475 382
475 513 514 515 388 517 390 391 519 521 394 523 396 524 525 527 400 402 403 531 410 414 545 546 547 548 417 423 553 555 428 557 556 559 432 431 434 563 436 561 438 567 566 444 446 452 458 460 461 471 474 348 481 353 355 484 359 487 361 490 363 491 492 489 367 496 506 370 500 373 502 374 376 378 507
476 198 364 399 501 348
477 357 518 457 554 425 397 369 563 348
478 496 434 436 405 348 349
479 512 513 515 517 394 395 525 398 404 536 408 538 417 428 559 431 561 440 456 460 473 348 375 352 483 484 493 368 503 511
480 449 563 348 540 414 543
481 519 396 397 531 539 412 418 422 555 450 463 466 474 475 348 354 355 359 489 361 363 367
482 515 517 392 525 400 402 404 412 548 553 428 556 431 432 565 446 458 348 353 484 362 496 497 506 376 378
483 513 514 515 388 517 391 392 395 524 525 526 404 535 408 537 542 414 416 544 417 419 420 422 553 557 430 431 560 559 561 563 436 566 567 446 461 465 473 348 479 353 484 487 492 493 494 367 496 497 370 506 373 503 376 378 507
484 513 514 515 517 520 525 398 527 400 404 536 537 544 419 420 423 428 430 559 560 431 436 566 456 475 350 375 352 353 482 483 479 493 500 503 378 511
485 563 348 397 518
486 509 419 516 389 551 457 554 459 369 469 505 348 381
487 513 391 392 525 400 408 409 538 412 421 556 559 431 439 444 445 446 465 475 348 353 483 363 493 503 376 378
488 512 517 391 394 395 524 398 527 400 412 419 553 559 434 436 438 444 348 374 376 511
489 519 535 546 422 555 450 452 458 463 474 475 348 481 354 355 359 361 367 376
490 548 391 458 523 491 367 502 376 475 348 446
491 548 391 490 367 373 502 475 348 446
492 513 514 515 517 391 392 394 524 400 409 537 538 412 542 414 544 417 419 428 431 559 434 436 445 446 460 475 348 352 353 483 362 363 366 495 378 500 376 506
493 512 514 388 525 526 398 400 402 404 536 537 538 539 409 412 408 416 417 545 419 421 556 557 430 559 560 561 566 438 440 445 451 456 462 479 375 353 352 483 484 487 363 494 366 497 500 503 507 511
494 416 483 517 456 493 398 526 462 537 561 559 348 497 503 536 409 412 375
495 544 514 520 456 362 395 492 460 402 570 348 473 378 507 444 445 542 415
496 513 514 515 388 517 523 404 412 414 553 427 434 566 438 440 456 475 348 478 482 483 497 374 376 378 507 508
497 513 515 388 389 391 392 520 523 525 526 398 402 403 537 538 542 416 545 418 422 423 555 428 430 431 432 560 434 561 559 565 438 570 450 452 455 456 458 460 461 469 348 353 482 355 483 354 360 363 493 366 378 368 496 370 494 500 373 374 376 506 507
498 373 348 453 437
499 532 437 348
500 513 514 388 517 519 520 521 392 396 525 527 400 402 531 404 408 409 538 537 410 412 414 542 416 417 546 547 548 421 423 553 555 556 565 566 439 438 444 445 450 452 455 465 474 475 348 353 354 355 484 361 492 493 368 497 373 374 503 376 506 507
501 198 393 364 399 564 441 476
502 548 391 490 491 367 373 376 539 378 475 348
503 513 514 387 517 391 392 394 524 525 527 400 404 408 537 538 409 412 539 542 416 419 423 553 556 430 431 560 561 438 567 566 456 465 473 348 479 353 483 484 487 493 494 366 368 500
504 513 514 521 522 397 528 529 531 407 539 541 543 544 546 547 418 421 422 553 426 555 429 432 433 562 563 570 571 444 449 463 466 348 350 374 506 507
505 419 516 389 486 551 424 457 554 469 380 509
506 514 387 391 520 519 521 523 395 525 397 392 400 402 404 412 414 544 417 545 418 423 428 557 431 432 561 436 438 439 566 444 451 452 455 456 460 465 475 348 482 483 360 492 497 370 500 373 504 378 507 508
507 385 514 513 388 517 387 515 520 395 524 525 526 397 402 412 544 545 553 556 557 428 559 432 561 563 436 565 438 439 566 444 451 452 458 460 463 465 471 475 348 354 483 504 363 493 495 496 497 370 500 374 376 506 510
508 520 428 460 496 563 534 348 440 506 349 541 542
509 357 389 486 518 424 551 397 369 348 505 380
510 513 521 396 397 528 403 533 407 418 553 426 555 432 563 452 455 458 348 355 360 374 507
511 512 517 394 395 525 398 408 545 417 556 431 559 436 566 438 465 348 479 484 488 493 376
512 515 517 391 394 395 525 526 398 400 404 409 538 412 545 556 428 431 560 561 456 462 479 488 493 511
513 514 387 388 391 520 394 523 397 527 400 402 407 408 537 412 414 544 417 419 423 426 428 557 559 431 561 432 563 436 566 438 567 444 451 465 471 475 348 479 353 483 484 376 487 492 365 496 497 500 373 503 504 378 507 510
514 513 387 517 391 392 520 395 527 400 402 408 537 541 414 544 420 428 430 559 432 431 438 439 569 451 460 471 475 348 353 483 484 376 360 492 493 366 495 378 496 370 500 373 374 503 504 506 507
515 512 517 519 392 391 394 395 524 525 527 402 403 404 412 545 417 548 553 428 557 559 431 434 566 446 458 460 465 471 475 348 479 482 483 355 484 492 366 496 497 370 373 374 376 378 507
516 419 357 518 389 424 551 457 486 397 369 563 469 348 505 380 381
517 512 514 387 515 391 395 524 398 527 400 402 536 537 538 545 417 423 553 428 559 431 434 566 438 439 444 446 456 460 462 463 465 475 479 352 353 482 483 484 488 363 492 494 366 496 368 500 373 374 503 376 378 507 511
518 477 419 516 357 485 551 424 389 457 459 369 435 563 469 348 380 509
519 515 396 403 531 546 547 548 555 450 452 463 470 475 348 350 481 354 355 489 361 367 500 376 506
520 513 514 394 395 524 523 527 402 408 412 542 544 417 545 425 553 428 570 444 460 461 348 353 484 360 495 497 370 500 373 374 376 506 507 508
521 544 452 363 460 368 500 438 504 409 506 475 348 510
522 546 455 429 529 466 531 504 539 348
523 513 387 388 520 395 524 397 534 412 545 418 422 423 428 561 563 436 438 439 570 444 456 460 461 475 348 360 490 496 497 370 373 374 376 506
524 385 387 515 517 391 520 523 395 525 527 400 402 408 542 414 544 417 420 423 553 426 428 559 561 436 565 566 456 460 461 465 471 475 348 483 488 363 492 366 373 374 503 376 507
525 512 515 387 392 395 524 526 527 400 398 404 536 409 538 412 544 545 419 548 423 426 428 430 559 432 561 431 563 436 438 440 456 462 465 473 475 348 375 352 479 482 483 484 487 363 493 368 497 500 373 374 503 506 507 511
526 512 525 398 404 409 538 419 553 430 559 566 353 483 493 494 366 368 497 374 375 507
527 513 514 515 517 391 392 520 395 524 525 398 542 419 553 432 561 567 439 456 461 473 475 348 350 484 488 363 368 370 500 373 374 503 376 378
528 355 510 455 553 563 373 504 348 350 543
529 455 522 429 466 348 504 539 412
530 372 361 348
531 519 522 396 397 539 543 546 426 555 557 429 568 442 570 450 452 455 463 466 470 474 475 348 350 481 354 355 359 504 361 372 500 376 382
532 386 462 499 437 406 348 379 572
533 407 433 348 412 510
534 425 523 508 434 563 348 349
535 483 489 460 463 465 374 473 348 413
536 352 545 484 517 395 525 462 398 368 561 494 493 404 431 408 538 348 479
537 513 514 517 392 395 400 404 408 416 545 417 419 420 423 430 431 560 561 566 567 569 456 471 353 483 484 492 493 494 497 500 503
538 512 517 394 395 525 526 404 408 536 409 412 542 545 419 431 560 559 561 566 439 440 462 465 479 352 353 375 487 363 492 493 497 500 503 376
539 481 455 504 522 493 366 429 560 529 466 531 502 503 568 473 348
540 480 419 560 370 469 348
541 514 504 397 563 348 568 508
542 392 520 394 395 524 527 400 402 404 409 538 413 414 415 417 553 428 559 560 436 567 445 460 461 463 465 473 348 352 353 483 360 362 363 492 366 495 497 371 500 503 376 508
543 480 449 545 355 421 360 460 397 558 528 402 563 531 407 504 570 348 350
544 513 514 388 391 520 521 394 395 524 525 397 400 402 412 417 418 419 426 556 557 428 561 563 566 439 570 442 444 451 452 460 465 348 353 483 484 360 363 492 366 495 370 373 374 504 506 507
545 512 515 517 520 523 395 525 398 404 536 537 538 408 543 415 417 421 422 553 558 431 432 561 559 563 566 570 444 456 458 460 475 348 493 497 373 374 506 507 511
546 519 522 396 397 403 531 547 426 555 557 432 563 438 455 474 475 348 350 355 376 359 489 367 500 373 504
547 519 403 410 546 418 548 422 555 450 452 460 463 470 474 475 348 354 355 376 359 361 367 500 504
548 515 388 519 396 525 410 547 555 438 446 450 461 474 475 482 355 360 490 491 366 367 370 500 373 502 376
549 198 427 428 173 563 412 348
551 509 419 516 357 486 518 389 457 459 435 469 505 381
552 464 384 350
553 515 517 391 520 395 524 526 527 400 528 402 403 414 542 545 417 422 423 425 555 428 558 559 432 561 430 560 436 565 438 567 566 570 451 452 455 456 458 461 469 475 348 482 483 376 488 360 363 366 367 368 496 370 500 373 503 504 378 507 510
554 477 357 486 424 457 369 563 469 505 348 381
555 382 519 396 531 403 410 412 546 547 548 422 553 557 432 435 452 458 463 470 475 348 481 354 359 360 361 504 489 366 367 497 500 376 510
556 512 387 392 394 395 408 414 415 544 420 423 559 563 436 438 445 451 465 473 475 348 482 487 365 493 500 373 374 503 507 511
557 513 515 388 396 531 410 416 544 546 555 450 452 455 463 465 474 475 348 354 483 355 359 361 493 506 507
558 545 421 360 553 362 460 372 373 412 414 543
559 513 514 515 388 517 387 392 394 395 524 525 526 400 402 404 408 538 412 542 414 545 417 419 553 428 556 430 431 432 561 434 438 444 460 461 471 475 348 479 483 484 487 488 363 492 493 494 368 497 370 373 374 376 378 507 511
560 512 392 395 404 408 537 538 539 540 412 542 423 553 561 565 445 460 463 473 348 353 483 484 362 493 497 503
561 512 513 387 391 392 395 524 525 523 527 398 404 536 408 409 537 412 538 414 544 417 545 419 422 553 428 430 431 560 559 436 565 566 439 567 451 455 461 471 475 348 350 479 353 483 360 363 493 494 497 370 369 373 503 376 506 507
562 504 361 348 359
563 513 516 518 391 523 397 525 528 402 405 534 407 541 543 415 545 546 544 416 421 549 425 426 427 428 556 430 554 434 435 436 566 567 438 442 451 455 456 457 459 460 469 471 475 348 477 350 480 483 357 485 369 370 373 374 504 507 508 510
564 454 393 364 399 501 441 351
565 482 419 355 455 360 553 363 524 560 561 370 497 500 373 374 507 348
566 513 515 388 517 391 392 524 526 400 402 404 537 538 412 544 417 545 420 553 430 431 561 563 436 438 439 567 452 456 460 471 475 353 483 484 493 366 378 496 370 500 373 374 503 376 506 507 511
567 513 387 388 391 392 395 527 402 537 412 414 542 416 417 419 423 553 428 561 563 566 439 451 456 460 461 465 471 472 475 348 353 483 370 373 374 503 376
568 418 361 396 531 372 405 410 539 348 541
569 416 514 451 420 455 430 432 465 374 471 537 348 412
570 387 520 523 396 397 531 543 544 417 545 421 422 425 553 428 432 439 444 460 463 465 376 362 495 497 372 374 504
571 432 504
572 467 532 437 348
