594 4011 3980 3989 4031
3980 3981 3982 3983 3984 3985 3988 3989 3990 3991 3992 3993 3996 3997 3998 4000 4001 4002 4003 4004 4005 4006 4007 4008 4009 4010 4011 4012 4013 4014 4016 4017 4018 4019 4020 4021 4023 4024 4025 4026 4027 4029 4031 4032 4033 4034 4035 4036 4037 594
3981 4009 3980 4018 4023 3994
3982 4003 4037 4009 3980 4014 3986 3998 4021 4023 3994 3997 4030
3983 4017 3980
3984 3980
3985 4004 3980 3988 3993 3995
3986 4000 4033 3982 4014 4017 4021 4030
3988 3985 3993 3980 4030
3989 4038 3980 4013 594 3991
3990 4016 4025 3980 4007
3991 3980 3989
3992 4000 4017 3980
3993 4004 3980 3985 3988 3995 4030
3994 4009 3981 3982 4018 4019 4030 4023 3996 3998
3995 4004 4014 3985 4023 3993 4026
3996 4002 3994 3980 4028
3997 4009 3980 3982 4018 3998 4021 4023 4030
3998 4002 4009 3980 4014 3982 4018 4019 4021 4023 3994 3997
3999 4005
4000 4033 3980 3986 3992 4026
4001 3980
4002 3980 4023 4027 3996 3998 4031
4003 3980 3982 4023
4004 4038 3980 4013 3985 4020 4023 3993 3995 4030 4031
4005 3980 3999
4006 4027 3980
4007 4016 3980 3990
4008 3980
4009 3980 3981 3982 4030 4023 3994 3997 3998
4010 3980
4011 594 3980
4012 3980
4013 4004 4038 3980 3989 4023 4031
4014 4037 3980 3982 4017 3986 4030 4021 4023 3995 3998
4016 4025 3980 3990 4007
4017 3980 4014 3983 3986 4021 3992 4026 4030
4018 3980 3981 4030 4023 3994 3997 3998
4019 3980 3998 4026 4030 3994
4020 4004 4037 4038 3980 4027 4030 4031
4021 3980 3982 4014 4017 3986 3998 4026 3997 4030
4023 4002 4003 4004 4034 4038 4009 3980 4013 4014 3982 3981 4018 4030 3994 3995 3997 3998 4031
4024 3980
4025 4016 3980 3990
4026 4000 3980 4017 4019 4021 3995
4027 4032 4002 4038 4006 3980 4020
4028 3996
4029 3980
4030 4004 4009 3982 4014 4017 4018 3986 3988 4021 4020 4023 4019 3993 3994 3997
4031 4002 4004 4038 3980 4013 594 4020 4023
4032 4027 3980
4033 4000 3986 3980
4034 3980 4023
4035 3980
4036 3980
4037 4020 3982 3980 4014
4038 4004 4013 4020 3989 4023 4027 4031
