34 428 348 173 414
173 34 549 427 464 348 414
198 549 393 364 399 564 501 348 441 476 351
348 512 513 515 517 518 519 520 521 522 523 524 525 526 527 528 529 530 531 533 534 536 537 538 539 540 541 542 543 544 545 34 547 546 549 548 551 553 554 555 557 558 560 561 562 563 564 565 566 568 569 570 571 572 173 198 349 351 352 354 358 359 360 361 362 363 364 365 368 369 370 371 373 374 375 377 378 379 380 381 383 385 387 388 390 391 392 393 394 395 396 397 398 399 400 403 405 407 409 410 411 413 415 416 417 418 419 421 422 424 425 426 428 429 430 431 432 434 435 437 438 439 441 442 444 445 446 447 448 449 450 451 452 453 454 455 457 458 459 460 461 462 465 466 467 468 469 471 472 473 474 475 476 477 478 480 481 483 484 485 487 488 490 491 492 493 494 495 496 497 498 500 501 502 503 505 506 507 509
349 434 534 348 508 478
350 384 419 484 455 552 426 397 527 528 433 561 563 497 369 407 504 543
351 364 348 198 564
352 517 394 525 398 404 536 409 538 412 431 456 462 348 375 484 492 493 494 368 503
353 513 514 515 388 517 391 520 394 524 400 409 538 537 412 540 542 544 417 419 420 428 430 431 559 560 561 446 460 471 484 487 363 492 493 496 497 370 373 376
354 382 519 531 403 547 555 452 463 470 474 348 481 359 361 489 500 376 507 510
355 515 510 519 396 397 528 402 403 410 412 543 546 547 553 555 557 565 455 460 463 474 481 359 489 367 500 373 382
356 472 411
357 516 389 518 551 424 457 486 397 563 469 505 509
358 348
359 391 396 530 403 405 546 547 422 557 452 455 470 474 475 348 481 354 355 491 367 376
360 513 514 387 395 524 523 402 412 542 544 417 553 555 428 558 432 561 565 438 567 570 444 460 461 348 365 495 497 370 373 376 506 507 510
361 354 547 450 489 555 396 557 463 530 562 500 405 470 531 568 475 348
362 460 558 495 463 560 371 413 373 412 535 473 570 348 445 542 415
363 385 514 515 517 521 526 527 402 409 538 412 414 542 544 417 419 553 559 432 561 436 565 566 461 463 475 348 353 482 483 484 487 366 367 368 506 370 500 374 376 378 507
364 198 393 399 564 501 348 441 476 351
365 513 360 520 408 348
366 513 514 515 391 520 394 524 526 402 404 408 538 539 542 544 417 548 553 428 559 431 438 566 446 475 482 483 484 363 492 493 368 496 497 373 374 378
367 519 391 396 525 403 412 416 547 548 422 553 555 566 452 455 474 355 483 359 489 490 491 363 373 502 504 378
368 517 521 395 526 398 536 408 409 538 412 419 553 431 559 456 462 348 479 352 503 363 493 366 494 497 371 500 375
369 509 516 389 518 397 407 419 551 424 554 442 455 457 469 348 477 350 486 378 381
370 514 387 388 515 520 392 395 524 397 525 523 402 540 412 414 415 542 417 413 419 420 548 416 423 553 555 428 430 559 431 561 563 436 565 439 567 451 452 456 458 460 461 465 469 471 348 353 483 360 363 492 497 373 374 376 378 507
371 368 362 460 348
372 545 547 421 422 460 429 558 410 531 568 570 539 444 543
373 515 388 390 391 392 520 395 524 525 397 527 528 402 408 413 414 542 417 546 545 548 421 423 553 556 428 558 431 561 434 565 566 438 439 567 446 450 456 460 461 463 465 471 473 348 353 355 483 360 362 491 492 366 367 496 497 370 502 374 378 507
374 513 517 391 521 523 524 525 526 527 402 535 414 544 545 417 419 418 553 430 559 432 561 563 565 566 439 567 569 444 451 456 460 461 463 465 348 482 483 488 504 363 492 366 496 497 506 370 500 373 376 378 507
375 352 484 456 525 526 431 368 493 404 503 408 409 348 479
376 513 514 387 388 515 390 391 520 519 395 524 397 526 525 523 396 405 413 542 414 544 417 546 545 548 419 547 423 553 555 428 557 556 559 431 561 434 563 436 432 438 439 567 570 442 456 458 460 461 463 465 471 473 475 481 354 482 483 353 359 360 489 490 363 491 378 496 497 370 374 502 506 507
377 348 383
378 515 517 391 394 524 412 414 542 544 417 423 553 426 431 561 434 563 436 452 456 461 465 471 475 348 482 483 484 487 488 363 366 495 367 369 370 496 500 373 374 497 376 506
379 348
380 516 389 518 486 424 457 554 505 348 509
381 419 516 389 486 551 424 554 369 348 509
382 354 355 547 452 555 403 500 531 470 410
383 377 387 348
384 350
385 483 363 524 461 436 507 348
386 532
387 513 517 520 523 395 525 524 400 402 406 408 412 544 417 428 556 559 436 570 444 461 465 348 360 370 503 376 506 383
388 513 523 400 537 412 415 421 557 559 438 566 444 445 452 463 465 475 348 353 487 492 493 496 497 370 500 373 503 376 507
389 509 419 516 357 486 551 424 457 554 459 518 397 497 369 469 505 380 381
390 450 373 475 376 539 348
391 512 513 514 515 517 394 525 527 400 539 414 544 417 548 423 553 556 431 559 563 438 566 567 446 456 458 460 465 475 348 353 482 484 359 488 487 490 491 492 493 366 367 378 500 373 502 503 376 374 506
392 514 515 394 525 527 404 537 538 542 423 553 556 430 431 560 436 566 567 456 465 473 475 348 482 483 487 492 493 497 370 500 373 503
393 198 364 399 564 348
394 512 513 515 517 391 392 520 398 400 408 538 414 544 556 436 438 566 475 348 479 352 353 488 366 503 378 511
395 513 514 387 515 517 520 524 525 398 527 400 402 404 536 537 413 414 419 421 422 423 553 425 556 428 430 559 560 561 438 567 452 456 460 461 463 465 471 348 479 488 360 495 368 497 370 373 376 506
396 547 355 376 519 359 361 489 555 557 367 531 500 470 568 570 475 348 510
397 513 514 516 389 518 523 402 541 543 544 418 546 420 421 422 554 557 432 563 570 444 449 457 458 469 348 350 483 355 357 485 504 369 370 373 376 507 509 510
398 517 394 395 526 536 409 538 408 545 430 559 431 456 348 479 352 484 488 493 494 368 497 503 511
399 198 393 364 501 348 441 476
400 512 513 514 387 388 515 391 394 395 524 404 408 537 538 539 412 409 542 414 544 417 419 420 421 553 556 559 432 561 434 436 566 567 438 444 445 456 461 465 475 348 353 482 487 488 492 493 497 500 503 511
402 387 515 517 395 523 397 412 413 542 543 417 545 421 422 553 428 558 559 432 561 563 436 438 566 567 570 444 458 460 465 475 482 355 360 363 493 366 495 497 370 500 373 374 506 508
403 546 515 452 355 382 359 354 489 458 519 555 367 497 475 348 510
404 512 392 395 400 536 408 538 542 415 545 421 556 559 560 561 431 566 440 445 452 456 462 465 479 352 375 482 487 494 366 496 503 506 511
405 513 418 376 359 361 428 563 531 568 348
406 387 532 437
407 513 510 455 426 490 458 528 433 369 563 533 504 348 350 543
408 512 513 387 517 520 394 525 526 398 400 404 536 537 538 412 417 556 430 559 560 561 431 438 439 440 444 445 456 465 473 483 503 484 487 488 365 366 368 500 373 375 511
409 515 517 521 525 398 526 400 536 538 412 542 419 561 456 460 462 348 479 352 353 503 487 363 492 494 368 497 500 375
410 547 355 548 555 372 500 568 474 475 348 382
411 498 356 348
412 513 387 515 517 388 561 523 524 525 526 527 400 529 402 528 533 408 409 538 537 542 544 417 418 547 548 422 423 555 430 559 558 560 431 432 434 565 566 438 436 567 442 452 455 456 460 461 473 352 353 482 483 484 481 355 487 360 488 362 363 494 367 496 368 370 506 503 504 378 507
413 448 362 395 460 461 465 402 370 373 535 376 473 348 542 415
414 513 515 391 394 395 400 542 544 34 422 553 427 428 173 556 431 559 558 434 563 436 566 567 438 465 480 483 363 496 370 506 500 373 374 376 378
415 388 520 404 535 413 542 421 428 556 558 563 445 460 463 465 473 348 362 495 370
416 417 483 419 567 493 430 367 557 497 465 432 500 370 569 503 537 348
417 513 514 387 391 520 523 524 527 400 402 408 538 412 542 416 421 553 428 556 431 560 561 566 438 570 444 445 460 465 348 353 483 360 363 493 378 366 495 497 370 373 374 503 376 506 507 508 511
418 514 523 397 405 412 547 553 555 557 432 568 463 465 475 348 481 497 374 506
419 513 516 389 518 517 395 525 526 400 536 537 538 409 416 544 422 423 424 428 430 559 431 561 565 440 452 469 471 475 348 350 353 483 484 486 487 488 363 492 493 368 369 370 374 376 505 381
420 513 514 524 397 400 537 553 556 430 432 563 566 439 567 569 451 465 471 353 483 484 370 506 507
421 388 395 397 400 402 404 415 543 417 545 558 563 444 445 455 457 465 348 487 493 500 373 372
422 520 395 523 397 402 412 414 545 546 547 419 553 432 561 570 449 455 460 474 348 481 483 359 489 367 497 372 504
423 513 391 392 395 524 523 527 537 538 412 419 553 428 430 558 559 561 560 431 436 567 444 456 461 475 484 492 378 497 370 500 373 503 376 506
424 419 516 357 518 389 486 551 457 369 435 469 348 505 380 381
425 520 553 456 427 523 395 460 434 563 534 439 570 348 477 479
426 544 513 546 471 455 524 525 431 563 531 407 504 378 348 350
427 549 425 428 173 496 464 563 414
428 513 514 515 387 517 520 395 524 525 526 523 402 405 414 415 417 545 34 419 549 423 553 427 558 559 432 561 430 563 431 434 438 567 436 570 444 451 452 456 460 461 465 473 348 353 360 492 366 497 370 500 373 376 506 508 511
429 481 522 466 372 348
430 514 392 395 525 398 408 537 412 541 416 419 420 423 428 559 432 561 563 566 439 569 451 456 465 469 471 348 353 483 484 497 370 374 503
431 512 513 514 515 391 392 398 527 404 408 537 538 412 414 417 545 419 423 426 556 428 559 432 561 434 563 436 566 438 440 462 471 472 475 348 479 352 353 482 483 492 493 378 366 368 497 370 500 373 375 376 506 507 511
432 513 514 521 397 525 400 402 412 541 544 416 546 418 420 545 422 553 555 428 557 430 431 559 561 563 566 439 571 444 452 456 460 465 471 475 348 483 376 360 363 497 374 504 506 507 510
433 350 455 528 563 533 407 510
434 515 517 523 400 534 412 414 425 428 431 559 563 566 456 458 475 348 349 478 488 490 492 378 496 497 373 376 506
435 551 424 555 497 563 348
436 513 385 387 517 392 394 523 524 525 527 400 402 412 414 423 556 428 431 559 561 563 438 566 461 465 483 484 363 496 497 370 376 378 507 511
437 462 463 498 467 532 406 348 572
438 513 514 388 517 391 520 521 394 523 524 525 395 400 402 408 412 414 417 546 548 553 428 556 431 559 561 563 436 566 446 452 456 461 465 473 348 483 488 360 492 493 366 495 500 373 503 376 506 507 511
439 513 520 525 408 542 544 420 425 553 430 432 561 563 566 567 442 444 445 451 456 461 465 473 475 348 477 487 370 500 373 374 376 507
440 449 419 484 456 525 493 431 404 408 538 508
441 198 364 399 564 501 476 348
442 544 523 460 369 531 563 439 376 412 475 348
443 453
444 513 387 388 517 523 397 400 402 531 408 538 544 545 417 421 423 428 556 559 432 439 570 445 473 475 348 483 487 360 488 495 372 500 374 503 506
445 388 520 400 404 535 408 415 417 421 556 439 444 460 465 348 362 493 495 500
446 353 482 515 548 517 391 490 491 492 366 373 438 539 475 348
447 348
448 460 413 348
449 480 422 440 397 563 504 507 348 543
450 481 547 548 390 489 361 557 463 531 500 373 475 474 539 348
451 514 420 553 428 556 430 561 563 439 567 569 465 471 348 493 370 374 503 506
452 513 382 388 395 531 404 403 412 546 547 419 553 428 557 559 432 438 566 460 465 475 348 354 359 367 506 370 500 378 507 510
453 498 468 348 443
454 348 564
455 522 528 529 531 407 539 412 541 543 546 421 422 553 426 561 433 568 569 466 348 350 355 359 367 497 369 500 504 510
456 512 513 517 391 392 520 523 524 525 398 527 400 395 404 408 409 538 412 545 423 425 553 428 430 559 432 561 434 438 567 439 440 460 465 375 352 484 495 368 497 370 373 374 503 376 378 511
457 509 357 389 421 424 554 459 397 369 563 380 505 348 477
458 514 391 397 402 403 407 553 555 434 469 470 348 482 489 490 496 497 370 376
459 516 389 486 457 563 348
460 517 391 521 523 524 395 402 409 412 413 543 415 417 545 547 422 553 425 428 558 559 432 563 566 567 442 570 445 448 452 456 461 465 473 475 348 479 353 482 355 360 362 492 370 371 372 373 374 376 506 507 508
461 385 513 387 517 520 395 524 525 400 412 413 542 544 548 423 553 428 559 561 436 438 439 567 460 463 471 475 348 483 360 363 492 378 497 370 373 374 376 506 507
462 352 487 493 494 431 368 404 437 532 536 409 538 348
463 388 517 519 395 524 535 542 415 418 555 560 437 450 461 475 481 354 483 355 376 361 362 363 500 373 374 504 507
464 427 173
465 513 387 515 388 391 392 395 524 526 400 402 404 408 537 538 413 542 414 416 417 544 415 420 421 418 428 556 558 559 432 561 430 436 438 566 439 569 445 451 452 456 460 471 475 348 483 484 487 493 495 370 506 373 374 503 376 378 507
466 455 522 429 529 504 539 348
467 348 532 572 437
468 348 453
469 419 516 389 486 551 424 357 458 518 397 430 369 370 563 497 348 540
470 354 547 359 361 458 555 396 562 531 507 382
471 513 514 515 395 524 537 419 420 553 426 430 431 432 561 563 566 569 451 461 465 348 353 370 373 376 378
472 356 348 533 431
473 515 392 525 527 535 408 539 412 413 542 415 428 560 561 438 439 444 460 348 479 362 495 373 376
474 481 354 355 547 450 546 422 359 489 557 367 531 500 410 475 348
475 388 517 390 391 392 521 394 523 396 524 519 527 400 402 403 410 542 544 545 418 547 548 419 546 423 553 557 559 432 431 434 563 565 567 439 442 444 446 450 452 460 461 463 465 474 348 481 482 483 484 359 488 361 490 363 491 492 366 496 497 506 500 502 376 378
476 198 364 399 501 441 348
477 516 485 518 457 554 425 369 563 439 348
478 496 434 534 348 508 349
479 513 515 517 520 394 395 398 527 404 536 409 538 542 545 425 559 431 561 460 473 483 503 484 492 493 368 375 511
480 449 348 540 414
481 519 522 531 539 412 418 547 422 555 429 450 463 474 475 348 354 355 376 359 489 504
482 515 517 391 392 525 400 402 404 412 548 553 431 565 446 458 460 475 483 484 363 366 378 496 497 374 376 506 507
483 385 514 515 520 392 524 397 526 527 535 408 537 538 412 542 414 416 544 417 419 420 422 553 557 430 431 560 432 563 436 566 567 438 444 461 463 465 475 348 479 482 484 487 363 493 366 367 496 494 370 500 373 374 503 376 378 507
484 513 514 391 520 525 526 398 536 408 538 537 412 544 419 420 423 430 559 560 436 566 567 440 456 465 475 348 350 375 352 353 482 483 479 363 493 366 494 497 506 500 503 378 511
485 518 397 563 348 477
486 509 419 389 357 551 424 554 459 369 469 505 380 381
487 513 388 391 392 400 404 408 409 538 412 419 421 556 559 439 444 462 465 348 353 483 363 492 500 503 378
488 512 513 517 391 394 395 524 398 527 400 408 412 419 553 556 559 434 438 444 475 348 496 497 374 378 511
489 519 396 403 531 535 546 547 422 555 557 450 458 474 481 354 355 361 367 376
490 391 458 523 367 434 407 376 475 348 446
491 359 391 367 373 502 376 475 348 446
492 513 514 515 388 517 391 392 524 400 409 537 538 542 544 419 423 553 428 431 559 561 560 434 438 566 567 446 460 461 475 348 479 352 353 487 366 495 497 370 500 373 374 503 506
493 512 388 517 391 392 525 526 398 400 402 537 538 539 416 417 419 421 557 559 431 561 560 566 438 440 445 451 462 465 348 479 375 353 352 483 484 494 366 368 497 500 503
494 352 483 484 517 493 398 526 462 537 368 561 348 404 503 536 409 538 412
495 514 520 395 402 542 415 544 417 558 438 570 444 445 456 465 473 348 360 362 492 378 507
496 513 388 517 523 404 412 414 427 434 436 565 566 458 475 348 478 353 482 483 488 366 378 497 373 374 376 506 507 508
497 513 515 388 389 517 392 395 524 525 526 398 527 400 402 403 523 409 537 538 542 416 544 546 417 418 422 423 555 428 557 430 431 432 560 434 561 436 565 566 567 435 570 455 456 458 461 469 475 348 350 353 482 484 360 488 492 493 366 378 368 496 370 500 373 374 503 376 506 507 510
498 453 532 437 411 348
499 532
500 513 514 388 519 520 521 392 391 396 525 524 527 400 402 531 408 409 538 537 410 414 542 416 546 547 548 421 423 553 555 428 557 556 431 560 563 565 566 439 438 444 445 450 452 455 463 474 475 348 354 483 484 355 487 361 363 492 493 368 497 506 374 503 378 507 382
501 198 364 399 348 441 476
502 548 391 491 367 373 376 539 475 348
503 514 387 388 517 391 392 394 524 525 398 527 400 526 404 408 537 538 409 412 539 542 416 417 423 553 556 557 430 559 560 561 438 567 444 451 456 465 348 479 352 483 484 487 492 493 494 368 497 500 375 511
504 513 514 521 522 397 529 407 539 412 541 544 546 547 548 422 553 426 555 432 562 563 570 571 449 455 463 466 350 481 367 374 510
505 419 357 486 389 424 457 348 380
506 513 514 387 517 391 520 519 523 395 524 525 527 402 404 537 412 414 544 417 545 418 420 423 553 428 557 431 432 561 434 559 563 438 444 451 452 460 461 465 475 348 482 484 360 363 492 496 497 500 374 376 378 507 508
507 385 514 513 388 517 520 523 524 525 526 397 412 545 417 420 553 556 557 559 432 431 561 563 436 565 438 439 566 570 449 452 460 461 463 465 470 348 482 483 354 360 363 495 496 497 370 500 373 374 376 506
508 544 417 478 428 460 496 402 440 506 349 541 542
509 516 357 389 486 518 457 554 397 369 348 380 381
510 513 354 355 452 455 360 521 555 396 397 528 432 433 403 497 533 407 504
511 517 394 525 398 400 404 536 408 538 545 417 428 556 431 561 436 566 438 456 479 484 488 503
512 545 513 391 456 536 394 488 556 493 525 431 560 561 400 404 408 538 348
513 512 514 387 388 515 517 391 520 394 395 524 525 397 527 400 405 407 408 412 542 414 544 417 419 420 423 553 426 428 557 559 431 561 432 563 436 566 439 438 444 452 456 461 465 471 348 479 353 484 376 487 360 488 492 365 366 496 497 500 374 504 506 507 510
514 513 517 391 392 395 524 397 525 400 538 544 417 418 420 548 428 430 559 432 561 431 438 566 569 570 451 458 471 353 483 484 376 360 363 492 366 495 370 500 503 504 506 507
515 513 517 391 392 394 395 525 527 400 402 403 409 412 414 545 548 555 428 557 559 431 434 566 446 465 471 473 348 479 353 482 483 355 363 492 366 497 370 373 376 378
516 477 509 419 357 518 389 424 551 554 459 397 369 469 380 381
517 513 514 387 515 391 520 394 395 524 525 398 526 527 402 408 537 538 409 412 536 544 545 419 553 556 428 559 561 434 436 566 438 444 446 456 460 461 463 475 348 479 352 353 482 488 363 492 493 494 496 368 497 506 374 503 378 507 511
518 477 419 516 357 485 551 424 389 554 397 369 469 348 380 509
519 481 354 355 548 489 555 396 557 463 367 403 500 531 376 506 475 348
520 513 387 517 394 395 524 523 527 408 542 415 544 417 422 425 428 561 563 438 567 439 445 456 461 348 479 353 483 484 365 366 495 370 500 373 376 506 507
521 544 363 460 432 368 500 438 374 504 409 475 348 510
522 481 455 568 429 529 466 504 348
523 387 388 520 524 397 402 412 544 545 418 417 422 423 553 425 428 561 434 563 436 438 570 442 444 456 460 475 348 360 490 496 497 370 374 376 506 507
524 385 514 513 387 517 520 523 395 525 527 400 412 417 420 423 553 426 428 559 561 436 565 566 438 567 456 460 461 463 465 471 475 348 353 483 488 360 492 366 378 497 370 500 373 374 503 376 506 507
525 512 513 514 515 387 517 391 392 395 524 526 527 536 409 537 408 412 542 544 545 419 426 428 430 559 432 561 563 436 438 439 567 566 440 456 461 473 348 375 352 482 484 493 367 497 370 500 373 374 503 376 506 507 511
526 517 525 398 408 409 538 412 419 553 428 561 465 348 503 484 483 363 493 494 366 368 497 374 375 376 507
527 513 515 517 391 392 520 395 524 525 538 412 542 417 423 553 559 431 561 436 456 473 475 348 350 479 483 488 363 497 500 373 374 503 506
528 350 355 455 553 433 348 373 407 412 510
529 455 522 466 531 348 504 412
530 361 348 359
531 519 396 529 405 539 543 546 547 426 555 557 563 568 442 444 450 452 455 470 474 348 481 354 489 361 372 500 382
532 386 462 498 467 499 437 406 572
533 407 433 348 472 412 510
534 425 434 563 348 349 478
535 483 489 362 463 374 473 445 413 415
536 512 517 395 525 398 404 408 409 538 545 419 561 462 348 479 352 484 494 368 511
537 388 517 392 395 525 400 408 538 412 416 419 420 423 430 431 560 559 566 567 569 465 471 348 353 483 484 492 493 494 497 500 503 506
538 512 514 517 392 394 526 527 400 398 404 408 536 409 537 412 542 545 417 419 423 431 560 566 440 444 456 462 465 348 479 352 353 483 484 487 363 492 493 494 366 368 497 500 503 511
539 390 391 400 531 560 568 446 450 455 466 473 348 481 493 366 372 502 503 504
540 480 353 559 560 370 469 348
541 455 504 397 430 432 563 348 568 508
542 513 392 520 525 527 400 402 404 409 538 412 413 414 415 417 556 559 561 439 567 461 463 465 473 475 348 479 353 483 360 362 363 492 366 495 497 370 500 373 503 376 378 508
543 449 545 355 546 421 455 460 397 402 563 531 372 407 348 350
544 513 514 387 517 391 520 521 394 523 525 397 400 412 414 545 419 553 426 556 557 559 432 561 566 439 442 570 444 461 465 475 348 353 483 484 360 504 363 492 366 495 497 506 374 376 378 508
545 512 515 517 523 525 398 402 404 536 538 543 544 421 422 553 428 558 431 432 561 563 566 444 456 460 475 348 479 372 373 374 376 506 507 511
546 397 403 531 543 547 422 426 555 557 432 563 438 452 455 474 475 348 355 376 359 489 497 500 373 504
547 396 531 410 412 546 418 548 422 555 557 450 452 460 470 474 475 348 481 354 355 376 359 361 489 367 372 500 504 382
548 514 515 391 519 410 412 547 555 556 438 446 450 461 475 348 482 376 366 367 370 500 373 502 504
549 198 427 428 173 563 348
551 516 357 486 518 389 424 554 369 435 469 348 381
552 350
553 513 517 391 392 395 524 523 526 527 400 528 402 414 544 545 417 418 420 422 423 425 555 556 428 558 559 432 561 565 438 439 567 569 570 451 452 455 456 458 460 461 471 475 348 482 483 376 355 488 360 363 492 366 367 368 506 370 500 373 374 503 504 378 507
554 509 516 389 486 551 518 457 397 369 381 563 348 380 477
555 382 515 519 396 531 403 410 412 546 547 548 418 553 432 435 458 463 470 348 481 354 355 360 361 504 489 367 497 370 500 376 510
556 512 387 517 391 392 394 395 400 404 408 542 414 544 415 417 420 548 553 431 559 563 436 438 444 445 451 465 487 488 500 373 503 376 507 511
557 513 515 388 519 396 397 531 416 544 546 418 547 432 570 450 452 474 475 348 483 355 359 361 489 493 497 500 503 376 506 507
558 545 421 423 360 553 362 460 428 495 465 402 372 373 348 570 412 414 415
559 513 514 515 388 517 387 391 395 524 525 398 527 400 402 404 408 537 412 540 542 414 544 419 423 553 428 556 430 431 432 434 436 566 567 438 444 452 456 460 461 465 475 479 353 484 487 488 363 492 493 366 368 370 374 503 376 506 507
560 512 392 395 404 408 537 538 539 540 412 417 423 561 463 473 348 353 483 484 362 492 493 497 500 503
561 512 513 514 517 520 395 524 525 526 527 400 523 402 404 536 408 409 412 542 544 417 545 419 422 423 553 428 430 431 432 560 436 565 566 439 567 438 451 455 456 461 465 471 473 348 350 479 353 360 363 492 493 378 494 497 370 373 374 503 376 506 507 511
562 504 361 348 470
563 513 391 520 523 397 525 402 531 405 534 407 541 414 543 415 545 546 420 421 549 425 426 427 428 556 430 431 432 433 434 435 436 566 567 438 569 439 442 449 451 457 459 460 469 471 475 348 477 350 483 376 357 485 554 378 370 500 374 504 506 507
564 198 454 393 364 441 348 351
565 482 419 355 360 553 363 524 496 561 370 497 500 373 374 507 348 475 412
566 513 514 515 388 517 391 392 394 524 525 400 402 404 537 538 412 414 544 417 545 420 430 431 432 561 434 563 559 436 438 439 567 452 460 465 471 348 483 484 363 492 493 366 367 496 497 500 373 374 507 511
567 391 392 520 395 524 525 400 402 537 412 414 542 416 420 423 553 428 559 561 563 566 439 451 456 460 461 475 483 484 360 492 497 370 373 374 503 376
568 418 455 361 522 396 531 372 405 410 539 348 541
569 416 514 451 420 455 553 430 465 563 374 471 537 348
570 514 387 523 396 397 402 544 417 422 425 553 428 557 558 444 460 348 376 360 362 495 497 372 504 507
571 432 504 348
572 467 532 437 348
