686 687 688 689 690 692 694 695 696 697 698 699 700 701 702 703 704 705 706 707 709 710 711 712 714 715 717 718 720 721 722 724 725 726 727 729 730 731 732 733 734 735 736 737 738 739 741 743 744 745 746 747 748 749 751 753 754 755 756 758 759 760 762 765 766 768 770 771 772 773 775 776 778 779 782 783 784 785 786 787 788 790 792 793 795 797 798 799 801 802 804 805 807 808 809 811 814 815 816 817 818 819 820 821 822 824 826 827 828 830 831 832 834 835 836 837 838 840 841 842 843 844 845 846 848 849 850 851 852 853 855 856
687 774 777 779 783 805 807 686 688 817 819 820 823 697 828 830 703 838 718 856 728 739 747 759 765
688 770 771 772 774 777 780 805 686 687 821 823 696 695 828 830 834 840 845 847 849 723 724 853 726 727 734 740 747 751 752 754 766
689 771 839 712 714 686 702
690 773 713 686 784 820 853 694 731 831
691 833 771 822 782
692 686
693 705 837 713 823 726 695 824 697 828 734
694 772 774 781 784 798 800 805 810 812 686 690 821 695 696 697 827 828 829 830 703 705 706 710 711 842 847 719 722 853 726 727 731 737 738 745 752 754 756 760 766
695 781 784 794 810 686 815 688 693 694 824 697 696 700 829 701 834 706 711 840 842 844 718 847 719 724 853 726 734 738 745 751 754 760 766
696 773 774 778 780 784 795 686 688 694 695 824 697 823 828 829 830 834 840 713 842 845 719 853 738 739 745 747
697 769 772 777 780 781 800 686 687 815 818 819 820 693 694 695 696 824 698 827 828 701 830 823 705 834 835 708 840 713 842 844 719 849 721 726 727 856 731 745 747 748 753 754 765 766
698 772 774 776 798 803 810 811 686 823 697 825 703 840 713 719 729 745 747 753
699 833 686
700 745 686 815 784 695 794
701 834 774 713 842 781 845 686 754 724 726 695 760 697 794 830
702 839 714 686 689 725 822 732
703 779 781 787 792 793 686 687 815 819 820 694 823 824 698 827 828 831 705 835 709 838 718 728 856 730 741 747 748 754 758 759 765
704 770 777 686 848 799
705 770 772 773 778 780 781 784 787 799 800 803 805 807 808 809 810 686 814 819 820 693 694 823 824 697 827 828 829 830 703 831 834 706 836 835 713 843 715 845 718 847 720 719 722 724 853 726 728 737 738 741 747 748 754 755 758 761 763 764
706 705 805 773 713 810 686 719 815 784 853 694 695 731
707 736 833 742 712 714 746 686 767
708 769 774 781 797 800 811 814 819 823 824 697 828 840 713 719 849 724 856 730 747 753 755 760
709 835 739 805 838 840 777 843 686 848 754 819 823 824 828 703
710 803 805 686 847 853 694
711 738 745 842 810 686 847 752 784 724 853 694 695 795 828 829 766
712 768 707 742 714 782 686 816 689 789 767
713 772 773 774 777 778 780 781 782 784 787 794 800 805 810 813 814 815 816 817 690 818 819 693 823 824 697 698 696 827 701 830 829 833 705 706 708 834 840 844 845 719 847 721 850 851 722 853 726 724 848 731 734 736 738 742 745 746 747 748 752 760 762 766
714 707 771 839 712 686 689 789 822 725 732 702 767
715 705 834 805 745 842 781 686
716 770 741 718 849 820 795 763
717 852 686
718 770 781 793 797 803 805 809 814 686 687 815 823 695 827 828 703 705 834 716 720 730 745 747 748 758 762 764
719 772 773 774 781 784 787 794 800 805 810 814 817 819 694 823 696 697 695 827 828 829 824 698 705 706 834 708 840 713 842 845 847 849 722 724 853 727 728 731 733 734 745 747 752 756 759 760 762 764 766
720 832 705 803 739 774 808 745 809 686 718 787 730 764
721 736 713 686 848 697
722 768 737 705 738 713 745 686 719 820 694 829
723 745 766 688 830 849 727 824 826 828 734
724 773 777 778 784 786 795 805 686 814 688 821 695 824 823 827 701 829 705 834 708 711 713 842 719 848 853 726 734 736 738 742 745 752 754 760
725 839 714 686 818 732 702
726 778 780 812 686 815 688 820 693 694 695 824 697 821 828 701 830 705 713 844 845 724 853 731 745 751 752 754 760
727 770 784 800 805 686 688 694 824 697 828 830 842 845 846 719 848 849 847 723 853 766
728 773 774 780 781 783 787 792 797 803 805 807 809 687 817 820 823 824 828 703 705 835 838 719 856 730 737 739 741 747 754 759 764 765
729 804 686 753 856 698
730 708 747 686 718 720 849 787 728 763 764 797 703
731 773 774 781 784 805 810 686 815 690 694 697 827 828 830 706 834 713 719 847 853 726 745 752
732 802 771 806 714 686 818 788 725 822 791 702
733 839 782 686 719 786 795 829
734 770 778 784 785 803 686 688 693 695 829 713 842 719 847 849 723 724 853 766
735 800 769 686 819 856
736 833 707 742 713 746 686 782 721 850 818 788 724
737 705 837 805 773 745 843 686 815 722 820 694 728 828 830
738 774 784 794 805 686 694 695 696 826 829 705 711 713 842 722 724 745 751 752 760
739 740 709 805 807 747 780 696 728 686 687 754 787 819 720 757 824 828
740 770 739 841 748 688 817
741 800 705 770 836 807 747 716 781 686 820 823 728 827 828 703
742 736 768 707 712 713 724 789 759 829
743 833 686
744 848 686
745 773 774 781 784 790 794 795 799 805 810 813 686 814 815 817 820 694 695 696 697 698 827 700 828 829 830 711 713 842 715 845 718 719 720 722 723 724 853 726 731 737 738 747 751 752 755 758 760
746 736 707 713 686 782 816
747 769 773 774 780 783 792 797 800 803 804 805 807 810 686 815 687 688 823 696 697 698 830 703 831 705 708 837 838 840 713 718 719 848 728 730 739 741 745 748 752 753 758 764 765
748 705 770 740 713 747 718 686 817 697 787 831 758 793 764 797 830 703
749 757 686
750 770
751 738 745 842 686 784 688 726 695 795 830
752 784 805 810 815 688 820 694 824 827 828 829 830 831 834 711 713 719 847 724 853 726 731 738 745 747 759 766
753 769 708 747 686 819 729 823 856 697 698
754 773 777 780 792 686 688 694 695 824 697 828 701 703 705 835 709 838 840 724 726 728 739
755 705 836 708 808 745 845 814 783 686 849 787 758 793 827 797
756 805 686 719 847 694 826 827
757 739 749 775
758 705 745 747 748 781 686 718 814 849 817 787 755 793 827 703
759 742 686 687 719 752 728 766 703
760 781 784 794 800 805 686 694 695 824 823 827 828 829 701 830 834 708 713 719 724 726 738 745 766
761 705 805 842 848 827
762 805 713 810 842 781 814 686 719 718 827 799
763 705 770 803 836 804 716 849 820 730
764 779 783 787 793 797 807 809 817 824 827 705 843 718 719 720 728 730 747 748
765 835 807 843 780 779 686 728 687 792 747 823 856 697 703
766 771 780 784 800 805 810 686 815 688 694 823 695 697 824 827 828 826 830 834 711 713 847 719 849 723 853 727 734 752 759 760
767 768 707 839 712 714 822 796
768 833 742 839 712 686 816 722 786 789 822 767
769 800 708 774 811 747 753 856 697 828 735
770 772 777 797 799 803 686 688 824 828 704 705 716 845 718 849 727 734 740 741 748 750 763
771 802 806 714 686 688 689 818 691 850 789 791 732 766
772 800 705 770 805 713 781 686 814 688 719 845 694 697 698 827
773 774 780 781 810 686 815 690 820 821 823 696 827 828 705 706 834 713 842 719 847 724 853 728 731 737 745 747 754
774 769 773 784 805 807 810 811 687 688 819 820 694 696 824 698 828 701 708 840 713 843 719 720 853 728 731 738 745 747
775 757 686
776 698 686
777 704 770 709 713 779 687 688 754 724 824 697 829 830
778 705 834 713 844 686 830 819 724 726 696 734
779 835 838 807 840 777 828 780 686 687 824 792 764 765 703
780 773 779 792 803 805 815 688 823 824 696 697 828 830 705 834 835 838 840 713 845 726 728 739 747 754 765 766
781 772 773 784 787 794 800 805 809 810 814 815 817 694 823 824 697 695 827 828 829 830 703 701 705 834 708 713 842 715 718 719 849 728 731 741 745 758 760 762
782 736 833 804 712 713 746 733 813 686 786 691 829
783 809 747 686 687 817 755 787 820 728 793 827 764 797
784 774 781 794 686 690 694 695 696 824 827 700 828 705 834 706 711 713 842 719 724 853 854 727 731 734 738 745 751 752 760 766
785 686 734 846
786 768 833 829 813 782 686 724 733
787 781 783 793 797 803 808 809 686 817 823 827 703 705 836 713 719 720 849 728 730 739 748 755 758 764
788 736 732 686 806
789 768 833 771 742 806 839 712 714 818
790 832 745 686
791 771 796 806 818 822 732
792 779 780 803 805 807 686 815 819 823 828 703 835 837 838 850 728 747 754 765
793 836 808 809 748 686 718 783 817 849 755 787 850 758 764 797 703
794 738 713 745 842 781 719 784 695 760 795 700 701
795 711 733 745 716 813 686 751 820 853 724 696 794 829
796 818 822 791 829 767
797 770 783 787 793 808 809 686 817 827 828 831 708 718 849 728 730 747 748 755 764
798 686 852 694 855 698
799 704 705 770 835 745 813 845 814 686 762
800 769 772 781 805 810 694 823 697 828 830 705 834 708 713 845 719 851 853 727 856 735 741 747 760 766
801 686
802 771 806 686 818 732
803 832 705 770 837 710 840 747 780 718 720 792 787 728 698 763 734
804 747 686 782 729 763
805 772 774 780 781 792 800 807 810 686 687 814 817 818 819 688 815 694 823 824 828 829 831 705 706 834 709 710 837 840 713 842 715 844 843 718 719 847 724 853 727 728 731 737 738 739 745 747 752 756 760 761 762 766
806 833 802 771 850 818 788 789 822 791 732
807 705 739 741 774 838 828 805 747 843 779 686 687 728 792 819 856 764 765
808 705 809 686 720 755 787 793 797
809 705 808 781 718 783 686 720 787 728 793 764 797
810 773 774 781 800 805 815 694 823 695 698 827 828 705 834 706 711 713 842 847 719 856 731 745 747 752 762 766
811 769 708 774 686 856 698
812 824 726 837 694
813 833 713 745 782 786 795 799
814 772 781 799 805 686 827 828 829 705 834 708 713 842 718 719 724 853 745 755 758 762
815 773 780 781 792 805 810 686 819 823 695 697 828 700 830 703 706 834 837 838 713 718 847 853 726 731 737 745 747 752 766
816 768 833 712 713 746 686 850
817 781 783 787 793 797 805 686 687 819 827 828 830 713 719 850 728 740 745 748 758 764
818 736 802 771 732 805 806 713 791 686 725 822 789 697 796
819 774 778 792 805 807 686 815 687 817 697 827 828 830 703 705 834 835 708 709 838 840 713 719 735 739 753
820 773 774 783 795 686 687 690 823 824 697 830 703 831 705 834 716 845 848 849 722 853 726 728 737 741 745 752 763
821 836 773 686 688 724 694 726
822 768 732 806 839 714 686 818 691 850 791 796 829 702 767
823 773 780 781 787 792 800 805 810 687 688 815 820 693 824 697 698 696 828 830 703 705 834 835 708 709 838 840 713 843 718 719 848 724 853 856 728 741 747 753 760 765 766
824 770 774 777 779 780 781 784 805 812 686 820 693 695 823 697 826 696 828 829 830 703 705 835 708 709 838 713 843 844 847 848 849 719 723 724 853 726 727 728 739 752 754 760 764 766
825 856 698
826 738 842 686 766 723 756 824 830
827 772 773 781 783 784 787 797 810 814 686 817 819 694 697 830 703 705 834 713 842 718 719 849 724 853 731 741 745 752 755 756 758 760 761 762 764 766
828 769 770 773 774 779 780 781 784 792 797 800 805 807 810 814 815 688 687 817 819 686 693 694 823 696 697 824 829 830 703 705 834 835 708 709 838 711 840 837 842 844 845 718 719 847 849 848 851 723 846 726 727 856 728 731 737 739 741 745 752 754 760 766
829 777 781 782 786 795 796 805 814 822 695 696 824 694 828 705 834 711 713 719 847 722 724 853 733 734 738 742 745 752 760
830 777 778 780 781 800 686 687 815 817 688 819 820 694 823 824 697 826 827 828 701 696 705 840 713 844 845 846 847 849 723 853 726 727 856 731 737 745 747 748 751 752 760 766
831 705 805 747 748 686 752 690 820 797 703
832 720 803 686 790
833 768 736 707 806 743 713 813 782 816 786 691 789 699
834 773 778 780 781 784 800 805 810 814 815 688 686 819 820 823 695 697 696 827 828 701 829 705 713 842 715 844 718 847 719 724 731 752 760 766
835 705 709 837 838 779 780 686 728 703 824 754 819 823 792 697 828 765 799
836 705 741 686 755 787 821 853 793 763
837 737 835 803 805 840 747 812 686 815 693 792 828
838 779 780 792 807 686 815 687 819 823 824 828 703 835 709 840 728 856 747 754
839 768 714 689 725 789 822 733 702 767
840 774 779 780 803 805 686 688 819 695 696 697 823 698 828 830 708 837 838 709 713 719 848 856 747 754
841 740 686
842 773 781 784 794 805 810 686 814 694 695 696 697 826 827 828 701 834 711 715 719 724 853 727 734 738 745 751 761 762
843 737 705 709 774 805 807 686 823 824 764 765
844 834 805 713 778 686 848 726 695 824 697 828 830
845 770 772 780 799 800 686 688 820 696 828 701 830 705 713 719 849 726 727 745 755
846 686 785 727 828 830
847 773 805 810 815 688 694 695 824 828 829 830 705 834 710 711 713 719 727 731 734 752 756 766
848 704 709 840 713 744 747 844 823 686 721 820 724 727 824 761 828
849 770 781 787 793 797 686 688 820 824 697 827 828 830 708 716 845 719 723 727 730 734 755 758 763 766
850 736 771 806 713 686 816 817 822 792 793
851 800 713 828 686
852 686 717 798
853 773 774 784 795 800 805 686 815 688 814 690 820 694 823 824 696 695 827 829 830 705 706 836 710 711 713 842 719 724 726 727 731 734 745 752 766
854 784
855 686 798
856 769 800 807 810 811 686 687 823 825 697 828 830 703 708 838 840 728 729 735 753 765
