34 428 173
107 641 363 629 566 376 601 475 348
173 34 649 427 348 414
348 514 515 394 395 524 400 412 542 414 544 422 553 427 428 173 556 431 558 559 434 561 566 438 461 465 480 483 107 363 492 378 500 373 376 506
363 514 515 651 524 656 412 669 542 414 544 559 561 436 566 461 591 475 348 606 483 107 492 370 506 500 373 374 376 378 637
370 514 515 645 646 395 524 666 412 669 542 414 553 683 428 431 559 561 563 438 567 566 461 465 475 363 492 373 376
373 641 514 515 391 395 524 651 400 412 669 414 542 544 680 553 683 428 556 558 431 559 561 434 436 566 567 438 580 587 461 590 465 475 604 348 483 614 363 496 370 506 634 374 376 378 637
374 514 391 524 412 669 544 553 683 556 431 561 563 438 566 567 461 465 475 614 363 492 496 500 373 506
376 513 514 515 645 646 391 394 524 400 412 669 542 414 544 673 676 423 553 683 556 431 559 561 563 436 566 567 580 461 591 465 475 604 348 606 610 483 614 107 363 492 378 496 370 500 373 634 506 637
378 641 514 515 391 394 651 400 414 542 544 676 423 553 428 559 563 436 566 580 461 591 465 475 604 348 483 614 363 492 496 500 373 376 506 637
391 513 514 515 394 524 400 412 414 544 423 553 428 556 559 431 563 566 567 580 591 465 475 483 614 492 378 373 374 376 506 637
394 544 515 614 391 492 620 556 559 400 436 438 566 376 601 378 348 542
395 513 515 645 524 400 412 669 542 414 544 422 423 678 553 683 428 431 559 561 436 438 567 574 461 591 465 601 348 604 483 614 620 370 373 506 637
400 513 514 641 515 391 394 395 524 412 414 542 544 553 683 428 556 431 559 434 436 566 438 567 580 591 465 475 348 606 614 492 378 500 373 376 506 637
412 513 515 645 391 395 524 400 669 414 542 544 676 422 423 428 558 559 431 561 436 438 567 580 461 591 593 348 604 609 483 363 492 496 370 500 373 374 376 506
414 513 514 515 542 544 553 558 559 561 563 566 567 573 574 575 576 578 579 583 584 588 589 590 591 592 594 596 597 602 603 604 605 607 609 611 612 614 615 616 617 619 620 621 622 626 627 628 629 631 632 633 635 636 637 638 639 640 641 644 649 654 655 657 660 662 663 664 665 667 668 669 670 672 675 676 677 678 679 680 681 682 683 684 173 685 348 363 370 373 376 378 391 395 400 412 422 423 427 428 434 436 438 461 483 492 496 500 506
422 395 653 654 655 663 412 414 682 685 438 579 592 593 601 348 604 483 614 617 618 620 630 631 636
423 513 645 646 391 651 395 412 669 414 683 428 556 558 559 431 561 436 567 586 587 591 475 604 606 614 492 378 500 634 376 506 637
427 428 173 496 348 414
428 641 514 515 513 391 395 524 651 400 667 412 414 544 34 676 423 553 683 427 558 431 559 561 434 563 438 461 591 594 601 475 348 604 606 614 492 370 500 373 378
431 513 514 515 391 395 651 400 412 669 423 683 428 556 559 434 563 436 438 566 465 475 348 483 614 492 370 500 373 374 376
434 515 580 428 492 591 431 400 563 436 373 566 506 475 348 414 604
436 513 646 394 395 652 524 651 400 412 669 414 542 673 423 553 683 556 431 559 561 434 563 566 438 461 591 465 475 604 606 483 363 492 496 373 376 378 635
438 513 645 394 395 524 651 400 412 669 414 676 422 553 683 428 559 431 561 563 436 566 461 591 465 596 604 348 483 614 496 370 500 373 374 634
461 395 653 412 669 414 544 553 683 428 561 436 438 590 591 465 475 348 606 483 363 492 506 370 373 374 376 378
465 513 515 391 395 524 400 669 542 544 683 556 558 431 559 561 436 438 566 567 461 591 601 475 348 483 370 500 373 374 376 378
475 513 514 515 391 651 524 400 542 544 676 423 553 428 556 431 561 434 563 436 567 580 461 591 465 604 606 483 363 492 107 506 370 500 373 374 376 378
480 593 563 348
483 513 514 641 391 395 524 412 669 414 671 422 553 431 559 561 436 438 567 580 461 591 465 596 601 475 348 604 606 614 363 492 378 496 373 376 506 637 639
492 513 514 515 641 391 394 651 400 412 669 542 414 676 423 553 428 559 431 561 434 436 566 567 461 591 475 604 348 606 483 614 363 378 370 374 376 506 637
496 641 515 483 580 553 427 378 591 436 373 438 374 376 506 412 637 414
500 513 514 651 400 412 414 542 423 683 428 431 563 438 566 465 601 475 348 614 363 374 376 378 637
506 513 514 645 391 395 524 400 412 414 423 559 561 434 563 461 591 475 348 606 610 483 363 492 496 373 374 376 378
513 514 515 391 395 651 400 412 414 542 544 423 553 683 428 559 431 561 563 436 566 567 438 580 591 465 601 475 604 606 610 483 614 492 500 376 506 637
514 513 391 524 400 414 544 683 428 431 559 561 566 475 348 483 363 492 378 370 500 373 374 376 506
515 641 513 391 394 395 524 654 400 412 414 553 428 559 431 434 566 580 465 475 348 614 363 620 492 496 370 373 376 378 637
524 514 515 391 395 651 400 412 544 428 559 561 436 438 567 566 591 465 475 348 606 483 614 363 370 373 374 376 506 637
542 513 394 395 400 412 414 683 559 561 436 567 580 465 475 348 606 363 492 370 500 373 376 378
544 513 514 645 391 394 395 524 400 412 669 414 553 683 428 559 563 566 580 461 465 475 604 348 363 373 374 376 378
553 513 515 644 391 395 400 666 669 414 544 556 428 558 559 561 436 566 438 567 461 591 475 348 609 483 614 620 492 378 496 370 373 374 376 634
556 673 676 614 391 423 553 394 652 431 400 465 436 373 374 376 475 348
558 423 553 428 465 373 412 348 414
559 513 514 515 391 394 651 524 395 400 412 669 414 542 544 676 423 553 683 428 431 561 436 566 567 438 580 591 465 604 348 606 483 614 363 492 370 506 373 376 378 637
561 513 514 395 524 412 542 414 423 553 428 559 436 566 567 438 580 461 591 465 475 604 348 606 483 363 492 370 373 374 376 506
563 513 645 391 414 544 428 431 434 436 438 567 566 594 475 480 370 506 500 634 374 376 378
566 513 514 515 391 394 651 524 400 414 544 553 559 431 561 434 563 436 438 567 580 593 465 348 363 492 107 370 500 373 374 376 378
567 513 645 646 391 395 524 651 400 412 414 542 423 553 683 559 561 563 566 580 590 591 465 475 604 610 483 492 370 373 374 376
573 644 653 654 664 414 672 680 685 575 579 588 589 592 597 598 603 605 609 611 617 618 622 630 633 636
574 678 584 395 621 630 414
575 612 680 617 685 592 630 664 573 414
576 640 578 675 643 583 615 681 650 658 627 659 661 600 414
577 640 578 675 582 583 615 681 650 632 658 659 595 662 599 600 635 670
578 640 643 650 658 662 665 414 675 681 576 577 582 583 595 599 615 627 632 635
579 644 653 654 663 666 414 422 680 684 685 573 588 589 590 592 597 598 605 609 611 612 617 620 621 625 626 630 633 636 639
580 513 641 515 391 400 656 412 542 544 559 561 434 566 567 591 601 475 606 483 496 373 376 378
582 640 577 578 643 583 658 627 595 661 659 599 600 662 635
583 640 643 647 658 659 661 662 665 414 670 576 577 578 582 595 600 627 628 635
584 414 678 616 618 682 592 596 660 630 631 637 574 639
586 645 646 423 587 634
587 645 423 586 651 373 634
588 579 644 678 617 682 618 619 685 592 633 573 414
589 609 579 611 677 617 620 592 596 597 603 636 573 414
590 579 612 644 461 591 623 373 567 633 414
591 513 645 646 391 651 524 395 400 412 669 414 423 553 683 428 559 561 434 436 438 567 580 461 590 465 475 606 483 363 492 378 496 634 376 506 637
592 644 654 655 664 666 414 672 677 422 678 680 682 684 685 573 575 579 584 588 589 597 598 603 605 609 611 612 616 617 619 620 621 622 623 625 630 633 636
593 480 412 422 566
594 563 667 428 414
595 640 577 578 675 643 582 615 583 681 650 658 659 627 661 600 635 670
596 483 677 678 584 616 618 663 620 589 655 438 630 604 414
597 609 579 644 677 680 618 619 684 589 653 623 592 625 654 633 636 573 414
598 609 579 605 677 680 619 684 653 654 592 630 636 573
599 640 577 578 643 582 615 647 650 632 658 659 628 661 600 665 635 670
600 640 643 650 658 659 661 662 665 670 675 681 576 577 582 583 595 599 615 627 628 632 635
601 513 609 483 644 580 422 394 107 428 395 465 500 630
602 414
603 611 612 677 644 573 680 619 684 589 654 623 592 625 605 414
604 513 645 651 395 412 669 414 671 544 422 423 428 559 561 434 436 438 567 596 475 606 483 492 373 376 378 637
605 609 579 644 677 680 617 619 653 654 592 626 630 598 603 573 414
606 513 641 645 524 400 669 542 423 428 559 561 436 580 461 591 475 604 483 363 492 376 506
607 414
609 644 664 666 412 414 680 553 573 579 589 592 597 598 601 605 612 617 619 620 626 630 636
610 376 513 506 567
611 579 677 680 684 653 589 654 592 625 664 603 636 573 414
612 609 579 678 680 617 619 654 590 592 630 664 603 414 575
614 513 515 645 391 394 395 524 400 669 414 676 422 423 553 683 428 556 559 431 438 483 492 500 373 374 376 378 637
615 640 643 647 658 661 662 665 414 675 681 576 577 578 595 599 600 627 628 632 635
616 678 584 663 684 621 622 623 592 625 657 660 596 630 631 414 639
617 644 648 666 414 677 422 680 685 573 575 579 588 589 592 605 609 612 619 620 625 626
618 678 679 680 584 682 619 684 685 422 588 596 597 630 631 633 666 636 573
619 644 653 654 414 677 678 685 588 592 597 598 603 605 609 612 617 618 625 630 636
620 515 644 394 395 653 654 666 414 672 678 422 553 579 589 592 596 609 617 630
621 414 579 616 592 663 574
622 678 616 623 592 625 663 573 414
623 616 684 622 590 592 625 597 603 636
625 611 644 579 677 616 617 619 684 653 622 623 592 597 633 603
626 609 579 644 677 680 617 654 630 605 414
627 640 643 650 658 659 661 662 670 414 675 576 578 582 583 595 600 615 632 635
628 643 647 615 681 583 661 662 599 600 665 414
629 641 107 630 637 414
630 641 653 655 663 664 666 672 422 678 682 685 573 574 575 579 584 592 596 598 601 605 609 612 616 618 619 620 626 629 631 636
631 678 422 616 584 618 630 414 639
632 640 577 578 643 675 615 647 650 670 658 627 659 661 662 599 600 665 414
633 579 644 680 618 588 653 590 592 625 597 666 636 573 414
634 645 646 423 647 553 586 651 587 591 563 373 438 376
635 640 643 650 658 659 661 662 670 414 681 436 577 578 582 583 595 599 600 615 627
636 644 653 666 414 677 422 678 680 685 573 579 589 592 597 598 609 611 618 619 623 630 633
637 513 641 515 391 395 524 400 414 423 679 559 584 591 604 483 614 363 492 496 500 629 373 376 378 639
638 414
639 483 579 678 584 616 682 631 637 414
640 643 647 650 414 670 675 681 576 577 578 582 583 595 599 600 615 627 632 635
641 515 580 483 606 107 428 492 496 400 373 630 629 378 637 414
643 640 650 658 659 661 662 665 670 675 576 578 582 583 595 599 600 615 627 628 632 635
644 654 414 680 553 573 579 588 590 592 597 601 603 605 609 617 619 620 625 626 633 636
645 646 395 651 412 669 671 544 423 683 563 438 567 586 587 591 604 606 614 370 506 376 634
646 645 423 586 651 591 370 436 567 376 634
647 640 583 615 681 650 658 659 628 599 632 665 634 670
648 617
649 173 414
650 576 640 578 577 643 647 681 600 658 627 595 661 662 599 632 665 635 670
651 513 645 646 524 423 683 428 559 431 436 566 567 438 587 591 475 604 363 492 500 373 634 378
652 436 556
653 654 664 666 677 422 678 680 573 579 461 597 598 605 611 619 620 625 630 633 636
654 515 644 653 666 414 672 677 422 680 683 684 685 573 579 592 597 598 603 605 611 612 619 620 626
655 422 592 657 596 630 414
656 363 580
657 616 682 414 655
658 643 647 650 659 661 662 665 670 681 576 577 578 582 583 595 599 600 615 627 632 635
659 643 647 658 661 662 665 670 675 681 576 577 582 583 595 599 600 627 632 635
660 616 584 414
661 643 650 658 659 662 665 670 675 681 576 582 583 595 599 600 615 627 628 632 635
662 643 650 658 659 661 665 414 670 675 681 577 578 582 583 600 615 627 628 632 635
663 579 422 616 621 622 596 630 414
664 609 611 612 685 653 592 630 666 573 414 575
665 578 643 675 647 615 583 650 600 658 659 628 661 662 599 632 414
666 609 579 680 553 618 617 620 653 654 592 370 630 664 633 636
667 594 428 414
668 414
669 645 395 412 414 671 544 423 553 431 559 436 438 461 591 465 604 606 483 614 363 492 370 373 374 376
670 640 577 675 643 647 583 650 600 658 595 659 661 662 599 632 627 635 414
671 483 604 645 669
672 678 620 654 592 630 573 414
673 376 436 556
675 576 577 640 414 643 578 615 681 632 659 595 661 662 627 600 665 670
676 614 492 556 428 559 438 376 378 475 412 414
677 611 680 617 619 684 589 653 654 592 625 626 596 597 598 603 636 605 414
678 395 653 414 672 679 682 685 574 584 588 592 596 612 616 618 619 620 622 630 631 636 639
679 678 682 618 637 414
680 644 653 654 666 414 677 685 573 575 579 592 597 598 603 605 609 611 612 617 618 626 373 633 636
681 576 577 640 675 578 647 615 650 658 595 628 661 662 659 600 635 414
682 678 422 584 679 618 588 592 657 630 414 639
683 513 514 645 395 651 654 400 542 414 544 423 428 431 559 436 438 567 461 591 465 614 370 500 373 374 376
684 611 579 677 616 618 654 623 592 625 597 598 603 414
685 579 678 422 680 617 618 619 588 654 592 630 664 636 573 414 575
