34 428 173
107 483 580 428 629 566 475 414
173 34 427 348 414
348 513 391 524 412 414 544 422 423 553 427 428 556 173 559 431 561 434 563 436 558 566 438 461 483 363 492 506 500 373 376 378
363 514 524 656 412 669 542 414 544 553 559 561 436 461 591 475 348 606 483 492 370 506 500 373 374 376 378 637
370 514 515 645 646 395 666 669 414 542 423 553 683 428 431 561 563 436 438 567 566 461 591 465 604 483 363 492 378 373 374 376 506
373 513 514 641 645 391 400 412 542 414 544 423 680 553 683 428 556 558 431 559 561 434 563 566 438 587 461 590 591 465 475 348 604 606 483 363 492 496 370 500 374 376 378 637
374 513 391 524 412 669 414 544 553 683 556 559 431 561 563 438 567 566 591 465 475 483 614 363 492 496 506 370 500 373 378
376 513 514 515 645 646 391 394 395 651 524 652 400 412 669 414 544 676 423 553 683 428 431 561 434 436 566 438 567 580 587 461 591 465 475 604 348 606 610 483 614 363 492 496 370 500 373 634 378 637
378 641 514 515 513 391 394 524 412 669 414 542 544 676 423 553 431 561 434 563 436 580 591 465 475 348 604 483 614 363 492 496 370 500 373 374 376 506
391 513 394 524 400 412 669 414 544 423 553 428 431 559 561 563 438 567 580 591 465 475 348 483 614 492 378 500 373 374 376 506 637
394 544 515 676 614 391 542 683 492 556 559 436 438 566 376 601 378 475 414
395 513 514 515 645 524 400 412 669 414 542 544 678 423 422 553 683 559 561 436 438 574 461 465 601 604 483 620 370 630 376 506 637
400 641 513 515 391 395 524 651 412 669 414 542 544 676 553 556 428 559 431 561 434 436 566 567 438 580 461 591 465 601 475 614 492 500 373 376 506
412 645 391 395 524 400 669 414 544 422 423 683 428 558 559 561 434 436 566 567 438 580 461 591 604 348 609 483 363 492 506 500 373 374 376 378
414 513 514 515 524 542 553 556 558 559 561 563 566 573 574 575 578 579 582 583 584 588 589 591 592 594 595 596 597 599 600 601 602 603 605 606 607 609 611 612 614 617 618 619 620 621 622 623 107 625 627 628 629 630 631 632 633 635 636 637 638 639 641 643 647 649 650 653 654 655 657 658 659 660 662 663 664 665 666 667 668 669 670 672 674 677 678 679 680 681 682 683 684 173 685 348 363 370 373 374 376 378 391 394 395 400 412 422 423 427 428 431 436 438 461 465 475 483 496 506
422 644 395 655 657 663 412 414 678 553 682 685 561 438 579 584 592 593 596 348 604 609 483 614 617 619 620 630 631 636
423 513 645 391 651 395 524 412 669 414 553 683 428 556 431 559 561 436 567 586 591 475 604 348 606 614 492 506 370 500 373 634 376 378 637
427 173 496 563 348 414
428 513 514 515 391 651 524 400 667 412 669 414 544 34 676 423 553 683 559 431 561 563 436 567 461 591 465 601 475 348 604 609 614 107 492 370 500 373 376 506
431 513 514 515 391 651 400 669 414 423 683 556 428 559 434 563 436 566 438 465 348 606 483 614 492 378 370 373 374 376 506
434 515 580 492 378 559 400 496 431 563 436 373 566 348 376 506 475 412
436 513 646 394 395 524 651 400 412 669 542 414 673 423 553 683 556 428 431 559 434 580 591 465 475 348 606 483 363 492 496 506 370 634 376 378 635 637
438 513 514 645 391 394 395 524 400 412 669 414 422 683 556 559 431 561 563 566 461 591 465 596 475 604 348 606 614 496 370 500 373 374 376 506
461 513 645 395 524 653 400 412 669 542 414 544 553 428 561 438 590 465 475 348 363 492 370 373 376 506
465 515 391 395 524 400 669 542 414 544 676 683 428 556 558 559 431 561 436 566 567 438 580 461 601 475 604 483 614 370 500 373 374 376 378
475 641 514 515 391 394 651 524 400 414 542 544 676 423 553 556 428 559 561 434 436 566 438 567 461 591 465 604 606 483 107 492 363 378 500 373 374 376 506
480 593 563
483 641 514 515 391 395 524 651 412 669 414 671 544 542 422 553 431 559 561 436 566 567 580 591 465 596 601 475 348 604 606 614 363 107 492 496 370 373 374 376 378 639
492 641 513 515 391 394 651 400 412 669 544 676 423 553 428 431 559 561 434 436 566 567 580 461 591 475 348 604 606 483 614 363 370 506 500 373 374 376 378
496 513 514 483 376 637 553 427 378 591 434 436 373 566 438 374 506 669 414
500 513 514 645 391 651 524 400 412 423 553 683 556 428 563 438 566 580 591 465 601 475 348 604 614 363 492 378 373 374 376 506 637
506 513 645 391 395 400 412 414 423 553 428 431 559 561 434 563 436 438 566 461 591 475 604 348 606 610 363 492 496 370 500 374 378
513 641 515 391 395 524 400 414 542 423 553 683 428 431 559 563 436 566 567 438 580 461 591 601 348 604 610 614 492 378 496 500 373 374 376 506 637
514 395 669 414 683 428 559 431 561 438 566 580 475 483 614 363 496 370 500 373 376 378
515 513 394 395 654 400 414 428 431 559 434 566 580 591 465 475 483 620 492 370 376 378 637
524 513 391 395 651 400 412 542 414 423 553 683 428 559 561 436 438 567 461 590 591 465 475 348 483 363 500 374 376 378 637
542 513 394 395 524 400 414 553 683 559 561 436 567 580 461 465 475 606 483 363 370 373 378
544 645 391 394 395 400 412 669 676 553 683 428 556 559 561 580 461 465 475 348 483 363 492 373 374 376 378
553 513 644 645 391 395 524 400 666 669 414 542 544 422 423 428 556 558 561 436 566 567 461 475 348 609 483 614 363 620 492 378 496 370 506 500 373 374 376 634
556 394 652 400 414 544 673 676 423 553 683 431 563 436 438 465 475 348 614 500 373 374
558 553 465 373 348 412 414 604
559 513 514 515 391 394 651 395 524 400 412 669 542 414 544 423 683 428 431 561 434 436 566 567 438 580 591 465 475 348 604 606 483 614 363 492 373 374 506 637
561 514 391 395 651 524 400 412 669 414 542 544 422 423 553 428 559 438 567 566 461 465 475 348 606 483 363 492 378 370 373 374 376 506
563 513 645 391 414 427 556 428 431 434 566 438 567 594 348 604 480 378 370 500 373 374 634 506
566 513 514 515 394 651 400 412 414 553 559 431 561 434 563 438 580 591 465 593 475 348 483 107 492 496 370 500 373 374 376 506 637
567 513 645 646 391 651 524 400 412 542 423 553 683 428 559 561 563 590 591 465 475 604 610 483 492 370 374 376
573 644 653 654 664 666 414 672 680 684 685 575 579 588 589 592 597 598 603 605 609 617 618 619 622 623 625 626 630 633 636
574 584 616 663 395 621 596 630 631 414
575 579 612 680 617 685 589 573 414
576 640 578 643 615 681 650 658 659 627 600
577 640 578 675 643 583 647 650 600 658 627 661 662 599 632 635 670
578 643 647 650 658 659 661 662 665 414 670 675 681 576 577 582 583 595 599 600 615 627 632 635
579 653 654 663 664 666 414 677 422 680 684 685 573 575 588 589 590 592 597 598 605 609 611 617 622 623 625 626 630 633 636 639
580 513 514 515 391 400 656 412 542 544 559 434 436 566 465 606 483 107 492 500 376 378 637
581 642
582 578 414 643 675 615 583 681 650 632 658 627 659 662 599 600 635 670
583 640 643 647 650 658 662 670 414 675 577 578 582 595 599 600 615 628 632 635
584 414 678 422 682 618 592 660 596 630 631 637 574
586 634 645 646 423
587 651 591 373 376 634
588 579 644 617 618 619 685 654 573 414
589 579 611 573 677 617 620 622 654 592 625 596 597 664 603 636 605 414 575
590 609 579 612 680 524 461 591 623 373 567 633
591 513 515 646 391 651 524 400 412 669 414 423 683 428 559 436 566 438 567 587 590 475 604 606 483 363 492 378 496 370 506 500 373 374 376 634
592 655 664 666 414 677 422 678 680 682 684 685 573 579 584 589 597 603 605 609 612 616 618 619 620 621 623 626 630 636
593 480 422 566
594 563 667 414
595 640 578 643 615 583 681 650 670 658 627 662 414
596 414 483 677 678 422 616 584 618 620 589 653 655 630 438 574 639
597 609 611 644 579 677 618 619 589 653 623 592 654 630 603 636 573 414
598 609 579 605 677 680 619 684 654 630 636 573
599 640 643 647 650 658 659 661 662 665 670 414 675 681 577 578 582 583 600 615 627 628 632 635
600 640 643 650 658 659 661 662 665 670 414 675 576 577 578 582 583 599 615 635
601 609 513 483 394 395 428 400 465 500 629 630 637 414
602 414
603 611 644 612 605 680 619 684 589 654 623 592 625 597 573 414
604 513 645 651 395 412 676 422 423 428 558 559 563 438 567 591 465 475 483 492 506 370 500 373 376 378 637
605 609 579 644 677 678 680 617 619 653 654 589 592 598 630 603 573 414
606 641 645 669 414 542 423 559 431 561 436 438 580 591 475 483 614 363 492 373 376 506
607 414
609 644 653 654 412 414 422 680 553 428 573 579 590 592 597 598 601 605 612 617 620 623 626 630
610 376 513 506 567
611 579 677 680 618 684 589 625 597 664 603 636 414
612 609 678 617 619 590 654 592 630 664 603 636 414 575
614 513 514 645 391 394 400 414 422 423 553 683 556 428 559 431 438 465 606 483 492 500 374 376 378 637
615 640 647 658 659 661 670 675 681 576 578 582 583 595 599 600 627 628 632 635
616 678 618 621 622 623 592 625 657 596 630 631 574 639
617 644 648 654 664 666 414 677 422 680 685 573 575 579 588 589 605 609 612 619 620 625 626 630
618 653 666 414 678 679 680 682 684 573 584 588 592 596 597 611 616 619 630 633
619 644 654 414 677 422 684 685 573 588 592 597 598 603 605 612 617 618 623 625 636
620 672 609 515 644 422 678 617 553 395 653 589 654 592 596 630 666 636 414
621 414 616 622 592 663 574
622 579 678 616 684 589 621 623 663 573 414 639
623 609 579 616 619 684 622 590 592 625 654 597 603 573 414
625 579 611 677 616 617 619 684 589 654 623 630 633 603 573 414
626 609 579 644 677 680 617 592 657 630 573
627 640 643 647 650 661 662 670 414 675 681 576 577 578 582 595 599 615 632 635
628 643 647 615 583 662 599 632 665 414
629 641 107 630 601 637 414
630 641 644 395 653 655 657 664 666 414 672 422 678 684 685 573 574 579 584 592 596 597 598 601 605 609 612 616 617 618 620 625 626 629 631
631 414 422 679 584 616 678 682 630 574 639
632 640 643 647 650 658 662 665 414 670 675 577 578 582 583 599 615 627 628 635
633 579 644 680 618 653 590 625 666 636 573 414
634 646 647 423 553 586 587 651 591 563 436 376
635 650 658 659 661 662 670 414 675 681 436 577 578 582 583 599 600 615 627 632
636 644 653 666 414 677 422 680 685 573 579 589 592 597 598 611 612 619 620 633
637 641 513 515 645 391 395 524 414 423 679 559 436 566 580 584 601 604 614 363 496 500 373 629 376
638 414
639 483 579 678 616 682 622 596 631 414
640 576 577 643 675 647 615 681 583 632 658 595 627 661 659 599 600 670
641 513 483 414 651 492 400 629 630 373 378 475 637 606
642 581
643 640 650 658 659 661 662 665 414 675 681 576 577 578 582 583 595 599 600 627 628 632
644 609 573 422 680 617 553 619 620 588 654 626 597 630 633 666 603 636 605
645 395 651 412 669 671 544 423 553 683 563 438 567 586 461 604 606 614 370 500 373 376 506 637
646 586 651 591 370 436 567 376 634
647 640 577 578 583 615 681 650 670 627 628 659 662 599 632 634 414
648 617
649 414
650 643 647 658 659 661 665 414 681 576 577 578 582 583 595 599 600 627 632 635
651 641 645 646 524 400 423 683 428 559 431 561 436 566 567 587 591 475 604 483 492 500 376 634
652 376 556
653 654 664 666 414 672 677 678 680 573 579 461 596 597 605 609 618 620 630 633 636
654 515 644 653 666 414 672 677 678 680 683 684 685 573 579 588 589 597 598 603 605 609 612 617 619 620 623 625
655 422 592 657 596 630 414
656 363 580
657 422 616 682 655 626 630 414
658 640 643 650 659 662 665 414 675 576 577 578 582 583 595 599 600 615 632 635
659 576 640 578 643 414 675 582 615 647 681 650 658 661 662 599 600 635 670
660 584 414
661 640 577 578 643 615 650 627 659 662 599 600 635 670
662 643 647 658 659 661 665 670 414 675 681 577 578 582 583 595 599 600 627 628 632 635
663 579 422 574 621 622 414
664 579 612 611 617 589 653 685 592 630 666 573 414
665 578 643 675 650 632 658 628 662 599 600 414
666 579 644 680 553 618 617 620 653 654 592 370 630 664 633 636 573 414
667 594 428 414
668 414
669 514 645 391 395 400 412 414 671 544 423 553 428 559 431 561 436 438 461 591 465 606 483 363 492 496 370 374 376 378
670 640 647 659 661 662 414 675 681 577 578 582 583 595 599 600 615 627 632 635
671 483 669 645
672 678 620 653 654 630 573 414
673 436 556
674 414
675 640 577 578 643 582 615 583 681 632 658 659 627 662 599 600 665 635 670
676 544 394 492 556 428 400 465 376 378 475 604
677 653 654 414 680 682 684 579 589 592 596 597 598 605 611 617 619 625 626 636
678 395 653 654 414 672 422 679 685 584 592 596 605 612 616 618 620 622 630 631 639
679 678 682 618 631 637 414
680 644 653 654 666 414 677 685 573 575 579 590 592 598 603 605 609 611 617 618 626 373 633 636
681 640 576 578 414 643 675 582 647 615 650 595 659 627 662 599 635 670
682 677 422 679 584 618 592 657 631 414 639
683 513 514 645 394 395 524 651 654 412 414 542 544 423 556 428 559 431 436 438 567 591 465 614 370 500 373 374 376
684 579 611 677 618 619 622 623 592 625 654 598 630 603 573 414
685 579 678 422 680 617 619 588 654 592 630 664 636 573 414 575
