594 4011 3980 3989 4031
3980 3981 3983 3984 3985 3986 3987 3988 3990 3991 3992 3993 3994 3995 3996 3997 3999 4000 4001 4002 4005 4006 4007 4009 4010 4011 4012 4013 4015 4017 4018 4019 4020 4021 4023 4024 4025 4028 4029 4030 4032 4034 4037 4038 594
3981 4009 3980 4018 4019 3994 3997 3998
3982 4003 4037 4014 3986 3998 3988 4021 4023 4026 3997 4030 3994
3983 4017 3980
3984 3980
3985 4004 3980 4014 3988 3993
3986 4000 4033 3980 4014 3982 4017 4021 4026 4030
3987 4012 3980
3988 3980 3982 3985 4021 3993 3995 4030
3989 4038 4011 4013 594 3991
3990 4025 3980 4007
3991 3980 3989 4031
3992 4000 3980
3993 3980 3985 3988 3995 4030
3994 4009 3980 3981 3982 4019 4023 3997 3998
3995 4000 3980 4014 3988 4023 3993 4026
3996 4002 4028 3980
3997 3980 3981 3982 4018 4019 4021 4023 3994 4030
3998 4002 4005 4009 3981 4014 3982 4019 4021 4023 3994 3999
3999 3980 4036 4005 3998
4000 4033 3980 4017 3986 4021 3992 4026 3995 4030
4001 3980 4029
4002 3980 4020 4023 3996 3998
4003 4009 3982 4030 4023
4004 4038 4013 3985 4020 4031
4005 3980 3998 3999
4006 4027 3980
4007 4016 4025 3980 3990
4009 4003 3980 3981 4019 4030 3994 3998
4010 3980
4011 594 3980 3989 4031
4012 3987 3980
4013 4004 4038 3980 3989 4023 4031
4014 4037 4038 3982 3985 3986 4030 4021 4023 3995 3998
4015 3980
4016 4007
4017 4000 3980 3983 3986 4021 4026 4030
4018 3980 3981 4023 3997 4030
4019 4009 3980 3981 4030 4026 3997 3998 3994
4020 4002 4004 3980 4030 4031
4021 4000 3980 3982 4014 4017 3986 3998 3988 4026 3997 4030
4023 4002 4003 4034 4038 3980 4013 4014 3982 4018 3994 3995 3997 3998 4031
4024 3980
4025 3980 3990 4007
4026 4000 3982 4017 3986 4019 4021 3995 4030
4027 4006 4031
4028 3996 3980
4029 4001 3980
4030 4000 4003 4009 3980 3982 4014 4017 4018 3986 3988 4021 4020 4019 3993 4026 3997
4031 4004 4038 4011 4013 4023 594 4020 3991 4027
4032 3980
4033 4000 3986
4034 3980 4023
4036 3999
4037 3982 3980 4014
4038 4004 3980 4013 4014 3989 4023 4031
