567 3961 3723 3454
698 857 862
857 3456 3621 3495 3626 698 862
862 3456 3872 3779 3684 3621 3677 3495 3592 3721 3948 3501 3633 1085 3797 857 3577 698 3517
1085 3456 3592 3721 3851 3609 3741 3872 3877 3495 3756 3501 3886 3633 3651 3540 3797 3674 3677 862 3556 3943 3561 3692 3437 3948 3440 3830 3577 3962
3437 3456 3586 3843 3844 3718 3719 3721 3593 3979 3470 3604 3861 3477 3860 3482 3612 3615 3488 3758 3759 3633 3506 3763 3893 3894 3640 3770 3771 3772 1085 3645 3775 3521 3777 3779 3656 3912 3786 3660 3534 3791 3539 3544 3674 3803 3548 3677 3962 3551 3680 3554 3938 3810 3682 3558 3945 3689 3947 3948 3819 3949 3566 3564 3825 3823 3567 3830 3574 3832 3705 3834 3963 3836 3837
3438 3456 3586 3971 3851 3480 3491 3877 3501 3760 3633 3517 3522 3533 3540 3545 3677 3938 3693 3448 3449
3439 3616 3716 3638 3513 3932 3647
3440 3968 3842 3971 3851 3600 3734 3877 3495 3755 3501 3886 3633 1085 3780 3525 3797 3545 3805 3938 3576
3441 3546 3949 3662
3442 3713 3590 3977 3722 3850 3599 3472 3735 3608 3865 3740 3615 3876 3753 3629 3505 3508 3644 3773 3521 3778 3907 3526 3918 3791 3663 3921 3802 3678 3553 3685 3941 3698 3705 3835 3710
3443 3554 3906 3972 3909 3464 3593 3466 3752 3915 3469 3634 3859 3645 3582
3444 3904 3849 3861 3742
3445 3538 3819 3628 3743
3446 3585 3490 3814 3624 3531 3662 3863 3580 3549
3447 3682 3624 3894 3580 3679
3448 3456 3841 3586 3845 3851 3596 3471 3860 3609 3737 3611 3491 3756 3501 3889 3633 3640 3642 3779 3527 3449 3540 3797 3800 3545 3930 3804 3684 3943 3944 3948 3693 3438 3697 3828 3830 3577 3966
3449 3456 3841 3586 3971 3851 3604 3480 3737 3873 3618 3491 3877 3625 3756 3501 3889 3633 3517 3651 3788 3796 3797 3800 3674 3677 3805 3938 3684 3948 3693 3692 3438 3830 3448 3577 3838
3450 3913 3596 3545 3790 3731 3604 3672 3737 3642 3804 3930 3838
3452 3488 3462 3658 3596 3838 3603 3891 3573 3576 3545 3902
3454 3586 3779 3621 3880 3693 3605 3861 567 3673 3642 3677 3775
3455 3713 3715 3590 3850 3722 3470 3862 3867 3740 3876 3753 3498 3629 3886 3505 3636 3769 3773 3521 3778 3907 3921 3802 3553 3685 3815 3827 3835 3710
3456 3968 3841 3586 3971 3842 3851 3858 3604 3734 3609 3618 3756 3884 3501 3633 3514 1085 3654 3831 3577 3800 3545 857 3804 862 3557 3943 3687 3948 3693 3438 3437 3824 3697 3830 3703 3448 3449 3962
3457 3944 3938 3703
3458 3648 3584 3810 3493 3718 3719 3593 3822 3569 3900 3903
3459 3812 3782 3529 3469 3758 3534 3793 3825 3763 3770 3645
3460 3464 3466 3469 3726 3601 3474 3602 3752 3881 3630 3761 3634 3768 3515 3900 3529 3786 3915 3931 3937 3956
3461 3968 3559 3831 3930 3934
3462 3488 3877 3559 3756 3800 3824 3934 3891 3604 3926 3576 3611 3452 3838
3463 3714 3591 3593 3861 3869 3486 3906 3793 3794 3924 3931 3680 3555 3558 3947 3822 3951 3569 3826 3705
3464 3460 3466 3469 3726 3601 3474 3602 3738 3617 3630 3761 3634 3764 3510 3895 3777 3529 3915 3668 3680 3554 3945 3823 3443 3956 3829 3583
3465 3708 3975 3918 3571 3476 3701 3675 3579 3836 3774 3519
3466 3460 3972 3464 3469 3726 3602 3738 3881 3761 3634 3784 3915 3668 3680 3937 3554 3821 3443 3829 3583
3467 3533 3830
3468 3584 3718 3601 3866 3878 3623 3622 3758 3764 3645 3777 3524 3782 3529 3532 3534 3680 3945 3823 3568 3826 3956
3469 3459 3460 3972 3464 3466 3726 3474 3604 3738 3752 3881 3630 3761 3764 3529 3915 3927 3554 3561 3443 3956 3829
3470 3520 3521 3876 3753 3437 3629 3599 3796 3769 3773 3455
3471 3971 3851 3852 3475 3611 3484 3485 3873 3877 3902 3526 3540 3543 3672 3930 3938 3940 3684 3966 3702 3448 3838
3472 3521 3526 3850 3629 3598 3505 3442 3698 3508 3482 3644
3473 3874 3819 3628 3725 3595 3567 3857 3538 3892 3871 3541 3739 3868 3743
3474 3554 3460 3464 3945 3915 3469 3630 3823 3761 3634 3602 3764 3604 3829 3956 3738
3475 3586 3842 3845 3851 3852 3471 3611 3484 3485 3873 3877 3501 3642 3902 3526 3926 3543 3545 3930 3938 3940 3948 3828 3702 3838
3476 3809 3836 3975 3465 3757 3759 3701 3957 3579 3675 3708 3837 3774 3519
3477 3651 3847 3756 3565 3437
3478 3776 3809 3587 3747 3783 3791 3696 3920 3766 3607 3960 3964 3967
3479 3649 3523 3562 3883 3594 3695 3919 3830 3639 3481 3516 3613
3480 3968 3841 3586 3604 3491 3625 3756 3633 3651 3667 3540 3799 3545 3674 3677 3938 3684 3692 3693 3438 3830 3449
3481 3649 3562 3594 3695 3479 3898 3516
3482 3553 3521 3850 3437 3598 3472 3698 3508 3832 3644 3901
3483 3617 3524 3878 3782 3690 3499 3724 3793 3895
3484 3521 3873 3842 3684 3940 3971 3817 3471 3633 3475 3831
3485 3488 3681 3518 3845 3559 3817 3627 3790 3471 3838 3514 3475 3930 3611 3804 3966
3486 3969 3714 3591 3463 3976 3593 3869 3870 3493 3506 3509 3900 3906 3909 3793 3794 3833 3803 3680 3822 3569 3826 3572 3705 3706 3711
3487 3496 3530 3723 3566 3504 3925 3961 3551
3488 3845 3462 3858 3731 3604 3605 3737 3611 3485 3877 3627 3884 3891 3640 3514 3518 3902 3528 3913 3658 3542 3926 3800 3930 3804 3938 3557 3559 3437 3966 3573 3702 3830 3707 3452 3838
3489 3825 3652 3676
3490 3905 3585 3682 3814 3624 3531 3446 3894 3546 3580 3549
3491 3968 3712 3586 3971 3842 3851 3480 3611 3788 3540 3797 3545 3938 3684 3693 3438 3966 3448 3449 3962 3838
3492 3841 3556 3496 3756 3697 3930
3493 3648 3969 3810 3458 3584 3486 3558 3719 3593 3792 3506 3924 3903 3900 3646 3711
3494 3705 3690
3495 3968 3586 3971 3721 3860 3734 3609 3872 3873 3618 3877 3621 3750 3880 3756 3501 3884 3633 1085 3651 3908 3667 3796 3797 3545 3929 857 3548 3934 862 3684 3943 3687 3948 3692 3440 3830 3831 3577 3962
3496 3520 3521 3492 3750 3487 3722 3551 3505 3861 3672 3547 3677 3550 3775
3497 3940 3518 3527 3576 3528 3658 3852 3596 3790 3902 3824 3604 3542 3926 3672 3545 3707 3966
3498 3521 3713 3715 3907 3740 3455 3722 3629 3599 3728 3636 3862 3705 3867 3835 3615
3499 3843 3719 3483 3617 3881 3758 3764 3532 3534 3535 3793 3671 3680 3690 3947 3564 3821 3825 3829 3834
3500 3809 3587 3747 3655 3783 3791 3920 3664 3696 3766 3967 3960 3964 3933 3615
3501 3968 3841 3456 3971 3586 3842 3721 3851 3596 3475 3604 3609 3873 3877 3495 3625 3756 3884 3760 3889 3633 3517 1085 3651 3525 3796 3797 3800 3545 862 3938 3943 3692 3438 3824 3440 3448 3449 3962
3502 3911 3700 3669 3830 3864
3503 3779 3576 3785 3640 3596 3800 3731 3959 3672 3930 3838
3504 3626 3723 3551 3839 3677 3487
3505 3840 3722 3850 3598 3472 3607 3747 3496 3753 3629 3508 3512 3773 3521 3526 3936 3685 3698 3827 3442 3455
3506 3584 3969 3714 3718 3593 3855 3869 3486 3620 3493 3754 3631 3507 3895 3896 3643 3515 3903 3648 3784 3786 3794 3924 3680 3810 3555 3437 3951 3568 3569 3829 3833 3706 3711
3507 3554 3555 3754 3690 3927 3823 3506 3511
3508 3840 3722 3850 3598 3728 3472 3607 3482 3615 3747 3505 3644 3776 3521 3791 3933 3809 3553 3685 3698 3442
3509 3906 3909 3718 3593 3855 3951 3569 3794 3826 3924 3896 3833 3706 3803 3900 3869 3486
3510 3554 3464 3529 3752 3915 3945 3821 3761 3634 3602 3668 3931 3869
3511 3648 3555 3909 3671 3719 3530 3724 3821 3794 3763 3507 3738 3896 3706 3515 3900
3512 3525 3533 3577 3505 3604 3830 3800 3737 3929 3517
3513 3616 3439 3952 3799 3932
3514 3456 3730 3858 3860 3605 3604 3611 3485 3488 3627 3884 3760 3633 3640 3913 3790 3926 3542 3800 3672 3545 3674 3804 3938 3557 3824 3966 3828 3830 3832 3578 3707 3838
3515 3555 3460 3566 3506 3829 3958 3511 3706
3516 3479 3649 3613 3523 3883 3695 3919 3830 3639 3481 3898 3581
3517 3586 3877 3851 3948 3577 3501 3756 3760 3633 3533 3438 3830 3512 3449 3677 862
3518 3596 3858 3730 3604 3860 3737 3611 3485 3488 3497 3902 3790 3670 3542 3545 3804 3938 3557 3687 3824 3702 3830 3832 3578 3707
3519 3708 3975 3465 3757 3918 3759 3476 3957 3705 3675 3579 3836 3837
3520 3971 3684 3526 3496 3625 3470 3667 3550
3521 3840 3713 3842 3590 3592 3722 3850 3597 3470 3598 3728 3472 3735 3608 3482 3867 3740 3484 3615 3876 3496 3625 3498 3753 3629 3505 3508 3769 3773 3778 3907 3526 3921 3666 3797 3802 3550 3936 3553 3556 3685 3684 3437 3442 3698 3827 3573 3831 3705 3962 3835 3710 3455
3522 3872 3779 3592 3979 3438 3950 3930 3677
3523 3649 3581 3639 3594 3883 3695 3830 3479 3516 3613
3524 3584 3906 3782 3786 3866 3468 3568 3601 3602 3770 3483 3645
3525 3968 3970 3721 3851 3596 3734 3737 3873 3625 3501 3886 3889 3512 3651 3656 3540 3677 3550 3551 3683 3563 3948 3692 3950 3440 3573 3577 3962
3526 3840 3713 3722 3850 3471 3599 3472 3475 3865 3629 3505 3769 3520 3521 3543 3553 3684 3685 3442 3698 3573 3831
3527 3938 3448 3528 3497 3785 3672 3851 3838 3800 3966 3542 3926 3611 3930 3707 3804 3902
3528 3596 3858 3860 3605 3737 3611 3488 3497 3627 3640 3527 3790 3926 3542 3800 3545 3930 3804 3681 3938 3557 3687 3559 3702 3832 3707 3838
3529 3459 3460 3464 3468 3469 3726 3601 3738 3869 3752 3630 3758 3761 3634 3510 3900 3777 3906 3909 3915 3793 3668 3937 3554 3945 3947 3956 3829
3530 3487 3511 3925 3551
3531 3490 3949 3662 3446 3771
3532 3777 3622 3499 3468 3564 3535 3956 3829 3767 3610 3931 3803
3533 3877 3467 3948 3438 3760 3633 3795 3734 3830 3512 3929 3674 3517
3534 3617 3937 3459 3499 3564 3468 3758 3535 3568 3825 3793 3437 3829 3612 3614
3535 3584 3782 3623 3881 3499 3532 3821 3534 3823 3758 3825 3601 3927 3645
3536 3812 3624 3662 3606 3549 3679
3537 3664 3887
3538 3874 3912 3657 3595 3819 3725 3628 3567 3857 3473 3892 3541 3445 3739 3868 3871
3539 3904 3584 3690 3724 3437 3823 3890 3895
3540 3968 3841 3842 3971 3596 3471 3734 3480 3618 3491 3750 3886 3760 1085 3780 3525 3656 3667 3797 3674 3556 3563 3692 3693 3438 3830 3448 3966
3541 3874 3912 3657 3595 3725 3473 3538 3892 3868
3542 3852 3596 3730 3611 3488 3497 3628 3635 3514 3518 3902 3527 3528 3658 3790 3543 3672 3800 3930 3545 3804 3687 3559 3817 3702 3707 3838
3543 3940 3526 3471 3859 3475 3605 3542 3576
3544 3808 3437 3888 3674 3775
3545 3456 3841 3586 3842 3845 3722 3851 3852 3596 3730 3475 3860 3604 3734 3605 3731 3480 3491 3495 3497 3627 3501 3889 3891 3640 3514 3642 3518 3902 3651 3448 3654 3528 3913 3785 3790 3450 3542 3672 3674 3804 3677 3962 3681 3938 3557 3687 3943 3559 3438 3838 3824 3697 3440 3828 3830 3703 3576 3577 3578 3452 3966
3546 3490 3939 3811 3624 3949 3441 3894 3863 3963 3580 3679
3547 3747 3684 3750 3496 3628 3693 3950 3548 3677
3548 3495 3948 3437 3737 3897 3547
3549 3585 3682 3905 3812 3490 3814 3624 3566 3536 3446 3863
3550 3872 3520 3968 3521 3684 3525 3971 3552 3496 3950 3633 3667 3797 3573 3672
3551 3525 3496 3530 3723 3437 3504 3925 3961 3487
3552 3886 3625 3550
3553 3867 3521 3840 3526 3722 3629 3599 3728 3921 3442 3827 3508 3769 3482 3835 3710 3455
3554 3752 3529 3561 3466 3945 3469 3437 3726 3464 3761 3474 3443 3956 3507 3510 3829 3794 3634
3555 3617 3810 3591 3463 3593 3754 3758 3600 3506 3507 3956 3515 3829 3511 3803
3556 3521 3971 3492 3625 3851 3693 3540 3611 1085
3557 3456 3596 3730 3858 3604 3860 3737 3611 3488 3627 3635 3640 3642 3514 3518 3528 3790 3670 3800 3545 3804 3938 3687 3824 3828 3702 3574 3838
3558 3584 3463 3719 3866 3738 3869 3870 3620 3493 3881 3758 3768 3643 3646 3903 3648 3906 3909 3786 3793 3794 3924 3945 3437 3951 3568 3826 3829 3958
3559 3461 3462 3731 3604 3485 3488 3877 3627 3891 3902 3528 3926 3542 3545 3804 3934 3681 3573 3831 3838
3560 3691 3830
3561 3554 3942 3752 3945 3469 3604 3927 3738 3612 1085
3562 3479 3649 3613 3594 3883 3695 3639 3481 3898 3581
3563 3968 3873 3684 3525 3656 3852 3948 3886 3667 3540 3830 3741
3564 3680 3878 3622 3719 3690 3499 3532 3437 3534 3821 3568 3825 3803
3565 3756 3637 3477
3566 3780 3723 3437 3662 3515 3549 3487
3567 3874 3912 3657 3595 3628 3725 3437 3857 3538 3473 3739 3868 3743
3568 3973 3468 3601 3866 3614 3617 3623 3758 3506 3764 3768 3645 3906 3524 3782 3914 3915 3786 3534 3793 3931 3810 3558 3818 3947 3564 3834
3569 3680 3969 3714 3458 3909 3463 3591 3593 3947 3822 3951 3826 3794 3506 3924 3509 3705 3486
3571 3899 3975 3465 3757 3965 3759 3918 3957 3675 3579 3836 3837
3572 3706 3822 3869 3486
3573 3852 3611 3488 3877 3625 3891 3902 3521 3525 3526 3797 3672 3930 3550 3559 3702 3576 3452 3838
3574 3877 3557 3596 3437 3762 3731 3635 3828 3830 3891 3576
3575 3672 3872
3576 3462 3596 3858 3731 3860 3605 3611 3877 3497 3756 3503 3891 3640 3642 3902 3785 3658 3790 3926 3543 3800 3545 3930 3670 3938 3440 3824 3966 3573 3574 3702 3830 3577 3707 3452 3838
3577 3456 3841 3586 3842 3721 3851 3596 3604 3734 3609 3611 3741 3873 3618 3877 3495 3625 3756 3886 3889 3512 3642 1085 3517 3651 3780 3525 3576 3797 3800 3545 3929 3677 862 3938 3943 3948 3692 3693 3828 3830 3448 3449 3962
3578 3596 3858 3730 3731 3604 3860 3737 3611 3877 3640 3514 3518 3790 3670 3545 3804 3938 3824 3828 3830 3838
3579 3836 3465 3757 3918 3759 3571 3476 3957 3701 3675 3708 3774 3519
3580 3585 3490 3894 3446 3546 3447
3581 3649 3523 3562 3883 3594 3695 3898 3516 3613
3582 3752 3443
3583 3464 3466 3758 3600 3825 3931 3869
3584 3969 3458 3718 3719 3976 3593 3468 3866 3870 3617 3620 3493 3758 3506 3763 3764 3893 3768 3896 3900 3646 3904 3906 3524 3782 3784 3535 3792 3794 3539 3927 3810 3558 3690 3947 3951 3826 3711
3585 3490 3949 3446 3580 3549 3679
3586 3456 3841 3851 3596 3475 3604 3480 3491 3495 3756 3501 3760 3633 3889 3765 3517 3651 3788 3577 3796 3797 3545 3674 3930 3677 3938 3684 3948 3693 3438 3692 3437 3697 3448 3449 3454 3839
3587 3776 3809 3747 3783 3655 3500 3791 3696 3920 3478 3766 3960 3641 3964 3933 3967
3589 3592
3590 3521 3713 3715 3907 3815 3944 3615 3629 3599 3728 3666 3442 3608 3705 3867 3835 3710 3455
3591 3680 3714 3555 3463 3593 3951 3855 3569 3794 3793 3833 3706 3486
3592 3521 3522 3589 3847 3626 3979 3888 3891 1085 862
3593 3584 3714 3458 3718 3463 3591 3719 3601 3738 3869 3486 3493 3623 3758 3631 3634 3506 3764 3509 3768 3646 3648 3782 3786 3794 3924 3931 3680 3555 3818 3947 3437 3951 3569 3443 3829 3833 3706 3711
3594 3581 3649 3523 3562 3883 3830 3479 3481 3898 3613
3595 3912 3657 3628 3917 3725 3567 3473 3538 3857 3541 3739 3868 3743
3596 3586 3971 3721 3858 3731 3604 3605 3860 3734 3730 3611 3877 3750 3880 3497 3926 3627 3756 3501 3503 3889 3633 3762 3640 3902 3518 3448 3525 3780 3528 3785 3658 3577 3790 3832 3578 3540 3797 3542 3670 3672 3545 3930 3674 3804 3677 3800 3962 3681 3938 3684 3557 3686 3943 3687 3692 3693 3948 3824 3828 3574 3702 3576 3830 3450 3452 3838
3597 3521
3598 3521 3685 3472 3505 3508 3482
3599 3713 3715 3590 3722 3470 3728 3862 3735 3608 3867 3615 3753 3498 3629 3636 3773 3907 3526 3663 3921 3666 3802 3553 3815 3442 3705 3835 3710
3600 3555 3440 3825 3861 3612 3583
3601 3906 3460 3524 3782 3623 3464 3593 3818 3529 3786 3468 3535 3568 3825 3604 3768 3645
3602 3524 3460 3464 3945 3466 3630 3761 3634 3474 3829 3510 3738 3770 3869
3603 3756 3790 3828 3672 3452 3838
3604 3456 3841 3586 3845 3462 3721 3851 3596 3852 3469 3601 3474 3858 3731 3480 3737 3611 3869 3488 3617 3497 3627 3756 3501 3889 3633 3640 3512 3770 3514 3645 3518 3902 3913 3658 3915 3449 3788 3790 3450 3578 3926 3672 3545 3674 3800 3804 3677 3938 3557 3943 3687 3561 3559 3948 3437 3966 3828 3830 3577 3962 3838
3605 3596 3730 3731 3860 3737 3611 3488 3877 3635 3640 3514 3528 3785 3790 3670 3543 3800 3545 3672 3926 3804 3938 3454 3948 3824 3828 3702 3830 3576 3838
3606 3536 3745 3662 3727
3607 3747 3505 3698 3508 3478 3933
3608 3521 3713 3907 3590 3694 3599 3921 3442 3862 3735 3740 3710
3609 3968 3456 3721 3851 3741 3618 3877 3750 3495 3756 3501 3886 3633 1085 3797 3943 3692 3948 3830 3448 3577 3962
3610 3779 3847 3979 3660 3532 3950 3888 3732 3764 3927 3674 3772
3611 3842 3971 3845 3462 3851 3852 3596 3471 3475 3604 3605 3734 3731 3737 3485 3488 3491 3877 3762 3891 3635 3640 3514 3902 3518 3448 3527 3528 3785 3913 3790 3926 3542 3672 3930 3804 3938 3556 3557 3817 3838 3824 3573 3830 3576 3577 3578 3966
3612 3937 3810 3941 3561 3945 3437 3534 3600 3825 3893 3895 3673 3836 3869
3613 3649 3523 3594 3562 3883 3695 3919 3479 3898 3516 3581
3614 3652 3945 3758 3534 3568 3825
3615 3590 3599 3867 3740 3498 3500 3629 3636 3508 3776 3521 3907 3664 3921 3815 3437 3442 3705 3835
3616 3844 3716 3848 3918 3439 3638 3513 3647
3617 3584 3719 3464 3604 3483 3878 3622 3754 3499 3758 3777 3534 3927 3931 3803 3680 3555 3690 3821 3823 3568 3825 3830 3834
3618 3456 3873 3842 3971 3684 3968 3750 3495 3625 3851 3692 3577 3609 3540 3797 3734 3449
3619 3880 3970
3620 3584 3969 3648 3810 3906 3714 3718 3558 3870 3792 3506 3900 3646 3711
3621 3454 3684 3495 3721 3689 862 3797 3861 857 3902
3622 3617 3878 3719 3690 3564 3532 3468 3927 3803
3623 3906 3810 3593 3818 3786 3947 3468 3758 3535 3568 3601 3793 3768 3866 3645
3624 3905 3490 3814 3949 3662 3536 3446 3447 3546 3549 3806 3679
3625 3841 3842 3721 3978 3851 3734 3480 3873 3618 3501 3886 3633 3520 3521 3525 3656 3577 3797 3672 3674 3677 3552 3938 3556 3692 3573 3830 3449 3962
3626 3847 3592 3979 3916 3504 857 3839
3627 3488 3681 3557 3559 3528 3596 3824 3730 3635 3604 3702 3640 3545 3514 3804 3485
3628 3912 3595 3819 3917 3567 3760 3473 3857 3538 3871 3445 3739 3542 3892 3962 3547 3868 3743
3629 3840 3713 3590 3977 3722 3850 3470 3599 3728 3472 3862 3867 3740 3615 3876 3498 3505 3636 3521 3778 3907 3526 3921 3666 3553 3815 3442 3698 3835 3710 3455
3630 3460 3464 3529 3469 3634 3602 3474 3829 3738
3631 3593 3786 3792 3506 3903
3632 3720 3787 3918 3791
3633 3968 3841 3586 3456 3971 3721 3851 3596 3604 3734 3480 3609 3484 3741 3873 3750 3495 3625 3884 3501 3760 3889 3514 3517 1085 3651 3788 3533 3667 3796 3797 3800 3928 3674 3804 3677 3550 862 3938 3684 3943 3687 3692 3948 3438 3693 3824 3440 3437 3828 3830 3448 3449 3962
3634 3460 3972 3464 3593 3466 3474 3602 3738 3752 3630 3761 3510 3529 3915 3937 3554 3945 3443 3956 3829
3635 3938 3557 3627 3790 3605 3574 3830 3832 3542 3702 3611 3804 3926 3838
3636 3713 3722 3599 3728 3862 3735 3740 3615 3753 3498 3629 3769 3907 3921 3815 3705 3835 3710 3455
3637 3756 3565
3638 3616 3716 3844 3848 3439 3799 3932 3647
3639 3523 3562 3883 3695 3830 3479 3898 3516
3640 3596 3730 3731 3604 3605 3734 3611 3488 3627 3884 3503 3514 3642 3576 3528 3785 3790 3832 3670 3926 3800 3545 3804 3938 3557 3687 3437 3824 3828 3702 3448 3578 3838
3641 3587 3907 3655 3920 3696 3960 3933 3967
3642 3938 3779 3448 3557 3576 3659 3577 3838 3730 3731 3475 3640 3545 3450 3454
3643 3648 3810 3718 3558 3719 3976 3951 3855 3870 3506 3826 3924 3903 3794 3896 3833 3646 3711
3644 3840 3747 3685 3850 3472 3698 3442 3508 3482
3645 3680 3843 3459 3941 3782 3623 3524 3468 3437 3535 3568 3601 3443 3604 3764 3866
3646 3648 3969 3810 3584 3620 3493 3558 3719 3593 3758 3951 3924 3643 3711
3647 3616 3716 3918 3439 3638 3799 3932
3648 3458 3620 3493 3558 3719 3816 3593 3758 3792 3506 3924 3511 3643 3646 3903
3649 3581 3523 3562 3883 3594 3919 3695 3830 3479 3481 3898 3516 3613
3651 3586 3851 3858 3477 3480 3873 3877 3750 3495 3756 3884 3886 3501 3633 1085 3525 3577 3929 3674 3545 3677 3938 3683 3824 3828 3449
3652 3489 3665 3825 3676 3614
3653 3720 3789 3918
3654 3456 3938 3824 3830 3703 3545 3930 3804
3655 3747 3587 3783 3500 3920 3696 3960 3641 3933 3967
3656 3968 3841 3734 3750 3625 3756 3886 3525 3667 3540 3929 3677 3683 3684 3563 3692 3437 3948 3830
3657 3595 3819 3725 3567 3857 3538 3892 3541 3739 3743
3658 3488 3497 3756 3596 3891 3604 3542 3576 3452 3966
3659 3779 3950 3888 3642 3930
3660 3847 3437 3610 3870 3775
3661 3948 3737 3908 3897
3662 3905 3682 3745 3812 3624 3531 3863 3566 3536 3441 3446 3606
3663 3713 3599 3728 3921 3442 3862 3735 3740
3664 3776 3901 3500 3918 3696 3537 3960 3933 3615
3665 3825 3931 3676 3652
3666 3521 3590 3629 3599 3728 3921 3710
3667 3968 3842 3852 3734 3480 3736 3873 3495 3633 3902 3520 3656 3540 3550 3683 3684 3563 3692 3948 3962
3668 3464 3529 3945 3466 3761 3956 3829 3510
3669 3864 3502 3700 3830
3670 3938 3557 3686 3880 3576 3596 3790 3824 3858 3731 3605 3830 3702 3640 3578 3804 3518
3671 3882 3499 3821 3793 3958 3511 3770
3672 3845 3851 3852 3596 3471 3603 3604 3605 3611 3872 3877 3496 3497 3625 3503 3514 3902 3527 3785 3797 3926 3542 3545 3804 3550 3962 3938 3940 3573 3702 3575 3450 3838
3673 3612 3454
3674 3841 3586 3847 3979 3596 3851 3604 3734 3480 3610 3625 3756 3886 3760 3633 3514 1085 3651 3788 3533 3540 3544 3545 3677 3938 3948 3693 3437 3830 3449
3675 3708 3899 3465 3757 3759 3571 3476 3957 3579 3836 3837 3774 3519
3676 3665 3489 3652
3677 3968 3712 3586 3841 3847 3596 3604 3734 3480 3496 3625 3756 3504 3888 3633 1085 3517 3522 3651 3525 3656 3788 3577 3797 3800 3545 3674 3547 862 3938 3943 3692 3437 3693 3438 3948 3697 3449 3962 3454 3839
3678 3442 3791
3679 3905 3585 3939 3624 3536 3894 3863 3546 3447
3680 3969 3714 3718 3463 3464 3593 3466 3591 3468 3869 3870 3486 3617 3878 3882 3499 3506 3895 3900 3645 3909 3794 3924 3803 3690 3564 3437 3822 3951 3569 3826 3955 3830 3958 3833 3706 3711
3681 3559 3528 3627 3596 3790 3545 3707 3804 3485
3682 3490 3812 3949 3662 3437 3447 3549
3683 3968 3842 3651 3877 3525 3656 3944 3692 3790 3667 3830
3684 3841 3586 3971 3721 3852 3596 3471 3734 3480 3484 3741 3872 3618 3491 3621 3877 3495 3750 3886 3633 3520 3521 3780 3526 3656 3667 3926 3547 3550 862 3817 3563 3948 3692 3697 3828 3830 3831 3448 3449 3962 3702 3966
3685 3840 3521 3526 3598 3505 3698 3442 3508 3644 3455
3686 3596 3670
3687 3456 3596 3858 3604 3860 3737 3495 3884 3633 3762 3640 3518 3528 3790 3542 3926 3800 3545 3804 3938 3557 3702
3689 3721 3437 3621
3690 3584 3866 3483 3869 3617 3878 3622 3494 3499 3758 3507 3895 3768 3781 3539 3927 3803 3680 3946 3564 3821 3955
3691 3560 3830
3692 3968 3841 3586 3721 3851 3596 3734 3480 3609 3873 3618 3877 3495 3625 3756 3501 3886 3633 1085 3525 3656 3577 3667 3540 3797 3677 3683 3684 3948 3449 3962
3693 3456 3586 3970 3971 3845 3851 3596 3734 3480 3491 3756 3633 3449 3540 3674 3547 3677 3556 3948 3438 3448 3577 3454
3694 3608 3867 3816
3695 3649 3581 3523 3639 3562 3883 3830 3479 3481 3898 3516 3613
3696 3776 3587 3655 3500 3791 3664 3920 3478 3960 3641 3933 3967
3697 3456 3842 3971 3492 3586 3684 3938 3884 3824 3797 3830 3448 3545 3677
3698 3840 3521 3747 3685 3526 3850 3629 3472 3505 3728 3442 3508 3607 3482 3644
3700 3813 3911 3502 3669 3830 3864
3701 3910 3465 3837 3476 3957 3579 3836 3965 3774
3702 3845 3721 3596 3471 3475 3605 3737 3488 3877 3627 3891 3635 3640 3518 3902 3528 3832 3670 3542 3800 3672 3804 3684 3557 3687 3948 3824 3966 3573 3830 3576 3838
3703 3968 3456 3457 3654 3755 3831 3545 3902
3704 3891
3705 3713 3590 3463 3722 3599 3867 3740 3869 3486 3615 3494 3498 3763 3636 3519 3521 3907 3793 3794 3924 3802 3818 3437 3822 3569 3826 3442 3706
3706 3714 3591 3593 3486 3870 3506 3509 3511 3515 3900 3906 3793 3794 3924 3803 3680 3822 3572 3705
3707 3488 3681 3518 3527 3528 3913 3497 3785 3730 3731 3891 3828 3542 3576 3737 3514 3930 3838
3708 3975 3465 3757 3918 3759 3476 3957 3675 3579 3836 3774 3519
3710 3715 3590 3722 3599 3728 3735 3608 3867 3740 3753 3629 3636 3769 3521 3907 3921 3666 3553 3442 3835 3455
3711 3584 3718 3719 3593 3486 3870 3620 3493 3881 3758 3506 3896 3643 3646 3903 3792 3794 3924 3680 3951 3826
3712 3938 3491 3734 3677 3838
3713 3715 3590 3722 3599 3728 3862 3735 3608 3867 3753 3498 3629 3636 3521 3907 3526 3663 3921 3802 3442 3705 3835 3455
3714 3591 3463 3593 3869 3486 3870 3620 3506 3900 3906 3793 3794 3803 3680 3822 3951 3823 3569 3829 3833 3706
3715 3713 3907 3590 3815 3498 3599 3921 3835 3740 3710 3455
3716 3616 3439 3638 3799 3932 3647
3717 3744
3718 3584 3969 3458 3593 3468 3870 3620 3758 3506 3509 3896 3643 3900 3906 3792 3793 3924 3680 3947 3437 3822 3951 3826 3833 3711
3719 3584 3458 3593 3617 3493 3622 3499 3758 3764 3511 3895 3770 3643 3646 3648 3924 3927 3810 3558 3564 3437 3711
3720 3653 3749 3751 3787 3789 3918 3632 3923
3721 3968 3596 3858 3860 3604 3609 3741 3873 3621 3877 3495 3625 3501 3633 1085 3525 3797 862 3938 3684 3689 3692 3437 3948 3702 3830 3577
3722 3713 3850 3599 3728 3862 3740 3876 3496 3753 3498 3629 3505 3508 3636 3773 3521 3778 3526 3918 3921 3545 3802 3553 3442 3827 3705 3835 3710 3455
3723 3487 3566 3504 567 3961 3551
3724 3483 3539 3511
3725 3657 3595 3819 3917 3567 3473 3538 3857 3871 3541 3892 3868 3743
3726 3554 3972 3460 3909 3464 3752 3466 3529 3469 3829 3738
3727 3771 3949 3606
3728 3713 3590 3722 3599 3862 3740 3498 3629 3508 3636 3769 3521 3907 3663 3666 3553 3815 3698 3835 3710
3730 3557 3640 3627 3596 3800 3514 3578 3737 3605 3542 3832 3545 3642 3707 3518
3731 3596 3858 3604 3605 3736 3611 3488 3877 3884 3503 3762 3891 3640 3642 3902 3785 3913 3578 3670 3926 3800 3545 3804 3938 3559 3824 3574 3576 3450 3707
3732 3610
3733 3954 3861
3734 3712 3841 3968 3456 3851 3596 3737 3611 3618 3877 3495 3625 3884 3760 3633 3640 3525 3656 3788 3533 3667 3540 3800 3545 3674 3677 3938 3684 3692 3693 3948 3440 3824 3830 3577 3962
3735 3713 3521 3753 3663 3599 3921 3442 3636 3608 3867 3740 3710
3736 3938 3842 3667 3731 3830 3831
3737 3858 3730 3860 3605 3734 3604 3611 3488 3884 3512 3518 3525 3528 3661 3450 3790 3800 3930 3804 3548 3557 3687 3824 3702 3448 3449 3578 3707 3838
3738 3972 3464 3593 3466 3469 3726 3602 3859 3474 3752 3754 3630 3761 3634 3511 3782 3529 3915 3937 3558 3561 3945 3829
3739 3874 3912 3657 3595 3628 3567 3743 3473 3538 3892 3868 3871
3740 3715 3722 3728 3735 3608 3865 3867 3615 3498 3629 3636 3521 3907 3663 3921 3815 3442 3705 3710 3455
3741 3938 3684 3721 3563 3852 3851 3948 3609 3633 3797 3830 3577 1085
3742 3849 3444 3861
3743 3912 3657 3595 3628 3917 3725 3567 3819 3473 3857 3892 3445 3739 3868
3744 3717 3830
3745 3662 3606
3746 3846
3747 3776 3809 3587 3655 3500 3920 3505 3698 3508 3960 3478 3607 3766 3547 3964 3933 3644 3967
3749 3720 3918 3751
3750 3968 3971 3851 3596 3609 3618 3495 3496 3884 3633 3651 3779 3656 3795 3540 3797 3547 3938 3684 3948 3950 3830 3831
3751 3720 3787 3789 3749
3752 3937 3554 3460 3972 3529 3945 3915 3561 3469 3726 3761 3634 3443 3764 3829 3510 3738 3582
3753 3713 3722 3850 3470 3599 3735 3876 3505 3636 3773 3521 3778 3907 3921 3802 3442 3835 3710 3455
3754 3617 3555 3506 3507 3738
3755 3971 3703 3440 3926 3830
3756 3456 3968 3586 3841 3462 3596 3603 3604 3477 3480 3609 3492 3877 3495 3884 3501 3886 3889 3637 3772 3517 1085 3651 3576 3785 3658 3656 3449 3797 3800 3674 3677 3938 3943 3944 3692 3565 3693 3948 3824 3830 3448 3577 3962
3757 3899 3836 3975 3918 3759 3571 3476 3579 3675 3708 3837 3519
3758 3584 3969 3459 3718 3719 3593 3468 3855 3614 3617 3623 3499 3761 3764 3768 3646 3648 3777 3906 3782 3529 3786 3534 3535 3793 3924 3937 3810 3555 3558 3945 3690 3947 3437 3951 3568 3825 3711 3829 3833 3583
3759 3836 3975 3837 3757 3437 3918 3571 3476 3957 3675 3579 3708 3965 3774 3519
3760 3586 3948 3501 3438 3628 3533 3633 3540 3674 3734 3514 3517 3962
3761 3554 3460 3752 3945 3466 3529 3464 3469 3758 3602 3634 3668 3829 3510 3956 3474 3738
3762 3687 3884 3596 3824 3731 3574 3800 3930 3611 3804 3934
3763 3584 3511 3459 3437 3793 3924 3799 3705
3764 3584 3972 3719 3464 3593 3468 3469 3474 3610 3752 3881 3499 3758 3767 3895 3645 3915 3793 3927 3931 3810 3818 3568 3825 3834
3765 3586 3830
3766 3776 3809 3747 3587 3500 3791 3478 3964 3933
3767 3764 3532 3782 3958
3768 3584 3906 3810 3460 3558 3623 3945 3690 3593 3947 3818 3758 3568 3601 3793 3770 3866
3769 3521 3553 3526 3977 3470 3728 3636 3710 3455
3770 3459 3524 3719 3437 3602 3604 3671 3768
3771 3437 3531 3949 3727
3772 3968 3779 3847 3756 3437 3950 3610
3773 3521 3778 3753 3722 3470 3599 3505 3442 3802 3455
3774 3708 3910 3465 3918 3759 3476 3701 3579 3675 3836 3837
3775 3847 3496 3660 3437 3895 3544 3454
3776 3809 3747 3587 3783 3615 3791 3920 3696 3664 3508 3478 3766 3960 3964 3967
3777 3617 3464 3529 3468 3532 3758 3437 3829
3778 3521 3876 3753 3722 3629 3442 3773 3455
3779 3872 3938 3522 3454 3941 3750 3659 3979 3437 3503 3642 3448 3610 3772 3930 862
3780 3842 3684 3877 3851 3596 3566 3440 3540 3929 3577 3966
3781 3690 3823
3782 3584 3459 3593 3468 3601 3866 3738 3483 3881 3758 3767 3645 3906 3524 3786 3535 3793 3931 3818 3947 3568 3836
3783 3776 3587 3655 3500 3791 3920 3478 3933
3784 3584 3906 3466 3947 3793 3506 3896 3833
3785 3527 3640 3707 3596 3756 3672 3503 3858 3731 3860 3605 3576 3545 3611 3966
3786 3460 3593 3601 3623 3758 3631 3506 3900 3906 3524 3782 3793 3810 3558 3945 3947 3437 3822 3568
3787 3720 3632 3923 3751
3788 3586 3491 3633 3604 3734 3449 3674 3677
3789 3653 3751 3720 3918 3923 3807
3790 3845 3851 3596 3858 3603 3860 3604 3605 3737 3611 3485 3497 3884 3635 3640 3514 3518 3528 3832 3578 3542 3670 3800 3545 3926 3804 3681 3938 3683 3557 3687 3824 3830 3576 3450 3838
3791 3587 3478 3500 3632 3508 3766 3901 3776 3783 3920 3933 3678 3809 3437 3696 3442 3960 3964 3967
3792 3584 3969 3648 3620 3493 3718 3882 3822 3951 3631 3924 3711
3793 3714 3459 3718 3591 3976 3463 3866 3483 3486 3870 3623 3499 3758 3763 3764 3896 3768 3900 3906 3782 3784 3529 3786 3534 3705 3794 3924 3671 3931 3803 3558 3947 3822 3568 3825 3826 3833 3706
3794 3584 3969 3714 3591 3463 3593 3855 3869 3486 3870 3506 3509 3511 3643 3903 3906 3909 3914 3793 3705 3924 3680 3554 3558 3822 3569 3826 3833 3706 3711
3795 3929 3750 3533 3830
3796 3586 3495 3851 3501 3470 3950 3633 3797 3449
3797 3968 3586 3971 3721 3851 3596 3609 3741 3618 3491 3621 3750 3495 3625 3756 3501 3633 1085 3521 3577 3540 3796 3672 3677 862 3550 3938 3948 3692 3440 3697 3573 3830 3448 3449 3962
3799 3716 3848 3918 3763 3638 3480 3513 3647
3800 3456 3462 3851 3596 3730 3731 3604 3605 3734 3737 3488 3756 3501 3503 3633 3762 3640 3512 3514 3527 3528 3576 3577 3790 3542 3926 3677 3557 3943 3944 3687 3824 3830 3702 3448 3449 3962
3801 3921 3885
3802 3521 3713 3907 3753 3722 3599 3921 3442 3705 3773 3455
3803 3680 3617 3906 3555 3714 3622 3690 3532 3564 3437 3821 3793 3890 3509 3706 3486
3804 3456 3845 3596 3731 3860 3605 3604 3737 3611 3485 3488 3627 3884 3633 3762 3635 3640 3514 3518 3654 3527 3528 3913 3790 3578 3926 3542 3672 3545 3930 3670 3681 3938 3557 3559 3687 3824 3702 3830 3448 3450
3805 3440 3449 3950
3806 3624 3905 3963 3894
3807 3789
3808 3544
3809 3776 3587 3747 3500 3933 3791 3920 3887 3508 3476 3478 3766 3901
3810 3584 3458 3719 3855 3612 3620 3493 3623 3881 3758 3506 3764 3896 3768 3643 3646 3906 3786 3924 3555 3947 3437 3568 3833
3811 3546 3949
3812 3682 3459 3662 3536 3549
3813 3864 3700
3814 3490 3624 3949 3446 3549
3815 3715 3907 3590 3455 3615 3629 3599 3728 3921 3636 3867 3740 3835
3816 3648 3694
3817 3842 3684 3851 3542 3611 3484 3485
3818 3782 3623 3593 3768 3568 3601 3764 3896 3705 3866
3819 3874 3912 3657 3628 3725 3437 3473 3538 3445 3868 3743
3821 3617 3671 3878 3881 3690 3466 3499 3564 3927 3535 3825 3829 3510 3511 3931 3933 3803
3822 3969 3458 3714 3718 3463 3976 3855 3869 3870 3486 3896 3906 3909 3786 3792 3793 3794 3705 3924 3680 3569 3826 3572 3833 3706
3823 3617 3714 3781 3464 3946 3468 3437 3535 3474 3507 3539
3824 3456 3462 3596 3858 3731 3860 3605 3734 3737 3611 3873 3877 3497 3627 3756 3501 3884 3633 3762 3640 3514 3902 3518 3651 3654 3913 3790 3670 3926 3800 3545 3804 3557 3838 3697 3702 3830 3576 3578 3966
3825 3843 3459 3600 3601 3612 3614 3489 3617 3499 3758 3764 3652 3534 3535 3793 3665 3931 3564 3437 3821 3583
3826 3584 3969 3718 3463 3976 3468 3869 3486 3870 3890 3509 3896 3643 3900 3906 3909 3793 3794 3705 3924 3680 3558 3822 3951 3569 3958 3833 3711
3827 3553 3521 3722 3505 3455
3828 3596 3475 3603 3605 3604 3633 3640 3514 3651 3545 3684 3557 3966 3574 3448 3577 3578 3707 3838
3829 3714 3843 3972 3464 3593 3466 3469 3726 3474 3602 3738 3752 3499 3630 3758 3761 3506 3634 3515 3900 3777 3529 3915 3532 3534 3668 3554 3555 3558 3945 3821 3956
3830 3594 3596 3604 3605 3609 3611 3617 3625 3633 3635 3639 1085 3649 3654 3656 3669 3670 3674 3680 3683 3684 3691 3695 3697 3700 3702 3721 3734 3736 3741 3744 3750 3755 3756 3765 3790 3795 3797 3800 3804 3824 3832 3842 3860 3864 3873 3883 3898 3902 3911 3918 3926 3943 3948 3437 3957 3448 3449 3962 3966 3968 3456 3970 3971 3467 3479 3480 3488 3495 3502 3512 3514 3516 3517 3518 3523 3533 3540 3545 3560 3563 3574 3576 3577 3578
3831 3968 3521 3842 3938 3684 3461 3750 3495 3456 3559 3526 3851 3884 3703 3736 3484
3832 3528 3596 3437 3790 3482 3730 3635 3702 3830 3640 3514 3518
3833 3969 3714 3718 3591 3976 3593 3486 3758 3506 3509 3896 3643 3900 3906 3909 3784 3793 3794 3924 3680 3810 3947 3822 3951 3826
3834 3617 3881 3499 3437 3568 3764
3835 3713 3715 3590 3850 3722 3599 3728 3867 3615 3753 3498 3629 3636 3521 3907 3921 3553 3815 3442 3710 3455
3836 3975 3465 3476 3612 3757 3759 3893 3774 3519 3910 3782 3918 3675 3708 3437 3571 3957 3701 3579 3964
3837 3975 3437 3918 3759 3757 3571 3476 3957 3701 3675 3774 3519
3838 3712 3971 3845 3462 3851 3596 3852 3471 3475 3604 3605 3603 3737 3611 3485 3488 3491 3877 3503 3635 3891 3640 3514 3642 3902 3527 3528 3790 3450 3542 3926 3672 3545 3930 3934 3938 3557 3559 3824 3828 3573 3702 3576 3449 3578 3707 3452 3966
3839 3504 3626 3586 3677
3840 3521 3553 3685 3526 3850 3629 3505 3698 3508 3644
3841 3456 3586 3851 3604 3734 3480 3492 3625 3756 3501 3633 3656 3449 3540 3545 3674 3929 3677 3938 3684 3692 3948 3950 3448 3577 3962
3842 3968 3456 3971 3851 3475 3736 3611 3484 3873 3618 3491 3877 3625 3501 3886 3521 3780 3908 3667 3540 3929 3545 3938 3683 3817 3948 3440 3697 3830 3831 3577 3966
3843 3499 3437 3825 3829 3645
3844 3616 3848 3437 3638
3845 3488 3448 3693 3838 3790 3902 3891 3604 3475 3702 3672 3545 3611 3804 3485 3966
3846 3746
3847 3592 3626 3979 3916 3660 3610 3477 3674 3772 3677 3775
3848 3616 3844 3918 3638 3799
3849 3904 3444 3861 3742
3850 3840 3521 3526 3753 3722 3629 3472 3505 3698 3442 3508 3482 3835 3644 3455
3851 3968 3841 3842 3456 3586 3971 3471 3475 3604 3734 3609 3611 3741 3618 3491 3877 3750 3625 3501 3889 3633 1085 3517 3651 3780 3525 3527 3577 3790 3796 3797 3672 3800 3545 3674 3938 3556 3943 3817 3948 3693 3692 3438 3440 3831 3448 3449 3838
3852 3971 3471 3475 3604 3611 3741 3873 3877 3497 3902 3667 3542 3926 3672 3545 3684 3563 3838 3573 3966
3855 3810 3591 3976 3822 3758 3506 3794 3509 3643
3857 3657 3595 3628 3917 3725 3567 3473 3538 3743
3858 3456 3721 3596 3731 3604 3737 3488 3884 3514 3518 3651 3528 3785 3790 3926 3670 3930 3938 3557 3687 3824 3576 3578
3859 3738 3443 3870 3543
3860 3721 3596 3605 3737 3495 3514 3518 3902 3448 3528 3913 3785 3790 3545 3930 3804 3938 3557 3687 3437 3824 3830 3576 3578 3966
3861 3454 3621 3463 3496 3849 3437 3600 3444 3733 3742
3862 3713 3498 3722 3629 3663 3599 3728 3636 3608 3455
3863 3662 3446 3546 3549 3679
3864 3813 3911 3502 3700 3669 3830
3865 3442 3740 3526
3866 3584 3906 3524 3558 3782 3623 3818 3947 3690 3468 3568 3793 3768 3645
3867 3713 3521 3907 3553 3590 3815 3455 3498 3629 3694 3599 3921 3735 3705 3835 3740 3710 3615
3868 3874 3912 3595 3819 3725 3628 3567 3917 3473 3538 3892 3541 3739 3743
3869 3714 3463 3593 3602 3604 3612 3486 3506 3509 3510 3900 3906 3529 3794 3924 3931 3680 3558 3690 3947 3822 3826 3572 3705 3583
3870 3584 3714 3718 3859 3486 3620 3896 3643 3906 3660 3793 3794 3924 3680 3558 3947 3822 3826 3706 3711
3871 3628 3725 3917 3473 3538 3739
3872 3522 3779 3684 3495 3979 3950 862 3575 3672 1085 3550
3873 3968 3842 3971 3721 3852 3471 3475 3484 3618 3877 3495 3625 3501 3886 3633 3651 3525 3577 3667 3938 3943 3563 3692 3948 3824 3830 3449 3966
3874 3912 3819 3567 3473 3538 3892 3541 3739 3868
3876 3521 3778 3753 3722 3629 3470 3442 3455
3877 3842 3971 3462 3721 3851 3596 3852 3471 3475 3731 3605 3734 3609 3611 3488 3873 3495 3756 3501 1085 3517 3651 3780 3533 3577 3672 3930 3962 3938 3683 3684 3559 3692 3948 3438 3838 3824 3440 3573 3574 3702 3576 3449 3578 3966
3878 3680 3617 3622 3690 3564 3468 3821 3483 3903
3879 3918
3880 3970 3619 3908 3495 3596 3670 3454
3881 3810 3460 3558 3782 3466 3499 3821 3469 3535 3764 3834 3711
3882 3792 3680 3671
3883 3649 3613 3523 3639 3562 3594 3919 3695 3830 3479 3898 3516 3581
3884 3456 3968 3971 3858 3731 3734 3737 3488 3750 3495 3756 3501 3633 3762 3640 3514 3902 3651 3790 3926 3930 3804 3938 3687 3824 3697 3831
3885 3801
3886 3968 3842 3971 3609 3873 3625 3756 1085 3651 3525 3656 3540 3674 3552 3684 3563 3692 3948 3440 3577 3962 3455
3887 3537 3931 3809
3888 3592 3659 3979 3950 3544 3610 3677
3889 3938 3586 3525 3851 3756 3596 3501 3545 3577 3633 3604 3448 3449
3890 3826 3803 3539 3927
3891 3845 3462 3592 3731 3611 3488 3902 3576 3658 3916 3926 3545 3930 3559 3966 3573 3702 3574 3704 3707 3452 3838
3892 3874 3912 3657 3628 3725 3917 3473 3538 3541 3739 3868 3743
3893 3584 3836 3941 3437 3612
3894 3490 3437 3447 3546 3963 3580 3806 3679
3895 3680 3719 3464 3690 3506 3539 3764 3483 3612 3775
3896 3584 3969 3810 3718 3784 3818 3822 3711 3793 3826 3506 3924 3509 3511 3833 3643 3870 3903
3897 3548 3661 3908
3898 3649 3613 3594 3883 3562 3695 3830 3639 3481 3516 3581
3899 3957 3571 3757 3675
3900 3584 3969 3714 3458 3460 3718 3976 3869 3486 3620 3493 3509 3511 3906 3909 3529 3786 3793 3924 3680 3947 3951 3826 3829 3833 3706
3901 3809 3918 3791 3664 3482 3933
3902 3845 3596 3852 3471 3731 3475 3860 3604 3611 3488 3621 3497 3884 3891 3518 3527 3576 3667 3542 3926 3672 3545 3930 3934 3938 3940 3559 3838 3824 3573 3830 3703 3702 3452 3966
3903 3648 3969 3458 3493 3878 3558 3631 3951 3794 3506 3924 3896 3643 3711
3904 3584 3849 3539 3444
3905 3490 3624 3662 3549 3806 3679
3906 3584 3969 3714 3973 3718 3463 3601 3866 3869 3870 3486 3620 3623 3758 3509 3768 3900 3524 3909 3782 3784 3529 3786 3793 3794 3924 3803 3931 3810 3558 3822 3568 3826 3443 3833 3706
3907 3713 3715 3590 3599 3728 3608 3867 3740 3615 3753 3498 3629 3636 3641 3521 3921 3802 3815 3442 3960 3705 3835 3710 3455
3908 3842 3495 3880 3661 3897
3909 3680 3906 3558 3976 3529 3822 3726 3569 3826 3443 3924 3509 3794 3511 3833 3931 3900 3486
3910 3836 3701 3774
3911 3864 3830 3700 3502
3912 3874 3595 3628 3819 3917 3567 3437 3538 3892 3541 3739 3868 3743
3913 3488 3450 3824 3731 3860 3604 3611 3545 3514 3707 3804
3914 3568 3794 3978 3967
3915 3972 3460 3464 3752 3945 3466 3529 3469 3568 3634 3443 3604 3764 3510 3956 3474 3829 3738
3916 3626 3891 3950 3847
3917 3912 3595 3628 3725 3857 3871 3892 3868 3743
3918 3848 3720 3722 3465 3616 3749 3879 3757 3759 3632 3901 3774 3519 3647 3653 3789 3664 3923 3799 3836 3442 3571 3957 3830 3579 3708 3837
3919 3649 3883 3479 3516 3613
3920 3776 3809 3747 3587 3655 3783 3500 3791 3696 3478 3960 3641 3933 3967
3921 3713 3715 3722 3599 3735 3608 3867 3740 3615 3753 3629 3636 3521 3907 3663 3666 3801 3802 3553 3815 3442 3835 3710 3455
3923 3720 3787 3789 3918
3924 3969 3718 3719 3463 3593 3869 3870 3493 3758 3506 3763 3509 3896 3643 3900 3646 3903 3648 3906 3909 3792 3793 3794 3833 3680 3810 3558 3947 3822 3951 3569 3826 3705 3706 3711
3925 3961 3551 3530 3487
3926 3968 3971 3462 3852 3596 3858 3731 3604 3605 3475 3611 3488 3497 3755 3884 3891 3635 3640 3514 3902 3527 3528 3790 3672 3800 3930 3804 3938 3684 3943 3559 3687 3824 3966 3830 3576 3838
3927 3584 3617 3622 3719 3561 3945 3690 3469 3821 3535 3890 3507 3764 3610
3928 3633
3929 3841 3842 3651 3780 3495 3656 3948 3533 3795 3512 3577
3930 3586 3461 3596 3471 3858 3475 3860 3737 3611 3485 3488 3492 3877 3884 3503 3762 3891 3902 3522 3779 3448 3654 3527 3528 3659 3926 3542 3804 3941 3573 3576 3450 3707 3838
3931 3460 3463 3593 3869 3617 3887 3764 3510 3906 3909 3782 3532 3793 3665 3947 3821 3568 3825 3583
3932 3716 3439 3638 3513 3647
3933 3809 3587 3747 3783 3655 3500 3821 3791 3664 3696 3920 3508 3766 3607 3960 3641 3901 3967
3934 3461 3462 3495 3559 3902 3762 3838
3936 3505 3521
3937 3460 3752 3529 3466 3945 3758 3534 3634 3738 3612
3938 3968 3457 3586 3971 3712 3841 3842 3721 3851 3596 3471 3858 3475 3604 3605 3734 3860 3736 3480 3731 3611 3741 3488 3873 3491 3877 3750 3625 3756 3501 3884 3889 3633 3635 3640 3514 3642 3518 3902 3779 3651 3654 3527 3528 3449 3790 3797 3926 3670 3672 3545 3674 3804 3677 3557 3687 3943 3948 3437 3438 3838 3440 3697 3831 3576 3577 3578 3966
3939 3546 3963 3679
3940 3497 3471 3902 3475 3543 3672 3484 3966
3941 3779 3442 3893 3930 3612 3645
3942 3561
3943 3456 3851 3596 3604 3609 3873 3495 3756 3501 3633 1085 3926 3800 3545 3677 3938 3948 3830 3448 3577
3944 3457 3683 3448 3590 3756 3800 3962
3945 3972 3464 3468 3474 3602 3738 3612 3614 3752 3758 3761 3634 3510 3768 3529 3786 3915 3668 3927 3937 3554 3558 3561 3437 3956 3829
3946 3690 3823
3947 3584 3973 3718 3463 3976 3593 3866 3869 3870 3623 3499 3758 3768 3900 3782 3784 3529 3786 3793 3924 3931 3810 3437 3951 3568 3569 3833
3948 3968 3841 3586 3971 3456 3842 3721 3851 3596 3475 3604 3605 3734 3609 3741 3873 3877 3750 3495 3756 3886 3760 3633 3517 1085 3525 3656 3449 3661 3533 3667 3797 3929 3674 3548 3677 862 3938 3684 3943 3563 3692 3437 3693 3830 3702 3448 3577 3962
3949 3585 3682 3811 3814 3624 3531 3437 3727 3441 3546 3771
3950 3872 3841 3522 3525 3750 3659 3916 3888 3796 3610 3547 3772 3805 3550
3951 3584 3969 3714 3718 3591 3463 3593 3758 3506 3509 3643 3900 3646 3903 3792 3924 3680 3558 3947 3569 3826 3958 3833 3711
3952 3513
3954 3733
3955 3680 3690
3956 3554 3555 3460 3972 3464 3945 3529 3915 3468 3469 3532 3761 3634 3474 3668 3829 3964
3957 3708 3918 3759 3571 3476 3701 3830 3579 3675 3899 3836 3837 3519
3958 3680 3558 3767 3951 3826 3671 3515
3959 3503
3960 3776 3587 3907 3747 3655 3500 3791 3696 3920 3664 3478 3641 3933 3967
3961 3487 3723 3925 567 3551
3962 3968 3841 3456 3596 3604 3734 3609 3491 3877 3495 3625 3628 3501 3756 3886 3760 3633 1085 3521 3525 3667 3797 3800 3672 3545 3677 3684 3944 3692 3437 3948 3830 3577
3963 3939 3437 3894 3546 3806
3964 3776 3587 3747 3500 3791 3956 3766 3478 3836 3967
3965 3571 3701 3759
3966 3842 3971 3845 3852 3471 3860 3604 3611 3485 3488 3873 3491 3877 3497 3891 3514 3902 3448 3780 3527 3785 3658 3540 3926 3545 3938 3940 3684 3824 3828 3702 3830 3576 3838
3967 3776 3587 3747 3655 3914 3500 3791 3696 3920 3478 3960 3641 3964 3933
3968 3456 3842 3461 3721 3851 3734 3480 3609 3873 3618 3491 3750 3495 3884 3501 3886 3756 3633 3772 3525 3656 3831 3667 3540 3797 3926 3677 3550 3938 3683 3563 3948 3692 3440 3830 3703 3962
3969 3584 3718 3486 3620 3493 3758 3506 3896 3900 3646 3903 3906 3792 3794 3924 3680 3822 3951 3569 3826 3833
3970 3619 3525 3880 3693 3830
3971 3456 3842 3851 3852 3596 3471 3611 3484 3873 3618 3491 3877 3750 3495 3755 3884 3501 3886 3633 3520 3540 3797 3926 3550 3938 3556 3684 3948 3693 3438 3440 3697 3966 3830 3449 3838
3972 3752 3945 3466 3915 3469 3726 3634 3443 3956 3829 3764 3738
3973 3568 3906 3947
3975 3708 3465 3757 3759 3571 3476 3836 3837 3519
3976 3584 3909 3947 3822 3855 3793 3826 3833 3643 3900 3486
3977 3769 3442 3629
3978 3625 3914
3979 3872 3522 3779 3847 3592 3626 3437 3888 3610 3674
