34 428 173 414
173 34 549 464 348 414
198 549 393 564 348 476
348 512 514 516 517 518 519 521 522 523 525 526 528 529 530 532 533 534 535 536 537 538 540 541 542 544 545 548 551 553 554 555 556 558 559 560 561 563 564 565 566 567 568 570 571 572 173 198 349 350 351 352 353 354 355 356 357 360 362 363 364 366 367 368 369 370 371 372 373 374 375 376 377 378 380 381 382 383 385 387 388 389 390 391 392 393 394 395 396 397 399 400 402 403 404 405 406 407 408 409 410 411 412 413 414 416 417 418 419 420 421 423 424 425 426 427 428 430 431 432 433 434 435 436 437 438 439 440 442 444 445 446 447 448 449 450 451 455 456 459 460 461 462 463 465 466 467 468 469 470 471 472 473 474 476 478 479 480 482 484 485 486 489 490 491 492 493 494 496 498 499 501 502 504 505 506 507 508 509 510 511
349 434 348 478 534
350 384 546 419 484 519 552 426 397 527 528 561 497 563 369 531 348 543
351 364 348 454 564
352 517 408 394 479 492 493 494 462 431 503 536 412 348 542 375
353 513 514 515 517 391 520 394 524 526 404 408 409 537 412 540 544 420 428 430 431 559 560 561 432 566 567 446 460 462 471 475 348 482 483 487 492 493 366 496 497 370 500 503 376
354 396 397 403 547 555 557 450 452 458 463 474 348 481 355 359 497 376 507 510
355 519 396 397 403 531 412 546 547 548 418 553 555 557 565 452 455 460 463 470 475 348 481 354 359 489 361 367 497 500 373 376 510
356 472 348
357 477 419 389 486 551 424 554 459 369 469 505 348 509
359 391 396 530 403 531 405 422 555 557 562 452 455 470 474 475 354 355 361 489 491 367 376
360 513 514 387 388 520 395 524 523 402 542 543 544 417 415 548 422 553 555 558 432 565 438 567 570 442 444 461 463 348 362 495 373 506 507 510
361 481 450 355 376 359 519 489 463 531 500 568 474 475
362 482 360 492 558 463 560 371 413 373 412 535 473 348 445 542
363 385 514 515 388 521 524 525 526 402 538 414 542 417 419 559 432 436 566 444 455 461 463 348 481 482 483 484 487 492 493 366 367 368 497 506 370 500 373 374 376 378
364 393 399 441 348 351
365 408 520 556
366 513 514 517 391 520 394 395 526 400 402 404 538 539 412 542 544 417 548 553 555 430 559 431 434 436 566 438 446 460 475 348 353 482 483 484 363 493 368 496 497 374 503 376 378
367 519 391 396 525 403 416 546 547 422 555 566 455 474 475 348 481 355 483 376 359 489 491 363 502 504 378
368 517 521 395 525 398 527 404 536 409 538 412 416 553 559 456 462 348 363 493 366 494 371 374 375 378
369 509 516 518 397 407 419 551 424 561 433 563 435 455 457 469 348 477 350 357 486 380 381
370 514 515 520 392 395 524 525 523 527 402 412 540 542 413 416 417 544 419 420 548 423 553 555 428 430 431 432 561 438 439 567 566 451 452 458 461 469 471 475 348 353 483 363 492 497 373 374 376 506 507
371 368 362 348 542
372 545 547 421 422 455 460 429 558 530 531 348 568 539 444 543
373 513 514 387 388 517 390 391 392 520 523 524 397 527 528 400 408 412 413 542 414 544 417 546 545 548 423 553 425 556 428 558 431 559 561 434 563 436 565 439 567 450 456 460 463 465 475 348 355 483 360 362 491 492 363 496 497 370 498 500 502 374 376 506 507
374 513 514 515 517 391 520 521 523 524 525 526 402 412 414 544 545 417 418 420 553 556 430 431 561 563 565 566 439 567 569 570 438 444 451 456 460 461 463 465 475 348 482 483 488 363 492 378 366 368 497 370 373 504 506 507 510
375 352 484 456 525 526 431 368 493 494 398 404 503 409 538 348
376 513 514 515 517 519 520 523 525 526 527 531 538 544 545 547 548 556 557 561 563 566 567 348 353 354 355 359 361 363 366 367 370 373 378 388 390 391 394 395 396 397 400 402 405 410 412 413 414 417 419 420 426 428 431 432 436 438 439 442 444 446 450 452 456 458 460 461 473 475 481 482 483 487 488 489 490 491 492 496 497 500 502 506 507 511
377 348
378 513 514 515 391 394 524 527 400 542 414 544 423 553 426 428 431 559 561 434 563 436 566 452 456 461 471 475 348 482 483 484 488 363 492 366 495 367 496 497 368 500 374 502 376
379 532
380 516 389 486 457 554 369 505 348 509
381 424 457 554 369 469 348 509
382 547 452 555 474 403 500 531 470 410 348
383 387 348
384 552 350 464
385 483 423 363 524 436 507 348
386 401
387 514 520 395 524 525 402 406 412 415 544 417 428 556 559 561 438 567 444 461 348 360 373 507 383
388 400 404 537 412 544 548 421 557 566 567 444 445 450 463 465 475 348 483 487 360 363 492 497 500 373 503 376 507
389 516 357 486 551 424 457 554 518 397 435 469 348 505 380
390 373 475 376 539 348
391 512 514 515 394 524 525 527 539 412 548 556 428 559 561 563 566 567 446 456 458 460 475 348 353 482 483 484 359 487 491 492 493 366 367 497 500 373 502 374 376 378
392 514 515 394 404 537 538 412 423 553 556 428 430 431 559 561 566 567 456 460 473 475 348 483 487 493 370 500 373 506
393 198 364 564 501 441 348
394 512 513 515 517 391 392 520 400 408 538 414 542 544 559 436 438 566 348 352 353 488 492 366 503 376 378 511
395 512 513 387 515 517 523 524 525 398 527 400 402 404 536 537 538 408 412 413 414 542 544 545 417 419 421 422 423 553 425 428 430 431 561 436 438 567 451 452 456 460 465 471 348 483 360 366 495 368 497 370 376 506 507 511
396 531 403 410 546 547 548 422 557 568 450 470 474 475 348 481 354 355 359 489 367 500 376 510
397 513 514 516 389 518 523 402 531 543 544 418 546 420 419 554 426 557 563 439 457 458 469 348 477 350 481 354 483 355 485 369 373 376 506 507 509
398 512 395 525 526 527 404 408 536 538 412 545 430 559 431 561 445 462 479 375 484 488 368 497 503 511
399 364 564 348 441 476
400 512 514 515 388 517 394 395 524 525 404 408 537 538 539 412 409 542 414 544 415 420 421 553 556 428 559 432 561 434 431 566 567 438 444 456 461 475 348 484 488 492 493 366 497 506 373 376 378 511
401 386
402 513 514 387 515 520 523 395 397 524 412 413 542 415 544 417 545 421 422 425 558 559 432 561 563 436 438 566 567 570 444 451 458 460 463 465 475 348 482 360 363 493 366 495 497 370 500 374 376 506 507 508
403 354 355 452 547 359 519 489 553 555 396 367 497 470 475 348 382
404 515 388 392 395 525 526 398 400 408 536 538 537 409 419 421 556 428 559 431 440 444 445 456 465 348 479 353 482 483 484 487 493 494 366 368 500 375 506 511
405 513 418 359 531 376 348 478
406 387 532 437 348
407 426 490 458 528 369 563 533 504 348 510 543
408 512 514 517 394 395 524 525 526 398 400 404 409 538 417 545 419 556 428 430 559 560 561 431 438 439 440 444 445 456 461 465 473 348 479 352 353 483 484 488 365 493 373
409 512 515 517 521 400 404 536 408 538 412 419 431 561 460 462 348 375 479 353 487 492 493 368 497 500 503
410 547 376 555 396 557 463 500 568 474 348 382
411 498 348
412 512 513 387 515 517 388 391 392 520 395 524 525 526 527 400 529 402 528 398 533 409 538 537 542 414 544 417 418 547 548 549 422 423 416 428 431 560 432 434 561 436 565 438 567 569 442 455 456 473 348 352 353 481 483 484 355 376 488 362 492 493 366 496 368 370 500 373 374 504 506
413 448 362 395 460 463 465 402 370 373 535 376 348 445 542
414 513 514 515 394 395 524 400 412 542 544 34 423 553 427 556 173 558 559 561 434 563 436 566 438 461 465 475 348 480 363 492 496 506 500 373 374 376 378
415 545 387 421 520 360 460 556 558 463 400 465 402 535 473 444 445
416 417 557 494 367 432 569 370 368 563 537 348 412
417 514 387 515 517 520 523 524 395 527 402 408 537 538 412 542 416 545 544 553 428 556 431 560 561 559 438 567 570 444 445 456 460 461 475 348 479 483 360 363 492 366 495 497 370 500 373 374 503 376 506 507 508 511
418 514 397 405 412 544 547 553 555 557 432 465 475 348 481 355 497 374 504 506 510
419 517 518 395 525 526 527 397 404 536 409 537 408 540 544 422 423 424 551 428 430 559 431 561 565 567 440 452 456 469 475 348 350 483 357 487 488 363 493 369 370 503 376 505
420 513 514 397 400 537 553 556 430 432 563 566 439 567 451 465 471 348 353 484 370 374 376 506 507
421 388 395 400 402 404 415 543 545 558 563 570 444 445 455 457 465 348 487 493 372 504
422 520 395 523 396 402 412 545 546 547 419 553 555 432 561 438 570 444 449 455 460 474 359 360 489 367 497 372 504
423 513 385 517 392 395 523 525 527 538 412 414 419 553 425 428 556 430 558 559 561 560 431 436 444 461 465 473 475 348 492 378 370 500 373 503 506
424 509 419 516 357 389 486 551 457 554 369 469 505 348 381
425 423 427 523 395 460 428 434 402 373 534 439 570 348 477 479
426 544 471 376 510 524 525 397 431 531 407 504 378 348 350
427 425 428 496 464 563 348 414
428 512 513 514 515 387 517 391 520 392 395 523 525 526 400 404 408 412 542 544 417 545 34 419 423 553 425 427 558 430 431 434 563 436 570 444 451 452 456 460 461 463 465 473 475 348 479 353 482 484 492 378 370 500 373 376 506 507 508 511
429 481 455 522 529 466 531 372 504 539
430 514 392 395 398 526 408 541 419 420 423 553 428 559 432 561 566 439 569 451 465 469 348 353 483 484 493 366 497 370 374
431 513 514 515 517 392 395 525 398 527 400 404 408 536 409 412 417 545 419 423 426 556 428 559 561 563 436 566 438 440 456 465 471 472 475 348 479 352 353 482 483 484 503 487 493 378 366 497 370 500 373 374 375 376 506 507
432 513 514 521 525 527 400 402 412 541 544 416 418 545 420 422 553 557 430 561 563 566 439 438 569 570 444 451 452 455 465 471 475 348 353 482 483 360 363 370 376 506 507
433 455 528 369 563 533 504 348 510
434 515 523 400 534 412 414 425 428 559 563 436 566 456 458 475 348 349 490 492 366 506 373 378
435 389 518 555 459 497 369 348
436 513 385 517 394 395 527 402 412 414 542 423 553 556 428 431 559 561 434 438 566 461 465 475 348 478 483 484 488 363 492 366 496 497 506 373 376 378 507
437 453 462 463 498 467 532 499 406 348
438 513 514 387 517 520 521 394 395 524 400 402 408 412 414 417 546 548 422 553 556 431 559 561 432 563 436 566 444 446 452 460 461 465 473 475 348 483 488 360 492 366 495 496 497 370 500 374 503 376 506 507 511
439 513 514 517 520 523 525 397 527 408 538 542 544 420 425 553 430 432 561 563 566 442 570 444 445 456 458 461 465 471 473 475 348 477 487 370 500 373 374 376 506 507
440 449 419 484 456 525 493 431 496 404 348 408 538 508 479
441 393 476 364 399
442 360 523 460 563 439 376 412 475 348
443 453
444 387 388 520 400 402 531 404 408 538 415 544 417 421 422 423 428 556 432 438 439 570 445 449 460 473 475 348 483 487 360 488 504 363 372 500 374 503 376 506 507
445 388 520 398 404 535 408 413 542 415 417 421 556 560 439 444 460 463 465 473 348 487 362 492 493 495 500
446 353 482 515 548 483 391 487 490 491 492 366 438 376 539 348
447 348
448 348 413
449 422 440 563 504 444 507 348
450 354 388 452 519 361 396 463 497 531 500 373 475 376 474 539 348
451 513 395 402 544 420 553 428 556 430 432 561 569 465 471 348 493 370 374 503 506 507
452 513 510 519 521 395 403 544 546 419 553 555 428 557 559 432 438 566 450 463 465 470 354 355 359 489 497 370 500 376 378 382
453 443 437
454 564 351
455 522 528 412 541 543 546 421 422 553 429 557 432 433 563 565 568 348 355 359 363 367 497 369 500 372 504 506
456 512 513 391 392 520 523 395 525 400 404 408 537 538 412 417 419 553 428 559 431 561 434 563 566 439 440 460 462 465 473 348 479 484 493 494 495 368 497 506 496 373 374 375 376 378 511
457 516 389 421 551 424 486 518 459 397 369 381 563 469 380 509
458 514 515 391 397 402 407 545 553 555 434 439 469 470 475 354 489 496 497 370 376 507 510
459 516 357 518 551 457 563 435 348
460 514 515 517 391 392 521 520 523 395 402 535 409 413 542 415 543 417 545 547 544 422 553 425 428 559 560 438 567 442 570 444 445 456 461 463 465 348 479 353 482 355 366 495 497 372 373 374 376 506 507 508
461 513 387 517 520 523 524 525 527 400 408 542 414 544 417 423 553 428 559 436 438 439 567 460 463 465 471 475 348 360 363 492 378 497 370 374 376 506 507
462 352 353 512 517 487 456 525 494 398 368 532 437 409 538 348
463 388 517 519 524 402 531 410 413 415 547 555 428 557 437 570 445 450 452 460 461 473 475 348 481 354 483 355 360 361 362 363 489 500 373 374 504
464 552 384 427 173
465 513 515 388 517 395 525 526 402 404 535 408 537 538 413 414 415 544 418 420 421 423 428 556 558 559 432 561 430 431 436 557 438 566 439 569 570 567 445 451 452 456 460 461 471 473 475 348 483 484 487 493 495 500 373 374 503 506 507 511
466 481 522 429 531 504 539 348
467 348 532 572 437
468 348
469 516 389 518 397 540 419 424 553 554 430 563 457 458 348 357 486 369 370 497 505 381
470 355 452 359 519 458 396 562 403 507 348 382
471 513 514 515 395 524 420 553 426 431 432 561 559 563 566 439 567 451 461 465 475 348 353 370 378 507
472 356 431 533 567 348
473 515 392 525 527 535 408 539 412 415 423 428 556 560 561 438 439 444 445 456 463 465 348 483 362 495 503 376
474 354 547 450 546 422 359 548 489 361 396 367 531 410 475 348 382
475 513 514 515 388 517 390 391 392 519 523 396 524 525 400 402 403 531 542 414 544 417 418 547 419 546 423 553 555 428 557 556 559 432 431 434 563 436 565 561 567 439 438 442 566 444 450 458 461 463 465 471 474 481 482 483 484 353 355 359 488 361 489 487 366 367 496 497 506 370 500 373 502 374 376 378 507
476 198 399 501 441 348
477 516 485 518 357 425 554 397 369 563 439
478 496 436 405 534 348 508 349
479 512 513 517 520 525 398 527 404 408 409 538 542 545 417 425 428 431 440 456 460 348 352 483 484 492 493 503 511
480 563 348 540 414 543
481 519 522 396 397 531 539 412 418 547 429 463 466 475 354 355 504 489 361 363 367 376
482 515 517 391 525 402 404 548 428 556 431 432 446 460 475 348 353 483 362 363 366 496 497 374 376 378 507
483 385 513 388 517 391 520 392 395 397 526 527 525 404 408 537 538 412 544 417 419 553 430 431 560 432 559 561 436 566 567 438 444 446 463 465 473 475 479 353 482 484 363 492 493 366 367 496 494 370 506 500 373 374 497 376 378 507
484 514 515 517 391 520 526 398 400 527 404 408 536 538 537 412 544 420 428 430 431 560 436 567 440 456 465 475 348 350 479 483 363 493 366 494 497 506 500 375 378 511
485 518 397 563 348 477
486 516 389 357 551 424 457 369 469 348 505 380 509
487 388 391 392 525 404 409 419 421 556 559 431 439 444 445 446 462 465 475 353 363 492 493 500 503 376
488 512 513 517 394 524 398 527 400 408 412 419 556 436 438 444 475 496 497 374 376 378 511
489 519 396 403 531 535 547 422 555 557 452 458 463 474 475 348 481 355 359 361 367 376
490 548 491 434 502 407 376 348 446
491 548 359 391 490 367 373 502 376 348 446
492 513 515 388 517 391 394 400 409 412 414 544 417 423 553 428 559 560 561 434 436 438 566 567 445 446 461 348 479 352 353 483 487 362 363 378 495 497 370 500 373 374 503 376 506
493 514 517 391 392 400 402 404 536 409 538 539 412 408 545 419 421 556 557 430 431 560 561 440 445 451 456 465 348 479 352 353 483 484 487 363 366 368 500 375 507 511
494 352 416 483 484 517 456 462 559 368 561 497 404 503 536 537 538 348 375
495 417 514 520 360 456 395 492 460 558 465 402 570 438 473 378 507 445 542
496 513 514 515 523 412 414 553 427 436 565 566 438 440 456 458 475 348 478 353 482 483 488 366 378 497 373 376 506 507 508
497 388 517 391 520 395 524 525 526 398 527 400 402 403 523 409 537 538 542 544 417 546 418 545 422 555 557 430 431 559 561 435 436 565 566 567 438 570 450 452 455 456 458 460 461 469 475 350 353 482 355 484 483 354 488 363 492 366 378 496 494 370 500 373 374 503 376 506 507 510
498 532 373 437 411 348
499 532 437 348
500 513 388 517 391 520 521 392 396 525 524 402 531 404 537 409 410 412 414 542 417 546 547 548 423 553 428 557 556 431 560 563 565 438 439 444 445 450 452 455 463 465 475 353 483 484 355 487 361 363 492 493 497 506 373 503 376 378 507 382
501 393 476 564 348
502 548 391 490 491 367 373 376 539 378 475 348
503 513 514 388 517 394 524 398 526 537 538 409 539 542 417 419 423 556 557 559 431 438 566 444 451 465 473 479 352 353 487 492 494 366 497 500 375 511
504 521 522 528 531 407 539 412 541 543 544 418 547 548 421 422 553 426 555 429 433 562 570 571 444 449 455 463 466 348 481 367 374 506 507 510
505 419 516 357 486 389 424 551 554 469 348 380 509
506 513 514 517 519 520 521 392 395 524 525 397 527 400 402 404 537 412 414 544 417 545 418 420 423 553 428 557 431 432 559 434 563 436 438 439 566 444 451 455 456 460 461 465 475 348 483 484 360 504 363 492 496 497 370 500 373 374 376 508
507 385 514 513 388 517 387 515 520 523 524 525 526 397 395 402 544 417 420 553 556 557 428 431 432 561 563 436 565 438 439 566 570 444 449 451 458 460 461 465 470 471 475 348 482 483 354 360 504 493 495 496 497 370 500 373 374 376 510
508 544 417 478 520 428 460 496 402 563 534 440 506 348 541 542
509 516 357 486 518 424 457 554 551 397 369 348 505 380 381
510 521 396 533 407 418 553 426 555 433 563 452 458 348 354 355 360 497 374 504 507
511 512 517 394 395 398 400 404 536 538 545 417 428 556 559 561 438 456 465 348 479 484 488 493 503 376
512 513 515 517 391 394 395 525 526 398 400 536 408 409 412 556 428 561 456 462 348 479 488 511
513 512 515 517 394 395 524 525 397 527 523 402 405 537 412 542 414 544 420 423 553 428 557 431 432 436 566 439 438 567 451 452 456 461 465 471 475 479 353 483 360 488 492 366 378 496 500 373 374 503 376 506 507
514 387 391 392 520 524 397 525 527 400 402 408 537 538 541 414 544 417 418 420 548 428 430 559 432 561 431 438 566 439 569 570 458 460 471 475 348 353 484 360 363 493 366 495 378 496 370 373 374 503 376 506 507
515 512 513 519 392 391 394 395 524 525 527 400 402 404 409 412 414 545 417 553 555 428 431 434 566 446 458 460 465 471 473 475 353 482 484 363 492 496 370 374 376 378 507
516 509 389 486 551 424 457 554 459 397 369 563 469 348 505 380 477
517 512 513 520 394 395 524 525 526 527 400 408 537 538 409 412 536 544 545 417 419 423 556 428 559 431 561 436 566 438 439 460 461 462 463 465 475 348 479 352 353 482 483 484 488 492 493 494 366 368 497 500 373 374 503 376 506 507 511
518 477 419 485 389 551 457 554 459 397 369 435 563 469 348 509
519 515 403 531 546 547 548 555 557 450 452 463 470 475 348 350 481 355 489 361 367 376 506
520 514 387 517 394 523 527 402 412 542 415 544 417 545 422 553 428 561 563 438 567 439 570 444 445 456 460 461 479 353 483 484 360 365 366 495 497 370 500 373 374 376 506 507 508
521 544 452 363 460 432 368 500 438 374 504 409 506 348 510
522 481 546 455 568 429 529 466 531 504 539 348
523 513 520 395 397 402 534 544 417 422 423 553 425 428 561 434 563 439 442 456 460 461 475 348 360 496 497 370 373 374 376 507
524 385 514 513 387 517 515 391 395 525 400 402 408 412 542 414 544 417 553 426 561 438 567 461 463 471 475 353 488 360 363 378 497 370 500 373 374 503 506 507
525 512 513 514 515 387 517 391 395 524 398 527 400 404 408 537 538 412 542 544 545 419 548 423 426 428 559 432 431 563 566 439 567 440 456 461 462 465 473 475 348 479 482 483 487 363 367 368 497 370 500 374 375 376 506 507
526 512 517 398 404 408 538 412 419 553 428 430 559 561 566 465 348 375 353 483 484 363 366 497 374 503 376 507
527 513 514 515 517 391 520 395 525 398 538 412 417 419 423 553 559 431 561 432 436 567 439 461 473 350 479 483 484 488 378 368 497 370 373 376 506
528 455 553 433 563 348 373 407 504 412 350 543
529 522 429 531 348 539 412
530 372 348 359
531 519 522 396 397 529 405 539 543 546 547 426 555 557 429 563 570 444 450 463 466 474 475 350 481 355 359 504 489 361 372 500 376 382
532 462 498 467 499 437 406 379 348
533 407 433 348 472 412 510
534 425 523 508 434 563 348 349 478
535 489 362 460 465 473 348 445 413 415
536 352 512 545 419 484 517 395 493 398 494 368 431 404 409 538 348 511
537 513 514 388 517 392 395 525 400 404 538 412 416 545 417 419 420 559 561 566 456 465 348 353 483 484 494 497 500 503 506
538 514 517 392 394 395 525 526 527 400 398 404 408 537 536 409 412 542 417 423 559 560 561 439 440 444 456 462 465 348 479 375 483 484 363 493 494 366 368 497 503 376 511
539 390 391 522 400 529 531 429 560 568 446 450 466 473 481 493 366 372 502 503 504
540 480 353 419 559 560 370 469 348
541 514 455 504 430 432 563 348 568 508
542 513 520 394 395 524 525 400 402 538 412 413 414 417 553 556 428 560 561 436 439 567 445 460 461 475 348 479 352 360 362 363 366 495 497 370 371 500 373 503 378 508
543 480 545 546 421 455 360 460 397 558 528 531 372 407 504 570 350
544 513 514 387 388 517 520 521 394 523 524 525 397 395 400 402 412 414 545 418 419 417 553 426 428 557 559 432 561 563 566 439 570 444 451 452 460 461 465 475 348 353 483 484 360 504 492 366 497 506 370 373 374 376 378 507 508
545 515 517 520 395 525 398 402 536 537 408 543 544 417 415 421 422 428 558 431 432 561 559 570 458 460 348 479 493 497 372 373 374 376 506 511
546 519 522 396 397 531 543 547 422 555 563 438 452 455 474 475 350 355 367 497 500 373
547 519 396 531 403 410 412 546 418 422 557 460 463 474 475 481 354 355 376 489 367 372 500 504 382
548 514 388 391 519 396 525 412 556 438 446 474 348 482 355 376 360 490 491 366 370 500 373 502 504
549 563 412 173 198
551 419 516 389 357 486 518 424 554 459 457 369 505 348 509
552 464 384 350
553 513 515 392 520 395 524 523 526 527 400 528 403 414 542 544 417 418 420 422 423 555 556 428 558 559 432 561 430 560 436 565 438 439 567 569 570 566 451 452 455 456 458 460 461 469 471 475 348 483 355 360 492 366 368 496 506 370 500 373 374 504 378 507 510
554 477 516 389 518 551 424 357 397 381 563 469 348 505 380 509
555 382 515 519 531 403 410 546 418 422 553 557 435 452 458 463 475 348 354 355 359 360 489 366 367 497 370 504 510
556 512 387 517 391 392 400 404 408 542 414 415 417 420 548 423 553 431 559 563 436 438 444 445 451 465 473 475 348 482 487 488 365 493 500 373 374 503 376 507 511
557 513 388 519 396 397 531 410 416 544 418 547 555 432 570 452 455 463 465 475 354 355 359 489 493 497 500 503 376 506 507
558 545 421 423 360 553 362 428 543 495 465 402 372 373 570 348 414 415
559 514 387 517 391 392 394 525 398 527 400 526 402 404 408 537 538 540 414 544 545 417 419 423 553 556 430 431 561 434 436 566 567 438 452 456 460 461 465 471 475 348 353 483 487 363 492 366 494 368 378 497 373 503 506 511
560 408 538 539 412 540 542 417 423 553 561 565 445 460 473 348 353 483 484 362 492 493 500
561 512 514 387 517 391 520 392 395 524 523 526 527 400 398 402 408 409 537 538 412 542 414 544 417 545 419 422 423 553 430 431 432 560 559 436 566 439 438 451 456 465 471 473 475 348 350 353 483 492 493 494 497 370 369 373 374 376 378 507 511
562 504 470 359
563 516 518 391 520 523 397 525 528 402 531 534 407 541 414 544 416 546 420 421 549 554 427 428 556 431 432 433 434 438 439 569 442 449 455 456 457 459 469 471 475 348 477 350 480 485 378 369 500 373 374 376 506 507 508 510
564 198 454 393 399 501 348 351
565 419 355 455 360 553 496 497 560 500 373 374 507 348 475 412
566 513 514 515 388 517 391 392 394 525 526 400 402 537 414 544 420 553 430 431 432 561 434 559 436 438 439 567 452 456 465 471 475 348 353 483 363 492 366 367 496 497 370 378 374 503 376 506 507
567 513 387 388 391 392 520 395 524 525 527 400 402 412 542 417 419 420 553 559 566 460 461 465 471 472 475 348 353 483 484 360 492 497 370 373 374 376
568 455 361 522 396 372 410 539 348 541
569 416 514 451 553 430 432 465 563 374 412
570 514 520 402 531 543 544 417 545 421 422 425 553 428 557 558 432 439 444 460 463 465 348 360 495 497 374 504 507
571 504 348
572 467 348
