686 687 688 689 690 691 692 693 695 696 697 699 700 702 704 705 706 707 708 709 710 711 712 715 716 717 718 719 720 721 722 723 725 726 727 728 730 731 732 733 735 737 738 739 740 741 742 743 744 745 746 747 749 750 753 754 755 756 757 758 759 760 763 765 767 768 770 771 772 773 774 776 778 779 780 781 782 783 784 785 787 788 789 792 793 794 795 796 798 799 800 801 802 803 804 805 806 807 808 809 810 811 812 814 815 816 818 819 821 823 824 825 826 827 828 829 830 831 832 833 834 835 836 837 839 840 841 842 843 844 845 846 847 848 849 850 851 852 854
687 774 780 783 797 805 807 686 688 817 819 820 697 828 830 703 838 718 728 856 730 739 747 764 765
688 771 772 774 777 780 792 800 686 815 687 819 821 694 695 696 697 824 828 830 834 840 713 845 719 723 724 726 727 734 739 740 747 751 752 756
689 839 712 714 686 732 702
690 773 713 686 820 853 694 831
691 746 686 822 782
692 686
693 834 713 778 844 823 686 695 824
694 772 773 774 780 781 784 795 798 800 810 812 815 688 690 820 823 824 695 696 827 697 829 830 831 705 706 834 710 713 842 845 847 722 724 853 726 727 731 737 738 745 752 754 756 760 766
695 777 778 780 781 794 805 686 815 688 693 694 696 697 824 700 829 830 701 834 706 711 713 842 844 718 847 719 724 853 726 734 738 745 751 752 754 760 766
696 773 774 778 784 795 805 686 688 694 695 824 697 829 830 834 711 840 713 842 719 724 738 739 747
697 769 772 777 780 781 800 805 686 687 688 815 818 819 820 694 695 824 696 698 827 828 701 705 834 835 708 709 840 713 842 844 719 849 721 726 856 731 747 748 753 754 760 765
698 769 803 804 774 776 745 810 840 713 719 753 825 697 798 703
699 833 686
700 686 815 784 695 794 795
701 834 713 842 778 780 781 747 777 845 754 724 821 726 695 760 697 794 830
702 839 686 689 789 822 732
703 779 781 787 792 793 797 805 809 687 817 819 820 824 698 828 831 835 709 843 845 718 719 856 728 739 741 747 754 759 764 765
704 848 777 686 799
705 770 772 773 778 780 781 784 787 800 803 807 810 686 814 819 820 694 823 824 697 827 828 830 831 834 706 835 836 713 842 843 844 715 718 847 720 849 722 719 726 728 731 738 739 741 745 747 748 752 755 758 759 760 761 762 764
706 705 773 745 810 713 686 847 815 752 719 853 694 695 731 828
707 736 833 768 742 712 714 746 686 767
708 769 781 797 800 814 686 819 823 824 697 827 828 840 713 719 849 724 856 730 747 753 760
709 835 805 838 840 777 843 686 848 754 819 823 824 697 828 703
710 711 810 686 847 694
711 738 710 745 842 727 686 847 752 722 724 853 695 696 795 828 829 766
712 768 707 742 839 714 686 782 816 689 789 822 767
713 772 773 774 777 778 780 781 782 817 784 794 800 805 810 813 814 815 688 816 690 818 819 693 694 695 696 697 698 827 828 701 830 831 829 705 834 706 708 833 840 844 847 721 722 851 724 853 731 734 736 738 823 742 745 746 748 752 760 766
714 707 771 806 839 712 689 725 822 789 732 767
715 705 738 834 805 814 686 827
716 770 741 747 686 718 849 820 728 795 799
717 852 686 855
718 781 787 793 797 803 805 814 687 686 817 815 823 695 827 703 705 834 716 719 720 730 745 747 748 758 762 764
719 768 772 784 787 799 800 805 810 686 814 688 817 819 820 823 696 697 698 827 828 829 830 703 695 705 706 834 708 842 845 718 720 849 722 848 724 853 726 727 728 731 733 745 747 755 756 760 762 764 766
720 832 705 739 803 774 745 809 781 718 686 719 787 755 790 793 730
721 736 713 686 848 697
722 768 705 737 738 711 745 713 686 719 784 853 694
723 770 745 686 688 849 830 727 826 734
724 777 781 784 794 795 805 814 688 819 820 821 694 695 823 696 826 827 828 829 830 701 824 834 708 711 713 842 719 848 853 726 731 734 736 738 742 745 752 754 760 766
725 771 806 839 714 686 818 732
726 773 778 780 781 812 686 815 688 820 821 694 695 823 824 697 828 701 830 705 834 719 724 853 731 745 751 752 754 760 766
727 770 784 800 805 686 688 694 824 828 830 711 845 846 719 847 723 853 752 756
728 774 779 780 783 792 797 803 805 807 809 686 687 817 819 820 824 703 705 838 716 719 856 730 737 739 741 747 754 759 764 765
729 856 804
730 803 708 747 718 686 687 849 720 787 783 728 763 764 797
731 774 781 784 805 686 815 694 697 827 828 830 705 706 834 713 719 847 724 726 745 752
732 802 806 714 686 689 818 788 725 789 822 702
733 768 839 686 782 719 786 795
734 803 805 713 842 846 847 784 785 688 723 756 853 724 695 849 760
735 856 769 819 686
736 833 707 713 746 816 721 818 724 788
737 837 773 805 745 843 686 728 815 722 820 694 824 828 830
738 774 781 784 794 795 805 813 686 694 695 696 826 829 705 711 713 842 715 722 724 853 745 751 760
739 774 780 787 793 797 805 807 686 687 688 823 696 828 703 705 840 720 728 740 747 754 764
740 770 739 748 686 688 817 831
741 800 705 770 835 836 807 716 781 686 763 820 823 728 827 828 703
742 707 712 713 686 786 724 789 759
743 833 686
744 848 686
745 773 774 781 784 795 799 800 686 815 817 820 694 695 698 828 829 830 705 706 711 713 842 845 718 847 720 719 722 723 724 853 726 731 737 738 747 752 755 760 762
746 736 833 707 713 686 816 691
747 769 773 774 780 792 793 797 800 804 805 807 809 810 686 687 688 815 823 696 697 828 701 830 703 831 705 708 837 838 840 716 718 719 848 849 856 728 730 739 745 748 752 753 754 758 763 765
748 705 770 740 713 779 747 718 849 787 793 697 764 797 830 831
749 757 686
750 770 686
751 738 688 784 726 695 795 828 830
752 773 774 784 800 805 810 688 820 694 823 695 827 828 829 830 831 705 706 711 713 842 847 724 853 726 727 731 745 747 759 766
753 769 708 747 686 819 823 856 697 698
754 773 777 779 780 805 686 815 821 694 695 823 697 701 830 703 835 709 838 840 848 724 726 728 739 747
755 705 836 745 809 845 686 719 783 849 720 758 827 797
756 805 686 847 688 719 694 727 826 827 734
757 749 686 775
758 705 836 808 809 747 814 783 686 849 718 787 755 793
759 705 742 686 752 728 828 766 703
760 781 784 794 800 805 814 686 820 694 695 823 697 828 829 701 830 705 834 708 713 842 719 724 726 734 738 745 766
761 800 705 772 842 848
762 705 805 745 810 781 814 719 718 827 799
763 770 803 804 741 836 747 686 849 820 730
764 779 781 783 787 793 797 805 809 687 823 824 828 703 705 838 843 718 719 728 730 739 748
765 835 807 747 779 843 686 687 792 728 697 703
766 771 780 784 805 810 815 820 694 695 824 828 830 711 713 719 847 849 724 853 726 752 759 760
767 707 839 712 714 686 822 796
768 833 707 839 712 686 719 816 722 789 822 733
769 800 708 774 747 811 753 856 697 698 735
770 777 781 797 799 686 820 824 828 705 716 845 849 723 727 740 741 748 750 763
771 802 806 839 714 686 688 850 789 725 766
772 800 705 805 713 845 686 719 814 688 761 694 856 697 827 828
773 774 780 781 784 810 686 815 690 694 823 824 696 827 829 705 834 706 713 842 853 726 737 745 747 752 754
774 769 773 784 800 805 811 686 687 688 819 820 694 823 696 824 698 830 713 843 720 853 856 728 731 738 739 745 747 752
775 757
776 698 686
777 704 770 709 713 780 688 754 724 695 824 697 701 830
778 705 834 713 812 844 686 693 726 695 696 828 701 830
779 835 828 807 840 748 686 728 754 823 792 764 765 703
780 773 777 805 686 815 687 688 819 694 695 823 824 697 828 701 705 834 835 838 840 713 845 726 728 739 747 754 766
781 770 773 783 793 794 800 805 809 810 686 815 817 694 695 824 697 701 830 703 829 705 834 708 836 713 718 720 849 724 726 731 738 741 745 760 762 764
782 833 804 712 713 829 686 786 691 733
783 809 781 686 687 849 817 755 820 787 758 728 793 730 827 764
784 773 774 794 795 800 686 694 824 696 827 700 829 705 834 713 719 722 724 853 727 731 734 738 745 751 752 760 766
785 846 686 734
786 833 742 733 813 782 829
787 783 793 797 803 809 686 817 823 827 703 705 836 718 719 720 849 730 739 748 758 764
788 736 732 686 806
789 768 833 771 806 742 712 714 686 818 732 702
790 832 720
791 818 822
792 779 803 807 686 815 688 819 823 824 828 830 703 835 837 838 850 728 747 765
793 781 783 787 797 808 809 686 817 703 836 718 720 849 850 739 747 748 758 764
794 738 713 842 781 686 784 724 695 760 795 700 701
795 738 711 745 829 716 813 686 751 784 820 853 694 724 696 794 700 733
796 806 686 818 822 829 767
797 770 739 708 764 808 809 747 748 718 687 787 755 820 728 793 730 828 703
798 698 852 686 694
799 704 770 835 745 716 813 686 845 719 814 762
800 769 772 774 781 784 805 810 811 686 814 688 694 823 697 827 828 705 708 713 842 719 851 853 727 856 741 745 747 752 760 761
801 686
802 771 806 686 818 732
803 705 840 686 718 720 728 792 787 820 698 730 763 734
804 747 686 782 849 856 729 698 763
805 772 774 780 781 800 807 810 686 687 815 817 814 818 823 824 697 696 827 828 695 703 831 834 837 709 838 840 713 842 715 844 718 847 719 724 853 727 728 731 734 737 738 739 747 752 754 756 760 762 764 766
806 833 802 771 732 839 714 686 850 818 788 789 725 822 796
807 705 739 805 838 741 747 843 779 686 728 687 856 819 823 792 765
808 809 686 758 793 797
809 808 747 781 686 783 720 817 787 755 758 728 793 827 764 797 703
810 773 781 800 805 814 815 686 694 823 698 827 828 705 706 834 710 713 842 719 847 853 856 747 752 762 766
811 800 769 774 686 856
812 837 778 686 815 726 694 824
813 833 738 713 786 795 799
814 772 799 800 805 810 686 827 828 705 834 708 713 842 715 718 719 724 853 758 760 762
815 773 780 781 792 805 810 812 686 688 819 694 823 824 695 697 700 828 706 835 834 838 713 718 853 726 856 731 737 745 747 754 766
816 736 833 768 712 713 746 686 850
817 781 783 787 793 805 809 687 819 827 828 830 703 713 718 719 850 728 740 745
818 736 802 732 805 806 839 713 686 789 822 791 725 697 796
819 774 780 792 807 686 687 688 817 815 823 824 697 827 828 830 703 705 834 835 708 709 838 840 713 719 848 724 728 856 735 753
820 770 774 783 795 797 803 687 690 694 824 697 828 830 703 831 705 834 716 845 719 848 849 724 853 726 728 737 741 745 752 760 763 766
821 836 686 688 754 724 726 701
822 768 732 806 839 712 714 818 691 850 791 796 702 767
823 773 774 779 780 787 792 800 805 807 810 686 815 819 693 694 827 830 705 834 835 708 709 838 840 713 843 718 719 724 853 726 856 739 741 747 752 753 754 760 764
824 770 773 774 777 780 781 784 792 805 812 686 815 688 819 820 693 694 695 696 697 826 827 828 829 830 703 705 834 835 708 837 838 709 842 843 844 848 849 724 726 727 728 737 764 766
825 856 698 686
826 738 842 686 723 724 756 824 830
827 772 773 783 784 787 800 805 809 810 686 814 817 819 694 823 824 697 828 830 705 834 708 713 715 718 719 849 724 731 741 752 755 756 762
828 770 772 778 779 780 792 797 800 805 810 686 687 688 815 814 817 820 819 824 697 827 829 830 703 705 834 706 708 709 838 711 837 713 840 835 844 846 847 719 849 848 851 724 853 726 727 856 731 737 739 741 745 747 751 752 759 760 764 766
829 773 781 782 784 786 795 796 686 694 695 824 696 828 834 711 713 842 847 719 724 853 738 745 752 760
830 774 777 778 781 792 686 687 688 817 819 820 694 695 696 824 826 827 828 701 823 705 834 838 713 844 846 719 847 849 723 724 853 726 727 856 731 737 745 747 748 751 752 754 760 766
831 705 740 805 713 747 748 686 752 690 820 853 694 703
832 720 686 790
833 736 768 707 806 743 713 746 813 782 686 816 786 789 699
834 773 778 780 781 784 805 810 814 686 688 815 819 820 693 694 823 824 696 697 695 828 701 829 830 827 705 713 842 715 844 718 847 719 724 726 731 760
835 779 780 792 799 686 815 819 823 824 697 828 703 705 837 838 709 741 754 765
836 705 741 781 686 755 787 821 853 758 793 763
837 737 835 805 840 747 812 686 792 824 828
838 780 792 805 807 687 815 819 823 824 828 830 835 709 840 856 728 747 754 764
839 768 771 806 712 714 686 689 818 725 822 733 702 767
840 779 780 803 805 686 688 819 823 696 697 698 828 708 837 709 838 713 848 739 747 754
841 686
842 773 794 800 805 810 686 814 694 695 824 697 826 696 829 701 705 834 711 719 724 853 734 738 745 752 760 761
843 737 705 709 774 807 686 823 824 764 765 703
844 705 834 805 713 778 686 848 693 695 824 697 828 830
845 770 772 745 780 686 719 688 703 849 755 820 694 727 701 799
846 734 686 785 727 828 830
847 805 810 686 694 695 828 829 830 705 834 706 710 711 713 853 727 731 734 745 752 756 766
848 704 709 744 840 747 844 686 719 721 754 819 820 724 824 761 828
849 770 781 783 787 793 804 686 820 824 697 827 828 830 705 708 716 845 719 723 730 734 747 748 755 758 763 766
850 771 806 686 816 817 822 792 793
851 800 713 828 686
852 686 717 798 855
853 773 774 784 795 800 805 810 814 815 690 820 694 823 695 828 829 830 831 706 836 711 713 842 847 719 722 724 726 727 734 738 745 752 766
854 686
855 852 717
856 769 772 774 800 804 807 810 811 687 815 819 823 825 697 828 830 703 708 838 728 729 735 747 753
