686 687 689 690 691 693 694 696 697 698 701 704 707 708 709 712 713 715 716 717 718 719 720 721 723 724 726 727 728 730 733 734 737 738 739 740 741 742 743 744 745 746 748 749 750 751 752 755 756 757 758 759 760 761 762 763 764 765 766 767 768 769 770 772 774 775 777 778 779 780 781 782 784 785 786 788 789 791 792 793 794 795 796 797 799 800 801 802 803 805 806 809 810 811 812 813 814 815 816 817 818 819 822 823 825 826 828 829 830 832 833 835 836 837 838 839 840 841 842 844 845 846 847 848 849 850 851 852 853 854 855 856
687 774 777 779 780 783 797 807 686 817 819 820 823 697 830 703 838 718 728 730 739 747 764 765
688 770 771 774 777 780 792 800 805 815 819 821 694 695 824 697 828 701 830 840 713 845 847 719 723 853 726 727 856 739 740 747 751 752 754 756 766
689 839 686 789 732 702
690 713 686 784 820 853 731
691 833 771 746 686 782
693 705 834 837 778 844 686 726 823 824 828
694 772 773 780 781 784 795 798 800 805 812 686 815 688 820 821 823 824 695 697 696 829 830 831 703 705 834 711 713 842 845 719 848 722 724 853 726 727 731 738 752 756 760 766
695 777 778 780 781 784 794 805 815 688 694 824 697 696 700 829 701 830 834 840 713 844 718 847 719 724 853 738 745 751 752 766
696 773 795 805 686 694 695 824 823 828 829 830 834 711 840 713 842 845 719 724 853 727 738 745
697 772 777 780 781 800 805 686 687 688 815 819 820 694 695 824 823 698 827 828 701 830 834 835 708 709 840 713 842 844 848 849 721 724 727 856 731 745 747 748 753 754 760 765
698 769 774 776 798 800 804 810 811 686 819 823 697 825 828 703 840 713 719 856 729 747
700 815 784 695 794 795
701 834 774 777 778 747 780 781 845 686 688 754 821 726 695 697 830
702 839 714 689 789 822 732
703 781 787 792 793 797 805 807 809 687 815 817 819 820 694 823 824 698 827 828 831 705 835 838 843 845 718 719 856 730 739 741 747 754 759 764
704 848 777 770 686
705 770 772 773 778 780 781 784 800 805 807 808 809 814 820 693 694 823 824 827 828 830 703 831 834 706 836 835 842 715 844 845 718 847 719 849 722 853 726 728 731 737 738 739 745 748 752 754 755 759 760 761 762 763
706 705 834 805 773 745 713 810 847 752 784 731 828
707 768 736 712 714 746 686 816 767
708 774 781 797 800 811 686 814 819 823 697 827 840 719 849 724 856 730 747 753 760
709 835 739 805 840 777 686 848 819 823 824 697 830
710 805 711 810 847 853
711 738 710 745 842 810 847 752 784 722 724 853 694 727 696
712 736 768 707 742 839 714 686 816 789 822
713 772 774 777 780 781 782 787 794 800 805 686 815 688 816 690 819 694 695 824 697 698 696 828 823 830 831 827 833 706 834 829 840 842 844 719 847 848 850 851 722 853 726 724 731 734 736 738 745 746 747 751 760 766
714 707 771 806 839 712 818 789 725 732 702 767
715 705 834 738 805 745 781 814 686 827
716 770 741 747 686 718 849 820 728 795 797 799
717 686 852 798 855
718 770 781 787 793 797 803 805 809 686 687 815 817 823 695 827 828 703 705 834 716 719 720 745 748 758 762 764
719 768 772 787 794 799 800 805 810 686 815 688 820 694 823 696 695 824 827 698 829 830 703 705 834 708 840 713 842 718 720 848 722 724 853 726 727 728 731 733 734 737 745 752 755 759 760 762 764 766
720 832 803 739 808 745 809 781 686 719 718 755 787 790 793 730 764
721 848 697 686 736
722 768 737 705 738 711 713 745 719 784 820 853 694 829
723 770 734 686 766 688 849 727 824 826 828 830
724 773 777 778 781 784 786 794 795 805 686 814 819 820 821 694 695 696 697 826 824 828 829 830 823 827 834 708 711 713 719 848 853 726 731 736 738 742 745 752 754 766
725 714 771 806 839
726 773 778 780 781 784 805 812 686 815 688 820 693 694 823 824 821 701 830 705 834 713 844 845 719 724 853 731 745 751 752 754 766
727 770 805 686 688 694 696 697 828 830 711 842 846 719 848 849 847 723 853 854 752 756 766
728 773 774 779 780 783 787 792 797 805 807 686 687 819 820 823 828 705 835 838 843 716 719 730 739 741 747 764
729 753 698 804
730 803 708 747 686 687 783 720 849 787 728 763 764 797 703
731 774 810 815 690 694 697 827 828 830 705 706 834 713 719 847 724 853 726 745 766
732 802 771 839 714 689 818 789 822 702
733 768 782 686 719 786 795 829
734 770 805 713 778 686 846 847 849 785 723 756 853 719 760 829
735 800 769 819 856
736 833 707 742 712 713 746 782 816 721 850 818 724
737 705 837 745 686 719 815 722 820 824 828 830
738 774 781 784 795 813 686 694 695 696 826 829 705 711 713 842 715 722 724 853 745 751 752 760
739 774 777 780 787 792 793 797 807 686 687 688 819 823 824 828 703 705 709 840 720 728 740 747 754 757 758 764
740 739 841 748 686 688 817 831
741 800 827 770 835 836 807 716 781 686 823 728 763 828 703
742 736 768 712 746 686 786 724 789 759
743 686 782
744 848 686
745 773 774 784 787 790 794 795 800 805 810 813 686 814 815 817 820 823 824 697 696 827 828 829 695 830 705 834 706 711 713 842 715 845 718 719 720 847 722 724 726 731 737 738 752 758 760 762
746 736 833 707 742 713 686 816 691
747 769 770 773 774 792 793 797 800 803 804 805 807 809 810 815 687 688 819 820 823 697 698 828 701 703 831 708 837 838 713 716 849 856 728 730 739 752 753 754 758 763 764 765
748 705 770 740 779 718 686 849 817 787 758 697 764 797 830 831
749 686
750 770 686
751 738 713 842 686 784 688 726 695 795 828 830
752 773 774 781 784 800 810 686 815 688 694 823 695 824 827 828 829 830 705 706 711 842 719 847 724 853 726 727 738 745 747 759 766
753 769 708 747 729 823 697
754 773 777 779 780 792 805 815 688 821 823 824 697 828 701 830 703 705 835 838 848 724 726 739 747
755 705 808 809 781 814 719 720 849 783 787 686 758 793 827 797
756 686 847 688 694 727 826 827 734
757 739 686 775
758 739 836 808 809 745 747 748 686 718 783 849 817 787 814 755 827
759 705 742 686 719 752 828 703
760 781 794 805 686 814 820 694 823 824 697 827 829 705 834 708 713 842 719 734 738 745 766
761 800 705 772 805 842 686 848 827
762 705 805 745 842 686 719 718 799
763 705 836 741 804 747 686 787 820 730 797
764 779 781 787 793 797 805 807 686 687 823 824 827 828 703 838 843 718 719 720 728 730 739 747 748
765 807 843 780 779 686 687 747 823 792 697
766 771 780 784 805 810 686 815 688 820 694 695 823 824 826 827 830 713 719 849 723 724 853 726 727 731 752 760
767 768 707 839 714 686 822 796
768 833 707 742 712 686 719 816 722 786 789 822 733 767
769 800 774 811 747 686 753 698 828 798 735
770 772 781 783 797 799 803 686 688 820 824 828 704 705 716 845 718 849 723 727 734 741 747 748 750
771 806 839 714 688 818 691 850 725 789 791 732 766
772 800 705 770 805 713 845 686 719 761 694 856 697 827 828
773 780 784 810 815 820 821 694 824 696 828 829 831 705 706 834 836 847 724 853 726 728 745 747 752 754
774 769 784 800 805 807 811 686 687 688 819 820 823 824 698 701 830 708 840 713 853 728 856 731 738 739 745 747 752
775 757 686
776 698
777 704 739 709 713 779 780 829 686 687 688 754 724 695 824 697 701 830
778 705 834 812 844 686 830 724 693 726 695 828 701 734
779 835 828 807 777 780 748 686 687 754 823 728 764 765
780 773 777 779 792 803 805 686 687 688 815 819 694 695 823 697 828 701 830 705 835 838 840 713 726 728 739 754 765 766
781 770 783 787 793 794 800 805 809 686 814 815 694 823 824 697 695 827 828 701 830 703 705 834 836 708 713 842 715 718 720 724 853 726 738 741 752 755 760 764
782 736 833 804 743 713 686 786 691 733
783 770 809 781 687 849 817 755 787 820 758 728 793 730 827
784 773 774 794 795 800 810 813 686 690 694 695 826 827 700 828 829 705 834 706 711 722 724 853 854 726 738 745 751 752 766
785 686 734 846
786 768 742 829 813 782 686 724 733
787 781 783 793 803 808 809 814 817 823 703 836 713 718 719 720 849 728 730 739 745 748 755 758 763 764
788 686
789 768 833 771 806 839 742 712 714 686 689 818 732 702
790 720 745 832
791 771 686 818 822 796
792 780 803 805 807 686 815 688 824 828 830 703 835 837 838 850 728 739 747 754 765
793 739 836 747 781 686 718 720 783 850 755 787 764 797 703
794 713 745 842 781 686 719 784 724 695 760 795 700
795 738 733 745 842 716 686 751 784 820 853 694 724 696 794 700 829
796 806 686 818 791 829 767
797 770 793 808 809 686 687 817 820 828 831 703 708 716 718 849 728 730 739 747 748 755 763 764
798 769 717 694 855 698
799 770 716 845 813 719 814 686 762
800 769 772 774 781 784 805 811 686 814 688 694 823 697 698 827 830 705 834 708 713 842 845 719 853 856 735 741 745 747 752 761
801 686
802 806 732 686
803 832 770 837 840 747 780 718 686 720 787 820 792 730
804 747 782 849 856 729 698 763
805 772 774 780 781 792 800 807 810 686 814 688 815 818 819 694 695 696 697 824 827 828 829 823 703 831 705 706 709 838 710 837 713 842 715 844 843 718 719 847 724 853 726 727 728 734 745 747 754 760 761 762 764 766
806 833 802 771 839 714 686 818 789 822 725 796
807 705 739 741 774 828 805 747 843 779 687 728 792 819 823 856 764 765 703
808 705 720 755 787 758 797
809 705 747 781 718 783 686 817 720 755 787 758 827 797 703
810 773 784 805 814 686 815 823 698 827 828 834 706 710 711 842 847 719 853 856 731 745 747 752 766
811 800 769 708 774 686 698
812 837 778 686 815 694 726 828
813 738 745 686 784 786 799
814 781 787 799 800 805 810 686 827 828 829 705 834 708 842 715 724 853 745 755 758 760
815 773 780 781 792 805 810 812 686 688 819 694 823 824 697 695 828 700 830 703 835 837 713 845 718 847 719 853 726 856 731 737 745 747 752 754 766
816 736 833 768 707 712 713 746 686 850
817 740 809 745 748 718 686 687 783 850 787 819 758 827 828 797 830 703
818 736 771 732 805 806 839 714 686 789 822 791 796
819 774 780 805 807 686 815 688 817 687 823 824 697 698 827 830 703 834 835 708 709 840 713 848 724 728 856 735 739 747
820 770 773 774 783 795 797 803 687 690 694 823 697 828 830 831 703 705 834 716 845 719 849 722 724 853 726 728 737 745 747 760 763 766
821 836 773 688 754 724 694 726 701
822 768 806 712 686 818 850 791 732 702 767
823 774 779 780 781 787 800 805 807 810 686 687 815 819 820 693 694 824 697 698 827 828 696 830 703 705 835 708 709 840 713 843 718 719 848 724 726 856 728 739 741 745 747 752 753 754 760 764 765 766
824 770 773 774 777 781 792 805 815 688 819 693 694 695 823 697 826 827 828 696 830 703 705 834 835 837 709 838 840 713 842 843 844 719 848 723 724 853 726 737 739 745 752 754 760 764 766
825 856 698 686
826 738 842 686 766 784 723 724 756 824 828 830
827 772 781 783 784 800 805 809 810 814 817 819 823 824 697 828 830 703 705 708 713 715 718 719 724 731 741 745 752 755 756 758 760 761 764 766
828 769 770 772 773 778 779 780 781 784 792 797 805 807 810 812 814 815 688 817 686 820 693 823 696 697 826 698 827 829 830 703 824 705 706 834 835 837 713 842 845 718 847 848 849 846 723 724 853 727 728 731 737 739 741 745 747 751 752 754 759 764
829 773 777 784 786 795 796 805 686 814 694 695 696 828 834 713 842 719 847 722 724 853 733 734 738 745 752 760
830 774 777 778 780 781 792 800 686 687 815 817 688 819 820 694 695 824 823 826 827 828 701 697 696 705 834 709 838 713 844 845 846 719 847 849 723 724 853 726 727 856 731 737 745 748 751 752 754 766
831 705 740 773 805 713 747 748 820 853 694 797 703
832 720 803 686 790
833 768 736 806 713 746 782 686 816 691 789
834 773 778 781 784 800 810 814 819 820 693 694 695 824 697 696 828 701 830 829 705 706 713 842 715 844 718 847 719 724 853 726 731 745 760
835 705 741 709 838 779 780 686 728 815 824 754 819 823 792 697 828 703
836 705 773 741 781 686 787 821 758 793 763
837 737 803 805 840 747 812 686 815 792 693 824 828
838 835 805 840 747 780 686 728 687 754 824 792 764 830 703
839 771 806 712 714 686 689 818 725 789 732 702 767
840 774 780 803 686 688 819 823 696 695 824 697 698 708 837 838 709 713 719 848 856 739
841 740 686
842 781 794 795 800 805 810 686 814 694 696 824 826 697 828 829 705 834 711 713 719 853 727 738 745 751 752 760 761 762
843 805 807 728 823 824 764 765 703
844 705 834 805 713 778 686 848 693 726 695 824 697 830
845 800 705 770 772 745 686 815 688 849 799 820 694 726 696 828 701 830 703
846 734 686 785 727 828 830
847 773 805 810 686 815 688 695 828 829 830 705 706 834 710 711 713 853 727 731 734 745 752 756
848 686 819 694 823 824 697 828 704 709 840 713 844 719 721 724 727 744 754 761
849 770 783 787 797 804 686 820 697 828 830 705 708 716 845 723 727 730 734 747 748 755 758 766
850 736 771 713 686 816 817 822 792 793
851 713 686
852 717 686 855
853 773 774 781 784 795 800 805 810 686 815 688 814 690 820 694 695 824 696 828 829 830 831 705 834 710 711 713 842 847 719 722 724 726 727 731 734 738 752 766
854 784 686 727
855 686 852 717 798
856 772 774 800 804 807 810 686 815 688 819 823 825 697 698 830 703 708 840 735 747
