34 428 173 414 348
173 34 427 464 348 414
198 393 364 399 501 441 476 348 351
348 512 513 514 515 516 517 518 519 520 521 522 523 524 525 526 527 528 529 530 531 532 533 534 535 536 537 538 541 542 543 544 545 546 547 34 549 548 553 554 555 556 558 560 561 562 564 566 568 569 570 571 572 173 198 349 350 351 352 354 358 359 360 361 362 363 364 365 366 367 368 370 371 372 373 374 376 377 378 379 381 383 385 387 388 389 391 392 393 394 396 397 398 399 400 402 403 404 405 406 407 408 409 410 411 412 413 414 415 417 418 419 421 422 423 424 425 426 427 428 429 430 432 433 436 437 438 439 442 445 446 447 448 449 450 452 456 457 458 459 462 463 465 466 467 468 469 471 472 474 476 478 479 482 483 484 485 488 489 490 491 492 493 494 495 496 498 499 500 501 502 503 504 505 506 507 508 509 510 511
349 508 434 534 348 478
350 384 546 484 519 552 426 397 527 528 369 561 563 531 497 504 348
351 348 454 198
352 484 456 536 525 398 431 493 494 404 503 408 409 348 542 375
353 513 514 388 517 520 394 526 400 408 537 538 409 540 412 542 544 417 419 420 430 559 432 431 560 561 566 446 460 462 482 483 487 492 493 497 370 373 503
354 510 519 396 397 531 547 555 557 450 452 458 470 474 348 481 359 489 497 500 376 382
355 519 396 397 402 403 531 410 412 543 546 418 547 553 555 557 452 455 460 470 475 481 361 489 367 500 373 376
356 472
357 419 516 389 518 551 486 424 554 397 369 563 469 505
358 348
359 530 531 403 405 546 547 422 555 557 562 452 455 470 474 475 348 481 354 489 361 491 376
360 514 387 388 520 523 395 524 402 412 415 543 417 548 422 553 555 428 558 561 565 438 567 442 570 444 460 461 463 348 362 495 497 373 376 506 510
361 450 355 519 359 489 396 557 463 530 531 562 500 470 376 475 348
362 360 492 473 460 495 560 463 371 373 413 412 570 348 445 542 415
363 385 514 515 388 517 521 524 525 527 409 538 412 417 419 553 559 432 561 436 565 566 444 455 461 463 475 348 482 483 484 487 493 366 367 378 497 370 368 373 374 376 506 507
364 198 393 399 564 501 348 441 476
365 520 556 408 348
366 513 514 515 391 520 394 395 526 400 402 404 408 538 539 412 544 553 430 431 559 434 446 460 475 348 483 484 363 492 493 496 497 373 378
367 519 396 525 416 546 547 548 422 553 555 566 452 474 475 348 481 355 489 491 363 502 376 378
368 517 525 526 398 527 408 536 409 538 412 416 419 553 559 462 348 479 375 363 493 497 371 374 503 378
369 477 357 389 455 551 457 554 397 381 563 435 469 407 378 380 509 350
370 515 387 520 392 525 397 527 402 412 413 414 542 416 544 417 419 548 540 415 553 555 428 431 432 561 563 436 438 439 567 566 452 456 458 461 465 469 471 475 348 353 483 363 492 378 497 373 374 506 507
371 368 362 460 348
372 545 547 421 422 455 460 429 558 530 531 570 348 568 410 444 543
373 515 388 517 390 391 520 392 395 524 397 525 527 400 528 402 408 414 542 544 417 545 548 421 423 425 428 431 561 434 563 436 566 439 567 438 446 450 456 463 465 471 473 475 348 353 483 355 360 362 491 492 363 366 496 497 370 498 500 502 374 376 378 507
374 513 514 515 517 391 520 523 524 526 527 535 412 414 544 417 418 419 420 553 556 430 559 431 561 432 565 566 439 567 569 570 438 444 451 456 460 461 463 465 475 348 482 483 363 492 378 368 497 370 500 373 504 506 507 510
375 352 493 525 431 368 398 526 404 503 408 409 538 479
376 513 514 515 517 519 523 524 525 526 538 542 544 547 548 553 555 556 557 559 561 563 566 567 348 354 355 359 360 361 363 367 373 388 391 394 395 396 397 400 402 405 412 413 414 417 419 420 423 426 428 431 432 434 436 438 439 444 446 450 452 458 460 463 465 471 473 475 481 482 487 488 489 490 491 492 496 497 500 506 507
377 348 383
378 513 514 515 517 391 394 524 527 400 412 414 553 426 559 563 566 452 456 465 475 348 483 484 487 488 363 492 366 367 496 497 370 495 500 373 374 368 369 506
379 532 348
380 516 389 518 486 424 457 369 505
381 419 389 486 551 457 554 369 469 348 509
382 354 547 452 555 410 403 500 470 474
383 377 387 348
384 464 552 350
385 423 363 524 461 436 348
386 401 532
387 513 514 517 520 395 524 523 400 402 406 408 412 415 544 417 556 428 561 438 567 570 465 348 360 370 506 507 383
388 513 404 537 412 415 548 421 557 559 438 566 444 445 450 452 463 465 475 348 353 483 487 360 363 492 493 497 500 373 503 376
389 419 357 486 551 457 459 397 369 381 435 469 348 505 380 509
390 450 539 373 475
391 512 513 514 515 517 524 525 527 539 414 544 417 548 553 428 556 431 559 561 563 566 438 567 446 456 460 465 475 348 482 483 484 487 488 490 491 492 493 366 497 500 373 502 374 376 378
392 514 394 525 404 537 538 412 542 553 428 556 430 431 560 559 561 436 567 456 460 465 473 475 348 482 483 493 497 370 500 373 503 506
393 364 501 198 348
394 512 513 515 517 392 398 400 408 538 414 542 544 556 559 436 438 475 348 479 353 488 492 366 503 376 378
395 513 514 515 387 520 523 524 398 527 400 402 404 536 537 408 538 412 413 542 417 545 419 421 422 423 553 425 430 559 560 561 431 436 438 567 451 452 456 460 461 465 471 479 483 360 488 366 495 497 373 376 506
396 519 403 531 410 546 547 548 422 555 557 568 570 450 474 348 481 354 355 361 489 367 376
397 516 389 518 402 541 543 544 418 420 421 422 426 554 557 432 563 439 570 444 449 457 458 469 348 477 350 481 354 355 483 357 485 504 369 370 373 376 506 507 509 510
398 512 517 394 395 525 526 536 408 409 538 412 545 430 559 561 445 456 348 479 352 375 484 488 493 494 368 497 503 511
399 198 364 564 501 441 476 348
400 512 513 514 515 387 394 395 524 525 404 408 537 538 539 412 414 415 417 419 420 421 553 559 436 566 438 567 445 456 465 348 353 484 487 492 493 366 378 497 500 373 376 506 511
401 386
402 513 514 515 387 520 523 395 397 524 413 542 415 543 422 553 425 428 558 559 432 561 563 436 438 567 444 451 458 460 463 465 348 482 355 360 493 366 495 370 373 376 506 507 508
403 546 355 515 452 382 359 519 553 489 555 396 458 497 470 348 510
404 512 515 388 392 395 525 526 400 536 409 538 537 408 542 415 545 419 421 428 556 431 559 560 440 444 445 452 456 465 348 479 352 482 483 503 484 487 494 366 496 375 506 511
405 513 418 376 359 563 531 568 348
406 387 348 437
407 513 455 490 458 426 528 433 369 563 533 348 510 543
408 512 513 514 387 517 520 394 395 525 398 526 400 404 409 537 412 419 428 559 431 561 438 439 440 456 461 473 348 352 353 483 503 487 488 493 366 365 368 500 373 375 511
409 512 517 521 525 398 526 404 408 536 538 412 542 419 561 456 460 348 375 352 353 487 363 493 494 368 497 503
410 355 547 555 396 463 372 500 568 474 475 348 382
411 498 348
412 512 513 387 388 517 515 520 392 395 524 525 526 527 400 528 398 533 408 537 409 538 542 414 544 417 418 547 548 549 422 423 428 430 431 432 561 434 560 559 565 438 567 566 569 442 455 456 461 473 348 481 353 355 484 483 487 360 504 362 363 492 493 494 366 368 496 370 506 500 374 503 376 378
413 448 362 395 461 463 465 402 370 535 376 348 445 415
414 513 515 391 394 524 400 412 542 544 34 423 553 427 556 173 558 559 561 434 436 438 465 475 348 378 370 500 373 374 376 506
415 387 388 520 400 402 404 535 413 542 545 421 428 556 558 444 445 460 463 465 473 348 360 362 370
416 503 419 557 430 367 432 497 370 563 368 494 537 567 500 569
417 513 514 515 387 517 391 395 524 400 537 538 412 542 553 428 556 559 560 561 566 567 444 445 456 460 461 465 475 348 479 353 483 360 363 492 493 495 497 370 500 373 374 503 376 506 507 508 511
418 514 397 405 412 544 547 553 555 557 432 568 465 475 348 481 355 497 374 504 506 510
419 513 516 389 518 517 395 525 527 400 404 408 537 409 538 540 544 416 422 551 424 430 431 559 561 565 440 452 469 471 475 348 353 483 484 357 486 488 363 492 493 368 370 374 503 376 505 381
420 513 524 397 400 537 553 556 430 563 566 567 439 451 465 471 353 483 484 374 376 507
421 388 395 397 400 404 543 415 545 558 563 570 444 445 457 465 348 487 493 500 373 372 504
422 520 395 396 523 397 402 412 545 546 419 547 553 555 432 561 438 570 444 455 460 474 348 481 483 359 360 489 367 497 372 504
423 385 517 395 523 525 527 537 538 412 414 553 428 556 430 431 560 561 559 436 567 444 456 461 465 473 475 348 484 492 500 373 503 376 506
424 419 357 486 457 554 435 469 348 380 509
425 520 553 456 523 427 428 460 395 402 563 373 534 439 570 348 477 479
426 407 513 546 376 510 455 524 397 525 431 563 531 471 504 378 348 350
427 425 173 496 464 563 348 414
428 512 513 514 387 515 517 391 392 520 523 524 526 402 404 408 412 542 415 544 417 545 34 549 423 425 553 430 431 559 432 434 563 436 438 567 570 444 456 460 461 465 473 475 348 479 482 484 360 492 497 370 500 373 376 506 507 508 511
429 481 455 529 466 531 372 504 348
430 514 392 395 526 398 412 541 416 419 420 423 553 428 559 432 561 563 566 439 569 451 456 465 469 348 353 483 484 493 366 497 374 503
431 512 514 515 517 391 392 395 525 527 404 536 408 538 412 545 419 423 426 428 556 559 432 561 434 563 436 566 440 456 462 471 472 475 375 352 353 482 483 484 487 492 366 497 370 373 374 503 376 506 511
432 514 525 397 527 402 412 416 545 544 546 418 422 553 428 557 430 559 431 561 563 566 438 570 571 444 452 455 465 471 475 348 353 482 483 504 363 497 370 374 376 506 507 510
433 455 528 563 533 407 504 348 510
434 515 517 523 534 412 414 428 559 431 436 566 456 458 475 349 488 490 492 366 496 497 373 376 506
435 389 551 424 555 459 497 369
436 385 513 517 392 394 395 524 525 523 527 400 402 414 423 553 428 556 431 559 561 434 563 438 566 461 465 475 348 478 483 484 488 363 492 496 497 370 373 376 506 507
437 453 462 463 467 532 406 348 572
438 514 387 388 517 391 520 521 394 523 524 395 400 402 408 412 414 546 422 553 428 556 559 432 561 563 436 444 446 452 456 460 461 465 473 475 348 483 488 360 493 495 497 370 373 374 503 376 506 507 511
439 517 520 525 397 527 408 538 542 544 420 425 553 430 566 567 444 445 451 456 458 461 471 473 475 348 477 487 370 500 373 374 376 506 507
440 449 419 484 456 493 525 431 404 408 508 479
441 198 364 399 564 501 476
442 544 360 523 460 531 348 412
444 513 388 520 523 397 402 531 404 415 544 545 417 421 422 423 556 428 559 432 438 439 570 445 449 460 473 483 488 360 363 495 372 500 374 503 376 506
445 388 520 398 400 404 535 413 542 415 417 421 556 560 439 444 460 463 473 348 487 362 492 493 495 500
446 353 482 483 376 517 515 391 487 548 490 491 492 366 373 438 539 475 348
447 348
448 460 348 413
449 480 440 397 563 348 504 507 444 543
450 388 390 519 396 531 539 547 548 557 452 463 474 475 348 481 354 361 489 497 500 373 376
451 544 439 514 503 420 567 395 493 430 561 465 402 563 374 471 506 507
452 388 519 521 395 403 404 531 544 546 419 555 557 432 438 450 465 348 354 355 359 489 367 497 370 506 500 376 378 507 382
453 498 468 437
454 564 351
455 522 529 407 539 412 541 543 546 422 553 426 429 557 432 433 563 565 568 569 355 359 363 497 369 500 372 506
456 512 513 517 391 392 520 523 395 525 398 527 400 524 404 408 409 538 537 412 417 545 423 553 425 428 430 431 561 434 563 566 567 439 438 440 460 473 348 352 484 493 494 495 496 378 370 373 374 503 506 511
457 477 389 518 421 551 424 554 459 397 369 381 469 348 380 509
458 515 397 402 403 407 545 553 555 434 439 470 475 348 482 354 489 496 370 376 507 510
459 516 389 518 551 457 563 435 348
460 514 515 517 391 392 520 523 524 395 402 535 409 542 415 543 417 544 547 422 425 553 428 558 559 560 563 566 438 570 442 444 445 448 456 461 463 465 473 475 479 353 482 355 360 362 492 366 495 371 372 374 376 506 507 508
461 513 385 517 520 395 524 523 525 527 408 412 413 542 544 417 423 553 428 561 436 438 567 439 460 463 465 475 360 363 492 497 370 374 506 507
462 353 517 487 525 493 494 368 431 532 437 348
463 388 517 402 531 535 410 413 542 415 547 555 557 437 570 445 450 460 461 473 475 348 481 376 360 361 362 363 489 500 373 374 504
464 552 427 384 173
465 513 387 388 517 391 392 395 524 525 526 400 402 404 537 538 413 414 415 544 417 418 542 420 421 423 428 557 430 559 432 561 436 566 567 438 451 452 460 461 471 473 475 348 483 487 493 495 370 500 373 374 503 376 378 507 511
466 481 522 429 529 531 504 539 348
467 532 572 437 348
468 348 453
469 516 389 397 540 419 551 424 554 430 563 457 348 357 486 369 370 497 505 381
470 354 355 519 359 361 458 555 562 531 403 507 382
471 513 515 395 524 419 420 553 426 559 431 561 432 563 566 439 567 569 451 465 475 348 370 373 376 507
472 356 431 533 567 348
473 515 392 527 535 408 539 412 542 415 423 556 428 560 561 438 439 444 445 456 460 463 465 479 362 495 373 503 376
474 481 546 354 548 450 422 359 396 557 367 531 500 410 475 348 382
475 513 515 388 517 390 519 392 521 394 523 524 525 391 527 531 410 414 544 417 546 547 419 418 545 423 548 553 555 556 557 428 431 559 561 434 563 436 565 438 439 567 432 366 446 450 458 460 461 463 465 471 474 481 482 483 355 359 487 489 361 488 490 491 378 363 496 367 370 492 500 373 374 497 376 506 507
476 198 364 399 501 441 348
477 516 485 518 425 554 457 397 369 563 439
478 496 436 534 348 508 349
479 513 515 517 520 394 395 525 398 527 404 536 538 542 417 425 428 559 561 440 460 473 348 483 484 503 492 493 368 375 511
480 449 563 540 543
481 519 396 397 531 539 412 418 547 422 555 429 450 463 466 474 475 354 355 376 359 489 367 504
482 391 392 525 402 404 548 553 556 428 431 432 565 446 458 460 475 348 353 483 484 363 497 374 376 506 507
483 513 388 391 392 520 395 524 397 527 404 535 408 537 412 542 544 417 419 420 422 553 430 559 432 561 560 431 436 563 438 567 444 446 465 475 348 479 353 482 487 363 493 366 494 496 497 370 378 500 373 374 503 506 507
484 513 514 517 391 520 398 527 400 526 404 536 537 538 412 419 420 423 428 430 559 560 431 436 566 440 456 348 350 479 352 482 363 493 494 366 497 500 503 378 511
485 518 397 563 348 477
486 509 419 516 357 389 424 469 505 380 381
487 388 391 525 400 404 408 409 412 421 556 559 431 439 445 446 462 465 475 353 483 363 492 493 500 503 376 378
488 512 513 517 391 394 395 524 398 527 408 419 553 556 559 434 436 438 444 475 348 496 497 376 378 511
489 519 396 403 531 535 546 422 555 557 450 452 458 463 475 348 481 354 355 359 361 367 376
490 548 391 491 434 502 407 376 475 348 446
491 548 391 359 490 367 373 502 376 475 348 446
492 513 515 388 517 391 394 524 400 537 538 412 544 417 419 423 553 428 431 560 561 434 559 436 566 445 446 460 461 475 348 479 353 487 362 366 495 497 370 506 500 373 374 503 376 378
493 512 514 388 517 391 392 526 398 400 402 408 409 538 537 536 539 412 417 419 421 556 557 430 559 561 438 566 440 445 451 456 462 465 348 479 352 353 483 484 487 363 494 366 368 497 500 375 507
494 526 398 404 536 409 537 538 412 416 559 456 462 348 352 483 484 493 497 503
495 514 395 402 542 544 417 558 438 570 444 445 456 460 465 473 348 360 362 492 378 507
496 513 514 515 517 523 404 412 553 427 434 436 565 456 458 475 348 478 483 488 366 497 373 376 378 507 508
497 513 515 388 391 392 520 395 524 523 398 525 400 403 537 409 538 542 416 417 546 418 545 422 428 557 430 431 432 561 560 435 436 565 438 566 567 434 570 450 452 455 461 469 475 350 353 482 483 484 354 488 360 363 492 493 494 366 368 496 370 506 373 374 503 376 378 507 510
498 453 532 373 411 348
499 532 348
500 513 514 388 391 392 521 520 525 527 400 531 408 537 410 538 412 542 414 416 417 546 547 548 421 423 555 428 556 563 566 439 444 445 450 452 455 463 465 474 475 348 354 355 484 483 487 361 492 493 378 373 374 503 376 506 507 382
501 198 393 364 399 348 441 476
502 548 391 490 491 367 373 539 348
503 388 517 392 394 524 525 398 527 404 408 537 538 409 412 542 416 417 419 423 553 556 557 430 431 561 566 438 444 451 456 465 473 348 479 352 353 483 484 487 492 494 368 497 500 375
504 513 514 521 522 397 528 529 531 539 412 543 544 418 547 548 421 422 553 426 555 429 432 433 562 570 571 449 463 466 348 350 481 374 506 507 510
505 419 516 357 389 486 551 554 469 348 380 509
506 513 387 517 519 520 521 392 395 524 525 397 527 400 523 402 404 412 414 544 545 418 417 423 553 428 557 559 432 561 434 563 436 431 438 566 439 444 451 452 455 456 460 461 475 348 482 483 376 360 363 492 497 370 500 374 504 378 507 508
507 513 514 387 520 523 524 397 526 402 544 417 545 420 428 557 556 432 561 436 565 566 439 438 570 449 451 452 458 460 461 465 470 471 475 348 482 483 504 363 493 495 496 497 370 500 373 374 376 506 510
508 544 417 541 542 520 428 460 496 402 534 440 506 348 349 478
509 516 389 518 551 424 457 554 486 397 369 505 348 381
510 513 521 397 403 533 407 418 553 426 555 432 433 563 458 348 354 360 497 374 504 507
511 512 517 525 398 400 404 536 408 538 545 417 428 431 559 561 566 438 456 465 348 479 484 488
512 513 515 517 391 394 525 526 398 400 404 408 409 538 536 412 545 428 556 431 560 561 456 348 488 493 511
513 512 514 387 515 517 388 391 394 523 395 525 524 527 400 402 405 407 408 537 412 414 417 419 420 553 426 428 559 561 563 436 566 567 444 456 461 465 471 475 348 479 353 483 484 488 504 492 366 378 496 497 500 374 376 506 507 510
514 513 387 517 391 520 392 395 524 527 400 402 408 537 538 544 417 418 548 428 430 431 432 561 438 566 569 451 460 348 353 484 376 360 363 493 366 495 496 500 374 504 378 507
515 512 513 517 391 394 395 524 527 400 402 403 404 412 414 545 417 555 428 557 431 434 566 446 458 460 471 473 475 348 479 363 492 366 496 497 370 373 374 376 378
516 509 419 357 518 551 486 554 459 397 563 469 348 505 380 477
517 512 513 514 387 515 391 520 394 524 525 526 398 408 409 537 538 412 545 417 419 423 553 428 559 431 561 434 436 566 439 438 446 456 460 461 462 463 465 475 348 479 353 484 488 363 492 493 496 368 506 373 374 503 376 378 511
518 509 419 516 357 485 457 554 459 397 563 348 380 477
519 396 531 403 547 555 557 450 452 470 475 348 350 481 354 355 489 361 367 376 506
520 514 387 517 395 524 402 408 412 542 415 544 545 422 425 428 561 563 438 439 570 444 445 456 460 461 348 479 353 483 484 360 365 366 497 370 500 373 374 506 507 508
521 544 452 363 500 438 504 409 506 475 348 510
522 546 455 504 529 466 531 568 539 348
523 513 387 395 524 402 534 544 545 422 423 425 428 561 434 436 438 442 570 444 456 460 461 475 348 360 496 497 374 376 506 507
524 513 385 387 515 514 517 391 520 523 395 525 400 402 412 542 414 544 417 420 553 426 428 559 561 436 565 438 566 567 456 460 461 465 471 475 348 483 488 360 363 492 378 497 373 374 503 376 506 507
525 512 513 517 391 392 524 526 398 400 527 404 536 408 538 409 412 542 419 548 423 426 431 432 561 559 563 436 567 439 440 456 461 462 465 475 348 375 352 479 482 487 363 367 368 497 370 500 373 503 376 506 511
526 512 517 525 398 404 408 409 538 412 553 428 430 561 566 465 348 353 484 493 494 366 368 374 375 376 507
527 513 514 515 391 395 525 538 412 542 419 423 553 559 432 431 436 439 567 456 461 473 475 348 350 479 483 484 488 363 378 368 370 500 373 374 503 506
528 553 433 563 373 407 504 412 348 350 543
529 455 522 429 466 531 504 539 348
530 372 361 348 359
531 519 522 396 529 405 543 546 547 426 555 429 557 563 568 570 442 444 450 452 463 466 470 474 475 348 350 481 354 355 359 361 489 500 372 504
532 386 462 498 499 467 437 348 379 572
533 433 407 472 412 348 510
534 425 523 508 434 563 348 349 478
535 483 489 460 463 374 473 348 445 413 415
536 352 545 512 484 395 511 493 398 494 368 561 431 525 404 409 538 348 479
537 513 514 388 517 392 395 400 404 408 538 412 416 417 545 419 420 423 559 560 561 566 567 569 456 465 348 353 483 484 492 493 494 497 500 503
538 512 514 517 392 394 395 525 398 527 400 526 404 536 537 409 412 417 419 423 559 560 561 431 566 439 456 465 348 479 375 353 484 363 492 493 366 494 368 497 500 503 376 511
539 481 450 390 455 504 391 522 493 366 400 560 466 529 502 568 473 446
540 480 353 419 559 560 370 469
541 455 397 508 430 563 568 348
542 392 520 394 395 524 525 527 402 404 409 412 414 415 417 553 556 428 559 560 439 567 445 460 461 463 465 473 348 479 352 353 483 362 495 497 370 500 373 503 376 508
543 397 528 402 531 407 545 546 421 558 563 570 449 455 460 348 480 355 360 372 504
544 514 387 391 520 521 394 523 524 397 412 414 545 418 419 553 556 428 557 559 432 561 563 566 439 442 444 451 452 460 461 465 475 348 353 483 376 492 366 495 370 373 374 504 506 507 508
545 512 515 517 520 523 395 398 404 536 537 543 544 415 421 422 553 428 558 431 432 559 561 563 444 456 458 475 348 497 372 373 506 507 511
546 522 396 403 531 543 547 422 426 555 557 432 563 438 452 455 474 475 348 350 355 359 489 367 497 500
547 519 396 531 410 412 546 418 548 422 555 557 450 460 463 475 348 481 354 355 376 359 367 372 500 504 382
548 514 388 391 396 525 412 547 555 556 446 450 474 475 348 482 376 360 490 491 367 370 500 373 502 504
549 412 428 563 348
551 509 419 516 357 389 457 554 459 369 435 469 505 381
552 464 384 350
553 513 517 391 392 395 524 526 527 400 528 402 403 542 414 544 417 418 545 420 422 423 425 555 556 428 430 559 432 561 558 560 436 565 438 439 569 570 455 456 458 460 461 471 475 348 482 355 483 504 360 488 363 492 366 367 496 368 378 370 374 503 376 506 510
554 509 516 357 518 551 424 457 397 369 381 563 469 505 348 477
555 515 510 519 396 403 531 410 418 546 548 547 422 553 557 435 452 458 463 470 475 348 481 354 355 376 359 360 489 367 370 500 504 382
556 512 387 391 392 394 404 542 414 544 417 415 548 420 423 553 559 431 436 438 444 445 473 475 348 482 487 488 365 493 500 374 503 376 507
557 515 388 519 396 397 531 416 544 418 547 546 555 432 570 450 452 455 463 465 474 475 354 355 359 361 489 493 497 503 376 506 507
558 545 421 360 553 460 543 495 402 372 348 414 415
559 513 388 517 391 392 394 395 524 525 398 527 400 402 404 408 537 538 412 540 414 542 544 417 545 419 423 553 428 556 430 431 432 561 434 436 438 566 567 444 460 465 471 475 479 353 483 484 487 488 363 492 493 366 494 368 506 374 376 378 511
560 512 392 395 404 537 538 539 540 412 542 417 423 553 561 565 445 460 473 348 353 483 484 362 492 497
561 512 513 514 387 517 391 520 392 395 523 525 526 524 398 402 536 409 537 538 412 408 414 544 417 545 419 422 423 553 430 431 432 560 559 436 565 438 451 456 461 465 471 473 475 348 350 479 353 483 360 363 492 493 497 370 373 374 503 376 506 507 511
562 359 361 470 504 348
563 513 516 518 391 520 397 525 528 402 531 405 534 407 541 543 416 545 546 544 420 549 421 425 426 427 554 428 430 431 432 433 436 566 438 567 569 449 451 455 456 459 460 469 471 475 477 350 480 483 357 485 378 369 370 500 373 376 506 510
564 454 364 399 441 348
565 482 419 455 360 553 363 524 560 497 561 496 374 507 475 412
566 513 514 515 388 517 391 524 526 400 537 538 412 544 417 420 430 559 432 431 434 563 436 439 567 456 460 465 471 348 353 484 363 492 493 378 367 497 370 500 373 374 503 376 506 507 511
567 513 387 391 392 395 524 525 527 400 402 537 412 542 416 417 420 423 428 559 563 566 439 451 456 461 465 471 472 475 483 360 497 370 373 374 376
568 418 455 522 396 531 372 405 410 539 348 541
569 416 514 455 553 430 563 374 471 537 348 412
570 387 520 523 396 397 531 543 421 422 425 553 428 557 432 444 460 463 348 360 362 495 497 372 374 504 507
571 432 504 348
572 467 348 532 437
