686 688 691 692 693 695 697 698 699 700 701 702 703 705 706 707 708 709 710 711 712 713 714 715 716 717 718 719 722 723 725 727 728 729 731 732 733 735 736 737 738 739 740 741 742 744 747 748 749 750 752 753 754 755 756 757 761 763 764 766 767 768 769 771 773 774 776 777 780 781 782 783 784 785 786 787 788 789 790 791 792 793 794 796 798 799 800 801 803 804 806 807 808 809 810 812 813 816 817 820 821 823 824 825 826 827 828 829 830 831 832 833 834 835 836 837 838 839 841 842 843 846 847 848 849 850 851 852 854 855 856
687 774 777 779 780 783 797 805 688 817 819 823 697 828 838 718 856 730 739 747 759 764 765
688 770 771 772 774 777 792 800 805 686 815 687 819 821 694 823 696 824 697 695 701 830 834 840 713 845 719 849 724 853 727 856 734 739 747 751 756 766
689 771 712 714 789 732
690 773 784 820 853 694 731 831
691 822 746 686 782
692 686
693 705 834 837 713 778 844 823 686 726 695 697 828 734
694 772 773 774 780 781 784 795 798 800 805 810 812 815 688 690 820 823 824 695 697 827 828 696 829 831 705 834 706 710 711 713 845 847 848 719 722 724 731 737 738 745 752 754 756 766
695 777 778 780 781 784 805 810 686 815 688 693 694 696 697 830 706 711 713 842 719 724 853 726 734 738 745 751 752 754 760 766
696 773 774 778 780 784 805 688 694 695 824 697 823 828 829 830 834 711 840 713 842 845 719 724 853 727 738 739 745 747
697 769 781 800 805 686 687 688 815 818 819 820 693 694 695 696 824 698 827 828 701 830 823 705 835 708 709 713 842 719 848 721 724 726 747 748 754 760 766
698 769 772 774 776 798 800 803 804 686 819 697 828 703 840 719 856 729 745 753
699 833 686
700 745 794 795 686
701 774 777 778 780 781 794 686 688 821 697 830 834 713 842 845 724 726 747 754 760
702 839 686 725 789 822 732
703 779 787 792 793 797 805 807 809 686 817 819 820 823 698 827 828 831 835 709 838 843 845 718 719 728 856 730 739 741 747 748 754 758 764 765
704 770 799
705 770 778 784 787 799 803 805 807 808 809 810 686 814 819 820 693 694 823 824 697 827 829 830 831 834 706 836 835 713 842 843 844 845 718 719 720 849 715 724 726 728 731 738 739 741 745 747 748 752 758 759 760 762 763 764
706 705 834 773 745 713 810 686 847 752 719 815 784 853 694 695 731 828
707 768 833 736 742 714 746 686 816 767
708 769 774 781 797 800 811 686 814 819 823 824 697 827 828 840 713 849 724 856 747 755
709 805 838 840 843 686 848 754 819 823 824 697 828 830 703
710 803 805 711 810 686 847 853 694
711 784 795 810 686 694 695 696 828 829 710 842 847 722 724 853 727 738 745 766
712 736 768 839 714 782 686 689 789 822 767
713 772 773 778 816 780 781 784 787 810 813 686 814 688 817 818 815 819 693 694 695 696 697 823 827 828 701 829 831 705 706 834 708 842 844 845 848 721 724 853 726 731 742 746 747 748 751 752 760 762
714 707 771 806 839 712 686 689 818 789 822 725 732 767
715 705 738 805 745 842 781 814 686 827
716 795 770 747 686 718 849 728 763 797 799
717 686 852 798 855
718 770 781 787 793 797 803 805 814 686 687 817 815 703 705 716 719 720 730 745 747 762 764
719 768 772 773 774 781 784 787 799 800 810 814 686 815 688 817 819 820 694 823 696 697 695 824 828 698 830 703 705 706 834 842 845 718 847 720 848 849 722 724 853 726 731 733 734 737 747 755 756 759 762 764 766
720 832 705 739 774 808 809 781 718 719 755 787 790 793 730 764
721 848 713 697 736
722 738 711 745 686 719 784 853 694 829
723 770 745 686 766 849 727 824 828 734
724 773 777 778 781 784 786 794 795 814 688 819 820 694 695 696 697 826 824 828 701 830 823 827 705 708 711 713 842 719 848 726 731 734 736 745 760 766
725 771 806 714 686 818 732 702
726 773 778 781 784 805 812 820 693 821 695 823 697 828 701 830 705 834 713 844 845 719 724 731 745 751 760 766
727 800 770 711 845 846 686 752 784 824 688 756 847 854 853 696 723 830
728 773 774 779 780 781 783 787 792 797 803 805 807 809 686 817 819 823 824 828 703 705 838 843 716 856 737 741 747 754 759 764 765
729 856 698 804 686
730 803 747 718 783 720 687 849 797 703
731 773 774 781 784 805 810 686 815 690 694 828 705 706 834 713 719 847 724 726 745 752 766
732 771 806 839 714 686 689 788 789 725 791 822 702
733 768 839 782 686 719 786 795
734 770 803 805 842 846 847 688 784 719 723 724 756 693 695 760 766
735 856 819 686
736 833 707 712 686 782 816 721 850 818 724 788
737 805 773 745 843 686 719 728 815 820 694 824 828
738 774 781 794 795 805 813 686 694 695 696 829 705 711 715 722 853 751 752 760
739 774 777 792 793 797 805 807 686 687 688 823 696 828 703 705 840 720 740 754 757 758 764
740 770 739 841 748 686 817 831
741 800 705 770 835 836 827 807 747 781 686 820 823 728 763 828 703
742 707 713 746 686 786 789 759 829
743 833 782
744 848 686
745 774 781 787 794 795 799 800 813 814 815 817 820 694 823 824 696 698 695 700 828 829 830 705 834 706 711 842 715 845 718 847 722 723 724 853 726 731 737 747 751 755 758 760 762
746 833 707 742 713 782 691
747 769 770 773 780 783 792 793 800 803 805 809 810 686 815 687 688 819 820 696 697 828 701 830 703 831 705 708 840 713 716 718 719 848 849 856 728 730 741 745 748 753 754 758 763 764 765
748 705 740 713 779 747 686 849 817 697 787 831 793 797 830 703
749 757 686
750 770 686
751 738 713 745 784 688 726 695 795 828
752 773 774 781 800 805 810 686 815 820 694 823 695 824 827 829 830 831 705 706 834 713 842 847 727 731 738 759 766
753 747 686 819 823 856 698
754 777 779 780 792 805 686 815 821 694 695 823 697 701 830 703 835 709 838 840 848 728 739 747
755 836 708 808 809 745 781 845 719 720 814 783 686 758 827
756 805 686 719 688 694 727 826 827 734
757 739 749 686 775
758 705 739 836 808 809 745 747 781 814 783 849 817 787 755 793 827 703
759 705 742 687 719 752 728 828 766
760 781 784 800 805 814 820 695 824 697 828 829 830 701 705 834 713 842 724 726 734 738 745 766
761 800 772 805 842 686 827
762 705 713 810 745 842 781 814 719 718 827 799
763 705 770 803 804 741 747 716 686 849 787 820 797
764 781 783 787 793 797 805 809 686 687 817 823 824 827 828 703 705 838 843 718 719 720 728 739 747
765 835 843 779 747 728 687 792 856 703
766 771 780 784 800 810 686 688 820 694 695 824 697 826 827 828 834 711 847 719 849 723 724 853 726 731 734 752 759 760
767 707 839 712 714 686 822
768 707 839 712 686 719 816 786 789 733
769 800 708 811 747 686 856 697 698 798
770 772 777 781 783 797 799 803 688 820 824 828 704 705 716 845 718 849 723 727 734 740 741 747 750 763
771 802 806 839 714 686 688 689 725 789 732 766
772 800 770 805 713 781 814 719 688 845 694 856 761 698 827 828
773 774 781 784 810 686 815 690 820 821 694 823 824 696 827 828 829 831 706 834 836 713 842 719 847 724 853 726 728 731 737 747 752
774 773 784 800 805 810 811 686 687 688 694 823 696 698 828 701 830 708 840 843 719 720 728 856 731 738 739 745 752
775 757
776 698 686
777 770 739 779 780 829 686 687 688 754 724 695 824 701 830
778 705 834 713 812 844 819 724 693 726 695 696 828 701 830
779 835 838 807 840 777 748 687 792 754 824 823 728 828 765 703
780 777 792 803 805 686 687 815 819 694 695 824 696 828 701 834 835 840 713 845 728 747 754 766
781 770 772 773 783 784 787 793 800 805 809 810 686 814 815 817 694 695 824 697 827 828 829 701 836 708 713 842 715 718 719 720 849 724 853 726 728 731 738 741 745 752 755 758 760 762 764
782 736 743 712 733 746 813 686 786 691 829
783 770 809 747 781 686 687 849 817 755 787 820 758 728 793 730 827 764 797
784 773 774 781 795 800 810 813 686 690 694 695 696 824 826 829 705 834 706 711 713 842 719 722 724 853 726 727 731 734 751 760 766
785 686
786 768 833 742 733 782 686 724 829
787 781 783 793 797 803 808 809 814 686 823 827 703 705 836 713 718 719 720 849 728 745 748 758 763 764
788 736 732 686 806
789 768 833 771 742 712 714 686 689 818 732 702
790 720 832 686
791 796 806 686 818 822 732
792 779 780 803 805 807 686 815 688 819 823 824 828 830 703 837 850 728 739 747 754 765
793 781 783 787 797 808 809 686 817 703 836 718 720 849 850 739 747 748 758 764
794 738 745 842 686 724 795 700 701
795 738 711 745 842 716 813 751 784 820 853 694 724 794 700 733
796 806 686 822 791 829
797 770 783 787 793 687 817 820 827 828 831 703 708 716 718 728 730 739 748 763 764
798 769 717 686 852 694 698
799 704 705 770 835 745 716 845 814 719 686 762
800 769 772 774 781 784 810 811 686 814 688 694 697 698 827 828 830 834 708 842 845 719 851 853 727 741 745 747 752 760 761 766
801 686
802 818 771 806
803 832 705 770 837 710 840 747 780 686 718 792 787 820 728 730 698 763 734
804 686 849 856 729 698 763
805 772 774 780 781 792 807 810 814 687 688 817 815 819 694 695 696 697 824 827 828 823 703 831 705 834 709 838 710 840 837 842 715 843 718 847 853 726 728 731 734 737 738 739 747 752 754 756 760 761 764
806 802 732 771 839 714 686 850 818 788 725 791 796
807 705 739 741 838 805 843 779 686 728 823 792 828 703
808 705 809 686 720 755 787 758 793
809 705 808 747 781 686 783 720 817 755 787 758 728 793 827 764 703
810 773 774 781 784 800 805 814 686 815 694 823 695 827 828 705 834 706 710 711 713 842 847 719 853 856 731 747 752 762 766
811 800 769 708 774 856
812 837 778 686 815 694 726 824 828
813 833 738 713 745 686 782 784 795
814 772 781 787 799 800 805 810 829 705 708 713 842 715 718 719 724 853 745 755 758 760 762
815 773 780 781 792 805 810 812 688 819 694 823 824 697 695 830 706 835 834 838 713 845 718 719 853 856 731 737 745 747 752 754
816 736 768 707 713 686
817 781 783 793 797 805 809 686 687 819 827 828 830 703 713 718 719 850 728 740 745 748 758 764
818 736 802 806 839 713 714 791 725 822 789 697
819 778 780 792 805 815 688 817 687 823 824 697 698 827 828 830 703 705 834 835 708 709 838 840 713 719 848 724 728 856 735 747 753
820 770 773 783 795 797 803 686 690 694 824 697 828 831 703 705 834 845 719 848 724 853 726 737 741 745 747 752 760 763 766
821 836 773 686 688 754 726 701
822 732 839 712 714 818 691 850 791 796 829 702 767
823 773 774 779 787 792 805 807 810 686 687 688 815 819 693 694 824 697 696 827 828 830 703 705 834 708 709 838 840 713 843 719 724 853 726 856 728 739 741 745 752 753 754 764
824 770 773 777 779 780 781 784 792 805 812 686 815 688 819 820 694 823 696 697 826 827 828 829 705 834 835 708 837 709 838 840 842 844 847 848 849 719 723 724 727 728 737 745 752 760 764 766
825 856 686
826 686 784 724 756 824 828 766
827 772 773 781 783 787 797 800 805 809 810 686 817 819 694 823 824 697 828 830 703 705 834 708 713 842 715 849 724 853 741 752 755 756 758 761 762 764 766
828 770 772 773 774 778 779 780 781 792 797 800 805 807 810 812 686 687 817 819 820 693 694 823 696 697 698 826 827 829 830 703 824 706 834 708 709 838 711 840 713 837 835 844 845 842 719 848 846 851 724 853 726 723 856 728 731 737 739 741 745 747 751 759 760 764 766
829 773 777 781 782 784 786 796 686 814 822 694 696 824 828 705 834 711 713 842 847 722 853 738 742 745 752 760
830 774 777 778 792 800 686 815 688 817 819 695 823 697 696 827 828 701 705 834 709 838 840 845 846 719 847 849 724 726 727 856 745 747 748 752 754 760
831 705 740 773 805 713 747 748 686 752 690 820 853 694 797 703
832 720 803 686 790
833 736 707 743 746 813 686 786 789 699
834 773 778 780 784 800 805 810 686 815 688 819 820 693 694 823 824 696 827 828 701 830 829 705 706 713 842 847 719 853 726 731 745 752 760 766
835 705 837 741 838 779 780 686 815 703 754 819 824 697 828 765 799
836 705 773 741 781 686 755 787 853 758 821 793
837 803 835 805 812 686 792 693 824 828
838 835 805 709 828 807 779 686 815 728 687 754 819 824 823 856 764 830 703
839 768 771 806 712 714 686 818 822 732 733 702 767
840 774 779 780 803 805 688 819 823 696 824 698 828 830 708 709 856 739 747 754
841 740 686
842 773 781 784 794 795 800 805 810 686 814 695 696 824 697 827 828 701 829 705 834 711 713 715 719 724 734 745 752 760 761 762
843 737 705 709 774 805 807 686 823 728 764 765 703
844 705 713 778 848 693 726 824 828
845 770 772 780 799 800 815 688 820 694 696 828 701 830 703 705 713 719 726 727 745 755
846 734 686 727 828 830
847 773 805 810 686 694 824 829 830 706 834 710 711 719 853 727 731 734 745 752 766
848 709 744 713 747 844 686 719 721 754 819 820 724 694 824 697 828
849 770 781 783 787 793 804 686 688 824 827 830 705 708 716 719 723 730 747 748 758 763 766
850 736 806 686 817 822 792 793
851 800 828 686
852 686 717 798 855
853 773 781 784 795 800 805 810 814 815 688 690 820 823 696 695 827 828 829 831 834 706 836 710 711 713 847 719 722 727 738 745 766
854 686 727
855 852 717 686
856 769 772 774 804 810 811 686 815 688 687 819 823 825 698 828 830 703 708 838 840 728 729 735 747 753 765
