34 348 173
107 641 483 649 363 629 566 376 601 348
173 34 649 427 348 414
348 513 514 515 391 394 395 524 400 412 414 542 34 422 553 427 428 556 173 559 431 561 434 563 436 566 567 438 461 465 475 480 483 363 492 107 496 370 500 373 374 376 378
363 514 515 651 524 656 412 669 542 414 544 559 566 580 461 591 348 606 483 107 492 370 500 373 374 378 637
370 514 646 395 524 666 412 669 542 414 544 553 683 428 431 559 438 567 461 591 465 475 348 483 363 492 378 373 376 506
373 515 391 651 395 524 400 669 542 423 553 683 428 556 558 431 561 434 563 436 566 567 438 580 587 461 590 591 465 475 348 606 614 363 492 378 496 370 374 634 376 506 637
374 514 515 391 412 669 544 683 556 559 431 563 438 567 461 465 475 348 614 363 492 500 373 376 378
376 515 645 646 391 395 651 524 414 542 544 673 676 553 683 556 559 561 434 563 436 566 438 580 586 587 461 591 604 348 610 483 614 107 492 370 506 500 373 634 374 378 637
378 641 514 391 394 651 524 400 412 669 414 544 676 423 428 431 559 434 563 436 566 580 461 591 475 348 604 363 492 496 370 500 373 374 376 506 637
391 513 514 515 394 524 400 414 544 553 428 556 431 563 566 438 580 591 465 348 483 492 378 500 373 374 376 506
394 513 676 614 391 492 620 559 400 436 438 566 601 378 475 348 414
395 513 514 515 645 524 412 669 414 542 544 678 423 422 553 683 428 556 559 431 561 436 438 567 574 461 591 465 601 348 483 614 620 370 373 630 376 637
400 641 514 515 513 391 394 524 412 669 542 414 544 553 683 559 431 561 434 436 566 580 461 591 465 475 348 606 614 378 500 373 506 637
412 513 515 645 395 524 400 669 542 676 423 683 428 558 431 559 434 436 566 567 438 580 591 593 604 348 609 483 614 363 492 496 506 370 500 374 378
414 513 515 524 544 553 556 558 559 561 563 566 567 573 574 575 576 577 579 580 582 583 588 589 590 591 592 594 595 596 597 598 599 600 601 603 604 605 606 607 611 612 614 615 616 617 619 621 623 625 626 627 628 629 630 633 635 636 637 638 639 640 644 647 649 650 651 653 654 657 658 659 660 661 662 663 664 665 667 668 669 672 674 675 676 678 679 680 681 682 683 173 348 363 370 376 378 391 394 395 400 422 423 427 428 431 434 436 438 465 475 483 492 500 506
422 644 395 653 654 655 657 663 414 678 680 553 561 592 593 596 597 601 348 604 609 483 617 618 620 630 631 636
423 513 646 651 395 524 412 669 414 683 428 556 558 431 559 436 586 587 461 591 465 604 606 614 492 500 373 634 378 637
427 428 348 173 414
428 641 514 515 513 391 395 524 651 667 412 414 542 544 423 553 427 683 558 559 434 563 436 438 567 461 465 594 601 348 604 606 609 614 492 370 506 373 378
431 513 514 515 391 651 395 400 412 414 423 683 559 561 563 436 566 465 475 348 483 492 370 506 500 373 374 378
434 515 428 378 559 400 496 591 436 373 566 348 376 506 475 412 414 604
436 513 646 394 395 524 651 652 400 412 669 542 414 673 423 683 556 428 431 559 561 434 563 438 566 580 461 465 475 604 348 606 483 492 506 373 634 376 378
438 513 514 645 391 394 395 524 651 412 669 414 676 553 683 428 559 561 563 436 566 461 591 465 475 604 348 606 483 614 492 496 506 370 500 373 374 376 634
461 513 645 395 524 653 400 669 542 544 423 553 683 428 559 561 436 438 567 590 591 465 348 606 483 363 492 370 506 373 374 376 378
465 513 515 391 395 524 400 669 542 414 544 676 423 683 428 556 558 559 431 561 436 566 567 438 580 461 591 601 604 348 483 370 500 373 374 506
475 641 514 515 513 394 651 524 400 414 542 544 676 553 556 559 431 434 563 436 566 438 580 591 604 348 606 492 378 496 370 500 373 374 506
480 593 563 348
483 513 515 391 395 524 651 412 669 414 671 544 542 422 553 431 559 561 563 436 438 567 461 591 465 596 601 348 606 363 107 492 496 370 500 376 506 637 639
492 641 514 515 391 394 651 524 412 414 542 676 423 553 428 431 561 436 438 461 591 475 348 604 606 483 614 363 370 506 500 373 374 376 378 637
496 513 514 483 580 515 641 637 553 378 434 373 566 438 412 506 475 348 669
500 513 514 391 651 524 400 412 542 414 423 553 683 556 431 563 438 591 465 601 475 604 348 483 614 363 492 378 374 376 506 637
506 513 514 645 391 524 400 412 414 544 428 431 559 561 434 436 438 461 591 465 475 604 606 610 483 492 496 370 500 373 376 378
513 641 514 515 645 646 391 394 395 524 651 400 412 669 414 542 544 423 553 683 428 431 559 561 563 436 566 567 438 580 461 591 465 601 475 348 604 606 610 483 496 500 634 506 637
514 513 391 395 524 400 669 544 683 428 559 431 438 566 580 475 348 614 363 492 378 496 370 500 374 506
515 641 513 391 395 524 654 400 412 414 553 428 431 434 566 465 475 348 483 614 363 620 492 496 373 374 376 637
524 513 514 515 391 395 651 400 412 542 414 544 423 683 428 561 436 438 566 567 461 590 591 465 475 348 606 483 614 363 492 506 370 500 373 376 378
542 513 395 524 400 412 553 683 428 556 559 561 436 567 580 461 591 465 475 348 483 363 492 370 500 373 376
544 513 514 645 391 395 524 400 414 676 553 683 428 556 559 561 563 566 580 461 465 475 604 483 363 378 370 374 376 506
553 513 515 645 391 395 400 666 669 414 542 544 422 683 428 556 558 559 561 438 566 461 591 475 348 609 483 614 620 492 496 370 500 373 376 634
556 391 395 652 542 414 544 673 423 553 683 559 563 436 465 475 348 614 500 373 374 376
558 423 553 428 465 373 412 414 604
559 513 514 394 651 395 400 412 669 542 414 544 676 423 553 683 428 556 431 561 434 436 566 567 438 461 591 465 475 348 604 483 614 363 370 506 374 376 378 637
561 513 395 651 524 400 542 414 544 422 553 683 559 431 436 438 567 580 461 591 465 348 604 483 492 373 376 506
563 513 391 414 544 556 428 431 436 566 438 475 348 604 480 483 500 373 374 634 376 378
566 513 514 515 391 394 524 400 412 414 544 676 553 559 431 434 563 436 438 567 580 591 465 593 475 348 107 363 496 373 376 378 637
567 513 645 646 651 395 524 412 414 542 683 428 559 561 566 580 461 590 591 465 348 604 483 370 373 374
573 653 654 664 666 414 672 677 680 684 685 579 588 589 597 598 603 605 609 611 617 618 619 622 625 626
574 579 678 395 621 596 630 414
575 579 612 680 617 685 654 589 592 630 664 414
576 578 675 643 615 583 681 650 658 659 627 661 600 414
577 640 578 675 643 582 583 647 681 615 600 658 627 595 661 659 632 635 414
578 576 640 577 643 582 647 681 650 658 627 659 595 662 632 670
579 644 654 663 664 414 677 680 684 685 573 574 575 588 589 592 597 603 605 609 611 612 616 617 619 620 621 622 623 625 626 630 633 636 639
580 513 641 514 391 400 656 412 542 414 544 561 436 566 567 591 465 601 475 363 496 373 376 378 637
582 640 577 578 414 643 615 583 681 650 632 658 627 595 661 659 600 635 670
583 576 577 643 582 615 647 681 650 670 659 628 627 662 661 600 665 595 414
584 678 679 616 682 618 630 631 637 639
586 376 587 645 423
587 645 646 423 586 591 373 376 634
588 579 644 678 617 682 619 685 654 653 592 633 573 414
589 609 579 611 573 620 684 622 623 592 625 654 596 597 664 636 605 414 575
590 609 644 612 680 617 524 461 591 373 567 633 414
591 641 513 645 391 651 395 524 400 412 669 542 414 423 553 683 559 561 434 566 438 567 580 587 461 590 465 475 604 606 483 363 492 378 370 506 500 373 376 634 637
592 644 653 654 666 414 672 422 684 575 579 588 589 598 605 609 611 612 616 617 618 619 620 621 622 623 625 630 633
593 480 412 422 566
594 667 428 414
595 640 577 578 643 675 582 615 583 681 658 627 659 661 600 635 414
596 609 414 483 677 678 422 616 620 589 653 655 630 663 604 574 639
597 609 611 644 579 422 680 618 684 589 653 623 625 633 603 636 573 414
598 573 677 680 618 684 653 592 625 630 605 414
599 643 675 615 670 632 627 628 661 662 600 665 414
600 643 658 659 661 662 665 414 670 675 681 576 577 582 583 595 599 627 628 632 635
601 609 513 483 580 644 422 394 107 428 395 465 500 629 637 414
603 609 611 644 677 579 612 619 654 625 597 573 414
604 513 645 412 669 414 671 544 676 422 423 428 558 559 561 434 563 436 438 567 591 465 596 475 606 492 506 500 376 378 637
605 609 579 644 677 678 680 653 654 589 592 626 598 630 573 414
606 513 483 423 363 492 461 428 591 400 524 436 373 438 506 475 604 414
607 414
609 644 653 654 664 666 412 422 680 553 428 573 579 589 590 592 596 597 601 603 605 619 620 623 626 636
610 376 513 506
611 579 677 618 589 654 653 592 625 597 603 573 414
612 579 680 617 619 590 654 592 630 664 603 636 414 575
614 514 515 645 394 395 524 400 412 669 414 676 423 553 683 556 428 559 438 492 500 373 374 376 637
615 643 647 659 662 665 670 414 675 681 576 577 582 583 595 599 627 628 632 635
616 579 678 631 584 618 684 621 622 623 592 625 660 596 630 663 414 639
617 648 654 664 414 677 422 685 573 575 579 588 590 592 612 619 620 625 626 630
618 611 422 679 616 584 682 619 680 653 685 592 597 598 631 633 666 636 573
619 653 654 414 677 678 684 685 573 579 588 592 603 609 612 617 618 623 625 630 633 636
620 672 609 515 579 644 422 617 553 395 394 653 589 654 592 596 630 666 636
621 579 414 616 622 592 663 574
622 579 678 616 684 589 621 623 592 625 663 573 639
623 609 579 677 616 619 684 589 622 592 625 597 636 414
625 644 653 654 414 677 684 573 579 589 592 597 598 603 611 616 617 619 622 623 630 633
626 609 579 605 677 680 617 654 657 630 664 573 414
627 640 643 647 650 658 659 661 665 414 670 675 576 577 578 582 583 595 599 600 615 635
628 647 583 681 615 661 662 599 600 414
629 641 107 630 601 637 414
630 641 644 395 655 657 663 664 666 414 422 678 682 684 574 575 579 584 592 596 598 605 612 616 617 619 620 625 626 629 631 636
631 422 679 584 616 618 678 630 639
632 577 578 675 582 615 650 658 659 661 599 600 665 635 670
633 579 644 680 618 619 588 653 590 592 625 597 666 414
634 513 645 646 423 647 553 587 591 563 436 373 438 376
635 640 577 675 643 582 615 681 650 632 658 627 595 661 662 600 414
636 644 653 414 677 678 422 680 684 685 579 589 597 609 612 618 619 620 623 630
637 641 513 515 645 395 400 669 414 678 423 679 559 566 580 584 591 601 604 483 614 363 492 496 500 373 629 376 378 639
638 414
639 483 579 678 584 616 682 622 596 631 637 414
640 577 578 643 582 647 681 650 658 595 627 661 662 635 414
641 513 515 580 107 492 428 651 591 400 496 629 630 378 475 637
643 640 650 658 659 661 665 670 675 681 576 577 578 582 583 595 599 600 615 627 635
644 664 666 414 422 680 579 588 590 592 597 601 603 605 609 620 625 630 633 636
645 513 646 395 412 669 544 553 683 438 567 586 587 461 591 604 614 506 376 634 637
646 513 645 423 587 651 370 436 567 376 634
647 640 577 578 675 583 615 681 650 670 658 627 628 659 665 634 414
648 617
649 107 173 414
650 576 640 578 414 643 582 583 647 681 658 627 659 661 662 632 635 670
651 513 641 646 524 414 423 428 559 431 561 436 438 567 591 475 483 363 492 500 373 376 378
652 436 556
653 664 666 414 677 678 422 685 573 588 461 592 596 597 598 605 609 611 618 619 620 625 633 636
654 515 664 414 672 677 678 422 680 683 685 573 575 579 588 589 592 603 605 609 611 612 617 619 620 625 626
655 657 630 596 422
656 363 580
657 422 655 626 630 414
658 640 643 647 650 659 661 662 665 670 414 675 681 576 577 578 582 595 600 627 632 635
659 643 647 650 658 661 665 414 670 675 681 576 577 578 582 583 595 600 615 627 632
660 616 414
661 640 643 650 658 659 662 665 414 670 675 681 576 577 582 583 595 599 600 627 628 632 635
662 640 578 675 583 615 650 658 628 661 599 600 665 635 414
663 579 422 616 621 622 596 630 414
664 609 579 612 644 617 589 653 654 626 630 666 573 414 575
665 643 675 583 647 615 670 632 658 659 627 661 662 599 600 414
666 609 644 680 553 618 620 653 592 370 630 664 633 573
667 594 428 414
668 414
669 513 514 645 395 400 412 414 671 423 553 559 436 438 461 591 465 604 483 614 363 496 370 373 374 378 637
670 578 675 643 582 647 583 681 650 615 632 658 659 627 661 599 600 665
671 483 604 669
672 678 620 654 592 573 414
673 376 436 556
674 414
675 576 577 414 643 615 647 632 658 595 659 661 662 599 600 665 627 635 670
676 544 614 394 683 492 559 465 566 438 376 412 378 475 604 414
677 611 579 605 680 617 619 684 653 654 623 625 626 596 598 603 636 573
678 395 653 654 414 672 422 679 682 685 574 584 588 596 605 616 619 622 630 631 636 637 639
679 678 584 682 618 631 637 414
680 644 654 666 414 677 422 684 685 573 575 579 590 597 598 605 609 612 618 626 633 636
681 640 643 647 650 658 659 661 414 670 576 577 578 582 583 595 600 615 628 635
682 678 679 584 618 588 630 414 639
683 513 514 645 395 524 654 400 412 414 542 544 676 423 553 556 428 559 431 561 436 438 567 461 591 465 614 370 500 373 374 376
684 579 677 680 616 619 589 622 623 592 625 597 598 630 636 573
685 579 678 680 617 618 619 588 653 654 636 573 575
