697 800 708 805 840 745 713 747 719 753 819 823 856 698 890 830
698 772 774 776 800 803 804 810 823 825 697 828 830 708 840 713 719 856 729 860 862 864 865 866 867 868 870 871 745 874 873 876 877 878 879 880 881 882 883 884 885 886 753 889 893 895
703 805 747 719 880 819 856 828
708 800 769 869 774 840 713 747 719 819 890 823 856 697 698 828 830
713 800 708 774 745 810 719 819 823 697 698 828 830
719 800 708 805 774 772 745 713 810 747 819 823 697 698 830 703
729 804 876 878 753 882 886 856 698 861 863
745 800 774 713 747 719 823 697 698 828 830
747 769 774 800 803 804 810 819 823 697 828 830 703 708 840 719 856 745 880 753
753 747 697 729 856 889 698 861
769 708 869 774 811 747 890 828 798
772 800 805 719 856 698 828
774 800 769 708 805 869 840 713 745 747 810 811 719 819 823 856 698 828 830
776 873 874 877 885 887 698
798 769
800 772 708 774 745 810 747 713 811 719 823 856 697 698 828 830
803 880 698 840 747
804 747 876 878 888 729 886 856 889 698 861 863
805 772 774 840 810 719 823 697 828 830 703
810 800 805 774 713 747 719 856 698
811 800 769 869 774 890
819 708 774 840 713 747 719 880 823 856 697 828 830 703
823 800 708 805 774 840 745 713 747 719 880 819 856 697 698 828 830
825 856 889 698 884
828 800 769 772 805 774 708 713 745 747 880 819 823 856 698 830 703
830 800 708 805 774 840 713 745 747 719 819 823 856 697 698 828
840 803 708 805 774 747 819 823 856 697 698 830
856 772 774 800 804 810 819 823 697 698 825 828 830 703 708 840 729 861 863 869 747 876 878 753 888 889
857 865 868 871
858 871 870 895
859 885
860 698
861 804 876 753 888 856 729 889 863
862 865 698
863 804 878 882 856 888 729 861
864 698 884 893
865 857 698 868 862
866 881 698 879
867 872 874 885 887 698
868 857 865 698
869 769 708 774 811 856 890
870 879 881 698 858 894 895
871 698 857 858 895
872 873 867 885 887
873 776 872 874 885 698
874 867 776 873 885 698
876 804 882 729 886 856 889 698 861
877 776 698 885
878 804 729 888 886 856 889 698 863
879 866 870 881 698 894
880 803 747 819 823 698 828 703
881 866 870 879 698 895
882 876 886 729 698 889 863
883 698
884 864 825 698 893
885 867 872 776 874 873 877 887 698 859
886 804 876 878 882 729 698 889
887 872 776 867 885
888 804 878 856 889 861 863
889 804 876 878 753 882 856 886 888 825 698 861
890 769 708 869 811 697
893 864 698 884
894 870 879
895 870 871 881 698 858
