697 769 708 805 772 840 713 745 747 819 823 856 698 828 830
698 772 774 776 800 803 804 805 810 823 697 828 830 708 840 713 729 857 858 860 862 863 864 865 866 867 868 870 871 872 873 876 877 879 880 881 882 883 884 885 886 887 888 889 893
703 805 747 719 819 856 828
708 800 769 869 774 713 747 811 719 819 823 856 697 698 828 830
713 708 772 774 805 840 810 747 719 819 823 697 698 828 830
719 800 708 772 774 840 745 713 747 830 703
729 804 876 878 753 882 888 856 889 698 861 863
745 800 805 774 810 719 823 697 830
747 800 769 803 708 804 805 840 713 810 719 753 819 823 856 697 828 830 703
753 769 747 819 823 856 729 890 861 889
769 800 708 869 774 747 753 856 697 890 828 798
772 800 713 719 856 697 698 828
774 800 769 708 840 745 713 811 810 719 819 823 856 698 828 830
776 867 872 873 874 885 887 698
798 769
800 769 772 805 774 708 745 810 811 747 719 856 698 828
803 840 698 747
804 747 876 878 882 888 856 729 698 889
805 800 745 713 747 819 823 697 698 828 830 703
810 800 774 745 713 747 823 856 698 828
811 800 708 869 774
819 708 805 774 840 713 747 880 753 697 828 830 703
823 708 805 774 840 713 810 745 747 880 753 856 697 698 828 830
825 864 889 856 884
828 800 769 708 772 774 805 840 713 810 747 880 819 823 856 697 698 830 703
830 708 805 774 840 713 745 747 719 819 823 856 697 698 828
840 803 774 713 747 719 819 823 856 697 698 828 830
856 769 772 774 800 804 810 823 825 697 828 830 703 708 840 729 863 864 869 747 876 878 753 882 888
857 865 868 871 698 862
858 881 698 870
860 698
861 878 753 888 729 889 863
862 857 698 868
863 876 878 729 886 856 889 698 861
864 884 856 825 698 893
865 857 698 868
866 879 881 698 894 895
867 776 873 872 877 885 887 698
868 857 865 698 862
869 769 708 811 856 890
870 871 879 881 698 858 894 895
871 857 698 870 895
872 867 776 873 874 885 887 698
873 867 776 872 874 885 698
874 776 873 872 885 887
876 804 878 888 886 856 729 698 863
877 698 867 885
878 804 876 888 729 886 856 889 861 863
879 866 870 881 698 894
880 698 819 828 823
881 866 870 879 698 858 895
882 804 729 886 856 889 698
883 698
884 864 825 698 893
885 867 776 873 874 872 877 887 698
886 876 878 882 889 698 863
887 867 872 776 874 885 698
888 804 876 878 856 729 698 861 889
889 804 878 753 882 886 825 888 729 698 861 863
890 769 869 753
893 864 698 884
894 866 870 879
895 881 866 870 871
