34 428 348
107 641 483 580 649 363 428 629 566 376 601 475 348 414
173 649 427 348 414
348 513 514 515 394 395 524 400 414 542 544 34 422 423 427 428 556 173 559 431 558 563 566 567 461 465 475 480 483 363 492 107 496 370 506 373 374 376 378
363 515 651 656 669 542 414 544 553 559 561 436 566 580 591 475 348 606 483 107 492 370 374 376 506
370 514 515 645 646 524 666 412 669 544 423 683 428 431 559 561 563 436 566 567 461 465 475 348 604 363 492 373 374 376 506
373 513 514 515 641 645 651 395 524 412 669 542 414 544 423 680 428 558 559 561 434 563 436 567 580 461 590 465 475 348 604 483 614 492 370 500 374 634 506 637
374 513 514 515 391 524 412 669 414 544 553 556 559 561 563 438 567 566 461 591 348 483 363 492 496 506 370 373 376 378
376 513 514 646 394 395 651 652 400 412 669 414 542 544 673 676 423 683 556 428 559 431 561 434 563 436 566 438 567 586 587 461 591 465 475 604 348 606 610 107 492 363 496 370 506 500 634 374 378
378 513 514 515 651 524 400 412 669 414 542 544 423 553 428 431 559 561 563 436 566 461 591 465 348 604 483 614 492 496 500 374 376 506 637
391 513 514 515 394 524 412 669 544 423 553 428 556 431 559 561 563 566 567 580 591 465 475 483 614 492 500 374 506 637
394 544 513 515 614 391 542 683 492 620 556 559 400 436 438 376 601 348 414
395 513 514 515 645 524 400 412 669 414 678 423 553 428 556 559 431 561 436 438 567 574 461 591 465 348 604 483 614 620 373 630 376 506 637
400 641 514 515 394 395 524 651 669 542 676 553 683 556 428 559 431 434 436 438 567 580 591 465 601 348 606 614 492 378 500 376 506 637
412 513 515 645 391 395 524 669 542 414 544 676 422 683 558 431 561 434 436 567 461 593 609 483 614 492 496 506 370 373 374 376 378
414 513 514 515 542 544 553 556 558 563 566 567 573 574 576 577 578 579 580 582 583 584 590 591 592 594 596 598 599 600 602 603 604 605 607 609 611 612 614 615 616 617 618 619 620 621 622 623 107 625 626 627 628 629 630 631 632 635 636 638 639 640 641 643 644 647 651 653 654 655 659 660 661 662 663 664 665 666 670 672 675 676 677 678 679 680 681 682 683 684 173 685 348 363 373 374 376 378 394 395 412 422 423 427 428 431 434 436 438 461 475 483 492 496 500
422 653 654 663 412 414 678 680 682 685 561 438 579 584 596 597 601 348 604 609 483 614 617 618 619 630 631
423 645 646 391 651 395 669 414 553 428 558 431 559 561 436 567 587 461 591 465 475 604 348 492 506 370 373 634 376 378 637
427 428 173 496 563 348 414
428 641 514 391 395 524 400 667 669 414 542 544 34 676 423 553 427 558 559 431 561 434 438 591 465 594 601 475 348 604 606 609 107 492 370 500 373 376 378
431 513 515 391 651 395 400 412 669 414 423 556 428 559 561 434 563 436 438 475 348 606 483 614 370 500 376 378
434 580 428 492 559 400 496 591 563 436 373 431 376 506 412 414 604
436 513 394 395 524 651 652 400 412 669 542 414 673 423 553 683 431 561 434 563 438 566 461 591 475 604 483 363 492 496 370 373 376 378 635 637
438 514 645 394 395 524 651 400 414 676 422 553 683 428 556 431 563 436 566 461 596 604 606 483 492 506 374 376 634
461 645 395 524 412 669 414 544 423 553 683 559 561 436 438 567 590 591 465 475 348 606 483 492 370 506 373 374 376 378
465 513 391 395 400 669 542 544 676 423 683 428 556 559 566 567 580 461 591 475 604 348 483 614 378 370 373 376 506
475 641 514 515 513 391 651 524 414 542 544 676 423 553 428 559 431 561 563 436 566 567 580 461 591 465 604 348 606 483 107 363 496 370 500 373 376 506
480 593 563 348
483 513 514 515 641 391 395 524 412 414 671 422 553 431 559 563 436 438 566 580 461 465 601 475 348 604 614 363 107 378 496 500 373 374 506 637 639
492 641 514 515 513 391 394 651 524 400 412 669 414 542 544 423 428 559 561 434 436 438 567 566 580 461 591 348 604 606 363 370 373 374 376 378 637
496 513 514 515 641 412 669 414 427 434 436 566 580 591 475 348 483 506 374 376 378
500 514 645 391 651 400 542 414 553 428 431 563 566 580 591 601 475 604 483 614 378 373 376 506 637
506 513 514 645 391 395 524 400 412 544 423 553 561 434 563 438 566 461 465 475 604 348 606 610 483 363 496 370 500 373 374 376 378
513 641 514 645 646 391 394 395 524 651 412 669 414 542 544 553 683 431 561 563 436 566 567 580 465 601 475 348 606 610 483 614 492 378 496 373 634 374 376 506
514 513 391 395 524 400 414 544 683 428 561 438 475 348 483 614 492 378 496 370 500 373 374 376 506
515 641 391 394 395 524 654 400 412 414 553 431 559 566 580 591 475 348 483 614 363 620 492 496 370 373 374 378 637
524 513 514 515 391 395 651 400 412 544 553 683 428 559 436 438 566 461 590 475 348 606 483 614 492 506 370 373 374 378 637
542 513 394 400 412 414 428 556 559 561 436 567 591 465 475 348 606 363 492 500 373 376 378
544 513 514 645 391 394 524 412 669 414 676 553 683 428 556 559 563 566 580 461 465 475 604 348 363 492 378 370 373 374 376 506
553 513 515 644 645 391 395 524 400 669 414 544 423 683 428 556 559 561 436 438 567 461 591 475 609 483 363 620 506 500 374 378
556 544 676 614 391 542 553 394 683 395 559 400 465 431 374 438 376 348 414
558 423 428 373 348 412 414 604
559 515 391 394 651 395 524 400 669 542 544 676 423 553 683 428 556 431 561 434 566 567 580 461 591 465 475 348 604 606 483 614 363 492 370 373 374 376 378 637
561 513 514 391 395 651 412 669 542 422 423 553 683 428 559 431 436 566 580 461 591 475 604 606 363 492 378 370 373 374 376 506
563 513 645 391 414 544 427 431 434 436 566 438 567 594 475 348 480 483 370 506 500 373 374 376 378
566 513 515 391 651 524 414 544 676 559 561 563 436 438 567 580 591 465 593 475 348 483 107 363 492 496 370 506 500 374 376 378 637
567 513 646 391 651 395 400 412 414 542 423 553 683 559 563 566 580 461 590 465 475 348 610 492 370 373 374 376
573 644 653 654 664 666 414 677 685 575 579 588 592 597 603 605 611 617 618 619 623 625 626 630 633 636
574 579 678 584 616 663 395 596 631 414
575 579 617 685 654 589 592 630 664 573
576 640 578 675 615 583 650 658 659 627 661 600 414
577 640 582 583 647 681 615 600 650 670 599 658 627 595 661 659 662 632 414
578 576 640 675 414 647 615 681 583 600 658 627 659 661 599 632 665 635 670
579 644 653 663 664 666 414 677 422 680 684 685 573 574 575 588 589 590 592 598 603 609 611 612 616 619 620 621 622 623 625 626 630 633 636
580 513 641 515 391 400 414 544 559 561 434 566 567 591 465 601 475 606 483 363 107 492 496 500 373
581 642
582 640 577 414 675 615 658 627 595 661 662 599 600 635 670
583 640 643 647 650 658 659 661 662 665 670 414 675 681 576 577 578 599 615 627 628 632 635
584 414 678 679 616 422 682 592 660 596 630 631 574 639
586 376 634 587 646
587 645 646 423 586 651 591 376
588 579 678 617 682 619 618 685 654 653 592 633 573
589 609 579 611 677 617 620 684 622 623 592 625 596 597 664 603 636 575
590 609 579 644 680 617 524 461 623 373 567 633 414
591 641 515 645 646 391 651 395 400 542 414 423 553 683 428 559 561 434 436 566 580 587 461 465 475 604 606 363 492 378 496 500 374 376 634 637
592 644 653 654 655 664 666 414 672 677 678 680 682 685 573 575 579 584 588 589 597 598 603 605 609 611 612 616 617 618 622 623 625 626 633 636
593 480 412 566
594 563 428 414
595 640 577 643 675 582 615 681 650 658 627 659 661 662 600 635 670
596 609 414 678 422 584 618 620 589 655 438 663 604 574 639
597 611 644 677 422 680 619 684 589 654 623 592 625 630 633 603 636 573
598 609 579 677 618 619 684 653 654 592 625 636 605 414
599 640 643 647 650 658 659 661 662 665 670 414 681 577 578 582 583 600 628 632 635
600 640 643 650 658 661 662 665 414 675 681 576 577 578 582 595 599 615 627 628 632
601 609 513 483 580 644 422 394 107 428 400 500 629 630
602 414
603 609 611 644 677 579 605 680 619 684 589 623 592 597 573 414
604 645 651 395 669 414 671 544 676 422 423 428 558 559 561 434 436 438 591 465 596 475 606 483 492 506 370 500 373 376 378 637
605 644 678 680 617 619 653 654 592 626 598 630 603 573 414
606 513 641 645 524 400 669 542 428 559 431 561 438 580 461 591 475 604 614 363 492 376 506
607 414
609 653 664 666 412 414 422 680 553 428 579 589 590 592 596 598 601 603 612 617 619 620 623 626 630 636
610 376 513 506 567
611 579 677 680 618 684 589 654 653 592 597 664 603 636 573 414
612 609 579 678 680 617 619 592 630 664 636 414
614 513 514 515 645 391 394 395 524 400 412 669 414 676 422 683 556 559 431 465 606 483 500 373 378
615 640 643 647 658 659 661 662 665 414 675 681 576 577 578 582 583 595 600 632 635
616 579 678 584 574 618 684 621 622 623 592 657 660 630 663 414
617 644 648 654 664 666 414 677 422 680 685 573 575 588 589 590 592 605 609 612 619 620 625
618 653 666 414 422 679 678 684 685 573 588 592 596 598 611 616 619 630 631 636
619 644 653 654 414 677 678 422 684 573 579 588 597 598 603 605 609 612 617 618 623 625 630 633 636
620 672 609 515 579 678 617 553 395 394 653 589 596 630 636 414
621 616 579 414
622 579 678 616 684 589 623 592 625 663 414 639
623 609 579 677 616 619 684 589 622 590 592 654 597 603 636 573 414
625 579 644 677 617 619 684 589 654 622 592 653 597 630 598 633 573 414
626 609 579 605 677 644 654 592 657 630 664 573 414
627 640 643 647 650 658 659 661 662 665 414 681 576 577 578 582 583 595 600 632 635
628 643 647 583 681 632 661 599 600 665 414
629 641 107 601 637 414
630 641 644 395 653 657 663 664 414 672 422 678 682 685 573 575 579 584 597 601 605 609 612 616 618 619 620 625 626 631 636
631 414 422 584 682 618 630 574
632 640 577 578 675 643 615 647 583 650 658 659 627 661 628 599 600 662 414
633 579 619 588 653 590 592 625 597 636 573
634 513 645 423 586 651 591 373 438 376
635 640 578 675 643 582 615 583 681 670 658 627 595 661 659 599 436 414
636 644 653 666 414 677 678 684 685 573 579 589 592 597 598 609 611 612 618 619 620 623 630 633
637 515 391 395 524 400 669 678 423 679 559 436 566 591 604 483 492 500 373 629 378 639
638 414
639 483 584 622 596 637 414
640 643 647 650 658 659 661 662 670 414 675 681 576 577 578 582 583 595 599 600 615 627 632 635
641 513 515 580 483 414 107 492 428 591 400 496 629 630 373 475 606
642 581
643 640 414 583 615 681 632 595 627 661 659 599 600 665 628 635 662 670
644 654 664 666 414 553 573 579 590 592 597 601 603 605 617 619 625 626 630 636
645 513 646 395 651 412 669 671 544 423 553 563 438 587 461 591 604 606 614 506 370 500 373 634
646 513 645 423 586 587 591 370 567 376
647 640 577 578 675 583 615 681 650 670 658 627 628 662 599 632 665 414
648 617
649 107 173
650 576 640 577 583 647 681 600 627 659 595 662 599 632 665 670
651 513 645 524 400 414 423 683 559 431 561 436 438 567 566 587 591 475 604 363 492 500 373 634 376 378
652 376 436
653 654 664 666 414 672 678 422 680 685 573 579 588 592 598 605 609 611 618 619 620 625 630 633 636
654 515 644 653 664 666 414 672 677 678 422 680 683 684 685 573 575 588 592 597 598 605 611 617 619 623 625 626
655 592 657 596 414
656 363
657 616 682 655 626 630
658 640 647 661 662 665 670 675 681 576 577 578 582 583 595 599 600 615 627 632 635
659 640 643 650 661 662 665 414 670 681 576 577 578 583 595 599 615 627 632 635
660 616 584 414
661 640 643 658 659 662 665 414 670 675 681 576 577 578 582 583 595 599 600 615 627 628 632 635
662 640 643 647 650 658 659 661 665 670 414 675 681 577 582 583 595 599 600 615 627 632
663 579 422 616 574 622 596 630 414
664 609 579 612 644 611 617 589 653 654 685 592 626 630 666 573 414 575
665 578 643 675 583 647 615 650 670 658 659 627 661 662 599 600 628 414
666 609 579 644 680 617 618 653 654 592 370 664 636 573 414
667 428
669 513 645 391 395 400 412 671 544 423 553 428 559 431 561 436 461 465 604 606 614 363 492 496 370 373 374 376 378 637
670 640 643 647 650 658 659 661 662 665 414 675 681 577 578 582 583 595 599 635
671 483 604 669 645
672 678 620 653 654 592 630 414
673 376 436
675 576 640 578 414 582 615 647 681 583 632 658 595 661 662 600 665 635 670
676 544 614 683 556 428 559 400 465 566 438 376 412 475 604 414
677 654 414 680 682 684 573 579 589 592 597 598 603 611 617 619 623 625 626 636
678 395 653 654 414 672 422 679 682 574 584 588 592 596 605 612 616 618 619 620 622 630 636 637
679 678 584 682 618 637 414
680 653 654 666 414 677 422 684 685 579 590 592 597 603 605 609 611 612 617 373
681 640 643 647 650 658 659 661 662 414 670 675 577 578 583 595 599 600 615 627 628 635
682 677 678 679 584 422 588 592 657 630 631 414
683 513 514 394 651 524 654 400 412 414 544 676 553 556 559 561 436 438 567 461 591 465 614 370 376
684 579 611 677 680 616 618 619 589 622 623 654 625 597 598 603 636 414
685 579 422 680 617 618 588 653 654 592 630 664 636 573 414 575
