0 1 2 5 6 7 9 10 12 15 16 17 20 21 22 24 25 26 28 29 32 33 35 36 37 38 39 40 41 42 44 45 47 48 50 51 54 55 56 58 60 62 64 65 66 67 68 69 70 71 72 73 76 77 79 80 81 82 83 84 85 86 87 89 90 92 94 95 96 97 98 99 101 109 110 111 113 115 116 117 118 119 121 123 124 125 126 128 129 131 132 133 134 135 138 139 140 144 145 146 147 148 149 150 151 152 154 155 156 161 162 163 164 165 168 169 170 171 172 174 176 177 179 180 183 185 186 187 189 190 193 194 196 197 198 200 202 203 207 208 209 210 211 212 215 216 218 219 220 222 223 224 225 227 229 239 240 242 244 245 246 247 248 249 250 251 252 253 254 256 257 258 261 262 264 265 266 267 268 269 270 271 274 276 277 279 281 282 285 286 289 291 292 295 297 299 301 303 304 308 310 311 312 313 315 316 317 319 321 322 324 327 330 331 333 334 336 337 338 339 341 342 343 344 345 347
1 0 280 322 133 73 299 236 48 53 54 88 346 315 92 126
2 0 226 333 115 116 149 20 343 312
3 323 228 67 72 200 170 9 142 274 85 280 25 188
4 195 328 78 273 275 181 152 218
5 0 169 235 204 187 316 87 122 315 156
6 0 219 147 319
7 0 129 322 291 65 103 168 136 304 339 308 213 22 87 246 347 31
8 259 264 201 110 245 91
9 0 3 133 141 142 276 21 277 280 25 26 156 30 161 291 295 169 170 176 304 56 185 186 315 188 66 323 67 69 322 199 72 329 200 75 203 334 79 341 224 231 232 105 119 122
10 0 67 323 200 169 332 142 277 285
12 0
13 261 265 271 277 21 26 172 304 56 313 188 65 67 325 332 82 211 223 98 236 109 238 239 119 252
14 226 326 41 144 115 116 149 214 151 312 20 310 28
15 0
16 0 329 172 332 82 29
17 0 137 41 140 111 144 19 116 115 214
19 289 293 41 138 174 17 214 343 312 89
20 0 2 162 326 44 333 14 111 115 149 214 343 312
21 0 134 136 9 13 142 271 274 280 281 25 284 159 31 165 40 169 170 304 308 55 184 313 186 315 188 56 322 67 323 197 325 66 203 332 334 212 342 88 345 223 98 104 105 108 236 251 239 119 248 122 123 252 127
22 0 324 7 168 308 277 87 185 347 158
23 227 99 230 267 237 175 144 240 83 116 245 155 124 61
24 0 194 101 249 266 299 242 180 53 57 187 92 94
25 0 257 130 3 9 141 270 271 272 148 21 277 280 26 283 285 158 31 288 290 291 39 40 297 169 170 176 51 185 186 188 65 322 67 325 69 199 72 73 200 331 76 332 79 336 83 88 224 98 103 232 231 236 239 113 119 122 252
26 128 257 0 133 134 9 265 141 142 271 13 276 277 25 285 161 291 295 40 297 170 298 172 169 176 308 56 313 315 322 67 66 69 199 203 332 79 212 223 104 232 236 109 113 119 248 122 123 252
27 329 324 119
28 0 326 41 140 14 144 115 116 149 310 151 312
29 0 40 106 203 172 16 82 338 211 118 247
30 224 322 200 329 73 9 236 331 303 48 271 178 304 213
31 7 142 277 21 280 25 291 168 304 51 308 67 200 338 83 339 84 237 109 122 252
32 0 167 137 310 93
33 0 42
34 173
35 0 143
36 0 197 135 309 184 251 127
37 0
38 0 322 332 141 178 339 248
39 0 161 121 69 165 200 105 141 277 280 313 25
40 0 257 132 133 265 141 142 271 272 274 21 277 280 25 26 29 158 169 172 304 307 56 315 317 322 67 325 199 72 203 332 77 334 212 231 239
41 0 137 140 14 17 19 28 44 310 312 326 337 214 343 230 111 115 116 243
42 0 33
44 0 41 111 20 312
45 0 67 132 200 186 104 142 303 345 122 221
46 143 177 175
47 0 301
48 0 1 130 271 30 302 180 53 57 320 322 199 73 330 203 332 80 88 119 126
49 192 241 255
50 0 203 331 109 113 146 148 277 314
51 0 237 83 84 25 31
53 1 130 260 266 24 48 180 54 315 317 191 194 322 196 330 213 88 346 92 101 242 248 249 254
54 0 1 329 53 119
55 0 67 261 200 104 170 239 277 21 56 185 186 123 252
56 128 0 132 261 134 265 9 13 142 271 141 272 277 21 26 285 161 290 291 40 169 170 298 297 303 304 55 185 186 59 188 60 62 63 315 322 67 325 199 72 200 331 332 203 334 207 211 212 341 342 213 88 221 98 103 232 104 109 238 239 118 119 122 252
57 320 204 108 302 48 80 242 277 213 24 249 92 184
58 0 107 171
59 98 325 250 172 268 238 271 239 82 211 118 56 186
60 0 322 239 56 313 285
61 193 23
62 0 130 133 261 141 142 276 170 56 186 67 323 199 200 341 223 96 224 98 236
63 261 271 342 56 313
64 0 100 171 150 217 189
65 0 7 203 13 82 339 118 25 314 252
66 0 67 134 9 142 239 334 113 308 21 26 252
67 0 128 3 136 9 10 265 13 271 272 277 21 280 25 26 156 158 31 161 290 40 297 170 169 45 303 308 55 56 185 313 315 188 186 62 66 323 196 69 322 199 72 325 75 203 334 79 82 212 213 342 344 345 224 104 109 118 248 122 123
68 0 225 227 263 175 143
69 0 67 39 105 9 236 304 121 26 25
70 0 230
71 0 307 230
72 0 3 132 9 141 271 272 25 291 40 298 172 56 67 199 200 329 212 232 239 113 252
73 0 1 130 299 331 48 30 88 25 126
75 322 67 323 200 9 170 304 272 274 85 188
76 0 25 270
77 0 294 231 40 332 117
78 195 4 328 306 275 181
79 0 67 200 9 271 272 119 25 26 188
80 0 320 101 266 299 204 173 330 48 242 213 88 249 346 92 57
81 0 269 286
82 0 261 13 271 16 148 29 158 169 170 313 314 59 318 65 67 325 199 203 211 84 222 98 231 238 118 123
83 0 237 51 84 23 25 31
84 0 224 265 236 237 304 82 51 83 313 31
85 0 322 3 258 323 170 75 271 176 272 156
86 0 225 227 175 177 278
87 0 161 291 5 7 136 308 213 246 22 315
88 1 130 322 73 106 236 303 336 48 80 53 21 56 25 126
89 0 327 19 219 95 319
90 0
91 8 193 259 245
92 0 1 24 299 302 180 53 57 187 194 196 330 204 80 346 94 101 242 249
93 32 167 137 337 310
94 0 266 24 299 300 302 180 187 315 320 194 330 204 346 92 101 242 249 254
95 0 327 147 89 319
96 0 224 323 274 213 314 190 62
97 0 182 230
98 0 128 258 261 265 13 272 276 21 277 148 280 25 291 170 172 304 56 313 186 315 59 62 200 203 331 82 223 103 104 238 239 113 118 119 123 252
99 0 131 227 263 296 143 175 177 23
100 64 163 269 150 217
101 0 330 299 266 80 242 180 53 24 249 346 187 92 94
102 296 227
103 98 323 185 7 200 169 136 172 271 211 56 25 285
104 128 142 271 277 21 26 295 169 45 303 55 56 186 188 318 67 200 203 332 212 98 109 113 123
105 257 69 39 9 236 272 148 21 280
106 169 329 332 238 88 29
107 58
108 281 272 21 184 57 251 284 159
109 0 13 148 277 26 285 158 31 295 297 304 50 56 314 322 67 323 325 324 200 203 332 229 104 239 119 122 252
110 264 8 259 0
111 0 326 137 41 44 17 20 214 279 312 343
112 174
113 0 261 142 271 148 277 25 26 285 291 165 169 172 50 313 186 188 66 325 72 200 203 334 342 98 104 239 119 121 122 252
115 0 2 262 137 140 14 144 17 20 149 28 41 312 192 326 214 343 220 116
116 0 2 162 226 326 41 140 14 144 17 115 149 214 23 312 28 343
117 0 280 77 231
118 0 134 265 268 271 283 29 161 172 304 56 313 59 65 322 67 325 203 331 82 211 342 222 98 238 239 252
119 128 0 132 261 9 269 13 271 148 21 277 150 280 25 26 27 163 297 170 171 48 54 56 313 185 188 318 323 324 325 199 329 203 79 208 339 342 217 98 109 113 248 252
120 136 247
121 0 69 39 169 236 206 113 280
122 5 261 136 9 142 271 274 21 280 281 26 25 156 285 31 161 297 170 169 45 303 304 176 56 186 315 188 323 67 200 213 342 344 345 224 235 109 239 113 248 123 252
123 0 98 67 261 122 104 186 142 82 21 342 55 26 252
124 0 170 23
125 0 169
126 0 1 322 260 73 48 88
127 36 197 135 272 309 21 184 281 346 251 159
128 0 265 271 26 169 170 176 56 313 186 315 67 199 203 334 213 98 104 119 248 252
129 0 291 339 7
130 257 322 329 73 300 204 48 213 277 53 88 25 62
131 0 99 227 143 177 278
132 0 134 72 40 45 334 303 311 242 277 119 56 317 158
133 0 1 322 224 232 9 40 236 141 276 183 26 315 188 62
134 0 66 56 132 199 238 334 304 21 118 277 248 26 252
135 320 0 36 197 309 184 281 251 284 127
136 322 67 324 103 7 169 304 146 339 308 213 21 87 120 122 315 285
137 32 289 326 167 41 140 111 17 115 243 214 310 312 93
138 0 19
139 0 320 197 184 281 251 284 159
140 0 137 41 144 17 115 116 214 28
141 258 133 9 271 272 276 280 25 26 38 39 40 172 304 56 62 323 72 224 236
142 3 9 10 271 21 277 280 26 285 158 31 40 169 170 45 308 56 186 188 62 322 66 200 203 332 104 236 239 113 122 123 252
143 225 321 99 35 68 227 131 46 175 177 278
144 0 226 140 14 17 115 23 116 343 312 151 28
145 0 179
146 0 136 50 339 148 313 317 285
147 0 319 6 219 95
148 224 0 98 185 229 261 105 109 271 272 113 50 82 146 339 119 25
149 0 226 162 2 326 333 14 115 116 20 343 312 28
150 0 64 163 100 329 171 119 217
151 0 14 144 310 312 28
152 0 275 4 181
153 280
154 0 219
155 0 157 23
156 0 258 67 5 295 9 235 85 122 188
157 155
158 322 67 291 325 132 168 40 232 332 109 142 242 82 22 248 25 315
159 197 345 139 172 108 272 21 184 281 127
160 260
161 0 9 271 277 26 39 304 308 56 322 67 325 199 339 213 87 118 122 252
162 0 326 333 116 149 20 343 312
163 0 100 173 150 119 249
164 0 285
165 0 39 200 169 334 113 21 342
166 173 198
167 32 137 337 310 93
168 0 291 7 304 339 277 22 347 158 31
169 0 128 5 136 9 10 142 271 277 21 280 25 26 291 165 40 56 185 315 318 67 332 334 82 103 104 106 236 113 248 121 122 252 125
170 128 0 3 260 9 268 142 271 274 21 277 25 26 285 290 176 304 55 56 186 62 67 200 75 332 203 334 82 211 85 223 98 239 124 119 122 252
171 64 0 150 119 217 58 189
172 0 261 265 268 141 13 271 16 277 26 29 159 40 298 304 308 313 59 325 199 72 329 203 331 332 211 342 98 103 231 232 238 239 113 118
173 34 163 166 202 80
174 0 19 112 293
175 321 227 68 99 263 296 46 143 23 277 278 86
176 128 0 26 9 170 239 271 85 25 122 188
177 0 225 99 227 131 46 143 278 86
178 322 38 231 329 206 272 345 30
179 0 145
180 0 194 196 101 266 299 204 48 53 254 24 249 346 187 92 94
181 4 328 78 273 275 152
182 97 253
183 0 133
184 320 36 197 135 329 139 108 57 127 272 21 309 281 346 251 284 159
185 0 9 271 272 148 22 280 25 285 290 169 297 55 56 315 322 67 200 344 103 119
186 128 0 9 142 271 272 277 21 25 285 170 45 303 55 56 59 188 62 322 323 67 325 199 203 341 213 345 221 223 98 104 236 239 113 122 123 252
187 0 101 5 266 299 302 242 180 254 24 249 346 92 94
188 258 3 133 9 13 142 272 274 277 21 280 25 156 285 291 297 304 176 56 186 315 322 323 67 200 75 334 79 341 342 223 224 104 239 113 119 122 252
189 64 0 171 217
190 96 0
191 53
192 49 115 205
193 0 259 91 61
194 0 196 299 204 302 242 180 53 94 24 249 346 92 254
195 4 328 78 273 275 218
196 0 194 67 266 204 180 53 249 346 92 285
197 0 320 36 135 139 272 21 184 281 127 159
198 0 166
199 128 261 134 9 265 271 25 26 288 161 40 298 172 48 304 56 313 186 315 314 62 67 324 325 72 200 82 211 212 342 222 231 232 239 119 252
200 0 3 9 10 142 271 274 276 277 280 25 285 30 31 165 39 297 170 45 304 55 56 185 188 62 322 323 324 325 199 72 75 332 334 79 223 224 98 103 104 236 109 239 113 248 122
201 8
202 0 329 173
203 128 0 261 9 265 268 142 271 272 21 277 26 29 285 40 170 172 304 48 50 308 56 313 186 65 322 67 324 325 332 334 82 338 211 341 342 223 98 104 109 238 239 113 118 119
204 130 194 196 5 249 329 266 330 302 80 242 180 277 213 94 57 92 254
205 192
206 121 178
207 0 322 56
208 0 291 332 277 119 285
209 0
210 0
211 0 261 265 268 13 271 272 29 170 172 304 56 313 59 315 199 331 203 82 342 222 223 103 238 239 118
212 0 67 344 199 40 104 232 72 295 298 239 21 56 26 252
213 128 130 7 136 277 285 30 161 291 303 308 53 56 57 186 315 67 332 204 80 340 87 96 224 231 236 242 246 122
214 289 230 326 137 41 140 333 14 111 17 19 116 115 20
215 0
216 0 243
217 64 324 100 171 150 119 189
218 0 195 4 328 306 275
219 0 6 147 89 154 319
220 312 0 115 262
221 322 45 56 186 285
222 0 325 199 238 240 82 211 118 313
223 0 261 13 271 21 26 170 313 186 315 188 62 325 200 203 211 98 239 246 252
224 0 133 261 9 141 271 148 276 25 30 291 304 315 188 62 67 324 200 332 84 213 96 232 236 122
225 0 227 68 143 177 278 86
226 2 326 333 14 144 116 149 343 312
227 0 225 99 68 131 102 263 296 175 143 177 278 23 86
228 283 3
229 0 148 109 334
230 97 70 71 41 214 23 253
231 199 40 9 329 232 332 172 77 239 178 82 213 117 25 315
232 133 9 271 276 280 25 26 285 158 291 298 172 56 322 199 72 212 224 231 239
233 256
235 122 156 5
236 257 1 133 141 142 271 272 13 276 21 25 26 30 169 297 303 186 314 315 62 69 200 84 213 88 224 105 248 121 252
237 83 51 84 23 31
238 261 134 265 13 271 172 56 313 59 324 325 203 82 211 342 222 98 106 239 118 252
239 0 261 265 13 142 271 272 276 277 21 280 25 295 40 170 172 303 304 176 55 56 313 186 59 60 188 322 66 323 325 199 200 72 203 338 211 212 344 223 98 231 232 109 238 113 118 122 252
240 0 222 23
241 49
242 0 322 194 132 101 266 299 204 80 53 213 94 24 57 346 187 92 158
243 137 41 337 310 216
244 0 282
245 0 259 8 23 91
246 0 322 7 304 339 340 308 213 87 315 285 223
247 120 0 29
248 0 128 67 26 38 134 200 265 169 332 236 119 53 21 311 122 252 158
249 0 266 24 163 299 304 180 53 57 187 315 194 196 330 204 80 346 92 94 101 254
250 0 59 252
251 320 0 36 135 139 108 21 309 184 281 284 127
252 0 128 261 134 265 13 142 271 272 21 277 25 26 285 31 161 291 169 170 297 304 308 55 56 313 186 315 188 65 66 322 324 325 199 72 332 338 212 342 345 223 98 122 236 109 238 239 113 118 119 248 250 123
253 0 182 230
254 0 194 266 299 204 330 302 180 53 249 346 187 94
255 49
256 0 233
257 0 280 258 130 322 295 40 105 236 272 344 25 26 315
258 0 257 98 323 291 295 141 272 188 85 156
259 193 264 8 110 245 91
260 160 322 170 339 53 126
261 0 265 268 13 271 148 285 297 172 55 56 314 62 318 63 325 199 203 82 211 342 345 223 224 98 238 239 113 119 122 123 252
262 0 312 115 220
263 99 68 227 175
264 8 0 259 110
265 128 0 261 13 271 26 40 172 311 56 313 67 325 199 203 331 211 84 342 98 238 239 118 248 252
266 0 196 101 330 204 302 80 242 180 53 94 24 249 346 187 254
267 0 23
268 0 261 325 170 203 172 271 211 118 59
269 0 81 100 119
270 0 25 76
271 128 0 261 265 268 141 142 13 272 148 21 276 280 25 26 285 30 161 290 40 297 298 169 172 170 48 304 176 56 313 186 315 185 59 318 63 314 322 67 323 325 199 200 72 331 332 203 79 82 211 85 342 223 224 103 104 232 236 238 239 113 118 119 122 252
272 257 258 141 271 148 277 280 25 285 159 291 40 297 304 178 184 185 186 56 188 320 67 197 72 329 75 203 79 211 85 346 98 105 108 236 239 252 127
273 195 4 328 306 275 181
274 0 96 3 323 200 40 170 75 21 341 122 188
275 195 4 78 273 306 181 152 218
276 0 224 98 322 133 232 9 200 236 141 239 271 26 62
277 0 130 132 134 9 10 13 142 272 22 280 25 26 285 31 161 290 291 294 39 168 40 169 170 172 175 304 50 308 55 311 56 57 186 315 188 67 323 324 325 200 203 204 332 334 208 339 213 342 98 104 109 239 113 119 252
278 225 131 227 175 143 177 86
279 0 111
280 257 1 3 9 141 142 271 272 21 277 153 25 31 290 291 39 40 297 169 304 185 315 188 322 323 67 200 332 98 232 105 239 117 119 121 122
281 0 159 197 135 139 108 309 21 184 122 251 284 127
282 0 244
283 25 228 118
284 320 135 329 139 108 309 21 184 281 251
285 0 261 136 10 142 271 272 146 277 25 26 164 170 303 56 185 186 313 188 315 60 322 323 196 200 203 332 208 213 342 345 221 103 232 109 113 246 122 252
286 0 81
288 25 199
289 0 137 19 214
290 67 323 170 271 277 342 280 185 56 25
291 0 129 258 7 9 272 277 280 25 26 158 31 168 169 56 315 188 72 329 332 208 213 87 224 98 232 113 252
292 0
293 19 174
294 277 77
295 0 257 258 104 9 109 239 212 26 156
296 99 227 102 175
297 0 261 271 272 280 25 26 56 185 188 322 67 323 324 200 236 109 119 122 252
298 199 232 72 172 271 212 56 26
299 0 1 194 101 249 73 300 80 242 180 24 94 187 92 254
300 320 130 299 346 94
301 0 324 47
302 194 266 330 204 48 94 57 346 187 92 254
303 0 322 67 132 56 122 104 236 45 239 213 88 345 186 315 285 30
304 0 134 7 136 9 141 13 271 272 21 277 280 30 31 161 40 168 170 172 308 56 315 188 322 324 69 325 199 200 75 332 203 334 211 84 224 98 109 239 118 246 249 122 252
305 312
306 273 218 275 78
307 40 71
308 0 7 136 142 277 22 21 26 31 161 172 304 66 322 323 67 203 338 213 87 246 252
309 320 36 135 184 281 251 284 127
310 32 0 167 41 137 14 337 243 151 28 93
311 248 0 132 325 265 277 344
312 0 2 262 137 14 144 19 20 149 151 28 162 41 44 305 326 343 220 226 111 115 116
313 128 0 265 13 271 146 21 26 285 39 172 315 60 63 67 199 203 82 211 84 342 222 223 98 238 239 113 118 119 252
314 96 65 261 199 236 109 271 82 50 342
315 128 1 0 257 133 5 136 9 271 277 21 280 26 285 158 291 40 169 303 304 53 56 185 313 188 322 323 67 324 199 339 211 213 87 345 94 223 224 98 231 236 246 249 122 252
316 0 5
317 0 132 40 146 53
318 261 104 169 334 271 82 119
319 0 6 327 147 89 219 95
320 197 135 329 139 300 272 48 80 309 184 57 346 251 284 94
321 143 0 175
322 0 257 130 1 260 133 7 136 9 142 271 276 21 280 25 26 285 158 30 161 38 40 297 303 304 48 178 308 53 56 185 186 315 60 188 67 200 329 75 203 207 339 85 341 342 88 345 221 232 109 239 242 246 118 252 126
323 258 3 9 10 141 271 274 277 21 280 285 290 297 308 186 315 188 62 67 200 75 332 85 96 103 109 239 119 122
324 0 136 277 22 27 297 301 304 315 199 200 329 203 340 217 224 109 238 119 252
325 261 265 268 13 271 21 277 25 158 161 40 172 304 311 56 186 59 67 199 200 203 82 342 222 223 109 238 239 113 118 119 252
326 162 226 137 41 14 111 115 20 149 116 343 312 214 28
327 0 89 319 95
328 195 4 78 273 181 218
329 130 9 16 272 150 27 284 30 291 172 178 54 184 320 322 324 72 202 204 332 231 106 119
330 0 101 249 266 204 302 48 80 53 94 346 92 254
331 0 98 73 265 172 332 271 50 211 118 56 25 30
332 10 13 142 271 16 21 277 280 25 26 285 158 291 38 40 169 170 172 304 48 56 323 200 329 331 203 77 208 213 224 231 104 106 109 248 252
333 0 226 2 162 20 149 214 343
334 0 128 132 134 9 21 277 165 40 169 170 304 56 188 318 66 67 200 203 229 113
336 88 0 25
337 0 167 41 243 310 93
338 0 203 239 308 252 29 31
339 0 161 322 129 260 65 38 7 168 136 146 347 148 277 246 119 315 31
340 324 213 246
341 0 322 9 203 274 56 186 188 62
342 0 261 265 271 21 277 285 290 165 172 56 313 314 188 63 322 67 325 199 203 211 238 113 118 119 122 123 252
343 0 2 226 162 326 41 333 111 144 115 116 20 149 19 312
344 0 257 67 239 212 311 185 122
345 0 322 67 261 122 45 303 178 21 186 315 252 285 159
346 1 266 272 300 302 180 53 184 187 320 194 196 330 80 92 94 101 242 249 254 127
347 0 7 168 339 22
