34

428 348

107
641 580 629 566
483 649 363 428 376 348 414
601
173

649 348 414

348
524 412 542 423 553 566 567 370
513 514 515 391 394 395 400 414 34 422 428 173 556 431 558 559 434 563 436 465 475 480 483 107 363 496 500 374 376

363
524 412 553 566 580 461 591 370 373
514 656 669 544 559 561 475 348 107 506 374 376 378 637

370
524 412 542 423 553 567 566 591 492 373
514 515 645 646 395 666 544 683 428 431 559 561 436 438 465 475 348 604 483 363 506 374 376 378

373
641 524 412 423 553 566 587 461 590 591 492 370
514 515 513 645 395 400 669 414 544 680 683 428 556 558 431 559 561 563 475 604 606 483 614 363 496 500 634 376 378

374
412 553 566 461 591 492 370
513 515 391 669 414 544 683 556 559 561 563 438 465 475 348 483 363 496 500 376 378

376
652 524 412 542 423 553 566 580 586 587 461 492 370 373
513 514 645 646 391 394 395 651 400 414 673 683 428 556 431 559 561 434 563 436 438 465 604 348 610 107 363 500 374 506

378
524 412 542 423 566 580 461 492 370 373
513 514 391 394 651 669 414 544 676 428 559 431 561 434 563 436 465 475 604 614 363 374 506

391
412 553 566 567 591
513 515 394 669 414 544 428 556 559 431 561 563 438 465 475 348 483 614 378 500 374 376 506 637

394
542 492
513 515 391 400 414 676 683 559 436 438 475 348 614 620 376 378
601
395
524 412 542 567 574 370 373
513 514 515 645 400 428 556 431 561 436 438 465 348 604 483 614 620 630 376 506 637
601
400
641 524 553 580 461 591 492 373
513 514 394 651 395 669 414 544 676 428 431 559 561 436 465 348 606 614 500 376 506 637
601
412
524 542 423 566 567 580 461 591 370 373
515 645 391 395 414 544 676 422 683 428 559 431 561 434 436 438 593 348 604 614 363 496 506 374 376 378

414
524 542 553 567 574 577 580 590 591 595 599 612 615 616 621 623 629 636 641 650 659 660 672 373 412 423 461 492
513 514 515 544 556 558 559 578 579 582 583 588 589 592 596 597 598 600 604 606 609 611 614 617 618 107 620 622 619 625 626 627 628 630 631 632 633 639 643 644 647 649 651 653 657 658 661 664 665 666 669 675 676 677 678 680 681 682 683 173 348 374 376 378 391 394 400 422 427 428 431 434 436 465 475 483 500 506
601 602 607 638 668 674
422
663 412 553 685 584 636
644 653 655 657 414 678 680 682 561 438 579 592 593 596 597 348 604 609 483 614 617 619 620 630 631
601
423
524 412 553 567 586 587 461 591 492 370 373
513 669 414 683 428 559 431 561 436 465 348 604 606 378 506 500 376 634 637

427

496 563 414

428
641 524 667 412 542 423 567 461 591 492 370 373
514 515 391 395 651 400 669 414 544 34 683 431 559 434 436 438 465 475 348 606 609 614 107 378 500 376 506
601
431
412 423 566 492 370 373
513 514 515 391 395 651 400 669 414 683 428 556 561 563 436 438 465 475 348 606 483 378 500 376 506

434
492 591 412
515 428 559 496 506 563 436 376 378 475 348 414 604

436
652 524 412 542 423 553 566 580 591 370 635
513 646 394 395 400 414 673 428 431 434 563 438 465 348 604 606 483 378 634 376 506 637

438
524 412 553 566 461 492 370
514 645 391 394 395 669 676 422 428 556 559 431 561 563 436 465 596 475 604 606 483 614 496 500 374 634 376 506

461
524 412 542 423 553 567 590 591 492 373
513 645 653 400 669 414 544 683 428 559 561 438 606 483 363 506 374 376 378

465
542 423 566 580 591 370
515 391 395 400 669 414 544 676 556 428 558 431 559 436 438 475 604 348 614 506 500 374 376 378

475
641 524 566 567 580 492 370 373
513 515 391 394 651 414 544 428 556 559 431 561 434 563 438 465 348 606 483 363 496 506 500 374 378

480

593 348

483
524 542 566 567 461 591 492 370 373
513 514 515 391 395 651 669 414 544 422 431 559 561 563 436 438 596 475 348 606 614 107 496 500 374 506 637 639
601
492
524 542 423 567 566 580 461 591 370 373
513 514 515 394 400 669 414 544 676 428 559 431 561 434 438 475 604 606 483 378 500 374 376 506

496
641 553 373 566 412
513 514 515 483 427 434 374 438 506 475 348 669

500
524 423 553 580 591 492 373
513 514 645 391 651 400 414 683 556 428 431 563 438 465 475 348 604 483 374 376 506 637

506
524 412 423 553 566 461 591 492 370
513 514 391 395 400 414 544 428 431 559 561 434 563 436 438 465 475 604 606 610 483 363 496 500 376 378

513
641 524 423 553 566 567 580 461 591 492 373
645 646 391 394 395 651 400 669 414 559 431 561 436 475 348 604 606 610 483 614 378 496 506 500 374 376 634 637
601
514
524 566 580 492 370 373
395 400 669 414 544 428 431 559 438 348 483 614 363 496 506 500 376 378

515
524 412 553 566 580 591 492 370 373
391 394 395 654 414 428 559 431 434 465 475 348 483 614 620 496 374 637

524
412 542 423 553 567 461 590 591 492 370 373
513 514 515 395 400 414 544 683 428 559 561 436 438 475 348 606 483 363 506 500 376 378 637

542
524 412 553 567 580 461 591 492 370
394 395 414 556 428 436 465 348 606 483 376 378

544
524 412 553 566 580 461 492 370 373
514 645 391 400 669 414 676 683 556 428 561 563 465 475 483 363 378 374 506

553
524 542 423 566 461 591 370 373
513 515 645 391 400 666 669 414 544 422 683 556 558 559 436 438 348 609 614 363 620 496 500 374 634 376 506

556
652 542 553 373
391 395 414 544 673 683 559 431 563 438 465 475 348 614 500 374 376

558
553 373
465 348 604 414

559
524 412 423 553 566 567 580 461 591 492 370 373
513 514 515 391 394 651 400 669 414 676 683 428 556 561 434 438 465 475 604 348 606 483 614 363 506 374 376 378 637

561
524 412 423 566 567 580 461 591 492 370 373
513 391 395 651 400 669 544 422 683 431 559 438 475 604 606 483 363 378 374 376 506

563
567 373
391 544 427 556 431 434 436 438 475 348 604 483 378 500 634 374 376 506

566
412 553 567 580 591 492 370 373
513 514 515 391 651 544 676 559 431 561 436 438 593 465 475 348 483 363 107 378 496 374 376 506 637

567
524 412 542 423 566 580 461 590 492 370
513 645 391 395 414 683 428 559 561 563 475 348 604 610 483

573
672 685 623 636
644 653 654 664 666 677 684 575 588 589 592 597 598 603 605 609 618 619 625 626 630 633

574
616 621 663
579 678 631 395 596 630 414

575
685
579 680 617 589 654 592 630 664 573

576
640 650 659
675 583 681 627 600

577
650 659 599 635
578 675 643 582 583 647 681 670 658 627 661 414

578
640 650 659 577 595 599 615
643 647 661 662 665 670 414 675 681 582 583 600 627 632

579
663 574 590 612 616 623
644 654 664 414 677 422 680 684 575 588 589 592 597 598 603 611 619 620 622 625 626 630 633 639

580
412 542 566 567 591 492
513 514 515 400 656 414 544 559 561 436 465 475 606 363 107 500 376 378 637
601
581

642

582
640 577 615 650 595 659 599
578 675 583 681 670 632 627 661 600 414

583
640 650 576 577 599 615 635
647 658 661 662 414 670 675 681 578 582 600 627 632

584
679 616 660
422 678 618 592 596 630 631 637 639

586
423 587
645 646 376

587
423 586 591 373
645 646 651 376 634

588
685
579 644 678 682 653 654 592 633 573 414

589
623
654 664 414 677 684 573 575 579 592 596 597 603 605 609 611 617 620 622 625

590
612 524 461 591 373 567
609 579 680 617 633 414

591
641 524 412 542 423 553 566 580 587 461 590 492 370 373
513 515 645 646 391 400 414 683 428 559 561 434 436 465 604 483 363 506 500 374 634 637

592
672 685 584 612 621 636
653 666 414 677 422 678 680 682 684 573 575 579 588 589 597 598 603 605 609 611 617 618 619 620 622 625 626 630 633

593
412 566
480 422

595
640 615 650 659 635
578 675 582 681 627 662 414

596
584 616 574
609 483 414 422 678 618 653 589 655 438 604 639

597
623 636
644 653 414 422 680 684 573 579 589 592 603 609 611 618 619 625 630 633

598
636
609 579 605 677 680 618 619 684 653 654 592 625 573 414

599
650 659 577 615
643 658 661 662 665 414 670 675 681 578 582 583 600 627 628 632

600
640 659 576 599 615 635
643 658 661 662 414 670 675 681 578 582 583 627 628 632

601
580 629
513 483 644 422 394 107 428 395 400 630 637 414

602

414

603
612
609 611 579 677 644 680 573 589 592 625 597 605

604
412 423 567 591 492 370 373
513 651 395 669 414 671 676 422 558 559 561 434 563 436 438 465 596 606 378 500 376 506 637

605

609 644 677 678 680 589 654 653 592 626 630 598 603 573

606
641 524 542 423 580 461 492 373
513 400 414 428 559 431 561 436 438 475 604 483 614 506

607

414

609
553 590 612 623
653 654 664 666 414 422 680 428 573 589 592 596 597 598 603 605 617 620 626

610
567
376 513 506

611
636
579 677 680 618 684 653 589 592 625 597 664 603 414

612
590 636
609 579 678 680 617 619 654 592 630 664 603 414

614
412 553 373
513 514 515 391 394 395 400 669 414 676 422 683 428 556 559 438 465 606 483 378

615
640 659 595 599 635
578 414 675 582 583 647 600 627 628 632 665 662 670

616
584 663 621 623 660 574
579 414 678 618 684 622 625 657 596 630 631 639

617
612 685 590
609 644 677 422 619 654 592 589 625 630 664 414 575

618
685 584 616 636
653 666 414 678 680 682 684 573 592 596 597 598 611 619 630 631 633

619
685 612 623 636
644 414 677 678 422 684 573 579 592 597 598 617 618 625 630 633

620
672 553 636
609 515 644 579 678 422 394 395 653 589 654 592 630 414

621
616 663 574
414 622 592

622
616 621 623
579 678 684 589 592 625 414 639

623
616 636
609 579 677 619 684 589 654 622 625 597 573 414

625
616 623
644 653 654 414 684 573 579 589 592 597 598 603 611 617 619 622 630 633

626

609 573 644 579 680 592 657 630 664 605 414

627
650 659 576 577 595 599 615 635
643 647 658 661 662 665 414 675 681 578 582 583 600 632

628
615 599
643 647 681 600 661 662 632 665 414

629

107 630 637 414
601
630
641 663 672 685 574 584 612 616 629 636
644 395 653 655 657 664 666 414 422 684 573 575 579 592 597 605 617 618 619 620 625 626 631
601
631
679 616 574 584
678 618 682 422 630 414 639

632
640 615 659 599 635
578 643 582 583 647 670 658 627 628 662 600 665 414

633
590 636
579 680 618 619 588 592 625 597 666 573 414

634
423 553 587 591 373
513 646 647 651 563 436 438

635
640 577 615 650 659 595
675 643 583 681 600 658 661 436 662 632 627

636
685 612 623
644 653 414 677 422 678 680 684 573 592 597 598 611 618 619 620 630 633

637
524 423 679 566 580 584 591 629
513 515 645 391 395 400 669 678 559 436 604 483 363 500
601
638

414

639
584 616
483 579 678 622 596 631 414

640
576 650 615 595 659 635
578 643 675 582 583 647 681 632 658 661 662 600

641
591 373
513 606 651 428 107 496 400 630 475 414

642

581

643
640 577 599 659 635
578 675 681 600 670 632 658 627 628 661 662 665 414

644
636
654 664 666 414 422 573 579 588 597 603 605 617 619 620 625 626 630
601
645
412 553 567 586 587 461 591 370 373
513 646 395 669 671 544 438 500 376 637

646
586 587 591 370
513 645 651 436 376 634

647
640 577 615 650 659
578 675 414 583 681 658 627 628 662 632 665 634 670

649

107 173 414

650
576 640 577 659 595 599 635
578 582 647 583 681 670 627 661 665 414

651
641 587 566
513 483 646 428 378 559 400 561 431 500 376 634 475 604 414

652

376 436 556

653
672 685 461 636
664 414 677 422 678 680 573 588 592 596 597 598 605 609 611 618 620 625 630

654
672 685 612 623
515 644 664 666 677 678 680 683 684 573 575 579 588 589 598 605 609 617 620 625

655

630 596 422

656
580
363

657
616
422 682 626 630 414

658
640 577 659 599 635
675 643 647 583 632 627 661 662 600 665 414

659
640 650 576 577 595 599 615 635
643 647 658 661 662 414 675 578 582 600 627 632

660
616 584
414

661
640 650 659 577 599 635
643 658 662 665 670 414 675 681 578 582 583 600 627 628

662
640 659 595 599 615 635
643 647 658 661 665 670 675 681 578 583 600 627 628 632

663
616 621 574
579 422 630

664
612 685
609 611 579 644 617 589 654 653 626 630 666 573 414 575

665
615 650 599
578 643 414 675 647 658 627 628 661 662 632 670

666
553 370
609 644 680 618 654 592 630 664 633 573 414

667

428

668

414

669
423 553 461 492 373
513 514 645 391 400 414 671 544 428 431 559 561 438 465 604 483 614 363 496 374 378 637

670
577 615 650 599
578 675 643 582 647 681 583 600 661 662 632 665

671

604 645 669

672

620 653 654 592 630 573 414

673

376 436 556

674

414

675
640 659 576 577 595 599 615 635
643 647 658 661 662 665 414 670 681 578 582 583 600 627

676
492 566 412
544 614 394 683 559 400 465 438 378 604 414

677
623 636
579 605 611 680 617 682 619 684 589 653 592 654 598 603 573 414

678
679 685 574 584 612 616 636
653 654 414 422 682 588 592 596 605 618 619 620 622 631 637 639

679
584
637 678 631

680
685 590 612 373 636
653 654 666 414 677 422 684 575 579 592 597 598 603 605 609 611 618 626 633

681
640 650 576 577 595 599 635
643 647 661 662 414 670 675 578 582 583 600 627 628

682

677 678 422 618 588 592 657 631 414

683
524 412 423 553 567 461 591 370 373
394 654 414 544 676 428 556 431 559 561 614 500 374 376

684
616 623 636
611 579 677 680 618 619 589 654 592 625 622 597 598 630 573

685
636
678 422 680 617 618 619 588 653 654 592 630 664 573 575

