567
3861 3961
3723 3454 3487

698

857 862

857

3586 3495 3797 698
3456
862
3592 3633
3872 3586 3677 3684 3495 3721 3948 3501 3577 3797 3609 698 1085 3550
3456
1085
3592 3877 3633 3692
3721 3851 3609 3741 3872 3750 3495 3501 3886 3525 3540 3797 3677 862 3550 3556 3684 3943 3561 3948 3437 3440 3577 3962
3456 3674
3437
3843 3470 3604 3861 3477 3617 3624 3753 3758 3633 3506 3770 3771 3645 3777 3660 3534 3682 3947 3564 3949 3568 3837
3586 3593 3721 3979 3605 3476 3860 3482 3615 3488 3494 3763 3893 3766 3894 3640 3895 3772 1085 3775 3521 3779 3912 3656 3786 3791 3539 3799 3544 3548 3677 3551 3553 3938 3939 3554 3558 3945 3948 3567 3819 3832 3705 3962 3963 3454
3907 3674 3675 3680 3830
3438
3971 3877 3633
3586 3491 3480 3851 3533 3501 3693 3448 3517
3760 3734 3545
3439
3616 3716 3699 3932 3647
3638 3799 3513

3440
3877 3755 3633 3576
3968 3842 3851 3596 3495 3501 3886 1085 3797 3805 3938 3684 3697 3703
3600 3734 3545
3441
3949 3662 3538
3536 3546

3442
3850 3470 3735 3867 3876 3773 3778 3921 3835 3710
3713 3590 3977 3865 3740 3615 3505 3508 3644 3526 3918 3791 3802 3678 3936 3553 3698 3705
3907
3443
3937 3906 3460 3972 3466 3829 3645
3554 3915 3469 3634 3859 3956 3738 3582
3630
3444
3861 3742
3904

3445
3725 3538 3868 3743
3819

3446
3585 3490 3814 3624 3531 3662 3863 3580 3549
3546

3447
3624 3682 3580
3894

3448
3604 3633 3438
3841 3586 3845 3596 3475 3860 3609 3485 3491 3756 3501 3889 3640 3642 3779 3577 3540 3797 3800 3804 3677 3938 3684 3943 3944 3948 3693 3838 3697 3828 3449 3966
3456 3734 3737 3545 3830
3449
3604 3873 3633 3651 3692
3841 3586 3721 3851 3596 3480 3618 3491 3495 3756 3501 3889 3796 3797 3800 3677 3805 3938 3684 3943 3693 3948 3448 3577 3962 3838
3456 3737 3545 3674 3830
3450
3790 3730 3604
3528 3913 3497 3596 3731 3860 3605 3672 3642 3930

3452
3462 3824
3488 3966 3891 3603 3573 3902
3545 3611
3454
3861 567
3586 3621 3880 3437 3693 3605 3547 3775

3455
3715 3850 3470 3599 3728 3735 3867 3753 3498 3636 3769 3778 3921 3685 3815 3835 3710
3713 3588 3590 3722 3862 3608 3886 3505 3521 3526 3663 3553 3827
3629 3907
3456
3971 3858 3604 3873 3633 3762 3651 3654 3824
3968 3841 3842 3586 3851 3596 3609 3618 3750 3495 3501 1085 3703 3449 3800 857 3804 862 3557 3943 3687 3948 3693 3831 3448 3577 3962
3514 3545 3674 3830
3457

3938 3703 3944 3831
3830
3458
3493 3719 3792 3793 3506 3569 3900 3903
3648 3969 3810 3718 3593 3822 3643

3459
3564 3534 3758 3793 3770 3614
3812 3782 3945 3529 3469 3825

3460
3972 3466 3726 3601 3474 3761 3900 3937 3568 3829
3469 3752 3881 3634 3515 3782 3786 3915 3945 3443 3956
3630
3461

3968 3559 3495 3831 3930
3934
3462
3877 3824 3762 3604 3576
3488 3559 3672 3756 3596 3800 3966 3926 3930 3452
3611 3934
3463
3714 3591 3861 3506 3793 3947 3951 3569 3706
3593 3486 3909 3794 3931 3555 3822 3826 3705
3924 3680
3464
3724 3726 3601 3602 3474 3777 3668 3823 3829
3469 3738 3634 3510 3895 3529 3554 3945 3956 3583
3630 3680
3465
3836 3975 3957 3837 3774
3757 3918 3759 3571 3476 3579 3519
3708
3466
3460 3784 3668 3829 3602
3554 3652 3881 3945 3915 3529 3469 3634 3443 3956 3510 3738

3467

3533

3468
3601 3866 3878 3623 3758 3900 3777 3524 3532 3534 3535 3568
3584 3718 3622 3881 3764 3782 3810 3945 3826

3469
3459 3460 3464 3466 3726 3474 3604 3761 3668 3829
3738 3752 3881 3634 3764 3510 3915 3927 3561 3945 3443 3956
3630
3470
3778 3876 3753 3599 3769 3773 3710 3455
3521 3437 3442 3767
3629
3471
3873
3851 3475 3484 3485 3902 3526 3540 3543 3672 3930 3938 3940 3684 3966 3702 3838
3611 3545
3472
3840 3685 3850
3553 3521 3505 3698 3508 3482 3644
3629
3473
3874 3628 3538 3541 3743
3912 3595 3917 3819 3857 3871 3892 3739

3474
3460 3464 3823 3761 3602 3604 3829 3967
3554 3915 3469 3634 3956 3764 3738
3630
3475
3971 3471 3873 3877
3842 3586 3845 3851 3852 3484 3485 3488 3501 3642 3902 3526 3543 3672 3930 3938 3684 3940 3948 3828 3448 3966
3545
3476
3836 3975 3465 3957 3837 3774
3809 3757 3437 3759 3701 3579 3519
3675 3708
3477
3651 3847
3756 3437 3565 3637

3478
3587 3655 3696 3920 3967
3776 3809 3747 3783 3791 3607 3933

3479
3883 3695 3898
3919 3639 3516 3581
3830
3480
3971 3604 3633 3651 3692 3438
3968 3586 3491 3625 3756 3667 3540 3938 3693 3449
3734 3545 3674 3830
3481
3562 3883 3695
3594 3919 3639 3581
3830
3482
3685 3472
3521 3437 3598 3505 3698 3832 3644

3483
3937 3617 3524 3878 3724 3793
3782 3690 3499 3754 3821 3895

3484
3873 3971 3471 3633
3968 3521 3684 3940 3842 3817 3501 3475 3831

3485
3790 3471 3518
3488 3681 3845 3559 3528 3966 3475 3448 3930 3804
3514 3611
3486
3714 3976 3870 3493 3900 3793 3951 3569 3706 3711
3463 3593 3855 3869 3509 3909 3794 3705 3803 3822 3826 3833
3924 3680
3487
3925 567 3961
3496 3530 3723 3504 3551

3488
3462 3858 3730 3877 3518 3790 3824 3576 3707
3845 3596 3731 3475 3605 3860 3485 3627 3891 3640 3527 3528 3913 3658 3926 3542 3800 3930 3559 3687 3437 3966 3702 3452 3838
3737 3611 3514 3545 3830
3489

3665 3652 3825 3676

3490
3682 3585 3814 3624 3662 3446 3863 3771 3580 3549
3905 3894 3546

3491
3971 3438
3712 3968 3938 3684 3480 3586 3842 3851 3797 3448 3449 3962
3611
3492

3841 3521 3684 3496 3756 3697 3930

3493
3458 3719 3646 3951 3792 3506 3903 3900 3711
3969 3810 3648 3584 3558 3593 3486
3680 3924
3494

3690 3437 3583

3495
3971 3873 3877 3884 3633 3651 3692 3824
3968 3842 3586 3461 3721 3978 3596 3609 3872 3618 3750 3621 3880 3625 3756 3501 1085 3908 3525 3577 3667 3796 3797 857 3548 862 3684 3687 3944 3948 3697 3440 3831 3449 3962
3456 3734 3545 3934
3496

3520 3521 3492 3684 3487 3817 3551 3505 3831 3547 3677 3550 3775
3629
3497
3790 3824 3604 3576 3450
3940 3528 3672 3852 3596 3966 3926 3543 3542 3902
3545 3611
3498
3715 3455 3599 3728 3921 3636 3867
3713 3521 3722 3862 3705 3740 3615
3907 3629
3499
3617 3843 3719 3947 3532 3564 3534 3535 3793 3829 3483
3690 3821 3825 3764 3671
3680 3834
3500
3587 3920 3696 3641 3964
3776 3809 3791 3664 3508 3766 3960 3933

3501
3971 3604 3873 3884 3633 3651 3692 3438 3824
3841 3586 3968 3721 3851 3596 3475 3484 3741 3495 3889 1085 3517 3525 3533 3577 3796 3797 3677 862 3938 3684 3943 3948 3440 3448 3449 3962
3456 3760 3545 3674
3502
3813 3700 3898
3864
3830
3503
3576
3779 3785 3640 3672 3596 3800 3731 3959 3930 3838

3504

3487 3626 3723 3839 3677 3551

3505
3840 3685 3850 3472 3455
3747 3526 3496 3722 3698 3827 3442 3607 3512 3482 3644
3629
3506
3458 3714 3591 3493 3623 3758 3631 3896 3646 3903 3784 3534 3951 3568 3569 3829 3706 3711
3584 3969 3718 3463 3869 3754 3509 3895 3643 3515 3648 3786 3794 3810 3555 3558 3690 3437 3822 3958

3507
3823
3554 3555 3754 3690 3927 3511

3508
3840 3685 3850 3500 3472 3728
3553 3809 3747 3521 3722 3598 3791 3632 3442 3644

3509
3714 3906 3947 3793 3506 3569 3896 3706 3900
3909 3718 3855 3826 3869 3486
3924
3510
3464 3466 3602 3668 3829
3554 3529 3945 3915 3821 3469 3881 3752 3738 3869

3511
3719 3866 3724 3896 3770 3900
3648 3904 3909 3530 3821 3794 3507 3763 3738 3671 3515

3512
3873 3604 3929
3533 3577 3505 3800 3517
3737 3830
3513
3616 3952 3932
3439 3799

3514
3730 3884 3518 3670 3824 3578 3707
3596 3485 3488 3627 3640 3528 3913 3542 3672 3800 3804 3938 3557 3687 3828 3832 3966
3456 3737 3611 3760 3674
3515
3460 3506 3706
3593 3855 3958 3511

3516
3649 3613 3523 3695 3479 3898
3639 3919 3581

3517
3877 3438 3633
3586 3851 3948 3533 3756 3501 3512 3577 3677
3760 3830
3518
3858 3604 3790 3824 3578 3707
3596 3605 3485 3488 3635 3640 3902 3528 3542 3800 3938 3557 3687 3702 3832 3838
3611 3514 3545 3830
3519
3975 3465 3836 3837 3774
3757 3918 3759 3571 3476 3701 3705 3579
3708 3675
3520

3684 3526 3496 3625 3667 3672 3550

3521
3592 3597 3470 3472 3728 3735 3753 3498 3769 3773 3778 3666 3685 3815 3835 3710 3455
3713 3590 3722 3598 3482 3740 3484 3618 3492 3496 3625 3508 3672 3802 3936 3556 3684 3948 3437 3698 3705 3962
3629
3522

3872 3930 3979 3677

3523
3649 3613 3562 3883 3898
3594 3919 3516 3581
3830
3524
3906 3623 3468 3535 3568 3601 3602 3770 3483 3645
3584 3782 3786

3525
3873 3651 3692
3841 3842 3970 3721 3596 3495 3625 3756 3501 3886 3889 1085 3780 3656 3540 3550 3551 3683 3563 3948 3950 3573 3577
3734 3737 3674
3526
3471 3599 3753 3769 3773 3685 3455
3713 3590 3722 3475 3862 3865 3505 3520 3543 3553 3684 3559 3563 3442 3698 3573 3831
3629
3527
3604 3707
3488 3938 3804 3557 3528 3672 3902 3966 3542 3926 3800 3838
3545 3611
3528
3858 3604 3518 3576 3790 3824 3450 3707
3596 3860 3605 3485 3488 3497 3627 3640 3527 3542 3926 3800 3930 3804 3681 3938 3687 3559 3832
3737 3611 3514 3545
3529
3459 3972 3464 3466 3601 3602 3758 3761 3900 3777 3906 3793 3937 3568
3738 3869 3634 3510 3909 3554 3956
3630
3530
3925
3487 3723 3511 3673 3551

3531
3949 3662 3446 3863 3771 3549


3532
3777 3468 3535 3829
3931 3622 3499 3927 3956 3767 3610 3803

3533
3467 3438 3633 3929
3948 3501 3795 3512 3517
3830 3734 3674
3534
3459 3468 3612 3614 3617 3758 3506 3770 3906 3535 3793 3937 3829
3593 3881 3499 3810 3437 3705

3535
3524 3468 3532 3534 3694 3823 3758 3601 3866 3645
3584 3782 3881 3499 3825 3927

3536
3682 3662 3606 3549
3812 3727 3441 3922 3679

3537

3664 3887

3538
3874 3628 3725 3743 3473 3541 3868
3912 3917 3441 3857 3892 3445 3739 3871

3539
3724 3823
3584 3904 3437 3890 3895

3540
3471 3692
3968 3841 3842 3851 3596 3480 3618 1085 3780 3525 3656 3667 3797 3677 3684 3556 3563 3448 3962 3966
3734 3760 3674
3541
3874 3657 3628 3473 3538 3868
3912 3595

3542
3730 3604 3518 3790 3707
3852 3596 3488 3497 3635 3902 3527 3528 3658 3543 3800 3672 3804 3940 3687 3559 3966 3702 3838
3611 3514
3543
3471
3526 3497 3475 3859 3605 3542

3544

3808 3437 3888 3775
3674
3545
3971 3471 3755 3884 3633 3518 3654 3576 3790 3438 3824
3841 3842 3586 3845 3722 3851 3852 3596 3475 3731 3605 3860 3480 3488 3495 3497 3756 3501 3889 3891 3640 3642 3902 3527 3785 3449 3528 3788 3913 3800 3672 3930 3804 3681 3557 3559 3838 3440 3697 3828 3703 3448 3577 3962 3452 3966
3456 3611 3674 3830
3546
3490 3624 3446 3863 3580 3549
3939 3441 3894 3963 3679
3811
3547

3779 3684 3747 3496 3693 3950 3548 3677 3454 3775

3548

3908 3495 3948 3661 3437 3897 3547
3737
3549
3490 3682 3814 3624 3531 3662 3446 3863
3905 3812 3566 3536 3546

3550
3633
3520 3552 3968 3684 3525 3496 3625 3950 3667 3797 3573 3672 1085 862

3551
3925 3961
3525 3496 3530 3723 3437 3504 3487

3552

3625 3886 3573 3672 3550
3830
3553
3599 3472 3728 3753 3769 3773 3835 3710 3455
3722 3598 3508 3644 3526 3663 3802 3936 3563 3437 3442 3827 3698 3705
3629
3554
3972 3464 3466 3726 3761 3474 3829
3561 3529 3945 3752 3437 3507 3634 3510 3443 3794
3680
3555
3617 3591 3758 3506 3604 3829
3584 3810 3463 3593 3754 3507 3956 3767 3803
3600
3556

3521 3684 3688 3625 3851 3693 3540 1085

3557
3730 3858 3604 3518 3790 3670 3824
3596 3860 3627 3635 3640 3642 3527 3804 3938 3828 3702 3838
3456 3611 3514 3545
3558
3719 3866 3870 3493 3758 3506 3646 3903 3906 3793 3947 3568 3829 3711
3584 3969 3593 3620 3881 3768 3643 3648 3909 3786 3794 3810 3945 3437 3958
3924
3559
3462 3877 3884 3762 3576
3461 3731 3485 3488 3891 3902 3526 3528 3926 3542 3930 3804 3681 3573 3831
3545 3934
3560
3691


3561
3604 3964 3612
3554 3942 3945 3469 3825 1085 3927 3738 3803

3562
3523 3883 3695 3481 3898 3613
3594 3919 3639
3830
3563
3873
3968 3553 3683 3684 3525 3526 3656 3852 3948 3886 3667 3540 3741

3564
3459 3878 3719
3690 3499 3437 3821 3825 3927 3803 3678
3680
3565
3477
3637 3756

3566
3961 3549
3780

3567
3874 3657 3628 3725 3868 3743
3912 3595 3917 3437 3857 3739

3568
3843 3460 3468 3601 3866 3614 3617 3623 3758 3506 3645 3906 3524 3793 3947
3593 3768 3782 3529 3914 3786 3915 3810 3558 3437
3680 3834
3569
3458 3591 3506 3900 3906 3951
3969 3463 3593 3869 3486 3509 3909 3705 3794 3803 3822 3833
3924 3680
3571
3975 3465 3965 3957 3899 3836 3837 3774
3918 3759 3757 3701 3579 3519
3708 3675
3572
3714 3706
3822 3794 3705 3869

3573
3877 3576
3552 3525 3559 3625 3526 3838 3891 3797 3702 3672 3930 3452 3550
3611
3574
3877 3762 3576
3640 3891 3731 3605 3828 3635 3642
3830 3611
3575

3672

3576
3462 3858 3877 3790 3670 3824 3574 3707
3596 3731 3605 3488 3497 3756 3503 3640 3642 3902 3528 3785 3658 3926 3800 3930 3559 3440 3966 3828 3573 3702 3577 3838
3611 3545 3830
3577
3604 3873 3877 3651 3929 3692 3576
3968 3841 3586 3842 3851 3596 3609 3741 3618 3495 3756 3501 3886 3889 3512 3642 1085 3517 3780 3448 3525 3656 3800 3677 862 3938 3944 3948 3828 3449
3456 3734 3611 3545 3674
3578
3877 3790 3824 3730 3858 3670 3518
3683 3596 3838 3860 3731 3828 3640 3804
3830 3737 3514
3579
3975 3465 3837 3774
3757 3918 3759 3571 3476 3701 3519
3675 3708
3580
3585 3490 3446
3905 3894 3546 3447 3679

3581
3649 3523 3883 3695 3479 3481 3898 3613
3516

3582

3752 3443

3583
3464 3758
3494 3931 3869
3600
3584
3973 3976 3468 3866 3870 3617 3493 3758 3631 3506 3896 3900 3646 3903 3906 3524 3784 3535 3793 3947 3951 3711
3718 3593 3620 3763 3764 3893 3768 3904 3782 3794 3539 3927 3810 3555 3558 3818 3690 3821 3826 3833
3924
3585
3490 3949 3446 3863 3580
3679

3586
3971 3651 3692 3438
3841 3596 3475 3480 3491 3495 3756 3501 3517 3449 3788 3796 3800 857 862 3684 3948 3693 3437 3448 3577 3454
3456 3734 3765 3674 3545 3830
3587
3500 3920 3696 3641 3964
3776 3809 3747 3783 3791 3478 3766 3960

3588
3455
3827

3589
3592


3590
3715 3599 3867 3636 3921 3666 3815 3710 3455
3713 3722 3862 3608 3740 3615 3756 3521 3526 3944 3442 3705
3629 3907
3591
3714 3951 3793 3506 3569 3706 3900
3555 3463 3593 3855 3826 3794 3833
3680 3924
3592
3589 3847
3521 3626 3979 1085 3891 3677 862

3593
3458 3591 3601 3493 3623 3758 3646 3906 3534 3793 3947 3951 3568 3569 3829 3706 3711
3584 3718 3463 3869 3486 3634 3764 3768 3515 3648 3786 3931 3810 3555 3558 3818 3437 3833
3680
3594
3649 3523 3562 3883 3481 3898 3613

3830
3595
3628 3725 3473 3541 3868 3743
3917 3567 3739

3596
3971 3462 3858 3604 3877 3884 3762 3633 3518 3450 3790 3670 3692 3824 3576 3578
3841 3586 3721 3851 3603 3860 3731 3488 3495 3497 3627 3501 3756 3503 3889 3642 3902 3779 3780 3525 3448 3528 3449 3658 3785 3832 3540 3797 3926 3672 3930 3804 3677 3800 3542 3681 3938 3684 3557 3687 3943 3693 3838 3440 3577 3966
3456 3734 3737 3611 3514 3545 3674
3597

3521

3598
3685 3850
3936 3521 3553 3698 3508 3482

3599
3715 3850 3470 3728 3735 3867 3753 3498 3636 3769 3773 3921 3666 3815 3835 3455
3713 3590 3722 3608 3740 3615 3526 3663 3802 3553 3705
3629 3907
3600
3861 3612
3555 3440 3583

3601
3460 3464 3468 3866 3623 3645 3906 3524 3535 3823 3568
3593 3881 3768 3782 3529 3786 3818 3825

3602
3524 3972 3464 3466 3761 3474 3829 3770
3529 3945 3634 3510 3738 3869
3630
3603
3790
3672 3596 3756 3640 3452 3838

3604
3462 3474 3730 3858 3861 3617 3633 3518 3450 3790
3845 3721 3851 3596 3852 3469 3605 3480 3731 3869 3497 3756 3501 3889 3635 3640 3512 3902 3527 3528 3913 3449 3914 3788 3542 3926 3800 3672 3804 3677 3555 3557 3687 3943 3561 3437 3828 3448 3577 3962 3838
3456 3734 3737 3611
3605
3730 3604 3518 3576 3790 3670 3824 3574 3450 3707
3731 3860 3488 3880 3756 3635 3640 3528 3785 3926 3543 3800 3672 3804 3454 3938 3437 3828 3702 3838
3737 3545 3830
3606
3745 3662
3536

3607

3747 3505 3698 3478 3644 3933

3608
3455 3694 3599 3728 3921 3735 3710
3713 3590 3862 3705 3740 3615
3907
3609
3877 3633 3692
3968 3721 3851 3741 3750 3495 3756 3886 1085 3797 862 3938 3943 3948 3448 3577 3962
3456 3830
3610
3532 3660 3659
3779 3979 3950 3888 3953 3764 3927 3772
3674
3611
3462 3471 3858 3604 3877 3633 3762 3518 3790 3574 3576
3842 3596 3731 3860 3485 3488 3491 3497 3640 3527 3528 3785 3913 3542 3800 3672 3930 3938 3557 3817 3838 3573 3577 3452 3966
3734 3737 3514 3545 3830
3612
3941 3758 3534 3836
3810 3561 3759 3825 3764 3893 3895 3673 3869
3600
3613
3649 3523 3562 3695 3898
3594 3919 3639 3516 3581
3830
3614
3459 3534 3758 3568 3900
3652 3945

3615
3815 3498 3599 3921 3636 3867
3776 3590 3437 3664 3442 3608 3705
3907 3629
3616
3844 3699 3932
3848 3918 3439 3638 3799 3513

3617
3719 3604 3483 3878 3758 3645 3777 3534 3823 3568
3584 3738 3622 3754 3499 3895 3927 3931 3803 3555 3690 3821 3437 3825
3680 3830 3834
3618
3873 3971 3692 3633
3842 3684 3968 3750 3495 3521 3625 3851 3577 3540 3797 3449
3456 3734
3619

3880
3760
3620
3714 3870 3792 3900 3646 3711
3584 3969 3810 3648 3558

3621
3861
3684 3495 3721 3689 3902 3454

3622
3617 3878 3719 3468 3532
3821 3927 3803

3623
3906 3524 3468 3947 3758 3568 3601 3506 3645
3810 3782 3593 3818 3786 3768

3624
3490 3814 3949 3662 3446 3863 3549
3905 3437 3546 3447 3806 3679

3625
3633 3692
3968 3721 3978 3851 3480 3618 3495 3756 3886 3520 3521 3525 3656 3667 3797 3672 3677 3550 3552 3938 3556 3948 3573
3734 3674 3830
3626
3592
3979 3916 3504 3839

3627
3824 3730
3488 3681 3557 3528 3596 3635 3702 3804
3514
3628
3874 3725 3538 3473 3541 3868
3912 3595 3567 3857 3962 3739 3871
3760
3629
3840 3850 3470 3599 3728 3472 3867 3753 3498 3636 3769 3778 3835 3710 3455
3590 3722 3862 3615 3496 3505 3521 3526 3553 3698 3705
3907
3630
3460 3464 3602 3474 3829
3529 3945 3469 3443 3634 3738

3631
3792 3506 3711
3584 3786 3833

3632

3720 3787 3918 3791 3508

3633
3971 3604 3873 3877 3884 3651 3654 3692 3824 3438
3968 3841 3721 3851 3596 3860 3480 3609 3484 3741 3618 3750 3495 3625 3756 3501 3889 3517 1085 3656 3788 3533 3667 3796 3797 3800 3804 3677 862 3550 3938 3684 3943 3948 3437 3693 3440 3828 3448 3449 3962
3456 3734 3611 3760 3545 3830
3634
3937 3460 3464 3466 3761 3474 3829 3602
3554 3593 3915 3529 3469 3752 3945 3443 3956
3630
3635
3730 3604 3518 3790 3670 3686 3574
3731 3605 3627 3640 3926 3542 3800 3804 3938 3557 3702
3830
3636
3599 3728 3753 3498 3769 3921 3666 3815 3835 3710 3455
3713 3590 3722 3862 3740 3615 3802
3629 3907
3637
3477
3756 3565

3638
3616 3716 3952 3647
3848 3918 3439 3799

3639
3649 3562 3883 3695 3479 3481 3613
3516
3830
3640
3858 3604 3730 3884 3762 3518 3576 3790 3670 3824 3574 3578 3707
3603 3731 3605 3488 3503 3635 3642 3448 3528 3926 3800 3938 3557 3687 3437 3702 3832 3838
3734 3737 3611 3514 3545
3641
3587 3655 3500 3696 3920 3967
3960 3933
3907
3642
3576 3659 3450 3574
3779 3557 3658 3596 3640 3475 3731 3860 3828 3448 3577 3930 3838
3545
3643
3458 3976 3870 3506 3896 3646 3951 3711
3718 3855 3895 3648 3909 3794 3810 3558 3826 3833
3680
3644
3840 3850 3472
3553 3747 3505 3698 3442 3508 3607 3482

3645
3617 3843 3524 3941 3623 3535 3568 3601
3782 3437 3443

3646
3493 3719 3758 3951 3506
3584 3810 3620 3558 3593 3763 3643
3924
3647
3716 3932
3918 3439 3638 3799

3648
3458 3493 3719 3758 3792 3506 3903
3810 3620 3558 3593 3763 3511 3643
3924
3649
3523 3883 3695 3898 3613
3581 3594 3919 3639 3516
3830
3651
3477 3884 3633 3929 3824
3586 3851 3480 3750 3495 3756 3501 3886 3525 3577 3677 3938 3683 3948 3828 3449
3456 3674
3652
3466 3614
3489 3665 3825 3676

3653
3789
3720 3918

3654
3755 3824 3633
3938 3697 3703 3930 3804
3456 3830 3545
3655
3920 3696 3641 3964 3967
3776 3747 3783 3791 3478 3960 3933

3656
3633 3929
3968 3841 3842 3683 3525 3750 3625 3563 3756 3577 3886 3437 3667 3540 3677
3734
3657
3725 3541 3868 3743
3819 3567 3857 3739

3658
3576
3488 3756 3596 3891 3828 3731 3542 3800 3642 3966

3659

3779 3888 3642 3610 3772

3660
3847 3870
3780 3437 3610 3775

3661

3908 3948 3897 3548
3737
3662
3745 3682 3490 3814 3624 3531 3863 3606 3446 3549
3812 3536 3441

3663
3599 3728 3921 3735 3455
3713 3553 3977 3862 3740

3664
3500 3696
3776 3918 3537 3960 3933 3615

3665

3489 3931 3652 3825

3666
3599 3728 3921 3636 3710
3521 3590

3667
3633
3968 3852 3736 3480 3495 3625 3886 3902 3520 3656 3540 3550 3683 3684 3563 3948 3962
3734
3668
3464 3466 3761 3829
3945 3469 3956 3510 3738

3669
3813 3700
3911 3864
3830
3670
3576 3790 3824 3858 3578
3938 3557 3687 3880 3948 3596 3731 3605 3702 3635 3640
3514
3671
3882 3793 3770
3499 3821 3958 3511 3768

3672
3462 3471 3604 3877 3575 3450 3707
3596 3475 3605 3603 3872 3497 3625 3503 3891 3902 3520 3521 3527 3797 3926 3542 3928 3804 3962 3550 3552 3940 3684 3573 3702 3966
3737 3611 3514 3545
3673
3612
3530

3674
3847 3651
3841 3586 3851 3979 3596 3480 3610 3750 3625 3756 3501 3886 3888 1085 3525 3449 3788 3533 3540 3544 3677 3938 3948 3437 3577
3456 3734 3760 3514 3545 3830
3675
3899 3836 3837 3774
3437 3759 3571 3476 3579 3519
3708
3676

3489 3652 3825

3677
3592 3604 3633 3522 3651 3692
3851 3596 3496 3625 3756 3501 3504 1085 3517 3656 3788 3577 3540 3797 3800 3930 3547 862 3938 3684 3943 3948 3437 3693 3697 3448 3449 3962 3839
3734 3674
3678
3564
3442 3791

3679
3585 3624 3863 3580
3905 3939 3536 3894 3546 3963

3680
3843 3464 3591 3870 3617 3493 3882 3564 3951 3568 3569 3706 3711
3718 3463 3593 3869 3486 3499 3895 3643 3909 3794 3931 3554 3690 3437
3924 3830
3681
3707
3559 3528 3627 3596 3804 3485
3545
3682
3490 3814 3949 3662 3549
3812 3437 3536 3447

3683
3651 3877 3692 3578
3968 3842 3525 3656 3563 3948 3756 3886 3667
3830
3684
3471 3873 3877 3633 3692
3968 3841 3842 3586 3851 3852 3596 3475 3484 3741 3872 3618 3491 3492 3621 3750 3496 3495 3756 3501 3886 1085 3902 3520 3521 3780 3526 3831 3667 3540 3797 3926 3672 3547 3677 3550 862 3938 3556 3817 3563 3693 3948 3440 3697 3828 3702 3448 3449 3966
3734 3830
3685
3840 3850 3472 3455
3521 3526 3598 3505 3698 3508 3482

3686

3635

3687
3858 3604 3884 3762 3518 3790 3670 3824
3596 3731 3860 3488 3495 3640 3528 3542 3800 3804 3938 3838 3966
3456 3514 3830
3688

3556

3689

3721 3621

3690
3866 3483 3870 3617 3878 3506 3564 3955
3584 3869 3494 3499 3507 3895 3768 3781 3782 3803 3821
3680
3691
3560

3830
3692
3873 3877 3633
3712 3841 3586 3968 3721 3851 3596 3480 3609 3618 3495 3625 3756 3501 3886 1085 3525 3577 3540 3677 3683 3684 3693 3449 3962
3734 3830
3693
3971 3633 3692 3438
3841 3970 3586 3596 3480 3756 3547 3677 3454 3556 3684 3448 3449 3838
3456 3734
3694
3816 3535
3608

3695
3479 3649 3613 3562 3883 3481 3898
3919 3639 3516 3581
3830
3696
3587 3655 3500 3920 3641 3967
3783 3791 3664 3478 3960 3933

3697
3971 3654 3884 3824
3842 3492 3684 3495 3756 3440 3797 3831 3448 3677
3830 3545
3698
3840 3685 3850 3728 3472
3553 3521 3747 3526 3598 3505 3442 3607 3482 3644
3629
3699
3616
3439

3700
3813 3502 3669
3911 3864
3830
3701
3910 3975 3837 3957 3836 3965
3757 3759 3571 3476 3579 3519

3702
3471 3877 3518 3790 3670 3824 3576
3845 3731 3605 3488 3627 3891 3635 3640 3902 3542 3672 3800 3804 3938 3684 3557 3948 3838 3573 3966
3737
3703
3971 3654 3755
3968 3457 3938 3842 3440 3831 3902
3456 3545
3705
3714 3599 3498 3906 3534 3793 3921 3569 3706 3835
3590 3463 3722 3608 3740 3869 3486 3615 3763 3519 3521 3794 3553 3818 3437 3822 3442 3826 3572
3629 3924
3706
3906 3714 3591 3793 3506 3900
3486 3463 3593 3822 3572 3509 3705 3515 3803
3680 3924
3707
3730 3518 3576
3731 3605 3488 3756 3891 3640 3527 3528 3785 3542 3672 3930 3681 3828 3838
3737 3514
3708
3975 3465 3957 3836 3837 3774
3918 3759 3571 3476 3579 3519
3675
3710
3715 3470 3728 3735 3867 3753 3636 3769 3921 3666 3835 3455
3713 3590 3722 3862 3608 3740 3521 3553 3442
3629 3907
3711
3719 3870 3493 3758 3631 3506 3903 3951
3584 3969 3593 3486 3620 3881 3643 3794 3558 3826
3924 3680
3712
3692
3938 3491
3734
3713
3715 3599 3728 3735 3867 3498 3636 3921 3835 3710 3455
3590 3862 3608 3521 3526 3663 3802 3442
3907
3714
3591 3870 3506 3793 3823 3951 3829 3706
3463 3869 3486 3620 3509 3833 3803 3822 3572 3705
3924
3715
3455 3815 3498 3599 3921 3867 3710 3835
3713 3590 3740
3907
3716
3647
3439 3638

3717


3744 3830
3718
3458 3468 3870 3758 3506 3896 3906 3792 3793 3947
3584 3969 3593 3509 3643 3810 3822 3826 3833
3924 3680
3719
3617 3458 3493 3564 3758 3951 3770 3646 3711
3648 3511 3810 3558 3622 3499 3927 3895
3924
3720
3751 3789 3923
3653 3787 3918 3632 3802

3721
3858 3604 3873 3877 3633 3692
3968 3596 3860 3609 3741 3621 3495 3625 3756 3501 1085 3525 3796 862 3689 3948 3437 3449

3722
3850 3599 3728 3498 3636 3773 3778 3921 3710 3455
3590 3862 3740 3505 3508 3521 3526 3918 3802 3553 3827 3705
3629 3545
3723
567 3961
3530 3551 3504 3487

3724
3464 3483
3539 3511

3725
3657 3628 3743 3538 3868
3912 3595 3917 3819 3567 3857 3892 3445 3739 3871

3726
3460 3972 3464 3861 3829
3554 3909 3752 3945 3469 3956 3738

3727
3745 3771 3949
3536

3728
3599 3735 3867 3753 3498 3636 3769 3921 3666 3815 3835 3710 3455
3713 3722 3862 3608 3740 3508 3521 3663 3553 3698
3629 3907
3730
3604 3790 3578 3824 3450 3707
3731 3605 3488 3627 3635 3640 3913 3926 3542 3804 3557
3737 3514
3731
3730 3858 3604 3877 3884 3790 3450 3670 3824 3574 3576 3578 3707
3596 3605 3736 3488 3503 3635 3891 3640 3642 3913 3658 3785 3800 3804 3559 3687 3702 3966
3611 3545
3733
3861
3954

3734
3971 3604 3873 3877 3884 3633 3929 3438 3692 3824
3712 3968 3586 3841 3851 3596 3480 3618 3495 3625 3640 3525 3656 3533 3667 3540 3677 3938 3684 3948 3693 3440 3448 3577 3962
3737 3611 3760 3674
3735
3753 3599 3921 3728 3867 3710 3455
3521 3713 3663 3442 3608 3740

3736
3873
3968 3938 3785 3731 3667
3830
3737
3730 3604 3873 3884 3790 3578 3707
3596 3605 3488 3640 3512 3525 3528 3661 3672 3800 3548 3804 3938 3702 3448 3449 3838
3734 3611 3514
3738
3464 3466 3726 3602 3474 3617 3668 3937 3829
3469 3859 3752 3754 3510 3511 3529 3915 3561 3945 3821 3443 3956
3630
3739
3874 3657 3628 3725 3473 3538 3868
3912 3595 3567 3892 3871

3740
3715 3599 3728 3735 3867 3498 3636 3815 3710
3590 3977 3722 3862 3608 3865 3521 3663 3442 3705
3907
3741
3877 3633
3938 3684 3721 3851 3852 3501 3577 3948 3563 3797 3609 1085 3966
3830
3742
3444 3861
3849

3743
3874 3657 3725 3473 3538
3912 3819 3595 3917 3567 3857 3892 3445 3871

3744
3717

3830
3745
3949 3662 3606
3812 3727

3747
3587 3655 3964 3967
3776 3809 3607 3791 3505 3698 3508 3478 3766 3960 3547 3644 3933

3749
3789 3751


3750
3877 3884 3633 3651
3968 3851 3609 3618 3495 3756 1085 3656 3795 3797 3938 3684 3948 3950 3831
3456 3674 3830
3751
3749 3789 3923
3720 3787

3752
3937 3972 3460 3726
3554 3469 3634 3764 3510 3738 3582

3753
3850 3470 3599 3728 3735 3867 3876 3636 3773 3778 3921 3835 3710 3455
3521 3526 3553 3437
3629 3907
3754
3617 3506 3483
3555 3507 3738

3755
3971 3654
3440 3703
3830 3545
3756
3462 3604 3477 3877 3884 3633 3651 3929 3692 3824 3576 3707
3968 3841 3586 3590 3721 3851 3596 3603 3605 3480 3609 3492 3750 3495 3625 3886 3637 3772 3517 3448 3525 3656 3449 3658 3797 3800 3677 3938 3683 3684 3943 3944 3948 3693 3565 3697 3828 3577 3962
3545 3674 3830
3757
3465 3957 3899 3836
3918 3759 3571 3476 3701 3579 3519

3758
3459 3719 3468 3612 3614 3617 3623 3761 3506 3646 3777 3534 3535 3937 3951 3568 3829 3711
3584 3969 3718 3593 3855 3764 3768 3648 3782 3529 3810 3555 3558 3818 3583 3437 3833
3924
3759
3836 3975 3465 3965 3957 3612 3837 3774
3757 3571 3476 3701 3579 3519
3708 3675
3760
3438 3628 3633
3619 3948 3501 3540 3517
3674 3830 3734 3514
3761
3972 3460 3758 3602 3474 3668
3554 3529 3945 3469 3634 3956

3762
3462 3884 3824 3574
3687 3559 3640 3596 3902 3800 3804
3456 3611 3934
3763
3646
3648 3584 3810 3782 3437 3511 3705

3764
3468 3758 3793 3474 3612
3584 3752 3593 3818 3499 3469 3927 3825 3767 3610 3931
3834
3765

3586
3830
3766
3587 3500 3964
3776 3809 3747 3437 3791 3933

3767
3532 3470 3829
3555 3782 3764 3958 3927 3803

3768
3906 3623 3758 3568 3601 3866
3584 3810 3558 3593 3818 3914 3786 3690 3945 3671

3769
3470 3599 3728 3636 3710 3455
3553 3521 3526 3977
3629
3770
3459 3524 3719 3534 3602
3671 3437 3511

3771
3490 3531 3949
3437 3855 3727

3772
3847 3659
3968 3779 3756 3437 3610

3773
3778 3753 3850 3470 3599
3553 3521 3526 3722 3442 3802

3774
3899 3836 3910 3975 3465 3957 3837
3918 3759 3571 3476 3579 3519
3675 3708
3775
3847 3660
3496 3437 3953 3895 3544 3547 3454

3776
3587 3655 3500 3920 3967 3964
3809 3747 3783 3791 3664 3478 3766 3933 3615

3777
3617 3464 3532 3468 3758 3829
3529 3437 3803

3778
3753 3470 3773 3455
3521 3722 3442 3827
3629
3779
3941 3659
3872 3938 3979 3596 3437 3503 3610 3448 3642 3547 3772

3780
3877 3660
3842 3684 3525 3851 3596 3566 3540 3577 3966

3781
3823
3946 3690

3782
3459 3460 3468 3601 3866 3483 3623 3758 3645 3906 3524 3535 3793 3947 3568 3836
3584 3881 3763 3767 3786 3931 3810 3945 3690 3818

3783
3587 3655 3920 3696
3776 3809 3791 3478 3960 3933

3784
3906 3973 3466 3947 3793 3506 3896
3584 3833

3785
3576 3858 3707
3596 3736 3800 3503 3731 3860 3605 3966
3611 3545
3786
3524 3460 3623 3631 3568 3601 3506
3810 3782 3558 3593 3437 3822 3768

3787
3923 3751
3720 3632

3788
3633 3604
3841 3586 3677
3545 3674
3789
3749 3751 3923 3807
3653 3720

3790
3730 3858 3604 3884 3518 3578 3670 3824 3576 3450
3851 3596 3603 3731 3605 3485 3488 3497 3635 3640 3902 3528 3913 3832 3542 3926 3804 3938 3557 3687 3702 3838
3737 3611 3545 3830
3791
3587 3500 3655 3920 3696 3964 3967
3478 3747 3632 3508 3766 3901 3776 3783 3933 3678 3809 3437 3442

3792
3458 3493 3631 3951
3648 3969 3620 3718
3924
3793
3458 3714 3459 3973 3591 3866 3483 3870 3896 3900 3906 3784 3534 3947 3951 3568 3706
3584 3718 3463 3593 3486 3499 3764 3509 3782 3529 3794 3833 3671 3931 3803 3810 3558 3818 3826 3705

3794
3591 3870 3506 3900 3903 3906 3793 3947 3951 3569 3711
3584 3969 3463 3855 3869 3486 3511 3643 3914 3833 3554 3558 3822 3826 3572 3705
3924 3680
3795
3929
3533 3750
3830
3796
3633
3586 3495 3721 3851 3501 3950 3449

3797
3971 3633
3968 3842 3851 3596 3609 3741 3872 3618 3491 3750 3495 3625 3756 3501 1085 3540 3672 857 3677 3550 862 3938 3684 3440 3697 3573 3448 3449 3962
3830
3799
3616 3844 3932 3647
3848 3437 3439 3638 3513

3800
3462 3604 3633 3762 3518 3824 3576
3586 3851 3596 3731 3605 3488 3756 3503 3635 3512 3640 3448 3527 3528 3913 3658 3785 3449 3542 3926 3677 3938 3943 3944 3687 3702 3577 3838
3456 3737 3611 3514 3545 3830
3801
3921 3885


3802
3599 3921 3636 3835 3773
3713 3553 3521 3720 3722 3442
3907
3803
3777 3617 3906 3714 3564 3532 3569 3793 3706
3555 3622 3561 3690 3821 3890 3767 3869 3486

3804
3730 3604 3858 3884 3633 3762 3654 3790 3578
3845 3596 3731 3605 3860 3485 3627 3635 3527 3528 3913 3926 3542 3672 3930 3681 3938 3557 3559 3687 3702 3448
3456 3737 3514 3545 3830
3805

3440 3449 3916 3950

3806
3624
3963 3894

3807
3789


3808

3544

3809
3587 3500
3776 3747 3783 3887 3791 3476 3508 3766 3478 3960 3933

3810
3458 3719 3468 3612 3493 3623 3758 3506 3896 3646 3534 3793 3947 3568
3584 3718 3593 3855 3620 3881 3763 3768 3643 3648 3782 3786 3555 3558
3924
3811
3949
3546

3812
3745 3682 3459 3662 3549
3536

3813
3700 3669 3502
3911

3814
3490 3682 3624 3949 3662 3446 3549


3815
3867 3715 3455 3599 3728 3636 3835
3521 3590 3740 3615
3907
3816
3694


3817
3971
3684 3496 3831 3484
3611
3818
3623 3758 3601 3793 3896 3866
3584 3782 3593 3768 3764 3705

3819
3657 3725 3473 3868 3743
3912 3437 3445

3821
3483 3617 3878 3906 3947 3564
3584 3738 3622 3881 3499 3510 3511 3671 3927 3931 3803 3690 3825
3834
3822
3714 3458 3976 3870 3506 3896 3900 3906 3951 3569 3706
3969 3718 3463 3855 3869 3486 3786 3794 3833 3826 3572 3705

3823
3617 3714 3464 3535 3601 3474
3781 3946 3507 3539 3956 3927

3824
3462 3730 3858 3873 3884 3633 3762 3518 3651 3654 3790 3670 3576 3578
3596 3731 3860 3605 3488 3495 3497 3627 3756 3501 3640 3902 3528 3926 3800 3938 3557 3687 3697 3966 3831 3702 3452 3838
3456 3734 3514 3545 3830
3825
3617 3843 3459 3564 3535 3601 3612
3489 3652 3561 3499 3821 3665 3764 3893 3927 3931 3676

3826
3591 3976 3468 3896 3900 3906 3793 3947 3951 3711
3584 3718 3463 3869 3486 3890 3509 3643 3909 3794 3833 3822 3958 3705

3827
3778 3455
3553 3588 3722 3505

3828
3604 3633 3651 3576 3574 3578 3707
3475 3605 3756 3642 3658 3938 3684 3557 3966 3448 3577 3838
3514 3545
3829
3714 3972 3460 3464 3466 3726 3474 3602 3758 3506 3900 3777 3532 3534 3668
3593 3469 3738 3499 3634 3510 3767 3915 3554 3555 3558 3945 3443 3956
3630
3830
3613 3617 3633 3649 3654 3669 3691 3692 3695 3700 3717 3755 3790 3824 3858 3873 3883 3898 3957 3971 3479 3481 3502 3518 3523 3562 3574 3576 3578
3586 3594 3605 3609 3625 3635 3639 3683 3684 3687 3697 3736 3741 3750 3756 3795 3797 3800 3804 3832 3841 3842 3851 3860 3864 3880 3886 3911 3913 3918 3919 3930 3437 3448 3449 3962 3966 3968 3970 3457 3480 3488 3512 3517 3533 3552
3611 3674 3680 3744 3760 3765 3456 3545
3831
3971 3824
3968 3842 3457 3461 3851 3484 3750 3495 3496 3526 3938 3684 3559 3817 3697 3703
3456
3832
3790 3518
3528 3596 3437 3640 3482
3514 3830
3833
3714 3973 3591 3976 3758 3631 3896 3900 3906 3784 3793 3947 3569
3584 3969 3718 3593 3869 3486 3643 3909 3794 3822 3826
3924
3834
3617 3568
3881 3499 3821 3764

3835
3715 3850 3599 3728 3867 3753 3636 3921 3815 3710 3455
3713 3862 3521 3802 3553 3442 3705
3629
3836
3975 3465 3612 3899 3774 3910 3964 3957
3476 3757 3759 3893 3519 3782 3918 3571 3701
3675 3708
3837
3465 3957 3774
3437 3918 3759 3571 3476 3701 3579 3519
3675 3708
3838
3971 3471 3604 3877 3518 3790 3824 3576 3578 3707
3845 3851 3852 3596 3603 3605 3860 3488 3503 3891 3640 3642 3902 3448 3527 3926 3542 3800 3930 3557 3943 3687 3944 3693 3828 3573 3702 3449 3966
3737 3611 3545 3934
3839

3504 3626 3677

3840
3685 3850 3472
3505 3698 3508 3644
3629
3841
3633 3929 3692
3586 3596 3492 3756 3501 3525 3656 3788 3577 3540 3938 3684 3948 3950 3693 3448 3449 3962
3456 3734 3674 3545 3830
3842
3873 3877 3929
3968 3475 3484 3618 3491 3495 3886 3780 3908 3525 3703 3656 3540 3797 3938 3683 3684 3948 3440 3697 3831 3577 3966
3456 3611 3545 3830
3843
3568 3645
3499 3437 3825 3927
3680
3844
3616
3848 3799

3845
3604
3488 3838 3966 3891 3475 3702 3448 3804 3485 3902
3545
3847
3592 3660 3477
3916 3953 3772 3775
3674
3848
3616 3844
3918 3638 3799

3849
3861 3742
3904

3850
3840 3685 3753 3599 3472 3835 3773 3455
3722 3598 3505 3442 3698 3508 3644
3629
3851
3971 3471 3604 3877 3633 3651 3790 3692 3438
3968 3596 3475 3609 3741 3618 3491 3750 3625 3756 3501 3889 3517 1085 3780 3577 3540 3796 3797 3800 3677 3938 3684 3556 3948 3440 3966 3831 3449 3838
3456 3734 3545 3674 3830
3852
3873 3877 3604
3684 3497 3563 3902 3667 3475 3542 3926 3741 3838
3545
3854

3918

3855
3591 3976 3758 3771
3810 3822 3794 3509 3643 3515 3486

3857
3657 3628 3725 3473 3538 3868 3743
3567

3858
3604 3884 3518 3790 3670 3824 3576 3578
3721 3596 3731 3488 3640 3528 3785 3913 3926 3930 3804 3938 3557 3687
3456 3611 3830
3859
3861
3738 3443 3543

3860
3884 3633 3578 3824 3450
3721 3596 3605 3488 3642 3902 3528 3785 3913 3930 3804 3938 3557 3687 3437 3838 3448 3966
3611 3545 3830
3861
3742 3726 3604 3444 567
3904 3621 3463 3849 3437 3859 3733 3454
3600
3862
3867 3498 3728 3921 3636 3835 3710 3455
3713 3526 3590 3722 3663 3608 3740
3629
3863
3585 3490 3624 3531 3662 3446 3549
3894 3546 3679

3864
3502 3700 3669
3911
3830
3865

3442 3740 3526

3866
3906 3947 3468 3535 3568 3601 3793
3584 3558 3782 3881 3690 3818 3511 3768

3867
3715 3599 3728 3735 3753 3498 3921 3815 3835 3710 3455
3713 3590 3862 3740 3615 3442
3629 3907
3868
3874 3657 3628 3725 3538 3541
3819 3917 3567 3595 3857 3892 3445 3739

3869
3714 3602 3604 3612 3870 3506 3900 3906 3569
3593 3486 3509 3510 3529 3794 3833 3931 3803 3690 3822 3826 3572 3705 3583
3680
3870
3714 3896 3900 3903 3906 3660 3793 3947 3951 3711
3584 3718 3869 3486 3620 3643 3794 3558 3690 3822
3924 3680
3871
3628 3725 3473 3538 3743
3917 3739

3872
3522
3779 3684 3495 3979 3950 3888 3797 3672 1085 862

3873
3971 3471 3877 3633 3692 3824
3968 3842 3721 3852 3475 3736 3484 3618 3495 3501 3886 3512 3902 3525 3577 3938 3684 3943 3563 3948 3449 3966
3456 3734 3737 3830
3874
3628 3473 3538 3541 3868 3743
3912 3917 3567 3892 3739

3875

3887

3876
3753 3470
3442

3877
3971 3462 3873 3633 3578 3929 3692 3438 3574 3576
3968 3842 3721 3851 3852 3596 3731 3475 3609 3741 3488 3750 3495 3756 3886 1085 3902 3517 3780 3672 3930 3938 3683 3684 3559 3943 3948 3440 3573 3702 3577 3962 3838
3734 3611
3878
3617 3468 3564 3483 3903
3622 3690 3821

3879

3918

3880
3670
3970 3619 3908 3495 3605 3454
3830
3881
3460 3466 3468 3534 3535 3601 3866 3711
3810 3782 3558 3821 3469 3510
3834
3882

3671
3680
3883
3649 3523 3562 3695 3479 3481 3898
3639 3594 3581
3830
3884
3971 3858 3633 3762 3651 3790 3824
3968 3596 3731 3860 3750 3495 3756 3501 3640 3902 3926 3930 3804 3938 3687 3559 3948 3697
3734 3737 3514 3545
3885

3801

3886
3971 3873 3877 3651 3692 3455
3968 3842 3609 3625 3756 1085 3525 3656 3667 3552 3683 3684 3563 3948 3440 3577 3962
3674 3830
3887

3809 3931 3875 3537

3888
3659
3872 3950 3544 3610
3674
3889
3633 3604
3938 3525 3943 3851 3596 3501 3577 3448 3449
3545
3890

3826 3539 3803 3927

3891
3592 3574 3707
3845 3731 3488 3902 3658 3916 3926 3672 3930 3559 3966 3573 3702 3452 3838
3545
3892
3874 3725 3473 3538 3868 3743
3917 3739

3893
3836 3941 3612
3584 3437 3825

3894
3490 3863 3580
3437 3447 3546 3806 3679

3895
3617 3719 3464 3506 3483 3612
3690 3437 3539 3643 3775
3680
3896
3976 3870 3506 3903 3784 3793 3951
3584 3969 3718 3509 3511 3643 3810 3818 3822 3826 3833
3924
3897

3548 3908 3661

3898
3649 3613 3523 3562 3883 3502 3695 3479
3594 3919 3516 3581
3830
3899
3836 3774
3757 3571
3675
3900
3458 3460 3591 3976 3468 3614 3870 3493 3793 3569 3829 3706
3584 3969 3869 3486 3620 3509 3511 3909 3529 3794 3822 3826 3833
3924
3901

3933 3918 3791

3902
3471 3604 3873 3877 3884 3762 3518 3790 3824 3576
3845 3596 3852 3475 3860 3621 3497 3891 3527 3667 3926 3542 3672 3930 3938 3940 3684 3559 3966 3702 3703 3452 3838
3545 3934
3903
3458 3493 3878 3951 3506 3896 3870 3711
3584 3969 3648 3558 3794
3924
3904
3444 3861
3584 3849 3539 3511

3905
3490 3624 3580 3549
3679

3906
3976 3601 3866 3870 3623 3524 3784 3534 3793 3937 3568 3569 3706
3584 3718 3593 3869 3509 3768 3909 3782 3529 3705 3794 3803 3931 3558 3821 3822 3826 3443 3833
3924
3907
3715 3599 3728 3867 3753 3498 3636 3641 3921 3815 3710 3455
3713 3590 3608 3740 3615 3802 3437 3442 3960
3629
3908

3842 3495 3880 3661 3897 3548

3909
3906 3976 3726 3569 3900
3643 3558 3463 3529 3945 3826 3509 3511 3833 3931 3486
3680
3910
3836 3774
3701

3911
3813 3700 3669
3864
3830
3912
3874 3628 3725 3473 3538 3541 3743
3819 3917 3437 3567 3739

3913
3450 3790 3730 3604 3858
3488 3731 3860 3800 3804
3830 3545 3514 3611
3914
3568 3604
3978 3794 3768

3915
3460 3972 3466 3568 3474 3829
3945 3469 3634 3956 3510 3443 3738

3916
3847
3626 3950 3891 3805

3917
3874 3725 3743 3473 3538 3868
3912 3595 3567 3892 3871

3918
3975 3465 3616 3774 3647 3923 3957 3836 3837
3720 3722 3848 3854 3879 3757 3632 3638 3901 3519 3653 3664 3442 3571 3579
3708 3830
3919
3649 3523 3562 3695 3479 3481 3898 3613
3516
3830
3920
3587 3655 3500 3696 3641 3964 3967
3776 3783 3791 3478 3960 3933

3921
3715 3599 3728 3735 3867 3753 3498 3636 3666 3835 3710 3455
3713 3590 3722 3862 3608 3615 3663 3801 3802 3442 3705
3907
3922

3536

3923
3751 3789
3720 3787 3918

3924
3714 3719 3976 3591 3870 3493 3758 3896 3900 3646 3903 3906 3792 3947 3951 3569 3706 3711
3584 3718 3463 3486 3509 3648 3794 3833 3810 3558 3705
3680
3925
3961
3487 3530 3551

3926
3971 3462 3730 3858 3604 3884 3790 3824 3576
3852 3596 3605 3488 3497 3635 3891 3640 3902 3527 3528 3672 3800 3930 3804 3938 3684 3559 3943 3966 3838

3927
3843 3719 3617 3532 3535 3564 3823
3584 3469 3610 3622 3890 3507 3764 3767 3945 3561 3821 3825

3928

3672

3929
3651 3877
3841 3842 3656 3756 3948 3533 3795 3512 3577
3734
3930
3462 3471 3858 3877 3884 3522 3654 3941 3576 3450 3707
3461 3596 3475 3860 3485 3488 3492 3503 3891 3642 3902 3528 3926 3804 3677 3938 3559 3573 3838
3611 3545 3934 3830
3931
3617 3906 3947 3532 3793
3909 3782 3463 3593 3821 3887 3825 3665 3764 3869 3583
3680
3932
3616 3647
3439 3799 3513

3933
3655 3500 3920 3696 3641 3967
3776 3809 3747 3783 3791 3664 3766 3607 3960 3478 3901

3934
3462 3762
3461 3559 3495 3902 3930 3838

3936

3553 3442 3521 3598

3937
3906 3460 3758 3534 3483
3752 3945 3529 3634 3443 3738

3938
3971 3471 3858 3873 3877 3884 3633 3518 3651 3654 3790 3670 3824
3968 3457 3842 3712 3841 3851 3596 3475 3860 3605 3480 3736 3609 3741 3491 3750 3625 3756 3501 3889 3635 3640 3902 3779 3527 3528 3449 3831 3797 3926 3800 3930 3804 3677 3684 3557 3943 3687 3948 3437 3440 3828 3702 3703 3448 3577 3966
3734 3611 3737 3514 3674
3939

3546 3963 3437 3679

3940
3471
3497 3475 3542 3672 3484 3902

3941
3612 3645
3779 3893 3930

3942

3561

3943
3873 3877 3633 3604
3938 3677 3449 3596 3501 3756 3800 3889 3926 3448 3609 1085 3838
3456
3944

3457 3448 3590 3495 3756 3948 3800 3577 3962 3838

3945
3459 3460 3464 3466 3468 3726 3602 3614 3761 3668 3937 3829
3469 3738 3634 3510 3768 3909 3782 3915 3927 3554 3558 3561 3437
3630
3946
3823
3781

3947
3973 3976 3866 3870 3623 3784 3793 3568
3584 3718 3463 3593 3499 3509 3782 3794 3931 3810 3558 3437 3821 3826 3833
3924
3948
3971 3873 3877 3884 3633 3651 3670 3929
3968 3841 3586 3842 3721 3851 3475 3609 3741 3750 3495 3625 3501 3886 3756 3517 1085 3521 3525 3449 3533 3661 3667 3548 3677 862 3938 3683 3684 3944 3563 3437 3702 3448 3577 3962
3456 3734 3760 3674
3949
3745 3682 3585 3814 3624 3531 3771
3437 3727 3441
3811
3950

3872 3841 3525 3750 3916 3888 3796 3610 3547 3805 3550

3951
3714 3591 3719 3870 3493 3758 3506 3896 3646 3903 3792 3793 3569 3711
3584 3969 3463 3593 3486 3643 3794 3822 3826
3924 3680
3952

3513 3638

3953
3847
3775 3610

3954

3733

3955

3690

3956
3460 3464 3466 3532 3726 3823 3761 3474 3668 3829
3555 3529 3915 3469 3634 3443 3738

3957
3836 3975 3465 3837 3774
3757 3918 3759 3571 3476 3701
3830 3708
3958
3506
3558 3671 3826 3767 3515

3959

3503

3960
3587 3655 3500 3696 3920 3641 3967
3809 3747 3783 3664 3933
3907
3961
3925 567
3551 3723 3566 3487

3962
3604 3877 3628 3633 3692
3968 3841 3609 3491 3495 3756 3501 3886 1085 3521 3667 3540 3797 3672 3677 3944 3948 3437 3449
3456 3734 3545 3830
3963

3939 3437 3546 3806 3679

3964
3587 3655 3500 3920 3836 3967
3776 3747 3561 3791 3766

3965

3571 3701 3759

3966
3971 3462 3471 3873 3576 3824
3842 3845 3851 3596 3475 3731 3860 3741 3485 3488 3497 3891 3902 3780 3527 3785 3658 3540 3926 3542 3672 3938 3684 3687 3828 3702 3448 3452 3838
3611 3514 3545 3830
3967
3655 3696 3920 3474 3641 3964
3776 3747 3791 3478 3960 3933

3968
3971 3873 3877 3884 3633 3692
3842 3461 3721 3851 3736 3480 3609 3484 3618 3491 3750 3495 3625 3501 3886 3756 3772 3703 3656 3667 3540 3797 3550 3938 3683 3684 3563 3948 3440 3831 3577 3962
3456 3734 3830
3969
3458 3493 3758 3951 3569 3506 3792 3711 3896 3900 3903
3620 3718 3558 3822 3794 3833

3970

3880 3525 3693
3830
3971
3873 3877 3755 3884 3633 3438
3968 3586 3851 3596 3475 3480 3484 3618 3491 3495 3501 3886 3831 3797 3926 3938 3817 3948 3693 3838 3697 3703 3966
3456 3734 3545 3830
3972
3460 3726 3761 3602 3829
3554 3752 3529 3915 3443

3973
3784 3947 3793
3584 3833

3975
3836 3465 3957 3774
3918 3759 3571 3476 3701 3579 3519
3708
3976
3906 3947 3896 3900
3584 3909 3822 3855 3826 3833 3643 3486
3924
3977
3769
3442 3740 3663

3978

3625 3914 3495

3979
3522 3592
3872 3779 3626 3437 3610
3674
