686
689 691 693 697 704 707 709 713 716 717 718 719 720 728 737 739 740 741 742 743 745 746 749 751 755 756 757 759 764 765 768 770 772 778 779 780 781 782 786 788 789 791 792 793 794 795 799 800 801 805 809 811 813 814 815 817 819 822 823 826 828 835 836 837 838 842 844 845 848 851 852 853 854 855
687 690 694 696 698 701 708 712 715 721 723 724 726 727 730 738 744 748 750 752 760 761 762 763 766 767 769 774 775 777 785 796 797 802 803 806 810 816 818 825 829 832 833 839 840 846 847 849 850 856
733 734 758 784 812 830 841
687
779 780 783 807 686 817 819 820 823 697 703 838 718 728 739 764 765
774 777 797 730 747
830
688
770 780 792 800 805 815 819 821 824 697 828 713 845 719 853 739 740 751 754 756
771 774 777 694 695 701 840 847 723 726 727 856 747 752 766
830
689
686 789 732 702
839

690
713 686 820 853
731
784
691
746 686 782
833 771

693
705 837 778 844 686 823 824 828
834 726

694
772 780 781 795 798 800 805 686 815 820 821 823 824 697 703 705 711 713 842 845 719 848 853 756
773 688 695 696 829 831 834 722 724 726 727 731 738 752 760 766
784 812 830
695
778 780 781 794 805 815 824 697 713 844 718 719 853 745 751
777 688 694 696 700 829 701 834 840 847 724 738 752 766
784 830
696
795 805 686 824 823 828 711 713 842 845 719 853 745
773 694 695 829 834 840 724 727 738
830
697
772 780 781 800 805 686 815 819 820 824 823 827 828 835 709 713 842 844 848 745 753 754 765
777 687 688 694 695 698 701 834 708 840 849 721 724 727 856 731 747 748 760
830
698
798 800 811 686 819 823 697 828 703 713 719
769 774 776 804 810 825 840 856 729 747

700
815 794 795
695
784
701
778 780 781 845 686 754 821 697
834 774 777 747 688 726 695
830
702
714 689 789 822 732
839

703
781 787 792 793 805 807 809 815 817 819 820 823 824 827 828 705 835 838 843 845 718 719 739 741 754 759 764
797 687 694 698 831 856 730 747

704
848 770 686
777

705
770 772 778 780 781 800 805 807 808 809 814 820 693 823 824 827 828 703 836 835 842 844 845 718 719 853 728 737 739 745 754 755 759
773 694 831 834 706 715 847 849 722 726 731 738 748 752 760 761 762 763
784 830
706
705 805 745 713 828
834 773 810 847 752 731
784
707
768 714 746 686
712 816 767
736
708
781 800 811 686 814 819 823 697 827 719 753
774 797 840 849 724 856 730 747 760

709
835 739 805 686 848 819 823 824 697
840 777
830
710
805 711 853
810 847

711
710 745 842 853
738 810 847 752 722 724 694 727 696
784
712
768 707 742 714 686 789 822
839 816
736
713
772 780 781 782 787 794 800 805 686 815 819 824 697 828 823 827 842 844 719 848 851 853 745 746 751
774 777 688 816 690 694 695 698 696 831 833 706 834 829 840 847 850 722 726 724 731 738 747 760 766
830 734 736
714
707 789 732 702
771 806 839 712 818 725 767

715
705 805 745 781 814 686 827
834 738

716
770 741 686 718 820 728 795 799
747 849 797

717
686 852 798 855


718
770 781 787 793 805 809 686 815 817 823 827 828 703 705 716 719 720 745 764
797 803 687 695 834 748 762
758
719
768 772 787 794 799 800 805 686 815 820 823 824 827 703 705 713 842 718 720 848 853 728 737 745 755 759 764
810 688 694 696 695 698 829 834 708 840 722 724 726 727 731 752 760 762 766
830 733 734
720
739 808 745 809 781 686 719 718 755 787 790 793 764
832 803 730

721
848 697 686

736
722
768 737 705 711 713 745 719 820 853
738 694 829
784
723
770 686 824 826 828
766 688 849 727
734 830
724
778 781 786 794 795 805 686 814 819 820 821 697 826 824 828 823 827 711 713 719 848 853 742 745 754
773 777 694 695 696 829 834 708 726 731 738 752 766
784 830 736
725
714
771 806 839

726
778 780 781 805 686 815 820 693 823 824 821 705 713 844 845 719 853 745 751 754
773 688 694 701 834 724 731 752 766
784 812 830
727
770 805 686 697 828 711 842 719 848 853 854 756
688 694 696 846 849 847 723 752 766
830
728
779 780 783 787 792 805 807 686 819 820 823 828 705 835 838 843 716 719 739 741 764
773 774 797 687 730 747

729
753
698 804

730
686 783 720 787 728 764 703
803 708 747 687 849 763 797

731
815 697 827 828 705 713 719 853 745
774 810 690 694 706 834 847 724 726 766
830
732
714 689 789 822 702
802 771 839 818

733
768 782 686 719 786 795
829

734
770 805 713 778 686 756 853 719
846 847 849 785 723 760 829

735
800 819
769 856

736
707 742 713 746 782
833 712 816 721 850 818 724

737
705 837 745 686 719 815 820 824 828
722
830
738
781 795 813 686 826 705 711 713 842 853 745 751
774 694 695 696 829 715 722 724 752 760
784
739
780 787 792 793 807 686 819 823 824 828 703 705 709 720 728 740 754 757 764
774 777 797 687 688 840 747
758
740
739 686 817
748 688 831
841
741
800 827 770 835 836 807 716 781 686 823 728 828 703
763

742
768 746 686 786 789 759
712 724
736
743
686 782


744
848 686


745
787 790 794 795 800 805 813 686 814 815 817 820 823 824 697 827 828 705 711 713 842 845 718 719 720 737
773 774 810 696 829 695 834 706 715 847 722 724 726 731 738 752 760 762
784 830 758
746
707 742 713 686 691
833 816
736
747
770 792 793 800 805 807 809 815 819 820 823 697 828 703 837 838 713 716 728 739 753 754 764 765
769 773 774 797 803 804 810 687 688 698 701 831 708 849 856 730 752 763
758
748
705 770 740 779 718 686 817 787 697 764
849 797 831
758 830
749
686


750
770 686


751
713 842 686 795 828
738 688 726 695
784 830
752
781 800 686 815 823 824 827 828 705 711 842 719 853 745 759
773 774 810 688 694 695 829 706 847 724 726 727 738 747 766
784 830
753
823 697
769 708 747 729

754
779 780 792 805 815 821 823 824 697 828 703 705 835 838 848 739
773 777 688 701 724 726 747
830
755
705 808 809 781 814 719 720 783 787 686 793 827
849 797
758
756
686 826 827
847 688 694 727
734
757
739 686
775

758
739 836 808 809 745 686 718 783 817 787 814 755 827
747 748 849

759
705 742 686 719 828 703
752

760
781 794 805 686 814 820 823 824 697 827 705 713 842 719 745
694 829 834 708 738 766
734
761
800 705 772 805 842 686 848 827


762
705 805 745 842 686 719 718 799


763
705 836 741 686 787 820
804 747 730 797

764
779 781 787 793 805 807 686 823 824 827 828 703 838 843 718 719 720 728 739
797 687 730 747 748

765
807 843 780 779 686 823 792 697
687 747

766
780 805 686 815 820 823 824 826 827 713 719 853
771 810 688 694 695 849 723 724 726 727 731 752 760
784 830
767
768 707 714 686 822
839 796

768
707 742 686 719 786 789 822
833 712 816 722 767
733
769
800 811 686 753 828 798
774 747 698 735

770
772 781 783 799 686 820 824 828 704 705 716 845 718 741
797 803 688 849 723 727 747 748 750
734
771
714 691 789 791 732
806 839 688 818 850 725 766

772
800 705 770 805 713 845 686 719 697 827 828
761 694 856

773
780 815 820 821 824 828 705 836 853 728 745 754
810 694 696 829 831 706 834 847 724 726 747 752
784
774
800 805 807 811 686 819 820 823 824 713 853 728 739 745
769 687 688 698 701 708 840 856 731 738 747 752
784 830
775
757 686


776

698

777
704 739 709 713 779 780 686 754 824 697
829 687 688 724 695 701
830
778
705 844 686 693 828
834 724 726 695 701
812 830 734
779
835 828 807 780 686 754 823 728 764 765
777 748 687

780
779 792 805 686 815 819 823 697 828 705 835 838 713 728 739 754 765
773 777 803 687 688 694 695 701 840 726 766
830
781
770 783 787 793 794 800 805 809 686 814 815 823 824 697 827 828 703 705 836 713 842 718 720 853 741 755 764
694 695 701 834 708 715 724 726 738 752 760
830
782
743 713 686 786 691
833 804
736 733
783
770 809 781 817 755 787 820 728 793 827
687 849 730
758
784
794 795 800 813 686 826 827 828 705 711 853 854 745 751
773 774 810 690 694 695 700 829 834 706 722 724 726 738 752 766

785
686
846
734
786
768 742 813 782 686
829 724
733
787
781 783 793 808 809 814 817 823 703 836 713 718 719 720 728 739 745 755 764
803 849 730 748 763
758
788
686


789
768 742 714 686 689 732 702
833 771 806 839 712 818

790
720 745
832

791
686 822
771 818 796

792
780 805 807 686 815 824 828 703 835 837 838 728 739 754 765
803 688 850 747
830
793
739 836 781 686 718 720 783 755 787 764 703
747 850 797

794
713 745 842 781 686 719 795
724 695 760 700
784
795
745 842 716 686 751 820 853 794
738 694 724 696 700 829
733 784
796
686 791
806 818 829 767

797
770 793 808 809 686 817 820 828 703 716 718 728 739 755 764
687 831 708 849 730 747 748 763

798
717 855
769 694 698

799
770 716 845 813 719 814 686
762

800
772 781 805 811 686 814 823 697 827 705 713 842 845 719 853 741 745
769 774 688 694 698 834 708 856 735 747 752 761
784 830
801
686


802
732 686
806

803
770 837 780 718 686 720 787 820 792
832 840 747 730

804
782
747 849 856 729 698 763

805
772 780 781 792 800 807 686 814 815 819 697 824 827 828 823 703 705 709 838 710 837 713 842 844 843 718 719 853 728 745 754 764
774 810 688 818 694 695 696 829 831 706 715 847 724 726 727 747 760 761 762 766
734
806
714 686 789 822
833 802 771 839 818 725 796

807
705 739 741 828 805 843 779 728 792 819 823 764 765 703
774 747 687 856

808
705 720 755 787
797
758
809
705 781 718 783 686 817 720 755 787 827 703
747 797
758
810
805 814 686 815 823 827 828 710 711 842 719 853 745
773 698 834 706 847 856 731 747 752 766
784
811
800 686
769 708 774 698

812
837 778 686 815 828
694 726

813
745 686 786 799
738
784
814
781 787 799 800 805 686 827 828 705 842 853 745 755
810 829 834 708 715 724 760
758
815
780 781 792 805 686 819 823 824 697 828 703 835 837 713 845 718 719 853 737 745 754
773 810 688 694 695 700 847 726 856 731 747 752 766
812 830
816
768 707 713 746 686
833 712 850
736
817
740 809 745 718 686 783 787 819 827 828 703
748 687 850 797
758 830
818
732 805 714 686 789 822 791
771 806 839 796
736
819
780 805 807 686 815 817 823 824 697 827 703 835 709 713 848 728 739
774 688 687 698 834 708 840 724 856 735 747
830
820
770 783 795 823 697 828 703 705 716 845 719 853 728 737 745
773 774 797 803 687 690 694 831 834 849 722 724 726 747 760 763 766
830
821
836 754
773 688 724 694 726 701

822
768 686 791 732 702
806 712 818 850 767

823
779 780 781 787 800 805 807 686 815 819 820 693 824 697 827 828 703 705 835 709 713 843 718 719 848 728 739 741 745 753 754 764 765
774 810 687 694 698 696 708 840 724 726 856 747 752 760 766
830
824
770 781 792 805 815 819 693 823 697 826 827 828 703 705 835 837 709 838 713 842 843 844 719 848 853 737 739 745 754 764
773 774 777 688 694 695 696 834 840 723 724 726 752 760 766
830
825
686
856 698

826
842 686 756 824 828
738 766 723 724
784 830
827
772 781 783 800 805 809 814 817 819 823 824 697 828 703 705 713 718 719 741 745 755 756 764
810 708 715 724 731 752 760 761 766
784 830 758
828
770 772 778 779 780 781 792 805 807 814 815 817 686 820 693 823 697 826 827 703 824 705 835 837 713 842 845 718 848 853 728 737 739 741 745 751 754 759 764
769 773 797 810 688 696 698 829 706 834 847 849 846 723 724 727 731 747 752
784 812 830
829
786 795 805 686 814 828 713 842 719 853 745
773 777 796 694 695 696 834 847 722 724 738 752 760
784 733 734
830
778 780 781 792 800 686 815 817 819 820 824 823 826 827 828 697 705 709 838 713 844 845 719 853 737 745 751 754
774 777 687 688 694 695 701 696 834 846 847 849 723 724 726 727 856 731 748 752 766

831
705 740 805 713 820 853 703
773 747 748 694 797

832
720 686 790
803

833
768 713 746 782 686 691 789
806 816
736
834
778 781 800 814 819 820 693 824 697 828 705 713 842 844 718 719 853 745
773 810 694 695 696 701 829 706 715 847 724 726 731 760
784 830
835
705 741 709 838 779 780 686 728 815 824 754 819 823 792 697 828 703


836
705 741 781 686 787 821 793
773 763
758
837
737 805 686 815 792 693 824 828
803 840 747
812
838
835 805 780 686 728 754 824 792 764 703
840 747 687
830
839
714 686 689 789 732 702
771 806 712 818 725 767

840
780 686 819 823 824 697 837 838 709 713 719 848 739
774 803 688 696 695 698 708 856

841
740 686


842
781 794 795 800 805 686 814 824 826 697 828 705 711 713 719 853 745 751
810 694 696 829 834 727 738 752 760 761 762

843
805 807 728 823 824 764 765 703


844
705 805 713 778 686 848 693 824 697
834 726 695
830
845
800 705 770 772 745 686 815 799 820 828 703
688 849 694 726 696 701
830
846
686 828
785 727
734 830
847
805 686 815 828 705 710 711 713 853 745 756
773 810 688 695 829 706 834 727 731 752
830 734
848
686 819 823 824 697 828 704 709 713 844 719 754
694 840 721 724 727 744 761

849
770 783 787 686 820 697 828 705 716 845 755
797 804 708 723 727 730 747 748 766
830 734 758
850
713 686 817 822 792 793
771 816
736
851
713 686


852
717 686 855


853
781 795 800 805 686 815 814 820 824 828 705 710 711 713 842 719
773 774 810 688 690 694 695 696 829 831 834 847 722 724 726 727 731 738 752 766
784 830 734
854
686
727
784
855
686 852 717 798


856
772 800 807 686 815 819 823 697 703
774 804 810 688 825 698 708 840 735 747
830
