686
689 691 693 702 703 704 705 707 710 711 713 714 716 717 718 719 720 728 732 739 740 742 743 745 746 749 751 753 754 755 756 757 759 764 765 770 772 778 779 780 781 783 787 788 789 790 791 792 793 794 795 798 800 801 805 807 808 809 811 813 814 815 817 819 820 821 822 823 824 826 827 838 842 843 844 845 853 854
687 688 690 692 694 695 696 699 700 706 708 715 721 722 723 724 725 726 729 730 731 735 738 747 750 752 760 761 762 763 767 769 771 773 774 775 776 777 796 797 802 803 804 806 810 818 825 829 831 832 833 834 839 840 846 847
734 736 758 812 830
687
780 783 805 807 686 819 820 697 828 703 838 728 739 759 764
797 688 856 730 747
830
688
772 780 792 800 686 815 819 823 824 697 828 713 845 719 853 739 740 751 754 756
771 777 687 694 696 695 701 834 847 849 723 724 726 856 752 766
734
689
714 686 789 732 702
771 839 712

690
713 686
773 694 731 831
784
691
746 686 822
833 771

692
686


693
837 713 778 844 686 824 697 828
834 726 695
734
694
772 780 781 795 800 686 815 820 821 823 824 697 827 828 703 710 711 713 842 845 848 853 737 745 754 756
773 774 810 688 690 695 696 831 834 706 847 722 724 726 727 738 752 760
812 830
695
778 780 781 794 805 686 693 824 697 711 713 842 844 718 751 754
777 810 688 694 700 829 701 834 706 840 847 724 726 752 760 766
784 830 734
696
778 780 795 805 686 697 828 711 713 842 845 719 853 739 745
774 688 694 829 840 724 727 738 747
784
697
772 780 781 800 805 820 693 827 828 705 709 713 844 719 848 745 753 765
769 777 687 688 818 694 695 696 834 840 849 721 724 726 727 856 731 747 748 760 766

698
772 798 800 811 819 823 828 703 713 745 753
769 803 804 810 825 856 729 747

699
686
833

700
745 686 815 794 795
695
784
701
778 780 842 713 781 845 821 794
834 774 777 747 688 724 726 695 760
830
702
714 686 689 789 732
839 725

703
779 781 792 805 807 809 686 815 817 820 823 824 705 835 709 838 843 845 719 728 739 759 764 765
797 687 694 698 748
758
704
848 686 799
777

705
772 780 781 787 799 800 807 808 686 814 819 824 697 828 703 713 842 843 844 720 719 853 737 739 741 745 754 755 759 764
773 803 810 829 834 847 849 722 724 731 747 748 752 760 761 762 763
830 758
706
805 745 713 686 719 815 853 828
834 773 847 752 694 695

707
768 742 714 686
833 712 816 767
736
708
781 800 811 686 819 824 827 828 713 719 753 755
769 797 840 724 730 747 760

709
835 739 805 838 843 754 819 697 828 703
840 777
830
710
805 711 686 853
803 810 847 694

711
710 745 686 795 828
695 752 722 724 694 727 696 829 766
784
712
707 742 714 782 689 822
839 816 767
736
713
778 780 782 819 794 800 805 813 686 814 817 815 693 824 697 828 705 842 845 719 851 853 742 745 751
773 774 777 810 688 690 818 694 695 698 696 701 831 833 706 708 840 847 721 850 722 726 724 738 748 752 760 762 766
784 830 734 736
714
707 686 689 789 822 702
806 712 818

715
805 745 842 781 814 686 827
834 738

716
795 770 741 686 820 728 799
747 849 763 797

717
686 852 798 855


718
770 781 787 793 809 814 686 817 823 827 828 719 764
803 695 834 730 747 748 762
758
719
768 772 781 787 794 799 805 686 815 814 817 819 820 823 697 827 828 703 705 713 845 718 720 848 853 728 737 745 755 756 759
773 774 688 696 829 706 834 708 840 847 849 722 726 727 731 747 752 760 762
784 830 734
720
705 808 745 781 686 719 755 790 793
832 803 774 730

721
848 713 697 686


722
768 737 705 711 713 745 686 719 820 853
738 694
784
723
770 745 686 824 826 828
766 688 849
734 830
724
781 794 805 686 819 820 821 697 826 824 828 705 711 713 842 853 742 754
688 694 695 696 829 701 834 708 726 731 738 752 760 766
784 830 734 736
725
686 732 702
771 806 839 818

726
780 781 805 686 815 693 823 824 697 828 713 719 853 745 751 754
773 688 694 695 701 834 724 752 760 766
784 812
727
770 800 805 824 697 828 711 842 845 719 848 854 756
694 696 849 752 766
784 830
728
779 781 809 686 817 819 820 823 824 828 703 835 838 843 716 719 737 739 754 759 764 765
773 774 803 687 856 730 747

729
753 686
856 698

730
686 783 718 720 787 728 764
803 708 687 763

731
781 805 686 815 697 827 705 719 853 745
773 810 690 847 724 752 766
784 830
732
686 689 788 789 791 822 702
802 771 806 839 818 725

733
768 782 786
839 829

734
778 805 686 693 713 842 719 853 756
785 803 688 695 829 846 847 849 723 724 760 766
784
735
800 686 819
769 856

736
707 742 713 746 686 788
712 816 850 818 724

737
705 837 805 843 719 728 815 824
773 722 694
830
738
781 794 795 805 813 686 826 713 842 853 745 751
774 694 696 715 722 724
784
739
780 787 792 793 805 807 686 819 823 824 703 705 709 728 740 764
774 777 797 687 688 696 840 747
758
740
770 739 686 817
688 831

741
800 705 835 807 716 781 820 823
747 763

742
768 707 713 746 686 786 789
712 724 829
736
743
686 782
833

745
781 787 790 794 795 799 800 805 686 814 817 823 824 697 827 828 705 711 713 845 719 720 853 751 755
773 774 810 694 698 700 696 829 834 706 715 847 722 723 726 731 738 747 752 760 762
784
746
742 686 782 691
833 816
736
747
770 780 783 792 793 800 805 807 809 686 815 819 820 823 697 828 705 837 838 716 718 719 848 728 739 741 745 753 754 764
769 774 797 804 687 696 698 701 708 840 849 856 748 752 763
830
748
705 770 713 779 718 817 697 787 793 764 703
747 849
758
749
757 686


750
686


751
713 842 745 686 828
738 688 726 695
784 830
752
781 800 805 686 815 820 823 827 828 705 711 713 842 719 853 745
773 774 688 694 695 829 831 706 834 847 724 726 727 731 747 766
784
753
686 819 697
769 708 747 729 856 698

754
779 780 792 805 686 815 821 823 824 828 705 835 709 838 848 728
773 777 688 694 695 840 724 726 747
830
755
705 836 809 745 781 845 719 720 814 787 783 686 793 827
708 849 797

756
805 686 719 826 827
847 688 694 727
734
757
749 686


758
705 739 836 808 809 781 686 718 783 817 787 814 793 703
748 849

759
705 686 719 728 828 703
687 766

760
794 800 805 686 814 820 823 697 824 827 828 705 713 842 719 745
694 695 701 829 834 708 724 726
784 830 734
761
800 705 772 842 686 848 827


762
705 805 745 713 842 781 686 814 719 718 827
810

763
705 770 836 741 716 686 787 820
803 747 849 730 797

764
779 781 783 787 793 805 807 809 686 817 823 824 828 703 705 838 718 728 739
797 687 730 747 748

765
835 807 780 686 728 823 697 703
856

766
780 800 805 815 820 823 697 827 828 711 713 759
771 810 688 695 834 847 723 724 726 727 731 752
830 734
767
768 707 686
839 712 796

768
707 742 719 822
833 839 816 722 767
733
769
800 811 686 753 697 828 798
708 774 747 856 698 735

770
740 781 686 783 845 718 716 820 828
777 747 748 723 727 763 797

771
686 689 691 789 791 732
802 806 839 688 818 850 725 766

772
705 781 686 814 719 845 697 828
688 761 694 856 698

773
780 781 686 820 823 824 827 828 705 836 713 842 719 728 737 745 754
774 690 694 829 831 706 726 731 752
784
774
800 805 807 811 686 819 820 823 824 828 713 843 719 720 853 728 739 745
769 773 810 694 696 701 856 738 747 752
784 830
775
686


776
686


777
704 770 739 709 713 779 780 686 754 824 697
688 695 701

778
713 844 686 819 693 828
695 696 701
812 734
779
835 838 780 686 792 754 824 823 728 764 703
840 777 748

780
779 792 686 815 819 823 697 824 705 835 838 713 845 739 754 765
773 777 803 687 688 694 695 696 701 834 726 747 766
830
781
770 772 783 787 793 794 686 814 815 817 823 824 697 827 703 705 836 718 719 720 853 728 741 745 755 764
773 810 694 695 829 701 834 708 715 849 724 726 731 738 752 762
784 830 758
782
743 713 746 813 786
833 804 712 829
733
783
770 809 781 686 755 787 827 764
747 687 849 730 797
758
784
781 794 795 800 813 824 826 827 828 711 713 842 719 853 854 745 751
773 774 810 690 695 696 700 829 834 722 724 726 727 731 738 752 760
734
785

846
734
786
742 813 782
833 829
733
787
781 783 793 809 814 686 817 827 705 718 719 739 745 755 764
797 730 748 763
758
788
732 686
806
736
789
742 714 686 689 732 702
833 771 806 839

790
720 745 686


791
686 822 732
771 806

792
779 780 805 807 686 815 819 823 824 828 703 835 837 838 739 754
803 688 850 747
830
793
739 808 809 781 686 718 720 817 755 787 764
747 748 849 850 797
758
794
713 745 781 686 719 795
738 724 695 760 700 701
784
795
711 745 842 716 813 686 820 794
738 694 696 700 829
784
796
686 822
806 818 767

797
770 783 787 793 808 809 686 820 827 828 703 716 739 755 764
687 708 849 747 763

798
717 686 852 855
769 698

799
704 705 835 745 716 813 845 719


800
805 811 686 814 823 697 827 828 705 713 842 845 851 853 741 745
769 774 810 688 694 698 834 708 727 856 735 747 752 760 761 766
784
801
686


802
686 732
771 806 818

803
705 837 710 780 686 728 720 718 792 820
840 698 730 763
734
804
782 686
747 849 856 698

805
792 800 686 817 697 824 827 828 703 709 838 710 713 844 843 719 853 737 739 745 754 756 764
774 810 687 818 695 696 829 706 834 840 715 847 724 726 727 731 738 747 752 760 762 766
734
806
732 714 791 686 788 789 822
833 802 771 839 850 725 796

807
705 739 741 838 828 843 686 792 819 823 764 765 703
774 747 687 856

808
705 809 686 720 793
797
758
809
808 718 783 686 817 755 787 728 793 827 764 703
747 797
758
810
781 800 805 814 686 823 827 828 705 710 713 853 745
774 694 695 698 731 762 766
784
811
800 686
769 708 774 856 698

812
837 778 686 815 824 828
694 726

813
713 686 782 786 795 799
833 738
784
814
772 781 787 800 686 827 828 705 713 718 719 853 745 755
810 834 715 760 762
758
815
780 781 792 686 819 824 828 703 835 837 838 713 845 719 853 737 754
688 694 700 706 834 847 726 856 731 747 752 766
812 830
816
768 707 746
833 712 850
736
817
781 787 793 805 809 686 819 827 703 713 718 719 728 740 745 764
850 748
830 758
818
732 805 713 714 686 822 697
802 771 839 725 796
736
819
778 780 792 807 686 815 817 823 824 827 828 705 709 838 713 719 848 728 739 753
774 688 687 698 834 708 724 856 735 747
830
820
770 795 686 823 824 697 828 703 716 719 848 728 741
773 774 797 803 687 694 831 834 849 722 724 747 752 760 763 766
830
821
836 686 754
724 694 701

822
768 732 714 686 691 791
806 839 712 818 796 829

823
779 780 781 792 800 807 686 819 820 827 703 835 838 843 718 719 848 853 728 739 741 745 754 764 765
773 774 810 688 694 698 834 726 856 747 752 760 766
830
824
779 780 781 792 805 686 815 819 820 693 827 703 705 835 837 713 842 843 844 853 728 737 739 745 754 764
773 774 777 688 694 695 829 834 708 840 847 849 723 724 726 727 760
784 812 830
825
686
856 698

826
842 686 756 828
738 723 724
784 830
827
781 783 787 800 805 809 814 686 817 819 823 824 697 828 842 718 719 853 745 755 756
773 797 810 694 834 708 715 849 731 752 760 761 762 766
784 830
828
770 772 778 792 800 805 807 814 815 819 820 693 697 826 827 705 709 838 711 713 837 844 845 718 719 848 851 853 728 745 751 754 759 764
769 773 774 797 810 688 687 694 696 698 829 706 834 708 840 847 849 724 726 727 856 723 747 752 760 766
784 812 830
829
781 782 786 795 805 686 822 824 828 705 711 842 719 742 745
773 695 696 724 752 760
784 733 734
830
780 781 792 686 815 817 819 820 824 823 826 827 828 705 709 838 713 844 845 719 853 737 751 754
774 687 694 695 701 834 840 846 847 849 723 724 727 856 731 747 760 766

831
740 713 686 820 853
773 752 690 694

832
720 686


833
768 707 743 713 746 813 782 686 786 691 789
806 816 699

834
780 781 800 805 814 815 686 819 820 693 824 697 823 827 828 705 844 718 719 853 745
688 694 695 701 706 715 847 724 726 752 760 766
784 830
835
741 709 837 779 780 728 815 703 824 754 823 792 765 799


836
781 755 853 821
773 763
758
837
737 835 815 792 693 824 828
803 840 747
812
838
779 780 792 805 807 686 815 819 823 828 703 709 728 754 764
687 840 856 747
830
839
768 686 689 789 822 732 702
771 806 712 818 725 767
733
840
779 805 686 824 697 828 837 838 709 713 719 848 739 754
803 695 696 708 856 747
830
842
795 800 686 824 826 827 705 713 853 751
773 694 695 696 701 829 715 724 727 738 752 760 761 762
784 734
843
737 705 709 805 807 686 728 823 824 703
774

844
705 805 778 686 693 824 697 828
834 695
830
845
770 772 780 799 800 686 815 828 703 713 719 745 755
688 694 696 701 849 727
830
846
686
785
830 734
847
805 686 815 824 828 705 710 713 719 853 745 756
688 694 695 706 834 731 752 766
830 734
848
704 823 719 754 819 697 820 828
840 747 721 694 727 761

849
781 783 793 820 824 697 827 828 705 716 845 719 755
797 804 688 723 727 747 748 763
830 734 758
850
713 817 792 793
771 806 816
736
851
800 713 828


852
717 798 855


853
781 800 805 686 815 814 823 824 827 828 705 836 710 713 842 719 745
774 810 688 694 696 831 834 706 847 722 724 726 731 738 752
784 830 734
854
686
727
784
855
852 717 798


856
772 800 807 811 815 819 823 697 828 838 728 753 765
769 774 804 688 687 698 825 840 729 735 747
830
