686
689 691 693 697 702 704 705 707 709 710 711 716 717 718 719 720 728 732 737 739 740 741 742 743 745 746 749 753 754 755 756 757 759 765 768 770 772 778 779 780 781 782 783 787 788 789 792 793 794 795 798 799 800 801 805 807 808 809 811 814 815 819 821 823 824 826 827 828 835 836 837 842 843 844 845 848 851 852 854
687 688 690 692 695 696 699 700 706 708 712 715 721 722 723 725 726 727 730 731 735 738 744 747 750 760 763 767 771 773 774 776 785 796 802 803 804 806 810 816 818 825 829 831 832 833 834 839 840 846 847 849 850
733 758 784 812 830 841
687
780 783 805 807 686 817 819 820 697 828 703 838 718 728 739 764 765
774 797 688 856 730 747
830
688
772 780 792 800 686 815 819 821 697 824 828 713 845 719 739 740 751 756
771 774 777 687 694 695 696 834 840 723 724 726 727 747 752
830 734
689
714 686 732 702
839 712

690
713 686 820 853
773 694 831

691
746 686 822 782


692
686


693
713 778 844 823 686 824
834 695

694
772 780 781 795 798 800 815 820 823 824 827 697 705 710 713 842 845 853 737 745 754 756
773 774 810 688 690 695 696 829 831 706 834 847 722 724 726 727 731 738 752 760 766
784 812 830
695
778 780 781 794 805 686 815 693 697 824 711 713 842 844 718 719 853 745 751 754
777 688 694 696 700 829 701 834 706 847 724 726 738 752 760 766
830 734
696
778 795 805 686 824 697 711 713 842 719 739
773 774 688 694 695 829 834 840 724 738 747
784 830
697
772 780 781 800 805 686 815 819 820 824 827 828 705 835 709 713 842 844 719 753 754 765
769 777 687 688 818 694 695 696 698 701 834 708 840 849 721 726 856 731 747 748 760

698
745 713 719 753 697 798 703
769 803 804 774 776 810 840 825

699
686
833

700
686 815 794 795
695
784
701
713 842 778 780 781 845 754 821 697 794
834 747 777 724 726 695 760
830
702
686 689 789 822 732
839

703
779 781 787 792 793 805 809 817 819 820 824 828 835 709 843 845 718 719 728 739 741 754 759 764 765
797 687 698 831 856 747

704
848 686 799
777

705
770 772 778 780 781 787 800 807 686 814 819 820 823 824 697 827 828 835 836 713 842 843 844 718 720 719 728 739 741 745 755 759 764
773 803 810 694 831 834 706 715 847 849 722 726 731 738 747 748 752 760 761 762
784 830 758
706
705 745 713 686 815 719 853 828
773 810 847 752 694 695 731

707
768 742 714 746 686
833 712 767
736
708
781 800 814 686 819 823 824 697 827 828 713 719 753
769 797 840 849 724 856 730 747 760

709
835 805 838 843 686 848 754 819 823 824 697 828 703
840 777

710
711 686
810 847 694

711
710 745 842 686 853 795 828
738 727 847 752 722 724 695 696 829 766

712
768 707 742 714 686 782 689 789 822
839 816 767

713
772 778 780 781 782 817 794 800 805 813 814 815 819 693 697 827 828 705 844 851 853 823 742 745 746
773 774 777 810 688 816 690 818 694 695 696 698 701 831 829 834 706 708 833 840 847 721 722 724 731 738 748 752 760 766
784 830 734 736
714
707 689 822 789 732
771 806 839 712 725 767

715
705 805 814 686 827
738 834

716
770 741 686 718 820 728 795 799
747 849

717
852 686 855


718
781 787 793 805 814 686 817 815 823 827 703 705 716 719 720 745 764
797 803 687 695 834 730 747 748 762
758
719
768 772 787 799 800 805 686 814 817 819 820 823 697 827 828 703 705 842 845 718 720 848 853 728 745 755 756 764
810 688 696 698 829 695 706 834 708 849 722 724 726 727 731 747 760 762 766
784 830 733
720
705 739 745 809 781 718 686 719 787 755 790 793
832 803 774 730

721
713 686 848 697

736
722
768 705 737 711 745 713 686 719 853
738 694
784
723
770 745 686 826
688 849 727
830 734
724
781 794 795 805 814 819 820 821 823 826 827 828 824 711 713 842 719 848 853 742 745 754
777 688 694 695 696 829 701 834 708 726 731 738 752 760 766
784 830 734 736
725
714 686 732
771 806 839 818

726
778 780 781 686 815 820 821 823 824 697 828 705 719 853 745 751 754
773 688 694 695 701 834 724 731 752 760 766
812 830
727
770 800 805 686 824 828 711 845 719 853 756
688 694 846 847 723 752
784 830
728
779 780 783 792 805 807 809 686 817 819 820 824 703 705 838 716 719 737 739 741 754 759 764 765
774 797 803 687 856 730 747

729

856 804

730
718 686 720 787 783 728 764
803 708 747 687 849 763 797

731
781 805 686 815 697 827 828 705 713 719 745
774 694 706 834 847 724 726 752
784 830
732
714 686 689 788 789 822 702
802 806 818 725

733
768 686 782 719 786 795
839

734
805 713 842 756 853
803 846 847 785 688 723 724 695 849 760
784
735
819 686
856 769

736
707 713 746 788
833 816 721 818 724

737
837 805 745 843 686 728 815 820 824 828
773 722 694
830
738
781 794 795 805 813 686 826 705 711 713 842 853 745 751
774 694 695 696 829 715 722 724 760
784
739
780 787 793 805 807 686 823 828 703 705 720 728 740 754 764
774 797 687 688 696 840 747

740
770 739 686 817
748 688 831

741
800 705 770 835 836 807 716 781 686 820 823 728 827 828 703
763

742
707 713 686 786 789 759
712 724

743
686
833

744
848 686


745
781 795 799 800 686 815 817 820 828 705 711 713 842 845 718 720 719 853 737 755
773 774 694 695 698 829 706 847 722 723 724 726 731 738 747 752 760 762
784 830
746
707 713 686 691
833 816
736
747
780 792 793 800 805 807 809 686 815 823 697 828 703 705 837 838 716 718 719 848 728 739 745 753 754 765
769 773 774 797 804 810 687 688 696 701 831 708 840 849 856 730 748 752 763
830 758
748
705 770 740 713 779 718 787 793 697 764
747 849 797 831
830
749
757 686


750
770 686


751
795 828
738 688 726 695
784 830
752
800 805 820 823 827 828 705 711 713 842 853 745 759
773 774 810 688 694 695 829 831 706 847 724 726 727 731 747 766
784 830
753
686 819 823 697
769 708 747 856 698

754
779 780 805 686 815 821 823 697 703 835 709 838 848 728 739
773 777 694 695 701 840 724 726 747
830
755
705 836 745 809 845 686 719 783 720 827
849 797
758
756
805 686 719 826 827
847 688 694 727
734
757
749 686
775

758
705 836 808 809 814 783 686 718 787 755 793
747 849

759
705 742 686 728 828 703
752 766

760
781 794 800 805 814 686 820 823 697 828 705 713 842 719 745
694 695 829 701 834 708 724 726 738 766
784 830 734
761
800 705 772 842 848


762
705 805 745 781 814 719 718 827 799
810

763
770 741 836 686 820
803 804 747 849 730

764
779 781 783 787 793 805 809 823 824 828 703 705 838 843 718 719 728 739
797 687 730 748

765
835 807 779 843 686 792 728 697 703
747 687

766
780 805 815 820 824 828 711 713 719 853 759
771 810 694 695 847 849 724 726 752 760
784 830
767
707 714 686 822
839 712 796

768
707 686 719 789 822
833 839 712 816 722
733
769
800 811 753 697
708 774 747 856 698 735

770
781 799 686 820 824 828 705 716 845 740 741
777 797 849 723 727 748 750 763

771
714 686 789
802 806 839 688 850 725 766

772
800 705 805 713 845 686 719 814 697 827 828
688 761 694 856

773
780 781 686 815 823 824 827 705 713 842 853 737 745 754
774 810 690 694 696 829 834 706 726 747 752
784
774
800 805 811 686 819 820 823 824 713 843 720 853 728 739 745
769 773 687 688 694 696 698 856 731 738 747 752
784 830
775
757


776
686
698

777
704 770 709 713 780 754 824 697
688 724 695 701
830
778
705 713 844 686 693 828
834 726 695 696 701
812 830
779
835 828 807 686 728 754 823 792 764 765 703
840 748

780
805 686 815 819 823 824 697 828 705 835 838 713 845 728 739 754
773 777 687 688 694 695 701 834 840 726 747 766

781
770 783 793 794 800 805 809 686 815 817 824 697 703 705 836 713 718 720 741 745 764
773 810 694 695 701 829 834 708 849 724 726 731 738 760 762
830
782
713 686 786 691
833 804 712 829
733
783
809 781 686 817 755 820 787 728 793 827 764
687 849 730
758
784
794 795 800 686 824 827 705 713 719 853 745 751
773 774 694 696 700 829 834 722 724 727 731 738 752 760 766
734
785
686
846
734
786
742 813 782
833 829
733
787
783 793 809 686 817 823 827 703 705 836 718 719 720 739 764
797 803 849 730 748
758
788
732 686
806
736
789
768 742 714 686 732 702
833 771 806 712 818

790
720
832

791
822
818

792
779 807 686 815 819 823 824 828 703 835 837 838 728 765
803 688 850 747
830
793
781 783 787 808 809 686 817 703 836 718 720 739 764
797 849 850 747 748
758
794
713 842 781 686 795
738 724 695 760 700 701
784
795
711 745 716 813 686 751 820 853 794
738 829 694 724 696 700
784 733
796
686 822
806 818 829 767

797
770 739 764 808 809 718 787 755 820 728 793 828 703
708 747 748 687 730

798
852 686
698 694

799
704 770 835 745 716 813 686 845 719 814
762

800
772 781 805 811 686 814 823 697 827 828 705 713 842 719 851 853 741 745
769 774 810 688 694 708 727 856 747 752 760 761
784
801
686


802
686 732
771 806 818

803
705 686 718 720 728 792 787 820
840 698 730 763
734
804
686 782
747 849 856 729 698 763

805
772 780 781 800 807 686 815 817 814 823 824 697 827 828 703 837 709 838 713 842 844 718 719 853 728 737 739 754 756 764
774 810 687 818 696 695 831 834 840 715 847 724 727 731 738 747 752 760 762 766
734
806
732 714 686 788 789 822
833 802 771 839 850 818 725 796

807
705 739 805 838 741 843 779 686 728 819 823 792 765
747 687 856

808
809 686 793
797
758
809
808 781 686 783 720 817 787 755 728 793 827 764 703
747 797
758
810
781 800 805 814 815 686 823 827 828 705 710 713 842 719 853
773 694 698 706 834 847 856 747 752 762 766

811
800 686
769 774 856

812
837 778 686 815 824
726 694

813
713 786 795 799
833 738

814
772 799 800 805 686 827 828 705 713 842 718 719 853
810 834 708 715 724 760 762
758
815
780 781 792 805 686 819 823 824 697 828 835 838 713 718 853 737 745 754
773 810 688 694 695 700 706 834 726 856 731 747 766
812
816
768 713 746 686
833 712 850
736
817
781 783 787 793 805 809 819 827 828 703 713 718 719 728 740 745
687 850
830
818
732 805 713 686 789 822 791 697
802 806 839 725 796
736
819
780 792 807 686 817 815 823 824 697 827 828 703 705 835 709 838 713 719 848 728 753
774 687 688 834 708 840 724 856 735
830
820
770 783 795 824 697 828 703 705 716 845 719 848 853 728 737 741 745
774 797 803 687 690 694 831 834 849 724 726 752 760 763 766
830
821
836 686 754
688 724 726 701

822
768 732 714 691 791 702
806 839 712 818 850 796 767

823
779 780 787 792 800 805 807 686 815 819 693 827 705 835 709 838 713 843 718 719 853 739 741 753 754 764
773 774 810 694 834 708 840 724 726 856 747 752 760
830
824
770 780 781 792 805 686 815 819 820 693 697 826 827 828 703 705 835 837 838 709 842 843 844 848 728 737 764
773 774 777 688 694 695 696 829 834 708 849 724 726 727 766
784 812 830
825
686
856 698

826
842 686 756 824
738 723 724
830
827
772 783 787 800 805 809 686 814 817 819 823 824 697 828 705 713 718 719 741 755 756
773 810 694 834 708 715 849 724 731 752 762
784 830
828
770 772 778 779 780 792 800 805 686 815 814 817 820 819 824 697 827 703 705 709 838 711 837 713 835 844 719 848 851 853 737 739 741 745 751 759 764
797 810 687 688 829 834 706 708 840 846 847 849 724 726 727 856 731 747 752 760 766
830
829
781 782 786 795 686 824 828 711 713 842 719 853 745
773 796 694 695 696 834 847 724 738 752 760
784
830
778 781 792 686 817 819 820 824 826 827 828 823 705 838 713 844 719 853 737 745 751 754
774 777 687 688 694 695 696 701 834 846 847 849 723 724 726 727 856 731 747 748 752 760 766

831
705 740 805 713 686 820 853 703
747 748 752 690 694

832
720 686 790


833
768 707 743 713 746 813 782 686 786 789
806 816 699
736
834
778 780 781 805 814 686 815 819 820 693 823 824 697 828 827 705 713 842 844 718 719
773 810 688 694 696 695 701 829 715 847 724 726 731 760
784 830
835
779 780 792 799 686 815 819 823 824 697 828 703 705 837 838 709 741 754 765


836
705 741 781 686 755 787 821 853 793
763
758
837
737 835 805 686 792 824 828
840 747
812
838
780 792 805 807 815 819 823 824 828 835 709 728 754 764
687 840 856 747
830
839
768 714 686 689 822 702
771 806 712 818 725 767
733
840
779 780 805 686 819 823 697 828 837 709 838 713 848 739 754
803 688 696 698 708 747

841
686


842
794 800 805 686 814 824 697 826 705 711 719 853 745
773 810 694 695 696 829 701 834 724 738 752 760 761
734
843
737 705 709 807 686 823 824 764 765 703
774

844
705 805 713 778 686 848 693 824 697 828
834 695
830
845
770 772 745 780 686 719 703 755 820 799
688 849 694 727 701

846
686 828
785 727
734 830
847
805 686 828 705 710 711 713 853 745 756
810 694 695 829 834 706 727 731 752 766
830 734
848
704 709 844 686 719 754 819 820 824 828
744 840 747 721 724 761

849
770 781 783 787 793 686 820 824 697 827 828 705 716 845 719 755
804 708 723 730 747 748 763 766
830 734 758
850
686 817 822 792 793
771 806 816

851
800 713 828 686


852
686 717 798 855


853
795 800 805 814 815 820 823 828 836 711 713 842 719 745
773 774 810 690 694 695 829 831 706 847 722 724 726 727 738 752 766
784 830 734
854
686


855
852 717


856
772 800 807 811 815 819 823 697 828 703 838 728 753
769 774 804 810 687 825 708 729 735 747
830
