34

428 173 414

173

34 549 464 348 414

198
393 564
549 348 476

348
521 528 537 542 548 553 555 560 564 565 566 567 571 572 198 353 356 360 362 370 371 373 381 385 390 392 393 399 410 411 412 416 417 423 442 446 461 463 468 472 473 492 498 499
512 514 516 517 518 519 522 523 525 526 529 530 532 533 534 535 536 538 540 541 544 545 551 554 556 558 559 561 563 568 570 173 349 350 351 352 354 355 357 363 364 366 367 368 369 372 374 375 376 377 378 380 382 383 387 388 389 391 394 395 396 397 400 402 403 404 405 406 407 408 409 413 414 418 419 420 421 424 425 426 427 428 430 431 432 433 434 435 436 437 438 439 440 444 445 448 449 450 451 455 456 459 460 462 465 466 467 469 470 471 474 476 478 479 480 482 484 485 486 489 490 491 493 494 496 501 502 504 505 506 507 508 509 510 511
447
349

434 348 478 534

350
528 497
384 546 419 484 519 552 426 397 561 563 369 531 348 543
527
351
564
364 348 454

352
492 503 412 542
517 408 394 479 493 494 462 431 536 348 375

353
524 537 412 560 566 567 446 492 497 370 503
513 514 515 517 391 520 394 526 404 408 409 540 544 420 428 430 431 559 561 432 460 462 471 475 348 482 483 487 493 366 496 500 376

354
547 555 463 497
396 397 403 557 450 452 458 474 348 481 355 359 376 507 510

355
412 547 548 553 555 565 463 497 373
519 396 397 403 531 546 418 557 452 455 460 470 475 348 481 354 359 489 361 367 500 376 510

356
472
348

357

477 419 389 486 551 424 554 459 369 469 505 348 509

359
555
391 396 530 403 531 405 422 557 562 452 455 470 474 475 354 355 361 489 491 367 376

360
524 542 417 548 553 555 565 567 442 461 463 362 373
513 514 387 388 520 395 523 402 543 544 415 422 558 432 438 570 444 348 495 506 507 510

361
463
481 450 355 376 359 519 489 531 500 568 474 475

362
360 492 463 560 371 373 412 473 542
482 558 413 535 348 445

363
385 521 524 542 417 566 461 463 492 497 370 373
514 515 388 525 526 402 538 414 419 559 432 436 444 455 348 481 482 483 484 487 493 366 367 368 506 500 374 376 378

364
393 399
441 348 351

365

408 520 556

366
412 542 417 548 553 555 566 446 353 497 503
513 514 517 391 520 394 395 526 400 402 404 538 539 544 430 559 431 434 436 438 460 475 348 482 483 484 363 493 368 496 374 376 378

367
416 547 555 566
519 391 396 525 403 546 422 455 474 475 348 481 355 483 376 359 489 491 363 502 504 378

368
521 412 416 553 371
517 395 525 398 404 536 409 538 559 456 462 348 363 493 366 494 374 375 378
527
369
381
509 516 518 397 407 419 551 424 561 433 563 435 455 457 469 348 477 350 357 486 380

370
392 524 412 542 416 417 548 423 553 555 567 566 461 353 492 497 373
514 515 520 395 525 523 402 540 413 544 419 420 428 430 431 432 561 438 439 451 452 458 469 471 475 348 483 363 374 376 506 507
527
371
362 542
368 348

372
547 429
545 421 422 455 460 558 530 531 348 568 539 444 543

373
390 392 524 528 412 542 417 548 423 553 565 567 463 360 362 492 497 370 498
513 514 387 388 517 391 520 523 397 400 408 413 414 544 546 545 425 556 428 558 431 559 561 434 563 436 439 450 456 460 465 475 348 355 483 491 363 496 500 502 374 376 506 507
527
374
521 524 412 417 553 565 566 567 461 463 492 497 370 373
513 514 515 517 391 520 523 525 526 402 414 544 545 418 420 556 430 431 561 563 439 569 570 438 444 451 456 460 465 475 348 482 483 488 363 378 366 368 504 506 507 510

375
503
352 484 456 525 526 431 368 493 494 398 404 409 538 348

376
547 548 566 567 353 370 373 390 410 412 417 442 446 461 473 492 497
513 514 515 517 519 520 523 525 526 531 538 544 545 556 557 561 563 348 354 355 359 361 363 366 367 378 388 391 394 395 396 397 400 402 405 413 414 419 420 426 428 431 432 436 438 439 444 450 452 456 458 460 475 481 482 483 487 488 489 490 491 496 500 502 506 507 511
527
377

348

378
524 542 423 553 566 461 492 497
513 514 515 391 394 400 414 544 426 428 431 559 561 434 563 436 452 456 471 475 348 482 483 484 488 363 366 495 367 496 368 500 374 502 376
527
379

532

380

516 389 486 457 554 369 505 348 509

381

424 457 554 369 469 348 509

382
547 555 410
452 474 403 500 531 470 348

383

387 348

384

552 350 464

385
423 524
483 363 436 507 348

386

401

387
524 412 417 567 461 360 373
514 520 395 525 402 406 415 544 428 556 559 561 438 444 348 507 383

388
537 412 548 566 567 463 360 492 497 373 503
400 404 544 421 557 444 445 450 465 475 348 483 487 363 500 376 507

389

516 357 486 551 424 457 554 518 397 435 469 348 505 380

390
373
475 376 539 348

391
524 412 548 566 567 446 353 492 497 373
512 514 515 394 525 539 556 428 559 561 563 456 458 460 475 348 482 483 484 359 487 491 493 366 367 500 502 374 376 378
527
392
537 412 423 553 566 567 473 370 373
514 515 394 404 538 556 428 430 431 559 561 456 460 475 348 483 487 493 500 506

393
198 564
364 501 441 348

394
392 542 566 353 492 503
512 513 515 517 391 520 400 408 538 414 544 559 436 438 348 352 488 366 376 378 511

395
524 537 412 542 417 423 553 567 360 497 370
512 513 387 515 517 523 525 398 400 402 404 536 538 408 413 414 544 545 419 421 422 425 428 430 431 561 436 438 451 452 456 460 465 471 348 483 366 495 368 376 506 507 511
527
396
410 547 548
531 403 546 422 557 568 450 470 474 475 348 481 354 355 359 489 367 500 376 510

397
373
513 514 516 389 518 523 402 531 543 544 418 546 420 419 554 426 557 563 439 457 458 469 348 477 350 481 354 483 355 485 369 376 506 507 509

398
412 497 503
512 395 525 526 404 408 536 538 545 430 559 431 561 445 462 479 375 484 488 368 511
527
399
564
364 348 441 476

400
524 537 412 542 553 566 567 461 492 497 373
512 514 515 388 517 394 395 525 404 408 538 539 409 414 544 415 420 421 556 428 559 432 561 434 431 438 444 456 475 348 484 488 493 366 506 376 378 511

401
386


402
524 412 542 417 566 567 463 360 497 370
513 514 387 515 520 523 395 397 413 415 544 545 421 422 425 558 559 432 561 563 436 438 570 444 451 458 460 465 475 348 482 363 493 366 495 500 374 376 506 507 508

403
547 553 555 497
354 355 452 359 519 489 396 367 470 475 348 382

404
392 537 353
515 388 395 525 526 398 400 408 536 538 409 419 421 556 428 559 431 440 444 445 456 465 348 479 482 483 484 487 493 494 366 368 500 375 506 511

405

513 418 359 531 376 348 478

406

387 532 437 348

407
528
426 490 458 369 563 533 504 348 510 543

408
524 417 560 461 473 353 373
512 514 517 394 395 525 526 398 400 404 409 538 545 419 556 428 430 559 561 431 438 439 440 444 445 456 465 348 479 352 483 484 488 365 493

409
521 412 353 492 497 503
512 515 517 400 404 536 408 538 419 431 561 460 462 348 375 479 487 493 368 500

410
547 555 463
376 396 557 500 568 474 348 382

411
498
348

412
392 524 528 537 542 417 547 548 423 416 560 565 567 442 473 353 362 492 370 373
512 513 387 515 517 388 391 520 395 525 526 400 529 402 398 533 409 538 414 544 418 549 422 428 431 432 434 561 436 438 569 455 456 348 352 481 483 484 355 376 488 493 366 496 368 500 374 504 506
527
413
362 463 370 373 542
448 395 460 465 402 535 376 348 445

414
524 412 542 423 553 566 461 492 373
513 514 515 394 395 400 544 34 427 556 173 558 559 561 434 563 436 438 465 475 348 480 363 496 506 500 374 376 378

415
360 463 473
545 387 421 520 460 556 558 400 465 402 535 444 445

416
417 370 537 412
557 494 367 432 569 368 563 348

417
524 537 412 542 416 553 560 567 461 360 492 497 370 373 503
514 387 515 517 520 523 395 402 408 538 545 544 428 556 431 561 559 438 570 444 445 456 460 475 348 479 483 363 366 495 500 374 376 506 507 508 511
527
418
412 547 553 555 497
514 397 405 544 557 432 465 475 348 481 355 374 504 506 510

419
537 423 565 567 370 503
517 518 395 525 526 397 404 536 409 408 540 544 422 424 551 428 430 559 431 561 440 452 456 469 475 348 350 483 357 487 488 363 493 369 376 505
527
420
537 553 566 567 353 370
513 514 397 400 556 430 432 563 439 451 465 471 348 484 374 376 506 507

421

388 395 400 402 404 415 543 545 558 563 570 444 445 455 457 465 348 487 493 372 504

422
412 547 553 555 360 497
520 395 523 396 402 545 546 419 432 561 438 570 444 449 455 460 474 359 489 367 372 504

423
385 392 412 553 560 461 473 492 370 373 503
513 517 395 523 525 538 414 419 425 428 556 430 558 559 561 431 436 444 465 475 348 378 500 506
527
424
381
509 419 516 357 389 486 551 457 554 369 469 505 348

425
423 373
427 523 395 460 428 434 402 534 439 570 348 477 479

426
524
544 471 376 510 525 397 431 531 407 504 378 348 350

427

425 428 496 464 563 348 414

428
392 412 542 417 423 553 461 463 473 353 492 370 373
512 513 514 515 387 517 391 520 395 523 525 526 400 404 408 544 545 34 419 425 427 558 430 431 434 563 436 570 444 451 452 456 460 465 475 348 479 482 484 378 500 376 506 507 508 511

429

481 455 522 529 466 531 372 504 539

430
392 423 553 566 353 497 370
514 395 398 526 408 541 419 420 428 559 432 561 439 569 451 465 469 348 483 484 493 366 374

431
392 412 417 423 566 472 353 503 497 370 373
513 514 515 517 395 525 398 400 404 408 536 409 545 419 426 556 428 559 561 563 436 438 440 456 465 471 475 348 479 352 482 483 484 487 493 378 366 500 374 375 376 506 507
527
432
521 412 416 553 566 353 360 370
513 514 525 400 402 541 544 418 545 420 422 557 430 561 563 439 438 569 570 444 451 452 455 465 471 475 348 482 483 363 376 506 507
527
433
528
455 369 563 533 504 348 510

434
412 566 492 373
515 523 400 534 414 425 428 559 563 436 456 458 475 348 349 490 366 506 378

435
555 497
389 518 459 369 348

436
385 412 542 423 553 566 461 492 497 373
513 517 394 395 402 414 556 428 431 559 561 434 438 465 475 348 478 483 484 488 363 366 496 506 376 378 507
527
437
453 463 498 499
462 467 532 406 348

438
521 524 412 417 548 553 566 446 461 473 360 492 497 370 503
513 514 387 517 520 394 395 400 402 408 414 546 422 556 431 559 561 432 563 436 444 452 460 465 475 348 483 488 366 495 496 500 374 376 506 507 511

439
542 553 566 442 461 473 370 373
513 514 517 520 523 525 397 408 538 544 420 425 430 432 561 563 570 444 445 456 458 465 471 475 348 477 487 500 374 376 506 507
527
440

449 419 484 456 525 493 431 496 404 348 408 538 508 479

441
393 399
476 364

442
360 412
523 460 563 439 376 475 348

443
453


444
417 423 473 360 503
387 388 520 400 402 531 404 408 538 415 544 421 422 428 556 432 438 439 570 445 449 460 475 348 483 487 488 504 363 372 500 374 376 506 507

445
542 417 560 463 473 362 492
388 520 398 404 535 408 413 415 421 556 439 444 460 465 348 487 493 495 500

446
353 548 492
482 515 483 391 487 490 491 366 438 376 539 348

447

348

448

348 413

449

422 440 563 504 444 507 348

450
463 497 373
354 388 452 519 361 396 531 500 475 376 474 539 348

451
553 370 503
513 395 402 544 420 428 556 430 432 561 569 465 471 348 493 374 506 507

452
521 553 555 566 463 497 370
513 510 519 395 403 544 546 419 428 557 559 432 438 450 465 470 354 355 359 489 500 376 378 382

453

443 437

454
564
351

455
528 412 553 429 565 497
522 541 543 546 421 422 557 432 433 563 568 348 355 359 363 367 369 500 372 504 506

456
392 537 412 417 553 566 473 497 373
512 513 391 520 523 395 525 400 404 408 538 419 428 559 431 561 434 563 439 440 460 462 465 348 479 484 493 494 495 368 506 496 374 375 376 378 511

457
381
516 389 421 551 424 486 518 459 397 369 563 469 380 509

458
553 555 497 370
514 515 391 397 402 407 545 434 439 469 470 475 354 489 496 376 507 510

459

516 357 518 551 457 563 435 348

460
392 521 542 417 547 553 560 567 442 461 463 353 497 373
514 515 517 391 520 523 395 402 535 409 413 415 543 545 544 422 425 428 559 438 570 444 445 456 465 348 479 482 355 366 495 372 374 376 506 507 508

461
524 542 417 423 553 567 463 360 492 497 370
513 387 517 520 523 525 400 408 414 544 428 559 436 438 439 460 465 471 475 348 363 378 374 376 506 507
527
462
353
352 512 517 487 456 525 494 398 368 532 437 409 538 348

463
524 410 547 555 461 473 360 362 373
388 517 519 402 531 413 415 428 557 437 570 445 450 452 460 475 348 481 354 483 355 361 363 489 500 374 504

464

552 384 427 173

465
537 423 566 567 461 473 373 503
513 515 388 517 395 525 526 402 404 535 408 538 413 414 415 544 418 420 421 428 556 558 559 432 561 430 431 436 557 438 439 569 570 445 451 452 456 460 471 475 348 483 484 487 493 495 500 374 506 507 511

466
429
481 522 531 504 539 348

467
572
348 532 437

468

348

469
553 370 497 381
516 389 518 397 540 419 424 554 430 563 457 458 348 357 486 369 505

470

355 452 359 519 458 396 562 403 507 348 382

471
524 553 566 567 461 353 370
513 514 515 395 420 426 431 432 561 559 563 439 451 465 475 348 378 507

472
356 567
431 533 348

473
392 412 423 560 463 362 503
515 525 535 408 539 415 428 556 561 438 439 444 445 456 465 348 483 495 376
527
474
547 548 410
354 450 546 422 359 489 361 396 367 531 475 348 382

475
390 392 524 542 417 547 423 553 555 565 567 442 566 461 463 353 497 370 373
513 514 515 388 517 391 519 523 396 525 400 402 403 531 414 544 418 419 546 428 557 556 559 432 431 434 563 436 561 439 438 444 450 458 465 471 474 481 482 483 484 355 359 488 361 489 487 366 367 496 506 500 502 374 376 378 507

476
198 399
501 441 348

477

516 485 518 357 425 554 397 369 563 439

478

496 436 405 534 348 508 349

479
542 417 492 503
512 513 517 520 525 398 404 408 409 538 545 425 428 431 440 456 460 348 352 483 484 493 511
527
480

563 348 540 414 543

481
412 547 429 463
519 522 396 397 531 539 418 466 475 354 355 504 489 361 363 367 376

482
548 446 353 362 497
515 517 391 525 402 404 428 556 431 432 460 475 348 483 363 366 496 374 376 378 507

483
385 392 537 412 417 553 560 566 567 446 463 473 353 492 370 373 497
513 388 517 391 520 395 397 526 525 404 408 538 544 419 430 431 432 559 561 436 438 444 465 475 479 482 484 363 493 366 367 496 494 506 500 374 376 378 507
527
484
537 412 560 567 497
514 515 517 391 520 526 398 400 404 408 536 538 544 420 428 430 431 436 440 456 465 475 348 350 479 483 363 493 366 494 506 500 375 378 511
527
485

518 397 563 348 477

486

516 389 357 551 424 457 369 469 348 505 380 509

487
392 446 353 492 503
388 391 525 404 409 419 421 556 559 431 439 444 445 462 465 475 363 493 500 376

488
524 412 497
512 513 517 394 398 400 408 419 556 436 438 444 475 496 374 376 378 511
527
489
547 555 463
519 396 403 531 535 422 557 452 458 474 475 348 481 355 359 361 367 376

490
548 446
491 434 502 407 376 348

491
548 373 446
359 391 490 367 502 376 348

492
412 417 423 553 560 566 567 446 461 353 362 497 370 373 503
513 515 388 517 391 394 400 409 414 544 428 559 561 434 436 438 445 348 479 352 483 487 363 378 495 500 374 376 506

493
392 412 560 353
514 517 391 400 402 404 536 409 538 539 408 545 419 421 556 557 430 431 561 440 445 451 456 465 348 479 352 483 484 487 363 366 368 500 375 507 511

494
416 497 503 537
352 483 484 517 456 462 559 368 561 404 536 538 348 375

495
417 360 492 473 542
514 520 456 395 460 558 465 402 570 438 378 507 445

496
412 553 565 566 353 497 373
513 514 515 523 414 427 436 438 440 456 458 475 348 478 482 483 488 366 378 376 506 507 508

497
524 537 542 417 555 565 566 567 461 353 492 370 373 503
388 517 391 520 395 525 526 398 400 402 403 523 409 538 544 546 418 545 422 557 430 431 559 561 435 436 438 570 450 452 455 456 458 460 469 475 350 482 355 484 483 354 488 363 366 378 496 494 500 374 376 506 507 510
527
498
373 411
532 437 348

499

532 437 348

500
521 392 524 537 410 412 542 417 547 548 423 553 560 565 463 353 492 497 373 503
513 388 517 391 520 396 525 402 531 404 409 414 546 428 557 556 431 563 438 439 444 445 450 452 455 465 475 483 484 355 487 361 363 493 506 376 378 507 382

501
393 564
476 348

502
548 373
391 490 491 367 376 539 378 475 348

503
524 537 542 417 423 566 473 353 492 497
513 514 388 517 394 398 526 538 409 539 419 556 557 559 431 438 444 451 465 479 352 487 494 366 500 375 511

504
521 528 412 547 548 553 555 429 571 463
522 531 407 539 541 543 544 418 421 422 426 433 562 570 444 449 455 466 348 481 367 374 506 507 510

505

419 516 357 486 389 424 551 554 469 348 380 509

506
521 392 524 537 412 417 423 553 566 461 360 492 497 370 373
513 514 517 519 520 395 525 397 400 402 404 414 544 545 418 420 428 557 431 432 559 434 563 436 438 439 444 451 455 456 460 465 475 348 483 484 504 363 496 500 374 376 508
527
507
385 524 417 553 565 566 461 360 497 370 373
514 513 388 517 387 515 520 523 525 526 397 395 402 544 420 556 557 428 431 432 561 563 436 438 439 570 444 449 451 458 460 465 470 471 475 348 482 483 354 504 493 495 496 500 374 376 510

508
417 542
544 478 520 428 460 496 402 563 534 440 506 348 541

509
381
516 357 486 518 424 457 554 551 397 369 348 505 380

510
521 553 555 360 497
396 533 407 418 426 433 563 452 458 348 354 355 374 504 507

511
417 503
512 517 394 395 398 400 404 536 538 545 428 556 559 561 438 456 465 348 479 484 488 493 376

512
412
513 515 517 391 394 395 525 526 398 400 536 408 409 556 428 561 456 462 348 479 488 511

513
524 537 412 542 423 553 566 567 461 353 360 492 373 503
512 515 517 394 395 525 397 523 402 405 414 544 420 428 557 431 432 436 439 438 451 452 456 465 471 475 479 483 488 366 378 496 500 374 376 506 507
527
514
392 524 537 417 548 566 353 360 370 373 503
387 391 520 397 525 400 402 408 538 541 414 544 418 420 428 430 559 432 561 431 438 439 569 570 458 460 471 475 348 484 363 493 366 495 378 496 374 376 506 507
527
515
392 524 412 417 553 555 566 446 473 353 492 370
512 513 519 391 394 395 525 400 402 404 409 414 545 428 431 434 458 460 465 471 475 482 484 363 496 374 376 378 507
527
516

509 389 486 551 424 457 554 459 397 369 563 469 348 505 380 477

517
524 537 412 417 423 566 461 463 353 492 497 373 503
512 513 520 394 395 525 526 400 408 538 409 536 544 545 419 556 428 559 431 561 436 438 439 460 462 465 475 348 479 352 482 483 484 488 493 494 366 368 500 374 376 506 507 511
527
518

477 419 485 389 551 457 554 459 397 369 435 563 469 348 509

519
547 548 555 463
515 403 531 546 557 450 452 470 475 348 350 481 355 489 361 367 376 506

520
412 542 417 553 567 461 353 360 497 370 373
514 387 517 394 523 402 415 544 545 422 428 561 563 438 439 570 444 445 456 460 479 483 484 365 366 495 500 374 376 506 507 508
527
521

544 452 363 460 432 368 500 438 374 504 409 506 348 510

522
429
481 546 455 568 529 466 531 504 539 348

523
417 423 553 442 461 360 497 370 373
513 520 395 397 402 534 544 422 425 428 561 434 563 439 456 460 475 348 496 374 376 507

524
385 412 542 417 553 567 461 463 353 360 497 370 373 503
514 513 387 517 515 391 395 525 400 402 408 414 544 426 561 438 471 475 488 363 378 500 374 506 507

525
524 537 412 542 548 423 566 567 461 473 497 370
512 513 514 515 387 517 391 395 398 400 404 408 538 544 545 419 426 428 559 432 431 563 439 440 456 462 465 475 348 479 482 483 487 363 367 368 500 374 375 376 506 507
527
526
412 553 566 353 497 503
512 517 398 404 408 538 419 428 430 559 561 465 348 375 483 484 363 366 374 376 507

527
412 417 423 553 567 461 473 497 370 373
513 514 515 517 391 520 395 525 398 538 419 559 431 561 432 436 439 350 479 483 484 488 378 368 376 506

528
553 373 412
455 433 563 348 407 504 350 543

529
429 412
522 531 348 539

530

372 348 359

531
547 555 429 463
519 522 396 397 529 405 539 543 546 426 557 563 570 444 450 466 474 475 350 481 355 359 504 489 361 372 500 376 382

532
498 499 379
462 467 437 406 348

533
472 412
407 433 348 510

534

425 523 508 434 563 348 349 478

535
362 473
489 460 465 348 445 413 415

536

352 512 545 419 484 517 395 493 398 494 368 431 404 409 538 348 511

537
392 412 416 417 566 353 497 503
513 514 388 517 395 525 400 404 538 545 419 420 559 561 456 465 348 483 484 494 500 506

538
392 537 412 542 417 423 560 497 503
514 517 394 395 525 526 400 398 404 408 536 409 559 561 439 440 444 456 462 465 348 479 375 483 484 363 493 494 366 368 376 511
527
539
390 429 560 446 473 503
391 522 400 529 531 568 450 466 481 493 366 372 502 504

540
353 560 370
480 419 559 469 348

541

514 455 504 430 432 563 348 568 508

542
524 412 417 553 560 567 461 360 362 497 370 371 373 503
513 520 394 395 525 400 402 538 413 414 556 428 561 436 439 445 460 475 348 479 352 363 366 495 500 378 508

543
360 528
480 545 546 421 455 460 397 558 531 372 407 504 570 350

544
521 524 412 417 553 566 461 353 360 492 497 370 373
513 514 387 388 517 520 394 523 525 397 395 400 402 414 545 418 419 426 428 557 559 432 561 563 439 570 444 451 452 460 465 475 348 483 484 504 366 506 374 376 378 507 508

545
537 417 497 373
515 517 520 395 525 398 402 536 408 543 544 415 421 422 428 558 431 432 561 559 570 458 460 348 479 493 372 374 376 506 511

546
547 555 497 373
519 522 396 397 531 543 422 563 438 452 455 474 475 350 355 367 500

547
410 412 463
519 396 531 403 546 418 422 557 460 474 475 481 354 355 376 489 367 372 500 504 382

548
412 446 360 370 373
514 388 391 519 396 525 556 438 474 348 482 355 376 490 491 366 500 502 504

549
412 198
563 173

551

419 516 389 357 486 518 424 554 459 457 369 505 348 509

552

464 384 350

553
392 524 528 542 417 423 555 560 565 567 566 461 360 492 370 373
513 515 520 395 523 526 400 403 414 544 418 420 422 556 428 558 559 432 561 430 436 438 439 569 570 451 452 455 456 458 460 469 471 475 348 483 355 366 368 496 506 500 374 504 378 507 510
527
554
381
477 516 389 518 551 424 357 397 563 469 348 505 380 509

555
410 553 463 360 497 370
382 515 519 531 403 546 418 422 557 435 452 458 475 348 354 355 359 489 366 367 504 510

556
392 542 417 548 423 553 473 373 503
512 387 517 391 400 404 408 414 415 420 431 559 563 436 438 444 445 451 465 475 348 482 487 488 365 493 500 374 376 507 511

557
410 416 547 555 463 497 503
513 388 519 396 397 531 544 418 432 570 452 455 465 475 354 355 359 489 493 500 376 506 507

558
423 360 553 362 373
545 421 428 543 495 465 402 372 570 348 414 415

559
392 537 417 423 553 566 567 461 353 492 497 373 503
514 387 517 391 394 525 398 400 526 402 404 408 538 540 414 544 545 419 556 430 431 561 434 436 438 452 456 460 465 471 475 348 483 487 363 366 494 368 378 506 511
527
560
412 542 417 423 553 565 473 353 362 492
408 538 539 540 561 445 460 348 483 484 493 500

561
392 524 537 412 542 417 423 553 560 566 473 353 492 497 370 373
512 514 387 517 391 520 395 523 526 400 398 402 408 409 538 414 544 545 419 422 430 431 432 559 436 439 438 451 456 465 471 475 348 350 483 493 494 369 374 376 378 507 511
527
562

504 470 359

563
528 416 442 373
516 518 391 520 523 397 525 402 531 534 407 541 414 544 546 420 421 549 554 427 428 556 431 432 433 434 438 439 569 449 455 456 457 459 469 471 475 348 477 350 480 485 378 369 500 374 376 506 507 508 510

564
198 393 399
454 501 348 351

565
360 553 497 560 373 412
419 355 455 496 500 374 507 348 475

566
392 537 553 567 353 492 497 370 503
513 514 515 388 517 391 394 525 526 400 402 414 544 420 430 431 432 561 434 559 436 438 439 452 456 465 471 475 348 483 363 366 367 496 378 374 376 506 507

567
392 524 412 542 417 553 566 461 472 353 360 492 497 370 373
513 387 388 391 520 395 525 400 402 419 420 559 460 465 471 475 348 483 484 374 376
527
568
410
455 361 522 396 372 539 348 541

569
416 553 412
514 451 430 432 465 563 374

570
417 553 463 360 497
514 520 402 531 543 544 545 421 422 425 428 557 558 432 439 444 460 465 348 495 374 504 507

571

504 348

572

467 348

