34

348 173 414

173

464 34 427 414

198
393 399 564
549 364 501 348 441 476 351

348
524 537 547 548 553 555 560 564 566 567 571 572 198 353 356 362 371 373 379 381 385 392 393 399 410 412 416 417 423 429 442 446 453 463 472 473 492 497 498 499 503
512 513 514 515 516 517 519 520 522 523 526 530 531 532 533 534 535 536 538 539 543 545 34 546 549 551 556 557 558 559 561 562 568 569 570 350 351 354 355 357 359 361 363 364 365 366 367 368 369 372 375 376 377 382 383 389 391 394 395 397 398 400 402 403 404 405 406 408 409 414 415 418 419 420 422 424 425 427 428 431 432 433 436 438 439 440 441 444 445 451 452 454 455 456 457 458 459 462 465 467 469 470 471 474 475 477 478 479 480 481 482 483 484 485 486 487 488 489 490 493 494 495 496 500 501 504 505 508 510 511
527 358 447
349

508 478 534

350
497
546 419 484 455 552 519 433 561 563 369 531 407 504 348

351
198
348 454

352
492 503 542
484 408 456 394 525 398 494 368 404 536 409 538 479

353
524 412 542 417 566 567 492 497 370 373 503
513 514 515 388 394 526 400 404 408 409 538 540 544 419 431 559 432 462 471 475 348 482 483 484 363 366 496 500

354
555 497
382 519 396 397 531 557 450 452 458 470 474 348 481 355 359 361 489 500 376 510

355
528 410 547 548 553 555 463 497 373
515 402 403 531 543 418 452 455 460 470 474 475 348 354 359 489 361 367 376 382

356
411
348

357

477 419 516 518 551 424 457 486 459 554 397 369 563 469 505 348 509

358

348

359
547 555
391 530 403 531 546 422 557 562 452 455 470 348 481 354 355 361 489 491 367

360
524 412 542 417 548 553 567 442 461 463 362 497 370 373
513 387 388 520 395 402 543 415 422 428 432 561 570 444 460 365 495 376 507

361
547 555
519 396 530 405 557 562 568 450 470 474 475 348 481 354 355 359 376

362
360 492 463 371 373 473 542
482 460 495 413 535 570 348 445 415

363
521 524 412 417 553 565 566 461 353 492 497 373
514 515 388 517 525 526 402 409 414 544 559 432 561 436 444 455 475 348 482 483 484 481 487 493 366 506 500 376 378 507
527
364
198 393 399 564
501 348 441 476

365
360
513 520 556 408 348

366
524 412 417 555 566 353 492 373 503
513 515 517 520 395 526 400 402 408 538 539 544 428 430 559 434 436 438 460 475 348 482 483 484 363 368 496 376 378

367
412 416 547 548 553 566 373
519 391 396 525 546 452 455 475 348 481 355 376 359 490 491 504 378

368
416 503 497
517 525 526 404 536 408 409 538 419 431 559 456 462 348 479 352 493 366 494 500 374 375 378
527
369
442 381
509 389 407 419 551 554 561 433 563 435 469 348 350 357 486 378 380

370
392 524 412 542 417 423 555 565 566 461 353 360 492 497
514 387 388 515 520 397 525 402 540 414 415 544 419 420 428 430 559 432 561 563 436 438 439 451 452 456 458 460 465 469 471 475 506 374 376 378
527
371
362 542
460 348

372
547 429 410
545 422 455 460 530 568 570 539 348 543

373
390 392 524 412 542 417 423 566 446 461 473 353 360 362 492 497 498
513 514 515 388 517 387 395 525 523 400 402 413 414 544 546 421 425 556 428 559 434 563 436 438 450 456 471 475 348 355 363 366 367 496 506 500 502 374 376 378 507
527
374
521 412 417 553 461 463 492 497 370 373
513 514 515 517 520 523 526 535 544 545 419 420 556 430 559 432 561 431 563 438 439 569 570 444 451 456 475 482 483 496 506 500 368 376 378 510
527
375
503
484 456 525 526 431 368 494 398 408 409 538 348 479

376
524 542 548 553 555 566 360 370 373 390 410 412 417 423 446 461 463 473 492
513 517 525 526 531 538 544 545 546 556 557 559 561 563 570 348 354 355 361 363 366 367 374 387 388 391 394 395 397 400 402 419 420 426 428 431 434 436 438 444 450 452 456 458 460 465 471 475 481 487 488 491 496 500 502 506 507 511
527
377

348 383

378
524 412 542 417 423 553 566 492 370 373
513 514 517 394 400 414 544 428 559 561 434 563 452 465 471 484 487 488 363 366 495 367 369 368 500 374 502 506
527
379

348 532

380

516 389 518 486 424 554 369 505 509

381

419 516 389 486 551 424 457 369 469 348 509

382
547 410
354 355 474 403 500 470 348

383

377 348

384

552 464

385
423 524 461
483 436 507 348

386

401 532

387
412 417 567 461 360 370 373 503
513 514 517 520 523 400 402 408 415 544 428 556 561 436 438 570 444 465 376 506 507

388
537 548 567 463 353 360 492 370 373 503
513 523 400 404 415 544 559 438 444 445 450 452 483 487 363 493 496 500 376 507

389
497 381
509 419 516 486 551 424 457 554 459 397 369 435 469 348 380

390
373
376 450 539

391
524 412 417 548 423 553 566 567 492 497 503
513 515 517 394 525 400 539 414 544 556 428 431 559 561 438 456 458 465 475 348 482 483 484 359 488 490 493 367 500 502 376 506

392
412 542 423 553 560 567 473 492 497 370 373 503
514 525 404 538 556 428 431 559 561 436 456 460 465 475 348 482 487 493 500 506
527
393
198 399 564
364 501 441 348

394
542 566 353 492
513 515 517 391 398 408 414 556 559 438 475 348 479 352 488 376 378 511

395
524 537 412 542 417 423 553 560 461 463 360 497 373
512 513 514 520 523 398 400 402 404 536 538 408 544 545 419 421 422 425 556 428 430 559 431 436 451 460 465 471 348 479 483 488 366 376 506 507 511

396
410 547 548 555
519 531 403 546 422 557 568 570 450 474 475 481 354 361 489 367 500

397
370
514 389 518 523 402 531 541 419 420 421 422 554 426 557 432 563 439 570 444 449 348 477 481 354 483 357 504 376 506 507 510

398
412 497 503
512 517 394 395 525 526 404 536 409 538 545 430 559 431 561 445 456 462 348 479 352 375 488 493 494 511
527
399
198 393 564
364 501 348 441 476

400
524 537 412 542 417 553 567 461 353 492 497 373 503
513 387 388 515 517 391 395 525 404 408 538 539 414 415 419 421 556 428 431 561 436 444 445 456 465 475 348 482 484 487 488 493 366 506 500 376 378 511

401
386


402
524 412 417 553 463 360 370 373
513 514 387 515 517 520 395 523 397 413 543 415 545 544 421 425 428 558 432 561 563 436 438 570 444 451 460 465 475 348 355 363 493 366 495 376 507 508

403
547 553 497
546 515 452 355 382 359 489 458 396 470 348 510

404
392 537 542 560 566 353 503
512 515 388 395 525 526 398 400 536 408 538 409 415 545 419 421 556 428 559 561 444 445 452 456 462 465 348 352 482 483 484 487 493 494 496 368 500 511

405

513 418 361 428 563 531 568 348 478

406

348 437

407
528
513 455 426 490 433 369 533 350 543

408
524 537 412 417 560 461 353 503
512 513 514 387 517 520 394 395 525 526 400 404 536 538 409 545 419 428 559 561 431 438 439 445 465 348 479 352 483 484 487 488 365 366 493 368 500 375 511

409
412 542 353 492 497
512 515 517 525 398 526 404 536 408 538 419 431 561 456 460 462 348 479 352 487 363 493 494 368 500 375

410
547 548 463
355 376 396 557 372 500 568 474 475 348 382

411
498 356


412
392 524 528 537 542 416 417 547 548 423 555 560 565 566 461 473 353 360 492 370 373 503
512 387 515 517 391 520 523 525 526 400 529 402 398 533 408 409 538 414 549 422 428 430 559 558 431 432 434 438 569 452 395 455 460 348 482 483 484 376 487 363 493 494 367 496 366 500 374 504 378 507
527
413
362 461 463 373 473
460 465 402 445 415

414
524 412 423 553 566 567 461 492 370 373
514 515 391 394 400 544 34 422 427 428 173 556 431 561 434 563 436 438 465 475 348 483 363 496 506 378

415
542 463 360 362 370
387 388 520 400 402 404 535 413 545 421 428 556 558 563 444 445 460 348 495

416
417 567 497 503 412
483 419 493 430 367 557 465 368 500 494 563 348

417
524 537 412 542 416 553 560 566 567 461 353 360 492 497 370 373 503
513 514 387 515 517 391 523 395 400 402 408 538 545 544 421 428 556 431 561 559 438 444 445 456 460 465 475 348 479 363 493 378 366 495 500 374 376 506 507 508
527
418
553 555 463
544 481 514 355 504 523 557 432 405 568 475 348 510

419
537 416 423 565 567 353 492 370 503 381
513 516 389 518 517 395 397 526 400 404 536 538 409 540 408 551 430 559 431 561 440 456 469 471 475 348 350 483 484 357 486 487 488 368 369 374 376
527
420
524 553 567 370
513 514 397 556 430 563 439 569 471 348 483 484 374 376 506 507

421
417 373
455 415 395 397 493 400 402 563 500 404 504 570 444 543

422
412 547 553 555 360
520 395 396 397 414 546 432 438 444 449 455 460 348 481 483 359 489 372 504

423
385 392 524 537 412 553 567 461 473 492 497 370 373
513 517 391 395 523 525 538 414 419 425 428 556 430 558 559 561 436 444 456 465 348 484 378 500 376 506
527
424
381
509 516 357 518 389 486 551 554 435 469 348 505 380

425
423 553 373
520 456 427 523 395 428 434 563 402 534 439 570 348 477 479

426

544 513 546 455 397 431 563 407 376 510

427

549 425 428 173 496 348 414

428
392 524 412 417 542 423 567 461 463 360 497 370 373
512 513 515 387 391 520 395 525 526 400 402 404 405 408 414 415 544 545 549 425 427 558 559 432 561 430 563 431 438 444 451 452 456 460 465 475 348 479 482 484 366 378 500 376 506 507 508 511

429

481 455 522 529 531 372 504 539 348

430
537 412 416 423 553 566 370 503
395 525 398 526 541 419 420 428 559 432 563 439 451 456 471 493 366 374

431
392 537 412 417 566 472 353 503 492 497
512 517 391 395 525 398 400 408 538 536 409 414 419 426 556 428 432 561 434 563 436 438 456 462 465 471 348 479 484 487 493 368 500 374 375 376 506 507 511
527
432
521 412 555 566 571 353 360 497 370
514 397 402 541 544 546 418 422 428 557 430 431 559 561 563 438 569 570 444 451 452 455 456 460 465 475 348 482 483 363 374 504 506 507 510
527
433
528
350 369 563 533 407 504 348 510

434
412 566 497 373
515 517 523 414 425 431 436 456 478 488 490 366 378 496 376 506

435
555 497
389 518 551 424 459 369 563

436
385 392 524 542 423 553 461 492 497 370 373
513 387 517 523 525 395 400 402 414 431 559 561 434 563 438 465 475 348 478 483 484 488 363 366 496 376 506 511
527
437
453 463 498 499 572
406

438
521 524 412 417 566 461 473 492 497 370 373
514 387 388 517 391 520 394 523 525 402 408 414 546 422 428 556 431 432 561 563 436 444 452 456 460 465 475 348 483 493 366 495 496 374 376 506 507 511

439
542 553 566 567 442 461 473 370
513 514 517 520 523 525 397 408 538 420 425 430 561 563 570 444 451 456 458 471 475 348 477 487 500 374 506 507
527
440

419 484 496 538 348 479

441
198 393 399 564
364 501 476 348

442
360
544 523 460 369 531 439 475 348

444
417 423 473 360 503
513 387 388 517 520 523 397 400 402 531 404 538 415 545 421 422 428 556 559 432 438 439 449 460 475 348 483 487 504 363 495 374 376 507

445
542 417 560 463 473 362 492
388 520 398 400 404 535 408 413 415 348 487 493 500

446
492 373
482 483 376 517 487 490 491 539 475 348

447

348

448

460

449

480 422 397 563 507 444 543

450
390 547 548 497 373
388 519 396 539 557 452 474 475 481 354 489 361 500 376

451
553 567 370 503
513 514 395 402 544 428 430 432 561 563 439 569 465 471 348 493 374 506 507

452
521 412 547 553 555 566 463 497 370
513 388 519 531 404 403 544 546 428 559 432 438 450 460 465 470 475 348 354 355 359 489 367 506 500 376 378 507 510

453
498 468
348 437

454
564
348 351

455
528 412 429 565 497
529 531 407 539 541 543 421 422 426 557 432 561 563 568 569 466 348 350 355 359 363 367 500 372 504 506 510

456
392 524 537 417 423 567 566 473 370 373 503
513 517 391 520 525 398 400 404 409 538 545 419 425 428 430 559 432 561 434 431 563 438 439 460 462 465 348 375 352 479 493 494 368 496 374 376 506 511
527
457
381
509 516 357 389 551 486 518 554 459 469 505 348 477

458
555 370
514 515 391 403 545 439 469 470 475 348 482 354 489 490 496 376 507 510

459

516 389 486 551 357 457 518 435 348

460
392 521 524 412 542 417 547 553 560 566 567 442 461 463 473 360 362 492 497 370 371
514 515 517 520 523 395 402 535 409 413 543 415 545 544 422 428 558 559 432 563 438 444 448 452 456 465 475 482 355 366 495 372 376

461
385 524 412 542 417 548 423 553 567 463 360 492 370 373
513 387 517 520 395 525 523 400 408 413 414 544 428 561 436 438 439 460 465 475 483 363 374 376 506 507
527
462
353
512 517 487 456 493 494 431 368 525 398 404 536 409 348

463
524 410 542 547 560 461 473 360 362
388 517 519 395 402 531 535 413 415 418 428 557 437 570 445 452 460 475 348 483 355 376 489 500 374 504 507

464

552 384 173

465
392 524 537 542 416 417 423 566 567 461 473 370 503
513 387 517 391 395 525 526 400 402 404 535 408 413 414 544 428 556 558 559 432 561 431 557 436 438 570 451 452 456 460 475 348 483 484 487 493 495 500 376 378 511

466

481 455 522 529 531 504 539

467

348 532

468
453


469
553 370 381
419 516 389 486 551 424 357 458 457 554 369 505 348 540

470
547 555
354 355 452 359 519 361 458 562 531 403 507 348 382

471
537 553 567 353 370 373
513 515 395 419 420 430 431 559 563 439 569 451 475 348 376 378 507

472
567
348 533 431

473
392 412 542 423 463 362 373 503
515 525 539 413 556 561 438 439 444 445 456 460 465 348 479 483 376
527
474
547 548 410
481 354 355 450 489 361 396 557 500 475 348 382

475
392 521 410 542 547 548 417 553 555 565 567 566 442 446 461 463 353 492 497 370 373
513 514 515 517 391 394 523 396 525 400 402 531 414 544 545 418 419 428 557 556 559 432 561 563 436 438 439 444 450 452 458 460 465 471 474 348 481 482 483 355 487 488 361 490 363 491 366 489 367 500 374 376 507
527
476
198 399
364 501 441

477

516 485 357 457 554 425 397 563 439 348

478

434 436 405 534 348 508 349

479
542 417 473 492
512 513 515 520 394 395 525 398 536 409 538 408 545 425 428 559 431 561 440 456 348 352 483 493 368 375
527
480

449 563 348 540 543

481
547 555 429
519 522 396 397 539 418 422 450 466 474 475 348 354 376 359 361 363 367 504

482
392 412 548 553 565 446 353 362 497
391 525 400 404 428 556 432 458 460 475 348 483 484 363 366 374 506 507

483
385 524 537 412 542 416 553 560 566 567 446 461 463 473 353 492 497 503
514 515 388 513 517 391 520 395 397 525 404 535 408 538 414 544 419 420 422 557 559 432 561 563 436 438 444 465 475 348 479 482 484 487 363 366 500 374 506
527
484
412 423 560 566 567 353 497 503
513 515 517 391 525 526 400 404 536 408 538 419 420 428 559 431 436 440 465 348 350 375 352 482 483 363 493 366 494 506 500 378 511
527
485

563 348 477

486
381
419 516 389 357 551 424 457 554 459 369 469 348 505 380

487
392 412 446 492 503
513 388 525 400 404 408 409 538 419 559 431 439 444 445 462 465 475 348 483 363 493 500 376 378

488
524 553 497
513 391 394 395 398 400 408 419 556 559 434 436 475 348 496 376 378 511
527
489
547 463
450 354 546 355 422 359 452 458 396 557 403 531 535 474 475 348

490
548 446
391 458 523 491 367 434 502 407 475 348

491
548 446
359 490 367 376 475

492
392 524 537 412 542 417 423 553 560 566 567 446 461 353 362 497 370 373 503
514 515 388 517 391 394 400 409 538 414 419 431 559 561 436 438 445 460 475 348 479 352 483 487 363 366 378 500 374 376 506

493
392 537 412 416 417 566 497 503
512 514 388 517 391 525 526 398 400 402 404 536 538 409 408 545 421 556 557 430 559 431 561 438 445 451 456 462 465 348 479 484 487 363 494 368 500 507 511

494
537 412 416 497 503
398 526 404 409 538 559 456 462 348 375 352 484 493 368

495
417 360 362
544 514 520 460 558 465 402 438 348 378 507 444 415

496
412 553 565 353 373
514 515 388 517 404 414 427 434 436 438 440 456 458 348 488 366 374 376 506 508

497
392 524 542 416 417 423 555 560 565 566 567 353 360 492 370 373 503
513 515 389 517 391 520 395 525 526 398 400 403 409 544 546 545 428 557 431 432 434 561 436 435 438 570 450 452 455 460 475 348 350 482 355 484 483 354 488 363 493 494 368 500 374 559 510
527
498
453 373 411
532 437 348

499

348 437

500
521 392 524 537 410 412 416 417 548 423 553 555 560 566 463 353 492 497 373 503
514 388 517 519 520 391 396 525 400 404 408 409 538 546 421 428 557 431 563 439 445 450 452 455 465 474 475 348 354 483 484 487 363 493 368 374 376 378 382
527
501
198 393 399 564
364 348 441 476

502
548 373
391 490 376 378

503
392 537 412 542 416 417 553 560 566 567 473 353 492 497
513 387 388 391 525 398 400 526 404 408 419 557 430 559 561 431 444 451 456 465 348 352 483 484 487 493 494 366 368 500 375 511
527
504
528 412 547 548 553 429 571 463
513 514 522 397 529 531 543 546 418 422 421 432 433 563 570 444 455 466 348 350 481 367 506 507 510

505

516 357 486 551 424 457 554 469 348 380 509

506
521 392 524 537 417 423 553 566 461 492 370 373
513 514 387 517 391 520 523 395 397 400 414 544 420 428 431 432 561 434 559 563 436 438 439 451 452 455 456 482 483 484 504 363 496 374 376 378 507
527
507
385 524 412 417 553 461 463 360 373
387 388 517 515 520 523 525 526 397 395 402 544 545 420 428 559 432 431 563 438 439 570 444 449 451 452 458 470 471 475 482 504 363 493 495 376 506 510

508
417 542
544 478 520 428 496 402 563 534 348 349 541

509
381
516 357 389 551 424 457 554 369 505 380

510
521 528 553 555 497
513 397 403 533 418 426 432 433 563 452 455 458 348 354 374 504 507

511
566 503
512 517 394 395 525 398 400 404 536 408 538 545 428 431 559 561 436 438 456 465 348 484 488 493 376

512
412 560
513 515 517 395 525 526 398 404 536 408 538 409 545 428 431 462 348 479 493 511

513
524 537 542 417 423 553 566 567 461 353 360 497 373 503
512 514 387 388 515 517 391 520 394 395 525 523 400 402 405 407 408 544 419 420 426 428 557 559 561 563 436 439 444 451 452 456 465 471 475 348 479 483 484 376 487 488 365 366 378 374 504 506 510

514
392 524 537 417 548 566 353 492 370 373
513 387 517 520 395 397 525 402 408 538 541 414 418 420 432 561 438 439 570 451 458 460 475 348 483 363 493 378 495 496 500 374 504 506
527
515
524 412 417 548 553 555 566 473 353 492 497 370 373
512 513 517 519 391 394 525 400 402 403 404 409 414 428 557 559 434 458 460 471 475 348 479 483 355 484 363 366 496 374 507
527
516
381
477 509 419 357 518 389 424 457 554 459 486 563 469 348 505 380

517
537 412 417 423 553 566 446 461 463 492 497 373
512 513 514 387 515 391 520 394 525 398 526 400 402 408 538 409 544 419 556 559 431 561 434 436 438 439 444 456 460 462 465 475 348 483 484 363 493 366 496 368 506 500 374 376 378 507 511

518

419 516 357 551 424 457 554 459 397 435 563 380

519
547 463
481 354 515 450 452 546 361 396 557 367 500 470 348 350

520
524 412 542 553 567 461 360 497 370
513 514 387 517 395 523 402 408 415 544 545 422 425 428 561 563 438 439 570 444 445 456 460 348 479 483 365 366 495 500 374 506 507 508

521

452 363 460 432 500 438 374 506 475 510

522
429
481 546 568 529 466 531 504 539 348

523
524 412 417 423 553 442 461 373
513 387 388 520 395 397 402 534 544 545 418 425 434 563 436 438 439 570 444 460 475 348 490 374 506 507

524
385 412 542 417 423 553 565 566 567 461 463 353 360 492 497 370 373
514 513 515 391 520 523 395 525 400 402 408 414 544 420 428 559 436 438 456 460 465 348 483 488 363 366 378 500 376 506 507
527
525
392 524 537 412 542 548 423 567 566 461 473 497 370 373 503
512 513 514 515 517 391 526 398 400 404 536 409 408 538 545 428 430 559 431 561 436 438 439 456 462 465 475 375 352 479 482 483 484 487 363 493 367 368 500 376 507 511

526
412 553 566 353 503 497
512 517 525 398 404 408 409 538 419 428 430 559 561 465 348 484 363 493 494 366 368 374 375 376 507

527
392 524 412 542 417 423 553 567 461 473 497 370 373 503
514 515 398 538 419 559 431 432 436 439 456 475 348 479 483 484 488 363 378 368 500 374 376 506

528
412
355 455 433 563 407 504 510 543

529
429 412
455 522 466 531 504 539

530

372 361 348 359

531
547 429 442 463
522 396 397 529 405 543 557 563 568 570 444 452 455 466 470 475 348 350 354 355 359 504 489 376

532
386 498 379 572
467 348

533
472 412
407 433 348 510

534

425 523 508 563 348 349 478

535
362 463
483 489 460 465 374 348 445 415

536

512 395 525 398 404 408 409 538 419 431 561 462 348 479 352 484 493 368 511

537
412 417 423 560 567 492 503
513 514 388 517 395 525 400 404 408 538 545 419 430 431 559 561 569 456 465 471 348 483 493 494 500 506

538
392 537 412 417 423 566 353 492
512 514 517 395 525 526 400 398 404 408 536 409 545 419 431 559 561 439 440 444 456 348 479 352 483 484 487 493 494 366 368 500 375 376 511
527
539
390 429 560 473 446
481 450 455 391 522 366 400 466 529 372 568 348

540
353 560 370
480 419 559 469

541

514 455 397 430 432 568 508

542
392 524 412 417 553 560 461 463 473 353 360 362 492 497 370 371 373 503
513 520 394 395 525 400 404 409 415 556 428 559 561 436 439 445 460 465 475 479 352 483 376 378 508
527
543
528 360
402 531 407 545 546 421 558 563 570 449 455 460 348 480 355 372 504

544
524 417 553 566 442 461 353 497 370 373
513 387 388 517 391 520 523 395 402 414 545 418 426 556 428 559 432 563 451 452 460 465 475 483 363 366 495 506 374 376 378 507 508

545
537 417 553 566 497
512 520 523 395 525 398 402 404 408 538 543 544 415 428 558 559 563 570 444 456 458 460 475 348 479 493 372 374 376 507 511

546
555 497 373
519 522 396 403 543 422 426 557 432 438 452 348 350 376 359 489 367 500 504

547
410 412 548 555 463
519 396 531 403 422 557 450 452 460 470 474 475 348 481 355 359 361 489 367 372 504 382

548
410 412 547 555 461 360
514 515 388 391 396 525 556 450 474 475 348 482 355 376 490 491 367 500 502 504

549
198 412
427 428 563 348

551
381
509 419 357 486 518 389 424 554 459 457 369 435 469 505 348

552

464 384 350

553
392 524 542 417 423 560 566 461 360 492 503
513 515 517 391 520 395 523 526 400 402 403 414 544 545 418 420 422 425 556 558 430 561 436 439 569 451 452 460 469 471 475 348 482 483 376 355 488 363 367 496 506 500 374 504 378 507 510
527
554

509 516 389 486 551 518 457 424 357 397 369 469 505 380 477

555
412 547 548 497 370
515 396 546 418 422 557 432 435 452 458 470 475 348 481 354 355 359 361 366 500 376 510

556
392 542 417 548 423 553 473 373
387 517 391 394 395 400 404 414 544 415 420 431 563 438 444 465 475 348 482 488 365 493 374 376

557
410 416 547 555 463 497 503
513 515 519 396 397 531 546 418 432 570 450 455 465 474 475 348 354 483 359 361 489 493 500 376

558
423 553 412
545 460 428 543 495 465 402 348 570 415

559
392 524 537 412 542 417 423 566 567 353 492 370 497 373 503
513 515 388 517 391 394 395 525 398 526 404 408 538 540 544 545 419 428 430 432 561 436 444 452 456 460 465 471 475 348 479 483 484 487 488 363 493 366 494 368 378 374 376 506 507 511
527
560
392 537 412 542 417 553 565 463 492 497 503
512 395 404 408 539 540 445 460 348 483 484 500

561
392 537 542 417 423 553 565 566 567 461 473 360 492 497 370 503
513 514 387 517 391 520 525 526 398 400 402 404 536 408 409 538 414 419 428 431 432 559 436 439 438 451 455 456 465 475 348 350 479 483 363 493 378 369 374 376 506 511

562

361 348 470 359

563
528 416 566 567 370 373
513 516 518 520 523 397 402 531 405 534 414 543 415 545 544 420 421 549 425 426 428 556 430 431 432 433 435 436 438 569 439 449 451 455 456 460 471 475 477 350 480 483 376 357 485 378 369 500 374 504 506 507 508 510

564
198 393 399
454 364 501 441 348

565
524 370 497 560 412
482 419 455 363 496 561 475

566
524 412 417 553 353 492 497 370 373 503
513 514 515 517 391 394 525 526 404 538 414 544 545 430 431 432 561 434 563 559 438 439 452 456 460 465 475 348 483 484 363 493 366 367 378 500 376 506 511

567
392 524 537 416 417 423 461 472 353 360 492 497 503
513 387 388 391 520 525 400 414 419 420 428 559 561 563 439 451 456 460 465 471 475 348 483 484
527
568
410
418 455 361 522 396 531 372 405 539 348 541

569
553 537 412
451 420 455 432 563 374 471 348

570
463 360 362 497
514 387 520 523 396 397 402 531 543 545 421 425 557 558 432 439 465 348 376 372 374 504 507

571

432 504 348

572

532 437 348

