34

348 173 414

173

34 549 427 464 348 414

198
393 399 564
549 364 501 441 476 348 351

348
521 524 528 542 547 548 553 555 564 565 566 567 571 572 198 353 356 362 370 371 373 379 381 390 392 393 410 411 412 416 417 429 446 453 461 463 468 472 473 492 497 498 503
512 514 516 517 518 520 522 523 525 526 529 531 532 535 538 539 540 543 544 545 34 551 554 556 557 558 559 561 563 568 173 350 351 354 355 357 359 361 363 364 365 366 367 368 369 372 374 375 376 378 380 382 383 387 388 389 391 394 395 398 400 402 404 405 406 407 408 413 414 418 419 420 422 424 426 427 428 430 431 432 433 434 435 438 440 441 444 445 448 449 450 451 452 454 455 456 457 460 467 469 470 474 475 476 477 480 481 482 483 485 486 487 488 489 490 491 494 495 496 501 502 504 505 506 507 508 510
527 358 447
349

434 478 534

350
528 497
546 419 484 519 455 552 397 369 433 563 407 504 348 543

351
198 564
454 364 348

352
492 412
484 517 456 536 394 462 431 368 494 404 375 408 409 538 479

353
524 537 412 417 566 567 446 492 497 370 373 503
513 515 388 517 391 520 394 526 400 404 408 538 409 540 544 419 420 428 559 432 431 561 460 462 471 475 348 482 484 487 363 493 366 496 500 376

354
547 555 463
510 519 396 397 403 531 450 452 458 470 474 348 481 355 359 361 489 500 376 507 382

355
528 412 547 548 553 565 463 497 373
382 515 519 396 397 531 543 546 557 452 455 460 470 474 475 348 354 359 489 367 376 510

356
472 411
348

357

509 419 516 389 518 551 424 457 459 397 369 563 348 477

358

348

359
547
391 396 530 531 403 405 546 452 455 470 474 475 348 354 355 489 361 491 367 376

360
524 412 542 417 548 565 463 362 497 370 373
513 514 387 388 520 395 402 415 544 543 428 558 432 561 444 460 365 376 506 507 510

361
547 555 463
481 450 354 359 489 557 530 531 562 405 470 500 568 474 348

362
360 492 560 463 373 473 542
482 460 558 495 413 535 348 445 415

363
385 521 524 412 542 417 553 565 566 461 463 353 492 497 370 373
515 388 517 525 526 402 538 414 544 419 559 432 561 436 455 475 348 482 481 483 484 487 493 366 367 378 368 500 374 376 506 507

364
198 393 564
501 348 441 476 351

365
360
513 348 408

366
524 412 542 417 548 555 566 446 353 492 503
513 514 515 517 391 520 394 400 402 538 544 428 434 436 438 475 348 482 483 484 363 368 374 376

367
412 416 547 553 555 566 373
391 519 396 403 422 452 455 475 348 483 376 355 359 489 490 491 363 504

368
521 412 416 553 371 503
517 395 398 404 409 419 431 456 462 348 479 352 375 363 493 494 366 500 374 378
527
369
442 381
516 389 518 397 407 419 551 424 554 561 433 563 435 457 469 348 477 350 357 486 378 380 509

370
392 524 542 416 417 548 423 553 555 565 567 566 353 360 492 497 373
514 515 388 387 520 523 395 525 397 402 540 413 414 544 415 420 430 431 559 432 561 563 436 438 439 451 456 460 465 471 475 348 483 363 374 376 506 507

371
542
368 460 348

372
547
545 421 422 455 460 558 530 531 348 568 570 539 444 543

373
390 392 524 528 412 542 417 548 423 553 565 566 567 446 461 463 473 353 360 362 497 370 498
513 514 387 515 517 388 520 523 397 525 400 395 402 413 544 546 425 556 558 559 431 561 434 563 436 438 450 456 460 465 471 475 348 483 355 491 363 378 367 500 502 374 376 506 507
527
374
521 412 417 553 565 566 567 461 492 370 373
513 514 515 517 391 520 523 525 526 402 535 414 544 418 545 420 419 556 430 559 431 432 563 439 569 570 438 444 456 460 465 475 348 483 488 363 378 366 496 368 500 376 506 507 510

375
503
352 484 456 525 494 398 368 526 404 408 409 538 348

376
542 547 548 555 566 567 353 360 370 373 390 410 412 417 423 442 446 461 463 492
514 515 519 520 523 525 531 544 545 546 557 559 561 563 570 348 354 355 359 363 366 367 374 378 387 388 391 396 397 402 405 414 419 420 426 431 432 434 438 439 444 450 452 456 458 460 465 471 482 483 487 488 490 491 496 500 502 506 511
527
377

383

378
412 542 417 423 553 566 461 373
513 514 515 391 394 400 414 544 426 428 431 559 561 434 563 436 452 456 465 471 475 348 482 483 484 488 363 495 496 368 369 374 502 376 506
527
379

348

380

516 389 518 486 424 457 554 369 505 348 509

381

419 516 389 486 424 457 554 369 469 348

382
410
354 355 452 531 403 470 474 348

383

377 387 348

384

464 552

385
423 524 461
483 363 507

386

401 532

387
412 417 461 360 370 373 503
513 514 517 520 395 523 525 400 402 406 544 556 559 436 438 570 444 465 348 376 506 507 383

388
537 412 548 567 566 463 353 360 492 497 370 373 503
513 523 400 404 415 544 559 438 444 450 452 465 475 348 487 363 493 496 500 376 507

389
497 381
419 516 357 518 486 424 551 554 397 369 435 469 348 505 380 509

390
373
450 376 475 348

391
412 417 423 553 566 567 446 353 492 497 503
513 515 517 394 525 400 539 544 428 556 431 561 563 458 460 475 348 482 484 359 487 490 491 493 366 367 506 500 502 376 374 378
527
392
537 412 542 423 566 473 492 497 370 373
515 394 428 556 559 561 436 460 465 348 482 483 487 493 506
527
393
198 399 564
364 501 441 348

394
392 542 566 353 503
512 513 515 517 391 520 398 400 408 538 414 544 556 559 436 438 348 479 352 488 366 378 511

395
412 542 423 553 560 567 461 463 360 370 373
512 513 514 515 387 517 520 523 525 398 402 404 408 538 413 414 544 545 419 421 425 556 428 430 431 561 438 451 456 471 348 479 483 488 495 368 506 507 511
527
396
547 555
403 531 422 568 570 470 474 475 481 354 355 359 489 367 500 376 510

397
370 373
513 514 389 518 523 402 531 541 543 418 546 419 421 422 426 557 432 439 570 444 449 458 469 477 350 481 354 355 483 357 485 504 369 376 506 507 509 510

398
412 503 497
512 517 394 395 525 526 404 538 430 431 559 561 456 462 348 479 488 368 375 511
527
399
393 198
441 476

400
524 412 537 542 417 553 567 461 353 492 497 373 503
512 513 514 515 388 517 387 391 394 404 409 538 539 414 544 420 421 556 428 431 432 561 434 559 436 444 475 348 482 487 488 493 366 378 500 506 511

401
386


402
524 412 542 417 566 463 360 497 370 373
514 515 387 517 520 523 395 397 543 544 545 421 428 558 559 432 561 570 444 451 458 460 475 348 482 363 366 500 374 376 506 507 508

403
547 553 555 497
354 515 452 382 359 519 489 396 458 367 470 475 510

404
537 542 560 566 353 503
515 388 395 525 398 526 400 408 538 415 428 556 431 559 561 444 445 452 456 462 465 348 479 352 483 484 487 493 368 496 500 375 506 511

405

513 418 376 359 361 428 531 568 348 478

406

387 532 437 348

407
528
513 455 426 433 369 563 533 504 348 350

408
524 537 412 417 560 461 473 353 503
513 514 394 395 525 526 404 536 538 545 556 428 430 559 561 431 438 439 444 445 456 465 348 479 352 483 484 487 488 365 500 375 511

409
521 542 353 492 497
512 515 525 526 400 536 538 431 561 460 462 479 352 487 493 494 368 500 375

410
547 548 555 463
568 557 500 376 474 475 348 382

411
356
348

412
392 524 528 542 416 417 548 547 555 560 565 567 566 442 461 473 353 360 492 373
512 387 388 517 515 391 523 395 526 398 400 529 402 533 408 538 414 544 418 422 428 430 431 558 561 559 436 438 569 452 455 456 460 348 352 481 482 355 483 488 504 363 493 494 367 366 368 496 506 500 374 376 378 507

413
362 463 370 373 473 542
448 395 460 535 348 445

414
524 412 542 553 566 567 461 492 370
514 394 395 400 544 34 422 427 556 428 558 559 431 173 434 563 561 438 465 475 348 480 483 363 496 500 374 376 378

415
360 362 370 473
545 388 421 520 428 556 495 465 563 404 535 444

416
417 370 537 503 412
483 419 493 557 367 368 465 563 494 500 569 348

417
524 537 412 542 416 553 560 353 360 492 497 370 373 503
514 515 387 517 391 520 523 400 402 408 538 545 544 421 428 556 431 559 561 438 570 444 445 456 460 465 475 348 483 363 493 366 495 500 374 376 378 507 511
527
418
547 553 555 463 497 412
544 481 514 523 397 432 465 405 374 348 504 475

419
416 423 565 567 353 492 503 381
513 516 389 518 517 395 397 526 525 536 538 540 544 551 424 428 430 431 561 456 469 471 475 348 350 483 484 357 487 488 363 493 368 369 374 376 505

420
524 553 566 353 370
513 514 400 556 430 432 563 439 569 451 465 471 348 483 484 374 376 506 507

421
417
455 487 457 395 493 397 400 465 402 372 570 444 445 415

422
412 547 555 497
520 523 396 397 414 545 546 432 438 444 449 455 460 474 348 483 489 367 372 504

423
385 392 524 537 567 461 473 492 497 370 373
513 517 391 395 523 419 425 428 556 558 430 431 561 559 444 456 475 506 500 376 378
527
424
381
509 419 516 389 518 551 486 357 554 457 369 435 469 348 505 380

425
423 553 373
456 523 460 395 434 563 534 439 570 477 479

426

544 513 546 376 455 397 525 531 407 504 378 348 510

427

549 428 173 496 348 414

428
392 524 412 542 417 423 553 461 463 353 360 492 497
513 515 517 391 520 523 395 525 526 400 402 404 405 408 414 415 544 419 549 427 558 431 559 561 432 434 563 570 444 451 452 456 460 465 475 348 479 482 366 500 378 507 508 511

429

481 455 522 529 466 531 539 348

430
537 412 423 553 566 370 503
514 395 525 398 408 541 419 420 559 432 561 563 439 451 465 469 471 348 374

431
537 412 417 423 566 353 497 370 373 503
512 513 514 515 517 391 395 525 398 400 404 536 409 408 414 545 419 428 556 559 561 563 438 456 465 475 348 479 352 482 484 487 493 368 506 500 374 376 378 507 511
527
432
521 553 555 353 360 497 370
513 514 397 400 402 541 544 545 546 418 420 422 428 557 430 559 563 439 569 444 451 452 456 460 471 475 348 482 483 504 363 374 376 506 507 510

433
528
350 455 369 407 504 348 510

434
566 497 373
515 523 400 534 414 425 428 559 563 436 456 475 348 349 478 490 366 496 506 376 378

435

389 518 551 424 459 369 563 348

436
392 524 412 542 461 492 497 370 373
513 387 394 523 525 400 556 559 561 434 438 475 483 484 488 363 366 378 506 507 511
527
437
453 463 498 499 572
462 532 467 406

438
524 412 417 548 553 566 446 461 492 370 373 503
513 387 388 517 520 394 523 525 395 408 414 422 559 431 561 563 436 444 452 456 460 465 475 348 488 493 366 496 500 374 376 507 511

439
542 553 442 461 473 370
513 514 523 525 397 408 538 544 420 425 430 432 561 563 570 444 445 451 456 458 465 471 475 487 500 374 376 506 507
527
440

449 484 456 493 525 508 496 538 348

441
198 393 399 564
364 501 348 476

442
412
544 460 369 531 563 439 376 475

443
453


444
417 423 473 360 503
513 387 388 517 520 523 397 400 402 531 404 408 538 415 544 545 421 422 428 559 432 438 439 570 445 460 475 348 483 487 504 372 500 374 376 506 507

445
417 560 463 473 362
520 404 535 408 413 421 439 444 460 465 348 487 493 500

446
353 548 492 373
482 483 376 517 515 391 490 491 366 438 539 475 348

447

348

448

348 413

449

480 422 397 563 440 507 348 543

450
547 390 373
481 354 452 388 519 361 489 557 531 376 474 539 348

451
553 567 370 503
513 395 402 420 428 556 430 432 563 439 569 471 348 493 507

452
521 412 547 553 566 463 497
513 382 388 519 403 404 531 544 546 428 557 559 432 438 450 460 465 470 475 348 354 355 359 489 367 506 376 378 507 510

453
498 468
437 443 348

454
564
348 351

455
528 412 429 497
522 529 531 407 421 422 426 557 433 561 568 569 466 348 350 355 359 363 367 500 372 504 506 510

456
524 537 412 417 423 566 503 497 370 373
512 513 517 523 395 398 404 408 419 425 428 559 432 561 434 431 563 439 438 440 460 462 465 348 479 352 484 493 494 368 374 375 376 378 511
527
457
381
516 357 518 486 421 551 554 459 424 369 563 469 348 505 380 509

458
553 555 497
514 515 391 397 402 403 545 439 469 470 475 482 354 490 496 376 507 510

459

357 486 551 457 435 563

460
392 521 524 412 542 417 553 560 566 567 442 461 463 473 353 360 362 492 497 370 371 373
515 517 391 520 402 535 409 413 543 544 545 422 425 428 559 432 563 438 570 444 445 452 456 475 348 479 482 355 495 372 374 376 507 508

461
385 524 412 542 548 423 553 567 463 492 497 373
513 387 517 520 395 523 525 400 408 414 428 559 561 436 438 439 460 465 471 475 348 483 363 374 376 378 507
527
462
353
512 352 517 456 493 398 368 532 404 437 536 409 538

463
524 410 547 560 461 473 360 362 373
388 517 519 395 402 531 535 413 418 428 557 437 570 445 452 460 475 348 481 354 355 376 483 361 363 489 500 504 507

464

552 384 173

465
392 524 537 416 417 542 566 461 473 370 373 503
513 515 388 387 526 404 535 408 538 414 415 418 420 421 556 557 430 559 431 558 561 428 439 438 569 570 445 452 456 471 483 484 487 493 378 495 500 374 376 506 511

466
429
455 522 529 531 504 539

467

532 348 437

468
453
348

469
553 497 381
516 389 518 397 419 551 424 554 430 563 457 458 348 486 369 505

470
547
354 452 355 359 361 458 396 562 403 507 348 382

471
524 537 553 566 567 461 353 370 373
513 514 515 395 419 420 430 559 432 561 563 439 451 465 475 376 378 507

472
356
533 348

473
392 412 423 463 362 373 503
525 535 408 539 413 415 556 561 439 444 445 460 465 348 479 483 495
527
474
547 548 410
481 546 355 422 359 354 489 361 450 396 531 475 348 382

475
390 524 410 542 417 547 548 423 553 565 566 442 446 461 463 353 492 497 370 373
513 514 515 388 519 391 523 396 525 400 402 403 531 414 544 418 419 545 556 557 428 431 559 561 434 563 436 439 438 432 444 452 458 460 471 474 348 482 483 484 355 359 488 490 491 363 366 367 500 502 374 378 507
527
476
198 399
364 501 441 348

477

516 357 518 425 397 369 563 348

478

496 434 405 534 349

479
542 473 503
512 513 515 520 394 395 525 398 404 408 409 538 545 425 428 431 559 456 460 352 483 484 368 511
527
480

449 563 348 540 414 543

481
412 547 555 429 463
519 522 396 397 531 539 418 450 474 348 354 489 361 363 504

482
392 412 548 553 565 446 353 362 497
515 517 391 525 400 402 556 428 431 432 458 460 475 348 483 363 366 496 506 376 378

483
385 392 524 537 412 542 416 417 560 566 567 446 461 463 473 492 370 373 503
514 515 513 517 395 525 526 397 404 535 408 538 414 544 419 420 422 557 432 561 563 436 444 465 475 348 479 482 484 487 363 493 366 367 496 494 378 500 374 376 506
527
484
537 560 566 567 353 497 503
513 514 515 391 525 526 404 408 538 536 544 419 420 559 431 436 440 456 465 475 350 479 352 375 483 363 493 494 366 378 500 506 511
527
485

348 397 518

486
381
509 516 389 551 424 457 554 459 369 469 380 505 348

487
392 353 492
513 388 391 400 404 408 409 538 419 421 559 431 439 444 445 465 348 483 363 493 500 376

488
524 412 553 497
512 513 517 394 395 398 400 408 419 556 559 436 438 475 348 496 374 376 378 511
527
489
547 463
519 396 403 531 535 546 422 450 452 474 348 481 354 355 359 361 367

490
446
391 458 523 491 367 434 502 376 475 348

491
548 373 446
391 359 490 367 502 376 475 348

492
392 524 412 542 417 423 553 567 566 446 461 353 362 497 370 503
513 514 515 388 391 400 409 538 414 544 419 428 559 561 436 438 460 475 348 352 483 487 363 366 495 374 376

493
392 537 412 416 417 560 566 353 497 503
512 514 388 517 391 525 526 400 404 536 409 538 539 545 419 421 556 557 431 559 561 438 440 445 451 456 462 465 483 484 487 363 494 368 500 507 511

494
416 497 503 412
352 483 484 517 456 409 493 526 368 561 538 348 375

495
417 362 492 473 542
544 520 395 460 558 465 378 507 348 415

496
412 565 566 353 497
513 514 515 388 517 523 404 414 427 434 438 440 458 348 478 482 483 488 378 374 376 506 507 508

497
392 524 537 542 417 423 555 565 567 461 353 360 492 370 373
513 388 517 389 391 520 523 525 398 526 400 402 403 409 538 544 418 545 422 428 559 432 561 431 434 436 570 452 455 456 458 460 469 475 348 350 482 355 484 488 363 493 494 496 500 506 507 510
527
498
453 373
532 437 348

499

532 437

500
521 524 537 410 412 542 416 417 548 423 553 560 565 566 463 353 497 373 503
514 388 517 391 519 520 396 525 400 402 531 404 408 409 538 414 546 428 557 556 431 563 438 439 444 445 455 465 475 354 483 484 487 361 363 493 368 374 376 506

501
198 393 564
364 348 441 476

502
548 373
391 490 491 376 378 475 348

503
524 537 416 417 560 566 567 473 353 492
513 514 387 388 391 394 525 398 526 400 404 408 538 539 419 557 430 431 559 561 438 444 451 456 465 348 479 483 484 493 494 366 368 500 375 511

504
412 547 571 463
513 522 397 529 531 407 541 543 546 418 422 426 432 433 562 563 570 444 455 466 348 350 481 367 506

505

419 516 389 486 551 424 457 554 469 348 380

506
392 524 537 412 423 553 566 360 497 370 373
514 387 517 391 395 525 397 400 523 402 404 544 545 420 557 559 432 431 434 563 436 439 444 452 455 465 348 482 483 484 376 363 496 500 374 504 378 507 508
527
507
385 412 417 553 565 566 461 463 360 497 370 373
514 387 388 517 515 513 520 395 523 525 397 402 545 420 428 556 559 432 431 561 563 436 439 438 444 449 451 452 458 460 470 471 475 348 354 363 493 495 496 374 506 510

508
542
544 520 428 460 496 402 563 440 506 348 541

509

516 389 357 518 424 457 554 551 486 397 369 380

510
521 528 553 360 497
513 396 397 403 533 426 432 433 452 455 458 348 354 355 374 507

511
417 566 503
394 395 525 398 400 404 536 408 538 545 556 428 431 561 436 438 456 465 479 484 488 493 376

512
412 560
513 515 517 394 395 525 398 400 536 409 538 431 561 456 462 348 479 488 493

513
524 542 423 553 566 461 353 360 492 497 373 503
512 514 387 515 517 388 391 520 394 395 525 397 400 405 407 408 544 419 420 426 428 557 431 432 561 559 436 438 439 444 451 452 456 465 471 475 479 483 484 487 488 365 366 496 374 504 378 507 510
527
514
524 417 548 566 360 492 370 373 503
513 387 517 395 525 397 400 402 408 538 541 414 418 420 430 559 432 561 431 439 569 570 458 471 475 348 483 484 493 378 366 496 500 374 376 506 507
527
515
392 524 412 417 548 553 555 566 446 353 492 370 373
512 513 519 391 394 395 525 400 402 403 404 409 545 428 431 559 434 458 460 465 471 475 479 482 483 484 355 363 366 496 374 376 378 507

516
381
477 509 419 357 518 389 424 457 551 486 369 563 469 348 505 380

517
524 537 412 417 423 566 446 461 463 353 497 373
512 513 514 387 391 520 394 395 525 526 400 398 402 536 538 544 419 556 428 559 431 561 438 444 456 460 462 348 352 482 483 488 363 493 366 494 496 368 500 374 506 507
527
518

509 419 516 357 485 551 389 457 424 397 369 435 563 469 348 380 477

519
547 548 555 463
515 403 546 557 450 452 475 350 481 354 355 489 367 500 376

520
542 417 553 567 461 353 360 497 370 373
513 387 517 394 523 395 402 415 544 545 422 428 561 438 570 444 445 460 348 479 366 495 500 374 376 507 508
527
521

544 452 363 460 432 368 500 374 409 348 510

522
429
481 546 455 504 529 466 531 568 539 348

523
524 412 417 423 553 461 497 370 373
387 388 520 395 397 402 534 544 545 418 422 425 428 561 434 563 436 438 439 570 444 456 475 348 490 496 374 376 506 507

524
385 412 542 417 423 553 565 566 567 461 463 353 360 492 497 370 373 503
513 515 514 517 523 525 400 402 408 414 420 428 561 436 438 456 460 465 471 475 348 483 488 363 366 500 506
527
525
524 537 542 548 566 461 473 497 370 373 503
512 513 514 515 387 517 391 395 526 398 404 536 538 408 409 544 545 419 426 428 430 431 559 561 563 436 438 439 440 475 348 375 479 482 483 484 363 493 500 374 376 506 507 511
527
526
412 566 353 497 503
517 525 398 404 408 409 538 419 428 559 561 465 348 375 483 484 363 493 494 374

527
392 524 417 423 553 567 461 473 497 373
513 514 517 391 520 395 525 398 538 431 561 436 439 456 475 348 479 483 484 488 378 368 376 506

528
373 412
350 355 455 433 563 407 348 510 543

529
429 412
455 522 466 348 504 539

530

361 372 359

531
547 555 429 442 463
522 396 397 405 539 543 426 557 563 568 444 450 452 455 466 474 475 348 481 354 355 359 504 361 489 500 372 376 382

532
386 498 499
462 467 437 406 348

533
472 412
510 407

534

425 523 434 563 349 478

535
362 463 473
483 415 489 460 465 374 348 413 445

536

352 545 512 419 484 517 493 462 431 525 561 408 409 511

537
392 416 417 423 566 567 353 497 503
388 517 525 400 404 408 538 545 430 431 559 561 456 465 471 483 484 493 500 506

538
537 412 542 417 560 353 492 497 503
512 514 517 394 395 525 398 400 526 404 408 409 545 419 559 439 440 444 462 465 348 479 352 375 483 484 487 363 493 366 494 500 511
527
539
429 560 503 473 446
481 450 391 522 493 400 466 531 372 529 348

540
353 370
480 419 559 348

541

514 568 397 430 432 563 504 508

542
392 524 412 417 553 560 567 461 360 362 492 497 370 371 373
513 520 394 395 525 400 402 404 409 538 413 414 428 561 436 439 460 465 475 348 479 483 363 366 495 500 376 378 508

543
360 528
480 449 546 355 460 397 558 402 563 372 531 504 570 348 350

544
521 412 417 553 442 353 360 492 497 370 373
513 387 388 517 391 520 394 523 395 525 400 402 414 418 419 545 426 556 428 557 559 432 563 439 570 444 452 460 475 348 483 484 363 366 495 506 374 376 378 508

545
537 417 553 566 497
515 520 523 395 525 402 408 538 536 415 544 422 558 431 432 559 561 563 570 444 458 460 475 348 479 493 372 374 376 506 507 511

546
547 555 373
519 522 397 543 422 426 557 432 563 452 474 350 355 359 504 489 500 376

547
410 412 548 555 463
519 396 531 403 546 418 422 557 450 452 470 474 475 348 481 354 355 376 359 489 361 367 372 504

548
410 412 547 446 461 360 370 373
514 515 388 519 525 556 438 474 475 348 482 355 491 366 500 502 376

549
198
427 428 173 563

551

419 516 357 518 486 424 457 389 459 554 369 435 469 505 348 509

552

464 384 350

553
524 542 417 555 560 565 567 566 461 492 370 373
513 515 391 520 523 395 400 403 414 544 418 545 420 425 556 428 430 559 432 561 558 438 569 439 570 451 452 458 460 469 471 475 348 482 355 488 363 378 367 368 500 374 506 507 510
527
554
381
389 486 551 424 457 369 563 469 380 505 348 509

555
410 412 547 553 497 370
515 519 396 403 531 418 546 422 557 432 458 348 481 354 361 366 367 376

556
392 417 548 423 553 473 373
387 517 391 394 395 400 404 408 414 415 544 420 559 431 563 436 451 465 475 348 482 488 493 500 374 507 511

557
410 416 547 555 463 503
513 519 397 531 544 546 432 450 452 455 465 475 348 483 355 361 493 500 376 506

558
423 360 553 362 373 412
545 428 495 465 402 372 348 570 414 543

559
392 537 412 417 423 553 567 461 353 492 497 370 373 503
513 514 515 387 517 388 394 525 526 398 400 402 404 408 538 540 414 544 545 428 556 430 431 432 561 434 436 438 444 452 456 460 465 471 475 348 479 484 487 488 363 493 506 374 376 378 507

560
412 542 417 553 463 362 503
512 395 404 408 538 539 445 460 483 484 493 500

561
392 524 537 412 542 417 423 553 565 566 567 461 473 353 360 492 497 370 373 503
512 513 514 517 391 520 395 523 525 526 400 402 398 404 536 409 408 414 545 419 428 430 431 559 436 439 438 455 456 465 471 475 348 483 363 493 494 369 376 378 507 511
527
562

504 361 470

563
528 416 567 442 370 373
516 518 391 523 525 531 534 407 541 414 415 543 546 545 544 549 420 425 554 556 428 430 431 432 434 435 438 439 569 449 451 456 457 459 460 469 471 475 348 477 350 480 483 376 357 378 369 500 374 504 506 507 508

564
198 393
454 364 501 441 348 351

565
360 553 524 497 370 373 412
482 355 419 363 496 561 500 374 348 507 475

566
392 524 537 412 553 567 353 492 370 373 503
513 514 515 388 517 391 394 525 526 402 404 414 545 420 430 431 561 434 438 452 456 460 465 471 475 348 483 484 363 493 366 378 496 367 500 374 376 506 507 511

567
524 537 412 542 423 553 566 461 353 492 497 370 373 503
388 391 520 395 400 414 419 559 561 563 451 460 471 348 483 484 374 376
527
568
410
455 361 522 396 531 372 405 348 541

569
416 553 412
514 451 420 455 432 465 563 374

570
417 553 463 497
514 387 520 523 396 397 402 543 544 545 421 425 428 558 439 444 460 465 504 372 374 376

571

504 348

572

348 437

