3980
3981 3987 3990 3992 4012 4013 4018 4025 4029 4033 4035 4036
3982 3983 3984 3985 3986 3989 3993 3995 3997 3999 4000 4003 4005 4006 4007 4008 4009 4010 4011 4014 4015 4016 4017 4021 4023 4027 4028 4030 4032 4034 4037 4038
4001 4020
3981
4018
4009 3980 4019 3997 3998

3982

4037 4009 3980 4014 3986 3988 4021 4023 4026 3997

3983

4017 3980

3984

3980

3985

4004 3980 4014 3988 3993 3995

3986
4033
4000 3980 4014 3982 4017 4021 4026

3987
4012
3980

3988

3985 3993 3995 3982

3989
4013
4011 3980 594 3991

3990
4025
4016 3980 4007

3991

3989 4031

3992

4000 4017 3980

3993

4004 3980 3985 3988 3995 4030

3994
4018
4019 4030 4023 3996 3997 3998

3995

4000 4004 3980 4014 3985 3988 4023 3993 4026

3996
3994
4028

3997
3981 3994
4009 3980 3982 4019 4030 4023 3998

3998
3981 4018 3994
4002 4009 4019 4021 4023 3997 3999

3999

3980 3998

4000
4033 3992
3980 3986 4021 4026 3995 4030

4001
4029
3980

4002

4031 3998 4023
4020
4003

4009 3980 4023

4004
4013
4038 3985 4023 3993 3995 4030 4031
4020
4005

3980

4006

4027 3980

4007
3990
4016 3980

4008

3980

4009
3981
4003 3980 3982 4019 4030 4023 3997 3998

4010

3980

4011

594 3980 3989 4031

4012
3987
3980

4013

4004 4038 3980 3989 4031

4014

4037 4038 3980 3982 3985 3986 4017 3995 4030

4015

3980

4016
4025 3990
3980 4007

4017
3992
3980 4014 3983 3986 4021 4026 4030

4018
3981 3994
3980 3998 4023 4030

4019
3981 3994
4009 3998 4026 3997 4030

4020

4002 4004 4037 4038 3980 4027 4030 4031

4021

4000 3980 3982 4017 3986 3998 4026 4030

4023
4018 3994
4002 4003 4004 4038 4009 3980 3982 4030 3995 3997 3998 4031

4025
3990
4016 3980

4026

4000 3982 4017 3986 4019 4021 3995

4027

4032 4006 3980 4031
4020
4028

3996 3980

4029

3980
4001
4030
4018 3994
4000 4004 4009 3980 4014 4017 4019 4021 4023 3993 3997
4020
4031
4013
4002 4004 4038 4011 4023 594 3991 4027
4020
4032

4027 3980

4033

4000 3986 3980

4034

3980

4035

3980

4036

3980

4037

4014 3980 3982
4020
4038
4013
4004 3980 4014 4023 4031
4020
594

4011 3989 4031

