567
3861 3961
3723 3454 3487

698

857 862

857

3586 3621 3626 3797 698 862

862
3633
3872 3586 3779 3684 3677 3495 3721 3948 3501 3609 1085 3797 857 698 3517 3550
3456
1085
3592 3877 3633 3651
3721 3851 3609 3741 3872 3750 3495 3756 3501 3886 3525 3797 3677 862 3550 3556 3684 3561 3437 3440 3577 3962
3456 3830
3437
3592 3604 3612 3617 3623 3624 3633 3645 3651 3682 3719 3753 3770 3771 3777 3823 3837 3843 3844 3861 3947 3949 3470 3477 3506 3518 3534 3564 3568 3574
3586 3593 3605 3615 3640 1085 3656 3677 3690 3718 3721 3759 3766 3775 3779 3782 3786 3791 3799 3803 3810 3819 3825 3832 3860 3880 3893 3894 3895 3912 3938 3939 3945 3948 3963 3454 3476 3488 3494 3521 3539 3544 3548 3551 3553 3554 3555 3558 3566 3567
3674 3675 3680 3830 3834 3907 3456
3438
3971 3522 3784 3633
3586 3480 3842 3851 3533 3501 3693 3540 3448 3677 3517
3456 3734 3545
3439
3616 3716 3699 3647
3638 3799 3513

3440
3971 3877 3755 3633 3576
3968 3842 3851 3596 3501 3886 1085 3780 3525 3540 3797 3805 3938 3684 3697 3703
3600 3734
3441
3538 3662
3536

3442
3715 3850 3597 3470 3599 3472 3728 3735 3867 3753 3636 3773 3921 3941 3710 3455
3977 3722 3608 3740 3615 3508 3644 3521 3526 3918 3663 3802 3678 3936 3698 3705
3629 3907
3443
3460 3464 3645 3906 3937 3829
3593 3469 3859 3738 3752 3634 3909 3529 3915 3554 3956 3582
3630
3444

3904

3445
3628 3725 3538 3868 3743
3819

3446
3585 3490 3814 3531 3662 3863 3580 3549
3546

3447
3682 3624 3580
3894 3679

3448
3471 3604 3633 3438
3841 3586 3845 3475 3860 3609 3485 3495 3756 3501 3889 3642 3779 3527 3449 3797 3800 3804 3677 3938 3684 3944 3948 3693 3838 3697 3577 3966
3456 3734 3611 3830
3449
3971 3604 3877 3633 3651 3692
3841 3586 3721 3851 3596 3480 3609 3618 3491 3495 3625 3501 3889 3517 3796 3797 3800 3677 3805 3684 3943 3948 3693 3448 3577 3962 3838
3456 3734 3545 3674 3830
3450
3790 3730 3604
3528 3913 3497 3596 3605 3860 3672 3642 3804 3930 3838
3545 3737
3452
3877 3824
3488 3658 3596 3902 3966 3838
3545 3611
3454
3861 567
3586 3779 3621 3693 3437 3605 3673 3642 3547 3677 3775

3455
3715 3850 3470 3599 3728 3735 3876 3753 3498 3636 3769 3773 3778 3921 3685 3815 3835 3710
3588 3590 3722 3862 3608 3505 3521 3526 3663 3802 3553 3442 3827

3456
3971 3858 3873 3884 3633 3762 3651 3654 3692 3438 3824
3968 3586 3842 3461 3851 3596 3609 3618 3750 3495 3756 1085 3831 3577 3797 3800 3804 3677 862 3938 3943 3687 3693 3437 3697 3703 3448 3449 3962
3734 3514 3545 3674 3830
3457

3944 3831 3703
3830
3458
3493 3468 3711 3792 3793 3951 3506 3900 3903
3648 3969 3810 3718 3593 3822 3643

3459
3564 3758 3534 3793 3614
3812 3782 3529 3945 3469 3825 3763

3460
3937 3972 3464 3726 3568 3601 3474 3602 3829 3900
3782 3881 3529 3915 3945 3469 3443 3931

3461

3495 3559 3831 3930
3456
3462
3877 3824 3762 3604 3576
3488 3559 3672 3756 3596 3891 3966 3926 3930 3838
3611
3463
3714 3906 3591 3947 3569 3793 3506 3861 3706
3555 3909 3558 3593 3931 3486
3680 3924
3464
3460 3466 3724 3726 3601 3602 3474 3604 3612 3617 3761 3668 3829
3738 3634 3764 3510 3895 3915 3554 3443 3956 3583
3630
3465
3975 3957 3836 3837 3774
3757 3918 3759 3476 3579 3519
3675
3466
3937 3464 3726 3761 3668 3829
3554 3652 3881 3529 3945 3821 3956 3510
3680
3467

3533
3830
3468
3458 3601 3866 3878 3623 3900 3645 3524 3532 3535 3823 3568
3584 3718 3622 3881 3764 3782 3529 3927 3810 3945 3826 3956
3680
3469
3459 3460 3972 3726 3474 3668
3554 3561 3529 3915 3945 3825 3443 3634 3510 3738
3630
3470
3778 3876 3753 3599 3769 3773 3710 3455
3521 3553 3437 3442 3796 3767
3629
3471
3971 3877
3938 3940 3526 3684 3448 3845 3851 3852 3902 3475 3672 3930 3484 3966
3545 3611
3472
3840 3685
3521 3553 3526 3598 3442 3508 3482 3644
3629
3473
3874 3628 3725 3538 3541 3868
3912 3819 3917 3857 3892 3739

3474
3460 3464 3761 3602 3604 3829 3967
3554 3945 3915 3469 3634 3764 3956 3738
3630
3475
3971 3471 3873 3877
3586 3845 3851 3852 3485 3488 3501 3642 3526 3926 3543 3672 3930 3938 3940 3684 3966 3828 3702 3448 3838
3611 3545
3476
3975 3465 3957 3774
3809 3757 3437 3759 3579
3675
3477

3565 3637 3756 3437

3478
3587 3655 3500 3696 3920
3776 3747 3791 3766 3607 3960 3933

3479
3523 3562 3883 3695 3481 3898 3613
3581 3594 3919 3639 3516

3480
3971 3692 3438 3604
3968 3841 3586 3756 3693 3667 3540 3799 3449 3677
3545 3830 3734
3481
3649 3613 3562 3883 3695 3479
3639 3594 3919 3581
3830
3482
3685 3472
3521 3598 3505 3698 3508 3832 3644 3901

3483
3617 3937 3524 3793
3690 3499 3754 3821 3895

3484
3873 3971 3471 3568
3968 3521 3842 3684 3940 3817 3501

3485
3518 3790
3488 3681 3845 3559 3528 3817 3627 3838 3475 3448 3804 3966
3514 3611
3486
3714 3591 3870 3493 3506 3900 3951 3569 3706
3969 3463 3593 3855 3869 3509 3705 3794 3803 3822 3826 3572 3833
3924
3487
3925 567 3961
3496 3723 3566 3504

3488
3462 3858 3604 3730 3884 3518 3790 3824 3576
3845 3596 3731 3605 3475 3860 3485 3627 3891 3527 3913 3658 3542 3926 3800 3672 3930 3804 3938 3557 3559 3687 3437 3966 3573 3702 3452 3838
3514 3545
3489

3665 3825 3652 3676

3490
3585 3682 3624 3531 3863 3662 3446 3771 3549
3894

3491

3968 3712 3586 3938 3842 3845 3851 3693 3540 3449 3962 3966
3545 3611
3492

3841 3521 3556 3684 3496 3756 3697

3493
3458 3719 3951 3792 3903 3711
3810 3593 3486
3680 3924
3494

3705 3690 3437 3583

3495
3971 3873 3877 3884 3633 3651 3929 3692 3824
3968 3586 3842 3461 3721 3978 3851 3596 3609 3872 3618 3621 3750 3625 3756 3501 1085 3525 3449 3667 3796 3797 3930 3548 862 3938 3684 3687 3944 3948 3697 3448 3577 3962
3456 3734 3545 3934 3830
3496

3521 3492 3684 3750 3487 3817 3722 3505 3831 3672 3550 3775
3629
3497
3604 3518 3790 3824 3576 3450 3707
3852 3596 3527 3528 3658 3542 3926 3672 3543 3804 3940 3966 3838
3611
3498
3715 3455 3599 3728 3921 3835
3521 3862 3740 3615
3629
3499
3617 3843 3947 3532 3534 3535 3758 3793 3829 3483
3881 3825 3764 3671
3680 3834
3500
3920 3696 3641 3967
3776 3783 3791 3508 3766 3960 3478 3933 3615

3501
3971 3604 3873 3884 3633 3651 3692 3438 3824
3841 3842 3721 3851 3596 3475 3609 3484 3741 3495 3625 3756 3889 1085 3525 3533 3577 3796 3797 3800 3677 862 3938 3684 3948 3440 3448 3449 3962
3734 3760 3545 3674 3830
3502
3813 3700 3898
3911 3864

3503

3779 3785 3596 3800 3731 3959 3672 3930 3804 3838

3504

3626 3723 3551 3530 3839 3677 3487

3505
3840 3685 3753 3850 3455
3936 3521 3747 3553 3526 3496 3722 3598 3698 3607 3512 3482 3644

3506
3714 3458 3591 3623 3758 3631 3646 3903 3784 3534 3829 3706
3584 3969 3718 3463 3855 3869 3486 3620 3754 3507 3509 3895 3511 3648 3794 3810 3558 3690 3437 3822 3826 3958 3833
3924 3680
3507
3506
3554 3555 3754 3690 3927 3511

3508
3840 3850 3728 3472 3500 3685
3722 3598 3607 3482 3615 3747 3632 3776 3521 3809 3553 3698 3442

3509
3906 3714 3947 3951 3793 3506 3896 3706
3909 3718 3593 3855 3794 3826 3833 3803 3869 3486

3510
3464 3466 3829
3554 3529 3752 3915 3945 3881 3469 3634 3738 3931 3869
3630
3511
3719 3724 3506 3770 3706 3866 3900
3648 3904 3555 3909 3530 3821 3566 3794 3763 3507 3738

3512
3873 3604 3929
3533 3800 3505 3517
3760 3830 3737
3513
3952 3616 3932
3439

3514
3730 3604 3518 3670 3824 3578 3707
3596 3860 3605 3485 3488 3635 3640 3528 3913 3926 3542 3800 3672 3804 3938 3557 3687 3966 3828 3832 3838
3456 3737 3760 3545 3674 3830
3515
3706
3555 3593 3566 3855 3958

3516
3649 3562 3883 3695 3479 3898 3613
3639

3517
3877 3438 3633
3586 3851 3948 3577 3533 3512 3449 3677 862
3760
3518
3858 3730 3604 3670 3707
3605 3485 3488 3497 3635 3640 3528 3542 3800 3804 3938 3557 3687 3437 3702 3832 3838
3737 3611 3514 3545
3519
3975 3465 3957 3836 3837 3774
3918 3571 3701 3579
3708 3675
3520

3684 3526 3625 3672 3550

3521
3840 3592 3597 3470 3728 3472 3735 3867 3876 3498 3753 3769 3778 3921 3666 3685 3815 3710 3455
3590 3722 3608 3482 3740 3484 3615 3618 3492 3496 3625 3505 3508 3797 3672 3802 3936 3553 3556 3684 3948 3437 3442 3573 3831 3962
3629 3907
3522
3592 3438
3872 3950 3930

3523
3649 3562 3883 3695 3479 3898 3613
3581 3639 3919
3830
3524
3906 3623 3468 3535 3602 3770 3483
3786 3768

3525
3873 3651
3968 3841 3970 3842 3721 3596 3495 3625 3756 3501 3886 3889 1085 3780 3656 3540 3550 3683 3563 3950 3440 3577 3962
3734 3737 3674
3526
3840 3850 3471 3599 3472 3753 3769 3773 3685 3455
3713 3590 3722 3475 3862 3505 3520 3543 3553 3684 3559 3563 3442 3698 3573 3831
3629
3527
3604 3707
3488 3938 3448 3557 3528 3497 3785 3851 3966 3542 3702 3804 3902
3611 3545
3528
3730 3604 3518 3576 3790 3824 3450 3707
3596 3860 3605 3485 3497 3627 3640 3527 3926 3542 3800 3804 3687 3559 3702 3832 3838
3737 3611 3514
3529
3459 3460 3972 3466 3468 3726 3602 3614 3758 3761 3900 3777 3906 3793 3668 3937 3568
3469 3869 3752 3634 3510 3909 3915 3554 3945 3443 3956
3630
3530

3723 3504 3511 3673 3551

3531
3490 3949 3446 3863 3549
3546

3532
3617 3468 3564 3829
3622 3499 3927 3956 3767 3931 3803

3533
3467 3438 3929
3948 3501 3795 3512 3517
3734
3534
3459 3612 3614 3617 3758 3761 3506 3770 3906 3793 3937 3564 3568 3829
3593 3881 3499 3810 3437 3825 3705

3535
3524 3623 3468 3758 3694 3866 3645
3584 3782 3881 3499 3825 3927

3536
3682 3624 3662 3549
3812 3727 3441 3922

3537

3664 3901

3538
3874 3657 3725 3743 3473 3541 3868
3912 3595 3917 3567 3857 3441 3445 3739 3871

3539
3823
3904 3690 3437 3895 3678 3583

3540
3971 3692 3438
3841 3851 3596 3480 3618 3491 3780 3525 3656 3797 3677 3556 3684 3563 3693 3440 3962 3966
3734 3760 3674 3830
3541
3874 3657 3628 3473 3538 3868 3743
3912 3595

3542
3730 3604 3628 3518 3790 3824
3852 3488 3497 3902 3527 3528 3658 3926 3543 3800 3930 3940 3559 3817 3966 3702 3838
3514 3545
3543
3576
3526 3497 3859 3475 3542

3544

3808 3437 3888 3775
3674
3545
3971 3471 3858 3755 3884 3633 3518 3651 3790 3450 3438 3824 3576 3578
3968 3586 3842 3845 3722 3596 3475 3731 3480 3488 3491 3495 3627 3756 3501 3889 3891 3640 3642 3527 3913 3449 3831 3788 3542 3926 3800 3930 3804 3677 3962 3938 3684 3687 3943 3559 3838 3697 3828 3703 3577 3702 3452 3966
3456 3734 3737 3611 3514 3674 3830
3546
3624 3531 3662 3446 3580 3549
3939 3963 3679

3547

3747 3684 3779 3950 3548 3677 3454 3775

3548

3908 3495 3948 3437 3661 3897 3547
3737
3549
3585 3682 3490 3814 3624 3531 3662 3446 3863
3905 3812 3536 3546

3550
3633
3872 3520 3968 3525 3496 3625 3667 3573 3672 1085 862

3551
3925 3961
3530 3437 3504

3552

3625 3886 3573 3672
3830
3553
3840 3599 3728 3472 3470 3753 3773 3778 3685 3835 3710 3455
3722 3598 3505 3508 3644 3521 3526 3663 3802 3936 3563 3437 3698 3827 3705
3629
3554
3972 3466 3464 3761 3474
3752 3529 3561 3469 3437 3915 3443 3956 3507 3510 3794 3634
3680
3555
3617 3777 3591 3758 3829 3604
3584 3463 3593 3754 3767 3437 3507 3956 3515 3511 3803
3600
3556
3971
3521 3492 3684 3688 3625 3817 3851 3540 1085
3611
3557
3858 3604 3518 3670 3574
3596 3731 3860 3488 3635 3640 3642 3527 3800 3938 3687 3828 3702 3838
3737 3611 3514
3558
3719 3866 3870 3758 3506 3646 3906 3792 3793 3947 3951 3568 3829 3711
3584 3969 3463 3593 3855 3738 3869 3620 3881 3643 3909 3782 3794 3810 3945 3437 3826
3924
3559
3462 3604 3877 3884 3762 3576
3461 3731 3485 3488 3627 3891 3526 3528 3926 3542 3930 3681 3944 3573 3831
3545 3934
3560
3691


3561
3604 3964
3554 3942 3752 3469 3825 3927 3803 1085

3562
3479 3613 3523 3883 3695 3481 3898
3594 3919 3639 3516 3581
3830
3563
3873
3553 3683 3525 3526 3656 3948 3886 3540 3962 3741
3830
3564
3617 3459 3719 3532 3534
3690 3437 3821 3825 3927 3803 3678

3565
3477
3756 3637

3566
3662 3961
3780 3723 3437 3511 3515 3487

3567
3874 3657 3628 3725 3538 3868
3912 3437 3917 3857

3568
3843 3460 3973 3468 3601 3866 3614 3617 3623 3758 3906 3534 3793 3947
3593 3484 3764 3768 3782 3529 3914 3786 3931 3558 3437 3825
3680 3834
3569
3714 3900 3906 3793 3947 3951 3706
3463 3593 3869 3486 3909 3794 3705 3803 3822 3826 3833
3680
3571
3899 3975 3836 3837 3774
3757 3759 3701 3579 3519
3708 3675
3572
3714 3706
3822 3794 3705 3869 3486

3573
3877 3576
3488 3521 3552 3526 3559 3625 3672 3852 3966 3891 3797 3702 3930 3550

3574
3877 3576
3557 3640 3596 3437 3731 3635 3605 3642
3830 3611
3575

3672

3576
3462 3858 3604 3877 3824 3574
3596 3731 3860 3605 3488 3497 3756 3891 3642 3902 3528 3785 3658 3926 3543 3800 3938 3559 3440 3966 3828 3573 3702 3577 3838
3611 3545 3830
3577
3873 3877 3633 3651 3576 3929
3968 3586 3721 3851 3596 3741 3495 3756 3501 3886 1085 3517 3780 3525 3656 3800 3677 3938 3684 3943 3944 3948 3828 3448 3449
3456 3734 3611 3545 3674
3578
3877 3790 3824 3633 3858 3730 3670
3938 3683 3640 3828 3731 3860 3838
3737 3545 3514 3830
3579
3836 3975 3465 3837 3774
3759 3571 3476 3519
3675 3708
3580
3585 3446
3905 3679 3894 3546 3447

3581
3649 3523 3562 3883 3695 3479 3481 3613


3582

3752 3443

3583
3464 3758
3494 3539 3931 3869

3584
3973 3719 3976 3468 3870 3617 3758 3631 3506 3896 3900 3646 3903 3784 3535 3792 3793 3947 3951
3969 3718 3593 3620 3763 3768 3643 3904 3782 3794 3927 3810 3555 3558 3690 3818 3821 3826 3833
3924
3585
3490 3949 3446 3863 3580 3549
3679

3586
3971 3633 3651 3438 3692
3841 3712 3851 3475 3480 3491 3495 3756 3889 3517 3788 3577 3800 857 3677 862 3938 3948 3693 3437 3448 3449 3454
3456 3734 3760 3765 3545 3674 3830
3587
3655 3696 3920 3967
3809 3747 3783 3478 3766 3960

3588
3455
3827 3862

3590
3867 3636 3921 3815 3710 3455
3713 3722 3862 3608 3740 3756 3521 3526 3663 3944 3705
3629 3907
3591
3714 3951 3506 3706 3900
3555 3463 3593 3822 3855 3794 3826 3833 3486
3680 3924
3592
3522 3847
3521 3677 3979 3916 3437 3888 1085

3593
3714 3458 3591 3719 3601 3493 3623 3758 3631 3646 3906 3534 3793 3951 3568 3569 3829 3706 3711
3584 3718 3463 3855 3869 3486 3634 3764 3509 3768 3515 3648 3786 3931 3810 3555 3558 3818 3437 3443 3833
3924 3680
3594
3649 3562 3695 3479 3481 3898 3613

3830
3595
3657 3628 3725 3538 3541 3868 3743
3912 3917 3857 3739

3596
3971 3462 3730 3604 3884 3633 3762 3790 3686 3692 3824 3574 3576 3450
3841 3721 3851 3731 3605 3860 3603 3488 3750 3495 3497 3627 3756 3501 3503 3889 3635 3640 3642 3902 3779 3780 3525 3528 3785 3658 3449 3913 3788 3832 3540 3797 3926 3800 3930 3804 3677 3962 3681 3684 3557 3943 3693 3948 3440 3966 3828 3702 3577 3452 3838
3456 3734 3737 3611 3514 3545
3597

3521 3442

3598
3850 3472
3936 3553 3505 3698 3508 3482

3599
3715 3850 3470 3728 3735 3867 3753 3498 3636 3769 3815 3455
3713 3722 3862 3740 3615 3526 3663 3802 3553 3442
3629 3907
3600
3612 3861
3440 3555

3601
3906 3460 3623 3464 3468 3823 3568 3604 3866 3645
3593 3818 3881 3825 3768

3602
3524 3460 3972 3464 3761 3474 3770
3945 3529 3738 3869
3630
3603
3790
3756 3596 3640 3838

3604
3462 3464 3601 3474 3861 3730 3617 3770 3645 3518 3790 3450 3576
3841 3845 3721 3851 3596 3852 3731 3860 3605 3480 3869 3488 3497 3627 3756 3501 3889 3635 3640 3512 3448 3527 3528 3913 3914 3788 3926 3542 3672 3800 3677 3938 3555 3557 3943 3687 3561 3559 3948 3437 3449 3962
3734 3737 3611 3514
3605
3730 3604 3518 3790 3670 3824 3574 3576 3450 3707
3596 3860 3488 3880 3756 3528 3785 3926 3800 3804 3687 3437 3702 3454
3737 3611 3514
3606
3745
3727

3607

3747 3505 3508 3478 3644 3933

3608
3694 3728 3921 3735 3867 3710 3455
3521 3590 3722 3615 3442 3862 3705

3609
3633 3692
3968 3721 3851 3741 3618 3495 3756 3501 1085 3779 862 3938 3943 3948 3448 3449 3962
3456
3610
3847 3659
3779 3979 3950 3888 3953 3732 3772
3674
3611
3971 3462 3471 3858 3604 3877 3633 3762 3518 3790 3824 3574 3576
3842 3845 3851 3852 3596 3475 3605 3731 3860 3485 3491 3497 3635 3640 3902 3448 3527 3528 3785 3913 3926 3672 3800 3930 3804 3556 3557 3817 3577 3452 3966
3737 3545 3830
3612
3937 3941 3464 3837 3534 3758 3836
3945 3437 3759 3825 3764 3893 3895 3673 3869
3600
3613
3649 3523 3562 3883 3695 3479 3481 3898
3639 3594 3919 3516 3581
3830
3614
3459 3534 3568 3900
3529 3825

3615
3815 3498 3500 3599 3921 3636 3867 3835
3776 3521 3437 3664 3442 3508 3608 3740
3907
3616
3844 3716 3699 3932 3647
3848 3918 3439 3638 3799 3513

3617
3464 3724 3604 3483 3645 3777 3532 3534 3793 3564 3568
3584 3738 3869 3622 3754 3499 3895 3931 3555 3690 3437 3825
3680 3830 3834
3618
3873 3971 3633
3968 3521 3750 3495 3625 3851 3609 3540 3797 3449
3456
3619

3970
3760
3620
3506 3870 3711
3584 3969 3718 3558 3764

3621
3861
3454 3684 3495 3721 3689 3797 857 3902

3622
3617 3878 3719 3532 3468
3931 3821 3927 3803

3623
3906 3524 3468 3758 3535 3568 3601 3793 3506 3866 3645
3810 3782 3593 3818 3437 3768

3624
3490 3814 3863 3949 3662 3549
3437 3536 3447 3546

3625
3873 3633 3692
3968 3841 3842 3721 3978 3851 3618 3495 3756 3501 3886 3520 3521 3525 3667 3797 3672 3550 3552 3938 3556 3684 3948 3573 3449
3734 3674 3830
3626
3847
3979 3916 3504 857

3627
3790 3730 3604 3707
3488 3681 3559 3528 3596 3635 3702 3640 3804 3485
3545
3628
3874 3657 3725 3473 3541 3868 3743
3595 3819 3917 3567 3857 3871 3445 3542 3892 3739

3629
3850 3470 3599 3728 3472 3735 3867 3753 3498 3636 3769 3778 3666 3815 3835 3710
3713 3590 3977 3722 3862 3496 3521 3526 3553 3442 3705
3907
3630
3464 3602 3474 3829
3529 3945 3469 3634 3443 3510

3631
3711 3792 3506 3903
3648 3584 3593 3786 3833

3632

3720 3508 3918

3633
3971 3873 3877 3884 3651 3654 3578 3692 3438 3824
3968 3841 3586 3842 3851 3596 3860 3609 3741 3618 3495 3625 3501 3756 3889 3517 1085 3656 3788 3577 3667 3796 3797 3800 3928 3804 3550 862 3943 3687 3948 3693 3440 3437 3828 3448 3449 3962
3456 3734 3611 3760 3545
3634
3972 3464 3474
3554 3752 3529 3915 3593 3469 3443 3510
3630
3635
3730 3604 3518 3670 3686 3574
3596 3731 3627 3640 3926 3800 3930 3804 3938 3557 3948 3702 3832 3838
3611 3514
3636
3599 3728 3735 3867 3753 3769 3921 3666 3835 3710 3455
3713 3590 3722 3740 3615 3802 3442 3705
3629
3637
3659 3477
3756 3565

3638
3616 3716 3844 3952 3932 3647
3848 3918 3439 3799

3639
3649 3523 3562 3695 3479 3481 3613
3516

3640
3858 3604 3762 3518 3790 3670 3824 3574 3578 3707
3596 3603 3860 3627 3635 3642 3528 3785 3926 3800 3938 3557 3687 3437 3828 3702 3832 3838
3734 3737 3611 3514 3545
3641
3655 3500 3920 3696 3967
3960 3933
3907
3642
3576 3730 3574 3450
3779 3448 3557 3658 3596 3731 3475 3860 3640 3828 3930 3454
3737 3545
3643
3458 3719 3976 3951 3870 3711
3648 3584 3810 3909 3718 3558 3855 3826 3794 3895
3680 3924
3644
3840 3685 3850 3472
3553 3747 3505 3698 3442 3607 3482

3645
3617 3843 3941 3623 3468 3535 3601 3604 3866
3782 3786 3437 3443 3764
3680
3646
3758 3951 3506 3711
3584 3969 3810 3558 3593 3763
3924
3647
3616 3716 3932
3918 3439 3638 3799

3648
3458 3719 3758 3711 3792 3631 3506 3706 3903
3810 3593 3763 3511 3643
3924
3649
3523 3883 3695 3481 3898 3613
3581 3594 3919 3639 3516
3830
3651
3858 3873 3877 3633 3929 3824
3841 3586 3851 3750 3495 3501 3886 1085 3525 3577 3677 3683 3948 3437 3449
3456 3734 3545 3674 3830
3652
3466
3665 3825 3489

3653
3789
3720 3918

3654
3755 3824 3633
3938 3697 3703 3930 3804
3456 3830
3655
3587 3920 3696 3641 3964 3967
3776 3747 3783 3791 3478 3960

3656
3633 3929
3968 3841 3842 3683 3525 3750 3563 3756 3437 3886 3577 3540
3830 3734
3657
3725 3628 3538 3541 3868
3595 3819 3567 3892 3739

3658
3576
3488 3497 3785 3756 3596 3800 3891 3731 3828 3542 3642 3452 3966

3659

3779 3979 3950 3888 3637 3610 3772 3930

3660
3847 3870
3780 3775

3661

3948 3548 3908
3737
3662
3682 3745 3490 3814 3624 3446 3863 3549
3905 3812 3566 3536 3441 3546

3663
3599 3728 3735 3710 3455
3713 3553 3590 3977 3442 3740

3664
3696
3776 3901 3918 3537 3933 3615

3665

3489 3652 3825 3931 3676

3666
3728 3921 3636 3710
3521
3629
3667
3692 3633
3968 3684 3550 3480 3495 3625 3852 3886 3736 3962 3902

3668
3464 3466 3761
3529 3469 3956 3738

3669
3813
3864 3911
3830
3670
3686 3824 3578 3518
3938 3557 3687 3880 3948 3731 3635 3605 3640 3804
3514 3830
3671
3882
3499 3821 3958 3768

3672
3462 3471 3604 3877 3450 3575 3707
3845 3851 3475 3872 3488 3496 3497 3625 3503 3891 3520 3521 3785 3926 3928 3930 3550 3552 3938 3684 3966 3573 3702 3962 3838
3737 3611 3514
3673
3612
3530 3454

3674
3847 3651 3692
3586 3979 3610 3750 3625 3756 3501 3886 3888 3525 3788 3577 3540 3544 3677 3938 3948 3693 3437 3449 3962
3456 3734 3514 3545 3830
3675
3465 3836 3837
3757 3437 3759 3571 3476 3579 3519
3708
3676

3665 3489 3825

3677
3847 3592 3604 3651 3692 3438
3968 3586 3851 3596 3480 3756 3501 3504 1085 3517 3577 3540 3797 3800 3547 3930 862 3938 3684 3437 3948 3697 3828 3448 3449 3962 3454 3839
3456 3734 3545 3674
3678
3564
3442 3539 3791

3679
3585 3863 3580
3939 3894 3546 3963 3806 3447

3680
3714 3843 3591 3466 3468 3617 3493 3878 3506 3900 3645 3951 3568 3569 3706 3711
3969 3718 3463 3593 3869 3499 3643 3794 3803 3931 3554 3437 3826 3833

3681

3627 3596 3485 3559

3682
3490 3814 3949 3662 3549
3437 3536 3447

3683
3651 3877 3692 3790 3578
3842 3525 3656 3563 3756 3948 3886

3684
3971 3471 3873 3877 3692
3968 3841 3842 3851 3852 3596 3475 3736 3484 3741 3872 3492 3621 3495 3750 3496 3625 3756 3501 3886 1085 3902 3520 3521 3780 3526 3577 3667 3540 3797 3926 3672 3547 3677 862 3938 3556 3817 3948 3693 3440 3697 3828 3831 3448 3449 3702 3966
3734 3545 3830
3685
3840 3850 3472 3455
3521 3553 3526 3505 3698 3508 3482 3644

3686
3670
3635 3596

3687
3858 3604 3730 3884 3633 3518 3670 3824
3731 3860 3605 3488 3495 3640 3528 3926 3800 3804 3938 3557 3966 3702 3838
3456 3737 3514 3545 3830
3688

3556

3689

3721 3621

3690
3483 3870 3617 3878 3506 3564
3584 3869 3494 3507 3895 3768 3781 3782 3539 3927 3803 3821 3437

3691
3560


3692
3877 3633
3968 3841 3586 3712 3596 3480 3609 3495 3625 3756 3501 3886 3667 3540 3797 3677 3938 3683 3684 3948 3693 3449 3962
3456 3734 3674 3830
3693
3971 3633 3692 3438
3841 3586 3970 3845 3596 3480 3491 3756 3540 3938 3684 3948 3838 3448 3449 3454
3456 3734 3674
3694
3535
3608

3695
3649 3523 3562 3883 3479 3481 3898 3613
3581 3639 3594 3919 3516

3696
3587 3655 3500 3920 3641 3967
3776 3747 3783 3664 3478 3960 3933

3697
3971 3654 3824 3858
3842 3492 3684 3938 3495 3756 3440 3831 3448 3677
3456 3545
3698
3840 3685 3850
3553 3747 3526 3598 3505 3442 3508 3482 3644

3699
3616
3439

3700
3502 3813
3911
3830
3701
3910 3975 3965 3957 3836 3837
3757 3759 3571 3519

3702
3877 3518 3790 3824 3576
3845 3596 3475 3731 3605 3488 3627 3891 3635 3640 3527 3528 3832 3542 3800 3672 3804 3938 3684 3557 3687 3573 3838
3737 3545
3703
3971 3654 3755
3968 3457 3938 3842 3440 3831 3926 3902
3456 3830 3545
3704

3891

3705
3714 3867 3636 3906 3534 3793 3921 3569 3706 3835
3713 3590 3722 3608 3740 3869 3486 3494 3759 3763 3794 3802 3553 3818 3826 3442 3572
3629 3924
3706
3714 3591 3870 3506 3900 3906 3569
3463 3593 3869 3486 3509 3511 3515 3648 3794 3833 3803 3822 3572 3705
3924 3680
3707
3518 3730
3527 3528 3913 3497 3785 3627 3756 3672 3731 3605 3640 3838
3737 3514
3708
3975 3957 3836 3837
3757 3918 3759 3571 3579 3519
3675
3710
3470 3728 3735 3636 3769 3921 3666 3835 3455
3713 3590 3722 3862 3608 3521 3663 3553 3442
3629 3907
3711
3458 3719 3870 3493 3758 3631 3646 3903 3784 3792 3951
3969 3718 3593 3620 3881 3643 3648 3794 3810 3558
3680
3712
3692
3586 3491 3838
3734
3713
3715 3599 3728 3735 3867 3753 3636 3921 3835 3710
3590 3722 3862 3740 3526 3663 3802 3705
3629 3907
3714
3591 3870 3506 3900 3906 3793 3951 3823 3569 3829 3706
3463 3593 3486 3509 3833 3803 3572 3705
3924 3680
3715
3867 3498 3599 3921 3835 3455
3713 3442 3740
3907
3716
3616 3932 3647
3439 3638 3799

3717


3744 3830
3718
3458 3468 3870 3506 3900 3903 3792 3793 3947 3951 3711
3584 3969 3593 3620 3509 3643 3810 3437
3924 3680
3719
3493 3758 3770 3564 3951 3711
3584 3593 3622 3764 3511 3895 3643 3648 3927 3810 3558 3437
3924
3720
3749 3789 3923
3653 3787 3918 3632 3802

3721
3858 3604 3873 3877
3596 3860 3609 3741 3621 3495 3625 3756 3501 1085 3525 3449 3796 862 3689 3948 3437 3577

3722
3850 3599 3728 3876 3753 3636 3773 3778 3921 3835 3710 3455
3713 3590 3862 3608 3740 3496 3505 3508 3521 3526 3918 3802 3553 3442 3705
3629 3907 3545
3723
567 3961
3530 3566 3504 3487

3724
3464 3617
3511

3725
3874 3657 3628 3473 3538 3868 3743
3912 3595 3819 3917 3567 3871 3445 3739

3726
3972 3460 3464 3466 3861
3909 3752 3529 3945 3469 3956 3738

3727
3745 3949 3606 3771
3536

3728
3599 3735 3867 3753 3498 3636 3769 3921 3666 3710 3455
3713 3722 3862 3608 3508 3521 3663 3553 3442
3629 3907
3730
3604 3518 3790 3578 3824 3450 3707
3596 3731 3605 3488 3627 3635 3642 3528 3913 3542 3926 3800 3804 3687 3832
3737 3514
3731
3858 3730 3604 3884 3762 3790 3670 3824 3574 3576 3578 3707
3596 3860 3488 3503 3635 3642 3902 3785 3658 3926 3800 3804 3557 3559 3687 3702 3966
3611 3545
3732

3610

3733
3861


3734
3971 3604 3873 3884 3633 3651 3929 3692 3438 3824
3712 3841 3968 3586 3851 3596 3480 3495 3625 3756 3501 3640 3525 3656 3449 3533 3540 3677 3684 3693 3948 3440 3448 3577 3962
3456 3737 3760 3545 3674
3735
3753 3599 3921 3728 3636 3867 3710 3455
3713 3521 3663 3442 3608
3629
3736
3873
3968 3842 3684 3785 3948 3667 3831
3830
3737
3730 3604 3873 3518 3790 3578 3824 3450 3707
3596 3605 3512 3640 3642 3525 3528 3661 3800 3672 3548 3938 3557 3687 3702 3966
3734 3611 3514 3545
3738
3972 3464 3726 3602 3474 3617 3761 3668 3937 3829
3469 3859 3752 3754 3510 3511 3782 3915 3558 3821 3443 3956

3739
3874 3657 3628 3725 3473 3538 3868 3743
3595 3819

3740
3715 3599 3867 3498 3636 3921 3835
3713 3590 3977 3722 3862 3865 3615 3521 3663 3442 3705
3907
3741
3877 3633
3684 3780 3721 3563 3852 3851 3948 3609 3501 3797 3577 1085 3966
3830
3742
3861
3849 3954

3743
3874 3628 3725 3538 3541
3912 3595 3917 3819 3857 3445 3739 3871

3744
3717

3830
3745
3949 3662 3606
3812 3727

3746
3846


3747
3587 3655 3920 3696 3964
3776 3809 3783 3791 3505 3698 3508 3478 3607 3960 3547 3933 3644

3749
3923 3789 3751
3720

3750
3971 3877 3884 3651
3968 3851 3596 3618 3495 3496 3756 1085 3779 3656 3795 3684 3950
3456 3674 3830
3751
3923 3789 3749
3787

3752
3937 3972 3726 3761 3829
3554 3529 3561 3915 3634 3443 3764 3510 3738 3582

3753
3850 3470 3599 3728 3735 3867 3636 3773 3778 3835 3455
3713 3722 3505 3521 3526 3553 3437 3442
3629
3754
3617 3506 3483
3555 3507 3927 3738

3755
3971 3654
3440 3703
3830 3545
3756
3462 3604 3477 3884 3633 3576 3929 3692 3824 3707
3841 3586 3590 3721 3851 3596 3603 3605 3480 3609 3492 3750 3495 3625 3501 3886 3889 3637 3772 1085 3525 3785 3658 3656 3797 3800 3677 3938 3683 3684 3943 3565 3693 3697 3828 3448 3577 3962
3456 3734 3545 3674 3830
3757
3899 3836 3465 3957 3837 3774
3918 3759 3571 3476 3701
3675 3708
3758
3459 3719 3612 3623 3761 3506 3646 3777 3906 3534 3535 3793 3947 3711 3568 3829
3584 3969 3593 3855 3499 3764 3648 3782 3529 3786 3810 3555 3558 3945 3818 3825 3583
3924
3759
3836 3975 3837 3465 3957 3612 3965 3774
3757 3437 3571 3476 3701 3705 3579
3675 3708
3760
3633
3586 3619 3501 3540 3512 3517
3734 3830 3514
3761
3972 3466 3464 3758 3534 3602 3474 3668 3829
3554 3752 3945 3529 3915 3738

3762
3462 3884 3824
3559 3640 3596 3902 3731 3800 3930 3804
3456 3611 3934
3763
3459 3646
3584 3511 3648 3810 3782 3799 3705
3924
3764
3972 3719 3464 3468 3474 3612 3758 3645 3793 3568
3593 3620 3752 3499 3895 3927 3931 3810 3818 3821
3834
3765

3586 3930
3830
3766
3587 3500
3776 3809 3437 3791 3478 3933

3767
3532 3470 3829
3555 3782 3958 3927 3803

3768
3906 3524 3623 3947 3568 3601 3793 3866
3584 3810 3782 3945 3690 3593 3818 3786 3914 3671

3769
3778 3470 3599 3728 3636 3710 3455
3521 3526 3977
3629
3770
3524 3719 3534 3602 3604
3437 3511

3771
3490 3949
3437 3855 3727 3956

3772
3847 3659
3968 3779 3756 3950 3610

3773
3778 3753 3850 3470 3455
3553 3526 3722 3442 3802

3774
3899 3910 3975 3465 3957 3836 3837
3757 3759 3571 3476 3579 3519

3775
3847 3660
3496 3437 3953 3895 3544 3547 3454

3776
3655 3500 3920 3696 3964 3967
3747 3783 3615 3791 3664 3508 3478 3766 3933

3777
3617 3758 3829
3555 3529 3437 3803

3778
3876 3753 3470 3769 3773 3455
3521 3553 3722 3827
3629
3779
3941 3659
3872 3454 3750 3596 3437 3503 3642 3448 3609 3610 3547 3772 862

3780
3971 3877 3660 3929
3842 3684 3525 3596 3566 3440 3540 3577 3741 3966

3781
3823
3690 3946

3782
3459 3460 3468 3866 3623 3758 3645 3535 3793 3947 3568 3836
3584 3738 3763 3767 3768 3786 3927 3931 3810 3558 3945 3818 3690 3437

3783
3587 3655 3500 3696
3776 3809 3747 3791 3960 3933

3784
3906 3973 3947 3438 3793 3506 3896 3711
3584 3833

3785
3707 3858 3576
3527 3640 3596 3756 3672 3503 3800 3658 3731 3860 3605 3736
3611
3786
3906 3524 3947 3758 3631 3793 3568 3900 3645
3782 3945 3593 3437 3822 3768

3787
3923 3751
3720

3788
3633 3604
3841 3586 3596
3545 3674
3789
3749 3751 3923 3807
3653 3720

3790
3730 3604 3884 3450 3824 3578
3845 3596 3603 3605 3731 3485 3488 3497 3627 3640 3902 3528 3913 3542 3926 3800 3804 3938 3683 3828 3702 3832
3737 3611 3545 3830
3791
3655 3500 3920 3964 3967
3776 3809 3747 3783 3901 3437 3766 3478 3960 3933 3678

3792
3458 3493 3882 3951 3631 3711
3584 3969 3648 3718 3558 3822
3924
3793
3714 3459 3458 3973 3976 3866 3483 3617 3623 3758 3896 3900 3784 3534 3947 3951 3568 3569
3584 3718 3463 3593 3499 3764 3509 3768 3782 3529 3786 3705 3794 3931 3803 3810 3558 3818 3822 3826 3833

3794
3591 3506 3900 3903 3906 3793 3947 3951 3569 3706 3711
3584 3969 3855 3869 3486 3509 3511 3643 3705 3554 3558 3822 3826 3572 3833
3924 3680
3795

3750 3533
3830
3796
3470 3633
3495 3721 3851 3501 3950 3797 3449

3797
3971 3633 3692
3968 3842 3851 3596 3741 3872 3618 3621 3495 3625 3756 3501 3886 1085 3521 3540 3796 857 3677 862 3938 3684 3948 3440 3573 3448 3449 3962
3456
3799
3616 3716 3844 3952 3932 3647
3848 3437 3439 3763 3638 3480

3800
3730 3604 3633 3762 3518 3576 3790
3586 3851 3596 3731 3605 3488 3756 3501 3503 3635 3640 3512 3528 3785 3913 3658 3577 3542 3926 3804 3677 3938 3557 3943 3944 3687 3702 3448 3449 3962 3838
3456 3737 3611 3514 3545 3830
3802
3599 3921 3636 3835 3773 3455
3521 3713 3553 3720 3722 3442 3705

3803
3714 3777 3906 3532 3793 3564 3569 3706
3869 3486 3622 3890 3509 3767 3555 3561 3690 3437 3821
3680
3804
3858 3730 3884 3633 3762 3518 3654 3790 3670 3450
3845 3596 3731 3605 3485 3488 3497 3627 3503 3635 3902 3527 3528 3913 3926 3800 3930 3938 3687 3702 3448 3838
3456 3611 3514 3545 3830
3805

3440 3449 3916 3950

3806

3905 3963 3894 3679

3807
3789


3808

3544

3809
3587 3920
3747 3783 3791 3887 3508 3476 3766 3960 3901

3810
3458 3719 3468 3493 3623 3758 3506 3896 3646 3534 3793 3951 3711
3584 3718 3593 3855 3881 3763 3764 3768 3643 3648 3782 3558 3437 3833
3924
3811
3949


3812
3745 3459 3662 3549
3536

3813
3502 3700 3669
3911 3864
3830
3814
3682 3624 3662 3446 3549


3815
3455 3599 3921 3867
3521 3590 3615
3907 3629
3817
3971
3842 3684 3556 3496 3851 3542 3831 3484 3485
3611
3818
3623 3758 3601 3793 3896
3584 3782 3593 3768 3764 3705

3819
3874 3657 3628 3725 3473 3868 3743
3437 3917 3445 3739

3821
3906 3878 3466 3564 3947 3483 3829
3584 3671 3622 3881 3690 3764 3511 3738 3803
3834
3822
3458 3591 3870 3506 3896 3900 3792 3793 3951 3569 3706
3969 3486 3909 3786 3794 3826 3572
3924
3823
3714 3468 3601
3781 3946 3437 3539 3956 3927

3824
3462 3858 3730 3873 3877 3884 3633 3762 3651 3654 3790 3670 3576 3578
3596 3731 3605 3488 3495 3497 3756 3501 3640 3528 3913 3831 3926 3542 3938 3687 3838 3697 3702 3452 3966
3456 3734 3737 3611 3514 3545 3830
3825
3459 3601 3612 3614 3617 3758 3534 3535 3564 3568
3469 3489 3499 3893 3652 3665 3927 3676 3561 3437

3826
3591 3976 3468 3870 3506 3896 3793 3947 3951 3569
3584 3869 3486 3890 3509 3643 3909 3794 3558 3822 3958 3705
3924 3680
3827
3778 3455
3553 3588

3828
3633 3790 3576 3578
3596 3475 3860 3756 3640 3642 3658 3677 3938 3684 3557 3966 3577 3838
3514 3545
3829
3714 3843 3972 3460 3464 3466 3474 3758 3761 3506 3900 3777 3532 3534
3593 3738 3752 3499 3510 3767 3915 3555 3558 3945 3821 3443 3956
3630
3830
3613 3617 3649 3651 3654 3669 3670 3692 3700 3717 3755 3790 3813 3824 3858 3873 3883 3898 3957 3971 3467 3481 3523 3562 3574 3576 3578
3586 3594 3625 1085 3656 3684 3687 3703 3736 3741 3750 3756 3795 3800 3804 3831 3832 3841 3842 3851 3860 3864 3880 3886 3911 3913 3919 3926 3930 3943 3437 3448 3449 3962 3966 3968 3970 3457 3480 3495 3501 3512 3540 3552 3563
3611 3674 3744 3760 3765 3456 3514 3545
3831
3971 3884 3824
3457 3842 3461 3736 3496 3521 3526 3938 3684 3559 3817 3697 3703
3456 3545 3830
3832
3790 3730 3518
3528 3596 3437 3482 3635 3702 3640
3830 3514
3833
3714 3973 3591 3976 3631 3506 3896 3906 3784 3793 3947 3951 3569 3706
3584 3969 3593 3869 3486 3509 3794 3810
3924 3680
3834
3617 3568
3881 3499 3437 3821 3764

3835
3715 3850 3867 3753 3498 3636 3921 3710 3455
3713 3722 3862 3740 3615 3802 3553 3705
3629 3907
3836
3899 3964 3465 3837 3957 3612 3774
3782 3757 3918 3759 3571 3579 3893 3701 3519
3675 3708
3837
3975 3465 3957 3836 3612 3774
3437 3918 3759 3757 3571 3701 3579 3519
3708 3675
3838
3971 3462 3877 3884 3518 3450 3824 3576 3578 3707
3712 3851 3596 3475 3603 3860 3485 3488 3497 3503 3635 3891 3640 3902 3448 3528 3542 3926 3672 3930 3800 3804 3938 3940 3557 3687 3943 3944 3693 3828 3702 3449 3452 3966
3514 3545
3839

3504 3677

3840
3685 3850 3472
3521 3553 3526 3505 3698 3508 3644

3841
3604 3633 3651 3929 3692
3586 3596 3480 3492 3625 3756 3501 3525 3656 3788 3540 3938 3684 3693 3950 3448 3449 3962
3734 3830
3842
3971 3873 3877 3633 3438
3968 3851 3736 3484 3491 3495 3625 3501 3886 3780 3525 3703 3656 3797 3938 3683 3684 3817 3948 3440 3697 3831 3966
3456 3611 3545 3830
3843
3568 3829 3645
3499 3437 3927
3680
3844
3616
3437 3638 3799

3845
3790 3471 3604
3488 3491 3448 3851 3693 3902 3891 3475 3702 3672 3804 3485 3966
3545 3611
3846
3746


3847
3592 3660
3626 3979 3916 3953 3610 3772 3677 3775
3674
3848
3616
3638 3918 3799

3849
3861 3742
3904

3850
3840 3685 3753 3599 3835 3773 3455
3526 3722 3598 3505 3698 3442 3508 3644
3629
3851
3971 3471 3604 3873 3877 3633 3651 3438
3968 3842 3586 3845 3596 3475 3609 3741 3618 3491 3750 3495 3625 3756 3501 3889 1085 3517 3527 3577 3796 3797 3540 3672 3800 3677 3556 3684 3943 3817 3948 3440 3966 3449 3838
3456 3734 3611 3830
3852
3873 3971 3877 3471 3604
3684 3497 3886 3902 3667 3573 3542 3926 3475 3741 3966
3611
3854

3918

3855
3591 3976 3758 3506 3771
3810 3558 3593 3794 3509 3515 3643 3486

3857
3628 3473 3538 3868 3743
3595 3917 3567

3858
3884 3518 3651 3824 3576 3578
3721 3731 3860 3488 3640 3785 3913 3926 3930 3804 3938 3557 3687 3697
3456 3611 3545 3830
3859
3861 3870
3443 3543 3738

3860
3858 3604 3884 3633 3576 3450 3578
3721 3596 3731 3605 3488 3640 3642 3528 3913 3785 3557 3687 3437 3838 3828 3448 3966
3611 3514 3830
3861
3726 3604 567 3742
3904 3454 3621 3463 3849 3437 3954 3859 3733
3600
3862
3498 3835 3599 3728 3921 3867 3710 3455
3713 3588 3526 3590 3722 3608 3740
3629
3863
3585 3490 3624 3531 3662 3446 3549
3894 3679

3864
3813 3502 3669
3911
3830
3865

3740

3866
3623 3468 3535 3568 3793 3601 3645
3782 3558 3881 3511 3768

3867
3715 3599 3728 3735 3753 3636 3921 3815 3835
3713 3590 3862 3608 3740 3615 3521 3442 3705
3629 3907
3868
3874 3657 3725 3628 3473 3538 3541
3912 3595 3819 3567 3917 3857 3892 3445 3739

3869
3602 3604 3612 3870 3617 3506 3900 3906 3947 3569 3706
3593 3486 3509 3510 3529 3794 3833 3803 3558 3690 3826 3572 3705 3583
3924 3680
3870
3714 3896 3900 3903 3906 3660 3947 3951 3706 3711
3584 3718 3859 3869 3486 3620 3643 3558 3690 3822 3826
3924
3871
3628 3725 3538 3743
3917

3872
3522
3779 3684 3495 3979 3950 3888 862 3797 3672 1085 3550

3873
3971 3877 3633 3651 3824
3968 3842 3721 3851 3852 3475 3736 3484 3618 3495 3625 3501 3512 3902 3525 3938 3684 3563 3577 3962 3966
3456 3734 3737 3830
3874
3628 3725 3473 3538 3541 3868 3743
3912 3819 3917 3567 3892 3739

3875

3887

3876
3778 3470 3455
3521 3722

3877
3462 3471 3873 3633 3651 3929 3692 3824 3574 3576 3578
3968 3842 3721 3851 3852 3475 3741 3750 3495 3886 1085 3517 3902 3780 3577 3672 3930 3962 3683 3684 3559 3943 3838 3440 3573 3702 3449 3452 3966
3611
3878
3468 3903
3622 3690 3821
3680
3879

3918

3880
3670
3970 3908 3437 3605
3830
3881
3460 3466 3468 3534 3535 3601 3866 3711
3810 3558 3499 3821 3510
3834
3882
3792
3671

3883
3649 3613 3523 3562 3695 3479 3481 3898
3516 3581
3830
3884
3971 3858 3633 3762 3790 3824
3968 3596 3731 3860 3488 3750 3495 3756 3501 3902 3930 3804 3938 3687 3559 3948 3831 3838
3456 3734 3545
3886
3877 3651 3692
3968 3842 3852 3625 3756 1085 3525 3656 3667 3797 3552 3683 3684 3563 3948 3440 3577 3962
3674 3830
3887

3809 3931 3875

3888
3592 3659
3872 3979 3544 3610
3674
3889
3633 3604
3938 3586 3525 3943 3851 3756 3596 3501 3448 3449
3545
3890

3826 3803 3927

3891
3462 3576
3488 3845 3559 3658 3672 3916 3838 3902 3573 3702 3926 3704 3930 3966
3545
3892
3874 3657 3628 3473 3868
3912 3917

3893
3836 3941 3612
3437 3825

3894
3490 3863 3580
3437 3447 3963 3806 3679

3895
3617 3719 3464 3506 3483 3612
3690 3437 3539 3764 3643 3775

3896
3784 3976 3951 3793 3870 3903
3584 3810 3818 3822 3826 3509 3833
3924
3897

3548 3908

3898
3649 3523 3883 3562 3502 3695 3479 3613
3594 3919 3516
3830
3899
3957 3836 3774
3757 3571

3900
3714 3458 3460 3591 3976 3468 3870 3614 3793 3947 3951 3569 3829 3706
3584 3969 3718 3869 3486 3511 3529 3786 3794 3822
3924 3680
3901

3809 3918 3791 3664 3537 3482

3902
3471 3873 3877 3884 3762 3790 3576
3845 3596 3852 3731 3621 3891 3527 3667 3542 3926 3930 3804 3940 3684 3838 3703 3452 3966
3611 3934
3903
3458 3493 3878 3631 3951 3506 3896 3870 3711
3648 3969 3584 3718 3794

3904
3444 3861
3584 3849 3539 3511

3905
3549 3580 3662
3806

3906
3714 3973 3976 3601 3870 3623 3758 3524 3784 3534 3937 3568 3569 3706
3969 3463 3593 3869 3509 3768 3529 3786 3705 3794 3931 3803 3558 3821 3443 3833

3907
3715 3599 3728 3867 3641 3921 3815 3835 3710
3713 3590 3722 3740 3615 3521 3437 3442 3960
3629
3908

3880 3897 3548 3661

3909
3726 3569
3558 3463 3529 3945 3822 3826 3443 3509 3511 3643 3931
3924
3910
3774
3701

3911
3813 3502 3700 3669
3864
3830
3912
3874 3725 3473 3538 3541 3868 3743
3595 3917 3437 3567 3892

3913
3450 3790 3824 3730 3858 3604 3707
3488 3596 3800 3860 3804
3830 3611 3545 3514
3914
3568 3604 3967
3978 3915 3768

3915
3972 3460 3464 3761 3474 3829
3554 3752 3529 3914 3469 3634 3443 3510 3738

3916
3847 3592
3626 3950 3891 3805

3917
3874 3628 3725 3473 3538 3868 3743
3912 3595 3819 3567 3857 3871 3892

3918
3975 3465 3616 3647 3923 3836 3957 3837
3848 3720 3722 3854 3879 3757 3632 3638 3901 3519 3653 3664 3442
3708
3919
3649 3523 3562 3695 3479 3481 3898 3613

3830
3920
3587 3655 3500 3696 3641 3964 3967
3776 3809 3747 3791 3478 3960 3933

3921
3715 3728 3735 3867 3498 3636 3666 3815 3835 3710 3455
3713 3590 3722 3862 3608 3740 3615 3521 3802 3442 3705
3907
3922

3536

3923
3749 3751 3789
3720 3787 3918

3924
3714 3719 3591 3976 3870 3493 3758 3506 3896 3900 3646 3792 3947 3951 3706
3584 3969 3718 3463 3593 3869 3486 3763 3643 3648 3909 3794 3833 3810 3558 3822 3826 3705

3925
3961
3551 3487

3926
3462 3858 3604 3730 3790 3824 3576
3852 3596 3731 3605 3475 3488 3497 3891 3635 3640 3902 3528 3542 3672 3800 3804 3938 3684 3943 3559 3687 3966 3703 3838
3611 3514 3545 3934 3830
3927
3843 3719 3468 3532 3535 3564 3823
3584 3622 3754 3890 3507 3764 3767 3782 3561 3945 3690 3825

3928
3633
3672

3929
3651 3877
3841 3780 3495 3656 3948 3533 3756 3512 3577
3734
3930
3462 3471 3858 3877 3884 3762 3522 3654 3659 3941 3450
3461 3596 3475 3488 3495 3503 3891 3635 3642 3902 3542 3672 3804 3677 3938 3559 3573 3838
3611 3765 3545 3934 3830
3931
3617 3906 3460 3532 3568 3793
3909 3782 3463 3622 3593 3887 3665 3764 3510 3583
3680
3932
3616 3716 3647
3638 3799 3513

3933
3500 3696 3920 3641 3964 3967
3776 3747 3783 3791 3664 3766 3607 3960 3478

3934
3762
3559 3495 3926 3930 3902

3936

3521 3553 3598 3505 3442

3937
3906 3460 3466 3534 3483 3612
3752 3529 3443 3738

3938
3471 3858 3604 3873 3884 3518 3654 3790 3670 3824 3692 3576 3578
3968 3841 3586 3842 3475 3609 3488 3491 3495 3625 3756 3501 3889 3635 3640 3448 3527 3703 3797 3926 3672 3800 3804 3677 3930 3962 3684 3557 3687 3948 3437 3838 3693 3440 3697 3828 3702 3831 3577 3966
3456 3737 3514 3545 3674
3939

3546 3963 3437 3679

3940
3471
3497 3838 3902 3475 3542 3484 3966

3941
3612 3645
3779 3442 3893 3930

3942

3561

3943
3877 3633 3604
3449 3851 3948 3756 3596 3577 3889 3926 3800 3609 3838
3456 3545 3830
3944

3457 3448 3590 3495 3559 3948 3800 3577 3962 3838

3945
3459 3972 3460 3466 3468 3726 3474 3602 3612 3758 3761 3829
3469 3510 3768 3909 3782 3529 3786 3927 3558 3437 3956
3630
3946
3823
3781

3947
3976 3870 3758 3900 3784 3793 3951 3568 3569
3584 3718 3463 3869 3499 3509 3768 3782 3786 3794 3558 3437 3821 3826 3833
3924
3948
3971 3604 3884 3633 3651 3670 3929 3692
3586 3842 3721 3851 3596 3736 3609 3741 3495 3625 3501 3886 3635 3517 3521 3449 3661 3533 3797 3548 3677 862 3938 3683 3684 3943 3944 3563 3437 3693 3448 3577
3734 3674
3949
3585 3682 3745 3624 3531 3771
3437 3727
3811
3950
3522 3659
3872 3841 3525 3750 3916 3979 3796 3610 3547 3772 3805

3951
3714 3458 3591 3719 3870 3493 3896 3900 3646 3903 3792 3793 3947 3569 3711
3584 3969 3718 3593 3486 3509 3643 3794 3810 3558 3822 3826 3833
3924 3680
3952

3513 3638 3799

3953
3847
3775 3610

3954
3861 3742


3956
3464 3466 3468 3532 3726 3823 3474 3668 3829 3771 3964
3554 3555 3945 3529 3443 3738

3957
3975 3465 3899 3836 3837 3774
3757 3918 3759 3476 3701 3519
3708 3830
3958
3506
3767 3826 3671 3515

3959

3503

3960
3587 3655 3500 3696 3920 3641 3967
3809 3747 3783 3791 3478 3933
3907
3961
3925 567
3487 3723 3566 3551

3962
3604 3873 3877 3633 3692
3968 3841 3596 3609 3491 3495 3756 3501 3886 1085 3521 3525 3667 3540 3797 3672 3800 3677 3938 3944 3563 3449
3456 3734 3545 3674 3830
3963

3939 3437 3894 3546 3806 3679

3964
3655 3920 3836 3967
3776 3747 3561 3791 3956 3933

3965

3701 3759

3966
3971 3462 3471 3873 3877 3824 3576
3842 3845 3851 3852 3596 3731 3860 3475 3485 3741 3488 3491 3497 3891 3902 3448 3780 3527 3658 3540 3926 3542 3672 3938 3940 3684 3687 3828 3573 3452 3838
3737 3611 3514 3545 3830
3967
3587 3655 3500 3696 3920 3474 3641 3964
3776 3914 3791 3960 3933

3968
3971 3873 3877 3884 3633 3692
3842 3851 3480 3609 3736 3484 3618 3491 3750 3495 3625 3886 3772 3525 3656 3667 3797 3677 3550 3938 3684 3440 3703 3577 3962
3456 3734 3545 3830
3969
3458 3758 3506 3900 3646 3903 3906 3792 3951 3711
3584 3718 3486 3620 3794 3558 3822 3833
3924 3680
3970

3619 3525 3880 3693
3830
3971
3471 3873 3755 3884 3633 3438
3968 3842 3586 3851 3852 3596 3475 3480 3484 3618 3750 3495 3501 3780 3831 3540 3797 3556 3684 3817 3948 3693 3440 3697 3966 3703 3449 3838
3456 3734 3611 3545 3830
3972
3460 3726 3761 3602 3829
3554 3752 3945 3529 3915 3469 3634 3764 3738

3973
3906 3784 3568 3793
3584 3833

3975
3465 3957 3837 3774
3918 3759 3571 3476 3701 3579 3519
3708
3976
3906 3947 3793 3896 3900
3584 3855 3826 3833 3643
3924
3977
3769
3663 3442 3740
3629
3978

3625 3914 3495

3979
3847 3592 3659
3872 3626 3950 3888 3610
3674
