34

348 173

107
641 580 629 566
483 649 363 428 475 414
601
173

649 34 427

348
524 412 542 423 553 566 567 461 492 370 373
513 514 515 391 394 400 544 34 427 556 558 431 559 561 563 436 438 465 475 480 483 363 378 496 374 376 506

363
524 542 553 580 461 492 373
515 651 669 414 544 559 561 436 348 606 483 107 500 374 376 378 637

370
524 412 542 423 567 566 461 591 492 373
514 645 646 395 669 414 544 683 428 559 561 563 436 438 465 475 348 604 483 506 374 378

373
524 542 423 567 580 587 461 590 591 492 370
513 645 391 395 651 669 414 544 680 683 556 558 431 559 561 434 563 436 438 465 475 348 606 483 614 363 496 500 374 376 506 637

374
524 412 553 567 591 492 370 373
513 514 515 391 669 414 544 556 559 431 563 465 348 483 614 363 496 506 376 378

376
652 524 412 542 423 553 566 567 580 586 587 461 591 492 373
513 514 515 645 646 395 651 400 669 544 673 676 428 556 559 561 434 563 436 438 465 475 604 348 606 483 614 363 378 496 374 634 506 637

378
641 524 412 423 553 566 591 370
513 514 515 651 400 669 414 428 431 561 434 563 436 465 475 348 483 614 363 496 500 374 376 506 637

391
524 412 423 553 567 580 591 492 373
513 514 515 394 400 669 414 544 556 561 563 438 465 475 348 483 614 500 374 506

394
566
544 513 515 676 614 391 683 620 556 559 400 436 438 475 348 414
601
395
524 542 423 553 574 461 591 370 373
514 515 400 669 414 544 422 678 683 556 431 559 436 604 614 620 630 376
601
400
641 524 412 542 553 566 567 461 591
515 391 394 651 395 669 414 544 676 683 556 431 559 561 434 436 438 475 348 606 500 376 378 637
601
412
524 542 423 566 461 591 492 370
513 515 391 400 669 414 676 422 683 428 558 434 438 348 604 609 483 614 378 496 500 374 376 506

414
524 566 567 576 577 580 584 591 595 599 616 623 629 635 636 640 641 650 659 663 667 672 679 685 370 373 412 423 461 492
513 515 544 556 559 561 563 573 575 579 582 583 588 589 592 594 596 598 600 603 604 605 606 609 617 618 107 619 622 625 628 630 637 639 643 644 647 651 653 654 655 657 658 661 662 664 665 666 669 670 675 676 677 680 681 682 684 363 374 378 391 394 395 400 422 431 434 436 438 465 475 483 496
601 602 607 638 668 674
422
663 412 553 584
644 395 654 655 657 414 678 680 682 561 438 593 596 597 604 609 483 614 617 618 619 630 631
601
423
524 412 553 567 461 591 370 373
645 646 391 651 395 669 414 683 428 556 558 431 561 465 475 348 604 606 614 378 500 634 376 506

427

428 173 496 563 348

428
412 542 423 553 567 461 591 492 370
513 514 651 669 544 676 427 558 561 434 563 436 465 594 475 604 609 614 107 506 500 376 378

431
423 566 492 373
513 515 395 651 400 669 414 556 559 561 434 563 436 438 475 348 606 483 614 378 500 374 506

434
580 492 591 566 373 412
515 428 559 496 506 431 436 400 376 378 414

436
542 553 580 461 492 370 373 635
513 394 395 651 400 669 414 683 428 556 431 559 561 434 438 465 475 348 606 483 363 496 506 634 376 378 637

438
524 412 553 591 492 370 373
513 514 645 391 394 651 400 669 414 676 422 683 556 431 561 563 436 596 475 604 348 606 483 614 496 376 506

461
524 412 542 423 553 567 590 591 492 370 373
513 645 395 653 400 669 414 544 428 559 436 465 475 348 606 363 376

465
524 542 423 566 567 580 461 370 373
513 391 669 414 544 676 683 428 558 559 561 436 475 604 348 483 614 506 500 374 376 378
601
475
641 542 423 553 566 567 461 591 492 370 373
514 515 391 394 651 400 414 676 428 556 559 431 561 436 438 465 348 604 606 483 107 378 496 376 506

480

593 563 348

483
641 412 542 553 566 567 580 492 370 373
513 515 391 651 414 544 671 422 431 559 561 563 436 438 465 596 475 348 604 614 107 363 378 496 500 374 376 506 637
601
492
641 524 412 553 566 580 461 370 373
513 514 515 391 651 669 414 544 676 428 431 561 434 436 438 475 348 606 483 614 363 500 374 376 506 637

496
641 412 553 566 580 591 373
513 514 515 669 414 427 434 436 438 475 348 483 374 376 378 637

500
524 412 542 423 553 566 580 591 492 373
514 645 391 651 400 683 556 428 431 563 465 604 483 614 363 378 506 637
601
506
524 412 423 553 566 591 492 370 373
513 514 645 391 544 428 431 559 561 434 563 436 438 465 475 604 348 606 610 483 500 374 376 378

513
641 524 412 542 461 591 492 373
514 515 645 646 391 394 651 669 414 544 683 428 431 563 436 438 465 348 604 610 483 496 506 374 634 376 378 637
601
514
524 566 580 492 370
513 391 395 669 683 428 559 561 438 475 348 614 378 496 500 374 376 506

515
641 412 553 566 580 591 492
513 391 394 395 654 400 414 431 434 475 348 483 614 363 620 496 374 376 378

524
412 542 423 553 566 461 590 591 492 370 373
513 514 391 395 651 400 414 544 683 561 438 465 348 606 614 363 378 500 374 376 506 637

542
524 412 553 580 461 591 370 373
513 395 400 683 428 556 559 561 436 465 475 348 606 483 363 500 376

544
524 553 580 461 492 370 373
513 391 394 395 400 669 414 676 556 428 559 561 563 465 604 348 483 363 374 376 506

553
524 542 423 567 461 591 492
515 644 645 391 395 400 544 422 683 428 558 559 561 436 438 475 348 609 483 614 363 378 496 500 374 634 376 506

556
542 423 373
391 394 395 400 414 544 673 676 683 559 431 563 436 438 475 348 614 500 374 376

558
423 553 373 412
428 465 348 604

559
542 553 567 580 461 370 373
514 394 651 395 400 669 414 544 676 683 556 431 561 434 436 465 475 604 348 483 614 363 374 376 506 637

561
524 542 423 553 591 492 370 373
514 391 651 400 669 414 544 422 683 428 431 559 436 438 465 475 604 348 606 483 363 378 376 506

563
567 566 370 373
513 645 391 414 544 427 556 428 431 438 594 348 604 480 483 506 500 634 374 376 378

566
524 412 567 580 591 492 370
514 515 394 651 400 414 676 431 434 563 465 475 348 483 107 496 506 500 376 378 637

567
423 553 566 580 461 591 370 373
645 646 391 651 400 414 683 428 559 563 465 475 348 483 374 376

573
672 623 636
644 653 654 666 414 677 680 684 575 579 588 589 592 597 598 603 611 617 619 622 625 626 630 633

574
616 584 621 663
579 678 631 395 596 630

575
612 685
579 680 617 589 654 592 664 573 414

576
640 615
578 675 643 583 658 661 600 414

577
640 615 650 659 595 635
578 643 582 647 681 632 658 627 661 662 600 414

578
640 650 659 576 577 599 615 635
643 647 658 661 670 675 681 582 600 627 632

579
663 685 574 590 612 616 621 623 636
653 664 666 414 677 680 684 573 575 588 589 592 597 598 603 605 609 611 617 619 620 622 625 626 630 639

580
641 542 566 567 492 373
514 515 391 656 414 544 559 434 436 465 483 363 107 496 500 376 637

581

642

582
640 650 659 577 595 599 615 635
643 658 661 662 414 670 675 681 578 583 632

583
650 659 576 595 599 615
643 647 658 662 665 414 670 675 681 582 600 627 628 632

584
679 660 574
414 678 422 618 682 592 630 631 637

586

376 634 645 646

587
591 373
645 646 376 634

588
685
579 678 617 682 618 619 653 654 592 573 414

589
623 636
654 664 414 677 684 573 575 579 592 596 597 603 605 609 611 617 620 622 625

590
612 524 461 591 623 373
609 579 644 680 617

591
641 524 412 542 423 553 566 567 587 461 590 370 373
513 515 391 651 395 400 669 414 428 561 434 438 475 604 606 378 496 500 374 634 376 506

592
685 584 612 616 621 623 636
644 653 654 655 664 666 414 678 682 573 575 579 588 589 598 603 605 611 617 618 619 622 625 626 630

593

480 422

594
667
563 428 414

595
577 615 650 635
675 643 582 583 681 670 658 627 661 662 600 414

596
616 663 574
609 483 414 677 422 678 620 653 589 438 630 604 639

597
623 636
644 653 654 677 422 684 573 579 589 603 609 611 618 619 625 630 633

598
636
609 579 605 680 618 619 653 654 592 625 630 573 414

599
640 659 615 635
647 658 661 662 665 670 414 675 681 578 582 583 600 627 632

600
576 577 650 595 599 635
578 675 643 583 627 628 661 632 665 414

601
629
513 609 483 422 394 107 395 400 465 500 630 637 414

602

414

603
612 623
609 611 579 677 644 680 619 684 589 654 592 625 597 573 414

604
412 423 591 370
513 645 395 669 414 671 544 676 422 428 558 559 561 563 438 465 596 475 606 483 500 376 506 637

605

609 579 644 677 678 617 619 589 654 653 592 630 598 414

606
641 524 542 423 461 591 492 373
645 400 669 414 431 561 436 438 475 604 614 363 376 506

607

414

609
412 553 590 612 623 636
644 653 654 664 414 422 428 579 589 596 597 598 603 605 617 619 620 630
601
610

513 506

611
636
579 677 680 618 684 653 589 654 592 625 597 603 573

612
590 636
609 579 680 619 592 630 603 575

614
524 412 423 553 492 373
514 515 645 391 394 395 669 422 683 428 556 559 431 438 465 606 483 500 374 376 378 637

615
640 659 576 577 595 599 635
643 647 658 661 662 665 670 675 681 578 582 583 627 628

616
621 623 660 663 574
579 414 618 684 622 592 625 657 596 630 639

617
648 685 590
654 664 666 414 422 680 573 575 579 588 589 592 605 609 620 625 626 630

618
679 616 584 636
611 678 422 588 653 592 597 598 630 666 414

619
685 612 623 636
653 654 414 677 422 684 573 579 588 592 597 598 603 605 609 625 630 633

620
672 636
609 515 579 617 394 395 589 654 596 630 666

621
616 663 574
579 622 592

622
616 621 623 663
579 678 684 589 592 625 573 414 639

623
616 590 636
609 579 677 619 589 654 622 625 592 597 603 573 414

625
616 623
653 654 414 677 573 579 589 592 597 598 603 611 617 619 622 630 633

626

579 677 680 617 654 592 657 630 664 573

627
640 650 659 577 595 599 615 635
647 658 661 662 665 670 675 681 578 583 600 632

628
615
583 681 600 662 632 665 414

629
641
107 630 637 414
601
630
641 685 574 584 612 616 629
644 395 655 657 666 414 422 678 682 684 573 579 592 596 597 598 605 609 617 618 619 620 625 626
601
631
679 584 574
678 422 682

632
640 650 659 577 599 635
643 647 658 661 662 665 675 578 582 583 600 627 628

633

644 680 619 653 625 597 666 573

634
423 553 586 587 591
513 645 646 647 563 436 376

635
650 577 595 599 615
643 658 661 662 414 670 675 681 436 578 582 600 627 632

636
685 612 623
644 666 414 677 678 680 684 573 579 589 592 597 598 609 611 618 619 620

637
641 524 679 566 580 584 492 629 373
513 645 400 669 414 678 559 436 604 483 614 363 496 500 376 378 639
601
638

414

639
616
579 682 622 596 637 414

640
650 659 576 577 599 615
643 647 658 661 662 414 670 675 681 578 582 627 632

641
580 492 591 629
513 515 483 606 651 107 496 400 630 378 475 637 414

642

581

643
640 577 576 615 650 659 595 635
578 675 582 583 681 670 632 658 600 414

644
553 590 636
609 605 422 680 654 592 597 630 664 633 666 603 573 414

645
423 553 567 586 587 461 370 373
513 646 651 669 683 563 438 604 606 614 506 500 376 634 637

646
423 586 587 370 567
513 645 376 634

647
640 577 615 659 599
578 675 583 681 627 662 632 634 414

648

617

649

107 173

650
640 577 659 595 635
578 643 582 583 670 600 658 627 662 632 665 414

651
641 524 423 566 567 591 492 373
513 645 400 414 683 428 559 431 561 436 438 475 483 363 500 376 378

652

376

653
672 685 461
654 664 666 414 677 678 680 573 579 588 592 596 597 598 605 609 611 618 619 625 633

654
672 685 623
515 644 653 664 414 677 678 422 680 683 573 575 588 589 592 597 598 603 605 609 611 617 619 620 625 626

655

422 592 657 630 414

656
580


657
616
422 682 655 626 630 414

658
640 650 576 577 595 599 615 635
643 662 665 670 414 675 681 578 582 583 627 632

659
640 577 615 650 599
578 643 582 647 681 583 670 627 661 662 632 665 414

660
616 584


661
640 577 576 615 659 595 599 635
578 675 582 681 670 632 627 600 414

662
640 650 659 577 595 599 615 635
647 658 414 670 675 681 582 583 627 628 632

663
616 621 574
579 414 422 622 596

664
685
609 579 644 617 589 654 653 592 626 666 414 575

665
615 650 659 599
675 583 670 600 658 627 628 632 414

666
636
579 644 680 617 618 620 653 592 630 664 633 573 414

667

594 414

668

414

669
412 423 461 591 492 370 373
513 514 645 391 395 400 414 671 544 428 431 559 561 436 438 465 604 606 614 363 496 374 376 378 637

670
640 615 650 595 659 599 635
578 643 582 583 681 658 661 662 627 665 414

671

483 604 669

672

678 620 653 654 573 414

673

376 556

674

414

675
640 576 595 599 615 635
643 647 658 661 662 665 414 681 578 582 583 600 627 632

676
492 566 412
544 394 683 556 428 559 400 465 438 376 475 604 414

677
623 636
653 654 414 680 682 684 573 579 589 596 597 603 605 611 619 625 626

678
672 679 574 584 636
395 653 654 422 682 588 592 596 605 618 622 630 631 637

679
584
678 618 682 631 637 414

680
590 612 373 636
644 653 654 666 414 677 422 684 573 575 579 598 603 611 617 626 633

681
640 659 577 595 599 615 635
643 647 658 661 662 414 670 675 578 582 583 627 628

682
584 679
677 678 422 588 592 657 630 631 414 639

683
524 412 542 423 553 567 370 373
513 514 645 394 395 651 654 400 676 556 559 561 436 438 465 614 500

684
616 636
611 579 677 680 619 589 622 597 630 603 573 414

685
636
579 617 619 588 653 654 592 630 664 414 575

