686
693 697 702 703 704 705 707 709 713 714 716 717 718 719 720 728 732 737 739 742 743 745 746 749 751 753 754 755 757 759 764 765 768 770 772 778 779 781 783 786 787 788 790 791 792 793 794 795 798 799 800 801 805 807 809 811 813 814 817 819 820 822 824 826 827 828 835 836 837 838 842 843 844 845 848 851 852 853 854 855
687 690 694 695 696 698 700 701 706 708 712 715 721 722 723 724 725 726 729 730 735 738 747 748 750 752 761 762 766 767 769 771 773 774 775 776 777 785 796 797 802 810 816 825 829 832 834 840 847 849 850 856
733 734 736 758 784 812 830
687
779 780 783 805 686 817 823 697 828 703 838 739 759 764
774 777 797 688 747

688
770 772 780 792 800 805 815 821 823 697 824 828 713 853 739 751 754 756
771 777 687 694 696 701 834 847 849 723 724 726 727 856 747 752 766
830 734
689
789 732
771 839 712

690
713 686 820 853
773 731 831
784
691
746 782 822
833 771

693
705 837 713 778 844 686 824 697 828
726
734
694
772 780 781 795 798 805 686 815 820 821 823 824 697 828 703 705 710 711 713 845 719 848 737 745 754 756
773 774 688 695 696 829 706 834 847 722 726 727 731 752 766
784 812 830
695
778 794 805 686 824 697 711 713 718 719 853 751 754
777 810 694 696 700 701 834 706 840 724 726 738 752 766
784 830 734
696
778 780 795 805 686 823 824 697 828 842 845 719 853 745
773 688 694 695 829 834 840 724 727 738 747
784
697
780 781 805 686 815 693 824 823 828 827 705 709 842 844 719 848 745 753 754 765
769 777 687 688 694 695 698 696 701 840 721 724 726 727 856 747 748 760 766
830
698
772 798 800 811 686 819 823 697 828 703 713 719 745 753
769 774 776 803 804 810 825 840 856 729 747

700
745 686 794 795
695
784
701
713 845 686 754 821 697 794
834 774 777 747 688 724 695 760
830
702
714 686 822 732
839 725

703
779 781 793 807 809 686 815 819 820 823 827 705 835 838 843 845 718 719 728 739 754 759 765
797 687 694 698 856 730 748
758
704
770 686 848 799
777

705
772 778 780 781 799 800 805 807 808 809 686 819 820 693 824 697 827 828 703 835 836 713 842 843 844 845 719 853 728 737 741 745 754 755 759 764
773 810 694 829 831 834 706 715 847 849 722 724 731 738 747 748 752 760 761 762 763
784 830
706
705 805 745 686 815 719 853
834 810 752 694 695 731
784
707
768 742 714 746 686
712 816 767
736
708
713 811 781 686 719 753 819 755 824 828
769 774 840 747 760 724 856 797

709
739 835 805 838 686 848 754 824 697
840 777
830
710
805 711 853
803 810 847 694

711
710 745 842 853 828
727 810 847 752 722 694 695 829 766
784
712
707 742 714 686 782 689 789 822
839 816 767
736
713
772 778 780 782 787 794 800 805 813 686 815 817 693 824 823 827 705 842 845 719 848 851 853 742 745 746 751
810 688 816 690 694 695 698 701 829 831 834 833 708 840 721 722 724 850 726 847 731 738 747 748 752 760 762 766
784 734 736
714
707 686 822 789 732 702
771 806 839 712 818 725 767

715
705 805 745 842 781 686
738

716
770 741 686 718 820 795 799
747 849 763 797

717
852 686 798 855


718
770 781 793 809 686 815 827 828 703 716 719 764
797 803 695 834 730 747 762
758
719
768 772 781 787 794 799 800 686 815 814 817 819 820 823 824 697 827 703 705 713 845 718 720 848 728 737 755 756 759 764
773 774 810 694 696 698 829 695 706 834 708 840 847 722 724 726 727 731 747 752 760
784 830 734
720
808 745 809 781 686 719 787 755 793 764
832 803 774

721
713 697 686

736
722
768 705 737 711 713 686 719 820 853
738 694 829
784
723
770 745 686 824 828
766 688 849 727
830 734
724
778 781 786 794 795 805 686 814 824 819 820 821 823 697 826 827 828 705 713 842 719 848 853 742 745 754
773 688 695 829 696 701 708 726 731 738 752 760
784 830 736
725
714 686 732 702
771 806 818

726
780 781 805 686 820 821 693 824 697 713 844 845 719 853 745 751 754
773 688 695 694 834 724 731 760 766
784 830
727
770 800 805 697 824 828 711 842 719 848 853 854 756
688 694 696 846 847 849 723 752 766
830
728
779 780 781 783 787 792 805 686 817 820 823 824 828 703 705 835 838 843 719 739 741 754 759 764
773 774 797 803 856 730 747

729
686 753
804 856 698

730
718 686 783 787 728 764 703
747 763

731
781 827 705 713 719 853 745
773 810 690 694 706 834 847 724 726 752 766
784
732
714 686 689 788 789 791 702
771 806 839 818 725

733
686 782 786 795
839 829

734
770 805 713 778 842 686 719 693
803 847 785 688 723 695 760 829 766
784
735
800 686
856

736
707 742 713 746 686 782 788
833 712 721 818 850 724

737
705 805 745 843 686 719 815 820 824 828
773 722 694
830
738
705 805 713 842 781 686 813 853 794
715 752 722 724 695 696 829

739
780 787 792 805 807 686 819 824 703 709 728 740 754 757 764
774 777 797 687 688 840 747
758
740
770 739
748 831
841
741
705 770 835 836 807 716 781 823 728 828
747 763

742
768 707 713 746 686 786 789 759
712 724 829
736
743
686 782
833

744
848


745
781 787 790 794 795 799 805 813 686 814 815 817 820 823 697 824 827 828 705 711 713 842 845 720 853 737 751 755
773 774 810 694 696 829 700 698 706 834 715 847 723 724 726 731 747 752 760 762
784 830 758
746
707 742 713 686 782 691
833
736
747
770 780 783 792 793 805 809 686 815 819 820 823 697 828 705 837 838 713 716 718 719 848 728 739 741 745 753 754 764 765
769 773 774 797 803 810 687 688 696 698 701 831 708 840 849 730 748
758
748
705 770 740 713 686 817 787 793 697 703
747 849 831 797
758 830
749
757 686


750
770 686


751
713 842 745 686 795
688 726 695
784 830
752
781 800 805 686 815 820 823 824 827 828 705 711 713 842 719 745 759
773 810 688 694 695 829 831 706 834 847 724 727 731 738 766
784 830
753
686 819 697
769 708 747 729 856 698

754
779 780 792 805 686 815 821 823 824 697 828 703 705 835 709 838 848 728 739
777 688 694 695 701 840 724 726 747
830
755
705 836 808 745 809 781 814 719 686 720 787 793 827
708
758
756
805 719 826 827
847 688 694 727

757
739 749 686


758
739 808 745 781 718 686 783 817 755 827 703
747 748

759
705 742 686 719 728 828 703
687 752 766

760
781 794 800 805 814 820 823 824 697 827 705 713 842 719 745
701 834 708 724 726 766
830 734
761
800 705 772 805 842 686 848 827


762
705 805 713 842 745 686 718 827 799
810

763
705 770 741 836 716 787 820
804 849 730 797

764
781 783 787 793 805 807 809 686 817 824 827 828 705 843 718 719 720 728 739
797 687 730 747

765
835 807 779 843 780 686 792 823 697 703
747 856

766
780 800 805 686 815 820 823 824 826 827 697 828 711 713 759
771 810 688 694 695 834 847 849 723 726 727 731 752 760
784 830 734
767
768 707 714 686 822
839 712

768
707 742 686 719 786 789 822
833 816 722 767

769
800 811 686 753 697 828 798
708 747 856 698

770
772 781 783 799 686 820 824 704 716 845 718 740 741
797 803 688 723 727 747 748 750 763
734
771
714 686 689 691 791 732
806 839 688 818 725 766

772
800 705 770 805 713 781 845 719 686 814 828
688 694 761 698

773
780 686 815 820 821 823 824 827 828 705 836 842 719 728 737 745
774 810 690 694 696 829 831 847 724 726 731 747 752
784
774
800 807 686 819 828 843 719 720 853 728 739 745
773 810 687 694 698 701 708 840 856 747
784 830
775
686


776
686
698

777
704 739 709 779 686 754 697
701 687 688 695 829
830
778
705 713 844 686 819 693 828
834 724 695 696
812 830 734
779
838 807 780 686 728 754 824 823 792 765 703
840 777 687

780
779 792 805 815 819 824 697 828 705 835 838 713 728 739 754 765
773 803 687 688 694 696 840 726 747 766
830
781
770 772 783 787 793 794 809 686 814 815 817 823 824 697 827 828 703 705 842 718 719 720 853 728 741 745 755 764
810 694 829 834 708 715 849 724 726 731 738 752 760
784 830 758
782
743 713 746 813 786 691
833 804 712 829
736 733
783
770 809 781 686 817 787 820 728 793 764
747 687 730 797
758
784
781 794 795 800 813 686 826 827 828 705 711 713 842 719 853 854 745 751
773 774 810 690 694 695 696 829 700 706 722 724 726 731 752 766
734
785
686
846
734
786
768 742 813 782 686
833 724 829
733
787
781 783 808 686 814 817 823 827 836 713 719 720 728 739 745 755 764
803 730 748 763

788
732 686
806
736
789
768 742 714 689 732
833 806 712 839 818

790
745 686


791
686 822 732
771 796 806

792
835 739 837 838 805 779 780 686 754 819 823 728 828 765
803 747 688
830
793
808 781 686 718 720 783 755 764 703
747 748 850 797

794
745 713 842 781 686 719
738 724 695 760 700 701
784
795
745 842 716 813 686 751 820
829 724 694 696 700
784 733
796
686 822 791
806 818 829

797
770 783 793 809 686 817 820 827 828 703 716 718 728 739 764
687 831 708 849 747 748 763

798
717 686 852 855
769 694 698

799
704 705 770 745 716 813 686 845 719 814
762

800
772 805 811 686 814 827 828 705 713 845 719 851
769 774 810 688 698 834 727 856 735 752 760 761 766
784 830
801
686


802
686
806 818

803
770 837 710 780 718 720 792 787 820 728
832 747 698
734
804
782
856 729 698 763

805
772 780 792 800 807 686 814 819 824 697 827 828 705 837 709 838 710 713 842 843 728 737 739 745 754 756 764
810 687 688 818 694 695 696 829 831 706 715 840 847 724 726 727 738 747 752 760 761 762 766
734
806
732 714 788 789 791 822
802 771 818 725 796

807
705 739 805 838 828 741 779 686 819 764 765 703
774 856

808
705 720 755 787 793

758
809
705 781 686 783 720 718 755 827 764 703
747 797

810
781 800 805 686 815 823 827 828 705 710 711 713 842 719 853 745
773 774 695 698 706 847 856 731 747 752 762 766
784
811
800 686
769 708 856 698

812
837 778 686 815 828
694

813
713 745 686 782 786 795 799
833 738
784
814
800 772 805 745 842 781 686 719 755 787 853 828 799
724 760 829

815
780 781 819 697 703 835 837 838 713 845 718 719 853 737 745 754
773 810 688 694 706 834 847 747 752 766
812 830
816
768 707 713 686
712 850

817
764 745 713 781 686 783 719 819 787 728 827 828
748 687 850 797
758 830
818
732 805 714 789
802 771 806 839 725 796
736
819
778 780 792 805 807 686 815 817 823 824 827 828 703 705 838 719 848 739 753
774 698 834 708 840 724 856 747

820
770 783 795 686 823 824 828 703 705 716 719 853 728 737 745
773 797 803 690 694 831 834 849 722 724 726 747 752 760 763 766
830
821
754
773 688 724 694 726 701

822
768 714 686 691 791 702
806 839 712 796 829 767

823
779 781 787 792 819 820 824 697 827 828 703 835 713 843 719 848 853 728 741 745 754 765
773 810 687 688 694 698 696 840 724 856 747 752 760 766
830
824
770 779 780 781 805 686 819 820 693 697 823 827 828 705 835 709 838 713 842 843 844 848 719 853 728 737 739 745 754 764
773 688 694 695 696 829 708 840 847 849 723 724 726 727 752 760 766
830
825
686
856 698

826
686 756 828
766 724
784 830
827
781 787 800 805 809 686 817 819 823 824 697 828 703 705 713 842 718 719 853 745 755 756 764
773 797 810 834 849 724 731 752 760 761 762 766
784 758
828
772 778 780 781 792 800 805 807 686 814 817 819 820 693 823 824 827 826 697 705 835 837 711 842 844 845 848 718 853 728 737 741 745 754 759 764
769 773 774 797 810 687 688 694 696 698 829 834 708 840 846 847 723 724 727 856 747 752 766
784 812 830
829
781 782 786 795 805 686 814 822 824 828 705 711 713 842 719 742 745
773 777 796 694 696 834 847 722 724 738 752
784 733 734
830
778 780 781 792 800 686 815 817 820 824 697 826 823 828 705 709 838 845 719 853 737 745 751 754
774 777 688 694 695 701 834 840 846 847 723 724 726 727 856 748 752 760 766

831
705 740 805 713 820
773 747 748 752 690 797

832
720 686
803

833
768 743 713 746 813 782 786 691 789

736
834
778 781 800 686 815 819 820 827 828 705 713 842 844 718 719 853 745
688 694 695 696 829 701 706 726 731 752 760 766
830
835
705 741 838 709 780 686 728 815 792 754 823 824 828 765 703


836
705 741 686 787 755 853
773 763

837
805 686 815 693 792 828
803 840 747
812
838
835 709 805 807 779 780 686 815 792 754 824 819 728 703
840 747 687
830
839
714 689 789 822 732 702
771 712 818 767
733
840
779 780 805 686 819 824 697 828 823 837 709 838 713 719 739 754
774 695 696 698 708 856 747
830
841
740


842
781 794 795 805 686 814 824 697 827 828 705 711 713 853 745 751
773 810 696 829 834 715 724 727 738 752 760 761 762
784 734
843
737 705 805 686 728 823 824 764 765 703
774

844
705 778 686 848 693 824 697 828
834 726

845
800 705 770 772 745 713 686 815 719 799 828 703
849 694 726 696 701
830
846
828
785 727
830
847
805 686 815 824 828 705 710 711 713 719 853 745 756
773 810 688 694 829 727 731 752 766
830 734
848
704 709 713 844 686 719 754 819 697 823 824 828
744 727 747 724 694 761

849
705 781 686 716 845 820 824 827
747 748 688 723 727 797 766 763

850
713 686 817 793
816
736
851
800 713 686


852
686 717 798


853
781 814 815 686 820 823 824 827 828 705 836 710 711 713 842 745
774 810 688 690 696 695 834 706 847 722 724 726 727 731 738
784 830
854
686
727
784
855
717 686 798


856
800 807 811 686 819 823 697 828 703 728 753 765
769 774 804 810 688 825 698 708 840 729 735
830
