0
1 12 15 16 23 29 32 36 37 47 51 52 56 59 60 62 66 68 80 81 84 86 90 94 96 104 110 111 114 117 128 129 131 135 142 144 149 150 154 155 162 177 179 186 190 194 198 207 210 222 223 229 233 235 236 239 240 246 250 251 253 256 257 264 270 278 279 292 298 304 310 315 316 319 322 327 333 334 336 337 338 340 341
2 5 6 7 9 10 13 14 20 22 24 25 26 31 34 35 38 39 41 42 44 46 50 54 55 58 63 65 67 70 71 72 73 74 82 85 87 89 92 95 97 98 103 105 108 109 113 115 118 119 123 124 125 127 134 137 138 139 141 143 146 151 152 156 157 158 163 164 165 168 169 170 171 172 173 175 176 180 185 187 188 189 196 197 199 200 202 204 208 209 211 212 215 216 218 224 225 238 242 248 249 254 255 259 261 262 265 266 268 271 276 277 280 282 285 286 288 289 291 293 294 295 297 299 308 311 312 313 317 318 321 323 324 325 326 328 331 332 342 343 344 347
77 148 237
1
194 133 236 48 53 88 126
0 280 73 299 54 119 346 92

2
333 116 149
0 226 115 20 343 312

3
228 142 122
323 26 67 200 72 170 9 274 283 188

4
78 273
328 275 152 218

5
235 213 316 122 315
0 87 156 158

6
147 319
0 89 219 95

7
315 213 246 340
0 65 291 38 168 136 308 87 22 347 31

8
110 245
259 91
201
9
128 133 142 30 304 56 315 322 66 203 341 231 122 252
0 258 3 277 276 280 25 156 285 161 291 295 169 297 170 176 185 188 67 69 199 200 329 72 85 224 232 105 113 119
272 148
10

0 323 291 67 200 332 277 285

12

0

13
21 56 59 236 239
0 261 265 277 26 313 65 67 325 199 82 211 342 98 109 238 118 119
148
14
116 310 149 28
0 226 312 326 41 115 20 343 214 151

15

0

16
29
0 261 329 331 332 82 118

17
140 111 144 116
326 41 115 19 214 312

19
227 319
41 138 175 112 17 115 214 343 312 89

20
162 111 149
0 226 2 326 41 44 14 214 343 312

21
142 304 56 315 186 322 203 334 88 223 104 235 236 251 239 122 252
134 136 13 271 280 25 281 284 159 161 165 297 169 55 184 313 323 67 325 197 200 332 98 232 105 109 119 248 121 123 127
272
22

0 324 7 168 339 308 277 87 185 347 158

23
227 99 144 240 51 116 245 155 61
0 267 175 124
237
24
194 302 80 53 94
0 266 299 242 249 346 187 57

25
257 21 51 56 186 322 203 336 83 84 88 94 104 236 239 246 122 252
0 130 9 141 271 277 280 26 31 288 291 39 40 169 170 323 67 325 69 199 76 332 331 79 221 224 103 232 105 113 119
272 148
26
128 257 133 142 304 56 315 62 322 66 203 334 223 104 236 239 122 252
0 3 13 271 276 277 280 25 285 158 161 291 295 40 297 169 170 172 176 308 55 185 313 188 323 325 69 199 72 332 79 212 224 98 232 109 113 118 119 123

27

329 324 54 119

28
140 149 310
226 326 41 14 115 151 312

29
203 16 338 252
0 40 82 211 247

30
322 303 304 178 48 56
9 73 331 271 188

31
129 142 304 338 51 122 252
0 67 7 168 200 339 308 277 280 25
237
32
167 337 310
0 137 93

33

42

34

0 173

35

0

36
135 309 251
320 0 197 108 184 284 127

37

0

38
322 178 117
0 7 332 141 339 248

39
257
0 161 69 105 277 119 280 313 25

40
257 133 142 29 304 56 322 203 213 231 239
258 132 141 271 274 277 25 26 158 169 172 307 317 67 325 199 200 72 332 212 224 232 113
272 77
41
144 28 310 337 243
0 137 14 17 19 20 151 44 312 326 214 343 226 230 115

42

0 33

44
111
0 41 20 343 312

45
322 104 186 142 303 345 122
67 132 200 221

46
177 278
0 143 175

47

0

48
1 322 330 302 30 53 88 126
320 199 73 332 54 119 57

49

192 255

50
203 334
0 331 109 113 146 277 119 314
148
51
23
0 25 31

52

192 0

53
1 302 48 315 330 213 88 94
130 260 266 146 24 180 54 317 191 196 332 346 92 101 242 248 254

54
1 48 53
0 329 119 313 27

55
122 203 239 21 56 252
0 67 200 170 277 26

56
128 142 21 30 298 303 304 186 59 60 62 66 322 203 334 341 213 88 222 223 231 104 239 122 252
0 261 134 136 9 13 141 271 276 277 25 26 161 290 291 40 297 169 172 170 55 313 188 67 323 325 72 200 75 332 82 342 98 103 109 238 113 118 119
272
57
302 48 80 213
320 108 204 242 277 24 249 346 92 184

58
269
0 171

59
250 203 239 56 186 252
0 98 261 325 268 13 238 82 118 342

60
322 239 56
0 291 313 285 158

61
23
193

62
322 133 122 236 239 341 56 186 223
0 98 67 130 26 199 200 276

63

0 313 261 342

64
150 217
100 171 119 189

65
252
0 261 7 297 13 339 118 314

66
122 142 239 334 304 56
0 67 134 9 308 26

67
128 142 21 45 304 56 315 62 66 322 334 213 345 223 104 236 252
0 3 261 136 265 10 9 13 271 141 277 280 25 156 285 158 31 161 40 170 55 313 185 188 323 196 325 324 199 200 72 82 212 224 109 113 118 119 248 123
272
68
99 227 177
0 225 263 143 175

69

39 9 105 25 26

70

0

71

0 307 230

72
298 56 252
0 3 132 9 141 26 291 165 40 67 199 200 329 212 232 113
272
73
1 48 88 30
0 130 299

74

0

75
304 56
258 323 200 170 274 85 188
272
76
270
25

77
117
40 0 332

78
273
4 328 306 275 181 218
195
79
252
185 200 271 119 25 26 188
272
80
300 315 330 213 88 94
0 266 24 299 173 180 57 187 320 204 346 92 101 242 249

81
269
0 286

82
16 29 56 59 203 84 222 231 252
0 261 13 158 169 170 313 314 67 199 331 211 98 118 119 121 123
148
83
84
25
237
84
236 304 83
224 0 313 265 82 25
237
85

0 258 323 9 170 75 271 176 188 156

86
227
0 225

87
322 213 315
0 161 291 5 7 136 339 22

88
1 322 236 303 48 80 178 336 21 53 56 186 126
164 73 106 242 25

89
319
0 6 19 219 95

90

0

91
264
193 8
201
92
1 330 302 80 53 94
0 196 101 249 266 299 242 57 187

93
32 167 111 337
137

94
300 302 53 315 194 330 80
0 266 24 25 299 180 187 320 204 346 92 101 242 249 254

95
147 319
0 6 89

96
133 213 190
0 224 323 274

97

0 230

98
128 21 304 56 186 59 62 203 223 104 239 122
0 258 265 141 13 271 276 277 280 26 285 291 170 172 313 325 199 200 332 331 82 211 342 103 238 113 118 119 123

99
131 68 227 296 177 278 23
225 102 175

100
269 217
64 323 163 119

101
194 330 80 53 94
266 204 242 249 346 187 92 317

102
99 227 296
263 175

103
56 252
0 98 323 200 169 172 271 339 185 285 25

104
128 21 45 303 56 186 322 203 239 252
0 271 277 25 26 295 169 188 67 325 200 212 344 98 109 113 123

105
257 236 21 315
0 69 39 9 119 280 25
272 148
106
88 231
238

107

171

108
36 251
320 0 197 184 57 284 127
272
109
142 21 304 56 186 322 203 104 239 122
0 13 271 277 26 285 158 295 169 297 50 314 67 325 332 331 118 119
148
110

8 0 259

111
337 310 279
0 137 44 17 20 214 312 93 343

112

19 174

113
142 56 186 203 334 104 239 122 252
0 132 261 134 9 271 25 26 285 158 291 40 169 172 50 313 188 67 325 199 72 342 98 119 121
148
114

0

115
140 28 149
192 0 226 2 326 41 14 17 19 214 343 312 220

116
162 140 144 149 23
226 2 326 14 17 214 312 343

117
231
0 38 280 285
77
118
16 304 56 59 322 203 222 239
0 134 265 268 13 271 277 26 283 161 172 313 65 67 324 325 199 200 331 82 211 342 98 109 238

119
1 269 21 48 56 203 217 239 122
0 261 9 13 271 280 25 26 27 285 163 39 297 170 176 50 54 313 185 188 64 67 324 325 200 329 331 79 82 339 342 98 100 105 109 113 248
148
120

136 277 247

121
236 21 315
165 169 206 113 82 280

122
128 142 21 45 303 304 56 186 315 62 322 66 203 213 345 235 239 251
3 261 5 136 9 141 274 276 277 280 25 26 281 156 285 284 31 161 170 176 55 188 323 325 332 342 344 224 98 232 123 109 113 119 248

123
122 104 334 239 142 21 186 252
0 98 26 67 261 82 342

124
23
0 170 157

125

0 136

126
48 1 88
260

127
36 135 21
0 320 197 139 108 184 281 346 284
272
128
150 56 186 203 334 213 223 104 122 252
0 9 265 26 169 170 172 176 313 67 199 211 98 248

129

0 291 168 347 31

130
257 322 213 53 62
329 73 204 277 25 191

131
99 227 177 278
0 225 143

132
45 303 315
134 72 40 113 242 277 311 317 158

133
96 1 322 236 183 315 62
40 9 141 271 276 26 188

134
66 203 334 142 304 21 56 252
0 248 132 199 238 113 118

135
36 309 251
0 320 184 281 284 127

136
322 56 304 21 213 122 315
285 324 67 7 169 146 308 87 120 156 125

137
32 167 140 111 243 310
0 326 41 214 312 93

138

0 19

139

0 320 197 127 184 281 284 159

140
144 116 28
137 17 115 214 312

141
257 133 304 56 122
0 258 271 280 25 291 38 40 172 67 323 199 72 224 98
272
142
21 45 303 56 66 334 236 239 122 252
0 3 134 9 271 26 285 158 31 161 40 169 170 308 188 323 67 200 109 113 123

143
227 68 131 177 278
0 225 321 46 175

144
140 116 23
0 226 326 41 17 312 151 343

146
53
0 136 50 339 313 317 285

147
319
219 95 6

148
229
0 185 261 9 105 13 109 271 113 50 339 82 119 25
272
149
162 333 116 28
0 2 226 326 14 115 20 312

150
128 217
64 0 163 324 329 189

151
144 310 28
0 41 14 312

152

0 4 339 275 181

153

280

154

0 219

155
23
0 157

156
235 122
0 258 67 5 295 136 9 85
272
157
155
0 124

158
142 304 315 60 322
0 132 5 22 26 291 168 40 317 67 325 332 82 339 232 109 113 242

159
21
320 197 139 184 284
272
160

260

161
142 21 304 56 322 203 213 122 252
9 271 26 39 314 67 199 339 87 118

162
333 116 149
0 326 20 343

163
150
0 100 173 119

164
88
0

165
334 21
0 200 169 72 342 121 188

166
198
202 173

167
32 337 243 310
137 93

168
129 304
0 291 7 339 277 22 347 158 31

169
257 128 142 21 56 315 334 104 236
0 136 9 271 25 26 291 165 40 185 318 332 82 103 109 113 248 121

170
128 142 304 56 186 315 322 203 341 122 239 250 252
0 3 9 268 271 277 25 26 285 290 176 55 313 185 188 67 323 200 75 332 82 211 85 342 98 124 119

171

0 64 58 107

172
128 298 304 56 203 223 231 239 252
0 261 265 268 141 26 40 308 313 199 329 331 332 212 342 98 103 232 238 113 118

173
80
0 34 163 166 202

174

112 293

175
99 227 68 296 177 278 23
0 225 102 263 46 143 19 277

176
128 239 122
0 290 26 9 170 271 85 119 188

177
99 68 227 131 278
0 225 46 143 175

178
322 231 88 186 30
38 329

179

0

180
194 302 80 53 94
0 196 299 204 254 249 346 187

181
78 273
328 306 275 152 218
195
183
133


184
36 135 21 309 251
320 329 139 108 57 281 346 127 159
272
185
315 322
0 9 271 22 280 26 285 290 297 170 169 188 67 79 344 103 119
272 148
186
128 21 45 303 178 56 59 62 322 203 88 222 223 104 236 239 122 252
0 271 277 25 285 170 188 200 331 221 98 109 113 123

187
194 302 80 94
0 101 266 299 242 180 24 249 346 92 254

188
133 142 30 304 56 186 322 341 223 104 239 122 252
0 258 3 9 277 280 26 285 290 291 165 297 170 176 185 323 67 200 75 79 85 224 113 119
272
189
217 150
0 64

190
96 229
0

191
53
130

192
49 52 205
115

193
61
91 259

194
1 94
0 196 101 266 299 242 180 24 249 346 187 254

195
78 273
306 275 181 218

196
194 330 53
0 67 266 204 180 249 346 92 285

197
36 21 309
320 0 329 139 108 127 281 284 159
272
198

0 166

199
128 298 48 304 315 62 322 203 222 223 231
0 134 265 9 13 141 271 25 26 288 161 291 40 172 313 67 324 325 200 72 82 211 212 342 98 232 238 113 118

200
142 21 45 304 56 186 62 322 203 334 223 104 236 239 252
0 3 9 10 274 276 277 280 285 31 165 40 297 170 55 188 67 323 325 324 199 72 332 75 79 98 103 232 118 119 248

201

8 259 91

202

0 329 173 166

203
128 270 21 29 304 56 186 315 59 322 334 341 104 239 122
261 134 9 265 268 271 277 25 26 285 161 40 297 170 172 50 308 55 313 324 325 199 200 331 332 82 342 98 109 238 113 118 119
272
204
330 302 80 94
0 130 196 101 266 242 180 277 254 249 346 57

205

192

206

121 260

207

0

208

0 291 332 277

209

0

210

0

211
128 29 304 315 222 223 239
0 261 265 268 13 271 285 170 313 325 199 331 82 342 98 118

212
298 104 239 304 252
0 67 295 72 40 199 172 344 26

213
128 303 53 56 315 322 80 340 345 96 231 236 239 246 122
130 5 7 136 277 285 161 40 308 57 67 324 332 87 224
272
214
140 333 111 116
289 326 230 41 137 14 17 115 19 20 343 312

215

0

216
243
0

217
150
64 324 100 119 189

218
78 273
0 4 328 181
195
219
147 154 319
6 89

220

312 115

221
322 45 186
25 285

222
240 56 186
0 325 199 82 211 118

223
128 21 56 186 315 62 239 246 252
0 265 271 26 172 313 188 67 325 199 200 211 342 98

224
304 315 322 84 213 96 236 122
0 9 141 276 25 26 291 40 188 67 324 332 232

225
99 68 131 177 86
0 143 175

226
333 144 116 149 28
2 326 41 14 115 20 343 312

227
131 99 68 296 177 86 23 278
102 263 143 175 19

228

3

229
190 334
0
148
230
253
97 71 41 214

231
239 178 117 213 56 315
199 40 9 329 232 332 106 172 82 280

232
21 298 322 231 239 122
9 271 276 25 26 285 158 291 40 172 199 72 200 224

233

0

234
239


235
21 122
0 5 156

236
1 133 142 21 303 186 315 62 322 84 213 88
0 13 271 276 25 26 169 314 318 67 200 224 105 248 121

237
83 84 23
0 31

238
203 239 56 59 252
0 98 324 325 134 199 261 265 106 172 13 271 118

239
142 21 303 304 56 186 59 60 62 66 322 203 338 213 223 231 104 234 122 252
0 265 13 271 276 277 25 26 285 295 40 170 172 176 55 313 188 323 200 211 212 344 98 232 109 238 113 118 119 123
272
240
222 23
0

242
302 53 194 330 80 88 94
0 132 266 24 158 299 57 187 204 346 92 101 249 254

243
167 337 310
312 137 41 216

244

282

245
23
8 259

246
322 304 340 213 223
0 7 339 308 25

247
29
120

248
128 236 53 21 122 252
0 291 67 134 38 200 169 265 119 277 311

249
302 304 315 194 330 80 94
0 266 24 299 180 57 187 196 204 346 92 101 242 254

250
322 59 252
0 170

251
36 135 21 309 122
320 0 108 184 281 284

252
128 142 21 29 304 56 186 59 315 334 345 223 104 239 250
261 134 265 9 277 280 25 26 31 161 291 170 172 308 55 313 188 65 67 324 325 72 200 332 79 82 212 103 238 113 248 123
272
253

0 230

254
194 330 302 53 94
0 266 299 204 242 180 249 187

255
49
0

256

0

257
322 304 315
0 130 295 40 105 169 39 141 280 25 26
272
258

98 323 291 295 40 9 75 141 188 85 156
272
259
264 110 245
0 193 8
201
260
322 53 126
160 206

261
16 56 59 203 345 122 252
0 265 268 13 271 285 297 172 318 63 65 67 325 82 211 342 238 113 119 123
148
262

312 0

263
227 68 296
102 175

264

0 259 91

265
128 298 203 84 223 239 252
0 261 13 271 172 67 325 199 331 211 342 98 238 118 248

266
194 330 302 80 53 94
0 196 101 249 204 242 24 346 187 92 254

267
23


268
203 59
0 325 261 170 172 271 211 118

269
81
58 100 119

270
203
0 76

271
133 142 21 30 298 56 186 322 203 223 104 236 239
0 261 265 268 141 277 280 25 26 285 161 290 291 40 297 169 170 176 185 314 313 67 323 325 199 331 332 79 211 85 342 98 103 232 109 238 113 118 119
272 148
272
257 21 56 203 213 239 252
258 9 141 271 277 280 25 156 285 159 291 40 297 184 185 188 320 67 197 72 329 75 79 346 105 108 127
148
273
78
4 275 181 218
195
274
96 341 122
323 3 200 40 75

275
78 273
4 306 181 152
195
276
322 133 122 236 239 56 62
224 0 98 232 9 200 26

277
304 56 186 315 322 203 213 104 239 122 252
0 130 132 9 10 13 271 22 280 25 26 285 31 290 291 294 39 168 40 170 175 50 308 55 57 188 323 67 325 200 332 204 208 339 342 248 98 109 118 120
272
278
99 131 227 177
0 46 143 175

279
111
0

280
1 257 21 304 315 322 231 117 122 252
0 9 141 271 277 153 25 26 31 290 291 39 185 188 323 67 200 329 332 98 105 119 121
272
281
135 21 122 251
320 197 139 184 284 127

282

0 244

283

3 118

284
36 135 21 309 122 251
159 320 197 329 139 108 281 127

285
142 303 304 186 315 60 322 203 213 345 239 117 122
0 261 136 9 10 271 146 277 26 170 185 188 313 323 67 196 200 332 211 342 221 98 103 232 109 113 119
272
286
81
0

288
315
0 25 199

289

0 214

290
322 56
323 170 271 176 277 342 280 185 188

291
129 56 315 60 252
0 258 7 9 10 141 271 277 280 25 26 158 168 169 188 199 72 208 339 87 224 98 232 113 248
272
292

0

293

0 174

294

0 277

295
257 104 239
0 258 9 109 212 26 156

296
99 227
102 263 175

297
322 203 21 56
0 65 323 324 261 200 9 109 271 119 185 26 188
272
298
56
0 199 232 72 265 172 271 212

299
1 194 330 300 302 80 94
0 73 242 180 254 24 249 187 92

300
80 94
346 299

301

324

302
48 315 53 94
266 299 204 242 180 254 24 249 346 187 92 57

303
322 56 122 104 236 45 142 239 213 88 345 186 315 30
132 285

304
257 21 30 56 315 322 66 203 334 84 341 239 246 122 252
0 134 136 9 141 277 280 26 285 31 158 161 168 40 170 172 308 188 67 324 325 199 200 75 332 211 212 347 224 98 109 118 249

305

312

306
78
328 275 181
195
307

40 71

308
142 304 66 322 203 334 338 213 246 252
0 7 136 277 22 26 31 172 323 329

309
36 135 251
320 197 184 284

310
32 167 111 337 243 28
0 41 137 14 151

311

0 344 132 325 248

312
140 144 149 28 111 116 243
0 2 262 137 14 17 19 20 151 41 44 305 326 214 343 220 226 115

313
128 21 56 315 60 203 84 223 239 252
0 13 271 146 26 285 39 170 172 54 314 63 67 325 199 82 339 211 342 98 113 118 119

314
236
65 161 109 271 50 82 313

315
257 133 21 302 303 304 53 203 80 213 345 94 223 231 236 122 252
0 132 5 7 136 9 277 280 26 285 158 288 291 169 170 185 313 67 323 324 199 329 211 87 224 121 105 249

316

0 5

317
53
0 132 101 40 146 158

318
236 334
0 261 169

319
147
0 6 19 89 219 95

320
36 135 80 48 309 251 94
159 197 139 108 284 184 281 346 57 127
272
321

0 143

322
257 133 21 30 45 303 48 304 178 56 186 60 62 203 213 341 88 345 104 250 236 239 246 122
0 130 260 136 9 271 276 277 280 25 26 285 158 161 290 38 40 297 170 308 185 188 323 67 199 200 339 87 221 224 232 109 118

323
142 21 56 315 322 96 239 122
0 258 3 10 141 271 274 277 280 25 26 285 290 297 170 308 188 67 200 75 332 85 100 103

324
150 301 304 315 203 340 213 217 252
0 136 22 27 297 67 199 200 329 331 332 224 238 118 119

325
21 304 56 59 203 222 223 104 122 252
0 261 265 268 13 271 277 25 26 158 40 311 313 67 199 200 211 342 98 109 238 113 118 119

326
162 144 116 149 28
0 226 41 137 14 17 115 20 214 312 343

327

0

328
78
0 4 306 181 218

329
16 150 178 315 231
130 9 280 27 284 172 308 54 184 324 197 72 202 332 119
272
330
48 80 53 94
196 101 249 266 299 204 242 346 92 254

331
203 16 186 30
0 98 324 265 172 109 271 82 211 50 118 119 25

332
16 21 304 48 53 56 203 213 231 122 252
0 10 271 277 280 25 26 285 158 38 40 169 170 172 323 324 200 329 208 224 98 109
77
333
162 149
0 2 226 214 343

334
128 142 21 304 56 66 203 229 252
0 134 26 165 169 50 308 318 67 200 339 113 123

336
88
0 25

337
32 167 111 243 310
0 41 93

338
239 29
0 308 31

339
322 334 340 246
146 277 22 152 158 31 161 291 38 168 313 65 87 347 103 119
148
340
213 246
0 324 7 339

341
322 203 304 56 62
0 9 170 274 188

342
56 59 203 223 122
0 261 265 13 271 277 285 290 165 170 172 313 63 325 199 211 98 113 118 119 123

343
162 333 111 144 116
0 2 226 326 41 44 14 19 115 214 20 312

344
104 239 122
0 212 311 185

345
322 45 303 213 122 315 252
67 261 285

346
1 300 302 53 194 330 80 94
266 24 180 184 57 187 320 196 204 101 242 249 127
272
347
129 304
0 7 168 339 22

