697
800 805 745 713 719 753 819 823 890
708 840 747 856 698
830
698
772 800 823 697 828 713 719 867 871 745 880 882 884 885 886 753
774 776 803 804 810 825 708 840 856 729 860 862 864 865 866 868 870 874 873 876 877 878 879 881 883 889 893 895
830
703
805 719 880 819 828
747 856

708
800 713 719 819 890 823 697 828
769 869 774 840 747 856 698
830
713
800 745 719 819 823 697 828
708 774 810 698
830
719
800 805 772 745 713 819 823 697 703
708 774 810 747 698
830
729
753 882 886 861
804 876 878 856 698 863

745
800 713 719 823 697 828
774 747 698
830
747
800 819 823 697 828 703 719 745 880 753
769 774 803 804 810 708 840 856
830
753
697 861
747 729 856 889 698

769
811 890 828 798
708 869 774 747

772
800 805 719 828
856 698

774
800 805 713 745 811 719 819 823 828
769 708 869 840 747 810 856 698
830
776
885
873 874 877 887 698

798

769

800
772 745 713 811 719 823 697 828
708 774 810 747 856 698
830
803
880
698 840 747

804
886 861
747 876 878 888 729 856 889 698 863

805
772 719 823 697 828 703
774 840 810
830
810
800 805 713 719
774 747 856 698

811
800 890
769 869 774

819
713 719 880 823 697 828 703
708 774 840 747 856
830
823
800 805 745 713 719 880 819 697 828
708 774 840 747 856 698
830
825
884
856 889 698

828
800 772 805 713 745 880 819 823 703
769 774 708 747 856 698
830
830
800 805 713 745 719 819 823 697 828
708 774 840 747 856 698

840
805 819 823 697
803 708 774 747 856 698
830
856
772 800 819 823 697 828 703 861 753
774 804 810 698 825 708 840 729 863 869 747 876 878 888 889
830
857
871
865 868

858
871
870 895

859
885


860

698

861
753
804 876 888 856 729 889 863

862

865 698

863
882 861
804 878 856 888 729

864
884
698 893

865

857 698 868 862

866

881 698 879

867
872 885
874 887 698

868

857 865 698

869
811 890
769 708 774 856

870

879 881 698 858 894 895

871

698 857 858 895

872
867 885
873 887

873
872 885
776 874 698

874
867 885
776 873 698

876
882 886 861
804 729 856 889 698

877
885
776 698

878
886
804 729 888 856 889 698 863

879

866 870 881 698 894

880
819 823 828 703
803 747 698

881

866 870 879 698 895

882
886
876 729 698 889 863

883

698

884

864 825 698 893

885
867 872
776 874 873 877 887 698 859

886
882
804 876 878 729 698 889

887
872 867 885
776

888
861
804 878 856 889 863

889
753 882 886 861
804 876 878 856 888 825 698

890
811 697
769 708 869

893
884
864 698

894

870 879

895
871
870 881 698 858

