34

428 173

107
641 629 566
363 376 475 348
601
173

34 649 427 348 414

348
524 412 542 553 566 461 492 373
514 515 394 395 400 414 544 422 427 428 173 556 431 558 559 434 561 438 465 480 483 107 363 378 500 376 506

363
524 412 542 566 461 591 492 370 373
514 515 651 656 669 414 544 559 561 436 475 348 606 483 107 506 500 374 376 378 637

370
524 412 542 553 567 566 461 492 373
514 515 645 646 395 666 669 414 683 428 431 559 561 563 438 465 475 363 376

373
641 524 412 542 553 566 567 580 587 461 590 370
514 515 391 395 651 400 669 414 544 680 683 428 556 558 431 559 561 434 436 438 465 475 604 348 483 614 363 496 506 634 374 376 378 637

374
524 412 553 566 567 461 492 373
514 391 669 544 683 556 431 561 563 438 465 475 614 363 496 500 506

376
524 412 542 423 553 566 567 580 461 591 492 370 373
513 514 515 645 646 391 394 400 669 414 544 673 676 683 556 431 559 561 563 436 465 475 604 348 606 610 483 614 107 363 378 496 500 634 506 637

378
641 542 423 553 566 580 461 591 492 373
514 515 391 394 651 400 414 544 676 428 559 563 436 465 475 604 348 483 614 363 496 500 376 506 637

391
524 412 423 553 566 567 580 591 492 373
513 514 515 394 400 414 544 428 556 559 431 563 465 475 483 614 378 374 376 506 637

394
492 566 542
544 515 614 391 620 556 559 400 436 438 376 378 348
601
395
524 412 542 423 553 567 574 461 591 370 373
513 515 645 400 669 414 544 422 678 683 428 431 559 561 436 438 465 348 604 483 614 620 506 637
601
400
641 524 412 542 553 566 567 580 591 492 373
513 514 515 391 394 395 414 544 683 428 556 431 559 434 436 438 465 475 348 606 614 378 500 376 506 637

412
524 542 423 567 580 461 591 492 370 373
513 515 645 391 395 400 669 414 544 676 422 428 558 559 431 561 436 438 593 348 604 609 483 363 496 500 374 376 506

414
542 553 566 567 574 576 584 590 591 612 615 616 621 629 635 636 640 641 660 663 667 672 679 685 370 373 412 423 461 492
513 514 515 544 558 559 561 563 573 575 578 579 583 588 589 592 594 596 597 603 604 605 609 611 614 617 619 620 622 626 627 628 631 632 633 637 639 644 649 654 655 657 662 664 665 669 670 675 676 677 678 680 681 682 683 684 173 348 363 376 378 391 395 400 422 427 428 434 436 438 483 496 500 506
602 607 638 668
422
663 412 685 636
395 653 654 655 414 682 438 579 592 593 348 604 483 614 617 618 620 630 631
601
423
412 567 586 587 591 492
513 645 646 391 651 395 669 414 683 428 556 558 559 431 561 436 475 604 606 614 378 500 634 376 506 637

427

428 173 496 348 414

428
641 524 667 412 423 553 461 591 492 370 373
514 515 513 391 395 651 400 414 544 34 676 683 427 558 431 559 561 434 563 438 594 475 348 604 606 614 500 378
601
431
412 423 566 492 370 373
513 514 515 391 395 651 400 669 683 428 556 559 434 563 436 438 465 475 348 483 614 500 374 376

434
580 492 591 373 566
515 428 431 400 563 436 506 475 348 414 604

436
652 524 412 542 423 553 566 461 591 492 373 635
513 646 394 395 651 400 669 414 673 683 556 431 559 561 434 563 438 465 475 604 606 483 363 496 376 378

438
524 412 553 566 461 591 370 373
513 645 394 395 651 400 669 414 676 422 683 428 559 431 561 563 436 465 596 604 348 483 614 496 500 374 634

461
412 553 590 591 492 370 373
395 653 669 414 544 683 428 561 436 438 465 475 348 606 483 363 506 374 376 378

465
524 542 566 567 461 591 370 373
513 515 391 395 400 669 544 683 556 558 431 559 561 436 438 475 348 483 500 374 376 378
601
475
524 542 423 553 567 580 461 591 492 370 373
513 514 515 391 651 400 544 676 428 556 431 561 434 563 436 465 604 606 483 363 107 506 500 374 376 378

480

593 563 348

483
641 524 412 553 567 580 461 591 492 373
513 514 391 395 669 414 671 422 431 559 561 436 438 465 596 475 348 604 606 614 363 378 496 376 506 637 639
601
492
641 412 542 423 553 566 567 461 591 370
513 514 515 391 394 651 400 669 414 676 428 559 431 561 434 436 475 604 348 606 483 614 363 378 374 376 506 637

496
641 580 553 591 373 412
515 483 427 378 436 438 374 376 506 637 414

500
412 542 423 566
513 514 651 400 414 683 428 431 563 438 465 475 348 614 363 374 376 378 637
601
506
524 412 423 461 591 492 373
513 514 645 391 395 400 414 559 561 434 563 475 348 606 610 483 363 496 374 376 378

513
412 542 423 553 566 567 580 591 492
514 515 391 395 651 400 414 544 683 428 559 431 561 563 436 438 465 475 604 606 610 483 614 500 376 506 637
601
514
524 566 492 370 373
513 391 400 414 544 683 428 431 559 561 475 348 483 363 378 500 374 376 506

515
641 524 412 553 566 580 492 370 373
513 391 394 395 654 400 414 428 559 431 434 465 475 348 614 363 620 496 376 378 637

524
412 567 566 591 370 373
514 515 391 395 651 400 544 428 559 561 436 438 465 475 348 606 483 614 363 374 376 506 637

542
412 567 580 492 370 373
513 394 395 400 414 683 559 561 436 465 475 348 606 363 500 376 378

544
524 412 553 566 580 461 373
513 514 645 391 394 395 400 669 414 683 428 559 563 465 475 604 348 363 374 376 378

553
566 567 461 591 492 370 373
513 515 644 391 395 400 666 669 414 544 556 428 558 559 561 436 438 475 348 609 483 614 620 378 496 374 376 634

556
423 553 652 373
673 676 614 391 394 431 400 465 436 374 376 475 348

558
423 553 373 412
428 465 348 414

559
524 412 542 423 553 566 567 580 591 492 370 373
513 514 515 391 394 651 395 400 669 414 544 676 683 428 431 561 436 438 465 604 348 606 483 614 363 506 376 378 637

561
524 412 542 423 553 566 567 580 461 591 492 370 373
513 514 395 414 428 559 436 438 465 475 604 348 606 483 363 374 376 506

563
567 566 370
513 645 391 414 544 428 431 434 436 438 594 475 480 506 500 634 374 376 378

566
524 553 567 580 492 370 373
513 514 515 391 394 651 400 414 544 559 431 561 434 563 436 438 593 465 348 363 107 500 374 376 378

567
524 412 542 423 553 566 580 590 591 492 370 373
513 645 646 391 395 651 400 414 683 559 561 563 465 475 604 610 483 374 376

573
672 685 636
644 653 654 664 414 680 575 579 588 589 592 597 598 603 605 609 611 617 618 622 630 633

574
584 621
678 395 630 414

575
612 685
680 617 592 630 664 573 414

576
640 615 650 659
578 675 643 583 681 658 627 661 600 414

577
640 615 650 659 595 599 635
578 675 582 583 681 632 658 662 600 670

578
640 650 576 577 595 599 615 635
643 658 662 665 414 675 681 582 583 627 632

579
663 685 590 612 621 636
644 653 654 666 414 422 680 684 573 588 589 592 597 598 605 609 611 617 620 625 626 630 633 639

580
641 412 542 566 567 591 373
513 515 391 400 656 544 559 561 434 475 606 483 496 376 378
601
582
640 577 595 659 599 635
578 643 583 658 627 661 600 662

583
640 659 576 577 595 635
643 647 658 661 662 665 414 670 578 582 600 627 628

584
616 660 574
414 678 618 682 592 596 630 631 637 639

586
423 587
645 646 634

587
423 586 373
645 651 634

588
685
579 644 678 617 682 618 619 592 633 573 414

589
636
609 579 611 677 617 620 592 596 597 603 573 414

590
612 461 591 623 373 567
579 644 633 414

591
524 412 423 553 567 580 461 590 492
513 645 646 391 651 395 400 669 414 683 428 559 561 434 436 438 465 475 606 483 363 378 496 634 376 506 637

592
672 685 584 612 616 621 623 636
644 654 655 664 666 414 677 422 678 680 682 684 573 575 579 588 589 597 598 603 605 609 611 617 619 620 622 625 630 633

593
412 566
480 422

594
667
563 428 414

595
640 577 615 650 659 635
578 675 643 582 583 681 658 627 661 600 670

596
584 616 663
483 677 678 618 620 589 655 438 630 604 414

597
623 636
609 579 644 677 680 618 619 684 589 653 592 625 654 633 573 414

598
636
609 579 605 677 680 619 684 653 654 592 630 573

599
640 577 615 650 659 635
578 643 582 647 632 658 628 661 600 665 670

600
640 650 659 576 577 595 599 615 635
643 658 661 662 665 670 675 681 582 583 627 628 632

601
580
513 609 483 644 422 394 107 428 395 465 500 630

602

414

603
612 623
611 677 644 573 680 619 684 589 654 592 625 605 414

604
412 423 567 492 373
513 645 651 395 669 414 671 544 422 428 559 561 434 436 438 596 475 606 483 376 378 637

605

609 579 644 677 680 617 619 653 654 592 626 630 598 603 573 414

606
641 524 542 423 580 461 591 492
513 645 400 669 428 559 561 436 475 604 483 363 376 506

607

414

609
412 553 612 636
644 664 666 414 680 573 579 589 592 597 598 605 617 619 620 626 630
601
610
567
376 513 506

611
636
579 677 680 684 653 589 654 592 625 664 603 573 414

612
590
609 579 678 680 617 619 654 592 630 664 603 414 575

614
524 423 553 492 373
513 515 645 391 394 395 400 669 414 676 422 683 428 556 559 431 438 483 500 374 376 378 637

615
640 576 577 595 599 635
643 647 658 661 662 665 414 675 681 578 600 627 628 632

616
584 663 621 623 660
678 684 622 592 625 657 596 630 631 414 639

617
648 685 612
644 666 414 677 422 680 573 575 579 588 589 592 605 609 619 620 625 626

618
679 584 685 636
678 680 682 619 684 422 588 596 597 630 631 633 666 573

619
685 612 636
644 653 654 414 677 678 588 592 597 598 603 605 609 617 618 625 630

620
672 553
515 644 394 395 653 654 666 414 678 422 579 589 592 596 609 617 630

621
616 663 574
414 579 592

622
616 623 663
678 592 625 573 414

623
616 590 636
684 622 592 625 597 603

625
616 623
611 644 579 677 617 619 684 653 622 592 597 633 603

626

609 579 644 677 680 617 654 630 605 414

627
640 650 659 576 595 615 635
643 658 661 662 670 414 675 578 582 583 600 632

628
615 599
643 647 681 583 661 662 600 665 414

629
641
107 630 637 414

630
641 663 672 685 574 584 612 616 629 636
653 655 664 666 422 678 682 573 575 579 592 596 598 605 609 618 619 620 626 631
601
631
616 584
678 422 618 630 414 639

632
640 577 615 650 659 599
578 643 675 647 670 658 627 661 662 600 665 414

633
590 636
579 644 680 618 588 653 592 625 597 666 573 414

634
423 553 586 587 591 373
645 646 647 651 563 438 376

635
640 650 659 577 595 599 615
643 658 661 662 670 414 681 436 578 582 583 600 627

636
685 623
644 653 666 414 677 422 678 680 573 579 589 592 597 598 609 611 618 619 630 633

637
641 524 423 679 584 591 492 629 373
513 515 391 395 400 414 559 604 483 614 363 496 500 376 378 639

638

414

639
584 616
483 579 678 682 631 637 414

640
650 576 577 595 599 615 635
643 647 414 670 675 681 578 582 583 600 627 632

641
580 492 373 629
515 483 606 107 428 496 400 630 378 637 414

643
640 650 659 576 595 599 615 635
658 661 662 665 670 675 578 582 583 600 627 628 632

644
553 590 636
654 414 680 573 579 588 592 597 603 605 609 617 619 620 625 626 633
601
645
412 423 567 586 587 591 370
646 395 651 669 671 544 683 563 438 604 606 614 506 376 634

646
423 586 591 370 567
645 651 436 376 634

647
640 615 650 659 599
583 681 658 628 632 665 634 670

648

617

649

173 414

650
576 640 577 595 599 635
578 643 647 681 600 658 627 661 662 632 665 670

651
524 423 566 567 587 591 492 373
513 645 646 683 428 559 431 436 438 475 604 363 500 634 378

652

436 556

653
461 636
654 664 666 677 422 678 680 573 579 597 598 605 611 619 620 625 630 633

654
672 685 612
515 644 653 666 414 677 422 680 683 684 573 579 592 597 598 603 605 611 619 620 626

655

422 592 657 596 630 414

656
580
363

657
616
682 414 655

658
650 659 576 577 595 599 615 635
643 647 661 662 665 670 681 578 582 583 600 627 632

659
576 577 595 599 635
643 647 658 661 662 665 670 675 681 582 583 600 627 632

660
616 584
414

661
650 659 576 595 599 615 635
643 658 662 665 670 675 681 582 583 600 627 628 632

662
650 659 577 615 635
643 658 661 665 414 670 675 681 578 582 583 600 627 628 632

663
616 621
579 422 622 596 630 414

664
612 685
609 611 653 592 630 666 573 414 575

665
615 650 659 599
578 643 675 647 583 600 658 628 661 662 632 414

666
553 370 636
609 579 680 618 617 620 653 654 592 630 664 633

667

594 428 414

668

414

669
412 423 553 461 591 492 370 373
645 395 414 671 544 431 559 436 438 465 604 606 483 614 363 374 376

670
640 577 650 595 659 599 635
675 643 647 583 600 658 661 662 632 627 414

671

483 604 645 669

672

678 620 654 592 630 573 414

673

376 436 556

675
576 577 640 615 659 595
414 643 578 681 632 661 662 627 600 665 670

676
492 412
614 556 428 559 438 376 378 475 414

677
636
611 680 617 619 684 589 653 654 592 625 626 596 597 598 603 605 414

678
672 679 685 574 584 612 616 636
395 653 414 682 588 592 596 618 619 620 622 630 631 639

679

678 682 618 637 414

680
685 612 373 636
644 653 654 666 414 677 573 575 579 592 597 598 603 605 609 611 617 618 626 633

681
576 577 640 615 650 595 659 635
675 578 647 658 628 661 662 600 414

682
584 679
678 422 618 588 592 657 630 414 639

683
542 423 567 461 591 370 373
513 514 645 395 651 654 400 414 544 428 431 559 436 438 465 614 500 374 376

684
616 623
611 579 677 618 654 592 625 597 598 603 414

685
636
579 678 422 680 617 618 619 588 654 592 630 664 573 414 575

