3980
3981 3992 3994 4013 4024 4025 4029 4033 4036
3982 3983 3985 3988 3989 3991 3993 3995 3996 3997 3998 3999 4000 4002 4003 4004 4005 4006 4007 4008 4009 4010 4011 4014 4016 4017 4019 4021 4026 4027 4028 4031 4032 4034 4037 594
4020
3981
4018 3994
4009 3980 4019 4023 3997 3998

3982
3994
4003 4037 3980 3986 3998 3988 4021 4023 4026 3997 4030

3983

3980

3985

3993 4004 3980 4014

3986
4033
4000 3982 4014 4017 4021 4026 4030

3988

3980 3982 4021 3993 3995 4030

3989
4013
4011 3980 4038

3990

4016 4007

3991

3980 4031

3992

4000 4017 3980

3993

4004 3980 3985 3988 3995 4030

3994
3981 4018
4009 3980 3982 4019 4030 4023 3996 3997 3998

3995

4000 4004 3980 4014 3988 4023 3993 4026

3996
3994
4002 3980 4028

3997
3981 4018 3994
3980 3982 3998 4021 4023 4030

3998
3981 4018 3994
4005 4009 3980 3982 4014 4019 4021 4023 3997

3999
4036
3980 4005

4000
4033 3992
3980 4017 3986 4021 4026 3995

4002

3980 4023 4027 3996 4031
4020
4003

4009 3982 3980 4030

4004
4013
4038 3980 3985 4023 3993 3995 4030
4020
4005

3980 3998 3999

4006

3980

4007
4025 3990
3980

4008

3980

4009
3981 3994
4003 3980 3998 4023 4030

4010

3980

4011

3980 3989 4031

4013

4004 3980 3989 4023 4031

4014

4037 4038 3980 3985 3986 4017 3998 4021 4023 3995 4030

4016
4025 3990
3980

4017
3992
4000 3980 4014 3986 4026 4030

4018
3994 3981
3997 3998

4019
3981 3994
3980 3998 4026 4030

4020

4002 4004 4038 3980 4027 4030

4021

4000 3980 3982 4014 3986 4030 3988 3997 3998

4023
4013 3981 3994
4002 4034 4004 4038 4009 3982 4014 3998 3995 3997 4030 4031

4024

3980

4025

4016 3980 4007

4026

4000 3980 3982 4017 3986 4019 3995 4030

4027

4032 4002 4038 3980 4031
4020
4028

3996 3980

4029

3980

4030
3994
4026 4003 4004 4009 4014 3982 4017 3986 4019 4021 3988 4023 3993 3997
4020
4031
4013
4002 4038 4011 3980 3991 594 4023 4027

4032

4027 3980

4033

4000 3986 3980

4034

3980 4023

4036

3980 3999

4037

4014 3980 3982

4038

4004 4014 3989 4023 4027 4031
4020
594

3980 4031

