697
800 772 805 745 719 753 819 823 890 828
769 840 856 698

698
800 805 823 697 713 719 871 872 745 753 882 884 885 886
774 776 803 804 810 825 840 856 729 858 860 863 864 865 866 868 870 874 747 876 878 879 873 881 887 888 893 895
830 875
703
805 719 880 819 823 828
747

708
800 713 811 719 753 819 823 890 828
769 840 747
830
713
800 772 805 745 719 819
708 840 747 698

719
800 805 745 713 819 823 697 828 703
708 774 810 747 698
830
729
753 886 861
876 878 888 889 698 863

745
800 713 719 823 697 828
747 698
830
747
800 713 745 719 880 753 819 823 828 703
769 708 774 840 810 856 698

753
697 819 823 890 861
708 747 698 856 729 889

769
811 697 890 828 798
708 869 774 747

772
800 805 713 697
856

774
800 805 811 719 823 828
769 869 810 747 856 698
830
776
872 885
873 874 877 887 698

798

769

800
772 805 745 713 811 719 823 697
774 708 747 856 698
830
803
880
840 698

804
882 886 861
876 878 888 856 889 698 863

805
800 772 713 719 880 819 823 697 828 703
774 840 810 698
830
810
805 719 823 828
774 747 698

811
800 890
769 708 869 774 856

819
805 713 719 880 753 823 697 828 703
708 840 747 856

823
800 805 745 719 880 753 819 697 828 703
708 774 840 810 747 698
830
825
884
864 698 856

828
805 745 719 819 823 697 703
769 708 774 840 810 747 856
830
830
800 805 745 719 823 828
708 774 840 856 698

840
805 713 819 823 697 828
803 708 747 856 698
830
856
772 800 811 819 697 828 861 753 882
774 804 825 698 840 864 747 876 878 888 889 893
830
857
871
862

858
871
870 881 698 895

859
885


860

698

861
753
804 876 878 888 856 729 889 863

862

857 865

863
882 886 861
804 876 729 888 889 698

864
884
856 825 698 893

865

698 868 862

866

881 698 895

867
872 885
873 874 877 887

868

865 698

869
890 811
769 774

870
871
879 881 698 858 894

871

870 879 881 857 698 858 895

872
867
776 873 874 698

873
867 872
776 874 698

874
867 872
776 873 887 698

875

698

876
882 861
804 878 888 729 856 889 698 863

877
867 885
776

878
886 861
804 876 888 729 856 889 698

879
871
870 881 698 894

880
805 819 823 703
803 747

881
871
866 870 879 698 858 895

882

804 876 856 889 698 863

884

864 825 698 893

885
867
776 877 887 698 859

886

804 878 729 889 698 863

887
867 885
776 874 698

888
861
804 876 878 856 729 698 889 863

889
753 882 886 861
804 876 878 888 856 729 863

890
811 753 697
769 708 869

893
884
864 698 856

894

870 879

895
871
866 881 698 858

