567
3861
3454 3487

857

3586 3621 3495 3626 3797 862
3456
862
3592 3633
3872 3586 3779 3684 3621 3677 3501 3609 3797 857 3577 1085 3550
3456
1085
3592 3633 3651 3692
3609 3741 3750 3495 3756 3501 3525 3540 862 3550 3684 3943 3561 3948 3440 3577
3456 3674 3830
3437
3843 3719 3592 3470 3604 3477 3612 3617 3623 3624 3753 3758 3633 3506 3645 3518 3777 3651 3660 3534 3682 3949 3564 3823 3568 3574 3836 3837
3586 3593 3979 3860 3605 3476 3482 3488 3494 3880 3759 3763 3894 3895 3766 3772 3775 3782 3912 3786 3791 3539 3799 3544 3548 3553 3554 3938 3810 3558 3555 3939 3689 3690 3819 3948 3566 3567 3832 3705 3962 3454
3456 3907 3674 3675 3680
3438
3971 3877 3633 3522 3784
3586 3842 3851 3480 3491 3517 3540 3677 3938 3693 3449
3456 3734 3760
3439
3716 3699 3932 3647
3638 3799 3513

3440
3877 3755 3633 3576
3968 3842 3851 3596 3495 3501 3886 1085 3780 3525 3540 3797 3805 3938 3684 3697 3703
3600 3545
3441
3949 3662 3538
3536 3546

3442
3715 3850 3597 3470 3472 3728 3735 3867 3876 3636 3773 3778 3921 3685 3941 3835 3710 3455
3713 3590 3977 3722 3608 3865 3740 3615 3505 3508 3521 3526 3791 3663 3802 3678 3936 3553 3698 3705

3443
3937 3972 3460 3466 3829
3909 3752 3593 3915 3529 3469 3634 3859 3956 3738 3582
3630
3444
3861 3742
3849

3445
3725 3538 3868 3743
3819

3446
3585 3490 3814 3624 3863 3549
3546

3447
3682 3580


3448
3471 3604 3633
3841 3586 3845 3851 3596 3475 3860 3609 3485 3491 3495 3756 3501 3640 3642 3779 3527 3449 3540 3800 3930 3804 3677 3938 3684 3943 3944 3948 3693 3697 3828 3577 3838
3456 3734 3737 3611 3545 3830
3449
3604 3873 3633 3651 3692 3438
3586 3721 3851 3596 3480 3609 3618 3491 3495 3625 3756 3501 3517 3788 3796 3797 3800 3677 3805 3938 3684 3943 3948 3448 3577 3962 3838
3456 3734 3737 3545 3674 3830
3450
3730 3604
3528 3497 3731 3605 3860 3672 3804 3838
3545 3737
3452
3877 3462 3824 3576
3488 3658 3596 3966 3603 3891 3573 3838
3611
3454
3861 567
3779 3880 3437 3605 3673 3547

3455
3715 3599 3728 3735 3867 3753 3636 3769 3773 3778 3921 3710
3713 3588 3862 3608 3740 3886 3505 3521 3526 3663 3802 3553 3442
3629 3907
3456
3971 3604 3873 3633 3762 3651 3654 3438 3692
3841 3842 3461 3851 3596 3609 3618 3750 3495 3501 1085 3831 3577 3797 3800 857 3677 862 3938 3557 3687 3948 3437 3703 3448 3449 3962
3734 3514 3545 3674 3830
3457

3938 3703 3944 3831
3830
3458
3493 3719 3468 3951 3792 3569 3793 3506 3900 3711
3648 3584 3810 3969 3718 3822 3643

3459
3564 3534 3770 3645 3614
3812 3782 3529 3945 3469 3825 3763

3460
3972 3466 3474 3602 3761 3900 3568 3829
3752 3634 3768 3515 3782 3786 3915 3945 3443 3956
3630
3461

3968 3559 3495 3831 3930
3456 3934
3462
3877 3824 3762 3604
3559 3672 3756 3596 3891 3966 3926 3800 3930 3452
3611 3934
3463
3714 3906 3591 3951 3569 3793 3506 3706
3555 3909 3593 3822 3826 3794 3705 3931 3869 3486

3464
3466 3724 3601 3474 3602 3604 3612 3617 3761 3777 3823
3469 3529 3554 3945 3956 3583
3630 3680
3465
3975 3957 3837
3757 3918 3759 3571 3476 3701 3579 3519
3675 3708
3466
3460 3972 3464 3602 3761 3784 3668 3937
3469 3738 3634 3510 3652 3529 3915 3554 3945 3821 3443 3956 3583
3680
3467


3830
3468
3458 3601 3866 3623 3758 3900 3645 3777 3524 3532 3534 3535 3823 3568
3584 3622 3881 3764 3782 3927 3810 3945 3956

3469
3459 3972 3464 3466 3726 3604 3761 3668 3829
3738 3752 3881 3634 3764 3510 3529 3927 3554 3945 3825 3443 3956

3470
3778 3876 3599 3769 3773 3710
3520 3521 3553 3437 3442 3767
3629
3471
3873
3845 3475 3484 3485 3902 3526 3540 3543 3672 3930 3938 3940 3684 3966 3702 3448 3838
3611 3545
3472
3840 3685 3850
3521 3553 3526 3598 3505 3442 3698
3629
3473
3874 3628 3538 3541 3868 3743
3912 3819 3595 3917 3567 3857 3871 3739

3474
3460 3464 3823 3761 3602 3829 3967
3554 3915 3634 3956 3738
3630
3475
3971 3471
3586 3842 3845 3851 3852 3484 3485 3488 3501 3642 3902 3526 3926 3672 3930 3940 3684 3948 3828 3448 3966
3611 3545
3476
3836 3975 3465 3957 3837 3774
3757 3437 3701 3519
3675 3708
3477
3651 3847
3756 3565 3437 3637

3478
3587 3655 3500 3920 3964 3967
3809 3747 3783 3791 3607 3933

3479
3649 3562 3695 3898 3613
3581 3594 3919 3516
3830
3480
3971 3604 3633 3651 3692 3438
3968 3491 3625 3756 3667 3540 3677 3938 3684 3693 3449
3734 3545 3674
3481
3649 3613 3562 3883 3898
3594 3919 3639 3516 3581
3830
3482
3685 3850
3553 3521 3437 3505 3832 3644 3901

3483
3617 3937 3878 3724
3782 3690 3754 3821

3484
3873 3971 3471 3568 3633
3968 3521 3842 3684 3817 3501 3475 3831

3485
3790 3471
3681 3559 3528 3817 3475 3448 3930 3804 3838
3514 3611
3486
3714 3976 3870 3493 3506 3900 3906 3793 3951 3569 3706 3711
3463 3593 3855 3869 3509 3909 3705 3803 3572 3833
3924 3680
3487
3925 567
3530 3723 3566 3504 3551

3488
3858 3604 3730 3877 3884 3790 3824 3576 3707
3596 3731 3605 3475 3860 3891 3640 3902 3527 3528 3913 3926 3800 3672 3930 3938 3557 3559 3687 3437 3573 3452
3737 3611 3545 3830
3489

3665 3825 3652 3676

3490
3585 3682 3814 3531 3662 3446 3863 3771 3580 3549
3905 3546

3491
3971 3438
3968 3712 3938 3684 3480 3842 3845 3788 3838 3540 3797 3448 3449 3966
3545
3492

3521 3841 3684 3697 3930

3493
3458 3719 3951 3506 3900 3646 3903
3648 3969 3584 3486 3558 3593
3680
3494

3705 3690 3437 3583

3495
3873 3877 3884 3651 3929 3692 3824
3842 3461 3978 3851 3596 3860 3609 3621 3750 3880 3625 1085 3908 3525 3449 3667 857 3548 3930 3938 3684 3943 3687 3944 3440 3697 3831 3448 3577 3962
3456 3545 3830
3496
3861
3520 3521 3684 3750 3817 3722 3831 3672 3547 3677 3551
3629
3497
3518 3824 3576 3450 3707
3543 3940 3527 3528 3658 3596 3838 3542 3926 3804 3902
3611 3545
3498
3599 3728 3921 3636 3867 3835
3713 3740 3722 3705 3615
3907 3629
3499
3617 3719 3947 3532 3564 3758
3881 3690 3821 3825
3680
3500
3587 3655 3696 3967 3641 3964
3776 3809 3747 3783 3791 3664 3508 3766 3478 3615

3501
3604 3877 3884 3633 3651
3968 3841 3586 3842 3721 3851 3475 3609 3484 3741 3625 1085 3517 3525 3533 3577 3677 862 3684 3943 3948 3440 3448 3449
3456 3734 3545 3674 3830
3502
3813 3700 3669 3898
3864
3830
3503
3576
3779 3785 3640 3800 3731 3672 3804 3838

3504

3839 3530 3723 3487

3505
3840 3685 3850 3472 3773 3455
3553 3747 3722 3598 3698 3827 3442 3508 3512 3482 3644
3629
3506
3714 3458 3591 3493 3623 3758 3631 3896 3646 3903 3534 3951 3568 3569 3829 3706 3711
3969 3463 3593 3855 3869 3486 3754 3507 3509 3511 3515 3643 3786 3794 3555 3558 3690 3437 3822 3826 3958
3680
3507
3823 3506
3554 3555 3690 3927

3508
3840 3685 3850 3500
3521 3553 3776 3791 3632 3505 3442 3607 3644 3933 3615

3509
3906 3714 3947 3951 3569 3793 3506 3896 3706 3900
3909 3855 3794 3826 3833 3803 3486
3924
3510
3466 3761 3602 3668 3829
3752 3945 3881 3821 3469 3738 3869
3630
3511
3866 3724 3770 3506 3896 3706 3900
3648 3904 3909 3671 3530 3821 3566 3738 3515

3512
3873 3604 3929
3525 3533 3577 3505 3800 3517
3760 3830 3737
3513
3616 3932
3439 3799

3514
3730 3858 3604 3884 3633 3518 3790 3670
3596 3605 3485 3627 3635 3640 3528 3913 3926 3542 3800 3804 3557 3687 3966 3828 3832 3838
3456 3737 3611 3760 3674 3830
3515
3460 3506 3829 3706
3555 3593 3855 3958 3511

3516
3649 3613 3523 3562 3883 3695 3479 3481
3919 3581
3830
3517
3438
3851 3948 3577 3501 3756 3533 3512 3449
3830
3518
3790 3670 3824 3578
3596 3860 3605 3497 3635 3640 3902 3528 3542 3800 3557 3687 3437 3832 3838
3737 3611 3514 3545 3830
3519
3836 3975 3465 3837 3774
3757 3759 3571 3476 3701 3705 3579
3675 3708
3520
3971 3470
3684 3526 3496 3625 3667 3672 3550

3521
3850 3597 3470 3728 3472 3735 3867 3876 3753 3769 3773 3778 3921 3666 3685 3815 3835 3710 3455
3713 3842 3722 3598 3608 3482 3740 3484 3618 3492 3496 3625 3508 3526 3797 3672 3802 3550 3556 3684 3948 3442 3698 3827 3705 3962
3907
3522
3438
3779 3979 3950 3930 3677

3523
3883 3562 3695 3898
3594 3919 3639 3516 3581
3830
3524
3623 3468 3535 3568 3601 3866 3645
3584 3782 3786 3768

3525
3873 3651 3692
3841 3970 3842 3851 3596 3495 3756 3501 3889 3512 1085 3780 3656 3677 3551 3563 3948 3950 3440 3573
3734 3737 3674
3526
3840 3850 3471 3599 3472 3753 3773 3455
3713 3590 3475 3862 3865 3520 3521 3543 3684 3559 3563 3442 3698 3573 3831
3629
3527
3604 3707
3851 3488 3497 3902 3528 3785 3926 3672 3800 3930 3804 3938 3557 3702 3448 3838
3545
3528
3858 3730 3604 3518 3576 3824 3450
3596 3485 3488 3497 3640 3527 3926 3542 3800 3930 3681 3938 3557 3559 3702 3832 3838
3737 3514 3545
3529
3459 3972 3464 3466 3726 3601 3602 3614 3758 3761 3900 3777 3793 3937 3947 3568 3829
3469 3738 3869 3634 3915 3443 3956

3530
3925
3723 3504 3511 3673 3487

3531
3490 3662 3863 3771 3549
3546

3532
3777 3617 3468 3535 3829
3622 3499 3956 3927 3610 3931

3533
3877 3633 3929
3948 3501 3795 3512 3517
3760 3830 3674
3534
3459 3468 3612 3614 3758 3761 3506 3770 3906 3535 3793 3937 3564 3829
3593 3881 3810 3437 3825 3705

3535
3524 3532 3534 3823 3758 3601 3468 3694 3866
3584 3782 3881 3821 3825 3927

3536
3682 3624 3662 3606 3549
3812 3727 3441 3922 3679

3537

3901 3887

3538
3874 3725 3628 3743 3473 3868
3595 3819 3917 3857 3441 3892 3445 3739 3871

3539
3724 3823
3584 3437 3890 3895 3678 3583

3540
3471 3692 3438
3968 3842 3851 3596 3480 3618 3491 3750 3886 1085 3780 3656 3667 3797 3677 3556 3684 3563 3693 3440 3448 3962 3966
3734 3830
3541
3874 3657 3628 3725 3473 3743
3912 3595 3892

3542
3604 3628 3518 3824 3707
3852 3596 3497 3635 3528 3926 3543 3672 3930 3804 3940 3687 3559 3817 3702 3966
3611 3514 3545
3543
3471 3576
3940 3526 3497 3859 3605 3542

3544

3808 3437 3888 3775
3674
3545
3971 3471 3730 3604 3858 3755 3884 3633 3518 3651 3654 3450 3578
3841 3586 3842 3968 3845 3722 3851 3852 3596 3475 3860 3605 3731 3480 3488 3491 3495 3497 3627 3756 3501 3889 3891 3902 3527 3528 3785 3449 3788 3542 3926 3672 3800 3930 3804 3677 3962 3681 3684 3557 3943 3559 3440 3697 3828 3702 3831 3448 3577 3966
3456 3737 3611
3546
3490 3624 3531 3949 3662 3863 3446 3580 3549
3441 3894 3679
3811
3547
3628
3779 3750 3496 3693 3950 3548 3677 3454 3775

3548

3908 3495 3437 3661 3547
3737
3549
3585 3682 3490 3814 3624 3531 3662 3446 3863
3905 3812 3566 3536 3546

3550
3971 3633
3520 3872 3968 3521 3684 3552 3625 3950 3667 3797 3573 3672 1085 862

3551
3925 3961
3525 3496 3723 3487

3552

3625 3886 3573 3672 3550
3830
3553
3840 3470 3472 3867 3753 3769 3773 3778 3921 3685 3835 3710 3455
3722 3598 3482 3505 3508 3644 3663 3802 3936 3563 3437 3442 3698 3705

3554
3972 3466 3464 3726 3474 3829
3752 3945 3915 3437 3469 3507 3794 3634
3680
3555
3617 3777 3758 3506 3829 3604
3584 3810 3463 3593 3437 3507 3956 3767 3515

3556

3521 3684 3688 3817 3851 3693 3540
3611
3557
3858 3730 3518 3790 3670 3824 3574
3596 3860 3731 3488 3627 3640 3527 3528 3800 3804 3938 3687 3828
3456 3737 3514 3545
3558
3719 3866 3870 3493 3506 3646 3903 3906 3792 3793 3947 3951 3568 3829 3711
3584 3969 3593 3855 3620 3881 3768 3648 3909 3782 3786 3794 3810 3945 3437 3958
3924
3559
3462 3604 3877 3884 3762 3576
3461 3485 3488 3627 3891 3902 3526 3528 3542 3930 3804 3681 3944 3831 3838
3545 3934
3560
3691

3830
3561
3964 3604 3612
3942 3752 3945 3825 3738 3803 1085

3562
3649 3523 3695 3479 3481 3898
3639 3919 3516
3830
3563
3873
3968 3553 3683 3684 3525 3526 3656 3852 3948 3886 3667 3540 3962 3741
3830
3564
3617 3459 3878 3719 3534 3568
3622 3499 3437 3821 3927 3678
3680
3565
3477


3566
3662 3961 3549
3437 3511 3487

3567
3628 3725 3473 3868 3743
3595 3437 3917 3739

3568
3843 3460 3468 3866 3623 3506 3645 3906 3524 3793 3947 3564
3593 3484 3764 3529 3914 3915 3786 3931 3810 3558 3818 3437 3825
3680
3569
3458 3591 3506 3900 3906 3793 3947 3706
3969 3463 3869 3486 3509 3794 3705 3803 3822 3826 3833
3924
3571
3975 3465 3957 3899 3836 3965 3774
3918 3759 3701 3579 3519
3708 3675
3572
3714
3822 3794 3705 3869 3486

3573
3877
3488 3552 3525 3550 3526 3625 3852 3838 3966 3891 3797 3702 3672 3930 3452 3902
3611
3574
3762
3557 3437 3891 3635 3828 3605 3640 3642
3611
3575

3872

3576
3858 3604 3877 3790 3670 3824 3707
3731 3860 3605 3488 3497 3503 3891 3640 3642 3902 3528 3658 3543 3800 3930 3938 3559 3440 3966 3828 3452 3838
3830
3577
3604 3873 3877 3633 3651 3929 3692
3841 3586 3842 3968 3721 3851 3596 3609 3618 3495 3625 3756 3501 3886 3889 3512 3642 1085 3517 3656 3797 862 3684 3943 3944 3948 3693 3828 3448 3449 3962
3456 3734 3611 3545 3674 3830
3578
3790 3824 3633 3604 3670 3518
3683 3596 3731 3860 3640 3804
3737 3830 3545 3611
3579
3836 3975 3465 3957 3837
3757 3918 3759 3571 3701 3519
3675 3708
3580
3585 3490
3905 3447 3546 3679

3581
3649 3523 3695 3479 3481 3898 3613
3594 3516

3582

3752 3443

3583
3464 3466 3758
3494 3825 3539 3931 3869
3600
3584
3458 3973 3719 3976 3468 3866 3617 3493 3631 3896 3900 3646 3903 3906 3524 3784 3535 3792 3793 3947 3951 3711
3969 3763 3764 3893 3768 3643 3794 3539 3927 3555 3558 3690 3818 3821 3826 3833
3924
3585
3490 3949 3446 3863 3580 3549


3586
3971 3604 3633 3692 3438
3712 3841 3851 3596 3475 3501 3889 3788 3577 3796 3797 3800 3930 857 862 3684 3948 3437 3697 3448 3449 3839
3734 3545 3830
3587
3655 3500 3696 3920 3641 3964 3967
3776 3809 3747 3783 3791 3478 3933

3588
3455
3827 3862

3589
3592


3590
3715 3599 3728 3636 3921 3666 3835
3713 3722 3862 3740 3615 3756 3526 3663 3944 3442 3705
3907
3591
3714 3793 3569 3506 3900
3463 3593 3822 3855 3826
3680 3924
3592
3589 3847
3677 3626 3979 3916 3437 3891 1085 862

3593
3591 3719 3601 3493 3623 3758 3631 3506 3646 3906 3534 3793 3947 3951 3568 3829
3718 3463 3855 3738 3869 3486 3634 3764 3768 3515 3648 3782 3794 3931 3810 3555 3558 3818 3437 3443
3924 3680
3594
3649 3523 3883 3695 3479 3481 3898 3613
3581
3830
3595
3473 3538 3541 3868 3743
3567 3857 3739

3596
3971 3462 3858 3730 3877 3884 3633 3762 3518 3790 3670 3686 3824 3578
3841 3586 3721 3851 3731 3860 3603 3488 3750 3495 3880 3497 3756 3635 3642 3902 3779 3448 3525 3780 3528 3785 3658 3449 3913 3788 3540 3797 3542 3672 3930 3800 3926 3962 3681 3938 3684 3557 3687 3948 3693 3440 3832 3577 3452 3966
3456 3734 3737 3514 3545 3674 3830
3597

3521 3442

3598
3685 3850 3472
3936 3553 3521 3505 3698

3599
3850 3470 3728 3867 3498 3769 3773 3921 3666 3815 3835 3710 3455
3590 3722 3608 3740 3615 3526 3663 3802 3705
3629 3907
3600
3861
3440 3825 3583

3601
3524 3464 3468 3535 3823 3866 3645
3782 3593 3529 3786 3881 3825

3602
3460 3972 3464 3466 3761 3474 3829 3770
3945 3529 3634 3510 3738

3603
3790
3640 3596 3828 3672 3452 3838

3604
3462 3464 3858 3861 3730 3617 3633 3770 3790 3450 3576 3578
3841 3586 3845 3851 3852 3469 3731 3860 3605 3480 3488 3501 3635 3640 3512 3902 3448 3527 3528 3913 3658 3915 3449 3788 3914 3926 3542 3800 3804 3677 3938 3555 3687 3559 3561 3437 3966 3828 3577 3838
3456 3734 3737 3611 3514 3545 3674 3830
3605
3604 3877 3518 3790 3574 3576 3450 3707
3731 3488 3880 3756 3635 3640 3785 3926 3543 3672 3804 3938 3454 3687 3948 3437 3828 3838
3611 3514 3545 3830
3606
3662
3536 3727

3607

3698 3508 3478 3644 3933

3608
3599 3728 3735 3867 3455
3521 3713 3722 3615 3442 3862 3705 3740
3907
3609
3877 3633
3851 3741 3618 3750 3495 3756 3501 3886 1085 3779 3449 3797 862 3938 3948 3448 3577 3962
3456 3830
3610
3659 3660 3532
3779 3950 3888 3953 3764 3732 3927 3772

3611
3971 3462 3471 3858 3604 3633 3762 3518 3790 3574 3578
3842 3845 3851 3475 3605 3731 3860 3485 3488 3497 3891 3635 3913 3542 3800 3930 3804 3938 3556 3817 3573 3448 3577 3452 3838
3734 3737 3514 3545 3830
3612
3937 3941 3464 3837 3534 3758 3836
3810 3561 3945 3437 3759 3825 3764 3893 3869

3613
3649 3883 3479 3481 3898
3639 3594 3516 3581
3830
3614
3459 3534 3758 3900
3652 3945 3529

3615
3815 3498 3500 3599 3921 3835
3776 3590 3664 3442 3508 3608 3705 3740
3629
3616
3716 3844 3699 3932 3647
3918 3638 3799 3513

3617
3719 3464 3724 3604 3483 3878 3758 3645 3777 3532 3793 3564 3823
3584 3738 3869 3622 3754 3499 3895 3927 3803 3555 3821 3437 3825
3680
3618
3873 3971 3692 3633
3842 3684 3968 3750 3521 3851 3577 3609 3540 3449
3456 3734
3619

3880 3970
3760
3620
3906 3714 3870 3792 3900 3646 3711
3648 3810 3718 3558 3764

3621

3684 3495 3689 3797 857 862

3622
3617 3878 3719 3532 3564 3468
3690 3821 3931

3623
3524 3947 3468 3758 3568 3506 3866
3810 3782 3593 3786 3818 3437 3768

3624
3814 3949 3446 3863 3549
3905 3437 3536 3546 3806 3679

3625
3873 3633 3692
3968 3842 3721 3978 3851 3480 3495 3756 3501 3886 3520 3521 3656 3449 3667 3797 3672 3677 3550 3552 3938 3684 3948 3573 3577 3962
3734
3626
3847 3592
3979 857 3839

3627
3790 3824 3730 3707
3681 3557 3559 3635 3702 3640 3804
3545 3514
3628
3874 3657 3725 3473 3538 3541 3868
3912 3567 3857 3739 3892 3542 3962 3547 3871
3760
3629
3840 3850 3470 3599 3472 3735 3876 3753 3498 3636 3769 3778 3921 3666 3815 3835 3710 3455
3713 3977 3722 3862 3740 3615 3496 3505 3526 3698 3705
3907
3630
3460 3464 3474
3945 3443 3510 3738

3631
3506 3903 3711
3648 3584 3593 3833

3632

3787 3508 3918 3791

3633
3971 3604 3877 3651 3654 3692 3438 3824 3578
3968 3586 3842 3721 3851 3596 3860 3480 3609 3484 3741 3618 3750 3625 3756 3501 3889 1085 3656 3788 3533 3577 3800 3928 3804 3677 3550 862 3938 3684 3687 3948 3693 3440 3437 3828 3448 3449
3456 3734 3611 3760 3514 3674 3545 3830
3634
3937 3460 3972 3466 3761 3474 3602 3829
3554 3529 3593 3945 3469 3956 3443 3738

3635
3730 3604 3518 3790 3670 3686 3574
3596 3731 3605 3627 3640 3542 3926 3800 3930 3804 3948 3832 3702 3838
3611 3514 3830
3636
3815 3498 3728 3921 3666 3735 3769 3867 3455
3713 3590 3722 3442 3862 3802 3740
3907 3629
3637
3659 3477
3756

3638
3616 3716 3844 3952 3932
3848 3918 3439 3799

3639
3649 3523 3562 3883 3695 3481 3898 3613

3830
3640
3730 3604 3858 3884 3762 3518 3576 3790 3670 3824 3574 3578 3707
3731 3605 3603 3860 3488 3627 3503 3635 3528 3785 3832 3926 3800 3804 3938 3557 3687 3828 3448 3838
3734 3737 3514
3641
3587 3500 3920 3696
3960
3907
3642
3659 3574 3576
3938 3448 3658 3596 3475 3731 3860 3828 3577 3930 3838
3737
3643
3458 3719 3976 3870 3506 3896 3646 3903 3711
3584 3718 3855 3895 3648 3909 3794 3826 3833
3680
3644
3840 3850
3553 3747 3505 3508 3607 3482

3645
3617 3459 3524 3941 3468 3568 3601
3786 3437 3764

3646
3493 3719 3758 3951 3506 3711
3648 3969 3810 3584 3620 3558 3593 3763 3643
3924
3647
3616 3716 3932
3918 3439 3799

3648
3458 3493 3719 3816 3758 3631 3792 3706 3646 3711
3810 3620 3558 3593 3763 3511 3643
3924
3649
3562 3883 3695 3479 3481 3898 3613
3581 3639 3594 3919 3516
3830
3651
3858 3477 3873 3884 3633
3841 3851 3480 3750 3495 3756 3886 3501 1085 3525 3577 3677 3938 3683 3948 3437 3828 3449
3456 3734 3545 3674 3830
3652
3466 3614
3489 3676

3653
3789
3918

3654
3755 3633
3938 3697 3930 3804
3456 3830 3545
3655
3587 3500 3696 3964
3776 3791 3478 3933

3656
3633 3692
3968 3841 3842 3750 3625 3756 3886 3525 3667 3540 3677 3683 3684 3563 3948 3577
3734 3830
3657
3628 3725 3541 3868 3743
3819 3857 3892 3739

3658
3604 3576
3497 3785 3596 3800 3731 3828 3642 3452

3659

3979 3888 3610 3637 3642 3772

3660
3870
3610 3780 3437

3661

3908 3948 3897 3548
3737
3662
3745 3490 3814 3531 3606 3863 3549
3812 3566 3536 3441 3546

3663
3599 3728 3921 3710 3455
3713 3553 3590 3977 3442 3862 3740

3664
3500
3776 3918 3960 3615

3665

3489 3825 3931

3666
3599 3728 3921 3636 3710
3521 3590
3629
3667
3873
3520 3842 3683 3684 3495 3656 3625 3563 3852 3948 3886 3540 3480 3962 3550
3734
3668
3466 3761 3829
3945 3469 3956 3510 3738

3669
3813 3502 3700
3911 3864

3670
3576 3790 3824 3858 3578 3518
3938 3557 3687 3880 3596 3948 3635 3702 3640 3804
3514
3671
3882 3793 3770
3821 3511 3768

3672
3462 3471 3450 3707
3851 3852 3596 3603 3475 3605 3872 3488 3496 3625 3503 3891 3902 3520 3521 3527 3785 3797 3926 3542 3928 3930 3804 3550 3962 3552 3938 3940 3684 3573 3966
3737 3545
3673

3530 3454

3674
3604 3633 3651 3692
3841 3851 3596 3480 3750 3756 3501 3886 3888 1085 3525 3788 3533 3577 3544 3938 3948 3693 3437 3449 3962
3456 3734 3760 3514 3830
3675
3899 3465 3957 3837 3774
3437 3759 3571 3476 3579 3519
3708
3676

3489 3652 3825

3677
3847 3592 3604 3633 3522 3651 3438
3968 3712 3841 3851 3480 3496 3625 3756 3501 3888 3525 3656 3788 3540 3930 3547 862 3684 3943 3948 3693 3697 3828 3448 3449 3962 3839
3456 3545
3678
3564
3442 3539

3679
3624 3580
3905 3939 3536 3546 3963 3806

3680
3714 3843 3591 3464 3466 3870 3617 3493 3878 3882 3506 3900 3564 3568 3955 3706 3711
3718 3593 3486 3499 3895 3643 3909 3794 3803 3931 3554 3690 3437 3822 3826 3958
3924 3830
3681
3790 3707
3559 3528 3627 3596 3804 3485
3545
3682
3490 3814 3949 3549
3812 3437 3536 3447

3683
3651 3692 3790 3578
3968 3842 3656 3944 3563 3756 3948 3886 3667
3830
3684
3971 3471 3873 3877 3633 3692
3968 3586 3842 3721 3851 3596 3475 3480 3736 3484 3741 3872 3618 3491 3492 3621 3495 3750 3496 3625 3756 3501 3886 1085 3902 3520 3521 3526 3656 3577 3667 3540 3797 3926 3672 3677 3550 862 3938 3556 3817 3563 3693 3440 3697 3702 3831 3448 3449 3962 3966
3545
3685
3840 3850 3472
3521 3553 3598 3505 3698 3442 3508 3482

3686

3635 3596

3687
3858 3604 3730 3884 3633 3762 3518 3790 3670 3824
3596 3731 3860 3605 3488 3495 3640 3542 3926 3800 3804 3938 3557 3966 3702 3838
3456 3514 3830
3688

3556

3689

3437 3621

3690
3866 3483 3870 3878 3758 3506 3955
3584 3869 3622 3494 3499 3507 3768 3781 3782 3927 3803 3946 3821 3437
3680
3691
3560

3830
3692
3873 3877 3633
3968 3841 3586 3712 3721 3851 3480 3618 3495 3625 1085 3525 3656 3449 3540 3797 3938 3683 3684 3948 3693 3577
3456 3734 3674 3830
3693
3971 3633 3692 3438
3841 3970 3845 3851 3596 3480 3756 3540 3547 3677 3938 3556 3684 3948 3448 3577 3838
3734 3674
3694
3816 3867 3535


3695
3649 3523 3562 3883 3479 3898
3639 3594 3919 3516 3581
3830
3696
3587 3655 3500 3920 3641
3747 3783 3791 3933

3697
3654 3884 3858
3586 3938 3492 3684 3495 3756 3440 3797 3831 3448 3677
3830 3545
3698
3685 3850 3472 3728
3521 3553 3747 3526 3598 3505 3442 3607
3629
3699
3616
3439

3700
3813 3502 3669
3911 3864

3701
3910 3975 3465 3837 3836 3965 3774
3757 3759 3571 3476 3579 3519

3702
3471 3877 3790 3670 3824
3845 3721 3731 3627 3891 3635 3902 3527 3528 3542 3800 3938 3684 3687 3948 3838 3573 3966
3737 3545 3830
3703
3971 3755
3457 3938 3842 3440 3831 3926 3902
3456 3830
3704

3891

3705
3714 3599 3867 3498 3906 3534 3793 3921 3569 3706 3835
3590 3463 3608 3740 3869 3486 3615 3494 3759 3763 3519 3521 3794 3802 3553 3818 3437 3822 3826 3442 3572
3629 3907
3706
3714 3506 3900 3906 3793 3569
3463 3869 3486 3509 3511 3515 3648 3794 3833 3803 3822 3705
3924 3680
3707
3730 3576
3488 3681 3527 3913 3497 3785 3627 3640 3756 3672 3891 3828 3605 3542 3930
3737
3708
3975 3465 3957 3836 3837 3774
3918 3571 3476 3579 3519
3675
3710
3715 3470 3599 3728 3735 3867 3753 3769 3921 3666 3835 3455
3713 3722 3862 3740 3521 3663 3553 3442
3629 3907
3711
3458 3719 3870 3758 3631 3506 3896 3646 3903 3784 3951
3584 3969 3718 3486 3620 3643 3648 3794 3810 3558 3826
3924 3680
3712
3692
3938 3491 3586 3677 3838
3734
3713
3715 3728 3753 3498 3636 3921 3835 3710 3455
3590 3722 3862 3608 3740 3521 3526 3663 3802 3442
3629 3907
3714
3591 3506 3900 3793 3823 3951 3706
3463 3869 3486 3620 3509 3794 3803 3822 3572 3705
3924 3680
3715
3867 3815 3921 3835 3710 3455
3713 3590 3442
3907
3716
3616 3932 3647
3439 3638

3717


3830
3718
3458 3870 3758 3896 3903 3906 3792 3947 3711
3969 3593 3620 3643 3810 3822 3826 3833
3924 3680
3719
3458 3617 3493 3758 3770 3646 3564 3951 3711
3584 3593 3622 3499 3895 3643 3648 3927 3810 3558 3437

3720
3751 3789
3787 3918 3802

3721
3858 3873 3877 3633 3692
3968 3596 3741 3625 3756 3501 3577 3796 3797 3938 3684 3948 3702 3449
3830
3722
3850 3599 3728 3498 3636 3773 3921 3710
3713 3590 3862 3608 3496 3505 3521 3553 3442 3827
3629 3907 3545
3723
3961
3530 3551 3504 3487

3724
3617 3464 3483
3539 3511

3725
3874 3657 3628 3743 3538 3541
3912 3819 3917 3567 3857 3892 3445 3739 3871

3726
3972 3829 3861
3554 3909 3529 3945 3469 3956 3738

3727
3745 3949 3606 3771
3536

3728
3599 3735 3867 3753 3498 3636 3769 3921 3666 3815 3835 3710 3455
3713 3590 3722 3862 3608 3740 3521 3663 3698 3442
3907
3730
3604 3790 3824 3450 3707
3596 3731 3488 3627 3635 3640 3528 3913 3926 3800 3804 3557 3687 3832
3737 3514 3545
3731
3858 3730 3604 3877 3790 3578 3824 3576 3450
3596 3605 3860 3736 3488 3503 3891 3635 3640 3642 3785 3913 3658 3800 3804 3938 3557 3687 3702 3966
3611 3545
3732

3610

3733
3861
3954

3734
3971 3604 3873 3877 3884 3633 3651 3929 3692 3438 3824
3712 3968 3586 3851 3596 3480 3618 3625 3756 3501 3640 3525 3656 3449 3788 3667 3540 3800 3938 3693 3948 3448 3577
3456 3611 3760 3674 3830
3735
3753 3728 3921 3636 3867 3710 3455
3521 3442 3608 3740
3629
3736
3873
3968 3842 3938 3684 3785 3948 3731 3831
3830
3737
3858 3730 3604 3873 3884 3518 3790 3578 3824 3450 3707
3596 3860 3488 3512 3640 3642 3525 3528 3661 3672 3930 3804 3548 3938 3557 3966 3702 3448 3449 3838
3611 3514 3545
3738
3972 3466 3726 3602 3474 3617 3668 3937 3829
3593 3469 3752 3754 3634 3510 3511 3529 3915 3561 3945 3821 3443 3956
3630
3739
3874 3657 3628 3725 3743 3473 3538 3868
3912 3595 3819 3567 3892 3871

3740
3599 3728 3735 3867 3498 3636 3921 3815 3835 3710 3455
3713 3590 3977 3862 3608 3615 3521 3663 3442 3705
3629
3741
3877 3633
3938 3684 3780 3721 3563 3852 3851 3948 3501 3797 3609 1085 3966
3830
3742
3444 3861
3849 3954

3743
3874 3657 3725 3473 3538 3541 3868
3912 3595 3819 3917 3567 3857 3892 3445 3739 3871

3744


3830
3745
3949 3662
3812 3727

3746
3846


3747
3587 3500 3920 3696 3964 3967
3809 3783 3791 3505 3698 3766 3478 3960 3933 3644

3749
3923 3789 3751
3918

3750
3877 3884 3633 3651
3851 3596 3609 3618 3495 3496 3756 1085 3779 3656 3795 3540 3797 3547 3938 3684 3948 3950 3831
3456 3674
3751
3923 3789 3749
3720

3752
3937 3460 3972 3829
3554 3945 3561 3915 3469 3443 3764 3510 3738 3582

3753
3850 3728 3735 3867 3876 3773 3778 3921 3835 3710 3455
3713 3521 3526 3802 3553 3437
3629 3907
3754
3617 3506 3483
3927 3738

3755
3971 3654
3703 3440 3926
3830 3545
3756
3462 3477 3877 3884 3633 3651 3929 3824 3707
3968 3841 3590 3721 3851 3596 3605 3480 3609 3750 3625 3886 3637 3772 3517 1085 3525 3656 3785 3577 3797 3800 3677 3683 3684 3944 3948 3693 3697 3828 3448 3449 3962
3734 3545 3674
3757
3975 3465 3957 3899 3837 3774
3918 3476 3701 3579 3519

3758
3719 3468 3612 3614 3617 3623 3761 3506 3646 3777 3906 3534 3535 3937 3947 3951 3711 3829
3969 3718 3593 3855 3499 3768 3648 3782 3529 3786 3555 3690 3818 3437 3833 3583
3924
3759
3975 3465 3957 3612 3836 3837 3774
3437 3918 3571 3701 3705 3579 3519
3675
3760
3628 3438 3633
3619 3948 3533 3512 3962
3674 3734 3830 3514
3761
3460 3972 3464 3466 3758 3534 3602 3668 3829 3474
3945 3529 3915 3469 3634 3510 3956

3762
3462 3824 3574
3687 3559 3596 3640 3930 3804 3902
3456 3611
3763
3459 3793 3646
3584 3648 3810 3782 3437 3799 3705

3764
3972 3468 3612 3645 3568
3584 3593 3469 3610 3620 3752 3881 3767 3915 3931 3810 3818 3821 3825
3834
3765

3930

3766
3500 3964
3776 3809 3747 3437 3791 3933

3767
3470 3829
3555 3764 3927 3803

3768
3460 3524 3623 3947 3758 3793 3770 3866
3584 3810 3558 3782 3593 3690 3818 3786 3914 3671

3769
3778 3470 3599 3728 3636 3710 3455
3521 3553 3977
3629
3770
3459 3719 3534 3602 3604
3511 3671 3768

3771
3490 3531
3855 3727 3956

3772
3847 3659
3968 3779 3756 3437 3610

3773
3778 3753 3850 3470 3599 3455
3521 3553 3526 3722 3505 3442 3802

3774
3899 3836 3910 3975 3957 3837
3757 3918 3759 3571 3476 3701 3519
3675 3708
3775
3847
3437 3953 3895 3544 3547

3776
3587 3655 3500 3967 3964
3809 3783 3664 3508 3766 3960 3933 3615

3777
3617 3464 3532 3468 3758
3555 3529 3437 3803

3778
3876 3753 3470 3769 3773 3455
3521 3553 3442 3827
3629
3779
3522 3941
3938 3454 3750 3979 3596 3503 3448 3609 3610 3547 3772 3930 862

3780
3971 3660 3929
3842 3525 3851 3596 3440 3540 3741 3966

3781
3823
3690 3946

3782
3459 3460 3468 3601 3866 3483 3623 3758 3906 3524 3535 3947 3836
3593 3881 3763 3768 3927 3931 3810 3558 3945 3818 3690 3437

3783
3587 3500 3920 3696
3776 3809 3747 3791 3478 3960 3933

3784
3906 3973 3466 3438 3793 3896 3711
3584

3785
3858 3707
3527 3640 3658 3596 3756 3736 3503 3800 3731 3860 3605 3672 3966
3545
3786
3906 3460 3524 3623 3947 3758 3568 3601 3506 3900 3645
3810 3558 3437 3822 3768

3787
3923
3720 3632

3788
3633 3604
3841 3586 3491 3596 3449 3677
3545 3734 3674
3789
3749 3751 3923 3807
3653 3720 3918

3790
3858 3604 3730 3884 3518 3670 3576 3578
3845 3851 3596 3603 3605 3860 3731 3485 3488 3627 3635 3640 3902 3913 3832 3926 3681 3938 3683 3557 3687 3828 3702 3838
3737 3611 3514
3791
3587 3655 3500 3920 3696 3967
3809 3747 3783 3901 3437 3632 3442 3508 3766 3478 3933

3792
3458
3584 3648 3620 3718 3558 3822

3793
3714 3458 3973 3591 3976 3866 3870 3617 3896 3900 3906 3784 3534 3947 3951 3568 3569 3706
3584 3463 3593 3486 3763 3509 3768 3529 3671 3931 3810 3558 3818 3822 3825 3826 3705
3924
3794
3714 3870 3506 3900 3903 3947 3951 3569 3706 3711
3584 3969 3463 3593 3855 3869 3509 3643 3909 3914 3705 3554 3558 3822 3826 3572 3833
3680
3795
3929
3750 3533
3830
3796

3586 3721 3950 3797 3449

3797
3692
3968 3586 3842 3721 3596 3609 3741 3872 3491 3621 3750 3625 3756 3886 3521 3449 3540 3796 3672 857 3550 862 3938 3684 3948 3440 3697 3573 3577 3962
3456 3830
3799
3616 3844 3952 3932 3647
3848 3437 3918 3439 3763 3638 3513

3800
3462 3730 3604 3633 3518 3824 3576
3586 3596 3731 3488 3756 3503 3635 3512 3640 3448 3527 3528 3785 3913 3658 3926 3804 3938 3557 3687 3702 3449 3962 3838
3456 3734 3611 3514 3545
3801
3921 3885


3802
3753 3599 3921 3636 3835 3773 3455
3521 3713 3553 3720 3442 3705
3907
3803
3617 3714 3777 3569 3706
3561 3690 3821 3890 3509 3767 3869 3486
3680
3804
3858 3604 3730 3884 3633 3762 3654 3450 3670 3824 3578
3845 3731 3860 3605 3485 3497 3627 3503 3635 3640 3902 3527 3542 3672 3930 3800 3681 3938 3557 3559 3687 3448 3838
3737 3611 3514 3545
3805

3440 3449 3916 3950

3806
3624
3905 3963 3679

3807
3789


3808

3544

3809
3587 3500 3920
3776 3747 3783 3933 3791 3887 3478 3766 3960 3901

3810
3458 3719 3468 3612 3623 3896 3646 3906 3534 3793 3947 3951 3568 3711
3718 3593 3855 3620 3881 3763 3764 3768 3648 3782 3786 3555 3558 3437 3833

3811
3949
3546

3812
3745 3682 3459 3662 3549
3536

3813
3502 3700 3669
3911 3864
3830
3814
3490 3682 3624 3949 3662 3446 3549


3815
3715 3599 3728 3921 3636 3867 3835
3521 3615 3740
3907 3629
3816
3694
3648

3817
3971
3842 3684 3556 3496 3542 3831 3484 3485
3611
3818
3623 3758 3568 3793 3896 3866
3584 3782 3593 3768 3764 3705

3819
3657 3725 3473 3538 3743
3912 3437 3917 3445 3739

3821
3466 3483 3617 3878 3906 3535 3947 3564 3829
3584 3738 3622 3499 3764 3510 3511 3671 3927 3931 3803 3933 3690 3825
3834
3822
3458 3714 3976 3591 3870 3506 3896 3900 3906 3792 3793 3951 3569 3706
3969 3718 3463 3855 3869 3786 3794 3833 3572 3705
3924 3680
3823
3617 3714 3464 3468 3535 3601 3474
3781 3946 3437 3507 3539 3956 3927

3824
3462 3730 3877 3884 3633 3762 3518 3670 3576 3578
3596 3731 3860 3488 3495 3497 3627 3756 3640 3902 3528 3913 3831 3926 3800 3542 3804 3938 3557 3687 3702 3452 3838
3734 3737 3830
3825
3843 3459 3601 3612 3617 3534 3535 3793 3568
3469 3489 3499 3764 3893 3665 3927 3931 3676 3561 3821 3583
3600
3826
3976 3591 3870 3506 3896 3900 3906 3793 3947 3569 3711
3584 3969 3718 3463 3869 3509 3643 3909 3794 3833 3705
3924 3680
3827
3778
3521 3588 3722 3505

3828
3604 3633 3651 3790 3574 3576 3707
3475 3603 3605 3860 3756 3640 3642 3448 3658 3677 3938 3557 3966 3577 3838
3514 3545
3829
3843 3972 3460 3726 3474 3602 3758 3761 3506 3900 3532 3534 3668
3593 3469 3738 3752 3634 3510 3767 3515 3529 3915 3554 3555 3558 3945 3821 3443

3830
3604 3613 3633 3649 3651 3654 3691 3692 3695 3717 3755 3813 3824 3858 3873 3883 3898 3957 3971 3467 3479 3481 3502 3518 3523 3560 3562 3576 3578
3586 3594 3596 3605 3609 3635 3639 1085 3656 3683 3687 3697 3702 3703 3721 3736 3741 3795 3797 3831 3841 3842 3851 3860 3864 3880 3886 3902 3911 3913 3918 3919 3926 3930 3948 3448 3449 3962 3966 3457 3970 3488 3495 3501 3512 3516 3517 3533 3540 3552 3563 3577
3611 3674 3680 3734 3744 3760 3456 3514
3831
3971 3884 3824
3968 3457 3461 3851 3736 3484 3750 3495 3496 3526 3684 3559 3817 3697 3703
3456 3545 3830
3832
3790 3730 3518
3528 3596 3437 3482 3635 3640
3514
3833
3973 3758 3631 3896 3900 3906 3951 3569 3706
3584 3718 3869 3486 3509 3643 3909 3794 3810 3822 3826

3834

3881 3764 3821

3835
3715 3599 3728 3867 3753 3498 3921 3815 3710
3713 3590 3862 3740 3615 3521 3802 3553 3442 3705
3629 3907
3836
3899 3910 3975 3964 3957 3612 3837 3774
3782 3437 3759 3571 3476 3893 3701 3579 3519
3708
3837
3975 3465 3957 3836 3612 3774
3437 3757 3759 3476 3701 3579 3519
3708 3675
3838
3471 3604 3877 3884 3518 3790 3824 3576 3450
3712 3845 3851 3852 3603 3605 3860 3485 3491 3497 3503 3635 3891 3640 3642 3448 3527 3528 3926 3800 3930 3804 3938 3940 3559 3687 3943 3944 3693 3828 3573 3702 3449 3452 3966
3737 3611 3514 3934
3839

3504 3626 3586 3677

3840
3685 3850 3472
3553 3526 3505 3508 3644
3629
3841
3604 3651 3929 3692
3586 3851 3596 3492 3756 3501 3525 3656 3788 3677 3938 3948 3950 3693 3448 3577
3456 3545 3674 3830
3842
3971 3873 3877 3633 3929 3438
3968 3851 3475 3736 3484 3618 3491 3495 3625 3501 3886 3521 3780 3908 3525 3656 3667 3540 3797 3938 3683 3684 3817 3948 3440 3703 3577 3966
3456 3611 3545 3830
3843
3568 3829
3437 3825 3927
3680
3844
3616
3848 3638 3799

3845
3790 3471 3604
3491 3851 3693 3902 3891 3475 3702 3448 3804 3838
3545 3611
3846
3746


3847
3592 3477
3626 3979 3953 3772 3677 3775

3848
3844
3638 3799

3849
3444 3742
3904

3850
3840 3685 3753 3599 3472 3773
3521 3526 3722 3598 3505 3698 3442 3508 3482 3644
3629
3851
3971 3604 3873 3877 3633 3651 3790 3692 3438
3968 3841 3842 3586 3845 3596 3475 3609 3741 3618 3750 3495 3625 3756 3501 3889 3517 3780 3525 3527 3577 3540 3672 3677 3938 3556 3684 3943 3693 3440 3966 3831 3448 3449 3838
3456 3734 3611 3545 3674 3830
3852
3873 3971 3877 3604
3563 3886 3902 3966 3667 3573 3542 3926 3672 3475 3741 3838
3545
3854

3918

3855
3591 3976 3758 3506 3771
3810 3558 3593 3822 3794 3509 3515 3643 3486

3857
3657 3628 3725 3473 3538 3868 3743
3595

3858
3604 3884 3651 3790 3670 3576
3721 3596 3731 3860 3488 3640 3528 3785 3913 3926 3930 3804 3938 3557 3687 3697
3737 3611 3514 3545 3830
3859
3861 3870
3443 3543

3860
3858 3604 3884 3633 3518 3576 3790 3450 3824 3578
3596 3731 3488 3495 3640 3642 3902 3785 3930 3804 3938 3557 3687 3437 3828 3448 3838
3737 3611 3545 3830
3861
3726 3444 3604 567 3742
3904 3454 3496 3954 3859 3733
3600
3862
3835 3728 3921 3636 3867 3710 3455
3713 3588 3526 3590 3722 3663 3608 3740
3629
3863
3585 3490 3624 3531 3662 3446 3549
3894 3546

3864
3813 3502 3700 3669

3830
3865

3442 3526

3866
3906 3524 3623 3947 3468 3535 3568 3793 3601
3584 3558 3782 3881 3818 3690 3511 3768

3867
3715 3599 3728 3735 3753 3498 3636 3921 3815 3694 3835 3710 3455
3862 3608 3740 3521 3553 3442 3705

3868
3874 3657 3628 3473 3538 3743
3912 3595 3917 3567 3857 3892 3445 3739

3869
3714 3612 3870 3617 3506 3900 3906 3569 3706
3463 3593 3486 3510 3529 3794 3833 3931 3803 3690 3822 3826 3572 3705 3583

3870
3900 3903 3906 3660 3793 3947 3951 3711
3718 3859 3869 3486 3620 3643 3794 3558 3690 3822 3826
3924 3680
3871
3628 3725 3473 3538 3743
3917 3739

3872
3575
3684 3550 3979 3950 3888 3797 3672 862

3873
3471 3877 3651 3692
3968 3842 3721 3851 3852 3736 3484 3618 3495 3625 3886 3512 3902 3525 3577 3667 3938 3684 3943 3563 3948 3449 3962
3456 3734 3737 3830
3874
3628 3725 3473 3538 3541 3868 3743
3912 3917 3892 3739

3875

3887

3876
3778 3753 3470
3521 3442
3629
3877
3971 3462 3873 3633 3929 3692 3438 3824 3576
3968 3842 3721 3851 3596 3852 3731 3605 3609 3741 3488 3750 3495 3756 3501 3886 3902 3533 3938 3684 3559 3943 3948 3838 3440 3573 3702 3577 3962 3452 3966
3734
3878
3617 3564 3483 3903
3622 3690 3821
3680
3879

3918

3880
3670
3970 3619 3908 3495 3596 3437 3605 3454
3830
3881
3468 3534 3535 3601 3866
3810 3782 3558 3499 3469 3764 3510
3834
3882

3671
3680
3883
3649 3523 3695 3481 3898 3613
3594 3919 3639 3516
3830
3884
3971 3858 3651 3790 3824
3596 3860 3488 3750 3495 3756 3501 3640 3926 3930 3804 3938 3687 3559 3948 3697 3831 3838
3734 3737 3514 3545
3885

3801

3886
3971 3873 3877 3651 3455
3968 3842 3852 3609 3625 3756 3656 3667 3540 3797 3552 3683 3684 3563 3440 3577 3962
3674 3830
3887

3537 3875 3809

3888
3659
3872 3979 3950 3544 3610 3677
3674
3889
3633
3586 3525 3943 3851 3577
3545
3890

3803 3539 3927

3891
3462 3592 3574 3576 3707
3845 3731 3488 3902 3916 3704 3672 3559 3966 3573 3702 3452 3838
3611 3545
3892
3874 3657 3628 3725 3538 3541 3868 3743
3912 3917 3739

3893
3836 3612
3584 3825

3894
3863
3546 3963 3437

3895
3617 3719
3437 3539 3643 3775
3680
3896
3784 3976 3951 3793 3506 3711
3584 3969 3810 3718 3818 3822 3826 3509 3511 3833 3643
3924
3897

3908 3661

3898
3479 3649 3613 3523 3883 3562 3502 3695 3481
3594 3919 3639 3581
3830
3899
3957 3836 3774
3757 3571
3675
3900
3714 3458 3460 3591 3468 3870 3614 3493 3906 3793 3951 3569 3829 3706
3584 3869 3486 3620 3509 3511 3909 3529 3786 3794 3822 3826 3833
3924 3680
3901

3809 3918 3791 3537 3482 3933

3902
3471 3604 3873 3877 3762 3518 3576 3790 3824
3845 3596 3852 3475 3860 3488 3497 3891 3527 3926 3672 3930 3804 3938 3940 3684 3559 3573 3703 3702 3966
3545 3934 3830
3903
3493 3878 3631 3951 3506 3870 3711
3584 3969 3558 3718 3794 3643
3924
3904
3861
3849 3511

3905
3490 3624 3580 3549
3806 3679

3906
3976 3866 3870 3758 3900 3784 3534 3793 3937 3568 3569 3706
3584 3969 3718 3463 3593 3869 3486 3620 3509 3909 3782 3786 3705 3931 3810 3558 3821 3822 3826 3833
3924
3907
3715 3599 3728 3753 3498 3636 3641 3815 3835 3710 3455
3713 3590 3722 3608 3521 3802 3437 3705
3629
3908

3842 3495 3880 3661 3897 3548

3909
3906 3976 3726 3900
3643 3558 3463 3945 3826 3443 3509 3794 3511 3833 3931 3486
3680 3924
3910
3836 3774
3701

3911
3669 3700 3813

3830
3912
3874 3628 3725 3473 3541 3868 3743
3819 3917 3437 3892 3739

3913
3790 3824 3730 3604 3858 3707
3488 3596 3800 3731
3830 3611 3514
3914
3568 3604
3978 3915 3794 3768

3915
3460 3466 3568 3761 3474 3604 3829
3554 3752 3945 3529 3914 3443 3764 3956 3738

3916
3592
3891 3805

3917
3874 3725 3743 3473 3538 3868
3912 3819 3567 3892 3871

3918
3975 3465 3616 3749 3774 3647 3789 3957
3720 3854 3879 3757 3759 3632 3638 3901 3653 3664 3799 3571 3579
3830 3708
3919
3649 3523 3562 3883 3695 3479 3481 3898
3516
3830
3920
3587 3696 3641 3964 3967
3809 3747 3783 3791 3478 3960 3933

3921
3715 3599 3728 3735 3867 3753 3498 3636 3666 3815 3835 3710 3455
3713 3590 3722 3862 3740 3615 3521 3663 3801 3802 3553 3442 3705
3629
3922

3536

3923
3751 3789 3749
3787

3924
3714 3591 3976 3870 3758 3896 3900 3646 3903 3906 3793 3947 3951 3569 3706 3711
3584 3969 3718 3593 3486 3509 3648 3909 3558 3822 3826
3680
3925
3961
3551 3530 3487

3926
3971 3462 3858 3604 3730 3755 3884 3790 3824
3968 3852 3596 3475 3605 3488 3497 3635 3640 3902 3527 3528 3542 3672 3800 3930 3684 3687 3966 3703 3838
3514 3545 3934 3830
3927
3843 3719 3468 3617 3532 3535 3564 3823
3584 3469 3610 3754 3890 3507 3767 3782 3945 3690 3821 3825

3928
3633
3672

3929
3877
3841 3842 3780 3495 3948 3533 3756 3795 3512 3577
3734
3930
3462 3471 3858 3884 3762 3522 3654 3576 3941 3707
3586 3461 3596 3475 3860 3485 3488 3492 3495 3635 3642 3902 3779 3527 3528 3926 3542 3672 3804 3677 3938 3559 3573 3448 3838
3737 3611 3765 3545 3934 3830
3931
3906 3947 3532 3568 3793
3909 3782 3463 3622 3593 3821 3665 3825 3764 3869 3583
3680
3932
3616 3716 3647
3439 3638 3799 3513

3933
3587 3655 3696 3920 3964 3967
3776 3809 3747 3783 3821 3791 3508 3766 3607 3960 3478 3901

3934
3462
3461 3559 3838 3926 3930 3902

3936

3553 3442 3598

3937
3906 3466 3758 3534 3483 3612
3752 3529 3945 3634 3443 3738

3938
3971 3471 3858 3604 3873 3877 3884 3633 3651 3654 3790 3670 3692 3438 3824 3576
3712 3457 3841 3842 3721 3851 3596 3731 3605 3860 3736 3480 3609 3741 3488 3491 3750 3495 3625 3640 3642 3902 3779 3448 3527 3528 3797 3672 3800 3930 3804 3684 3557 3687 3943 3437 3693 3440 3697 3828 3702 3703 3449 3962 3838
3456 3734 3611 3737 3674
3939

3437 3679

3940
3471
3497 3838 3475 3542 3543 3672 3902

3941
3612 3645
3779 3442 3930

3942

3561

3943
3873 3877
3938 3495 3449 3851 3501 3577 3889 1085 3448 3677 3838
3545
3944

3457 3683 3590 3495 3559 3756 3948 3448 3577 3962 3838

3945
3459 3460 3464 3466 3468 3726 3602 3612 3614 3761 3668 3937 3829
3469 3738 3752 3634 3510 3909 3782 3915 3927 3554 3558 3561
3630
3946
3823
3690 3781

3947
3973 3976 3866 3870 3623 3758 3793 3951 3568 3569
3584 3718 3593 3499 3509 3768 3782 3529 3786 3794 3931 3810 3558 3821 3826
3924
3948
3971 3873 3877 3884 3633 3651 3670 3929 3692
3968 3841 3586 3842 3721 3596 3475 3605 3736 3609 3741 3750 3625 3756 3501 3635 3517 1085 3521 3525 3656 3449 3661 3533 3667 3797 3677 3683 3944 3563 3437 3693 3702 3448 3577 3962
3456 3734 3760 3674 3830
3949
3585 3682 3745 3814 3624
3437 3727 3441 3546
3811
3950
3522
3872 3841 3525 3750 3979 3888 3796 3610 3547 3805 3550

3951
3714 3458 3719 3870 3493 3758 3506 3896 3900 3646 3903 3793 3947 3711
3584 3969 3463 3593 3486 3509 3794 3810 3558 3822 3958 3833
3924
3952

3638 3799

3953
3847
3775 3610

3954
3861 3742
3733

3955

3690
3680
3956
3460 3972 3464 3466 3468 3726 3474 3761 3771 3532 3668 3823 3964
3469 3738 3634 3529 3915 3555 3443

3957
3899 3975 3465 3836 3837 3774
3757 3918 3759 3571 3476 3579
3708 3830 3675
3958
3951 3506
3558 3515
3680
3960
3920 3641 3967
3776 3809 3747 3783 3664 3933

3961
3925
3723 3566 3551

3962
3873 3877 3628
3596 3609 3495 3625 3756 3886 3521 3449 3667 3540 3797 3672 3800 3677 3938 3684 3944 3563 3948 3437 3577
3456 3760 3545 3674 3830
3963

3806 3894 3679

3964
3587 3655 3500 3920 3836
3776 3747 3561 3956 3478 3766 3933

3965

3571 3701

3966
3971 3462 3471 3604 3877 3576
3842 3851 3852 3596 3731 3475 3741 3491 3891 3902 3780 3785 3540 3926 3542 3672 3684 3687 3828 3573 3702 3452 3838
3737 3514 3545 3830
3967
3587 3500 3920 3474
3776 3747 3791 3478 3960 3933

3968
3971 3873 3877 3633 3692
3842 3461 3721 3851 3480 3736 3484 3618 3491 3625 3756 3501 3886 3772 3656 3540 3797 3926 3677 3550 3683 3684 3563 3948 3440 3831 3577
3734 3545
3969
3906 3458 3493 3951 3758 3569 3506 3711 3896 3646 3903
3584 3718 3558 3822 3794 3826
3924
3970

3619 3525 3880 3693
3830
3971
3877 3755 3884 3633 3438
3968 3842 3586 3851 3852 3596 3475 3480 3484 3618 3491 3886 3520 3780 3831 3926 3550 3938 3684 3817 3948 3693 3703 3966
3456 3734 3611 3545 3830
3972
3460 3466 3726 3761 3829 3602
3554 3752 3529 3469 3634 3443 3956 3764 3738

3973
3784 3947 3793
3584 3833

3975
3465 3957 3836 3837 3774
3757 3918 3759 3571 3476 3701 3579 3519
3708
3976
3906 3947 3793 3896
3584 3909 3822 3855 3826 3643 3486
3924
3977
3769
3663 3442 3740
3629
3978

3625 3914 3495

3979
3522 3847 3592 3659
3872 3779 3626 3437 3950 3888

