567
3861 3961
3723 3454 3487

698

857 862

857

3586 3621 3495 3797 698
3456
862
3592
3586 3621 3495 3721 3948 3609 1085 3797 3577 698 3517 3550

1085
3592 3877 3692
3721 3851 3741 3872 3750 3495 3886 3525 3540 3797 3677 862 3550 3556 3684 3943 3561 3437 3948 3577 3962
3456 3674
3437
3844 3592 3470 3604 3861 3612 3617 3623 3624 3753 3758 3770 3771 3518 3651 3660 3947 3949 3568 3836 3837
3718 3721 3593 3979 3605 3476 3482 3615 3494 3880 3759 3763 3893 3894 3895 3640 3766 3772 1085 3775 3521 3779 3782 3656 3539 3799 3544 3803 3677 3962 3551 3553 3554 3938 3555 3939 3945 3689 3948 3819 3566 3825 3690 3705 3963 3454
3907 3675 3830 3834
3438
3971 3877 3633 3522 3784
3586 3842 3491 3501 3533 3540 3938 3693 3448 3449
3456 3734 3760 3545
3439
3616 3699 3932 3647
3638 3799

3440
3971 3755 3633 3576
3968 3938 3684 3495 3851 3596 3886 3697 3540 3797 3703
3734 3545
3441
3949 3662 3538
3536 3546

3442
3715 3597 3470 3599 3472 3728 3735 3867 3876 3753 3636 3773 3778 3685 3835 3710 3455
3713 3590 3722 3608 3865 3505 3508 3644 3521 3526 3918 3791 3936 3553
3629 3907
3443
3937 3906 3972 3460 3464 3466 3829 3645
3554 3909 3593 3529 3469 3956 3738
3630
3444
3861 3742
3904 3849

3445
3628 3725 3538 3868
3819

3446
3585 3490 3814 3624 3531 3662 3863 3580
3546

3447
3624
3894 3679

3448
3604 3633 3438
3841 3851 3596 3475 3609 3485 3491 3495 3756 3889 3640 3642 3779 3540 3797 3800 3930 3677 3938 3943 3944 3948 3838 3697 3828 3577 3966
3734 3737 3545 3830
3449
3971 3873 3877 3651 3692 3438
3841 3586 3721 3851 3596 3609 3618 3491 3495 3625 3756 3889 3517 3788 3797 3800 3677 3938 3684 3943 3948 3693 3962
3456 3734 3737 3545 3830
3450
3790 3730
3528 3913 3497 3596 3731 3860 3605 3672 3642 3804 3930

3452
3877 3462 3824 3576
3658 3596 3966 3603 3891 3573 3902
3545 3611
3454
567
3586 3621 3880 3693 3437 3605 3642 3547 3677 3775

3455
3850 3470 3599 3728 3735 3867 3876 3498 3773 3778 3921 3685 3815 3835
3713 3588 3590 3722 3608 3740 3886 3521 3526 3663 3802 3553 3442 3827
3629 3907
3456
3858 3604 3873 3884 3762 3651 3654 3438 3692 3824
3968 3841 3586 3461 3596 3609 3618 3750 3495 3756 3501 1085 3797 3800 857 3804 3677 3938 3557 3943 3948 3693 3697 3703 3449 3962
3514 3545 3674 3830
3457

3944 3938 3831
3830
3458
3493 3719 3468 3711 3792 3569 3793 3951 3506 3903
3648 3584 3969 3718 3593 3822 3643

3459
3564 3758 3793 3770 3645 3614
3782 3529 3945 3763

3460
3972 3464 3466 3726 3601 3474 3761 3937 3568 3829
3469 3752 3881 3634 3768 3515 3782 3529 3786 3931 3945 3443 3956
3630
3461

3968 3495 3559 3831
3456 3934
3462
3762 3604 3576
3488 3672 3756 3596 3800 3966 3926 3930 3452 3838
3934
3463
3714 3591 3861 3506 3947 3951 3569 3706
3593 3869 3486 3909 3794 3931 3555 3558 3822 3826 3705
3924 3680
3464
3460 3466 3724 3726 3474 3604 3612 3777 3668 3823 3829
3469 3738 3634 3764 3510 3895 3529 3915 3945 3443
3630 3680
3465
3975 3957 3836 3837 3774
3757 3759 3571 3701 3579 3519
3708
3466
3460 3972 3464 3726 3602 3761 3784 3937 3829
3469 3738 3881 3634 3510 3652 3529 3915 3554 3945 3821 3443 3956 3583
3680
3467

3533
3830
3468
3777 3458 3878 3532 3758 3823 3568 3534 3535 3900
3584 3810 3718 3529 3881 3826 3927
3680
3469
3460 3464 3466 3726 3474 3604 3761 3668 3829
3738 3752 3881 3634 3764 3510 3529 3915 3927 3554 3561 3945 3825 3443 3956
3630
3470
3778 3876 3753 3710 3455
3520 3521 3553 3437 3442 3796 3767

3471
3873 3971 3877
3940 3845 3851 3852 3838 3902 3475 3540 3702 3543 3672 3930 3485 3966
3545
3472
3840 3685 3850
3553 3505 3442 3698 3508 3482 3644
3629
3473
3874 3628 3725 3538 3743
3912 3819 3595 3567 3917 3857 3892 3871

3474
3460 3464 3823 3604 3829 3967
3554 3945 3469 3634 3764

3475
3971 3471 3873 3877
3586 3842 3484 3485 3488 3642 3902 3526 3543 3672 3938 3940 3684 3948 3966 3828 3702 3448 3838
3545
3476
3836 3837
3809 3757 3437 3759 3701 3579 3519
3675 3708
3477
3651 3847
3756 3637

3478
3587 3655 3500 3696 3964 3967
3776 3809 3747 3783 3766 3607 3960 3933

3479
3649 3523 3562 3883 3695 3481 3898
3919 3639 3581
3830
3480
3651 3971 3692 3633 3604
3968 3841 3586 3491 3684 3938 3625 3667 3799 3677
3830 3734 3674
3481
3649 3613 3562 3883 3695 3479 3898
3639 3594 3919 3516 3581
3830
3482
3685 3850 3472
3553 3437 3598 3505 3698 3508 3832 3644

3483
3617 3937 3524 3878 3724 3793
3782 3754 3499 3821 3895

3484
3568 3633
3968 3684 3940 3501 3475 3831

3485
3518 3790 3471
3488 3845 3559 3528 3817 3627 3475 3448 3930 3966

3486
3714 3591 3976 3506 3906 3793 3951 3569 3711
3969 3463 3855 3869 3909 3794 3803 3822 3826 3572 3705
3924 3680
3487
3925 567 3961
3496 3530 3566 3504 3551

3488
3462 3730 3604 3877 3518 3790 3824 3576 3707
3845 3596 3731 3475 3860 3485 3627 3640 3902 3527 3528 3913 3658 3542 3800 3672 3804 3938 3559 3687 3966 3573 3702 3838
3737 3611 3514 3545 3830
3489

3665 3825 3652 3676

3490
3814 3624 3531 3863 3662 3446 3771 3580
3905 3894 3546

3491
3971 3438
3968 3586 3684 3480 3845 3851 3788 3693 3838 3540 3797 3448 3449 3962 3966
3611
3492

3521 3556 3684 3496 3756 3697 3930

3493
3458 3951 3792 3506 3900 3646 3711
3648 3969 3810 3584 3558 3593
3680 3924
3494

3437 3583

3495
3971 3877 3884 3633 3651 3929 3824
3968 3586 3842 3461 3721 3978 3851 3596 3860 3609 3872 3618 3621 3750 3880 3625 3756 3501 1085 3908 3525 3449 3667 3796 3797 857 3548 3930 862 3938 3684 3943 3944 3948 3440 3697 3831 3448 3577 3962
3456 3734 3545 3934
3496
3861
3520 3492 3684 3487 3817 3722 3551 3505 3831 3547 3677 3550 3775
3629
3497
3604 3790 3576 3450 3707
3852 3596 3902 3527 3528 3658 3543 3672 3804 3940 3966 3838
3611 3545
3498
3715 3455 3728 3921 3636 3867
3521 3713 3722 3862 3705 3615
3907
3499
3843 3719 3947 3532 3534 3535 3564 3793 3829 3483
3690 3821 3825 3764 3671
3834
3500
3587 3655 3920 3641 3964
3776 3809 3747 3664 3508 3478 3960 3933

3501
3971 3604 3873 3877 3633 3692 3438 3824
3968 3841 3586 3851 3596 3609 3484 3741 3495 3625 3756 3889 3517 3525 3533 3796 3797 3800 3677 3938 3684 3943 3948 3577 3962
3456 3734 3760 3674 3830
3502
3813 3700 3669 3898
3911 3864
3830
3503
3576
3785 3640 3596 3800 3731 3959 3672 3930 3804 3838

3504

3626 3723 3551 3530 3677 3487

3505
3472 3753 3773 3685
3722 3598 3607 3482 3747 3496 3508 3644 3521 3526 3936 3553 3698 3827 3442
3629
3506
3458 3591 3493 3623 3758 3631 3896 3646 3784 3534 3951 3568 3569 3829 3711
3584 3969 3718 3463 3593 3855 3869 3486 3620 3507 3509 3895 3511 3643 3515 3648 3786 3810 3555 3558 3690 3822 3826 3958 3833
3924
3507
3823 3506
3554 3555 3754 3511

3508
3500 3728 3472
3809 3521 3747 3722 3598 3791 3698 3442 3505 3632 3607 3482 3644 3933 3615

3509
3714 3947 3569 3793 3506 3896 3706 3900
3909 3718 3593 3855 3794 3826 3833 3803 3869
3924
3510
3464 3466 3761 3602 3668 3829
3554 3529 3915 3881 3821 3469 3634 3738 3931
3630
3511
3719 3866 3770 3506 3896 3706 3900
3904 3555 3671 3821 3566 3794 3763 3507 3738 3515

3512
3873
3525 3533 3577 3800 3517
3760 3737
3513
3952
3799

3514
3730 3858 3884 3633 3518 3790 3670 3824 3578 3707
3596 3860 3488 3627 3635 3640 3528 3913 3926 3542 3800 3672 3804 3938 3687 3828 3832 3838
3456 3737 3611 3760 3545
3515
3460 3506 3829 3706
3555 3593 3566 3855 3958 3511

3516
3649 3523 3562 3695 3481 3898
3919 3639 3581
3830
3517
3877 3633
3586 3948 3577 3501 3756 3512 3449 3677 862
3760 3830
3518
3858 3730 3604 3790 3670 3824 3578 3707
3596 3860 3605 3485 3488 3635 3640 3902 3528 3542 3800 3804 3938 3557 3687 3437 3702 3832 3838
3611 3514 3545 3830
3519
3465 3957 3836 3774
3757 3918 3759 3571 3476 3701 3705 3579
3708
3520
3971 3470
3684 3496 3667 3672 3550

3521
3840 3592 3850 3597 3470 3728 3867 3876 3498 3769 3773 3778 3685 3815 3835 3455
3713 3842 3590 3722 3598 3608 3740 3615 3618 3492 3625 3505 3508 3526 3672 3802 3550 3936 3553 3556 3948 3437 3442 3698 3827 3573 3831 3705
3629
3522
3592 3438
3872 3779 3979 3677

3523
3649 3883 3562 3695 3479 3898 3613
3581 3594 3919 3516
3830
3524
3906 3623 3866 3535 3568 3601 3602 3770 3483 3645
3584 3782 3786 3768

3525
3651 3692
3968 3841 3970 3842 3721 3851 3596 3495 3625 3756 3501 3886 3512 1085 3780 3656 3540 3677 3550 3551 3683 3948 3950 3573 3577 3962
3734 3737 3674
3526
3840 3850 3753 3769 3773 3685 3455
3590 3722 3475 3862 3865 3505 3521 3543 3553 3684 3559 3563 3442
3629
3527
3604 3707
3488 3557 3497 3672 3838 3800 3966 3542 3926 3702 3930 3804 3902
3545 3611
3528
3858 3730 3604 3518 3790 3824 3576 3450 3707
3596 3860 3605 3485 3488 3497 3627 3926 3800 3930 3804 3681 3938 3557 3687 3702
3611 3514 3545
3529
3459 3460 3972 3464 3466 3468 3601 3602 3614 3758 3777 3906 3793 3668 3937 3947 3568 3829
3469 3738 3752 3634 3510 3909 3554 3945 3443
3630
3530
3925
3551 3723 3504 3673 3487

3531
3490 3949 3662 3446 3863 3771 3549
3546

3532
3777 3617 3468 3564 3535
3499 3927 3767 3610 3931 3803

3533
3877 3467 3438 3633
3501 3795 3512
3760 3734 3830 3674
3534
3617 3906 3564 3468 3758 3535 3568 3506 3761 3770 3612
3810 3881 3593 3499 3825 3705

3535
3524 3623 3532 3534 3823 3468 3601 3694 3866 3645
3584 3782 3881 3499 3821 3825 3927

3536
3682 3606 3549
3812 3727 3441 3922 3679

3537

3664 3901 3887

3538
3725 3473 3868 3743 3874 3628 3657 3541
3595 3857 3739 3871 3892 3912 3917 3819 3567 3441 3445

3539
3724
3904 3584 3690 3437 3890 3895 3678 3583

3540
3971 3471 3438
3968 3841 3842 3851 3618 3491 3750 3886 1085 3780 3525 3656 3667 3797 3677 3556 3684 3563 3440 3448 3962 3966
3734 3760 3674
3541
3657 3628 3725 3538 3868 3743
3912 3892

3542
3730 3604 3518 3790 3824 3707
3852 3596 3488 3635 3902 3527 3658 3926 3672 3800 3804 3940 3687 3966 3838
3611 3514
3543
3471 3576
3940 3526 3497 3859 3475 3605

3544

3808 3888 3437

3545
3971 3471 3730 3604 3858 3755 3884 3633 3518 3654 3790 3438 3824 3576 3578
3841 3586 3968 3851 3852 3475 3860 3605 3488 3495 3497 3756 3889 3891 3640 3642 3902 3448 3527 3528 3913 3785 3449 3788 3831 3926 3672 3800 3930 3804 3681 3938 3684 3557 3687 3838 3697 3440 3703 3577 3702 3452 3966
3456 3734 3737 3611 3514 3674 3830
3546
3490 3624 3531 3949 3662 3863 3446 3580 3549
3939 3441 3894 3963
3811
3547
3628
3747 3684 3779 3750 3496 3693 3677 3454 3775

3548

3908 3495 3948 3661 3897
3737
3549
3682 3814 3624 3531 3662
3812 3566 3536 3546

3550
3971
3872 3520 3968 3521 3684 3525 3552 3496 3625 3950 3667 3797 3672 1085 862

3551
3925
3525 3496 3530 3723 3437 3504 3487

3552

3625 3573 3672 3550
3830
3553
3599 3728 3472 3470 3867 3753 3769 3773 3778 3921 3685 3835 3710 3455
3722 3598 3482 3505 3644 3521 3526 3663 3802 3936 3563 3437 3442 3827 3698 3705
3629
3554
3972 3466 3726 3761 3474 3829
3752 3529 3561 3945 3469 3437 3915 3443 3956 3507 3510
3680
3555
3591 3604 3758 3506 3777 3829
3584 3463 3593 3754 3507 3767 3511 3515 3803 3810 3437 3956
3600
3556
3971
3521 3492 3684 3688 3625 3817 3693 3540 1085

3557
3730 3858 3604 3518 3790 3670 3824
3860 3731 3627 3635 3642 3527 3528 3800 3804 3702 3838
3456 3737 3611 3545
3558
3866 3870 3493 3758 3506 3646 3903 3792 3793 3947 3829 3711
3584 3969 3463 3593 3855 3738 3869 3881 3768 3643 3648 3909 3782 3786 3810 3945 3826 3958

3559
3884 3762 3576
3488 3681 3461 3526 3944 3838 3891 3731 3573 3926 3930 3804 3485 3902

3560


3830
3561
3964 3612
3554 3945 3469 3825 3927 3738 3803 1085

3562
3479 3649 3613 3523 3883 3481
3594 3919 3639 3516 3581
3830
3563

3968 3553 3683 3684 3526 3852 3886 3667 3540 3962 3741
3830
3564
3617 3459 3878 3532 3534 3568
3622 3690 3499 3825 3927 3803 3678
3680
3565

3756 3637

3566
3662 3961 3549
3780 3723 3437 3511 3515 3487

3567
3874 3657 3538 3473 3743
3912 3595 3917 3857 3739

3568
3843 3460 3973 3468 3601 3614 3617 3623 3758 3506 3645 3524 3534 3564
3593 3484 3768 3782 3529 3914 3915 3931 3810 3818 3437 3825
3680 3834
3569
3714 3458 3591 3506 3900 3906 3793 3947 3951 3706
3969 3463 3593 3869 3486 3509 3909 3794 3833 3803 3826 3705
3924 3680
3571
3899 3975 3465 3965 3957 3837 3774
3757 3759 3918 3701 3579 3519
3675 3708
3572
3714 3706
3822 3794 3705 3486

3573
3877 3576
3488 3521 3552 3525 3559 3625 3672 3838 3966 3702 3930 3452 3902
3611
3574
3877 3762 3576
3640 3596 3731 3635 3828 3891 3605 3642
3830 3611
3575

3672 3872

3576
3462 3604 3877 3790 3670 3574 3707
3596 3860 3605 3488 3497 3756 3503 3640 3642 3528 3785 3926 3543 3800 3930 3938 3559 3440 3966 3828 3573 3702 3577 3452 3838
3611 3545
3577
3604 3873 3633 3651 3576 3929 3692
3968 3841 3586 3842 3721 3851 3609 3741 3618 3495 3625 3756 3501 3886 3889 3512 3642 1085 3517 3780 3525 3656 3797 3800 3677 862 3938 3684 3944 3948 3693 3448 3962
3734 3545 3674 3830
3578
3518 3877 3824 3633 3858 3730 3604
3938 3683 3596 3828 3731 3804 3838
3737 3545 3514 3611
3579
3975 3465 3957 3837 3774
3757 3918 3571 3476 3701 3519
3675 3708
3580
3490 3446
3905 3894 3546 3679

3581
3649 3523 3562 3883 3479 3481 3898 3613
3594 3516

3582

3752

3583
3466
3494 3825 3539
3600
3584
3458 3973 3468 3866 3870 3493 3758 3631 3506 3903 3906 3524 3784 3535 3793 3951 3711
3969 3718 3593 3620 3764 3893 3768 3643 3904 3782 3794 3539 3927 3810 3555 3558 3690 3818 3821 3826 3833
3924
3585
3863 3446
3679

3586
3971 3604 3633 3651 3438
3841 3712 3596 3475 3480 3491 3495 3756 3501 3889 3517 3577 3796 3797 3800 3930 857 3677 862 3938 3684 3948 3693 3697 3449 3454 3839
3456 3734 3760 3765 3545 3674 3830
3587
3655 3500 3696 3641 3964 3967
3776 3809 3783 3791 3478 3766 3960 3933

3588
3455
3827 3862

3589
3592


3590
3715 3599 3728 3867 3636 3921 3666 3815 3835 3710 3455
3713 3722 3862 3608 3740 3615 3756 3521 3526 3663 3442 3705
3629
3591
3714 3951 3569 3793 3506 3706 3900
3555 3463 3822 3855 3794 3826 3833 3486
3924
3592
3522 3589
3521 3677 3626 3979 3916 3437 3888 3891 1085 862

3593
3714 3458 3601 3493 3758 3631 3506 3906 3534 3793 3947 3951 3568 3569 3829 3706 3711
3584 3718 3463 3855 3738 3869 3634 3509 3768 3515 3782 3786 3794 3931 3810 3555 3558 3437 3443 3833
3924 3680
3594
3523 3562 3883 3695 3481 3898 3613
3581

3595
3657 3628 3725 3473 3538 3868
3912 3917 3567

3596
3462 3858 3604 3877 3884 3633 3762 3518 3578 3670 3686 3692 3574 3576 3450
3841 3586 3721 3851 3731 3605 3860 3603 3488 3750 3495 3880 3497 3627 3501 3503 3889 3635 3640 3642 3902 3779 3448 3525 3528 3785 3449 3913 3788 3832 3542 3672 3930 3804 3677 3681 3938 3684 3943 3687 3440 3966 3828 3702 3452 3838
3456 3737 3611 3514 3674 3830
3597

3521 3442

3598
3685 3850
3936 3521 3553 3505 3698 3508 3482

3599
3715 3850 3728 3735 3753 3636 3769 3773 3921 3666 3835 3710 3455
3713 3590 3722 3862 3608 3740 3615 3802 3553 3442 3705

3600
3861 3612
3555 3825 3583

3601
3906 3460 3524 3623 3535 3568 3823 3604 3866 3645
3782 3593 3818 3529 3786 3881 3768

3602
3524 3972 3466 3761 3829 3770
3945 3529 3634 3510 3738 3869
3630
3603

3672 3756 3596 3828 3640 3452

3604
3462 3464 3601 3474 3858 3861 3730 3633 3770 3645 3518 3790 3578 3576
3586 3845 3721 3596 3852 3469 3860 3605 3480 3869 3488 3497 3627 3756 3501 3889 3635 3640 3902 3448 3527 3528 3913 3658 3915 3914 3926 3542 3672 3804 3938 3555 3557 3943 3687 3948 3437 3966 3828 3577 3962 3838
3456 3734 3545 3674 3830
3605
3730 3604 3877 3518 3790 3670 3824 3576 3574 3450 3707
3596 3731 3860 3880 3756 3635 3640 3528 3785 3543 3800 3672 3804 3938 3454 3687 3948 3437 3828 3702 3838
3737 3611 3545 3830
3606
3745 3662
3536

3607

3747 3505 3698 3508 3478 3644 3933

3608
3694 3599 3728 3921 3735 3867 3710 3455
3521 3713 3590 3722 3615 3442 3705 3740
3907
3609
3877 3633 3692
3968 3721 3851 3750 3495 3756 3501 3886 3779 3449 3797 862 3938 3943 3448 3577
3456 3830
3610
3847 3660 3532 3659
3779 3979 3950 3953 3732 3764 3927
3674
3611
3971 3858 3877 3633 3762 3518 3790 3824 3574 3576 3578
3842 3845 3851 3852 3596 3860 3605 3488 3491 3497 3891 3640 3902 3527 3528 3785 3926 3542 3672 3800 3930 3804 3938 3557 3817 3838 3573 3452 3966
3734 3514 3545 3830
3612
3937 3941 3464 3534 3758 3836 3837
3810 3561 3437 3759 3825 3764 3895 3673
3600
3613
3649 3523 3562 3695 3481
3594 3919 3639 3581
3830
3614
3459 3758 3568 3900
3652 3945 3529 3825

3615
3498 3599 3636 3867 3835
3776 3521 3590 3437 3508 3608 3705 3740
3907 3629
3616
3844 3716 3699 3932 3647
3848 3918 3439 3638 3799

3617
3719 3724 3483 3878 3758 3645 3777 3532 3534 3793 3564 3823 3568
3738 3869 3754 3895 3927 3931 3803 3690 3821 3437
3830 3834
3618
3971 3692 3633
3521 3842 3684 3495 3625 3577 3540 3797 3449
3456 3734
3619

3880
3760
3620
3906 3714 3792 3506 3900 3646 3711
3584 3969 3648 3810 3764

3621
3861
3454 3684 3495 3721 3689 862 3797 857 3902

3622
3878 3719 3564
3931 3690 3821 3927 3803

3623
3906 3524 3947 3535 3568 3601 3793 3506 3645
3810 3782 3818 3786 3437 3768

3624
3490 3863 3662 3446 3549
3905 3437 3447 3546 3806 3679

3625
3873 3633
3968 3841 3842 3480 3618 3495 3756 3501 3886 3521 3525 3656 3577 3667 3797 3677 3550 3552 3938 3556 3684 3948 3573 3449 3962
3674 3830
3626
3847 3592
3916 3504 3839

3627
3790 3824 3604 3707
3488 3681 3557 3528 3596 3640 3485
3514
3628
3874 3657 3725 3473 3538 3541 3743
3912 3595 3819 3917 3857 3871 3445 3962 3547
3760
3629
3840 3728 3472 3735 3867 3876 3753 3769 3778 3921 3455
3713 3590 3977 3722 3740 3615 3496 3505 3521 3526 3553 3442 3698 3705
3907
3630
3460 3464 3602 3829
3529 3945 3469 3634 3443 3510 3738

3631
3711 3792 3506 3903
3648 3584 3593 3786 3833

3632

3720 3787 3508 3791

3633
3604 3873 3877 3884 3651 3654 3578 3692 3438 3824
3841 3586 3842 3721 3596 3860 3480 3609 3484 3741 3618 3750 3495 3625 3501 3756 3517 3656 3788 3533 3667 3796 3797 3800 3677 3938 3684 3943 3687 3440 3828 3448 3577 3962
3734 3611 3514 3545 3674 3830
3634
3937 3460 3464 3466 3761 3474 3602 3829
3752 3529 3915 3593 3945 3469 3956 3510 3738
3630
3635
3730 3604 3518 3790 3670 3686 3574
3596 3731 3605 3640 3542 3800 3930 3804 3938 3557 3948 3832 3838
3514 3830
3636
3599 3728 3735 3867 3753 3498 3769 3921 3666 3815 3835 3710
3590 3862 3615 3802 3442 3705
3907
3637
3659 3477
3756 3565

3638
3616 3716 3952 3932 3647
3918 3439 3799

3639
3649 3562 3883 3479 3481 3898 3613
3516
3830
3640
3730 3604 3858 3884 3762 3518 3576 3670 3574 3707
3596 3731 3605 3603 3860 3488 3627 3503 3635 3642 3832 3800 3804 3437 3702 3448
3737 3611 3514 3545
3641
3587 3655 3500 3967
3933
3907
3642
3730 3576 3659 3574 3450
3596 3731 3475 3860 3640 3779 3658 3930 3938 3454 3557 3828 3448 3577 3838
3737 3545
3643
3458 3719 3976 3506 3896 3646 3903 3951 3711
3584 3718 3895 3648 3909 3810 3558 3833
3924 3680
3644
3840 3685 3472
3553 3505 3698 3442 3508 3607 3482

3645
3617 3843 3459 3941 3623 3524 3535 3568 3601 3604 3866
3782 3786 3443 3764
3680
3646
3493 3719 3758 3951 3506 3711
3648 3810 3620 3558 3763 3643
3924
3647
3616 3716 3932
3439 3638

3648
3458 3493 3816 3711 3631 3506 3706 3646 3903
3810 3620 3558 3763 3643
3924
3649
3523 3562 3695 3479 3481 3613
3581 3639 3919 3516

3651
3477 3873 3877 3884 3633 3929 3824
3841 3586 3851 3480 3750 3495 3756 3886 3525 3577 3677 3938 3948 3437 3828 3449
3456 3734 3830
3652
3466 3614
3489 3665 3825 3676

3653
3789
3720 3918

3654
3755 3824 3633
3697 3703 3930 3804
3456 3830 3545
3655
3587 3500 3920 3696 3641 3964 3967
3776 3747 3783 3791 3478 3960 3933

3656
3633 3929 3692
3968 3842 3750 3625 3756 3886 3525 3667 3540 3677 3683 3684 3437 3948 3577
3734 3830
3657
3628 3725 3538 3541 3868 3743
3595 3567 3857 3739

3658
3604
3488 3497 3785 3756 3891 3731 3542 3828 3800 3642 3452 3966

3659

3779 3979 3950 3642 3637 3610 3772 3930

3660
3847
3780 3437 3610 3775

3661

3908 3948 3897 3548
3737
3662
3682 3745 3490 3814 3624 3531 3446 3606 3549
3905 3566 3441 3546

3663
3728 3921 3735 3710 3455
3713 3553 3590 3977 3862 3740

3664
3500 3696
3901 3918 3537 3960 3933

3665

3489 3931 3676 3652

3666
3636 3599 3710
3590

3667
3873 3633 3692
3968 3842 3852 3480 3736 3495 3625 3886 3902 3520 3656 3540 3550 3683 3563 3948 3962
3734
3668
3464 3761 3829
3529 3945 3469 3956 3510 3738

3669
3813 3502 3700
3911 3864
3830
3670
3686 3576 3790 3858 3518
3557 3687 3880 3596 3948 3731 3635 3605 3702 3640
3830 3514
3671
3882 3793 3770
3499 3958 3511 3768

3672
3462 3471 3604 3877 3575 3450 3707
3845 3851 3852 3596 3603 3605 3475 3488 3497 3503 3891 3902 3520 3521 3527 3797 3926 3542 3928 3930 3804 3550 3552 3938 3940 3684 3966 3573 3702 3838
3737 3611 3514 3545
3673
3612
3530

3674
3847 3604 3633 3692
3841 3586 3979 3596 3851 3480 3610 3750 3625 3501 3888 1085 3525 3788 3533 3540 3677 3948 3577 3962
3456 3760 3545
3675
3899 3957 3836 3837 3774
3757 3437 3571 3476 3579

3676

3665 3489 3652 3825

3677
3847 3592 3633 3522 3651 3692
3968 3712 3586 3841 3851 3596 3480 3496 3625 3756 3501 3504 3888 1085 3517 3525 3656 3788 3577 3540 3797 3800 3547 3930 3938 3684 3943 3437 3693 3697 3828 3448 3449 3454
3456 3734 3674
3678
3564
3539 3791

3679
3585 3624 3863 3580
3905 3536 3894 3963 3806 3447

3680
3714 3843 3464 3466 3468 3870 3493 3882 3645 3564 3951 3568 3569 3955
3969 3463 3593 3869 3486 3895 3643 3909 3794 3803 3931 3554 3690 3822 3826 3958 3833
3924 3830
3681
3790 3707
3559 3528 3627 3596 3804
3545
3682
3814 3662 3549
3812 3536

3683
3877 3578
3968 3525 3656 3944 3563 3756 3948 3886 3667
3830
3684
3971 3873 3633 3692
3968 3841 3586 3842 3721 3851 3852 3596 3475 3480 3736 3484 3872 3618 3491 3492 3621 3495 3496 3625 3756 3501 3886 1085 3902 3520 3780 3526 3656 3577 3540 3797 3926 3672 3547 3677 3550 3938 3556 3817 3563 3948 3693 3440 3828 3831 3449 3962 3966
3734 3545 3830
3685
3840 3850 3472 3455
3521 3553 3526 3598 3505 3698 3442 3482 3644

3686
3670
3635 3596

3687
3858 3604 3730 3633 3762 3518 3790 3670 3824
3596 3731 3605 3488 3528 3542 3938 3966 3702 3838
3737 3514 3545 3830
3688

3556

3689

3721 3437 3621

3690
3866 3870 3617 3878 3758 3506 3564 3955
3584 3622 3499 3895 3768 3782 3539 3803 3946 3821 3437
3680
3691


3830
3692
3873 3877 3633
3841 3712 3721 3851 3596 3480 3609 3618 3756 3501 3886 1085 3525 3656 3577 3667 3797 3677 3938 3684 3948 3693 3449 3962
3456 3734 3674 3830
3693
3438 3692
3841 3586 3491 3970 3556 3938 3684 3851 3756 3577 3838 3449 3547 3677 3454
3456
3694
3867 3816 3535
3608

3695
3649 3523 3479 3481 3898 3613
3594 3919 3516
3830
3696
3587 3655 3967
3776 3747 3783 3791 3664 3478 3960 3933

3697
3971 3654 3884 3824 3858
3842 3492 3586 3495 3756 3440 3797 3831 3448 3677
3456 3830 3545
3698
3840 3685 3472 3728
3521 3553 3747 3598 3505 3508 3607 3482 3644
3629
3699
3616
3439

3700
3502 3669
3911 3864
3830
3701
3910 3975 3465 3957 3774
3757 3759 3571 3476 3579 3519

3702
3471 3877 3518 3790 3670 3576
3721 3596 3475 3731 3605 3488 3891 3640 3902 3527 3528 3832 3800 3672 3804 3938 3557 3687 3948 3966 3573 3838
3737 3545 3830
3703
3971 3654 3755
3968 3938 3842 3440 3831 3926 3902
3456 3830 3545
3704

3891

3705
3714 3599 3867 3498 3636 3906 3534 3921 3569 3835
3713 3590 3463 3722 3608 3740 3486 3615 3759 3763 3519 3521 3794 3553 3818 3437 3822 3572
3629 3907 3924
3706
3906 3591 3793 3569 3900 3870
3648 3463 3593 3794 3572 3509 3511 3833 3515 3869

3707
3518 3576
3731 3605 3488 3497 3627 3756 3891 3640 3527 3528 3913 3542 3672 3930 3681 3828 3838
3514
3708
3465 3836 3837 3774
3757 3918 3759 3571 3476 3579 3519

3710
3715 3753 3470 3599 3666 3636 3735 3769 3867
3553 3713 3590 3663 3442 3862 3608 3740

3711
3458 3719 3870 3493 3631 3506 3896 3646 3784 3792
3584 3969 3718 3593 3486 3620 3881 3643 3648 3794 3810 3558 3826
3924
3712
3692
3586 3938 3677 3838
3734
3713
3599 3735 3867 3498 3921 3835 3710 3455
3590 3722 3862 3608 3740 3521 3663 3802 3442 3705
3629 3907
3714
3591 3870 3906 3793 3951 3823 3569 3829
3463 3593 3869 3486 3620 3509 3794 3705 3803 3822 3572 3833
3924 3680
3715
3815 3498 3599 3867 3710
3590 3442 3740

3716
3616 3647
3638 3799

3717


3744 3830
3718
3458 3468 3870 3758 3506 3896 3900 3903 3906 3793 3951 3711
3584 3969 3593 3509 3643 3810 3437 3822 3826 3833
3924
3719
3617 3458 3758 3951 3646 3711
3511 3622 3499 3927 3764 3895 3643
3924
3720
3749 3751 3923
3653 3787 3918 3632 3802

3721
3604 3633 3692
3968 3596 3860 3609 3741 3621 3495 3756 1085 3525 3449 3796 3797 862 3938 3684 3689 3437 3702 3577
3830
3722
3850 3599 3728 3876 3753 3498 3778 3835 3455
3713 3590 3608 3740 3496 3505 3508 3521 3526 3918 3802 3553 3442 3827 3705
3629 3907
3723
567 3961
3530 3566 3504 3551

3724
3464 3617 3483
3539

3725
3874 3657 3628 3473 3538 3541 3868 3743
3912 3595 3819 3857 3871 3892 3445 3739

3726
3972 3460 3464 3466 3829 3861
3554 3909 3752 3945 3469 3956 3738

3727
3745 3949
3536

3728
3599 3735 3867 3753 3498 3636 3769 3921 3815 3835 3455
3590 3722 3608 3740 3508 3521 3663 3553 3698 3442
3629
3730
3604 3518 3790 3578 3824 3450
3731 3605 3488 3635 3640 3642 3528 3913 3542 3926 3800 3804 3557 3687 3832
3514 3545
3731
3858 3730 3877 3884 3762 3790 3578 3670 3574 3450 3707
3596 3860 3605 3736 3488 3503 3891 3635 3640 3642 3902 3785 3913 3658 3926 3938 3557 3559 3687 3702 3966

3732

3610

3733
3861
3954

3734
3971 3604 3873 3877 3633 3651 3929 3692 3438 3824
3712 3841 3968 3586 3851 3480 3618 3495 3756 3501 3525 3656 3449 3788 3533 3667 3540 3800 3677 3938 3684 3440 3448 3577 3962
3737 3611 3545 3830
3735
3753 3599 3728 3636 3867 3710 3455
3713 3663 3442 3608 3740
3629
3736
3873
3968 3938 3684 3785 3948 3667 3731 3831
3830
3737
3858 3873 3884 3824 3578
3596 3860 3605 3488 3512 3640 3642 3525 3661 3800 3930 3672 3804 3548 3938 3557 3687 3966 3702 3448 3449 3838
3734 3514 3545
3738
3464 3466 3726 3602 3617 3761 3668
3593 3469 3859 3752 3754 3634 3510 3511 3782 3529 3558 3561 3945 3821 3443 3956
3630
3739
3874 3657 3725 3538
3912 3819 3567 3892 3871

3740
3715 3599 3728 3735 3815 3835 3710 3455
3713 3590 3977 3722 3862 3608 3865 3615 3521 3663 3705
3629 3907
3741
3877 3633
3938 3780 3721 3563 3852 3851 3501 3577 1085 3966
3830
3742
3444
3954

3743
3874 3657 3628 3725 3473 3538 3541 3868
3917 3567 3892 3871

3744
3717

3830
3745
3949 3662 3606
3812 3727

3747
3655 3500 3696 3967
3776 3783 3791 3505 3698 3508 3478 3607 3766 3547

3749
3923 3789
3720 3918

3750
3971 3877 3633 3651
3968 3596 3609 3495 3756 1085 3656 3795 3540 3797 3547 3938 3948 3831
3456 3674 3830
3751
3923 3789
3720 3787

3752
3937 3460 3726 3761
3554 3529 3945 3915 3469 3634 3764 3738 3582

3753
3876 3470 3599 3728 3921 3636 3735 3867 3710
3553 3526 3722 3437 3505 3442 3802
3907 3629
3754
3617 3483
3555 3507 3927 3738

3755
3654
3703 3440 3926
3830 3545
3756
3462 3604 3477 3877 3633 3651 3576 3929 3692 3707
3968 3586 3590 3721 3851 3603 3605 3609 3492 3750 3495 3625 3501 3886 3889 3637 3772 3517 3525 3785 3658 3656 3449 3677 3938 3683 3684 3943 3944 3565 3693 3948 3697 3828 3448 3577
3456 3734 3545 3830
3757
3899 3836 3975 3465 3957 3774
3918 3759 3571 3476 3701 3579 3519
3675 3708
3758
3459 3719 3468 3612 3614 3617 3761 3506 3646 3777 3906 3534 3793 3937 3947 3951 3568
3584 3718 3593 3764 3768 3529 3786 3810 3555 3558 3945 3690 3818 3437 3825 3833

3759
3837 3465 3957 3612 3965 3774
3757 3437 3918 3571 3476 3701 3705 3519
3708
3760
3438 3628
3586 3619 3948 3501 3533 3540 3512 3517 3962
3674 3830 3514
3761
3460 3972 3466 3758 3534 3602 3668 3829
3554 3752 3945 3915 3469 3634 3510 3956 3738

3762
3462 3884 3574
3687 3559 3640 3596 3902 3731 3800 3930 3804
3456 3611 3934
3763
3459 3793 3646
3648 3511 3810 3782 3437 3799 3705
3924
3764
3719 3464 3474 3612 3758 3645 3793
3584 3469 3610 3620 3752 3881 3499 3767 3895 3915 3927 3818 3821 3825

3765

3586 3930
3830
3766
3587 3964
3747 3437 3478 3933

3767
3532 3470 3829
3555 3782 3764 3958 3927 3803

3768
3906 3460 3524 3623 3947 3758 3568 3601 3770
3584 3558 3782 3945 3690 3593 3786 3914 3671

3769
3778 3599 3728 3636 3710
3521 3553 3526
3629
3770
3459 3524 3534 3602 3604
3511 3437 3671 3768

3771
3490 3531 3949
3437 3855 3956

3772
3847 3659
3756 3437 3950

3773
3778 3850 3599 3455
3521 3553 3526 3505 3442

3774
3899 3975 3465 3957 3836
3757 3918 3759 3571 3701 3579 3519
3708 3675
3775
3660
3496 3437 3953 3547 3454

3776
3587 3655 3500 3920 3696 3964 3967
3809 3747 3615 3791 3478 3960 3933

3777
3617 3464 3468 3532 3758 3829
3555 3529 3803

3778
3470 3769 3773 3455
3521 3553 3722 3442 3827
3629
3779
3522 3659
3872 3938 3979 3437 3596 3642 3448 3609 3610 3547 3930

3780
3971 3877 3660 3929
3842 3684 3525 3851 3566 3540 3577 3741 3966

3781
3823
3946

3782
3459 3460 3601 3483 3623 3645 3906 3524 3535 3793 3568
3584 3593 3738 3881 3763 3767 3768 3786 3927 3810 3558 3945 3818 3690 3437

3783
3587 3655 3920 3696
3809 3747 3478 3960 3933

3784
3973 3466 3947 3438 3506 3896 3711
3584 3833

3785
3858 3576
3658 3596 3756 3736 3503 3800 3731 3605 3966
3545 3611
3786
3906 3524 3460 3623 3947 3758 3631 3793 3601 3506 3645
3810 3782 3558 3945 3593 3768

3787
3751
3720 3632

3788
3633
3841 3491 3596 3449 3677
3545 3734 3674
3789
3749 3751 3923
3653 3918

3790
3858 3604 3730 3884 3518 3670 3824 3576 3450
3851 3731 3860 3605 3485 3488 3497 3627 3635 3902 3528 3913 3542 3800 3804 3681 3938 3557 3687 3828 3702 3838
3611 3514 3545 3830
3791
3587 3655 3920 3696 3964 3967
3776 3747 3632 3442 3508 3960 3933 3678

3792
3458 3493 3882 3951 3631 3711
3969 3620 3558 3822
3924
3793
3714 3459 3458 3973 3591 3976 3483 3870 3617 3623 3758 3900 3906 3947 3951 3569 3706
3584 3718 3593 3486 3499 3763 3764 3509 3782 3529 3786 3794 3671 3931 3803 3810 3558 3818 3822 3825 3833
3924
3794
3714 3591 3870 3900 3906 3793 3947 3951 3569 3706 3711
3584 3969 3463 3593 3869 3486 3509 3511 3909 3914 3705 3822 3826 3572 3833
3924 3680
3795
3929
3750 3533
3830
3796
3470 3633
3586 3495 3721 3851 3501

3797
3971 3633 3692
3586 3842 3721 3851 3609 3872 3618 3491 3621 3750 3495 3625 3501 3886 1085 3577 3540 3672 857 3677 862 3550 3938 3684 3948 3440 3697 3448 3449 3962
3456 3830
3799
3616 3716 3844 3952 3932
3848 3437 3918 3439 3763 3638 3480 3513

3800
3462 3730 3633 3762 3518 3576 3790 3824
3586 3851 3605 3488 3501 3503 3635 3640 3512 3527 3528 3785 3913 3658 3577 3542 3804 3677 3938 3557 3943 3944 3702 3448 3449 3962 3838
3456 3734 3737 3611 3514 3545 3830
3801
3921 3885


3802
3753 3599 3921 3636 3835 3455
3521 3713 3553 3720 3722
3907
3803
3714 3617 3777 3906 3532 3793 3564 3569
3869 3486 3622 3890 3509 3767 3555 3561 3690 3437
3680
3804
3858 3730 3604 3762 3518 3654 3790 3578 3824 3450
3596 3860 3605 3488 3497 3503 3635 3640 3902 3527 3528 3913 3926 3542 3672 3930 3800 3681 3557 3559 3702 3838
3456 3737 3611 3514 3545 3830
3805

3916 3950

3806
3624
3894 3679

3808

3544

3809
3587 3500 3920
3776 3783 3933 3508 3476 3478 3960 3901

3810
3468 3612 3493 3623 3758 3506 3896 3646 3906 3534 3793 3947 3951 3568 3711
3584 3718 3593 3620 3763 3643 3648 3782 3786 3555 3558 3833
3924
3811

3546

3812
3745 3682 3549
3536

3813
3669 3502
3911
3830
3814
3490 3682 3949 3662 3446 3549


3815
3715 3455 3728 3636 3867 3835
3521 3590 3740

3816
3694
3648

3817
3971
3842 3684 3556 3496 3851 3831 3485
3611
3818
3623 3758 3568 3601 3793 3896 3866
3584 3782 3764 3705

3819
3874 3628 3725 3473 3538 3868
3912 3437 3917 3445 3739

3821
3466 3483 3617 3906 3535 3947 3829
3584 3738 3622 3881 3499 3764 3510 3511 3927 3931 3933 3690 3825
3834
3822
3458 3714 3976 3591 3870 3506 3896 3900 3906 3792 3793 3951
3969 3718 3463 3855 3869 3486 3909 3794 3705 3826 3572 3833
3680
3823
3617 3714 3464 3468 3535 3601 3474
3781 3946 3507 3956 3927

3824
3858 3730 3873 3877 3633 3518 3651 3654 3790 3578
3860 3605 3488 3495 3627 3501 3902 3528 3542 3800 3804 3938 3557 3687 3697 3831 3452 3966
3456 3734 3737 3611 3514 3545
3825
3843 3612 3614 3758 3534 3535 3793 3564 3568
3469 3489 3499 3764 3893 3652 3927 3931 3676 3561 3437 3821 3583
3600
3826
3976 3591 3468 3506 3896 3900 3906 3947 3951 3569 3711
3584 3969 3718 3463 3869 3486 3890 3509 3909 3794 3558 3822 3958 3833
3680
3827
3778 3455
3553 3521 3588 3722 3505

3828
3604 3633 3651 3790 3574 3576 3578 3707
3596 3475 3603 3605 3860 3756 3642 3448 3658 3677 3938 3684 3966
3514
3829
3714 3843 3460 3464 3466 3726 3474 3602 3761 3506 3777 3668
3593 3469 3499 3634 3510 3767 3515 3529 3554 3555 3558 3945 3821 3443 3956
3630
3830
3604 3613 3617 3633 3651 3654 3669 3670 3691 3692 3695 3700 3717 3755 3790 3813 3858 3873 3898 3971 3467 3479 3481 3502 3518 3523 3560 3562 3574
3586 3596 3605 3609 3625 3635 3639 3656 3683 3684 3687 3697 3702 3703 3721 3736 3741 3750 3756 3795 3797 3800 3804 3831 3832 3841 3842 3851 3864 3880 3886 3902 3913 3918 3919 3926 3930 3943 3948 3437 3448 3449 3968 3457 3480 3488 3501 3516 3517 3533 3552 3563 3577
3611 3680 3734 3744 3760 3765 3456 3545
3831
3971 3884 3824
3968 3457 3842 3461 3851 3736 3484 3750 3495 3496 3521 3938 3684 3817 3697 3703
3545 3830
3832
3730 3518
3596 3482 3635 3702 3640
3830 3514
3833
3714 3973 3591 3976 3758 3631 3506 3900 3784 3793 3947 3569 3706
3584 3969 3718 3593 3869 3509 3643 3909 3794 3810 3822 3826
3924 3680
3834
3617 3568
3499 3437 3821

3835
3850 3599 3728 3867 3636 3921 3815 3455
3713 3590 3722 3862 3740 3615 3521 3802 3553 3442 3705
3907
3836
3899 3910 3975 3465 3837 3957 3612 3774
3757 3918 3437 3476 3519
3675 3708
3837
3975 3465 3836 3612
3437 3918 3759 3571 3476 3579
3708 3675
3838
3971 3462 3471 3604 3884 3518 3790 3576 3578 3707
3712 3845 3596 3852 3475 3605 3860 3488 3491 3497 3503 3635 3642 3902 3448 3527 3542 3672 3800 3804 3940 3557 3559 3687 3943 3944 3693 3573 3702
3737 3611 3514 3545 3934
3839

3626 3586

3840
3685 3472
3521 3526 3698 3644
3629
3841
3633 3651 3692
3586 3851 3596 3480 3625 3501 3525 3449 3788 3540 3677 3684 3948 3950 3693 3448 3577 3962
3456 3734 3545 3674 3830
3842
3971 3633 3929 3438
3851 3475 3618 3495 3625 3521 3780 3908 3525 3703 3656 3667 3540 3797 3684 3817 3697 3831 3577
3611 3830
3843
3568 3829 3645
3499 3825 3927
3680
3844
3616
3848 3437 3799

3845
3471 3604
3488 3491 3851 3838 3672 3485 3966
3611
3847
3660 3477
3626 3979 3916 3953 3610 3772 3677
3674
3848
3616 3844
3918 3799

3849
3444 3861


3850
3685 3599 3472 3835 3773 3455
3521 3526 3722 3598 3482

3851
3471 3873 3877 3651 3790 3692
3968 3841 3842 3845 3596 3609 3741 3491 3495 3756 3501 3889 1085 3780 3525 3577 3796 3797 3540 3672 3800 3677 3938 3684 3817 3948 3693 3440 3831 3448 3449 3966
3734 3611 3545 3674 3830
3852
3873 3971 3471 3604
3684 3497 3563 3886 3667 3542 3926 3672 3741 3838
3545 3611
3854

3918

3855
3591 3506 3771
3558 3593 3822 3509 3515 3486

3857
3657 3628 3725 3473 3538 3868
3917 3567

3858
3604 3884 3518 3790 3670 3824 3578
3596 3731 3860 3640 3528 3785 3913 3926 3930 3804 3557 3687 3697
3456 3737 3611 3514 3545 3830
3859
3861
3738 3543

3860
3858 3604 3884 3633 3518 3790 3824 3576 3450
3721 3596 3731 3605 3488 3495 3640 3642 3902 3528 3913 3930 3804 3938 3557 3838 3828 3966
3737 3611 3514 3545
3861
3726 3444 3604 567
3904 3621 3463 3496 3849 3437 3954 3859 3733
3600
3862
3498 3599 3921 3636 3867 3710 3835
3713 3588 3526 3590 3663 3740

3863
3585 3490 3624 3531 3446
3894 3546 3679

3864
3502 3700 3669
3911
3830
3865

3442 3740 3526

3866
3906 3524 3947 3535 3601 3645
3584 3558 3881 3818 3690 3511

3867
3715 3728 3735 3753 3498 3636 3815 3694 3835 3710 3455
3713 3590 3862 3608 3615 3521 3553 3442 3705
3629 3907
3868
3657 3725 3538 3541 3743
3912 3595 3819 3857 3892 3445

3869
3714 3602 3604 3870 3617 3506 3900 3947 3569 3706
3463 3593 3486 3509 3794 3931 3803 3558 3822 3826 3833
3924 3680
3870
3714 3906 3951 3793 3903 3896 3706 3900 3711
3584 3558 3718 3690 3822 3794 3869
3680 3924
3871
3628 3725 3473 3538 3743
3739

3872
3522 3575
3779 3684 3495 3888 3797 1085 3550

3873
3971 3471 3633 3651 3692 3824
3968 3851 3852 3475 3736 3625 3501 3886 3512 3902 3577 3667 3684 3943 3948 3449 3962 3966
3456 3734 3737 3830
3874
3628 3725 3473 3538 3743
3912 3819 3917 3567 3892 3739

3875

3887

3876
3753 3470 3455
3521 3722 3442
3629
3877
3971 3471 3633 3651 3929 3692 3438 3824 3574 3576 3578
3968 3851 3596 3475 3731 3605 3609 3741 3488 3750 3495 3756 3501 3886 1085 3517 3902 3780 3533 3672 3930 3938 3683 3943 3948 3573 3702 3449 3452 3966
3734 3611
3878
3617 3564 3468 3483 3903
3622 3690

3879

3918

3880
3670
3970 3619 3908 3495 3596 3437 3605 3454
3830
3881
3460 3466 3468 3535 3534 3601 3866 3711
3558 3782 3821 3469 3764 3510

3882
3792
3671
3680
3883
3523 3562 3479 3481 3898
3639 3594 3919 3581

3884
3858 3633 3762 3651 3790
3968 3596 3731 3860 3495 3640 3902 3926 3559 3948 3697 3831 3838
3456 3737 3514 3545
3885

3801

3886
3971 3873 3877 3651 3692 3455
3968 3852 3609 3625 3756 1085 3525 3656 3667 3540 3797 3683 3684 3563 3948 3440 3577
3830
3887

3537 3931 3875

3888
3592
3872 3950 3544 3677
3674
3889
3604
3938 3586 3943 3851 3756 3596 3501 3577 3448 3449
3545
3890

3826 3803 3539

3891
3592 3707 3574
3559 3658 3672 3452 3731 3702 3926 3704 3930 3966
3545 3611
3892
3874 3725 3473 3538 3541 3868 3743
3739

3893
3941
3584 3825 3437

3894
3490 3863 3580
3437 3447 3546 3963 3806 3679

3895
3617 3719 3464 3506 3483 3612
3690 3437 3539 3764 3643
3680
3896
3784 3976 3711 3951 3506 3870 3903
3969 3810 3718 3818 3822 3826 3509 3511 3643

3897

3548 3661

3898
3479 3523 3883 3502 3695 3481
3594 3919 3639 3516 3581
3830
3899
3957 3836 3774
3757 3571
3675
3900
3591 3976 3468 3870 3614 3493 3906 3793 3947 3569 3706
3969 3718 3869 3620 3509 3511 3909 3794 3822 3826 3833
3924
3901

3664 3809 3537 3933

3902
3471 3604 3873 3877 3884 3762 3518 3790 3824
3596 3731 3475 3860 3488 3621 3497 3527 3667 3542 3926 3672 3930 3804 3938 3684 3559 3838 3573 3703 3702 3452 3966
3611 3545 3830
3903
3458 3878 3631 3951 3896 3870
3648 3584 3558 3718 3643
3924
3904
3444 3861
3584 3539 3511

3905
3490 3624 3662 3580
3679

3906
3714 3973 3976 3601 3866 3870 3623 3758 3900 3524 3534 3793 3937 3569 3706
3584 3718 3593 3486 3620 3768 3909 3782 3529 3786 3794 3803 3810 3821 3822 3826 3443 3705
3924
3907
3867 3753 3498 3636 3641 3921 3835 3455
3713 3722 3608 3740 3615 3802 3437 3442 3960 3705
3629
3908

3842 3495 3880 3661 3548

3909
3976 3726 3900 3906 3569
3463 3486 3509 3643 3529 3794 3931 3558 3945 3822 3826 3443 3833
3924 3680
3910
3836
3701

3911
3813 3502 3700 3669
3864

3912
3874 3628 3725 3473 3538 3541 3868
3595 3819 3567 3739

3913
3450 3790 3730 3604 3858 3707
3488 3596 3731 3860 3800 3804
3830 3545 3514
3914
3568 3604 3967
3915 3794 3768

3915
3972 3464 3466 3568 3761 3604
3554 3752 3945 3914 3469 3634 3764 3510 3956

3916
3847 3592
3626 3950 3805

3917
3874 3628 3473 3538 3743
3595 3819 3567 3857

3918
3975 3616 3749 3774 3789 3923 3836 3837
3848 3720 3722 3854 3879 3757 3759 3638 3519 3653 3664 3799 3442 3571 3579
3830 3708
3919
3649 3523 3562 3883 3695 3479 3481 3898 3613
3516
3830
3920
3655 3500 3964
3776 3809 3783 3791 3960

3921
3753 3498 3599 3728 3636 3835 3455
3713 3553 3590 3663 3705 3862 3608 3801 3802
3907 3629
3922

3536

3923
3749 3751 3789
3720 3918

3924
3714 3719 3591 3976 3870 3493 3506 3900 3646 3903 3906 3792 3793 3569 3711
3584 3718 3463 3593 3869 3486 3763 3509 3643 3648 3909 3794 3833 3810 3705
3680
3925
3961
3551 3530 3487

3926
3971 3462 3858 3604 3730 3755 3884 3576
3968 3852 3731 3891 3902 3527 3528 3542 3672 3930 3804 3938 3684 3943 3559 3703
3611 3514 3545 3934 3830
3927
3843 3719 3468 3617 3532 3535 3564 3823
3584 3469 3610 3622 3754 3764 3767 3782 3561 3821 3825

3928

3672

3929
3651 3877
3842 3780 3495 3656 3756 3795 3577
3734
3930
3462 3471 3858 3877 3762 3654 3659 3941 3576 3450 3707
3586 3596 3860 3485 3492 3495 3503 3891 3635 3642 3902 3779 3448 3527 3528 3926 3672 3804 3677 3938 3559 3573
3737 3611 3765 3545 3934 3830
3931
3617 3460 3947 3532 3568 3793
3909 3622 3463 3593 3821 3887 3665 3825 3510 3869
3680
3932
3616 3647
3439 3638 3799

3933
3587 3655 3500 3696 3641 3964
3776 3809 3783 3821 3791 3664 3508 3766 3607 3960 3478 3901

3934
3462 3762
3461 3495 3926 3930 3838

3936

3521 3553 3598 3505 3442

3937
3906 3460 3466 3758 3483 3612
3752 3529 3945 3634 3443

3938
3971 3604 3877 3633 3518 3651 3790 3438 3824 3692 3576 3578
3968 3457 3586 3712 3721 3851 3596 3475 3605 3860 3736 3480 3731 3609 3741 3488 3750 3495 3625 3756 3501 3889 3635 3642 3902 3779 3448 3703 3528 3449 3797 3926 3672 3800 3930 3677 3962 3684 3687 3943 3948 3437 3693 3440 3828 3702 3831 3577 3966
3456 3734 3611 3737 3514 3545
3939

3546 3963 3437

3940
3471
3497 3838 3475 3542 3543 3672 3484 3966

3941
3645 3612
3930 3893

3943
3604 3873 3877 3633
3596 3609 3495 3756 3501 3889 1085 3926 3800 3677 3938 3948 3448 3449 3838
3456 3830
3944

3457 3683 3448 3495 3559 3756 3948 3800 3577 3838

3945
3459 3972 3460 3464 3466 3726 3474 3602 3614 3758 3761 3668 3937 3829
3469 3738 3752 3634 3768 3909 3782 3529 3786 3915 3554 3558 3561 3437 3956
3630
3946
3823
3690 3781

3947
3973 3976 3866 3623 3758 3900 3784 3793 3569
3463 3593 3869 3499 3509 3768 3529 3786 3794 3931 3810 3558 3437 3821 3826 3833

3948
3971 3604 3873 3877 3884 3651 3670 3692
3968 3841 3586 3851 3475 3605 3736 3750 3495 3625 3756 3501 3886 3635 3517 1085 3521 3525 3656 3449 3661 3667 3797 3548 862 3938 3683 3684 3943 3944 3437 3702 3448 3577 3962
3456 3760 3674 3830
3949
3745 3814 3531 3771
3437 3727 3441 3546

3950
3659
3841 3525 3916 3979 3888 3610 3772 3805 3550

3951
3714 3458 3591 3719 3870 3493 3758 3506 3896 3646 3903 3792 3793 3569
3584 3969 3718 3463 3593 3486 3643 3794 3810 3822 3826 3958
3680
3952

3513 3638 3799

3953
3847
3775 3610

3954
3861 3742
3733

3955

3690
3680
3956
3460 3972 3466 3726 3823 3761 3668 3829 3771
3554 3555 3945 3915 3469 3634 3443 3738

3957
3975 3465 3899 3836 3774
3757 3759 3571 3701 3579 3519
3675
3958
3951 3506
3558 3767 3826 3671 3515
3680
3959

3503

3960
3587 3655 3500 3696 3920
3776 3809 3783 3791 3664 3478 3933
3907
3961
3925 567
3723 3566 3487

3962
3604 3873 3628 3633 3692
3968 3841 3491 3495 3625 3501 1085 3525 3449 3667 3540 3797 3800 3938 3684 3563 3437 3948 3577
3456 3734 3760 3674
3963

3939 3437 3894 3546 3679

3964
3587 3655 3500 3920 3967
3776 3561 3791 3766 3478 3933

3965

3571 3759

3966
3462 3471 3604 3873 3877 3824 3576
3845 3851 3596 3731 3860 3475 3485 3741 3488 3491 3497 3891 3902 3448 3780 3527 3785 3658 3540 3542 3672 3938 3940 3684 3687 3828 3573 3702 3452
3737 3611 3545
3967
3587 3655 3696 3474 3641 3964
3776 3747 3914 3791 3478

3968
3971 3873 3877 3884
3461 3721 3851 3480 3609 3736 3484 3491 3750 3495 3625 3501 3886 3756 3525 3656 3831 3667 3540 3926 3677 3550 3938 3683 3684 3563 3948 3440 3703 3577 3962
3456 3734 3545 3830
3969
3458 3493 3506 3896 3900 3792 3951 3569 3711
3584 3718 3486 3620 3794 3558 3822 3826 3833
3680
3970

3880 3693 3525

3971
3471 3873 3877 3438
3968 3842 3586 3852 3475 3480 3618 3491 3750 3495 3501 3886 3520 3780 3831 3540 3797 3926 3550 3938 3556 3684 3817 3948 3440 3697 3703 3449 3838
3734 3611 3545 3830
3972
3460 3466 3726 3761 3602
3554 3945 3915 3529 3443 3956

3973
3906 3784 3947 3568 3793
3584 3833

3975
3465 3957 3836 3837 3774
3757 3918 3571 3701 3579

3976
3906 3947 3793 3896 3900
3909 3822 3826 3833 3643 3486
3924
3977

3740 3663
3629
3978

3495

3979
3522 3847 3592 3659
3779 3437 3950 3610
3674
