686
689 691 693 697 702 703 704 707 709 710 711 713 714 717 718 719 720 728 732 737 739 740 741 743 745 746 749 751 755 756 757 759 764 765 768 770 772 778 780 781 782 786 787 788 789 790 791 792 793 794 798 799 800 805 807 808 809 811 813 814 815 817 820 821 822 823 824 826 835 836 838 842 843 844 845 848 851 852 853 854 855
688 692 694 695 696 698 699 700 701 706 708 715 721 723 724 726 727 729 731 744 747 748 752 760 761 762 763 766 769 773 774 775 777 785 796 797 803 804 806 810 816 818 829 831 833 834 839 840 846 847 849 856
734 736 758 841
687
779 780 783 807 819 820 823 703 718 728 739 759 764 765
777 797 688 856 730 747
830
688
770 772 780 800 805 686 819 821 824 697 823 713 845 719 853 739 740 754 756
771 774 777 687 695 696 701 834 840 847 849 724 856 747 766

689
714 686 789 732 702
771 839 712

690
820
694 731 831
784
691
686 782
833 771

692
686


693
705 837 713 823 686 824 697 828
834 726 695
734
694
772 780 781 795 800 805 686 815 697 821 823 824 827 828 703 705 710 711 713 842 719 848 853 737 745 754 756
774 810 690 695 696 829 831 834 847 722 724 726 738 752 760 766
784 830
695
778 780 781 794 805 686 815 693 824 697 842 844 718 719 853 745 751 754
810 688 694 829 701 834 706 840 847 726 738 752 760 766
784
696
780 795 805 686 823 697 828 711 713 842 845 719 853 739 745
774 688 694 724 727 747
784 830
697
772 780 800 686 815 819 820 693 824 823 827 828 835 713 842 719 848 745 765
769 688 818 694 695 696 701 834 708 840 849 721 724 726 727 856 731 760 766
830
698
772 800 811 686 819 823 828 703 713 719 745 753
769 774 776 803 804 840 856 729 747

699
686
833

700
745 686 815

784
701
842 778 780 781 686 845 754 821 697 794
774 777 747 688 724 726 695

702
714 686 689 789 732
725

703
787 792 793 805 807 809 686 815 817 820 823 824 827 828 705 709 838 845 718 719 728 739 741 754 759 764
687 694 698 831 730 747 748
758
704
770 686 848 799
777

705
770 772 781 787 799 800 805 808 809 814 820 693 823 828 703 835 836 844 845 718 719 720 853 728 737 739 741 745 754 759 764
803 810 694 829 831 834 706 715 849 722 724 726 731 738 747 748 752 760 761 762 763
784 830 758
706
705 805 713 686 815 719 853 828
834 773 847 752 695
784
707
768 746 686
833 816 767

708
800 811 814 686 819 823 824 697 827 713 719 753 755
774 797 840 849 724 856 730 760

709
739 835 843 686 848 754 819 823 824 828 703
840 777
830
710
805 711 686 853
803 847 694

711
710 745 842 686 853 795
738 810 847 752 724 694 727 696 829
784
712
768 742 714 782 689 822
839 767
736
713
772 778 780 781 787 794 800 805 814 815 686 819 693 817 697 824 828 827 823 842 844 845 719 848 851 742 746 751
773 774 777 810 688 818 816 694 696 698 829 833 706 708 847 722 724 850 726 738 747 748 760 762
784 830
714
686 689 789 822 732 702
771 806 839 712 818 767

715
705 805 745 842 781 814 686 827
834

716
770 820 728 795 799
849 763 797

717
852 686 798 855


718
770 781 787 793 805 809 814 686 817 815 823 827 828 703 705 719 720 745
797 803 687 695 747 748 762
758
719
781 787 794 799 805 686 815 817 814 819 820 824 697 828 703 705 713 842 845 718 720 848 853 728 737 745 756 759
773 774 688 694 695 696 698 829 706 834 708 840 847 849 722 726 747 752 760 762 766
830 733 734
720
705 739 808 781 718 686 719 755 790 793 764
803 774 730

721
848 697 686


722
705 737 745 713 719 820 853
738 694 829

723
770 745 686 824 826 828
727 766
830
724
778 786 794 795 805 686 814 820 823 697 824 827 705 711 713 842 848 745
773 777 688 694 696 701 834 708 726 752 766
784 734 736
725
702
771 806 839 818

726
778 780 781 805 686 815 820 693 823 824 697 828 705 713 844 845 719 853 745
773 694 695 701 724 731 752 760
784 812
727
770 800 805 686 824 697 711 842 845 848 853 854 756
696 846 847 849 723 752 766
784 830
728
779 780 781 787 792 807 809 686 819 823 828 703 705 835 843 716 719 737 739 754 765
773 803 687 730

729
686 753
804 856 698

730
720 783 728 764 703
803 708 687 849 763 797

731
781 805 686 815 697 827 828 705 853 745
773 774 810 690 834 847 726 752 766
784 830
732
714 686 689 788 822 791 702
802 771 806 839 818

733
768 719 786 795
839 829

734
770 805 778 842 686 719 756 853 693
846 849 724 760 829 766

735
800 819
856 769

736
742 686 782 788
833 712 816 850 724

737
705 837 805 745 686 719 815 820 728 828
722 694
830
738
794 795 805 813 826 705 711 713 853 745 751
774 694 695 829 722 752 760
784
739
780 792 793 807 686 819 823 824 828 703 705 709 720 728 754 757
774 777 797 687 688 696 747
758
740
770 686 817
748 688 831
841
741
800 705 770 835 836 807 781 686 820 823 827 828 703
747 763

742
768 713 746 786 789
712 829
736
743
686 782


744
686


745
787 790 794 795 800 805 813 686 814 815 820 823 697 827 828 824 705 711 842 718 719 853 737 751 755
774 810 694 695 696 829 700 698 834 715 722 723 724 726 731 738 752 762
784 830 758
746
707 742 713 782 686
833 816

747
770 783 792 793 800 805 807 809 686 815 819 820 703 705 837 713 718 719 848 739 741 753 754 764
773 774 803 804 687 688 696 698 701 849 856 748 752 763
830 758
748
705 740 713 779 718 686 817 787 764 703
747 831 797
758
749
686


751
713 842 745 686 795 828
738 695
784 830
752
781 686 815 820 824 827 828 705 711 842 719 853 745
774 810 694 695 831 706 834 847 724 726 727 731 738 747
784 830
753
819 823
769 708 747 729 698

754
792 815 821 824 823 828 703 705 709 848 728 739
773 777 688 694 695 701 840 747

755
836 808 745 809 845 781 783 814 686 787 720 793 827
708 849 797
758
756
805 686 719 826 827
847 688 694 727
734
757
739 686
775

758
781 787 793 808 809 814 686 817 827 703 705 836 718 739 745 755
849 747 748

759
705 686 719 703
687 766

760
794 800 805 686 820 824 697 827 828 705 713 842 719
694 695 829 834 708 726 738 766
784 830 734
761
705 772 805 686 848 827


762
705 713 842 745 781 814 719 686 718 827 799
810

763
705 741 836 716 686 787
803 804 747 849 730 797

764
779 783 787 805 807 809 686 817 823 824 827 703 705 838 843 720
797 687 730 747 748

765
843 779 780 686 792 823 728 697
687 856

766
800 805 686 815 823 824 826 827 697 828 719 853 759
810 688 694 695 834 847 849 723 724 727 731 760
784 830 734
767
768 707 714 822
712 796

768
707 742 686 786 822
833 839 712 816 767
733
769
800 811 686 753 697 828 798
774 856 698 735

770
772 781 783 799 686 820 828 704 705 716 845 718 740 741
777 797 803 688 849 723 727 747
734
771
714 689 691 789 791 732
802 839 688 850 818 725

772
705 770 805 713 781 845 686 814 697 827 828
688 761 694 856 698

773
781 686 815 820 821 823 827 828 836 713 719 853 728 754
774 810 829 831 706 834 847 724 726 731 747

774
800 805 807 811 686 820 823 824 828 713 843 719 720 853 739 745
769 773 810 688 694 696 698 701 708 840 856 731 738 747 752
784 830
775
757 686


776

698

777
704 770 739 709 713 779 780 686 754 824
701 687 688 724 829
830
778
713 844 686 819 828
834 724 726 695 701
812 830 734
779
835 828 838 807 780 824 728 764 765
777 748 687

780
779 792 805 686 819 823 697 828 835 838 713 845 728 739 765
777 803 687 688 694 695 696 701 834 840 726
830
781
770 772 787 794 800 805 686 814 815 823 824 827 828 705 836 713 842 718 719 720 853 728 741 755
773 810 694 695 701 829 834 715 726 731 752 762
784 758
782
743 746 813 686 786 691
804 712 829
736
783
770 809 817 787 755 793 827 764
747 687 849 730 797

784
781 794 800 813 824 826 827 828 705 711 713 842 853 854 745 751
774 810 690 694 695 696 700 834 706 724 726 727 731 738 752 760 766

785
686
846

786
768 742 686 782
833 724 829
733
787
781 783 793 808 809 686 814 817 823 827 703 705 836 713 718 719 728 745 755 764
797 849 748 763
758
788
732 686
806
736
789
742 714 686 689 702
833 771 839 818

790
745 686 720
832

791
686 822 732
771 796 806 818

792
780 805 807 686 815 819 824 828 703 835 837 838 728 739 754 765
803 850 747
830
793
739 836 809 686 718 720 817 787 755 783 703
747 849 850 797
758
794
745 713 842 781 686 719 795
738 724 695 760 701
784
795
711 745 842 716 813 751 820 853 794
738 829 694 724 696
733
796
686 791
806 829 767

797
770 783 787 793 808 809 686 817 820 827 828 716 718 739 755 764
687 831 708 849 730 748 763

798
717 686 852 855
769

799
704 705 770 835 716 813 686 845 719 814
762

800
781 805 686 814 823 697 705 713 842 845 851 853 741 745
769 774 810 688 694 698 834 708 727 735 747 760 766
784 830
802
732
771 806

803
705 770 837 710 780 686 718 720 728 792 820
832 840 747 698 730 763

804
686 782
747 849 856 729 698 763

805
772 780 781 792 800 686 815 817 814 819 823 827 828 703 705 710 713 842 844 843 718 719 853 737 745 756 764
774 810 688 818 694 696 695 829 831 834 706 840 715 724 726 727 731 738 747 760 761 766
734
806
732 714 686 788 822 791
833 802 839 850 818 725 796

807
739 741 828 843 779 686 728 819 823 792 764 703
774 747 687 856

808
705 809 686 720 755 787
797
758
809
705 808 686 783 718 817 787 755 728 793 827 764 703
747 797
758
810
781 800 805 814 815 686 823 827 828 705 711 713 842 745
773 774 694 695 834 856 731 752 762 766
784
811
686
769 708 774 856 698

812
778 815 824 828
726

813
745 686 782 795 799
833 738
784
814
772 781 787 799 800 805 686 827 828 705 713 842 718 719 853 745 755
810 829 834 708 715 724 762
758
815
781 792 805 686 819 823 824 697 828 703 835 837 838 713 845 718 719 853 737 745 754
773 810 694 695 700 706 834 847 726 856 731 747 752 766
812 830
816
768 707 713 746 686
833 850
736
817
740 805 764 809 713 718 783 686 719 787 793 827 828 703
748 797
758 830
818
805 713 714 686 789 822 791 697 732
771 806 839 725

819
778 780 792 805 807 815 824 697 828 835 709 838 713 719 848 728 739 753
687 688 698 834 708 840 735 747
830
820
770 795 686 823 824 697 828 703 705 716 845 719 848 853 737 741 745
773 774 797 803 687 690 831 834 849 722 724 726 747 752 760
830
821
836 686 754
773 688 694 701

822
768 714 686 791 732
806 839 712 818 850 829 767

823
780 781 787 800 805 807 686 815 820 693 824 697 827 828 703 705 835 709 838 713 843 718 848 728 739 741 745 753 754 764 765
773 774 810 688 687 694 698 696 834 708 840 724 726 856 766
830
824
779 781 792 686 815 819 820 693 823 697 826 703 835 837 838 709 713 842 844 719 853 739 745 754 764
774 777 688 694 695 829 834 708 840 847 723 724 726 727 752 760 766
784 812 830
825

856

826
842 686 756 824 828
738 766 723
784 830
827
772 781 783 787 805 809 814 817 823 697 828 703 713 842 718 853 741 745 755 756 764
773 797 810 694 834 708 715 849 724 731 752 760 761 762 766
784 830 758
828
770 772 778 779 780 781 792 805 807 814 815 817 819 820 693 823 697 827 826 703 705 835 709 838 837 713 842 844 845 718 719 848 851 853 728 737 739 741 745 751 754
769 773 774 797 810 694 696 698 706 840 849 723 726 856 731 752 760 766
784 812
829
781 782 786 795 805 686 814 824 822 705 711 713 842 719 853 742 745
773 777 796 694 695 834 847 722 738 760
733 734
830
778 780 792 800 815 817 819 820 823 697 826 827 824 705 709 713 844 845 719 737 745 751
774 777 687 694 696 834 840 846 847 849 723 727 856 731 747 752 760 766

831
705 740 805 686 820 853 703
773 748 752 690 694 797

832
790
803

833
768 707 713 746 813 686 786 691 789
806 816 699
736
834
778 780 781 800 805 814 686 815 819 820 693 823 824 697 827 705 842 844 719 853 745
773 810 688 694 695 829 706 715 847 724 731 752 760 766
784 830
835
705 837 741 709 779 780 686 728 815 792 819 823 824 697 828 799


836
705 741 781 686 755 787 821 793
773 763
758
837
737 835 815 792 693 824 828
803 840 747

838
828 779 780 686 815 792 824 819 823 764 703
840 856

839
768 714 686 689 789 822 732
771 806 712 818 725
733
840
780 805 686 819 824 697 823 828 837 709 838 719 848 754
774 803 688 695 698 708 856
830
841
740 686


842
781 794 795 800 805 686 814 824 697 826 827 828 711 713 719 745 751
810 694 695 701 829 696 834 715 724 727 752 760 762
784 734
843
709 805 807 686 823 728 764 765
774

844
705 805 713 778 686 824 828
834 726 695
830
845
770 772 780 799 800 686 815 820 828 703 705 713 719 755
688 696 701 849 726 727
830
846
686
785 727
734 830
847
686 815 824 710 711 713 719 756
773 688 694 695 829 706 834 727 731 752 766
830
848
704 709 713 686 719 754 819 820 697 823 828
840 727 747 721 724 694 761

849
770 783 787 793 686 820 697 827 828 705 716 845 719 755
797 804 688 708 727 730 747 763 766
830 734 758
850
713 822 792 793
771 806 816
736
851
800 713 828 686


852
686 717 798 855


853
781 795 800 805 814 815 686 820 824 827 828 705 710 711 719 745
773 774 688 694 695 696 829 831 834 706 722 726 727 731 738 752 766
784 734
854
686
727
784
855
852 717 686 798


856
772 807 811 686 815 823 697 828 838 765
769 774 804 810 687 688 825 698 708 840 729 735 747
830
