567
3961
3723 3454

698

857 862

857

3621 3495 3626 698 862
3456
862
3592 3633
3872 3779 3684 3621 3677 3495 3721 3948 3501 1085 3797 857 3577 698 3517
3456
1085
3592 3877 3633 3651 3692
3721 3851 3609 3741 3872 3495 3756 3501 3886 3540 3797 3677 862 3556 3943 3561 3437 3948 3440 3577 3962
3456 3674 3830
3437
3843 3844 3719 3470 3604 3861 3477 3612 3758 3633 3506 3770 3771 3645 3777 3660 3534 3682 3947 3949 3564 3823 3574 3836 3837
3586 3718 3721 3593 3979 3860 3482 3615 3488 3759 3763 3893 3894 3640 3772 1085 3775 3521 3779 3656 3912 3786 3791 3539 3544 3803 3548 3677 3962 3551 3554 3938 3810 3558 3945 3689 3948 3819 3566 3825 3567 3832 3705 3963
3456 3674 3680 3830 3834
3438
3971 3877 3633 3522
3586 3851 3480 3491 3501 3517 3533 3540 3677 3938 3693 3448 3449
3456 3760 3545
3439
3616 3716 3932 3647
3638 3513

3440
3971 3877 3755 3633 3576
3968 3842 3851 3495 3501 3886 1085 3780 3525 3797 3805 3938
3600 3734 3545
3441
3949 3662
3546

3442
3850 3599 3472 3735 3876 3753 3773 3778 3921 3685 3941 3835 3710
3713 3590 3977 3722 3608 3865 3740 3615 3505 3508 3644 3521 3526 3918 3791 3663 3802 3678 3553 3698 3705
3629 3907
3443
3906 3972 3464 3466 3645
3554 3909 3593 3752 3915 3469 3634 3859 3582

3444
3861 3742
3904 3849

3445
3538 3628 3743
3819

3446
3585 3490 3814 3624 3531 3662 3863 3580 3549


3447
3682 3624 3580
3894 3679

3448
3471 3633 3438
3841 3586 3845 3851 3596 3860 3609 3491 3756 3501 3889 3640 3642 3779 3527 3449 3540 3797 3800 3930 3804 3684 3943 3944 3948 3693 3697 3828 3577 3966
3456 3737 3611 3545 3830
3449
3971 3604 3873 3877 3633 3651 3692 3438
3841 3586 3851 3480 3618 3491 3625 3756 3501 3889 3517 3788 3796 3797 3800 3677 3805 3938 3684 3948 3693 3448 3577 3838
3456 3737 3674 3830
3450
3790 3604
3913 3596 3731 3672 3642 3804 3930 3838
3545 3737
3452
3462 3576
3488 3658 3596 3838 3603 3891 3573 3902
3545
3454
3861 567
3586 3779 3621 3880 3693 3605 3673 3642 3677 3775

3455
3715 3850 3470 3867 3876 3753 3498 3636 3769 3773 3778 3921 3685 3815 3835 3710
3713 3590 3722 3862 3740 3886 3505 3521 3802 3553 3827
3629 3907
3456
3971 3858 3604 3884 3633 3654 3438 3824
3968 3841 3586 3842 3851 3609 3618 3756 3501 1085 3831 3577 3800 857 3804 862 3557 3943 3687 3948 3693 3437 3697 3703 3448 3449 3962
3734 3514 3545 3830
3457

3944 3938 3703

3458
3493 3719 3569 3900 3903
3648 3584 3810 3718 3593 3822

3459
3758 3534 3793 3770 3645
3812 3782 3529 3469 3825 3763

3460
3464 3466 3726 3601 3474 3602 3761 3900 3937
3469 3752 3881 3634 3768 3515 3529 3786 3915 3931 3956
3630
3461

3968 3559 3831 3930
3934
3462
3877 3824 3604 3576
3488 3559 3756 3800 3891 3926 3452 3838
3934 3611
3463
3714 3591 3861 3906 3793 3947 3951 3569
3593 3869 3486 3794 3931 3555 3558 3822 3826 3705
3924 3680
3464
3460 3466 3726 3601 3474 3602 3617 3761 3777 3668 3823 3829
3469 3738 3634 3764 3510 3895 3529 3915 3554 3945 3443 3956 3583
3630 3680
3465
3975 3836 3774
3918 3571 3476 3701 3579 3519
3708 3675
3466
3460 3972 3464 3726 3602 3761 3784 3668 3937 3829
3469 3738 3881 3634 3915 3554 3821 3443 3583
3680
3467

3533
3830
3468
3601 3866 3878 3623 3758 3645 3777 3524 3532 3534 3823 3568
3584 3718 3622 3764 3782 3529 3945 3826 3956
3680
3469
3459 3460 3972 3464 3466 3726 3474 3604 3761 3829
3738 3752 3881 3764 3529 3915 3927 3554 3561 3443 3956
3630
3470
3876 3753 3599 3769 3773 3455
3520 3521 3437 3796
3629
3471
3971 3873 3877
3851 3852 3475 3484 3485 3902 3526 3540 3543 3672 3930 3938 3940 3684 3966 3702 3448 3838
3611
3472
3850
3521 3526 3598 3505 3442 3698 3508 3482 3644
3629
3473
3874 3628 3725 3538 3541 3868 3743
3819 3595 3567 3857 3892 3871 3739

3474
3460 3464 3823 3761 3602 3604 3829
3554 3945 3915 3469 3634 3764 3956 3738
3630
3475
3471 3873 3877
3586 3842 3845 3851 3852 3484 3485 3501 3642 3902 3526 3926 3543 3930 3938 3940 3948 3828 3702 3838
3611 3545
3476
3836 3975 3465 3957 3837 3774
3809 3757 3759 3701 3579 3519
3675 3708
3477
3651 3847
3756 3565 3437

3478
3587 3696 3920 3964 3967
3776 3809 3747 3783 3791 3766 3607 3960

3479
3649 3523 3562 3883 3695 3481 3613
3594 3919 3639 3516
3830
3480
3604 3633 3651 3692 3438
3968 3841 3586 3491 3625 3756 3667 3540 3799 3677 3938 3684 3693 3449
3545 3674 3830
3481
3649 3562 3695 3479 3898
3594 3516

3482
3850 3472
3553 3521 3437 3598 3698 3508 3832 3644 3901

3483
3617 3524 3878 3724 3793
3782 3690 3499 3895

3484
3873 3971 3471 3633
3521 3842 3684 3940 3817 3475 3831

3485
3518 3790 3471
3488 3681 3845 3559 3817 3627 3838 3475 3930 3804 3966
3514 3611
3486
3714 3591 3976 3870 3493 3506 3900 3906 3793 3569 3706 3711
3969 3463 3593 3869 3509 3909 3794 3833 3803 3822 3826 3572 3705
3680
3487
3925 3961
3496 3530 3723 3566 3504 3551

3488
3462 3858 3604 3877 3884 3518 3707
3845 3731 3605 3485 3627 3891 3640 3902 3528 3913 3658 3542 3926 3800 3930 3804 3938 3557 3559 3437 3966 3573 3702 3452 3838
3737 3611 3514 3830
3489

3825 3652 3676

3490
3585 3682 3814 3624 3531 3446 3580 3549
3905 3894 3546

3491
3971 3438
3968 3712 3586 3842 3851 3480 3788 3540 3797 3938 3684 3693 3966 3448 3449 3962 3838
3611 3545
3492

3841 3556 3496 3756 3697 3930

3493
3458 3719 3792 3506 3903 3900 3646 3711
3648 3969 3810 3584 3486 3558 3593
3924
3494

3705 3690

3495
3971 3873 3877 3884 3633 3651 3929 3692
3968 3586 3721 3860 3609 3872 3618 3621 3750 3880 3756 3501 1085 3908 3667 3796 3797 857 3548 862 3684 3943 3687 3948 3440 3831 3577 3962
3734 3545 3934 3830
3496
3861
3520 3521 3492 3750 3487 3722 3551 3505 3672 3547 3677 3550 3775

3497
3518 3576 3790 3824 3604 3707
3940 3527 3528 3658 3852 3596 3902 3542 3926 3672 3966
3545
3498
3715 3455 3599 3728 3636 3867 3835
3521 3713 3740 3722 3862 3705 3615
3907 3629
3499
3843 3719 3483 3617 3758 3532 3534 3535 3793 3947 3564 3829
3881 3764 3671 3690 3821 3825
3680 3834
3500
3587 3655 3920 3696 3967 3964
3809 3747 3783 3791 3664 3766 3960 3933 3615

3501
3971 3604 3873 3877 3884 3633 3651 3692 3438 3824
3968 3841 3586 3842 3721 3851 3596 3475 3609 3495 3625 3756 3889 3517 1085 3525 3796 3797 3800 862 3938 3943 3440 3448 3449 3962
3456 3760 3545
3502
3700 3669
3911 3864
3830
3503
3576
3779 3785 3640 3596 3800 3731 3959 3672 3930 3838

3504

3626 3723 3551 3839 3677 3487

3505
3840 3850 3472 3753 3773 3685 3455
3722 3598 3607 3747 3496 3508 3512 3521 3526 3936 3698 3827 3442
3629
3506
3714 3493 3631 3896 3903 3784 3951 3568 3569 3829 3706 3711
3584 3969 3718 3593 3855 3869 3486 3620 3754 3507 3895 3643 3515 3648 3786 3794 3810 3555 3437 3833
3924 3680
3507
3823 3506
3554 3555 3754 3690 3927 3511

3508
3840 3850 3728 3472 3685
3722 3598 3607 3482 3615 3747 3505 3644 3776 3521 3791 3933 3809 3553 3698 3442

3509
3906 3951 3569 3896 3706 3900
3909 3718 3593 3855 3794 3826 3833 3803 3869 3486
3924
3510
3464 3761 3602 3668
3554 3529 3752 3915 3945 3821 3634 3931 3869

3511
3719 3724 3896 3706 3900
3648 3555 3909 3671 3530 3821 3794 3763 3507 3738 3515

3512
3604 3929
3525 3533 3577 3505 3800 3517
3830 3737
3513
3616 3952 3932
3439 3799

3514
3730 3858 3604 3884 3633 3790 3824 3578 3707
3860 3605 3485 3488 3627 3640 3913 3926 3542 3800 3672 3804 3938 3557 3966 3828 3832 3838
3456 3611 3760 3545 3674 3830
3515
3460 3506 3829 3706
3555 3566 3958 3511

3516
3479 3649 3613 3523 3883 3695 3481 3898
3919 3639 3581
3830
3517
3877 3633 3438
3586 3851 3948 3577 3501 3756 3533 3512 3449 3677 862
3760 3830
3518
3858 3730 3604 3790 3670 3824 3578 3707
3596 3860 3485 3488 3497 3902 3542 3804 3938 3557 3687 3702 3832
3737 3611 3545 3830
3519
3975 3465 3957 3836 3837
3757 3918 3759 3476 3705 3579
3708 3675
3520
3971 3470
3684 3526 3496 3625 3667 3550

3521
3840 3592 3850 3597 3470 3728 3472 3735 3867 3876 3498 3753 3769 3773 3778 3921 3666 3685 3835 3710 3455
3713 3842 3590 3722 3598 3608 3482 3740 3484 3615 3496 3625 3505 3508 3526 3797 3802 3550 3936 3553 3556 3684 3437 3442 3698 3827 3573 3831 3705 3962
3629 3907
3522
3592 3438
3872 3779 3979 3950 3930 3677

3523
3649 3883 3695 3479 3613
3581 3639 3594 3516
3830
3524
3906 3866 3468 3568 3601 3602 3770 3483 3645
3584 3782 3786

3525
3873 3651 3692
3968 3970 3721 3851 3596 3625 3501 3886 3889 3512 3656 3540 3677 3550 3551 3683 3563 3948 3950 3440 3573 3577 3962
3734 3737
3526
3840 3850 3471 3599 3472 3769 3685
3713 3722 3475 3865 3505 3520 3521 3543 3553 3684 3442 3698 3573 3831
3629
3527
3707
3938 3448 3528 3497 3785 3672 3851 3838 3800 3966 3542 3926 3930 3804 3902
3611
3528
3858 3790 3707
3596 3860 3605 3488 3497 3627 3640 3527 3926 3542 3800 3930 3804 3681 3938 3557 3687 3559 3702 3832 3838
3737 3611 3545
3529
3459 3460 3464 3468 3726 3601 3758 3761 3900 3777 3906 3793 3668 3937 3947 3829
3469 3738 3869 3752 3634 3510 3909 3915 3554 3945 3956
3630
3530
3925
3487 3511 3551

3531
3490 3949 3662 3446 3771


3532
3777 3468 3564 3535 3829
3622 3499 3956 3767 3610 3931 3803

3533
3877 3467 3438 3633 3929
3948 3795 3512 3517
3760 3734 3830 3674
3534
3617 3937 3459 3564 3468 3758 3535 3568 3793 3829 3612 3614
3499 3825 3437

3535
3623 3532 3534 3823 3758 3601 3645
3584 3782 3881 3499 3821 3825 3927

3536
3624 3662 3606 3549
3812 3679

3537

3664 3887

3538
3874 3657 3725 3628 3473 3541 3868
3912 3595 3819 3567 3857 3892 3445 3739 3871

3539
3724 3823
3904 3584 3690 3437 3890 3895

3540
3971 3471 3692 3438
3968 3841 3842 3596 3480 3618 3491 3750 3886 1085 3780 3525 3656 3667 3797 3556 3563 3693 3448 3966
3734 3760 3674 3830
3541
3874 3657 3725 3473 3538 3868
3912 3595 3892

3542
3730 3628 3518 3790 3707
3852 3596 3488 3497 3635 3902 3527 3528 3658 3543 3672 3800 3930 3804 3687 3559 3817 3702 3838
3611 3514 3545
3543
3471 3576
3940 3526 3859 3475 3605 3542

3544

3808 3437 3888 3775
3674
3545
3730 3604 3518 3651 3654 3790 3450 3438 3824 3576 3578
3841 3586 3842 3845 3722 3851 3852 3596 3475 3860 3605 3731 3480 3491 3495 3497 3627 3501 3889 3891 3640 3642 3902 3448 3528 3913 3785 3542 3672 3804 3677 3962 3681 3938 3557 3687 3943 3559 3838 3697 3440 3828 3703 3577 3452 3966
3456 3734 3514 3674 3830
3546
3490 3624 3949 3863 3580
3939 3441 3894 3963 3679
3811
3547
3628
3747 3684 3750 3496 3693 3950 3548 3677

3548

3495 3948 3437 3897 3547
3737
3549
3585 3682 3490 3814 3624 3446 3863
3905 3812 3566 3536

3550
3971 3633
3872 3520 3968 3521 3684 3525 3552 3496 3950 3667 3797 3573 3672

3551
3925 3961
3525 3496 3530 3723 3437 3504 3487

3552

3886 3625 3550

3553
3867 3840 3599 3728 3921 3769 3835 3710 3455
3521 3526 3722 3442 3827 3508 3482
3629
3554
3466 3726 3464 3761 3474 3829
3752 3529 3561 3945 3469 3437 3443 3956 3507 3510 3794 3634

3555
3617 3591 3758 3506 3829
3810 3463 3593 3754 3507 3956 3515 3511 3803
3600
3556
3971
3521 3492 3625 3851 3693 3540 1085
3611
3557
3730 3858 3604 3518 3790 3670 3824 3574
3596 3860 3488 3627 3635 3640 3642 3528 3800 3804 3938 3687 3828 3702 3838
3456 3737 3611 3514 3545
3558
3719 3866 3870 3493 3758 3646 3903 3906 3793 3951 3568 3829
3584 3463 3738 3869 3620 3881 3768 3643 3648 3909 3786 3794 3945 3437 3826 3958
3924
3559
3462 3604 3877
3461 3731 3485 3488 3627 3891 3902 3528 3926 3542 3804 3681 3573 3831 3838
3545 3934
3560
3691

3830
3561
3604 3612
3554 3942 3752 3945 3469 3927 3738 1085

3562
3479 3649 3613 3883 3695 3481 3898
3594 3639 3581

3563
3873
3968 3684 3525 3656 3852 3948 3886 3667 3540 3741
3830
3564
3878 3719 3532 3534 3568
3622 3690 3499 3437 3821 3825 3803
3680
3565
3477
3756 3637

3566
3662 3549
3780 3723 3437 3515 3487

3567
3874 3657 3628 3725 3538 3473 3868 3743
3912 3595 3437 3857 3739

3568
3973 3468 3601 3866 3614 3617 3623 3758 3506 3645 3906 3524 3534 3793 3947 3564
3764 3768 3782 3914 3915 3786 3931 3810 3558 3818
3834
3569
3714 3458 3591 3947 3951 3506
3969 3909 3463 3593 3822 3826 3794 3509 3705 3486
3680 3924
3571
3899 3975 3465 3965 3957 3836 3837
3757 3759 3918 3579
3675
3572
3706
3822 3869 3486

3573
3877 3576
3852 3488 3625 3891 3902 3521 3525 3526 3797 3672 3930 3550 3559 3702 3452 3838
3611
3574
3877 3762 3576
3557 3596 3437 3731 3635 3828 3891
3830
3575

3672 3872

3576
3462 3858 3877 3790 3670 3824 3574 3707
3596 3731 3860 3605 3497 3756 3503 3891 3640 3642 3902 3785 3658 3926 3543 3800 3930 3938 3440 3966 3573 3702 3577 3452 3838
3611 3545 3830
3577
3604 3873 3877 3651 3576 3929 3692
3841 3586 3842 3721 3851 3596 3609 3741 3618 3495 3625 3756 3886 3889 3512 3642 1085 3517 3780 3525 3797 3800 3677 862 3938 3943 3948 3693 3828 3448 3449 3962
3456 3734 3611 3545 3830
3578
3858 3730 3604 3877 3518 3790 3670 3824
3596 3731 3860 3640 3804 3938 3828 3838
3737 3611 3514 3545 3830
3579
3836 3465 3957 3774
3757 3918 3759 3571 3476 3701 3519
3675 3708
3580
3585 3490 3446
3894 3546 3447

3581
3649 3523 3562 3883 3695 3898 3613
3594 3516

3582

3752 3443

3583
3464 3466 3758
3825 3931 3869
3600
3584
3458 3719 3976 3468 3866 3870 3617 3493 3758 3506 3896 3900 3646 3906 3524 3784 3535 3792 3947 3951 3711
3969 3718 3593 3620 3763 3764 3893 3768 3904 3782 3794 3539 3927 3810 3558 3690 3826

3585
3490 3949 3446 3580 3549
3679

3586
3604 3633 3651 3438 3692
3841 3851 3596 3475 3480 3491 3495 3756 3501 3889 3517 3788 3577 3796 3797 3930 3677 3938 3684 3948 3693 3437 3697 3448 3449 3454 3839
3456 3760 3765 3545 3674
3587
3655 3500 3696 3920 3641 3964 3967
3776 3809 3747 3783 3791 3478 3766 3960 3933

3589
3592


3590
3715 3815 3599 3728 3666 3867 3835 3710 3455
3521 3713 3944 3615 3442 3608 3705
3907 3629
3591
3714 3951 3569 3793 3706
3555 3463 3593 3855 3794 3833 3486
3680
3592
3522 3589 3847
3521 3626 3979 3888 3891 1085 862

3593
3714 3458 3591 3719 3601 3493 3623 3758 3631 3506 3646 3947 3951 3569 3829 3706 3711
3584 3718 3463 3738 3869 3486 3634 3764 3509 3768 3648 3782 3786 3794 3931 3555 3818 3437 3443 3833
3924 3680
3594
3649 3523 3562 3883 3479 3481 3898 3613
3581
3830
3595
3657 3628 3725 3473 3538 3541 3868 3743
3912 3917 3567 3857 3739

3596
3971 3858 3604 3730 3877 3633 3762 3518 3790 3578 3670 3686 3692 3824 3574 3576 3450
3586 3721 3731 3605 3860 3750 3880 3497 3926 3627 3756 3501 3503 3889 3640 3902 3448 3525 3780 3528 3785 3658 3577 3832 3540 3797 3542 3672 3930 3804 3677 3800 3962 3681 3938 3684 3557 3943 3687 3693 3948 3828 3702 3452 3838
3734 3611 3545 3674 3830
3597

3521

3598
3685 3472
3521 3505 3508 3482

3599
3715 3470 3728 3735 3867 3753 3498 3636 3773 3921 3666 3815 3835 3710
3713 3590 3722 3862 3608 3615 3526 3663 3802 3553 3442 3705
3629 3907
3600
3861 3612
3555 3440 3825 3583

3601
3906 3460 3524 3623 3464 3468 3535 3568 3604 3645
3782 3593 3818 3529 3786 3825 3768

3602
3524 3460 3464 3466 3761 3474 3829 3770
3945 3634 3510 3738 3869
3630
3603
3790
3756 3828 3672 3452 3838

3604
3462 3601 3474 3858 3617 3633 3770 3645 3518 3790 3450 3578
3841 3586 3845 3721 3851 3596 3852 3469 3731 3480 3869 3488 3497 3627 3756 3501 3889 3640 3512 3902 3913 3658 3915 3449 3788 3926 3672 3800 3804 3677 3938 3557 3943 3687 3561 3559 3948 3437 3966 3828 3577 3962 3838
3456 3737 3611 3514 3545 3674 3830
3605
3730 3877 3790 3670 3824 3576
3596 3731 3860 3488 3635 3640 3528 3785 3543 3800 3672 3926 3804 3938 3454 3948 3828 3702 3838
3737 3611 3514 3545 3830
3606
3745 3662
3536 3727

3607

3747 3505 3698 3508 3478 3933

3608
3694 3599 3921 3735 3710
3521 3713 3590 3442 3862 3740
3907
3609
3877 3633 3692
3968 3721 3851 3741 3618 3750 3495 3756 3501 3886 1085 3797 3943 3948 3448 3577 3962
3456 3830
3610
3847 3660 3532
3779 3979 3950 3888 3732 3764 3927 3772
3674
3611
3971 3462 3471 3604 3877 3762 3518 3790 3824 3576 3578
3842 3845 3851 3852 3596 3475 3605 3731 3485 3488 3491 3891 3635 3640 3902 3448 3527 3528 3785 3913 3926 3542 3672 3930 3804 3938 3556 3557 3817 3838 3573 3577 3966
3734 3737 3514 3830
3612
3937 3941 3534 3836
3810 3561 3945 3437 3825 3893 3895 3673 3869
3600
3613
3649 3523 3562 3883 3695 3479 3898
3594 3919 3516 3581

3614
3758 3534 3568
3652 3945 3825

3615
3599 3867 3498 3500 3636 3921 3815 3835
3590 3740 3508 3776 3521 3664 3437 3442 3705
3629 3907
3616
3844 3716 3647
3848 3918 3439 3638 3513

3617
3719 3464 3604 3483 3878 3758 3777 3534 3823 3568
3584 3622 3754 3499 3927 3931 3803 3555 3690 3821 3825
3680 3830 3834
3618
3873 3971 3692
3842 3684 3968 3750 3495 3625 3851 3577 3609 3540 3797 3449
3456 3734
3619

3880 3970

3620
3906 3714 3870 3792 3506 3900 3646 3711
3584 3969 3648 3810 3718 3558

3621
3861
3454 3684 3495 3721 3689 862 3797 857 3902

3622
3617 3878 3719 3564 3532 3468
3690 3927 3803

3623
3906 3947 3468 3758 3535 3568 3601 3793 3866 3645
3810 3593 3818 3786 3768

3624
3490 3814 3949 3662 3446 3549
3905 3536 3447 3546 3806 3679

3625
3873 3633 3692
3841 3842 3721 3978 3851 3480 3618 3501 3886 3520 3521 3525 3656 3577 3797 3672 3677 3552 3938 3556 3573 3449 3962
3734 3674 3830
3626
3847 3592
3979 3916 3504 857 3839

3627
3824 3730 3604
3488 3681 3557 3559 3528 3596 3635 3702 3640 3804 3485
3545 3514
3628
3473 3538 3868 3743
3912 3595 3819 3917 3567 3857 3871 3445 3739 3542 3892 3962 3547
3760
3629
3840 3850 3470 3599 3728 3472 3867 3876 3498 3636 3778 3921 3666 3815 3835 3710 3455
3713 3590 3977 3722 3862 3740 3615 3505 3521 3526 3553 3442 3698
3907
3630
3460 3464 3602 3474 3829
3529 3469 3634 3738

3631
3792 3506 3903
3593 3786

3632

3720 3787 3918 3791

3633
3971 3604 3873 3884 3651 3692 3438 3824
3968 3841 3586 3721 3851 3596 3480 3609 3484 3741 3750 3495 3625 3501 3889 3517 1085 3788 3533 3667 3796 3797 3800 3928 3804 3677 3550 862 3938 3684 3943 3687 3948 3693 3440 3437 3828 3448 3449 3962
3456 3734 3760 3514 3674 3830
3634
3460 3972 3464 3466 3474 3602 3761 3937 3829
3593 3738 3752 3510 3529 3915 3554 3945 3443 3956
3630
3635
3790 3574
3938 3557 3627 3605 3832 3542 3702 3804 3926 3838
3830 3611
3636
3599 3728 3735 3753 3498 3769 3921 3815 3835 3710 3455
3713 3722 3862 3740 3615 3705
3629 3907
3637

3756 3565

3638
3616 3716 3844 3932 3647
3848 3439 3799

3639
3523 3562 3883 3695 3479 3898
3516
3830
3640
3730 3604 3884 3576 3790 3670 3824 3578
3596 3731 3605 3488 3627 3503 3642 3528 3785 3832 3926 3800 3804 3938 3557 3687 3437 3828 3702 3448 3838
3734 3611 3514 3545
3641
3587 3655 3920 3696 3967
3960 3933
3907
3642
3576 3659 3730 3450
3938 3779 3448 3557 3577 3838 3731 3475 3640 3454
3545
3643
3719 3976 3951 3870 3506 3903 3896 3646 3711
3648 3810 3718 3558 3855 3826 3794 3833
3924
3644
3840 3685 3850 3472
3747 3698 3442 3508 3482

3645
3843 3459 3941 3623 3524 3468 3535 3568 3601 3604 3866
3782 3437 3443 3764
3680
3646
3493 3719 3758 3951 3711
3648 3969 3810 3584 3620 3558 3593 3643
3924
3647
3616 3716 3932
3918 3439 3638 3799

3648
3458 3493 3719 3816 3758 3792 3506 3646 3903
3620 3558 3593 3511 3643
3924
3649
3523 3562 3883 3695 3479 3481 3898 3613
3581 3594 3919 3516
3830
3651
3858 3477 3873 3877 3884 3633 3929 3824
3586 3851 3480 3750 3495 3756 3886 3501 1085 3525 3577 3677 3938 3683 3828 3449
3674 3545
3652
3614
3489 3665 3825 3676

3653
3789
3720 3918

3654
3824
3938 3703 3930 3804
3456 3830 3545
3655
3587 3500 3920 3696 3641 3967
3747 3783 3960 3933

3656
3929 3692
3968 3841 3750 3625 3756 3886 3525 3667 3540 3677 3683 3684 3563 3437 3948
3734 3830
3657
3725 3538 3541 3743
3595 3819 3567 3857 3892 3739

3658
3604 3576
3488 3497 3756 3596 3891 3542 3452 3966

3659

3779 3950 3888 3642 3930

3660
3847 3870
3437 3610 3775

3661

3948 3908 3897
3737
3662
3682 3745 3624 3531 3863 3446 3606
3905 3812 3566 3536 3441

3663
3599 3728 3921 3735
3713 3442 3862 3740

3664
3500 3696
3776 3901 3918 3537 3960 3933 3615

3665

3825 3931 3676 3652

3666
3599 3728 3921 3710
3521 3590
3629
3667
3873 3633 3692
3968 3842 3852 3480 3736 3495 3902 3520 3656 3540 3550 3683 3684 3563 3948 3962
3734
3668
3464 3466 3761 3829
3529 3945 3956 3510

3669
3502 3700
3864
3830
3670
3686 3576 3790 3824 3858 3578 3518
3938 3557 3880 3596 3731 3605 3702 3640 3804
3830
3671
3882 3793 3770
3499 3821 3958 3511

3672
3471 3604 3877 3575 3450
3845 3851 3852 3596 3603 3605 3872 3496 3497 3625 3503 3902 3527 3785 3797 3926 3542 3804 3550 3962 3938 3940 3573 3702 3838
3611 3514 3545
3673
3612
3454

3674
3847 3604 3633 3651
3841 3586 3979 3596 3851 3480 3610 3625 3756 3886 1085 3788 3533 3540 3544 3677 3938 3948 3693 3437 3449
3734 3760 3514 3545 3830
3675
3899 3465 3957 3836 3837 3774
3757 3759 3571 3476 3579 3519
3708
3676

3665 3489 3652

3677
3847 3604 3633 3522 3651 3692 3438
3968 3712 3586 3841 3596 3480 3496 3625 3756 3504 3888 1085 3517 3525 3656 3788 3577 3797 3800 3547 862 3938 3943 3437 3693 3948 3697 3449 3962 3454 3839
3734 3545 3674
3678

3442 3791

3679
3585 3624 3863
3905 3939 3536 3894 3546 3447

3680
3714 3464 3466 3591 3468 3870 3617 3878 3882 3506 3900 3645 3564 3951 3569 3955 3706 3711
3969 3718 3463 3593 3869 3486 3499 3895 3909 3794 3803 3690 3437 3822 3826 3958 3833
3924 3830
3681
3790 3707
3559 3528 3627 3596 3804 3485
3545
3682
3490 3949 3662 3549
3812 3437 3447

3683
3651 3877 3692 3790
3968 3842 3525 3656 3944 3667
3830
3684
3971 3471 3877 3633 3692
3841 3586 3721 3852 3596 3480 3484 3741 3872 3618 3491 3621 3495 3750 3886 3520 3521 3780 3526 3656 3667 3926 3547 3550 862 3817 3563 3948 3697 3828 3831 3448 3449 3962 3702 3966
3734 3830
3685
3840 3455
3521 3526 3598 3505 3698 3442 3508 3644

3686
3670
3596

3687
3858 3604 3884 3633 3762 3518 3790
3596 3860 3495 3640 3528 3542 3926 3800 3804 3938 3557 3702
3456 3737 3545
3689

3721 3437 3621

3690
3866 3483 3617 3878 3758 3564 3955
3584 3869 3622 3494 3499 3507 3895 3768 3781 3539 3927 3803 3946 3821
3680
3691
3560

3830
3692
3873 3877 3633
3968 3841 3586 3721 3851 3596 3480 3609 3618 3495 3625 3756 3501 3886 1085 3525 3656 3577 3667 3540 3797 3677 3683 3684 3948 3449 3962
3734
3693
3971 3633 3438
3586 3970 3845 3851 3596 3480 3491 3756 3449 3540 3547 3677 3556 3948 3448 3577 3454
3456 3734 3674
3694
3867 3816
3608

3695
3649 3523 3562 3883 3479 3481 3898 3613
3581 3639 3516
3830
3696
3587 3655 3500 3920 3641 3967
3776 3791 3664 3478 3960 3933

3697
3971 3884 3824
3842 3492 3586 3684 3938 3797 3448 3677
3456 3830 3545
3698
3840 3685 3850 3472 3728
3521 3747 3526 3505 3442 3508 3607 3482 3644
3629
3700
3813 3502 3669
3911 3864
3830
3701
3910 3465 3837 3957 3836 3965 3774
3476 3579

3702
3471 3877 3518 3670 3824 3576
3845 3721 3596 3475 3605 3488 3627 3891 3635 3640 3902 3528 3832 3542 3800 3672 3804 3684 3557 3687 3948 3966 3573 3838
3737 3830
3703
3654 3755
3968 3457 3831 3902
3456 3545
3704

3891

3705
3599 3867 3498 3636 3793 3569 3706
3713 3590 3463 3722 3740 3869 3486 3615 3494 3763 3519 3521 3794 3802 3818 3437 3822 3826 3442
3907 3924
3706
3714 3591 3870 3506 3900 3906 3793
3593 3486 3509 3511 3515 3794 3803 3822 3572 3705
3924 3680
3707
3518 3730 3576
3488 3681 3527 3528 3913 3497 3785 3731 3891 3828 3542 3930 3838
3737 3514
3708
3975 3465 3957 3836 3774
3757 3918 3759 3476 3579 3519
3675
3710
3715 3599 3728 3735 3867 3753 3636 3769 3921 3666 3835 3455
3590 3722 3608 3740 3521 3553 3442
3629 3907
3711
3719 3870 3493 3758 3506 3896 3646 3903 3792 3951
3584 3718 3593 3486 3620 3881 3643 3794 3826
3924 3680
3712

3938 3491 3677 3838
3734
3713
3715 3599 3728 3735 3867 3753 3498 3636 3921 3835 3455
3590 3722 3862 3608 3521 3526 3663 3802 3442 3705
3629 3907
3714
3591 3870 3506 3900 3906 3793 3951 3823 3569 3829 3706
3463 3593 3869 3486 3620 3794 3803 3822 3833
3680
3715
3815 3498 3599 3921 3835 3710 3455
3713 3590 3740
3907
3716
3616 3932 3647
3439 3638 3799

3717


3744
3718
3458 3468 3870 3758 3506 3896 3900 3906 3792 3793 3947 3951 3711
3584 3969 3593 3620 3509 3643 3437 3822 3826 3833
3924 3680
3719
3458 3617 3493 3758 3770 3646 3564 3711
3584 3593 3622 3499 3764 3511 3895 3643 3648 3927 3810 3558 3437
3924
3720
3749 3751 3789 3923
3653 3787 3918 3632

3721
3858 3604 3873 3877 3633 3692
3968 3596 3860 3609 3741 3621 3495 3625 3501 1085 3525 3797 862 3938 3684 3689 3437 3948 3702 3577
3830
3722
3850 3599 3728 3876 3753 3498 3636 3773 3778 3921 3835 3710 3455
3713 3862 3740 3496 3505 3508 3521 3526 3918 3802 3553 3442 3827 3705
3629 3545
3723
567 3961
3487 3566 3504 3551

3724
3483
3539 3511

3725
3657 3473 3538 3541 3868 3743
3595 3819 3917 3567 3857 3871 3892

3726
3972 3460 3464 3466 3829
3554 3909 3752 3529 3469 3738

3727
3771 3949 3606


3728
3599 3498 3636 3769 3666 3815 3835 3710
3713 3590 3722 3862 3740 3508 3521 3663 3553 3698
3629 3907
3730
3578 3707 3518
3557 3640 3627 3596 3800 3605 3542 3832 3642
3514 3737 3545
3731
3858 3604 3877 3884 3762 3578 3670 3824 3574 3576 3450 3707
3596 3605 3736 3488 3503 3891 3640 3642 3902 3785 3913 3926 3800 3804 3938 3559
3611 3545
3732

3610

3733
3861
3954

3734
3877 3884 3633 3692 3824
3712 3841 3968 3851 3596 3618 3495 3625 3640 3525 3656 3788 3533 3667 3540 3800 3677 3938 3684 3693 3948 3440 3577 3962
3456 3737 3611 3760 3545 3674 3830
3735
3753 3599 3921 3636 3867 3710
3713 3521 3663 3442 3608 3740

3736

3938 3842 3667 3731 3831
3830
3737
3858 3730 3604 3884 3518 3450 3790 3824 3578 3707
3860 3605 3488 3512 3525 3528 3661 3800 3930 3804 3548 3557 3687 3702 3448 3449 3838
3734 3611
3738
3972 3464 3466 3726 3602 3474 3761 3937 3829
3593 3469 3859 3752 3754 3634 3511 3782 3529 3915 3558 3561 3945
3630
3739
3874 3657 3628 3743 3473 3538 3868
3912 3595 3567 3892 3871

3740
3715 3728 3735 3867 3498 3636 3921 3815 3710 3455
3722 3608 3865 3615 3521 3663 3442 3705
3629 3907
3741
3633
3938 3684 3721 3563 3852 3851 3948 3609 3797 3577 1085
3830
3742
3444 3861
3849

3743
3657 3628 3725 3473 3868
3912 3595 3917 3567 3819 3857 3892 3445 3739

3744
3717

3830
3745
3662 3606


3746
3846


3747
3587 3655 3500 3920 3964 3967
3776 3809 3505 3698 3508 3960 3478 3607 3766 3547 3933 3644

3749
3751
3720 3918

3750
3971 3884 3633 3651
3968 3851 3596 3609 3618 3495 3496 3779 3656 3795 3540 3797 3547 3938 3684 3948 3950 3831
3830
3751
3789 3749
3720 3787

3752
3937 3460 3972 3726 3761 3829
3554 3529 3945 3915 3561 3469 3634 3443 3764 3510 3738 3582

3753
3850 3470 3599 3735 3876 3636 3773 3778 3921 3835 3710 3455
3713 3722 3505 3521 3802 3442
3907
3754
3617 3506
3555 3507 3738

3755
3971
3703 3440 3926
3830
3756
3462 3604 3477 3877 3884 3651 3576 3692 3824
3968 3586 3841 3596 3603 3480 3609 3492 3495 3501 3886 3889 3637 3772 3517 1085 3785 3658 3656 3449 3797 3800 3677 3938 3943 3944 3565 3693 3948 3448 3577 3962
3456 3674 3830
3757
3899 3836 3975 3837
3918 3759 3571 3476 3579 3519
3675 3708
3758
3459 3719 3468 3614 3617 3623 3761 3646 3777 3906 3534 3535 3793 3937 3947 3951 3568 3711 3829
3584 3969 3718 3593 3855 3499 3764 3768 3648 3782 3529 3786 3810 3555 3558 3945 3690 3437 3825 3833 3583
3924
3759
3836 3975 3837 3957 3965 3774
3757 3437 3918 3571 3476 3579 3519
3675 3708
3760
3438 3628 3633
3586 3948 3501 3533 3540 3517 3962
3674 3734 3514
3761
3460 3466 3464 3758 3602 3668 3829 3474
3554 3752 3945 3529 3469 3634 3510 3956 3738

3762
3884 3824 3574
3687 3596 3731 3800 3930 3804
3611 3934
3763
3459 3793
3584 3511 3437 3799 3705
3924
3764
3972 3719 3464 3468 3474 3758 3645 3793 3568
3584 3593 3469 3610 3752 3881 3499 3767 3895 3915 3927 3931 3810 3818 3825
3834
3765

3586
3830
3766
3587 3500 3964
3776 3809 3747 3791 3478 3933

3767
3532
3764 3782 3958

3768
3906 3460 3623 3947 3758 3568 3601 3793 3770 3866
3584 3810 3558 3945 3690 3593 3818

3769
3470 3728 3636 3710 3455
3521 3553 3526 3977

3770
3459 3524 3719 3602 3604
3437 3671 3768

3771
3531 3949
3437 3727

3772
3847
3968 3779 3756 3437 3950 3610

3773
3778 3753 3470 3599 3455
3521 3722 3505 3442 3802

3774
3910 3465 3836 3837
3918 3759 3476 3701 3579
3708 3675
3775
3847 3660
3496 3437 3895 3544 3454

3776
3587 3920 3696 3964 3967
3809 3747 3783 3615 3791 3664 3508 3478 3766 3960

3777
3617 3464 3468 3532 3758 3829
3529 3437

3778
3876 3753 3773 3455
3521 3722 3442
3629
3779
3522 3941 3659
3872 3938 3454 3750 3979 3437 3503 3642 3448 3610 3772 3930 862

3780
3877 3929
3842 3684 3851 3596 3566 3440 3540 3577 3966

3781
3823
3690

3782
3459 3468 3601 3866 3483 3758 3645 3906 3524 3535 3793 3947 3568 3836
3584 3593 3738 3881 3767 3786 3931 3818

3783
3587 3655 3500 3920
3776 3791 3478 3933

3784
3906 3466 3947 3793 3506 3896
3584 3833

3785
3707 3858 3576
3527 3640 3596 3756 3672 3503 3731 3860 3605 3966
3545 3611
3786
3460 3601 3623 3758 3631 3506 3900 3906 3524 3793 3947 3568
3593 3782 3810 3558 3945 3437 3822

3787
3923 3751
3720 3632

3788
3633 3604
3586 3491 3449 3677
3734 3674
3789
3751 3923 3807
3653 3720 3918

3790
3858 3604 3884 3518 3578 3670 3824 3576 3450
3845 3851 3596 3603 3860 3605 3485 3497 3635 3640 3528 3832 3542 3800 3926 3804 3681 3938 3683 3557 3687 3838
3737 3611 3514 3545 3830
3791
3587 3500 3920 3696 3964 3967
3478 3632 3508 3766 3901 3776 3783 3933 3678 3809 3437 3442 3960

3792
3493 3882 3951 3631 3711
3584 3969 3648 3620 3718 3822
3924
3793
3714 3459 3591 3976 3866 3483 3870 3623 3758 3896 3900 3906 3784 3534 3947 3568 3706
3718 3463 3486 3499 3763 3764 3768 3782 3529 3786 3705 3794 3671 3931 3803 3558 3822 3825 3826 3833
3924
3794
3714 3591 3870 3506 3903 3906 3793 3569 3706 3711
3584 3969 3463 3593 3855 3869 3486 3509 3511 3643 3909 3914 3705 3554 3558 3822 3826 3833
3924 3680
3795
3929
3750 3533
3830
3796
3470 3633
3586 3495 3851 3501 3950 3797 3449

3797
3971 3633 3692
3968 3586 3721 3851 3596 3609 3741 3618 3491 3621 3750 3495 3625 3756 3501 1085 3521 3577 3540 3796 3672 3677 862 3550 3938 3948 3440 3697 3573 3448 3449 3962
3830
3799
3716 3647
3848 3918 3763 3638 3480 3513

3800
3462 3730 3604 3633 3762 3576 3790 3824
3851 3596 3731 3605 3488 3756 3501 3503 3640 3512 3527 3528 3577 3542 3926 3677 3557 3943 3944 3687 3702 3448 3449 3962
3456 3734 3737 3514 3830
3801
3921 3885


3802
3753 3599 3921 3773 3455
3521 3713 3722 3442 3705
3907
3803
3617 3906 3714 3532 3564 3793 3706
3555 3622 3690 3437 3821 3890 3509 3486
3680
3804
3604 3884 3633 3762 3518 3654 3790 3578 3670 3824 3450
3845 3596 3731 3860 3605 3485 3488 3627 3635 3640 3527 3528 3913 3926 3542 3672 3930 3681 3938 3557 3559 3687 3702 3448
3456 3737 3611 3514 3545 3830
3805

3440 3449 3950

3806
3624
3905 3963 3894

3807
3789


3808

3544

3809
3587 3500 3920
3776 3747 3933 3791 3887 3508 3476 3478 3766 3901

3810
3458 3719 3612 3493 3623 3758 3506 3896 3646 3906 3947 3568
3584 3855 3620 3881 3764 3768 3643 3786 3555 3437 3833
3924
3811
3949
3546

3812
3682 3459 3662 3549
3536

3813
3700
3864

3814
3490 3624 3949 3446 3549


3815
3715 3455 3599 3728 3921 3636 3867 3835
3590 3615 3740
3907 3629
3816
3694
3648

3817

3842 3684 3851 3542 3484 3485
3611
3818
3623 3568 3601 3896 3866
3782 3593 3768 3764 3705

3819
3874 3657 3628 3725 3473 3538 3868 3743
3912 3437 3445

3821
3617 3878 3466 3564 3535 3829
3671 3881 3690 3499 3927 3825 3510 3511 3931 3933 3803

3822
3458 3714 3976 3870 3896 3906 3792 3793 3569 3706
3969 3718 3463 3855 3869 3486 3909 3786 3794 3705 3826 3572 3833
3924 3680
3823
3617 3714 3464 3468 3535 3474
3781 3946 3437 3507 3539

3824
3462 3858 3873 3877 3884 3633 3762 3518 3651 3654 3790 3670 3576 3578
3596 3731 3860 3605 3497 3627 3756 3501 3640 3902 3913 3926 3800 3804 3557 3838 3697 3702 3966
3456 3734 3737 3611 3514 3545 3830
3825
3843 3459 3601 3612 3614 3617 3758 3534 3535 3793 3564
3489 3499 3764 3652 3665 3931 3437 3821 3583
3600
3826
3976 3468 3870 3896 3900 3906 3793 3951 3569 3711
3584 3969 3718 3463 3869 3486 3890 3509 3643 3909 3794 3705 3558 3822 3958 3833
3924 3680
3827
3455
3553 3521 3722 3505

3828
3604 3633 3651 3574 3578 3707
3596 3475 3603 3605 3640 3684 3557 3966 3448 3577 3838
3514 3545
3829
3714 3843 3972 3464 3466 3726 3474 3602 3758 3761 3506 3900 3777 3532 3534 3668
3593 3469 3738 3752 3499 3634 3515 3529 3915 3554 3555 3558 3945 3821 3956
3630
3830
3604 3617 3633 3649 3654 3669 3670 3691 3695 3700 3755 3790 3824 3873 3883 3898 3957 3971 3467 3479 3502 3518 3523 3560 3574 3576 3578
3594 3596 3605 3609 3625 3635 3639 1085 3656 3683 3684 3697 3702 3721 3736 3741 3750 3756 3795 3797 3800 3804 3832 3842 3860 3864 3902 3911 3918 3926 3943 3948 3437 3448 3449 3962 3966 3968 3970 3480 3488 3495 3512 3516 3517 3533 3540 3563 3577
3611 3674 3680 3734 3744 3765 3456 3514 3545
3831
3884
3968 3521 3842 3938 3684 3461 3750 3495 3559 3526 3851 3703 3736 3484
3456
3832
3790 3730 3518
3528 3596 3437 3482 3635 3702 3640
3830 3514
3833
3714 3591 3976 3758 3506 3896 3900 3906 3784 3793 3947 3951
3969 3718 3593 3486 3509 3643 3909 3794 3810 3822 3826
3924 3680
3834
3617 3568
3881 3499 3437 3764

3835
3715 3850 3599 3728 3867 3753 3498 3636 3921 3815 3710 3455
3713 3590 3722 3615 3521 3553 3442
3629 3907
3836
3975 3465 3612 3774 3910 3957 3964
3476 3757 3759 3893 3519 3782 3918 3437 3571 3701 3579
3675 3708
3837
3975 3957 3774
3437 3918 3759 3757 3571 3476 3701 3519
3675
3838
3971 3462 3471 3604 3877 3790 3450 3824 3576 3578 3707
3712 3845 3851 3596 3852 3475 3605 3603 3485 3488 3491 3503 3635 3891 3640 3642 3902 3527 3528 3542 3926 3672 3930 3938 3557 3559 3828 3573 3702 3449 3452 3966
3737 3611 3514 3545 3934
3839

3504 3626 3586 3677

3840
3685 3850
3521 3553 3526 3505 3698 3508 3644
3629
3841
3604 3633 3929 3692
3586 3851 3480 3492 3625 3756 3501 3656 3449 3540 3677 3938 3684 3948 3950 3448 3577 3962
3456 3734 3545 3674
3842
3971 3873 3877 3929
3968 3851 3475 3736 3484 3618 3491 3625 3501 3886 3521 3780 3908 3667 3540 3938 3683 3817 3948 3440 3697 3831 3577 3966
3456 3611 3545 3830
3843
3829 3645
3499 3437 3825

3844
3616
3848 3437 3638

3845
3790 3604
3488 3448 3693 3838 3902 3891 3475 3702 3672 3804 3485 3966
3545 3611
3846
3746


3847
3592 3660 3477
3626 3979 3916 3610 3772 3677 3775
3674
3848
3616 3844
3918 3638 3799

3849
3444 3861 3742
3904

3850
3840 3753 3472 3835 3455
3521 3526 3722 3505 3698 3442 3508 3482 3644
3629
3851
3971 3471 3604 3877 3633 3651 3790 3692 3438
3968 3841 3842 3586 3475 3609 3741 3618 3491 3750 3625 3501 3889 1085 3517 3780 3525 3527 3577 3796 3797 3672 3800 3938 3556 3943 3817 3948 3693 3440 3831 3448 3449 3838
3456 3734 3611 3545 3674
3852
3971 3471 3604 3873 3877
3475 3741 3497 3902 3667 3542 3926 3672 3684 3563 3838 3573 3966
3611 3545
3855
3591 3976 3758 3506
3810 3822 3794 3509 3643

3857
3657 3628 3725 3473 3538 3743
3595 3917 3567

3858
3604 3884 3518 3651 3790 3670 3824 3576 3578
3721 3596 3731 3488 3528 3785 3926 3930 3938 3557 3687
3456 3737 3514
3859
3870
3738 3443 3543

3860
3518 3790 3824 3576 3578
3721 3596 3605 3495 3902 3448 3528 3913 3785 3930 3804 3938 3557 3687 3437 3966
3737 3514 3545 3830
3861
3444 3742
3454 3621 3463 3496 3849 3437 3733
3600
3862
3498 3599 3728 3636 3455
3713 3722 3663 3608
3629
3863
3662 3446 3549
3546 3679

3864
3813 3502 3700 3669
3911
3830
3865

3442 3740 3526

3866
3906 3524 3623 3947 3468 3568 3793 3645
3584 3558 3782 3818 3690 3768

3867
3815 3455 3498 3694 3599 3921 3735 3835 3710
3713 3521 3553 3590 3705 3740 3615
3907 3629
3868
3874 3725 3628 3473 3538 3541 3743
3912 3595 3819 3567 3917 3892 3739

3869
3714 3602 3604 3612 3506 3900 3906 3947
3463 3593 3486 3509 3510 3529 3794 3931 3558 3690 3822 3826 3572 3705 3583
3924 3680
3870
3714 3896 3906 3660 3793 3947 3706 3711
3584 3718 3859 3486 3620 3643 3794 3558 3822 3826
3924 3680
3871
3628 3725 3473 3538
3917 3739

3872
3522 3575
3779 3684 3495 3979 3950 862 3672 1085 3550

3873
3971 3471 3877 3633 3651 3692 3824
3968 3842 3721 3852 3475 3484 3618 3495 3625 3501 3886 3525 3577 3667 3938 3943 3563 3948 3449 3966
3830
3874
3473 3538 3541 3868
3912 3819 3567 3892 3739

3876
3778 3753 3470 3455
3521 3722 3442
3629
3877
3971 3462 3471 3873 3651 3692 3438 3824 3574 3576 3578
3842 3721 3851 3596 3852 3475 3731 3605 3609 3488 3495 3756 3501 1085 3517 3780 3533 3577 3672 3930 3962 3938 3683 3684 3559 3948 3838 3440 3573 3702 3449 3966
3734 3611
3878
3617 3564 3468 3483 3903
3622 3690 3821
3680
3879

3918

3880
3670
3970 3619 3908 3495 3596 3454

3881
3460 3466 3535 3711
3810 3558 3782 3499 3821 3469 3764
3834
3882
3792
3671
3680
3883
3649 3613 3523 3562 3695 3479 3898
3639 3594 3919 3516 3581
3830
3884
3971 3858 3633 3762 3651 3790 3824
3968 3731 3488 3750 3495 3756 3501 3640 3902 3926 3930 3804 3938 3687 3697 3831
3456 3734 3737 3514
3885

3801

3886
3971 3873 3651 3692 3455
3968 3842 3609 3625 3756 1085 3525 3656 3540 3552 3684 3563 3948 3440 3577 3962
3674
3887

3537 3931 3809

3888
3592 3659
3979 3950 3544 3610 3677

3889
3633 3604
3938 3586 3525 3851 3756 3596 3501 3577 3448 3449
3545
3890

3826 3803 3539 3927

3891
3462 3592 3576 3574 3707
3845 3731 3488 3902 3658 3916 3926 3930 3559 3966 3573 3702 3704 3452 3838
3611 3545
3892
3874 3657 3628 3725 3473 3538 3541 3868 3743
3912 3917 3739

3893
3836 3941 3612
3584 3437

3894
3490 3580
3437 3447 3546 3963 3806 3679

3895
3719 3464 3506 3483 3612
3690 3539 3764 3775
3680
3896
3784 3711 3793 3506 3870 3903
3584 3969 3810 3718 3818 3822 3826 3509 3511 3833 3643
3924
3897

3548 3661 3908

3898
3649 3613 3883 3562 3695 3481
3594 3639 3516 3581
3830
3899
3957
3571 3757
3675
3900
3714 3458 3460 3976 3493 3906 3793 3947 3951 3829 3706
3584 3969 3718 3869 3486 3620 3509 3511 3909 3529 3786 3826 3833
3924 3680
3901

3809 3918 3791 3664 3482 3933

3902
3471 3604 3884 3518 3576 3824
3845 3596 3852 3731 3475 3860 3488 3621 3497 3891 3527 3667 3542 3926 3672 3930 3938 3940 3559 3838 3573 3703 3702 3452 3966
3611 3545 3934 3830
3903
3458 3493 3878 3631 3951 3506 3896 3711
3648 3969 3558 3794 3643
3924
3904
3444
3584 3849 3539

3905
3490 3624 3662 3549
3806 3679

3906
3714 3973 3601 3866 3870 3623 3758 3900 3524 3784 3793 3568 3706
3584 3969 3718 3463 3869 3486 3620 3509 3768 3909 3782 3529 3786 3794 3803 3931 3810 3558 3822 3826 3443 3833
3924
3907
3715 3599 3728 3867 3753 3498 3636 3641 3921 3815 3835 3710 3455
3713 3590 3608 3740 3615 3521 3802 3442 3960 3705
3629
3908

3842 3495 3880 3661 3897

3909
3906 3976 3726 3569 3900
3558 3529 3822 3826 3443 3509 3794 3511 3833 3931 3486
3680 3924
3910
3836 3774
3701

3911
3700 3502
3864
3830
3912
3874 3628 3538 3541 3868 3743
3595 3819 3917 3567 3437 3892 3739

3913
3450 3824 3604 3707
3488 3731 3860 3804
3611 3545 3514
3914
3568 3967
3794 3978

3915
3972 3460 3464 3466 3568 3604 3474 3829
3752 3945 3529 3469 3634 3443 3764 3510 3956 3738

3916
3847
3626 3891 3950

3917
3628 3725 3868 3743
3912 3595 3857 3871 3892

3918
3465 3616 3749 3774 3647 3789 3923 3836 3957 3837
3848 3720 3722 3879 3757 3759 3632 3901 3519 3653 3664 3799 3442 3571 3579
3830 3708
3919
3649 3883 3479 3613
3516

3920
3587 3655 3500 3696 3641 3967
3776 3809 3747 3783 3791 3478 3960 3933

3921
3715 3599 3735 3867 3753 3636 3666 3815 3835 3710 3455
3713 3722 3608 3740 3615 3521 3663 3801 3802 3553 3442
3629 3907
3923
3789
3720 3787 3918

3924
3719 3870 3493 3758 3506 3896 3900 3646 3903 3906 3792 3793 3947 3951 3569 3706 3711
3969 3718 3463 3593 3869 3763 3509 3643 3648 3909 3794 3833 3810 3558 3822 3826 3705
3680
3925
3961
3551 3530 3487

3926
3971 3462 3858 3604 3755 3884 3790 3824 3576
3968 3852 3596 3731 3605 3475 3488 3497 3891 3635 3640 3902 3527 3528 3672 3800 3930 3804 3938 3684 3943 3559 3687 3966 3838
3611 3514 3830
3927
3617 3719 3535
3584 3622 3561 3945 3690 3469 3821 3890 3507 3764 3610

3928
3633


3929
3651
3841 3842 3780 3495 3656 3948 3533 3795 3512 3577

3930
3471 3858 3877 3884 3762 3522 3654 3659 3941 3576 3450 3707
3586 3461 3596 3475 3860 3485 3488 3492 3503 3891 3902 3779 3448 3527 3528 3926 3542 3804 3573 3838
3737 3611
3931
3460 3617 3906 3532 3793 3947 3568
3463 3593 3869 3887 3764 3510 3909 3782 3665 3821 3825 3583

3932
3716 3647
3439 3638 3513

3933
3587 3655 3500 3696 3920 3641 3967
3809 3747 3783 3821 3791 3664 3508 3766 3607 3960 3901

3934
3462 3762
3461 3495 3559 3902 3838

3936

3505 3521

3937
3460 3466 3758 3534 3612
3752 3529 3945 3634 3738

3938
3971 3471 3858 3604 3873 3877 3884 3633 3518 3651 3654 3790 3670 3438 3576 3578
3968 3457 3586 3712 3841 3842 3721 3851 3596 3475 3605 3860 3736 3480 3731 3741 3488 3491 3750 3625 3756 3501 3889 3635 3640 3642 3902 3779 3527 3528 3449 3797 3926 3672 3804 3677 3557 3687 3943 3948 3437 3838 3440 3697 3831 3577 3966
3734 3611 3514 3545 3674
3939

3546 3963 3679

3940
3471
3497 3902 3475 3543 3672 3484 3966

3941
3612 3645
3779 3442 3893 3930

3942

3561

3943
3604 3873 3633
3851 3596 3609 3495 3756 3501 1085 3926 3800 3677 3938 3948 3448 3577
3456 3545 3830
3944

3457 3683 3448 3590 3756 3800 3962

3945
3972 3464 3468 3474 3602 3612 3614 3758 3761 3668 3937 3829
3738 3752 3634 3510 3768 3529 3786 3915 3927 3554 3558 3561 3437 3956

3946
3823
3690

3947
3973 3976 3866 3870 3623 3758 3900 3784 3793 3951 3568 3569
3584 3718 3463 3593 3869 3499 3768 3782 3529 3786 3931 3810 3437 3833
3924
3948
3971 3604 3873 3877 3633 3929 3692
3968 3841 3586 3842 3721 3851 3596 3475 3605 3609 3741 3750 3495 3756 3886 3517 1085 3525 3656 3449 3661 3533 3667 3797 3548 3677 862 3938 3684 3943 3563 3437 3693 3702 3448 3577 3962
3456 3734 3760 3674 3830
3949
3585 3682 3814 3624 3531 3771
3437 3727 3441 3546
3811
3950
3522 3659
3872 3841 3525 3750 3916 3888 3796 3610 3547 3772 3805 3550

3951
3714 3591 3758 3506 3900 3646 3903 3792 3947 3569 3711
3584 3969 3718 3463 3593 3509 3643 3558 3826 3958 3833
3924 3680
3952

3513

3954

3733

3955

3690
3680
3956
3460 3972 3464 3468 3532 3761 3474 3668 3829 3964
3554 3555 3945 3529 3915 3469 3634

3957
3899 3836 3837
3918 3759 3571 3476 3701 3579 3519
3708 3830 3675
3958
3951
3558 3767 3826 3671 3515
3680
3959

3503

3960
3587 3655 3500 3696 3920 3641 3967
3776 3747 3791 3664 3478 3933
3907
3961
3925 567
3487 3723 3551

3962
3604 3877 3628 3633 3692
3968 3841 3596 3609 3491 3495 3625 3501 3756 3886 1085 3521 3525 3667 3797 3800 3672 3677 3684 3944 3437 3948 3577
3456 3734 3760 3545 3830
3963

3939 3437 3894 3546 3806

3964
3587 3500 3836 3967
3776 3747 3791 3956 3766 3478

3965

3571 3701 3759

3966
3971 3471 3604 3873 3877 3824 3576
3842 3845 3852 3860 3485 3488 3491 3497 3891 3902 3448 3780 3527 3785 3658 3540 3926 3938 3940 3684 3828 3702 3838
3611 3514 3545 3830
3967
3587 3655 3500 3696 3920 3641 3964
3776 3747 3914 3791 3478 3960 3933

3968
3873 3884 3633 3692
3842 3461 3721 3851 3480 3609 3618 3491 3750 3495 3501 3886 3756 3772 3525 3656 3831 3667 3540 3797 3926 3677 3550 3938 3683 3563 3948 3440 3703 3962
3456 3734 3830
3969
3493 3758 3506 3896 3900 3646 3903 3906 3792 3951 3569
3584 3718 3486 3620 3794 3822 3826 3833
3924 3680
3970

3619 3525 3880 3693
3830
3971
3471 3873 3877 3755 3884 3633 3438
3842 3851 3852 3596 3484 3618 3491 3750 3495 3501 3886 3520 3540 3797 3926 3550 3938 3556 3684 3948 3693 3440 3697 3966 3449 3838
3456 3611 3830
3972
3466 3726 3829
3752 3945 3915 3469 3634 3443 3956 3764 3738

3973
3568 3906 3947


3975
3465 3836 3837
3757 3759 3571 3476 3519
3708
3976
3947 3793 3900
3584 3909 3822 3855 3826 3833 3643 3486

3977
3769
3442
3629
3978

3625 3914

3979
3522 3847 3592
3872 3779 3626 3437 3888 3610
3674
