697
800 753 890 719 
774 776 798 803 804 810 811 825 697 703 857 858 729 860 861 862 863 864 865 866 867 868 869 870 871 872 873 874 876 877 878 879 880 881 882 883 884 885 886 887 888 889 893 894 895 

698
745 874 747 878 719 753 856 825 895 
769 869 811 894 819 698 890 861 798 703 

703
880 823 
769 772 774 776 798 800 803 804 810 811 825 698 697 830 703 708 840 713 753 857 858 729 860 861 862 863 864 865 866 867 868 869 870 871 872 873 874 745 876 877 878 879 881 882 883 884 885 886 887 888 889 890 893 894 895 

708
840 753 890 
772 776 798 803 804 805 810 825 703 708 857 858 729 860 861 862 863 864 865 866 867 868 870 871 872 873 874 745 876 877 878 879 880 881 882 883 884 885 886 887 888 889 893 894 895 

713
800 745 
769 776 798 803 804 811 825 703 713 753 856 857 858 729 860 861 862 863 864 865 866 867 868 869 870 871 872 873 874 876 877 878 879 880 881 882 883 884 885 886 887 888 889 890 893 894 895 

719
805 810 819 823 697 698 828 
769 776 798 803 804 811 825 719 856 857 858 729 860 861 862 863 864 865 866 867 868 869 870 871 872 873 874 876 877 878 879 880 881 882 753 884 885 886 887 888 889 890 883 893 894 895 

729
886 
769 772 774 776 798 800 803 805 810 811 819 823 825 697 828 830 703 708 840 713 719 857 858 729 860 862 864 865 866 867 868 869 870 871 872 873 874 745 747 877 879 880 881 883 884 885 887 890 893 894 895 

745
713 698 747 828 
769 772 776 798 803 804 811 819 825 703 708 840 753 856 857 858 729 860 861 862 863 864 865 866 867 868 869 870 871 872 873 874 745 876 877 878 879 880 881 882 883 884 885 886 887 888 889 890 893 894 895 

747
880 745 698 774 
772 776 798 811 825 857 858 729 860 861 862 863 864 865 866 867 868 869 870 871 872 873 874 747 876 877 878 879 881 882 883 884 885 886 887 888 889 890 893 894 895 

753
697 698 708 
772 774 776 798 800 803 804 805 810 811 825 828 830 703 840 713 719 857 858 860 862 863 864 865 866 867 868 869 870 871 872 873 874 745 876 877 878 879 880 881 882 883 884 885 886 887 888 753 893 894 895 

769
811 
769 772 776 803 804 805 810 819 823 825 698 830 703 840 713 719 857 858 729 860 861 862 863 864 865 866 867 868 870 871 872 873 874 745 876 877 878 879 880 881 882 883 884 885 886 887 888 889 893 894 895 

772
805 
769 772 774 776 798 803 804 810 811 747 819 823 825 830 703 708 840 857 858 729 860 861 862 863 864 865 866 867 868 869 870 871 872 873 874 745 876 877 878 879 880 881 882 753 884 885 886 887 888 889 890 883 893 894 895 

774
805 747 869 
772 774 776 798 803 804 825 697 703 857 858 729 860 861 862 863 864 865 866 867 868 870 871 872 873 874 876 877 878 879 880 881 882 753 884 885 886 887 888 889 890 883 893 894 895 

776
877 
769 772 774 776 798 800 803 804 805 810 811 819 823 825 697 828 830 703 708 840 713 719 856 729 858 857 860 861 862 863 864 865 866 868 869 870 871 745 747 876 878 879 880 753 882 881 884 883 886 888 889 890 893 894 895 

798

772 774 776 798 800 803 804 805 810 811 747 819 823 825 698 697 828 830 703 708 840 713 719 890 856 857 858 729 860 861 862 863 864 865 866 867 868 869 870 871 872 873 874 745 876 877 878 879 880 881 882 883 884 885 886 887 888 889 753 893 894 895 

800
713 697 830 823 
776 798 800 803 804 819 825 703 840 857 858 729 860 861 862 863 864 865 866 867 868 869 870 871 872 873 874 876 877 878 879 880 881 882 753 884 885 886 887 888 889 890 883 893 894 895 

803
880 
769 772 774 776 798 800 803 804 805 810 811 819 823 825 697 828 830 703 708 713 753 719 856 857 858 729 860 861 862 863 864 865 866 867 868 869 870 871 872 873 874 745 876 877 878 879 881 882 883 884 885 886 887 888 889 890 893 894 895 

804
861 886 863 
769 772 774 776 798 800 803 804 805 810 811 819 823 697 825 828 830 703 708 840 713 719 857 858 860 862 864 865 866 867 868 869 870 871 872 873 874 745 877 879 880 881 753 883 884 885 887 890 893 894 895 

805
772 774 840 810 719 880 
769 776 798 803 804 805 811 825 708 753 856 857 858 729 860 861 862 863 864 865 866 867 868 869 870 871 872 873 874 876 877 878 879 881 882 883 884 885 886 887 888 889 890 893 894 895 

810
805 719 
769 772 776 798 803 804 810 811 819 825 697 830 703 708 840 857 858 729 860 861 862 863 864 865 866 867 868 869 870 871 872 873 874 876 877 878 879 880 881 882 753 884 885 886 887 888 889 890 883 893 894 895 

811
856 769 890 
772 776 798 803 804 805 810 811 747 819 823 825 698 697 828 830 703 840 713 719 857 858 729 860 861 862 863 864 865 866 867 868 870 871 872 873 874 745 876 877 878 879 880 881 882 883 884 885 886 887 888 889 753 893 894 895 

819
856 823 719 
769 772 776 798 800 803 804 810 811 819 825 698 857 858 729 860 861 862 863 864 865 866 867 868 869 870 871 872 873 874 745 876 877 878 879 881 882 883 884 885 886 887 888 889 890 893 894 895 

823
800 719 819 703 
769 772 776 798 803 804 811 823 825 857 858 729 860 861 862 863 864 865 866 867 868 869 870 871 872 873 874 876 877 878 879 881 882 883 884 885 886 887 888 889 890 893 894 895 

825
698 
769 772 774 776 798 800 803 804 805 810 811 819 823 697 825 828 830 703 878 708 840 713 719 857 858 729 860 861 862 863 865 866 867 868 869 870 871 872 873 874 745 747 877 876 879 880 881 882 883 753 885 886 887 888 890 893 894 895 

828
745 719 
776 798 803 804 811 825 828 753 857 858 729 860 861 862 863 864 865 866 867 868 869 870 871 872 873 874 876 877 878 879 881 882 883 884 885 886 887 888 889 890 893 894 895 

830
800 
769 772 776 798 803 804 810 811 825 830 703 753 857 858 729 860 861 862 863 864 865 866 867 868 869 870 871 872 873 874 876 877 878 879 880 881 882 883 884 885 886 887 888 889 890 893 894 895 

840
708 805 
769 772 776 798 800 804 810 811 825 703 840 753 857 858 729 860 861 862 863 864 865 866 867 868 869 870 871 872 873 874 745 876 877 878 879 880 881 882 883 884 885 886 887 888 889 890 893 894 895 

856
811 893 819 889 698 861 
776 798 803 805 713 719 856 857 858 860 862 865 866 867 868 870 871 872 873 874 745 877 879 880 881 883 884 885 886 887 890 894 895 

857

769 772 774 776 798 800 803 804 805 810 811 819 823 825 697 828 830 703 708 879 840 713 719 856 729 858 857 860 861 863 864 866 867 869 870 872 745 874 747 876 877 878 873 880 753 882 881 884 885 886 887 888 889 890 883 893 894 895 

858
895 871 
769 772 774 776 798 800 803 804 805 810 811 819 823 697 825 828 830 703 708 879 840 713 719 856 729 857 858 860 861 862 863 864 865 866 867 868 869 872 745 874 747 876 877 878 873 880 753 882 883 884 885 886 887 888 889 890 893 894 

860

769 772 774 776 798 800 803 804 805 810 811 819 823 825 697 828 830 703 708 840 713 880 719 856 857 858 729 860 861 862 863 864 865 866 867 868 869 870 871 872 745 874 747 876 877 878 879 873 881 753 882 884 885 886 887 888 889 890 883 893 894 895 

861
856 876 804 
769 772 774 776 798 800 803 805 810 811 819 823 697 698 825 828 830 703 708 840 713 719 857 858 860 861 862 864 865 866 867 868 869 870 871 872 873 874 745 747 877 879 880 881 882 883 884 885 886 887 890 893 894 895 

862
865 
769 772 774 776 798 800 803 804 805 810 811 819 823 825 697 828 830 703 708 840 713 719 881 856 729 858 860 861 862 863 864 866 867 869 870 871 872 745 874 747 876 877 878 873 880 753 882 879 884 885 886 887 888 889 890 883 893 894 895 

863
888 882 804 
769 772 774 776 798 800 803 805 810 811 819 823 697 825 828 830 703 708 840 713 719 857 858 860 862 863 864 865 866 867 868 869 870 871 872 873 874 745 747 877 879 880 881 753 883 884 885 887 890 893 894 895 

864

769 772 774 776 798 800 803 804 805 810 811 819 823 697 828 830 703 708 840 713 719 857 729 858 860 861 862 863 889 865 866 867 868 869 870 871 872 873 874 747 876 877 745 879 880 881 753 882 878 885 886 887 888 883 890 864 894 895 

865
862 
769 772 774 776 798 800 803 804 805 810 811 819 823 825 697 828 830 703 708 840 713 719 881 856 729 858 860 861 863 864 865 866 867 869 870 871 872 745 874 747 876 877 878 873 880 753 882 879 884 885 886 887 888 889 890 883 893 894 895 

866

769 772 774 776 798 800 803 804 805 810 811 819 823 825 697 828 830 703 708 840 713 719 856 729 857 858 860 861 862 863 864 865 866 867 868 869 870 871 872 873 874 745 876 877 878 747 880 753 882 883 884 885 886 887 888 889 890 893 

867
874 
769 772 774 798 800 803 804 805 810 811 819 823 825 697 828 830 703 708 840 713 719 856 857 858 729 860 861 862 863 864 865 866 867 868 869 870 871 745 747 876 878 879 880 753 882 881 884 883 886 888 889 890 893 894 895 

868

769 772 774 776 798 800 803 804 805 810 811 819 823 825 697 828 830 703 708 840 713 719 881 856 729 858 860 861 863 864 866 867 868 869 870 871 872 745 874 747 876 873 878 877 880 753 882 879 884 885 886 887 888 889 890 883 893 894 895 

869
774 
772 776 798 800 803 804 805 745 810 819 823 825 698 697 828 830 703 840 713 719 857 858 729 860 861 862 863 864 865 866 867 868 869 870 871 872 873 874 747 876 877 878 879 880 881 882 883 884 885 886 887 888 889 753 893 894 895 

870

769 772 774 776 798 800 803 804 805 810 811 819 823 825 697 828 830 703 708 840 713 719 856 729 857 860 861 862 863 864 865 866 867 868 869 870 872 873 874 747 876 877 878 745 880 753 882 883 884 885 886 887 888 889 890 893 

871
881 858 879 
769 772 774 776 798 800 803 804 805 810 811 819 823 825 697 828 830 703 708 840 713 719 856 729 860 861 862 863 864 865 866 867 868 869 871 872 873 874 747 876 877 878 745 880 753 882 883 884 885 886 887 888 889 890 893 894 

872

769 772 774 798 800 803 804 805 810 811 819 823 825 697 828 830 703 708 840 713 719 856 729 858 857 860 861 862 863 864 865 866 868 869 870 871 872 745 747 876 877 878 879 880 753 882 881 884 883 886 888 889 890 893 894 895 

873

769 772 774 798 800 803 804 805 810 811 819 823 825 697 828 830 703 708 840 713 719 856 729 858 857 860 861 862 863 864 865 866 868 869 870 871 745 873 747 876 877 878 879 880 753 882 881 884 883 886 887 888 889 890 893 894 895 

874
698 867 
769 772 774 798 800 803 804 805 810 811 819 823 825 697 828 830 703 708 840 713 719 856 857 858 729 860 861 862 863 864 865 866 868 869 870 871 745 874 747 876 877 878 879 880 753 881 882 884 883 886 888 889 890 893 894 895 

876
889 882 861 
769 772 774 776 798 800 803 805 810 811 819 823 697 825 828 830 703 708 840 713 719 857 858 860 862 864 865 866 867 868 869 870 871 872 873 874 745 747 877 876 879 880 881 753 883 884 885 887 890 893 894 895 

877
776 
769 772 774 798 800 803 804 805 810 811 819 823 825 697 828 877 830 703 708 840 713 719 856 857 729 858 860 861 862 863 864 865 866 868 869 870 871 872 745 874 747 876 873 878 879 880 753 882 881 884 883 886 887 888 889 890 893 894 895 

878
698 
769 772 774 776 798 800 803 805 810 811 819 823 697 825 828 830 703 708 840 713 719 857 858 860 862 864 865 866 867 868 869 870 871 872 873 874 745 747 877 878 879 880 881 753 883 884 885 882 887 890 893 894 895 

879
871 
769 772 774 776 798 800 803 804 805 810 811 819 823 825 697 828 830 703 708 879 840 713 719 856 729 857 858 860 861 862 863 864 865 867 868 869 872 745 874 873 876 747 878 877 880 753 882 883 884 885 886 887 888 889 890 893 895 

880
703 803 805 747 
769 772 774 776 798 800 804 810 811 825 697 830 708 840 713 719 856 857 858 729 860 861 862 863 864 865 866 867 868 869 870 871 872 873 874 745 876 877 878 879 880 881 882 753 884 885 886 887 888 889 890 883 893 894 895 

881
871 
769 772 774 776 798 800 803 804 805 810 811 819 823 825 697 828 830 703 708 840 713 719 881 856 729 857 860 861 862 863 864 865 867 868 869 872 745 874 873 876 877 878 747 880 753 882 883 884 885 886 887 888 889 890 893 894 

882
876 863 
769 772 774 776 798 800 803 805 810 811 819 823 697 825 828 830 703 708 840 713 719 857 858 860 861 862 864 865 866 867 868 869 870 871 872 873 874 745 747 877 878 879 880 881 753 883 884 885 882 887 888 890 893 894 895 

883

769 772 774 776 798 800 803 804 805 810 811 819 823 825 697 828 830 703 708 879 840 713 719 856 729 858 857 860 861 862 863 864 865 866 867 868 869 870 871 872 873 874 747 876 877 878 745 880 753 882 881 884 885 886 887 888 889 890 883 893 894 895 

884

769 772 774 776 798 800 803 804 805 810 811 819 823 697 828 830 703 708 840 713 719 856 729 857 858 860 861 862 863 889 865 866 867 868 869 870 871 872 873 874 747 876 877 745 879 880 881 753 882 878 885 886 887 888 883 890 884 894 895 

885

769 772 774 798 800 803 804 805 810 811 819 823 825 697 828 830 703 708 840 713 719 856 729 857 858 860 861 862 863 864 865 866 868 869 870 871 745 747 876 878 879 880 753 881 882 884 883 886 885 888 889 890 893 894 895 

886
729 804 
769 772 774 776 798 800 803 805 810 811 819 823 697 825 828 830 703 708 840 713 719 856 857 858 860 861 862 864 865 866 867 868 869 870 871 872 873 874 745 747 877 879 880 881 753 883 884 885 886 887 888 890 893 894 895 

887

769 772 774 798 800 803 804 805 810 811 819 823 825 697 828 830 703 708 840 713 719 856 729 858 857 860 861 862 863 864 865 866 868 869 870 871 745 873 747 876 877 878 879 880 753 882 881 884 883 886 887 888 889 890 893 894 895 

888
863 
769 772 774 776 798 800 803 805 810 811 819 823 697 825 828 830 703 708 840 713 719 857 858 860 862 864 865 866 867 868 869 870 871 872 873 874 745 747 877 879 880 881 882 883 884 885 886 887 753 888 890 893 894 895 

889
856 876 
769 772 774 776 798 800 803 805 810 811 819 823 697 828 830 703 708 840 713 719 857 858 860 862 864 865 866 867 868 869 870 871 872 873 874 745 747 877 879 880 881 883 884 885 887 889 890 893 894 895 

890
697 811 708 
772 774 776 798 800 803 804 805 810 747 819 823 825 698 828 830 703 840 713 719 856 857 858 729 860 861 862 863 864 865 866 867 868 870 871 872 873 874 745 876 877 878 879 880 881 882 883 884 885 886 887 888 889 890 893 894 895 

893
856 
769 772 774 776 798 800 803 804 745 805 810 811 819 823 697 825 828 830 703 708 840 713 719 729 858 857 860 861 862 863 865 866 867 868 869 870 871 872 873 874 747 876 877 878 879 880 881 753 882 883 885 886 887 888 889 890 893 894 895 

894

769 772 774 776 798 800 803 804 805 810 811 819 823 825 697 698 828 830 703 708 840 713 719 881 856 729 857 858 860 861 862 863 864 865 867 868 869 871 872 873 874 747 876 877 878 745 880 753 882 883 884 885 886 887 888 889 890 893 894 895 

895
698 858 
769 772 774 776 798 800 803 804 805 810 811 819 823 825 697 828 830 703 708 879 840 713 719 856 729 857 860 861 862 863 864 865 867 868 869 872 745 874 747 876 877 878 873 880 753 882 883 884 885 886 887 888 889 890 893 894 895 

