686 851 843 840 696 709 774 811 765 824 826 844 737 755 728 854 834 715 723 835 778 697 810 772 721 849 726 747 719 798 707 717 743 796 757 739 816 702 686
687 767 839 702 802 689 707 786 789 806 775 768 796 816 833 725 791 746 822 714 818 733 712 732 813 743 782 801 855 691 721 854 717 757 795 852 749 736 744 836 771 761 750 742 722 850 755 804 692 846 715 710 798 762 794 842 841 700 790 785 784 740 799 699 837 809 821 812 763 773 793 738 814 832 711 756 847 851 693 745 713 690 716 829 808 849 776 694 831 734 723 778 720 787 727 848 706 705 803 826 737
688 699 816 782 743 786 833 721 746 796 707 768 712 742 736 714 757 791 822 806 767 749 775 843 855 802 725 818 732 720 691 729 832 733 689 839 809 692 798 789 717 808 850 836 801 741 852 702 764 793 716 787 710 799 776 735 755 744 761 790 813 804 851 715 722 848 700 797 762 763 750 730 829 825 795 759 758 814 772 698 846 783 803 769 837 821 705 794 737 718 728 765 704 703 711 831 835 773 748 854 690
689 728 774 747 731 709 823 840 754 705 741 834 807 737 844 739 765 830 843 703 815 838 821 687 820 711 708 716 781 763 808 772 783 835 819 694 773 780 726 831 794 770 753 701 828 824 797 696 851 803 777 811 730 698 761 693 842 827 752 853 764 720 779 695 837 710 832 706 805 778 792 854 836 762 845 826 690 809 748 751 715 760 755 745 758 800 814 700 810 849 812 757 697 798 722 738 848 856 817 727 735
690 732 767 791 789 689 725 702 837 742 729 806 735 818 768 792 839 749 822 843 771 691 753 850 750 796 809 704 835 807 811 717 786 714 733 712 833 765 775 757 799 798 793 777 698 707 743 779 692 708 816 741 855 856 744 720 825 794 759 764 761 776 852 819 730 802 721 832 700 746 736 817 763 769 699 778 755 772 758 715 701 718 790 739 803 849 762 787 814 848 804 709 844 687 716 812 782 748 710 783 697
691 748 794 823 836 808 751 715 754 752 783 745 820 755 705 741 747 739 737 843 758 774 840 814 753 804 731 701 700 781 834 778 827 773 852 849 779 772 819 716 765 805 842 722 717 728 835 695 727 723 703 855 824 844 694 793 797 830 853 848 711 762 696 693 719 838 856 787 847 803 763 809 776 810 800 815 846 756 764 708 812 726 811 744 795 845 687 832 706 780 759 837 798 761 831 792 770 729 851 854 718
692 709 848 826 844 724 727 723 843 759 708 810 774 854 706 847 760 738 807 694 713 693 819 731 765 722 711 851 734 834 697 696 853 769 811 715 830 766 796 778 828 687 756 829 737 845 840 777 805 773 726 824 764 835 721 701 772 800 836 820 690 849 803 705 755 754 688 736 752 695 698 781 783 842 710 719 815 798 823 733 779 838 784 770 831 827 742 850 818 813 808 812 768 744 707 748 780 792 761 856 718
693 850 789 771 743 725 833 806 689 702 767 816 714 732 691 818 740 799 746 839 841 712 699 757 736 782 707 692 796 822 768 791 744 831 742 721 749 817 730 786 775 735 797 802 776 825 755 716 808 759 811 733 720 836 703 764 801 787 710 763 739 798 748 856 793 717 855 704 729 809 790 807 728 761 687 769 758 820 783 851 804 843 848 765 821 849 772 852 690 795 698 708 832 794 741 762 838 779 814 813 753
694 789 850 689 771 725 806 732 749 839 802 691 818 833 743 775 757 791 714 790 707 816 796 750 692 702 799 746 767 704 699 786 736 841 787 712 794 720 742 817 782 822 793 768 762 740 730 804 783 716 739 809 777 735 832 797 825 758 700 753 763 814 729 779 807 835 748 744 755 728 721 759 770 856 687 764 733 792 756 808 780 765 795 710 785 849 803 718 741 708 715 801 813 846 709 811 819 836 843 697 747
695 816 767 707 796 691 743 833 702 776 732 714 712 850 689 736 789 746 786 806 791 725 802 771 818 742 768 839 721 775 757 782 729 699 716 749 825 740 744 761 799 692 822 855 797 804 841 728 832 763 807 769 801 835 730 735 793 817 698 809 808 787 783 821 772 741 717 811 852 790 750 843 703 836 762 759 851 720 798 831 856 803 753 733 792 779 785 704 708 758 846 690 755 765 764 748 737 813 770 774 754
696 707 806 742 816 712 839 822 689 789 736 796 833 702 714 746 732 725 691 802 767 721 791 768 855 786 743 750 782 761 818 699 852 686 771 704 692 717 729 785 749 801 846 772 776 850 759 825 798 744 841 843 799 808 775 698 762 832 730 809 821 735 793 740 804 797 756 733 757 787 753 770 764 720 769 716 703 817 831 835 710 700 765 790 807 755 763 794 741 783 856 708 836 811 758 690 813 851 849 748 779
697 743 699 782 833 775 816 786 767 768 714 689 707 746 712 757 790 749 692 702 742 691 710 785 789 801 839 813 841 721 808 822 733 806 855 725 791 736 850 799 795 852 821 716 846 720 831 686 802 836 732 832 812 750 744 796 717 722 759 700 771 769 804 809 762 803 763 740 829 854 690 851 735 704 798 751 793 738 797 807 739 787 773 711 706 837 814 715 843 842 784 794 826 694 728 730 847 825 761 755 764
698 796 850 743 768 771 707 833 822 712 746 816 767 732 789 721 818 749 782 786 725 806 689 795 757 736 702 839 699 714 791 829 843 813 775 713 836 841 691 802 742 794 808 733 790 821 756 851 722 854 759 844 744 799 793 700 777 826 723 831 690 846 785 740 762 752 726 692 848 853 737 779 832 748 755 739 778 766 842 711 824 704 787 797 715 738 783 696 751 849 773 764 720 724 754 695 716 812 727 847 814
699 823 814 794 811 688 820 754 755 737 772 752 719 845 840 741 747 824 837 815 731 803 847 819 808 849 781 800 787 851 697 780 705 830 836 779 708 844 701 765 718 745 810 761 758 715 856 853 706 797 774 783 793 809 834 817 753 722 766 727 807 723 760 773 792 842 729 698 828 711 739 763 812 776 778 693 748 730 728 759 717 726 716 709 703 696 795 838 769 799 798 700 777 827 694 805 835 821 734 855 854
700 691 850 835 776 817 802 807 746 741 833 816 736 771 708 798 809 779 728 730 852 832 725 707 712 732 689 789 793 764 821 786 761 822 710 843 839 811 814 767 796 720 740 765 818 699 791 763 721 783 787 855 742 744 819 782 836 702 743 772 709 803 851 799 831 724 714 739 717 826 698 840 759 846 797 769 808 804 848 792 758 687 729 756 801 806 770 735 820 837 755 723 777 705 774 754 737 856 690 778 748
701 782 712 743 691 750 786 768 822 689 796 839 767 699 789 802 702 732 816 771 707 749 791 775 806 714 725 833 746 721 736 798 742 720 757 813 818 733 809 790 843 801 832 850 855 692 744 799 841 735 776 852 717 831 785 710 722 761 729 740 690 846 770 704 763 825 804 854 848 797 730 772 787 756 808 769 837 698 716 759 829 793 762 711 803 703 817 847 764 737 739 755 765 723 795 777 856 849 758 811 741
702 747 843 840 728 835 774 807 781 765 783 808 772 703 814 803 823 737 687 705 838 799 710 739 819 831 731 836 844 711 709 815 842 752 812 805 827 854 715 753 758 754 845 856 696 780 693 778 770 701 695 797 837 810 741 720 764 698 769 729 762 763 820 834 828 755 773 809 849 821 738 811 792 787 726 718 748 690 798 716 706 830 751 853 817 800 804 745 825 730 847 848 777 694 708 795 779 793 704 756 794
703 746 822 702 839 742 689 802 806 796 707 725 789 749 771 786 782 816 767 691 795 714 768 818 732 736 712 775 791 744 801 785 721 699 854 855 733 833 794 852 757 717 841 743 710 813 846 704 750 761 829 850 821 798 724 790 722 799 711 734 693 784 851 700 826 738 778 756 751 715 848 740 847 713 770 844 695 812 834 769 832 803 692 701 706 842 800 696 776 766 735 760 777 723 759 772 810 698 811 716 762
704 743 816 851 854 786 796 753 839 818 826 759 755 767 806 832 712 736 707 771 790 721 833 723 822 853 725 808 850 714 720 741 817 730 782 798 778 732 838 760 795 742 812 696 821 807 837 769 694 746 690 710 702 733 754 708 811 793 791 828 834 819 766 792 844 836 764 802 776 787 752 706 773 848 797 768 731 810 747 717 809 728 703 827 794 738 849 729 711 715 726 719 789 852 758 783 804 823 820 855 737
705 771 791 732 802 806 839 691 789 689 743 818 725 702 714 712 699 782 833 767 822 850 816 735 707 746 841 796 740 768 825 776 786 717 736 749 801 721 744 790 742 794 851 692 855 733 753 852 775 700 710 757 785 811 798 831 795 846 817 729 769 704 779 832 777 821 792 687 750 848 698 774 813 688 764 856 826 690 812 838 738 708 815 727 840 854 716 730 701 756 804 696 709 711 765 797 836 715 837 810 723
706 791 806 802 732 768 746 725 833 822 699 818 767 689 743 771 702 839 691 789 714 692 796 850 782 816 729 749 786 730 801 716 825 712 757 841 736 735 797 776 707 740 704 720 741 750 769 775 804 855 742 721 852 764 744 733 832 793 755 717 708 835 763 798 787 753 843 783 817 739 777 779 808 765 794 811 803 748 819 807 848 728 799 790 795 698 809 703 837 687 856 821 849 792 737 840 697 770 772 761 759
707 747 811 728 823 763 807 765 825 739 808 770 856 809 708 783 840 696 800 687 835 758 698 703 730 836 815 769 832 753 774 824 803 752 748 755 779 741 845 776 757 819 715 837 718 838 688 762 780 695 814 794 790 797 716 799 727 723 834 701 729 711 772 764 798 754 773 849 830 827 720 751 745 704 843 777 737 793 787 735 854 812 709 853 761 820 828 831 750 805 705 844 693 810 694 700 778 842 710 821 697
708 816 707 801 712 689 802 833 743 750 782 699 746 721 742 768 786 806 850 710 790 796 692 733 767 822 749 700 691 725 732 736 839 789 771 714 702 711 843 799 813 704 744 759 832 775 846 737 756 854 785 690 794 791 818 761 772 825 829 757 844 706 795 841 848 722 776 847 779 837 740 717 780 729 812 738 709 852 815 715 804 716 855 805 751 778 810 777 773 842 770 727 762 754 792 821 734 723 851 720 693
709 743 689 839 692 714 802 771 702 786 789 725 806 833 791 746 782 768 712 825 732 742 832 794 775 790 813 749 801 767 707 850 776 796 816 710 855 822 699 785 841 809 804 818 733 757 716 836 717 691 686 720 736 783 700 852 798 755 795 759 803 763 814 854 735 846 762 787 730 750 745 729 740 715 821 842 793 799 738 784 831 808 812 773 722 769 811 690 826 708 741 711 827 718 800 851 837 829 766 761 734
710 808 702 757 848 721 736 755 775 797 783 712 744 708 786 793 816 799 689 748 818 845 743 779 768 794 742 796 764 762 739 835 782 758 709 809 707 843 836 700 850 740 817 767 772 714 749 729 733 725 761 801 765 841 704 789 735 849 787 777 792 697 703 839 821 737 746 824 833 811 851 687 754 732 806 741 753 771 691 846 852 785 822 831 717 855 838 826 699 719 776 705 819 844 813 692 701 759 791 814 730
711 806 850 714 689 702 746 736 789 767 818 712 833 691 707 839 776 732 822 835 699 808 721 755 816 720 743 771 825 791 796 852 729 692 708 855 742 740 802 728 787 717 841 821 725 768 790 801 775 809 817 793 757 811 764 782 807 792 704 730 779 739 798 856 749 797 763 777 765 748 843 783 703 832 750 735 758 698 804 786 849 744 759 753 799 837 769 836 687 848 709 716 762 770 733 756 831 741 819 754 718
712 774 747 807 811 739 769 728 783 765 808 856 755 708 823 716 701 705 800 803 797 845 696 698 840 815 730 741 770 835 838 723 809 799 830 827 715 787 804 825 763 772 727 842 758 718 836 777 824 779 828 709 790 780 711 812 737 710 761 688 817 831 695 820 762 704 687 752 703 805 757 832 754 764 847 766 834 729 693 720 751 753 745 776 734 819 778 814 837 748 731 726 849 700 844 750 853 821 843 735 740
713 729 776 753 750 772 801 825 856 757 798 698 692 841 775 807 717 832 852 790 808 843 855 809 769 728 749 763 735 791 803 802 740 730 771 821 720 702 811 725 764 716 689 759 755 839 804 812 779 761 846 835 837 710 794 732 796 704 836 786 783 754 687 822 785 765 744 789 797 817 739 737 714 703 849 767 741 691 793 700 768 758 723 823 795 806 770 756 733 799 854 838 718 778 693 699 715 792 712 711 847
714 765 774 728 843 747 783 739 770 753 772 823 854 807 840 709 781 808 803 842 737 780 711 705 856 838 837 779 811 815 758 797 778 827 834 726 764 754 845 787 752 830 820 799 718 751 729 730 763 716 777 824 745 723 844 696 687 720 809 748 828 741 703 836 693 835 695 715 831 819 810 821 755 832 853 814 849 761 812 698 688 701 727 738 817 719 825 762 694 706 769 704 794 800 731 697 805 773 708 710 847
715 691 768 822 806 767 802 732 841 735 791 702 712 816 707 839 740 725 771 818 699 749 743 714 833 789 796 746 779 689 757 782 721 850 716 759 737 835 729 744 750 753 801 852 777 798 736 811 825 837 763 717 786 775 692 797 742 831 769 821 728 808 856 720 687 843 730 704 723 807 855 733 804 832 838 840 803 815 686 739 848 812 709 846 690 698 820 770 793 765 741 851 754 703 748 776 809 817 722 764 785
716 816 818 742 712 689 771 767 789 796 691 839 806 785 714 725 746 833 707 736 826 850 768 782 822 844 702 802 732 841 715 854 740 786 721 756 699 723 791 761 778 706 812 709 749 851 846 811 775 743 759 724 798 729 829 848 722 855 772 726 717 776 733 821 790 693 695 847 784 815 757 852 766 779 843 752 800 824 792 727 805 713 694 754 837 697 836 807 830 737 810 710 794 731 688 777 753 734 769 780 828
717 743 757 691 786 790 719 850 795 779 771 762 775 720 814 770 802 787 755 759 783 687 699 764 739 736 805 813 816 723 749 832 835 847 782 799 817 836 715 833 709 713 766 781 818 853 711 777 797 703 768 696 758 829 730 849 807 690 746 733 705 704 721 752 761 707 725 700 834 851 748 826 803 722 718 732 716 778 815 702 745 848 765 789 689 843 763 830 842 794 728 724 838 750 710 791 796 774 831 688 701
718 806 786 802 818 782 714 768 789 721 742 699 707 767 712 791 816 839 746 796 771 749 736 725 702 841 822 850 691 833 801 732 735 743 689 775 740 852 744 846 717 757 798 848 821 761 794 851 826 785 835 724 855 813 753 738 733 843 737 690 729 754 812 856 704 792 829 854 824 778 799 769 710 795 776 709 692 811 825 700 711 777 722 756 727 731 772 844 750 774 831 694 845 751 837 698 815 766 762 773 784
719 721 699 796 855 746 717 806 852 744 771 802 691 850 791 822 743 818 714 833 816 732 798 725 841 789 740 689 736 839 769 707 782 712 742 702 749 786 704 750 767 735 848 785 775 757 710 851 801 692 763 808 776 821 804 792 807 846 825 778 835 765 790 793 832 715 831 811 812 761 686 716 729 809 777 753 730 837 787 843 698 739 709 738 813 708 817 700 799 797 758 779 838 854 856 803 741 836 819 780 844
720 806 851 786 802 789 791 818 721 714 816 702 689 854 850 732 742 767 736 707 772 746 848 852 776 717 833 771 845 782 712 839 704 743 826 711 813 701 811 821 796 754 768 700 750 735 815 835 799 765 829 812 841 792 709 691 724 762 844 733 846 753 725 738 744 777 723 855 729 798 822 715 688 706 694 769 699 856 760 810 795 824 722 766 726 784 727 773 778 775 756 690 761 847 713 693 740 834 785 836 737
721 825 783 811 750 729 856 719 765 804 794 807 753 735 790 769 776 836 779 741 688 763 757 797 775 698 710 774 718 758 747 708 720 827 755 728 748 800 849 803 853 740 785 809 821 787 756 772 739 696 766 832 817 704 749 723 808 770 715 687 798 711 701 815 830 810 734 759 730 754 846 823 831 716 703 826 847 838 722 781 795 855 780 799 854 764 835 762 805 700 814 693 737 843 793 852 695 837 745 717 778
722 743 802 691 808 740 791 806 850 833 776 699 771 825 730 744 725 832 689 729 721 769 736 692 783 855 753 818 798 746 807 732 687 755 793 789 698 841 797 801 757 785 716 811 749 835 852 821 717 720 856 787 804 775 816 765 782 792 790 838 702 848 714 703 704 750 735 839 831 803 708 772 701 846 786 764 712 763 817 796 761 779 822 709 715 697 812 759 707 739 747 819 754 849 770 688 748 758 700 741 767
723 743 742 833 746 816 736 796 782 712 825 714 691 768 786 707 850 692 855 699 801 767 721 799 791 704 733 806 717 716 789 735 852 798 732 740 841 776 750 818 720 822 753 790 744 839 715 698 856 821 811 775 802 832 831 771 807 814 700 794 729 686 769 835 725 761 741 808 689 710 728 702 749 809 765 757 737 739 793 762 804 843 759 763 836 817 797 848 687 779 772 813 795 730 713 708 838 777 703 722 810
724 809 692 825 775 808 790 739 757 799 841 740 750 765 725 716 720 735 749 796 803 700 791 802 758 807 730 702 732 793 798 755 764 689 804 763 787 832 717 703 769 843 839 806 822 797 718 817 748 837 714 856 691 831 855 850 728 767 852 743 698 741 744 783 776 794 761 801 762 710 789 704 785 772 729 795 771 747 753 733 815 854 849 811 851 737 846 835 727 818 792 800 759 840 715 836 782 756 779 812 722
725 728 770 843 765 705 779 840 830 758 774 815 739 764 838 703 737 797 807 693 777 828 835 709 783 762 823 694 687 769 845 812 747 752 698 773 706 837 805 847 715 716 854 811 741 846 731 803 808 772 834 696 844 730 851 780 754 763 755 809 810 856 787 718 690 799 820 842 819 701 784 708 800 849 831 704 821 722 726 700 695 836 751 853 824 753 798 814 781 738 745 748 804 827 852 829 719 729 813 710 757
726 714 689 806 749 775 743 839 771 789 768 818 767 757 796 744 702 850 732 782 691 816 802 725 833 712 822 699 750 736 707 791 746 735 841 761 776 825 797 786 855 793 716 729 692 704 740 721 720 733 739 698 809 755 763 742 753 813 717 772 798 730 785 831 799 787 852 769 817 811 808 741 843 804 856 801 710 762 728 686 690 807 770 848 783 748 832 846 777 758 803 765 790 764 708 814 851 835 800 836 795
727 822 850 712 691 806 833 789 786 692 707 796 699 746 791 782 714 743 835 767 742 839 816 757 768 689 729 736 749 818 821 802 732 825 775 809 855 721 728 790 730 852 832 841 765 740 817 720 808 702 725 704 801 716 793 771 836 797 792 717 803 776 843 807 856 787 831 798 837 739 741 733 799 783 763 811 762 777 764 779 814 759 698 794 755 715 804 851 785 753 772 710 769 758 735 838 708 718 687 754 750
728 767 689 789 714 839 725 802 796 707 806 702 712 743 791 818 822 768 816 746 833 732 736 771 775 691 721 742 841 782 744 785 801 786 700 740 749 848 699 733 813 842 794 711 757 846 854 756 829 715 761 738 704 713 850 727 686 795 776 852 717 778 851 750 812 695 710 723 855 798 799 790 724 734 821 693 826 694 844 845 762 726 706 760 834 751 800 804 832 814 831 772 784 853 811 815 847 755 692 745 766
729 743 721 782 713 796 795 733 790 822 789 714 851 736 829 767 771 833 744 702 707 826 839 751 699 712 690 768 818 850 854 799 802 832 806 816 732 715 691 706 722 711 710 746 725 794 727 821 739 853 808 785 813 814 738 766 757 846 791 763 775 696 716 773 842 847 737 689 720 730 695 726 786 756 831 704 835 836 688 734 700 812 809 797 749 755 762 777 827 841 778 784 844 742 824 723 731 848 820 760 817
730 789 782 786 768 767 707 712 796 818 813 714 689 816 839 806 750 725 742 844 802 732 771 700 749 699 733 722 746 702 721 744 736 822 848 704 761 785 706 829 810 854 772 833 799 775 693 812 756 743 841 717 784 778 846 834 691 791 850 795 847 729 773 852 727 724 792 715 757 842 855 826 711 737 766 815 821 713 731 798 690 694 777 738 794 709 751 734 740 776 754 710 726 851 843 696 695 805 853 759 811
731 822 689 732 796 691 839 702 699 806 791 725 768 750 789 746 833 850 771 767 802 775 757 786 749 712 714 692 707 801 816 744 742 841 818 704 825 782 735 743 733 855 832 740 763 730 852 729 804 736 813 790 716 835 799 720 795 717 794 797 785 776 761 764 843 793 803 808 700 809 787 783 715 765 837 753 846 710 739 718 770 769 854 798 759 829 721 811 848 758 836 698 779 777 693 778 756 849 755 741 722
732 705 772 739 842 805 762 731 814 834 715 843 807 781 838 758 830 783 777 770 728 819 808 823 745 738 831 706 737 748 828 846 774 854 765 845 698 800 764 827 747 773 694 761 836 701 797 709 815 840 769 751 693 696 695 690 847 703 851 780 757 799 784 720 809 711 687 756 849 785 853 752 741 820 826 793 835 856 848 730 726 844 734 810 755 821 811 716 708 798 754 779 729 700 803 719 718 824 795 778 704
733 793 807 729 835 792 783 856 753 687 739 765 843 708 747 798 838 809 808 740 817 825 763 769 730 748 735 723 758 819 811 778 728 741 774 837 770 850 744 855 776 703 797 804 848 790 780 709 787 845 803 750 710 844 785 831 851 704 802 698 701 761 840 823 771 849 846 720 841 717 754 690 832 852 721 828 772 812 755 836 716 779 799 820 766 697 715 731 726 688 830 800 706 824 705 826 693 791 818 725 762
734 743 833 818 791 806 732 816 712 843 850 721 746 691 767 768 707 736 689 692 757 825 725 822 735 782 796 714 699 789 775 839 749 856 753 817 702 765 807 821 729 771 802 776 744 848 793 703 835 769 855 811 764 799 730 786 742 759 841 740 737 801 716 761 739 717 797 733 728 838 798 792 809 720 808 851 836 779 804 754 787 852 755 687 741 794 709 708 758 772 831 698 748 814 790 763 845 700 812 783 780
735 796 847 715 829 721 802 749 762 736 801 822 768 812 767 805 821 814 744 799 832 707 844 785 850 756 705 816 733 690 793 742 757 795 750 837 712 748 808 786 718 791 732 846 794 836 723 720 689 818 755 831 771 849 714 787 806 813 743 766 775 770 710 726 734 706 763 759 746 789 724 783 693 839 833 779 790 809 754 745 804 737 782 841 725 843 713 797 731 777 719 701 709 739 751 700 699 781 764 760 711
736 811 747 856 836 765 825 753 808 723 797 764 803 809 769 728 755 776 800 798 783 774 827 739 772 779 740 849 763 832 711 696 710 729 846 735 758 823 698 741 716 790 794 840 805 695 835 700 824 703 718 762 688 720 853 748 704 815 838 745 845 756 854 841 847 804 830 770 780 693 787 785 754 701 750 708 717 799 730 810 812 761 687 757 726 715 722 773 834 814 775 734 807 752 831 727 852 719 777 737 855
737 743 786 689 699 691 702 806 714 833 818 839 725 846 732 791 789 744 771 746 712 776 785 841 782 707 775 825 715 742 790 851 767 756 740 796 802 850 816 721 736 832 710 801 769 761 692 822 729 787 757 852 735 794 686 750 708 811 730 749 704 793 814 831 813 698 700 763 855 770 808 720 797 716 804 717 755 718 734 795 753 768 723 854 809 759 848 798 772 803 733 817 800 713 738 711 799 810 762 849 766
738 796 732 740 767 744 808 746 841 702 850 802 714 791 771 822 806 839 707 749 692 689 725 793 712 843 817 789 691 833 797 729 816 818 699 720 779 753 743 728 742 835 750 704 852 775 736 825 757 763 832 721 755 768 764 837 783 730 836 849 855 739 759 809 718 735 803 777 698 801 717 703 709 787 687 856 765 748 776 831 811 708 790 821 716 804 758 769 772 747 798 851 737 761 770 785 741 848 819 838 697
739 802 822 791 712 707 714 732 771 768 691 689 818 742 725 702 833 789 767 816 782 796 736 746 786 839 806 743 801 733 813 721 794 699 759 710 855 724 776 717 852 854 810 851 729 850 846 798 821 785 700 735 826 711 750 726 784 829 811 715 832 694 842 738 698 727 812 844 693 847 706 772 800 762 690 766 744 734 799 723 778 856 790 753 795 825 769 815 722 848 713 820 716 837 761 741 834 760 731 756 704
740 843 810 738 736 715 722 842 807 782 742 795 721 829 837 826 851 781 741 835 693 794 733 728 766 848 765 799 834 743 824 838 847 803 760 813 716 759 691 710 705 712 778 700 737 776 839 816 707 762 711 719 689 786 844 723 800 724 814 856 774 818 718 802 732 752 789 832 811 706 828 755 823 833 768 784 764 854 773 779 783 725 726 727 812 790 820 695 763 745 750 702 836 713 796 698 815 731 792 694 744
741 768 689 691 789 767 771 816 699 746 712 721 839 707 742 841 833 725 714 736 850 702 822 700 791 740 732 777 782 796 818 775 743 806 801 704 733 843 786 790 785 802 829 757 749 813 706 846 794 710 744 821 812 690 854 836 847 759 825 855 776 688 852 844 723 717 727 729 720 756 715 832 745 795 724 726 778 842 709 798 695 810 848 805 845 831 711 808 713 734 753 722 739 811 738 755 735 815 761 840 849
742 811 723 748 849 747 703 739 783 716 765 797 696 856 825 800 831 838 758 809 770 774 819 764 757 835 807 755 780 815 741 718 823 827 803 763 762 830 708 728 836 776 843 854 845 740 761 808 709 840 779 688 775 787 851 804 720 730 853 832 842 792 772 690 753 769 710 824 727 821 745 735 737 794 701 793 754 837 844 781 790 695 704 846 799 777 817 711 698 820 785 693 751 700 697 715 687 731 749 773 805
743 753 729 723 772 803 823 856 709 770 824 737 705 779 765 698 728 798 704 766 846 747 688 697 722 701 769 849 843 837 808 693 855 835 774 810 811 754 809 800 717 840 807 759 758 708 763 844 726 805 739 797 845 780 695 750 852 777 734 755 776 752 773 778 715 836 787 819 764 694 847 793 748 827 687 710 706 719 727 812 790 799 821 761 804 830 740 741 825 794 760 696 834 820 720 854 756 814 711 792 815
744 790 825 765 759 792 817 737 807 811 783 745 719 832 728 856 738 729 710 726 809 853 735 774 829 703 803 769 691 747 849 770 843 722 768 821 780 755 826 730 715 773 815 754 847 810 830 733 787 837 687 764 850 794 762 751 779 784 693 836 731 796 804 700 778 752 834 777 760 708 763 795 812 822 854 720 835 718 805 698 791 851 798 838 723 746 758 776 814 742 741 771 705 748 797 750 701 827 696 799 781
745 796 691 806 771 818 791 732 802 699 714 746 744 839 822 767 850 816 833 707 736 689 712 789 702 742 782 725 761 768 743 848 835 721 735 841 798 759 852 779 717 740 749 792 786 851 709 843 750 821 855 856 777 797 785 741 729 754 846 704 757 804 769 808 687 837 831 765 825 807 811 775 698 838 753 819 776 716 772 710 755 692 801 690 728 763 739 840 820 708 770 733 826 764 703 730 812 723 803 766 737
746 747 823 703 835 849 755 779 824 764 840 748 809 723 836 827 814 741 728 820 783 808 794 766 763 815 754 853 698 739 758 752 711 800 688 706 756 837 753 765 708 687 719 774 709 847 761 817 745 696 811 803 737 797 716 772 718 700 805 770 846 838 731 842 738 780 715 778 834 831 844 830 727 773 781 695 810 785 720 776 790 787 807 826 762 832 693 798 843 701 730 856 705 854 734 819 769 845 828 697 760
747 789 746 707 767 712 816 702 714 689 796 839 736 833 742 802 691 743 768 786 818 699 822 771 782 791 806 725 721 732 801 733 744 749 841 775 829 850 813 704 799 846 740 759 851 757 795 848 794 785 790 761 812 722 700 738 756 777 855 852 717 762 724 692 686 711 750 690 826 821 832 854 843 727 715 847 844 842 693 778 723 694 776 772 729 710 784 766 737 709 815 706 734 726 695 824 720 834 735 798 825
748 691 742 746 786 791 833 732 707 802 818 782 796 721 714 822 816 710 743 767 839 736 813 702 689 768 699 806 733 712 789 749 735 761 725 771 801 852 795 798 794 717 855 744 841 790 851 829 775 848 759 812 769 799 711 757 825 698 778 850 700 729 693 724 704 740 811 715 738 785 847 842 846 832 694 837 756 692 690 706 722 854 750 835 753 856 792 773 772 821 800 831 726 716 826 774 810 776 741 803 784
749 759 819 821 703 726 735 769 798 698 836 853 694 715 765 850 803 718 845 773 701 709 856 708 811 721 817 760 753 772 851 728 852 730 835 755 754 731 826 834 820 747 748 690 738 687 706 717 707 838 688 710 848 793 810 716 830 712 800 844 849 697 693 727 776 783 847 854 837 805 778 766 787 742 829 780 827 786 724 741 808 774 756 797 781 771 814 832 734 696 722 812 705 714 824 790 713 732 719 822 779
750 851 721 821 701 755 850 708 713 816 838 743 730 773 836 731 811 853 754 830 826 845 707 782 822 696 808 736 828 712 735 694 767 715 814 726 774 818 792 720 833 733 690 789 746 827 687 795 844 714 840 724 752 794 769 702 835 829 819 780 723 817 764 831 793 771 854 742 703 738 706 768 839 737 725 760 744 832 719 787 800 740 843 806 759 739 815 689 797 842 717 728 790 796 722 711 779 834 781 691 751
751 691 791 822 714 796 802 771 732 833 729 818 707 839 689 702 712 789 725 811 806 816 767 825 744 850 759 742 746 743 776 721 736 735 768 753 807 848 740 772 843 786 769 841 750 856 730 775 761 699 757 698 765 703 720 785 704 836 808 797 782 749 817 798 755 708 764 779 728 793 855 809 697 692 710 846 831 783 763 717 718 832 837 803 774 804 852 756 849 709 777 801 799 741 687 829 835 690 787 733 758
752 691 833 699 850 839 791 714 771 796 707 702 746 801 816 822 802 725 806 789 689 743 768 767 712 732 782 775 818 736 786 744 750 841 855 757 740 704 717 852 742 776 721 749 799 698 716 825 692 798 729 735 710 790 832 835 733 720 809 793 763 821 843 804 846 813 730 764 785 808 837 803 797 794 848 817 777 769 739 787 772 836 811 856 765 753 756 761 770 709 700 854 812 778 807 762 737 792 748 795 722
753 743 782 796 822 714 768 736 833 691 813 816 721 707 799 689 704 713 702 746 850 790 757 795 733 829 699 775 806 802 742 839 749 712 789 771 851 756 725 715 791 785 690 722 732 826 762 836 801 767 821 720 832 738 723 773 777 831 734 842 710 818 846 770 812 794 761 751 744 809 705 845 793 841 853 787 847 755 814 726 740 718 808 786 706 783 849 854 716 759 694 784 737 763 711 797 820 739 817 727 700
754 691 689 782 699 791 767 816 789 714 746 743 775 833 702 786 822 818 725 707 750 802 712 839 771 806 732 757 736 749 721 742 744 720 813 768 790 796 704 733 735 759 850 710 855 795 762 692 809 825 785 716 700 841 799 755 730 729 811 801 769 798 846 761 718 803 715 745 852 698 832 814 713 770 740 800 808 722 787 851 776 734 804 717 829 772 711 783 831 793 756 797 763 708 854 727 738 843 856 758 848
755 816 691 746 790 822 699 712 736 782 750 833 707 786 742 710 721 743 802 704 768 839 852 848 796 725 702 789 714 813 801 806 855 689 732 771 717 767 711 825 749 818 744 841 832 850 791 777 735 722 687 835 851 740 795 709 854 798 765 837 810 838 856 792 686 733 812 794 693 724 772 779 807 843 776 785 738 692 756 729 799 761 700 706 846 726 803 844 713 826 753 784 754 698 757 775 759 690 737 805 688
756 791 746 782 811 822 721 732 691 856 804 796 818 736 794 768 735 816 769 753 802 743 716 737 764 793 821 714 765 806 851 850 689 797 767 702 833 730 757 698 728 839 843 835 725 692 790 749 855 699 729 776 807 825 759 708 742 700 801 836 841 755 808 787 720 838 789 707 775 712 717 809 798 817 771 758 795 799 741 779 763 800 744 852 792 703 687 812 820 832 748 848 733 786 747 701 837 696 711 760 754
757 759 819 710 852 717 798 765 721 742 707 822 771 698 753 850 726 732 834 694 712 817 821 818 845 856 766 731 715 693 776 803 688 687 754 844 735 830 838 843 835 791 786 689 713 724 769 799 847 736 701 802 810 793 767 806 727 709 778 805 691 853 706 697 789 714 820 792 812 725 734 796 728 746 703 772 756 729 826 855 741 773 752 695 780 760 851 837 854 711 722 737 839 832 814 848 816 781 730 690 815
758 822 786 789 725 691 768 732 796 707 816 714 839 782 746 767 742 743 818 802 702 721 791 712 806 699 736 771 833 689 801 710 733 795 852 717 794 724 744 704 785 700 851 759 848 855 813 749 846 841 829 798 756 812 711 690 778 750 854 694 735 825 850 799 776 826 835 698 740 693 777 738 821 766 761 844 775 716 722 790 769 727 753 757 815 784 811 713 832 729 837 847 772 726 734 831 692 709 856 843 688
759 757 749 775 776 744 743 704 782 798 833 785 802 692 799 822 852 806 739 836 717 691 699 721 715 740 841 825 793 801 845 767 816 796 714 751 790 732 786 813 716 832 850 854 702 821 735 689 708 761 769 698 818 746 851 855 794 797 725 778 754 700 709 837 831 846 804 756 795 844 839 763 814 745 696 791 693 758 812 762 750 847 748 770 768 690 712 800 741 736 840 707 747 713 733 811 738 710 848 842 755
760 833 771 699 806 689 749 782 743 740 692 802 850 746 704 691 767 775 791 841 816 825 789 702 744 712 725 757 839 822 732 714 720 721 750 796 736 832 768 707 818 790 735 729 786 831 801 809 763 804 856 817 793 843 770 855 785 852 846 776 807 787 803 756 728 808 742 779 761 799 836 739 717 797 716 710 753 759 733 765 703 698 783 730 848 835 755 837 792 764 772 741 700 798 690 709 737 762 838 821 748
761 790 789 802 818 839 699 689 746 732 791 771 796 806 742 832 712 767 833 714 793 850 707 743 821 765 782 797 803 691 768 700 696 852 736 779 748 787 730 716 764 822 745 710 687 816 763 836 855 778 733 725 726 837 795 702 804 759 812 815 786 728 737 798 835 717 703 783 817 794 849 777 808 820 753 825 769 718 708 792 720 695 755 838 690 829 749 841 801 831 776 723 854 713 740 757 774 846 751 701 750
762 822 732 796 791 771 802 806 818 725 789 735 742 707 833 767 786 850 839 798 691 712 702 790 736 717 689 852 816 746 710 714 855 812 743 778 832 744 768 753 721 740 769 811 856 782 720 792 699 840 687 803 804 841 837 759 846 698 694 754 764 785 729 757 815 733 709 776 749 821 775 766 848 828 779 826 797 700 843 838 825 727 844 696 765 739 820 777 817 770 836 690 730 794 723 793 854 795 807 763 808
763 707 789 782 689 816 746 822 768 818 721 736 712 743 714 833 850 742 839 786 806 802 771 702 691 725 767 699 733 851 791 715 732 700 761 796 811 844 735 812 744 729 843 829 826 821 848 813 785 776 769 824 713 841 775 709 759 847 801 855 724 738 740 717 731 842 800 711 749 846 798 766 854 779 726 792 810 852 784 819 737 805 838 794 690 719 777 790 815 693 706 687 760 695 795 856 835 722 727 757 765
764 771 746 786 818 736 725 714 799 742 822 806 732 802 833 789 813 689 702 782 743 707 839 691 712 801 710 767 816 796 791 717 700 855 852 768 841 756 744 761 785 721 847 794 821 704 776 798 750 800 829 825 778 711 740 699 692 846 724 844 795 842 706 762 738 690 811 735 848 713 790 837 749 734 693 688 851 722 812 854 810 819 766 832 727 845 772 850 733 769 775 698 715 784 729 826 731 777 751 694 853
765 768 767 714 816 782 839 707 771 702 725 743 775 841 689 712 721 806 789 822 742 833 736 796 802 744 786 801 818 795 691 757 850 732 746 699 794 749 733 846 791 740 851 829 832 813 761 790 692 700 756 720 710 836 724 821 686 848 852 755 785 690 734 847 778 727 798 722 717 814 842 711 773 831 750 855 854 826 715 762 803 812 766 763 738 751 770 723 706 799 776 713 716 745 704 719 772 827 849 693 804
766 743 833 746 816 782 801 850 699 721 757 712 740 767 768 775 855 843 852 796 832 841 691 717 825 735 692 799 790 704 729 749 736 786 707 714 776 806 720 733 835 730 792 702 716 836 744 822 856 742 763 831 762 791 808 798 698 811 818 807 804 797 794 764 765 837 739 821 689 839 725 732 793 809 787 769 802 848 750 758 753 779 817 789 709 761 803 846 819 703 737 840 838 718 700 777 715 708 748 728 785
767 774 728 765 687 747 823 856 769 840 815 819 811 741 838 715 783 797 845 836 803 716 730 780 807 754 739 800 826 772 781 843 777 695 758 835 698 824 787 701 808 813 770 799 718 854 711 729 762 703 779 830 693 738 837 844 814 705 704 726 690 745 761 706 752 849 735 851 763 812 825 748 778 720 708 809 696 834 820 709 842 723 828 731 810 764 766 817 821 755 697 727 784 847 827 750 737 831 832 700 734
768 765 807 741 851 856 783 739 715 808 792 774 811 823 770 698 753 815 809 728 747 758 730 797 803 799 835 769 776 817 687 843 834 701 778 763 706 718 825 814 844 780 772 840 838 781 800 828 688 709 735 752 726 787 708 723 830 703 845 731 755 842 716 849 820 819 790 748 696 710 729 756 812 837 836 804 793 831 798 744 766 777 827 690 779 697 805 761 854 764 720 846 693 824 705 695 810 734 754 762 727
769 767 850 712 743 768 736 796 707 789 721 771 749 725 818 816 822 782 732 802 799 833 702 791 795 801 790 786 839 813 742 744 794 806 733 756 714 691 746 757 722 832 699 704 847 719 689 692 762 775 829 785 715 750 759 844 737 848 814 821 713 720 843 836 706 763 779 787 700 831 835 761 792 748 846 724 751 740 734 809 817 723 777 781 815 690 793 783 770 780 778 726 754 695 826 716 834 773 711 710 824
770 725 818 743 707 714 806 768 822 732 789 712 689 742 767 702 839 796 746 791 833 782 850 802 717 721 736 816 744 691 851 733 771 786 855 735 821 801 852 841 794 792 848 798 753 700 759 740 699 835 844 775 737 769 790 826 836 757 715 812 710 692 701 845 831 762 837 774 765 761 838 760 776 754 811 856 749 815 722 807 711 703 694 720 808 814 819 738 726 773 708 690 842 729 843 813 829 696 793 832 764
771 705 764 765 739 773 842 745 698 835 741 709 772 693 716 762 845 843 820 844 728 851 752 769 703 834 747 798 694 797 774 807 805 852 737 831 809 751 821 715 757 781 803 838 778 726 729 777 761 840 718 795 719 763 701 758 717 800 855 856 760 823 836 731 799 700 704 790 837 722 827 720 706 730 779 848 846 815 832 755 754 854 828 738 785 808 753 804 853 783 814 708 695 690 794 711 696 770 787 830 847
772 743 806 732 714 702 699 789 839 822 791 833 771 790 689 782 816 767 796 691 802 736 818 768 712 746 850 725 707 721 720 713 832 742 749 779 710 836 730 786 813 801 794 757 835 700 795 793 804 716 799 792 733 692 696 755 787 829 821 797 708 854 751 744 841 775 722 817 846 726 778 808 690 759 837 739 773 777 844 785 740 826 686 849 843 851 763 764 737 701 695 847 738 765 831 814 727 724 754 855 812
773 771 791 818 691 689 796 806 725 732 743 850 789 750 749 707 702 746 699 833 839 802 744 714 816 736 825 767 822 712 786 775 757 742 704 729 753 730 807 692 801 721 740 782 841 776 790 720 785 768 735 765 856 794 811 687 837 772 855 717 852 769 698 832 709 798 761 779 851 777 808 804 848 819 799 716 792 759 708 835 748 817 770 763 787 809 700 849 764 800 793 846 814 697 739 803 812 762 715 718 710
774 767 796 712 714 816 689 833 822 702 806 768 725 839 850 691 791 818 789 802 782 736 743 707 732 786 742 771 721 801 746 699 744 841 692 733 750 740 686 749 785 795 846 852 832 813 836 775 717 704 700 804 793 829 855 757 761 710 809 790 763 770 720 799 851 835 831 715 808 848 798 776 787 821 762 711 844 755 854 842 849 812 748 837 825 756 718 803 783 758 797 737 759 705 814 751 716 729 727 722 690
775 819 759 765 687 754 838 835 817 726 721 728 710 697 820 798 845 821 742 810 709 753 803 694 830 701 703 724 717 779 731 852 843 741 737 766 850 780 793 837 856 698 792 834 844 848 752 747 707 713 854 826 853 760 736 771 851 799 688 718 730 712 815 735 716 715 807 769 778 822 695 773 729 727 693 711 840 734 786 708 732 842 781 824 738 794 828 691 706 690 827 776 763 818 832 847 722 800 812 748 723
776 759 768 816 736 721 713 707 700 742 833 743 695 737 777 796 795 711 722 782 691 797 850 790 808 746 720 844 851 699 794 853 854 709 757 712 822 739 733 829 778 767 740 843 826 813 848 749 705 831 714 786 789 706 726 704 764 723 702 817 818 751 766 841 744 756 693 763 716 696 793 775 773 824 689 755 752 728 845 835 734 779 842 785 690 701 846 725 827 834 837 807 799 762 710 727 741 761 812 730 809
777 732 804 725 767 689 714 806 712 743 771 776 852 798 839 796 802 833 707 741 768 850 789 791 836 702 822 715 855 742 782 755 790 794 699 736 717 825 710 746 816 744 818 808 783 795 720 854 821 832 753 692 831 698 721 793 786 787 809 690 691 735 814 761 827 729 846 711 812 801 700 730 813 811 797 841 769 837 851 785 733 694 826 763 775 738 759 778 716 745 772 757 800 740 706 762 727 749 810 848 773
778 691 714 768 702 850 789 771 793 743 818 746 806 689 767 855 791 699 833 799 712 839 707 822 733 816 779 732 704 762 776 716 740 757 801 841 831 796 744 802 775 761 797 725 749 692 730 809 817 825 721 759 764 836 782 717 765 808 786 742 798 720 787 729 728 852 748 686 736 700 856 698 772 690 769 758 777 783 710 703 739 755 811 735 804 741 718 719 750 753 849 835 832 851 843 763 807 708 687 792 803
779 796 746 743 833 725 789 782 714 791 822 691 841 721 736 707 699 816 767 712 786 717 742 818 689 806 839 715 775 700 710 771 798 790 813 732 855 795 768 854 761 778 852 772 850 744 702 799 802 785 801 808 738 735 832 740 769 733 749 842 755 711 690 804 745 794 821 716 757 776 784 763 750 698 829 713 762 800 825 814 831 708 692 756 729 811 727 722 706 809 773 836 846 694 803 812 720 851 734 751 760
780 714 786 796 816 767 689 822 699 768 742 789 702 707 743 712 839 782 725 746 833 732 806 791 736 691 744 818 775 802 733 721 841 771 850 749 750 757 790 846 801 785 813 855 717 769 808 729 700 854 776 716 798 761 740 708 720 852 836 804 710 692 811 795 735 848 715 825 799 807 722 794 831 797 764 832 809 755 812 690 698 694 759 787 821 849 762 814 793 851 704 829 738 842 772 756 741 734 843 817 800
781 702 714 822 732 689 691 791 767 802 699 768 841 771 789 839 740 796 746 806 816 818 707 725 721 743 742 782 852 833 786 717 712 790 855 798 850 801 749 775 832 757 744 735 704 692 750 736 769 785 848 733 812 837 710 776 843 846 729 825 851 720 831 779 777 829 804 803 835 723 698 716 722 756 811 753 807 854 759 765 694 687 763 709 813 730 792 761 700 795 727 799 856 821 840 778 739 690 737 734 797
782 753 765 849 808 754 701 688 730 803 763 783 824 779 729 856 772 774 723 755 739 758 823 836 811 718 809 766 843 708 747 819 832 698 807 697 703 705 837 709 840 748 728 825 793 769 787 740 759 756 817 764 780 770 797 792 790 776 716 845 846 737 687 785 727 741 720 726 821 715 835 800 760 693 752 750 710 798 761 844 696 794 706 815 745 830 704 834 717 820 852 827 781 812 777 838 805 700 734 810 855
783 721 691 714 816 768 702 839 712 742 707 767 822 782 732 746 789 689 736 818 725 806 833 744 733 699 796 786 710 848 801 851 841 791 717 771 795 802 743 852 722 855 700 854 749 794 799 709 798 735 777 813 829 761 790 740 704 846 844 785 775 711 738 850 694 692 757 821 769 812 753 706 727 778 698 784 815 825 713 724 776 695 810 811 800 842 840 693 690 807 847 762 754 729 824 731 756 759 834 726 832
784 806 850 796 732 791 725 818 767 802 833 714 839 744 743 817 789 691 797 736 808 730 689 771 822 807 825 702 740 816 721 841 801 716 720 707 746 749 739 729 779 793 757 712 687 742 703 763 755 704 832 775 776 843 768 692 709 699 753 835 790 783 804 811 792 764 759 777 799 717 809 856 794 782 831 819 852 848 750 758 765 855 698 786 728 735 769 787 748 803 837 821 849 772 718 708 840 798 838 761 836
785 716 728 759 721 793 737 850 843 732 746 833 782 817 735 818 771 736 703 845 709 856 743 730 753 819 764 811 835 742 791 787 733 792 741 729 789 768 796 779 769 799 697 814 802 691 739 696 725 722 851 807 765 823 822 763 786 712 797 816 774 848 830 757 806 758 839 840 698 755 808 708 809 804 798 836 762 825 707 710 719 783 780 773 687 776 795 837 699 720 718 754 827 714 815 701 777 855 821 820 790
786 845 811 808 737 800 840 758 764 730 747 687 780 849 793 688 851 817 830 718 790 809 720 709 765 832 748 704 701 798 755 703 739 774 797 698 754 836 717 823 820 855 762 763 814 783 794 727 779 787 723 708 710 856 837 728 803 838 807 827 695 769 815 792 731 853 697 831 825 696 824 716 757 700 834 819 706 741 735 770 835 772 781 810 812 740 852 759 715 752 694 773 776 828 705 693 749 805 804 690 847
787 802 714 699 767 712 839 816 822 768 782 796 786 743 691 742 721 725 746 702 806 707 789 717 826 736 791 818 833 848 761 744 771 733 852 785 735 700 711 689 710 855 749 846 794 704 694 801 829 813 737 812 769 777 798 841 795 772 750 722 851 778 792 724 732 756 753 854 709 727 693 844 835 799 810 811 726 706 815 698 800 688 776 775 843 738 759 805 825 690 850 766 740 847 695 824 819 701 856 754 842
789 747 843 728 807 763 705 831 823 741 772 797 856 803 730 693 694 761 758 765 836 808 844 835 779 687 834 820 739 774 783 819 703 842 770 720 811 754 769 840 800 716 709 838 737 762 698 718 696 729 805 815 780 821 701 711 764 752 827 854 845 781 778 794 828 726 773 851 727 812 830 731 715 837 824 695 755 690 825 809 787 853 832 745 817 846 706 753 751 810 700 748 708 777 847 849 798 723 848 790 814
790 744 755 761 811 772 786 721 851 729 848 823 717 843 753 855 707 712 793 799 736 796 836 835 708 709 829 782 762 852 776 746 826 771 769 704 768 798 816 807 743 797 818 724 694 856 850 779 765 800 737 815 854 810 733 742 819 831 833 741 789 822 777 792 754 759 697 781 714 767 827 821 698 713 766 701 838 791 806 711 802 756 828 735 723 813 727 783 780 749 705 699 716 849 842 814 839 757 748 740 773
791 705 842 834 739 800 728 854 826 845 823 751 772 819 799 706 851 840 762 774 773 754 805 745 781 836 779 756 752 838 794 748 715 737 827 720 821 747 687 847 830 758 824 709 731 718 815 761 810 814 770 797 843 722 769 741 690 853 835 811 807 784 795 701 780 734 765 828 848 727 696 809 703 719 846 778 723 803 783 694 698 738 695 787 764 820 688 757 856 777 753 716 798 844 711 735 726 763 831 849 700
792 768 744 733 813 816 782 689 833 795 702 699 742 801 786 854 775 690 691 832 743 794 712 802 750 829 790 757 785 707 714 789 720 767 710 704 839 762 732 725 772 770 822 711 841 798 730 755 836 796 851 700 749 746 721 766 814 787 855 722 736 818 745 740 761 716 769 809 852 808 727 848 846 763 717 821 803 804 776 799 831 719 847 756 759 791 825 784 729 718 797 698 734 806 715 692 811 773 771 842 748
793 733 851 786 833 790 691 778 782 699 710 816 785 743 848 732 707 761 801 768 735 775 700 742 844 738 756 829 822 795 759 757 811 854 749 826 702 721 818 746 794 832 704 789 813 722 812 825 835 725 846 714 800 772 852 711 799 750 712 698 726 837 767 841 842 796 802 689 815 777 736 776 724 690 839 694 847 784 834 727 706 744 734 737 753 717 774 803 791 798 740 771 769 709 688 806 687 810 715 856 693
794 691 699 833 721 746 791 689 843 835 707 822 789 765 850 786 736 709 802 808 798 818 739 816 740 710 776 756 769 743 806 714 782 742 831 771 854 792 703 837 744 811 735 809 807 848 728 729 777 839 817 712 725 698 767 702 793 772 750 783 803 796 764 852 787 732 846 797 770 694 759 758 838 855 849 804 704 741 748 737 819 775 832 687 761 755 705 708 779 753 717 840 718 690 799 757 805 723 851 836 730
795 850 729 765 802 852 698 703 856 753 717 771 855 740 807 798 796 817 769 776 818 835 791 843 808 792 809 691 806 779 735 687 811 837 783 732 699 793 758 721 704 702 822 750 819 848 689 714 746 736 841 761 744 707 772 846 777 712 755 803 730 748 742 725 709 789 759 720 832 774 787 728 764 767 821 833 754 831 838 697 785 708 825 849 812 756 844 816 747 743 805 763 851 804 737 731 839 823 775 790 741
796 840 774 856 728 745 735 799 747 811 698 779 753 819 835 842 738 820 762 765 758 731 780 703 838 769 815 723 773 772 739 729 704 752 687 701 716 823 830 719 730 854 807 751 814 834 688 845 813 821 696 836 695 748 832 718 783 761 770 787 824 790 784 727 776 853 795 844 715 726 755 708 781 803 843 800 777 756 710 741 846 709 706 705 764 827 798 831 847 808 694 826 720 693 837 797 700 810 766 711 848
797 802 789 767 742 768 736 712 714 725 839 689 721 806 771 786 743 710 816 746 732 702 707 699 691 791 818 782 776 822 833 790 844 813 761 850 829 796 733 852 848 801 756 810 854 738 715 717 778 706 784 847 842 749 726 704 722 693 794 759 825 846 837 700 851 785 826 744 855 735 729 772 711 798 750 775 799 727 834 821 724 777 695 832 737 762 800 698 694 745 766 815 812 753 734 795 792 841 751 701 731
798 743 736 816 786 757 771 850 749 775 833 762 759 795 707 794 777 733 802 700 702 790 818 822 813 746 817 721 768 779 732 799 782 814 796 701 691 725 713 689 704 806 715 719 843 791 789 712 844 699 767 829 723 722 835 739 714 781 716 764 783 807 709 836 847 720 761 839 748 832 755 744 687 792 815 690 745 787 770 742 718 724 765 778 696 711 785 851 834 797 688 703 730 849 763 752 804 842 805 756 758
799 796 818 802 850 822 702 791 768 806 753 764 839 712 714 767 707 790 769 832 710 759 732 844 771 812 725 852 735 693 723 743 740 778 729 816 798 828 736 807 848 757 724 691 826 717 699 694 855 721 742 846 833 843 720 708 779 775 730 803 817 840 789 689 856 746 766 785 783 836 837 700 831 841 824 811 793 698 786 772 690 851 830 733 838 701 744 749 752 747 810 755 821 695 697 794 748 797 703 800 776
800 850 806 791 833 786 802 707 712 816 742 767 736 743 789 699 746 732 768 818 721 771 822 801 691 796 725 702 782 689 714 790 839 808 841 832 843 749 740 764 793 804 813 692 757 750 775 733 716 744 763 821 835 759 799 846 779 797 704 787 739 831 777 803 785 756 837 700 710 754 783 730 848 737 852 720 836 709 807 717 794 728 748 792 855 817 690 812 844 703 809 849 755 773 711 729 795 726 724 815 715
801 807 811 708 765 853 752 774 735 739 851 843 728 838 766 769 783 800 747 810 709 723 755 687 817 713 764 792 703 827 828 854 793 758 848 830 741 847 718 715 826 706 759 805 778 797 808 710 731 772 834 753 779 823 748 770 737 701 711 781 697 722 787 773 840 814 856 696 705 824 850 784 763 819 809 756 849 780 844 700 818 727 777 796 761 836 688 837 719 693 771 842 803 829 760 754 720 738 835 695 734
802 811 728 705 843 739 747 799 814 808 797 709 703 854 800 687 715 851 834 761 827 845 787 765 828 842 720 774 807 718 706 762 809 838 708 831 735 772 781 722 823 758 764 745 752 795 819 751 748 701 700 694 824 755 769 719 763 696 820 759 794 840 777 753 754 829 738 836 798 844 731 856 730 770 849 852 773 717 835 805 826 716 726 729 853 695 760 756 821 817 846 784 810 783 780 855 757 792 837 737 698
803 743 818 806 816 702 789 714 782 768 712 767 736 833 699 707 689 850 742 746 771 725 839 749 721 691 775 796 786 843 744 791 757 822 740 813 761 732 851 841 733 799 794 854 700 811 724 795 802 717 829 762 709 713 821 692 715 848 826 704 727 755 735 793 722 792 845 801 738 831 855 815 765 800 817 827 754 690 807 812 844 779 852 737 777 836 706 814 697 731 759 760 729 798 769 764 703 701 711 778 856
804 721 691 777 813 712 818 826 829 742 756 736 850 743 768 702 848 771 851 819 725 733 816 709 744 714 833 707 761 806 822 687 786 782 842 699 772 735 811 794 846 746 854 706 700 759 800 762 724 715 722 843 779 704 789 821 785 732 689 835 824 812 694 847 731 798 774 713 840 695 839 792 717 767 737 853 760 711 719 766 796 795 799 740 815 856 710 784 745 790 805 701 834 690 723 844 773 778 780 828 727
805 732 806 791 702 818 691 816 789 839 771 743 725 746 736 735 689 712 850 802 707 768 717 833 714 822 801 757 855 796 721 852 782 699 749 786 742 767 744 692 825 821 716 794 775 798 763 795 799 704 755 729 808 776 730 787 811 836 832 759 733 804 790 813 851 793 854 848 741 708 700 720 841 769 797 727 698 783 740 820 753 809 812 849 701 779 748 722 750 737 764 724 835 800 845 777 765 711 758 846 856
806 800 772 728 705 774 720 711 803 854 745 718 843 847 770 823 737 765 814 805 715 696 703 807 706 687 799 828 811 840 819 762 726 834 856 844 820 716 824 739 845 797 842 783 764 747 694 810 815 773 826 709 698 836 693 838 827 731 784 758 752 777 719 727 730 853 831 761 763 704 708 722 780 753 779 778 851 849 848 808 787 695 759 701 755 835 760 734 781 748 769 754 690 830 837 794 795 738 741 729 832
807 839 768 789 801 712 707 702 841 689 714 732 806 733 767 721 822 802 725 743 742 796 782 771 744 700 740 816 795 829 813 791 832 699 786 746 790 852 799 818 692 691 794 704 736 713 836 722 854 775 833 821 690 717 855 798 784 773 711 785 724 756 831 715 734 755 757 751 846 723 776 727 716 750 749 847 850 812 695 766 710 719 761 803 845 693 851 694 720 814 842 762 763 848 770 745 760 826 706 783 853
808 691 816 782 786 707 702 802 768 714 712 710 833 789 736 818 743 689 732 746 699 839 767 722 813 725 742 738 794 795 776 822 806 733 721 711 724 704 851 771 826 750 796 829 850 735 800 844 801 810 856 729 698 791 821 815 784 847 848 749 779 777 713 715 825 819 700 697 778 693 785 842 811 854 761 727 756 790 792 775 688 812 841 799 696 737 757 766 744 824 719 855 834 852 723 740 753 780 772 830 717
809 816 707 833 768 746 822 736 786 802 724 743 818 839 712 782 742 771 848 714 813 699 721 691 725 732 702 767 789 689 744 791 733 700 795 826 710 821 709 794 796 851 690 806 829 701 778 711 727 713 704 735 777 846 854 852 801 729 812 785 688 841 837 754 792 753 740 726 815 769 756 845 776 694 850 844 738 687 717 760 774 696 723 749 779 715 693 810 855 766 695 737 847 831 838 734 811 842 799 784 750
810 740 743 806 699 822 791 818 702 841 850 775 714 725 691 801 833 746 767 692 732 816 707 789 721 689 802 736 744 790 796 712 757 730 768 749 739 839 808 786 797 771 782 704 821 755 720 849 799 733 763 835 846 787 843 716 832 793 686 742 764 817 750 777 794 809 836 785 783 795 741 852 708 804 761 737 778 779 792 837 848 748 717 723 812 703 759 829 709 754 735 728 758 826 701 807 831 851 762 700 855
811 816 802 707 721 712 796 786 736 699 767 742 850 801 768 790 714 806 789 839 743 782 689 744 725 746 756 833 750 822 791 702 749 818 691 841 732 733 751 795 720 832 700 793 715 846 794 785 716 771 692 704 762 763 686 690 837 740 803 710 799 711 804 722 848 835 821 737 808 757 723 817 693 813 775 739 844 764 713 847 836 777 734 829 759 787 754 773 766 705 727 843 845 831 779 748 805 842 849 730 784
812 702 850 725 833 712 735 789 767 799 714 707 691 699 743 768 817 689 736 762 818 816 806 704 716 782 839 746 786 757 720 730 793 763 761 744 796 771 749 787 802 733 836 755 742 740 741 753 822 729 732 809 759 775 748 777 841 804 808 791 728 713 819 776 715 795 832 758 849 739 687 783 807 794 825 764 721 710 770 785 831 765 797 781 790 856 697 813 718 709 803 820 756 692 814 698 750 769 708 835 722
813 753 804 730 767 796 808 764 809 792 852 739 807 709 748 687 755 769 798 822 855 765 779 740 803 797 698 720 717 821 754 835 728 838 701 832 841 817 772 708 850 776 725 735 791 729 856 759 840 818 843 793 806 848 839 714 703 789 831 849 741 802 830 747 712 783 697 787 732 790 763 837 836 707 851 800 702 825 771 758 689 746 811 774 775 819 777 737 780 844 710 757 726 731 718 846 744 691 721 815 816
814 699 702 802 806 732 691 746 816 768 796 839 841 852 707 833 786 791 767 818 714 735 717 850 855 712 825 689 798 771 743 725 822 750 700 789 736 848 721 740 729 843 785 837 769 749 801 757 744 782 838 821 742 790 846 709 759 777 792 765 704 723 737 832 753 733 776 710 775 779 727 687 820 694 856 812 690 698 754 807 761 803 772 692 835 770 826 840 815 716 756 728 831 741 854 794 819 688 773 734 726
815 767 822 816 689 768 725 839 714 796 702 707 818 712 746 699 742 789 806 791 732 833 691 736 786 771 721 782 744 832 790 743 720 802 775 841 850 808 761 855 798 793 757 717 716 749 730 852 740 750 846 715 836 762 809 733 785 769 692 799 763 854 787 817 848 803 797 813 804 735 759 829 783 776 827 739 849 770 708 821 755 729 704 710 814 758 741 724 843 764 801 738 728 826 718 811 831 722 800 723 748
816 765 811 747 774 808 755 716 708 783 809 803 835 840 688 704 695 815 824 827 823 728 741 696 723 800 847 780 776 758 763 754 836 739 753 772 798 698 825 766 687 814 752 805 819 787 845 715 779 750 769 856 849 730 703 797 718 830 842 693 701 837 720 792 748 807 832 697 710 700 793 820 834 844 705 745 838 762 794 790 734 726 735 770 756 764 799 810 711 709 781 843 729 694 727 706 719 853 717 778 817
817 786 768 775 744 700 746 782 712 852 795 699 848 855 757 721 801 749 785 733 851 714 798 702 767 789 812 802 839 829 704 707 816 717 710 689 738 813 742 794 799 784 693 736 743 750 778 832 732 711 725 837 818 846 776 796 694 761 734 833 822 826 727 821 806 844 691 791 811 842 847 769 756 729 724 772 690 815 706 790 722 854 810 803 760 771 762 735 695 759 715 834 777 726 698 753 737 824 843 713 751
818 770 803 705 799 843 840 728 739 836 716 856 737 745 764 845 808 774 773 747 761 835 815 823 765 831 854 809 718 772 763 762 783 805 758 704 730 832 720 698 769 846 748 837 838 715 800 804 711 810 842 694 706 847 687 797 734 754 703 726 779 795 849 778 814 710 751 819 693 828 794 821 757 798 820 756 811 719 729 785 741 784 790 827 780 755 690 852 781 807 787 696 855 812 695 752 834 853 709 844 825
819 775 767 749 796 822 791 757 839 702 732 789 689 806 691 699 742 782 816 707 802 833 743 714 768 818 846 725 712 841 733 804 850 746 786 692 790 785 795 700 736 704 771 750 721 794 808 836 801 829 690 813 799 710 812 763 821 832 759 764 851 716 773 722 787 831 706 720 761 711 843 784 770 744 740 809 745 793 738 852 855 755 854 715 766 814 730 797 762 723 717 694 756 727 783 718 842 695 726 803 693
820 691 699 796 689 746 789 771 714 806 786 775 839 802 833 712 702 816 768 767 732 725 818 822 707 850 743 791 749 782 846 757 742 841 733 740 692 704 761 736 825 700 729 735 794 750 785 715 762 843 814 753 812 790 756 813 776 693 801 793 851 855 739 799 852 710 772 698 792 720 769 854 717 829 721 744 758 807 811 856 821 837 832 805 809 711 798 777 778 745 738 815 764 779 734 748 847 706 836 795 826
821 750 689 749 791 789 796 771 775 833 714 721 702 735 818 757 822 782 825 732 743 839 767 761 843 725 742 744 802 707 700 712 720 813 756 809 850 704 835 729 851 790 806 808 711 727 770 816 699 698 832 759 848 807 768 764 753 765 710 739 715 777 769 746 763 691 810 856 722 741 814 786 716 811 703 734 817 772 803 804 723 795 730 779 718 837 713 855 799 800 849 805 847 733 736 797 762 717 697 740 827
822 840 739 731 774 703 753 815 762 755 823 758 799 728 715 781 772 765 819 770 783 856 809 835 698 727 807 779 831 780 836 701 763 747 729 830 751 838 696 764 752 842 845 787 757 687 754 810 706 735 794 769 741 748 848 756 745 843 811 827 854 705 800 716 708 759 797 808 711 824 825 798 719 821 704 718 820 849 813 738 803 834 847 826 844 750 776 778 726 709 730 688 690 700 814 777 693 805 837 793 828
823 691 767 746 699 743 707 689 833 789 714 822 806 702 768 791 816 712 732 818 850 782 839 796 802 725 790 742 786 736 771 841 721 832 801 733 740 785 704 836 775 750 692 710 720 852 799 846 795 735 854 813 793 804 829 763 700 787 715 855 808 821 722 803 817 809 759 713 762 717 749 756 794 757 842 730 849 690 744 798 738 851 761 831 783 716 755 770 723 711 784 773 847 734 826 737 825 843 797 837 772
824 743 833 746 816 782 699 707 767 806 689 850 791 714 712 691 802 796 839 789 736 822 740 742 841 786 725 732 768 818 771 686 825 710 799 775 692 749 855 702 763 801 832 720 776 790 716 804 733 757 729 721 852 794 717 735 808 785 698 704 798 750 793 769 718 744 787 817 809 821 831 759 783 797 846 715 730 836 803 755 762 700 811 753 772 741 761 764 795 856 814 813 851 748 690 807 687 747 758 781 854
825 721 707 744 829 736 742 816 723 768 826 712 844 709 782 848 767 724 789 851 722 822 733 821 713 714 743 786 755 702 814 737 759 847 711 715 850 818 751 853 706 773 833 766 854 836 705 734 777 760 796 727 793 746 824 726 835 778 764 784 842 797 689 731 846 808 839 693 756 738 725 834 699 696 813 695 805 761 831 820 785 690 752 708 754 748 741 757 795 827 802 771 779 843 704 812 694 762 849 845 758
826 841 791 767 692 825 704 806 832 833 804 716 729 740 689 790 732 746 750 809 787 802 822 808 749 744 720 721 796 799 801 712 691 775 850 753 776 714 793 789 816 743 768 702 707 757 686 855 818 839 763 856 700 736 742 782 699 717 698 797 817 730 771 739 831 733 710 725 803 718 848 755 852 794 735 786 762 777 843 770 703 769 835 765 772 837 811 758 709 728 764 807 798 814 779 821 747 748 741 844 815
827 816 802 746 714 691 736 712 702 791 732 742 806 721 789 689 833 850 822 707 743 786 771 801 818 796 768 767 839 725 782 750 699 790 749 704 841 775 744 777 729 832 757 776 852 825 785 855 821 794 740 733 717 692 803 843 815 759 700 837 848 709 710 846 753 856 765 763 807 795 735 779 804 756 698 851 798 813 844 792 838 799 778 847 687 812 690 835 769 720 737 730 754 693 829 734 724 811 774 840 688
828 802 806 833 732 725 689 839 768 712 789 714 702 791 818 767 850 699 801 707 771 750 799 746 743 841 822 691 796 816 704 786 782 692 740 790 852 733 775 742 855 736 832 729 762 717 757 836 721 794 716 749 700 825 720 804 763 831 798 776 787 813 821 793 808 809 753 735 761 744 690 730 843 765 710 835 756 803 722 737 715 777 758 856 795 755 772 783 748 811 792 785 697 854 705 780 819 695 738 701 734
829 825 735 729 753 807 804 740 790 856 802 744 850 698 765 808 797 817 793 725 730 776 838 747 798 792 720 791 769 741 809 855 835 717 750 771 749 728 852 848 841 716 764 692 689 763 787 783 703 849 831 843 803 837 699 772 757 748 819 832 806 739 714 761 721 708 775 758 779 811 691 851 732 799 774 704 801 845 746 818 839 833 836 796 815 718 687 823 844 697 754 701 812 816 702 789 840 715 712 743 755
830 689 725 833 732 786 714 822 712 796 699 791 742 767 816 691 768 789 775 707 746 750 702 736 806 743 721 801 757 782 744 839 771 749 818 692 802 855 813 850 841 799 785 733 717 852 716 704 798 808 729 740 790 776 832 761 846 720 825 795 700 836 843 831 710 809 715 829 772 759 730 755 787 698 762 756 803 770 854 769 837 763 804 793 848 794 797 812 821 753 811 814 738 690 722 847 735 741 765 856 711
831 789 702 822 732 689 818 742 839 802 771 806 712 714 746 833 850 707 725 786 768 796 691 721 794 767 848 790 791 816 778 735 736 693 733 715 776 813 700 750 799 840 835 782 753 777 837 829 759 729 807 846 769 698 855 852 832 825 826 723 795 710 744 704 851 717 701 737 843 761 766 722 844 854 765 727 760 726 856 697 779 803 800 792 692 812 699 811 724 770 709 798 801 738 749 705 785 809 847 745 757
832 786 707 851 736 818 782 848 850 796 744 826 799 709 761 816 704 689 807 714 742 772 712 721 735 746 843 856 789 771 691 765 700 729 806 722 792 815 811 833 835 717 823 767 845 769 762 755 766 800 813 768 743 855 713 793 759 737 821 702 822 740 708 753 791 817 701 777 699 842 854 733 798 749 779 757 839 781 794 727 824 841 795 802 750 836 775 725 852 688 738 831 715 724 828 731 760 829 723 774 706
833 774 823 849 824 747 800 809 779 752 845 723 766 765 808 737 753 794 830 772 840 739 836 698 728 803 688 834 837 693 748 754 828 708 755 793 843 687 856 853 838 764 763 706 819 709 696 783 741 762 697 776 705 835 695 814 812 716 827 727 729 798 734 711 759 821 811 826 694 820 769 751 715 770 780 731 700 722 815 846 760 761 792 810 745 831 773 777 797 785 720 704 778 758 701 719 726 847 805 718 832
834 791 689 732 802 789 691 714 833 768 839 806 771 796 850 725 707 699 702 746 816 757 841 767 712 740 822 743 749 775 786 782 818 736 855 692 801 704 744 730 742 717 721 852 825 798 686 793 776 720 843 750 797 808 735 856 769 716 763 790 817 804 729 835 787 799 832 728 703 733 739 700 783 779 759 698 803 764 755 765 809 792 708 831 772 753 807 811 837 761 710 748 849 770 741 813 848 821 737 836 777
835 746 702 796 816 771 839 707 789 768 822 689 818 743 700 712 775 767 725 742 733 691 794 833 714 841 791 736 795 790 740 732 846 711 806 727 782 802 749 710 715 757 854 832 855 717 836 813 786 720 821 721 785 798 699 829 690 772 750 755 793 756 745 825 744 831 761 738 722 692 729 811 766 853 776 769 852 804 800 734 810 849 718 770 723 686 706 787 850 735 759 847 713 763 731 801 826 695 784 848 758
836 691 818 736 789 746 767 702 833 707 816 791 782 822 721 699 786 806 749 796 712 742 732 714 743 750 790 689 771 802 839 837 768 759 725 851 710 777 698 848 835 687 852 772 735 717 709 753 744 825 807 765 761 700 704 844 799 798 778 841 855 843 769 813 733 792 812 819 856 832 729 850 692 757 823 740 756 785 766 775 815 774 854 741 727 693 794 811 688 801 738 716 720 838 828 770 846 697 805 762 829
837 714 743 833 699 746 707 725 818 782 702 767 816 689 789 740 786 771 690 841 836 768 839 806 691 712 775 742 795 735 733 744 796 822 715 794 802 791 704 732 736 749 721 761 811 799 757 817 814 793 797 755 759 831 813 829 762 821 854 809 700 850 738 785 776 764 801 716 777 851 687 727 855 773 750 708 772 713 724 846 766 781 770 711 826 808 800 790 842 710 843 745 748 827 701 756 729 856 753 807 739
838 767 841 689 702 714 732 796 725 791 742 839 775 802 789 712 822 833 768 707 806 750 818 771 746 691 801 786 816 736 733 740 757 850 721 704 749 699 813 743 829 782 790 794 744 755 814 799 852 715 855 722 756 717 761 710 795 832 763 836 798 762 692 785 770 808 720 854 734 846 809 700 716 804 690 842 745 711 772 727 787 831 776 730 738 803 723 778 851 849 766 848 793 693 698 758 713 817 827 708 847
839 807 843 728 765 705 709 747 687 783 703 856 845 772 774 844 815 835 819 737 731 752 840 758 696 811 799 831 838 834 823 809 797 761 701 716 741 739 704 842 787 808 814 805 715 828 730 726 763 820 694 770 745 718 780 762 854 803 781 755 824 711 729 777 748 779 751 764 698 836 754 773 847 769 753 693 851 821 720 837 706 778 727 690 708 817 738 827 800 700 830 695 812 784 740 853 810 846 794 719 849
840 822 796 702 767 689 818 714 816 746 786 707 725 850 691 791 699 833 839 712 806 789 743 768 782 732 771 742 736 802 686 841 799 750 846 813 733 775 762 831 692 700 801 854 852 785 749 715 794 855 717 759 740 804 821 704 843 851 795 825 755 836 798 757 783 776 721 808 829 814 793 761 690 809 741 722 756 790 729 716 817 766 772 797 706 711 847 849 720 763 784 745 735 723 748 730 811 724 770 744 727
841 843 851 807 826 765 838 715 779 814 741 781 728 835 810 848 738 834 737 823 847 837 718 693 774 736 783 811 840 819 824 705 716 854 759 764 842 713 709 747 803 755 828 800 698 766 719 813 778 760 849 724 706 856 710 815 711 780 720 752 730 703 726 795 731 722 723 733 829 694 844 799 770 697 721 820 836 830 745 793 776 792 743 773 784 827 727 735 832 763 782 787 687 748 853 701 762 756 809 786 729
842 791 732 796 771 714 850 802 789 702 839 806 691 822 712 740 689 816 818 768 746 767 742 699 725 707 841 833 743 728 855 782 797 804 729 852 736 786 832 825 775 793 856 753 687 730 757 790 779 764 808 843 721 717 763 750 776 765 817 749 798 739 692 704 709 735 759 801 698 720 811 716 748 769 755 837 807 835 821 744 741 809 831 783 787 777 838 792 733 708 770 803 703 774 836 758 812 756 823 849 785
843 789 839 714 802 702 841 725 806 818 740 691 689 732 743 771 768 767 833 782 794 790 742 791 801 822 686 692 733 795 796 785 846 707 803 832 746 775 744 821 734 698 816 851 757 850 766 710 741 690 712 700 798 738 708 799 776 800 688 721 814 736 855 813 701 756 852 763 713 786 769 836 715 829 853 845 735 755 749 804 842 854 750 717 716 699 711 696 751 724 834 831 704 727 745 810 784 762 825 706 826
844 689 839 789 702 771 806 692 768 850 743 699 825 714 691 767 725 796 816 746 730 716 799 776 802 735 732 707 822 797 757 782 712 775 793 742 791 818 798 808 733 749 750 855 740 833 763 704 836 769 720 841 698 686 736 759 764 817 801 783 786 811 729 708 755 813 710 831 770 787 741 832 809 795 717 739 852 762 772 721 803 804 851 690 790 728 856 846 794 829 835 758 703 792 777 765 774 800 718 849 826
845 786 839 791 833 767 699 802 818 771 712 714 732 806 707 816 725 822 796 702 743 789 742 775 768 749 850 710 782 689 757 720 736 691 750 785 746 832 759 733 692 846 855 843 776 721 753 809 790 803 744 829 852 841 717 770 811 825 764 836 813 807 769 763 716 715 804 704 728 729 735 741 831 730 798 761 700 698 740 722 772 738 808 756 795 801 777 718 847 794 783 821 837 797 734 779 765 773 711 854 856
846 743 737 732 850 818 736 725 746 833 765 782 843 819 691 835 791 771 796 789 721 802 856 768 811 735 742 799 816 839 820 714 822 716 806 728 840 712 739 707 787 733 729 730 720 795 793 794 687 703 817 825 797 741 845 696 804 689 700 786 708 718 759 831 753 764 809 699 814 780 698 774 767 790 783 710 762 815 807 848 777 709 763 747 758 769 776 749 755 792 757 800 697 810 772 713 722 813 761 715 854
847 806 735 816 850 699 791 746 725 818 732 691 743 841 839 712 736 822 692 740 767 833 702 796 801 721 744 825 789 717 757 714 707 771 764 852 802 855 769 749 689 808 797 729 742 786 798 730 765 716 775 763 782 759 768 848 720 793 821 741 811 817 804 753 790 807 776 708 704 835 832 739 792 843 748 856 687 799 698 761 809 831 787 703 772 783 794 733 849 837 795 779 758 755 851 701 728 737 750 836 845
848 692 710 790 832 809 691 822 825 783 841 755 793 817 791 720 806 732 771 740 728 801 804 799 730 775 689 702 836 787 733 831 796 797 850 749 789 794 814 856 776 795 725 745 767 743 821 833 813 768 808 839 802 782 829 849 704 765 716 769 855 763 852 757 811 700 770 714 746 785 816 718 712 719 717 758 707 748 751 786 847 734 846 722 803 742 792 764 698 729 826 708 715 699 762 759 747 818 735 815 781
849 782 746 833 742 786 743 691 699 736 816 721 818 767 768 707 702 732 806 714 802 822 725 744 855 712 689 789 791 796 841 735 749 710 839 717 850 733 771 813 848 794 829 704 761 790 810 692 801 852 851 821 798 795 799 835 738 775 757 700 812 753 711 759 856 825 698 772 690 811 785 729 740 846 843 776 687 815 722 778 686 832 713 777 765 715 750 769 847 792 693 741 807 724 774 709 737 844 773 800 694
850 800 854 769 698 811 693 799 711 840 774 752 842 694 795 852 727 700 823 847 765 750 855 798 812 844 753 803 824 856 846 763 834 832 717 778 762 773 741 827 749 794 772 784 757 723 708 810 695 745 722 716 719 770 845 720 705 766 731 776 785 738 805 828 814 726 761 831 729 735 804 829 709 820 704 734 790 775 706 715 718 777 843 819 797 808 838 710 733 760 853 821 744 825 779 848 826 690 755 751 813
851 750 841 768 720 704 802 791 793 786 686 832 790 771 699 689 729 789 801 725 732 742 767 740 806 825 783 776 839 817 765 749 763 808 836 843 804 753 691 737 855 770 803 716 692 739 775 809 756 712 733 821 698 714 833 822 759 757 755 700 702 816 744 710 785 717 797 813 799 792 850 796 787 748 758 705 736 746 798 849 707 856 728 831 782 718 818 745 794 743 719 852 747 829 837 777 764 703 730 846 795
852 850 691 757 795 771 814 743 719 813 817 777 755 790 720 762 759 799 802 775 700 749 807 818 764 687 739 761 696 715 779 766 725 782 797 853 783 758 711 836 781 723 787 847 703 736 805 786 816 721 689 713 791 794 748 843 768 829 709 718 770 842 833 793 702 796 733 765 732 730 722 828 737 752 738 848 727 822 704 834 840 832 774 745 838 809 716 815 706 831 849 789 835 710 728 714 699 744 701 690 792
853 746 801 833 749 689 699 806 691 721 796 791 750 736 742 714 732 744 789 707 786 702 776 704 802 771 725 712 816 743 855 852 850 818 825 775 767 822 757 839 729 717 692 782 843 768 841 835 753 698 798 804 799 730 716 740 720 763 735 807 765 856 764 808 790 759 809 772 793 846 728 769 739 761 794 811 848 837 779 792 817 770 832 748 777 687 785 812 813 797 700 733 851 709 755 787 803 783 758 708 821
854 850 806 714 791 802 704 818 702 732 796 767 725 789 742 839 720 822 689 707 736 801 792 776 771 692 729 687 716 841 746 743 691 768 835 790 779 703 833 794 739 793 775 730 816 721 825 712 783 807 797 728 749 759 803 698 782 699 744 777 855 757 832 750 755 740 804 840 786 709 686 708 809 808 843 741 837 836 772 763 787 733 831 799 761 856 717 700 815 846 765 758 764 753 817 780 737 838 823 852 701
855 743 850 719 786 691 790 795 723 771 817 778 755 687 814 813 696 739 849 779 766 764 709 762 851 818 703 835 733 777 802 853 721 799 805 722 816 711 783 834 832 770 847 844 688 725 700 732 707 736 761 843 829 752 787 782 842 830 757 699 781 833 807 826 713 720 854 727 759 726 756 716 794 848 836 701 845 824 748 815 706 822 768 730 796 797 715 831 731 763 697 828 690 754 758 792 704 702 775 838 689
856 796 743 767 707 768 721 839 789 736 712 818 714 742 822 782 806 833 850 816 702 795 699 733 744 691 786 749 771 725 829 756 732 802 757 832 746 790 775 713 791 846 785 689 808 848 841 799 740 813 762 715 826 734 801 720 821 842 755 836 722 723 711 690 851 766 704 751 727 700 773 778 854 831 794 760 763 745 793 849 693 724 738 834 812 804 739 814 718 847 726 797 770 844 787 809 692 784 837 827 694
