513 628 658 576 682 600 615 577 582 672 675 583 578 595 633 640 573 605 677 670 655 681 626 598 657 632 588 665 650 643 625 659 635 666 622 662 684 584 664 616 627 623 599 636 597 648 661 654 603 639 621 617 679 638 631 685 589 592 668 647 619 678 644 602 579 660 667 607 611 653 594 575 612 618 574 663 596 674 680 590 620 593 673 642 581 422 480 671 649 630 656 34 609 173 652 427 107 556 586 676 558
514 628 657 599 622 583 619 595 597 663 615 675 672 677 647 640 616 600 633 621 659 665 684 655 573 654 575 643 623 577 588 618 598 664 682 578 650 666 584 635 627 603 632 661 658 679 596 639 592 625 681 667 582 631 611 576 662 685 589 636 670 660 617 626 620 414 602 668 607 574 653 678 594 648 579 674 638 612 605 593 680 630 609 644 590 649 422 581 642 671 480 34 173 634 107 601 673 586 610 629 427
515 576 575 600 665 595 599 640 615 628 675 681 618 643 684 677 577 661 657 662 621 659 631 632 622 584 611 627 650 679 578 639 682 658 635 582 583 616 670 647 633 619 685 574 663 588 660 612 594 623 573 636 668 592 598 667 579 603 664 625 638 597 653 596 617 607 626 666 680 648 589 605 655 593 602 672 678 674 590 649 644 422 671 630 173 480 34 610 581 609 642 634 586 601 427 637 646 107 629 558 656
524 600 627 577 595 650 670 615 675 632 665 662 582 658 640 628 659 643 583 681 578 599 657 576 647 635 661 672 660 668 655 685 611 621 594 616 619 622 626 667 584 598 631 679 618 674 664 677 597 573 639 588 682 607 574 636 596 648 620 592 593 684 663 666 625 654 575 603 605 638 589 623 633 617 602 630 653 579 678 612 422 649 671 480 680 642 581 644 629 107 609 173 634 673 427 34 656 601 586 610 652
542 684 677 657 672 577 682 618 675 616 662 625 640 655 660 597 643 611 576 639 665 615 627 589 647 622 621 661 654 664 588 681 573 595 628 648 582 578 619 650 599 659 583 600 626 658 617 575 598 663 632 670 592 623 636 679 668 685 631 667 620 574 678 584 666 414 596 579 602 635 603 680 594 605 593 633 674 612 607 638 653 630 644 480 609 649 581 642 590 422 671 586 173 34 427 610 634 563 601 107 629
544 595 577 655 650 640 654 661 675 576 662 615 582 658 665 659 628 599 619 682 648 681 616 643 583 578 600 625 592 672 621 647 657 618 627 684 573 632 677 622 679 588 635 670 660 636 603 639 584 597 664 626 685 617 598 623 666 633 631 611 678 579 668 574 575 612 620 589 680 663 667 602 638 630 607 605 674 596 594 593 609 653 590 644 422 649 581 642 480 427 107 586 173 634 629 652 34 673 601 637 671
34 660 640 636 600 659 605 598 584 678 632 685 618 658 654 595 679 650 582 615 583 643 672 577 621 627 592 620 574 619 578 647 670 616 617 644 628 675 576 661 612 611 631 603 682 664 599 635 625 681 588 665 579 623 626 684 639 655 666 622 663 597 633 677 638 662 573 657 674 630 642 589 581 648 422 653 673 607 575 668 671 680 414 593 596 590 634 609 656 637 652 594 667 610 586 602 395 556 629 645 683
553 662 640 626 588 657 655 627 643 578 650 659 628 665 672 632 599 575 667 583 675 577 595 582 615 635 685 658 576 682 660 670 594 600 681 661 684 679 622 639 677 621 625 598 573 648 616 618 592 636 664 611 579 617 647 668 631 584 620 603 414 674 574 666 638 619 678 654 607 653 663 630 597 623 596 633 612 589 680 605 602 671 593 656 649 610 581 642 673 629 480 173 107 34 637 590 427 652 601 394 563
556 598 628 685 664 657 588 575 636 648 677 684 621 579 672 622 603 592 660 584 643 682 605 589 662 655 573 597 668 619 617 627 618 639 653 596 626 616 666 681 611 659 640 576 612 600 647 595 623 665 583 654 678 679 582 631 615 599 650 625 574 577 670 680 674 658 663 632 620 675 607 602 638 635 578 609 630 661 593 644 633 667 590 594 649 422 671 427 173 581 642 610 34 107 586 629 480 634 641 656 637
558 577 598 670 659 657 639 658 582 675 618 626 672 616 611 640 660 674 684 681 595 661 600 619 655 682 632 685 414 623 635 662 650 643 578 621 615 622 627 677 625 636 576 592 583 654 588 584 579 679 589 664 666 574 633 597 668 665 573 599 647 617 605 648 638 628 653 603 620 678 630 575 667 602 612 631 663 607 594 596 680 593 644 581 642 609 656 629 590 480 673 107 422 610 649 601 634 637 394 641 586
559 626 655 657 616 665 621 627 684 662 648 595 659 617 628 599 660 615 685 577 640 643 658 681 647 636 600 650 578 661 592 664 675 582 666 576 598 575 620 623 611 589 622 682 672 663 632 618 667 603 583 619 625 594 677 584 670 579 635 639 605 588 593 574 668 596 573 654 597 633 612 679 678 631 674 607 653 638 630 609 644 680 602 590 422 649 480 581 642 634 610 173 427 629 107 586 34 671 601 646 673
561 672 660 626 616 639 662 650 592 628 615 627 600 618 675 665 621 681 684 582 632 682 578 622 599 583 620 573 577 640 657 623 611 595 625 598 597 685 659 679 667 575 666 647 584 636 654 579 643 588 603 663 670 633 677 576 619 648 589 658 635 574 678 653 594 617 661 668 655 664 593 605 631 596 630 612 607 674 649 680 638 602 644 609 480 581 642 610 590 173 634 586 34 563 107 671 601 427 629 673 656
563 672 685 664 621 660 592 659 622 615 616 658 678 583 617 670 633 657 595 632 588 598 599 648 577 639 631 682 619 681 636 640 573 623 665 655 625 574 600 578 626 575 627 628 612 635 576 582 654 620 675 643 603 677 650 589 661 679 653 663 597 662 579 666 584 644 684 611 630 638 605 618 647 596 668 680 674 609 590 607 602 422 671 581 642 629 656 637 593 649 395 601 652 561 610 641 667 107 394 461 558
566 576 685 672 615 595 633 643 681 675 619 600 665 583 628 623 621 677 640 588 627 650 616 575 589 599 603 636 647 664 582 661 592 578 622 662 655 577 573 663 684 632 626 659 657 666 611 668 635 579 618 667 596 612 658 617 597 625 678 670 574 598 680 648 653 682 674 638 584 639 654 631 660 594 644 607 605 679 620 593 630 422 590 609 602 581 642 671 649 480 34 610 173 634 427 673 586 629 558 646 601
567 616 682 657 684 621 622 655 615 666 672 663 660 626 628 600 639 632 636 574 643 675 592 595 611 670 662 640 627 665 658 599 577 625 659 598 618 619 620 584 583 597 575 612 685 650 678 681 679 661 664 578 588 603 623 573 582 589 596 647 654 635 576 631 648 677 605 680 617 638 668 579 653 630 633 607 602 674 593 667 644 422 609 594 590 610 581 642 649 629 671 601 637 480 107 673 173 427 34 652 634
573 634 635 610 671 647 496 673 428 587 652 661 646 627 436 599 681 662 586 675 665 480 378 577 670 659 600 595 632 614 643 628 427 650 513 658 640 563 576 506 556 615 514 434 583 656 580 370 593 606 578 651 492 649 348 645 561 566 582 173 542 363 544 465 669 676 594 500 637 438 475 423 394 412 558 374 483 107 400 376 34 567 591 667 604 515 431 641 553 559 395 638 683 373 601 524 674 602 629 461 391
574 647 670 599 578 627 661 583 632 582 659 576 635 640 681 643 662 665 577 658 610 586 600 649 634 656 615 650 673 675 652 595 34 427 173 580 563 436 567 628 496 363 587 558 506 431 423 646 428 556 676 607 606 515 669 645 492 594 671 514 376 566 542 370 559 378 480 602 373 434 561 651 348 374 591 412 391 500 544 667 465 668 475 638 683 400 553 513 524 461 107 394 614 674 604 438 641 483 648 414 644
575 673 600 635 650 647 628 480 634 658 662 436 646 595 577 643 582 659 661 434 556 593 632 576 675 583 627 681 670 515 671 652 586 615 578 665 676 640 506 431 645 553 566 669 514 649 599 563 363 610 376 591 412 587 370 604 651 542 394 475 559 561 594 427 496 423 567 348 656 606 378 607 500 674 428 668 641 374 391 637 558 667 395 483 438 638 580 492 400 544 34 465 173 683 513 107 601 422 524 614 629
576 620 678 663 596 618 612 589 639 574 592 644 630 653 611 660 605 593 590 654 621 679 427 666 633 626 480 609 631 629 616 641 579 603 584 617 636 684 671 575 597 604 680 515 622 637 395 428 422 566 646 655 173 513 378 623 682 652 580 677 601 598 376 645 496 657 400 544 587 606 34 683 524 625 506 573 483 391 438 648 542 619 672 373 588 664 656 591 649 465 651 500 558 610 394 461 412 374 475 614 563
577 605 678 620 596 680 671 422 604 558 609 653 637 590 644 666 612 626 648 579 589 592 629 664 654 656 524 465 663 630 617 574 575 631 685 652 618 641 461 633 173 645 483 391 544 107 606 584 676 601 428 621 395 376 679 34 580 597 682 588 683 611 677 542 394 593 427 513 646 603 563 623 573 614 373 400 639 591 622 669 587 616 492 438 348 374 496 475 625 672 649 559 378 619 480 515 412 636 500 553 673
578 596 678 631 590 574 604 618 422 612 663 679 584 605 620 671 597 637 592 633 589 644 641 680 660 579 611 621 666 653 654 639 682 593 395 427 378 173 616 630 622 412 623 391 606 619 496 598 348 609 629 601 580 374 677 684 461 648 625 657 553 575 626 524 683 373 428 636 438 34 587 646 614 480 558 506 513 655 376 652 685 672 465 664 588 591 656 107 483 617 544 500 394 561 400 669 603 563 573 651 492
579 647 635 665 661 583 632 599 670 582 643 640 600 662 577 578 673 627 576 650 628 659 658 671 615 480 595 649 556 681 675 634 610 669 436 652 586 431 34 506 475 558 363 173 566 594 561 376 348 428 563 646 427 602 638 370 645 667 394 500 559 423 496 668 412 374 676 483 607 515 683 580 434 606 542 378 400 513 593 587 553 544 641 651 492 514 465 674 614 591 107 567 391 604 438 656 637 629 601 461 524
580 628 615 660 675 599 659 577 647 595 578 576 588 662 640 682 627 657 616 596 650 583 635 592 681 611 619 574 573 665 672 632 643 597 663 658 661 617 582 589 621 584 626 670 631 679 603 684 648 655 622 600 677 685 625 633 668 593 654 623 639 636 638 607 678 667 664 579 575 618 666 620 612 598 594 602 605 653 422 674 680 644 590 609 642 581 671 634 480 610 630 586 649 34 646 673 558 173 427 645 604
581 649 173 34 427 656 652 673 594 610 107 671 348 480 563 558 556 580 634 667 428 394 500 586 363 496 436 593 669 646 465 376 587 676 514 566 513 645 614 542 604 561 606 374 559 641 506 637 434 370 567 378 629 651 492 544 483 475 683 438 373 423 431 601 412 400 515 553 391 524 591 461 655 395 602 657 648 638 422 626 607 668 590 674 414 635 647 679 633 682 628 639 576 662 661 644 650 596 664 670 665
582 596 593 678 631 648 663 637 629 422 617 605 574 584 590 644 480 592 579 612 395 652 680 609 679 604 630 620 682 671 618 601 633 653 621 107 660 575 606 641 666 427 639 626 558 656 597 34 625 524 173 588 587 657 655 654 465 622 373 589 394 391 646 684 376 483 611 623 492 428 513 616 614 619 400 500 544 438 664 673 412 677 496 676 591 683 378 348 636 561 645 603 685 598 566 553 586 374 563 573 461
583 648 422 618 678 584 617 682 596 590 574 593 616 579 633 611 679 680 605 612 626 620 660 629 630 637 631 644 639 480 592 394 348 655 604 589 625 391 587 657 621 601 427 666 619 677 663 373 603 656 483 623 563 685 575 646 609 34 684 652 588 438 374 651 636 653 676 683 514 524 597 173 654 664 673 614 513 641 395 566 475 400 645 500 580 461 431 553 573 370 606 378 544 598 376 591 586 434 465 107 622
584 583 661 582 610 675 643 649 670 578 632 665 627 599 635 34 662 576 659 658 650 577 640 681 647 615 656 673 595 173 348 556 600 652 634 461 431 506 606 586 514 558 515 428 423 580 427 436 676 628 465 363 513 567 561 376 370 374 669 563 559 544 434 594 496 671 391 480 542 566 667 645 475 500 373 591 492 604 524 651 412 378 553 646 614 107 683 438 400 394 674 607 587 638 483 641 609 668 590 648 680
586 655 638 657 619 685 672 633 598 603 682 616 668 574 592 658 650 595 622 667 678 674 621 597 623 575 605 589 573 666 664 626 665 625 659 588 612 594 643 677 611 648 615 635 654 663 660 679 636 661 632 579 583 582 584 631 640 618 600 599 576 684 607 681 602 670 617 653 620 414 680 628 675 578 644 596 662 577 639 630 627 590 609 422 173 649 671 427 656 629 593 34 107 601 581 642 610 647 394 637 556
587 665 643 658 659 628 657 583 654 650 672 638 573 595 615 582 640 661 588 622 670 682 655 664 599 632 675 578 663 635 662 589 598 616 681 600 576 684 577 621 636 625 677 592 685 668 639 603 605 414 626 611 575 619 574 627 597 678 667 666 660 594 623 633 620 607 617 653 674 679 596 631 648 579 602 618 612 584 644 630 649 647 680 609 593 422 173 610 427 581 642 656 34 480 671 590 601 394 107 629 637
588 634 647 436 650 599 662 632 363 556 649 600 628 665 627 635 645 659 348 681 480 582 553 378 670 583 610 615 427 506 423 658 587 606 643 675 577 604 646 563 580 374 671 500 586 594 595 475 661 566 593 673 578 656 576 438 676 431 376 107 614 434 514 34 513 400 173 640 591 370 542 641 558 492 373 669 465 667 544 391 496 428 412 561 567 651 607 515 395 559 483 394 652 683 668 524 461 637 674 601 638
589 673 647 600 595 632 670 635 576 628 652 658 634 578 599 577 650 662 681 665 675 583 615 661 640 627 436 659 480 643 582 376 656 586 427 587 594 610 496 669 556 434 566 370 492 645 542 593 646 580 563 614 683 423 500 558 559 514 173 638 363 607 107 667 649 475 34 671 567 348 591 637 641 561 412 513 676 428 651 374 373 394 465 483 544 378 395 400 606 506 515 668 438 674 431 602 629 461 604 601 524
590 662 665 635 650 627 628 681 643 600 595 675 632 647 659 670 578 661 599 658 583 640 582 615 577 576 667 594 674 607 668 638 673 610 655 602 480 671 414 593 679 427 394 107 649 436 586 656 634 173 657 631 34 601 637 556 629 682 563 513 483 584 676 652 646 672 515 641 580 566 544 669 514 559 428 660 395 348 422 434 678 663 574 639 412 363 378 465 567 400 500 645 496 431 683 370 475 558 604 492 391
591 659 665 640 616 628 670 577 675 599 650 657 621 595 639 655 635 600 582 672 578 661 615 627 576 681 662 660 658 583 588 632 664 685 575 663 677 643 598 622 684 611 619 573 626 589 666 592 618 647 597 574 668 633 584 682 623 667 625 654 678 617 579 636 631 653 679 620 648 602 596 594 603 593 674 680 605 638 612 607 630 609 649 480 422 644 581 642 107 610 34 173 656 673 629 601 637 586 671 394 427
592 610 647 662 600 643 436 599 670 632 661 582 576 635 595 578 671 627 665 577 659 615 583 673 640 563 658 681 675 650 586 628 634 431 34 646 649 506 556 669 594 434 428 561 580 645 348 427 363 544 676 651 496 558 566 587 480 567 667 500 378 559 438 370 514 604 173 423 374 412 475 483 606 652 492 542 376 614 515 591 513 394 656 553 683 391 607 107 638 465 668 400 461 524 674 373 641 593 395 637 602
593 582 659 632 670 640 674 583 599 665 627 576 662 672 661 650 595 671 635 668 615 578 643 575 647 656 685 664 658 681 577 610 623 649 636 620 603 653 588 675 633 363 600 573 669 589 652 638 626 619 614 602 666 677 612 628 461 580 654 414 431 611 625 590 559 651 684 173 639 597 609 579 107 594 607 436 637 676 645 598 667 542 514 618 561 683 394 678 423 622 680 648 465 428 34 524 515 376 617 644 496
594 626 625 655 590 611 657 622 684 636 617 680 682 603 648 612 685 620 664 660 623 652 656 597 639 616 588 666 589 677 586 592 465 672 644 621 609 654 629 577 600 630 661 596 658 576 573 598 646 619 647 579 595 575 582 578 653 615 553 670 496 376 633 663 637 559 640 678 618 395 679 683 587 400 583 635 584 574 643 605 363 599 641 394 515 659 601 524 681 483 634 632 649 628 631 514 561 436 438 676 675
595 590 644 589 391 637 605 680 631 653 656 422 592 671 611 648 678 596 606 629 617 612 373 654 604 652 394 630 575 683 593 618 597 620 666 524 633 374 679 609 544 480 677 641 626 676 34 601 673 645 376 587 586 475 395 664 614 465 623 619 173 400 646 492 579 682 580 563 558 566 639 428 685 363 574 514 603 515 483 584 431 663 660 588 573 348 598 559 636 672 427 591 513 107 461 438 378 649 506 412 625
596 582 632 640 643 670 661 578 627 599 658 576 650 665 583 577 659 647 675 681 635 600 662 595 652 615 656 673 628 580 556 436 594 634 514 566 363 374 669 376 649 567 348 667 586 587 638 559 427 607 428 614 542 373 668 645 434 515 602 610 563 496 173 524 506 423 378 431 651 558 646 34 391 561 591 461 400 513 674 465 475 544 107 370 553 641 500 492 683 412 644 480 676 629 606 633 394 601 671 626 637
597 675 635 628 662 610 578 632 658 661 673 681 640 647 595 659 627 600 599 670 665 643 576 656 582 650 615 577 586 671 652 583 370 514 634 594 542 436 363 480 556 614 580 428 651 492 638 475 649 667 431 434 427 645 676 669 561 348 606 558 34 587 567 607 563 412 513 423 394 173 566 438 674 544 506 376 604 646 500 668 591 465 559 593 378 496 400 374 515 395 683 461 524 373 637 107 602 483 391 553 641
598 556 558 647 673 586 662 635 661 34 671 632 649 634 427 681 669 675 650 578 436 376 645 599 652 506 576 173 563 658 627 646 587 595 659 615 600 394 610 614 628 475 423 665 604 363 676 513 583 582 514 606 643 577 670 640 561 348 431 683 465 400 370 107 594 500 559 542 567 438 591 428 656 483 412 374 651 638 480 566 544 553 434 515 496 668 378 461 667 524 391 492 580 373 637 593 674 395 607 629 601
599 605 678 596 680 574 590 618 631 633 679 663 592 593 579 644 648 652 653 480 660 612 611 637 588 589 620 666 682 422 656 617 584 657 625 630 677 597 654 621 636 639 623 626 622 427 641 671 376 514 629 412 603 684 580 573 604 598 619 616 395 515 673 524 587 173 664 655 438 434 563 391 606 465 601 373 591 461 544 559 651 646 685 496 553 370 34 483 609 374 575 566 394 431 614 561 475 428 506 500 683
600 609 680 590 644 648 589 575 592 612 605 596 524 617 666 579 611 633 656 619 173 621 678 625 630 663 626 34 391 620 636 604 597 603 427 588 684 623 394 574 683 685 428 639 614 373 492 652 664 654 637 618 616 622 629 500 378 606 515 558 513 679 631 438 641 400 431 677 660 461 374 566 573 465 422 395 587 584 653 514 645 601 598 682 561 591 671 363 475 667 676 506 563 544 593 651 412 483 567 594 559
601 628 647 582 662 615 659 658 583 595 643 577 627 578 681 635 576 670 632 665 640 599 600 675 650 672 661 668 594 667 674 603 653 654 611 638 633 573 622 684 598 677 626 680 575 621 590 617 607 666 588 625 589 579 685 602 644 616 623 636 619 639 597 605 664 648 620 660 612 682 596 655 657 678 592 618 634 631 663 586 480 673 679 574 671 610 427 593 584 34 646 645 642 581 587 370 652 434 563 656 428
602 620 626 673 656 634 671 436 646 645 422 610 586 363 593 603 644 590 579 514 617 621 612 614 574 556 558 513 542 680 666 683 587 434 609 506 500 596 423 395 394 636 625 465 654 648 573 376 580 663 678 685 623 431 591 480 589 672 373 647 633 374 632 622 616 684 650 492 544 582 619 649 597 631 598 627 682 664 660 630 605 629 681 611 653 677 658 567 515 637 635 595 639 461 679 583 601 606 578 604 483
603 628 675 647 671 662 661 634 635 627 586 665 632 576 480 600 673 670 650 643 658 583 348 594 599 640 610 595 376 556 652 681 577 669 659 646 107 593 615 667 34 496 370 566 582 668 578 492 436 587 394 563 514 606 428 580 656 645 412 638 173 423 559 649 602 544 561 374 363 427 567 513 475 641 506 558 378 651 604 614 431 465 674 391 400 676 637 515 601 500 607 395 438 683 461 434 542 553 483 629 591
604 578 640 681 577 661 582 632 635 658 595 659 665 583 643 600 670 650 662 615 576 627 599 588 675 666 647 657 628 598 660 633 664 655 685 638 575 592 618 648 619 672 679 603 573 636 622 616 623 667 597 668 621 617 682 674 611 584 625 605 639 684 594 612 626 663 677 579 680 589 654 574 593 630 607 620 602 653 678 631 644 649 480 590 581 642 656 673 173 629 107 34 609 610 394 601 427 634 586 652 436
605 647 635 675 662 599 650 615 670 627 577 632 643 628 681 640 582 661 595 600 658 659 583 665 578 576 34 634 436 427 586 348 173 556 513 423 649 587 673 374 363 496 671 373 610 651 645 614 558 646 370 656 594 376 107 559 438 683 431 465 563 567 637 394 604 676 500 542 480 667 514 428 434 652 669 606 391 400 561 580 515 566 412 638 483 492 674 544 593 602 395 524 378 641 607 506 591 668 475 553 461
606 595 582 677 640 577 578 611 616 600 650 665 588 657 662 643 682 599 576 675 627 670 659 681 661 628 583 618 615 672 573 684 685 655 584 598 622 632 658 635 603 679 660 621 625 597 647 592 636 575 639 620 664 626 678 574 619 631 666 623 663 579 654 638 668 633 589 605 648 617 653 607 667 594 593 612 602 674 680 596 630 609 422 644 480 642 581 649 590 173 427 610 34 634 394 601 656 107 629 563 673
607 626 620 612 609 680 644 590 634 649 630 422 648 645 586 617 646 597 656 436 664 589 575 660 677 588 574 394 639 637 587 514 107 666 619 631 671 579 625 580 556 596 685 427 633 603 373 363 621 683 592 173 513 684 506 34 558 492 593 461 348 483 438 622 654 500 515 611 653 629 678 614 376 623 598 616 524 465 370 663 672 542 566 651 431 636 606 584 553 679 559 395 673 496 423 428 544 676 573 601 378
609 600 658 632 628 640 615 577 635 675 662 582 650 670 681 576 661 595 665 627 659 643 583 647 578 607 599 668 594 480 673 638 674 671 667 655 657 593 656 556 602 634 610 370 679 646 586 584 669 631 563 376 660 436 34 348 544 559 374 514 652 682 395 434 651 606 567 649 363 427 566 676 587 645 683 438 423 580 391 173 496 558 639 475 561 637 614 506 431 542 574 492 621 394 378 591 663 373 616 588 515
610 622 657 616 592 639 621 625 631 655 685 679 584 573 597 619 684 677 626 660 618 682 574 633 663 612 588 603 623 593 589 664 598 628 579 654 638 678 636 630 658 576 595 680 575 611 617 582 644 675 666 590 602 605 640 577 650 667 670 681 480 661 659 414 648 615 599 620 578 632 672 643 635 583 627 674 673 665 656 596 422 594 600 609 647 662 653 668 607 652 581 642 629 107 34 427 556 637 173 676 587
611 673 635 632 658 628 650 662 436 661 681 583 576 599 595 600 675 652 615 670 665 578 647 627 643 428 594 640 669 634 659 558 606 107 671 427 577 667 582 649 34 586 676 542 376 580 646 656 475 434 394 556 500 561 614 567 348 515 610 423 587 566 645 173 514 483 559 378 496 492 412 651 400 591 431 638 480 683 363 438 593 524 641 563 370 395 506 544 553 604 601 629 513 465 374 607 674 461 637 668 391
612 662 650 628 635 665 632 600 673 643 576 661 578 670 647 583 681 627 582 658 599 615 577 659 595 675 640 634 671 668 610 594 649 667 586 480 34 607 436 674 563 656 348 676 556 475 638 414 394 566 567 652 427 107 173 645 593 374 434 431 515 376 370 646 602 363 412 506 423 558 614 544 683 669 428 580 496 500 483 378 559 465 513 514 587 604 542 400 438 492 561 553 391 606 395 641 651 591 601 461 679
614 650 600 595 675 627 628 615 662 672 658 577 582 583 578 619 573 643 681 598 665 616 597 666 677 659 625 588 668 599 640 648 670 576 661 621 611 589 632 655 636 635 622 647 626 684 593 605 654 664 685 592 633 414 682 603 602 596 631 623 678 618 639 660 612 663 657 594 617 584 579 620 607 667 679 653 680 574 630 638 480 674 575 649 644 609 581 642 427 173 590 610 34 671 634 107 601 629 586 652 656
615 605 630 652 648 666 633 680 590 609 626 637 629 612 394 422 678 611 480 592 656 641 644 395 500 173 673 601 465 580 617 620 596 593 427 589 563 604 524 664 618 373 391 378 646 587 34 574 376 107 579 685 597 653 588 374 566 631 636 625 657 584 492 614 575 475 684 513 645 679 348 515 514 677 400 619 654 663 431 544 623 598 412 621 655 660 682 649 438 558 559 561 483 603 506 567 586 573 461 671 591
616 610 652 671 673 428 583 634 506 632 647 436 586 576 643 670 645 658 635 563 627 427 578 558 567 423 665 600 606 669 661 559 659 649 370 561 599 650 640 675 656 348 591 173 582 594 34 542 461 587 514 580 628 577 376 480 566 614 544 496 662 431 492 412 681 676 615 465 374 556 475 683 434 363 595 373 513 515 107 500 400 646 391 378 651 667 604 553 394 524 641 438 607 668 602 483 637 601 629 593 638
617 628 662 583 650 665 649 582 635 173 600 670 627 595 436 675 427 647 599 632 615 577 643 667 681 576 659 363 658 594 563 661 634 496 676 34 559 640 412 578 556 673 434 348 428 637 580 610 645 431 671 376 542 656 607 638 652 586 651 566 506 423 514 558 669 480 683 646 370 500 602 513 587 438 378 544 641 674 492 465 394 107 374 400 475 604 561 553 668 567 614 515 391 591 483 606 593 461 601 395 629
618 583 635 665 599 670 632 675 661 628 576 578 627 647 643 659 649 582 662 640 673 595 610 658 656 650 577 34 615 671 681 558 600 436 652 542 434 515 561 431 634 606 500 173 556 514 370 506 669 348 544 586 651 480 423 376 394 428 646 492 378 567 604 566 559 391 427 465 496 363 374 594 475 667 641 676 645 553 683 591 412 614 107 563 580 483 524 587 513 638 438 593 400 461 373 674 607 648 395 668 629
107 582 658 577 672 615 611 661 647 643 595 603 670 578 665 681 588 640 654 659 583 628 662 621 675 635 627 599 622 576 632 598 625 600 685 633 650 573 680 616 623 653 682 612 589 657 636 607 663 605 684 677 674 619 638 660 617 644 678 618 593 592 626 679 620 631 480 667 590 584 579 594 664 639 574 666 668 575 648 597 596 634 671 655 673 642 581 683 610 646 602 422 586 556 645 558 669 370 438 652 676
619 628 586 610 662 635 634 647 600 632 665 480 659 640 671 583 673 656 670 675 595 578 652 661 645 649 514 646 558 599 34 566 615 658 627 496 681 582 363 614 669 436 563 506 544 576 577 556 434 173 370 492 580 643 650 638 423 651 427 348 431 542 587 594 438 637 475 567 376 412 593 374 378 559 515 604 500 591 428 394 606 641 561 607 668 465 107 667 674 524 513 676 483 391 395 373 683 553 400 602 629
620 576 643 635 647 577 650 628 681 670 658 627 578 632 675 640 583 661 599 582 659 427 665 600 595 615 662 607 480 602 656 594 173 638 34 668 674 428 593 667 436 370 673 414 561 563 649 423 559 567 586 465 606 373 671 646 514 587 558 676 363 669 652 374 542 556 651 348 610 655 378 496 645 634 107 544 580 553 614 500 475 591 434 524 637 492 506 438 376 566 391 412 604 513 483 461 431 657 683 601 641
621 634 610 436 647 649 652 643 635 645 576 650 600 563 582 673 348 627 578 661 670 662 427 376 599 659 640 583 671 632 173 656 577 434 586 665 34 556 675 658 669 559 431 423 651 681 514 615 587 591 566 567 475 558 676 496 428 561 370 594 506 363 646 515 374 544 492 500 628 107 542 614 580 595 606 391 400 438 394 683 465 373 480 412 513 378 602 553 641 524 668 604 483 667 461 607 637 629 674 601 638
622 610 647 634 627 635 643 673 427 671 563 370 632 669 428 376 348 506 594 599 652 576 578 586 650 436 670 600 662 582 423 645 587 514 661 646 556 394 640 431 675 658 500 577 681 480 659 567 558 434 651 595 400 656 374 561 649 542 566 583 606 492 378 683 515 496 173 513 641 465 107 363 665 544 580 34 461 615 614 438 676 559 475 667 591 412 373 391 553 483 604 628 524 607 601 593 629 668 602 638 637
623 480 628 647 436 671 673 643 670 600 658 662 635 634 599 650 627 640 583 578 675 632 661 595 427 652 576 586 594 610 348 582 665 645 558 577 615 593 566 681 563 659 646 514 428 363 492 34 669 676 173 412 370 561 656 496 423 649 556 376 667 559 506 431 107 513 475 542 567 587 651 580 515 544 374 465 500 604 434 606 614 394 483 400 637 591 438 683 638 378 641 668 607 602 395 461 391 553 629 373 524
625 610 671 634 647 632 594 600 673 640 665 599 635 662 583 670 627 628 675 650 582 643 428 480 659 615 667 658 578 427 436 348 681 649 370 586 423 542 661 576 577 506 595 173 587 558 563 34 676 500 614 544 645 669 412 378 431 513 651 561 652 492 514 496 606 567 107 438 556 394 580 376 400 559 641 656 363 566 434 646 553 593 395 607 465 475 515 637 374 604 591 483 373 461 602 391 668 524 638 683 674
626 650 607 647 436 635 662 615 594 670 638 583 577 665 559 576 676 643 428 600 610 667 627 427 582 595 668 558 599 661 681 628 553 561 632 434 496 394 363 602 674 423 578 634 370 586 658 500 659 669 480 640 645 412 675 513 671 651 567 400 673 563 683 556 506 378 34 566 587 580 173 542 649 414 475 593 438 614 348 646 431 637 514 606 492 656 591 544 391 376 465 461 524 107 652 374 395 629 515 679 483
627 590 633 605 596 678 574 680 648 682 653 637 618 422 644 524 631 622 612 620 679 663 593 592 654 617 584 603 611 621 660 395 480 597 579 630 609 626 666 589 625 588 677 683 652 373 616 623 604 173 391 575 629 465 614 573 601 636 34 655 483 553 657 378 676 664 639 619 500 685 598 492 559 580 412 684 394 461 656 428 673 606 374 561 427 566 558 641 475 438 651 646 591 542 556 348 649 563 370 431 400
628 648 680 633 630 590 617 612 603 605 636 685 620 629 618 601 619 609 611 597 575 589 394 644 580 623 391 514 483 400 653 465 677 556 666 637 513 373 652 587 654 683 378 664 678 500 579 588 592 651 625 656 438 506 626 524 374 395 461 427 431 614 596 646 376 676 660 673 591 641 370 553 173 34 480 515 559 544 566 616 573 610 604 561 598 679 684 496 606 475 645 669 631 671 412 567 563 107 621 574 492
629 582 628 635 647 615 681 675 595 583 577 662 643 576 658 659 665 661 670 627 599 640 650 578 600 632 594 672 667 633 654 684 638 611 626 607 668 677 598 603 621 622 589 573 653 663 602 617 619 623 590 579 575 680 674 625 480 616 639 588 596 644 634 685 593 636 660 597 682 648 631 657 610 678 620 592 664 586 618 671 666 605 612 673 563 679 34 574 558 584 427 655 461 370 646 428 556 642 581 683 348
630 628 647 615 643 658 635 675 661 665 670 576 582 583 600 659 595 662 577 632 599 627 650 681 640 578 610 594 634 607 638 667 436 428 673 34 671 558 645 674 563 646 668 348 586 376 370 556 652 363 669 434 567 427 423 614 480 461 561 544 553 676 173 506 683 602 374 431 604 412 496 649 524 438 559 514 587 566 606 391 593 656 475 542 651 591 672 373 378 492 515 465 513 580 500 394 590 633 653 639 483
631 661 647 578 582 670 610 599 640 643 659 675 632 595 627 635 665 583 649 662 650 577 576 681 658 656 674 615 634 645 600 652 431 436 563 34 173 628 651 515 586 646 673 428 363 580 514 496 638 348 556 374 423 667 542 500 668 513 607 676 373 606 567 376 544 614 587 594 434 566 558 427 524 391 461 465 107 553 394 370 506 669 591 492 378 414 559 561 671 602 590 475 609 683 400 603 641 438 648 412 604
632 596 605 644 590 678 593 611 589 618 680 612 574 609 633 592 579 422 663 480 677 631 620 597 648 637 584 653 604 636 625 173 588 616 619 654 666 427 682 617 630 603 679 622 684 34 660 575 524 598 652 394 664 623 621 683 646 626 465 655 563 395 645 601 558 587 461 685 639 438 629 649 573 391 348 651 428 553 378 641 657 483 374 373 676 500 370 376 412 580 561 513 586 496 492 475 656 567 672 515 591
633 647 662 628 650 627 675 635 643 681 599 615 665 632 658 583 640 670 578 600 661 671 582 576 586 659 595 656 634 610 577 427 376 563 566 646 514 513 683 434 480 645 593 394 496 604 436 500 363 428 673 558 400 173 107 641 637 649 34 594 515 431 370 580 412 423 676 669 348 587 561 492 614 629 506 651 652 465 544 483 667 378 607 374 591 475 674 601 559 638 606 391 542 567 395 602 373 414 438 556 655
634 621 588 685 672 573 664 625 657 663 655 622 575 589 619 616 677 678 666 684 638 603 682 633 612 623 592 639 611 654 605 679 574 636 598 617 631 668 597 626 579 602 674 648 584 660 653 607 618 680 596 414 630 667 643 595 665 628 576 650 594 658 632 661 670 620 582 640 609 615 583 422 578 599 600 173 590 659 675 635 34 644 577 627 681 107 649 662 427 629 656 671 581 601 642 593 394 637 580 673 480
635 605 590 680 644 678 653 620 648 618 611 612 633 666 579 664 636 617 575 589 597 573 630 596 626 629 422 609 654 677 592 631 619 574 621 604 663 622 685 603 598 682 584 625 593 671 679 652 623 684 616 588 480 639 601 676 637 655 427 587 558 376 391 173 660 645 672 591 524 586 580 465 641 34 646 483 656 657 395 373 563 553 514 107 461 513 412 606 614 400 374 566 673 649 378 544 515 492 669 500 438
636 628 635 647 673 671 632 675 662 34 480 600 665 640 576 556 661 599 650 594 658 634 348 436 667 627 649 583 428 615 427 681 645 643 370 659 669 578 670 173 646 595 376 587 475 563 593 438 652 558 582 610 577 423 566 586 676 559 567 363 431 434 500 614 496 606 561 544 514 394 513 542 492 412 506 378 374 107 651 465 604 580 515 400 683 483 391 553 656 638 637 641 591 602 373 524 668 607 674 395 461
637 582 661 675 595 627 577 643 647 615 662 578 632 665 650 599 583 658 670 628 681 640 576 600 659 635 654 648 672 617 664 667 573 619 633 594 626 653 607 674 589 638 575 677 668 603 680 657 625 605 623 685 684 593 636 598 621 597 666 620 644 611 480 663 588 655 590 579 602 616 592 622 34 673 612 610 609 427 596 634 563 574 649 586 642 581 671 618 173 428 660 646 652 558 348 461 515 553 422 556 587
638 586 626 634 671 649 587 673 646 620 610 652 680 590 619 604 465 597 609 656 645 664 376 603 630 593 612 666 617 631 677 589 653 34 483 644 428 669 579 558 611 395 423 598 173 427 637 513 654 436 580 596 672 107 566 678 394 563 556 575 573 500 434 422 373 629 682 515 601 623 438 506 606 514 480 374 592 636 684 574 685 567 633 618 492 641 683 475 363 461 553 676 348 648 542 400 660 605 584 614 544
639 610 658 576 647 643 661 583 671 652 578 558 673 599 582 634 600 669 670 665 650 595 480 635 640 659 561 594 348 627 649 563 632 681 577 461 173 591 374 506 427 542 391 465 436 676 556 675 615 567 587 428 370 492 34 412 683 514 434 423 515 645 646 376 662 544 656 606 496 513 607 475 553 580 667 559 500 651 628 431 586 566 400 668 593 641 614 363 395 483 604 524 378 394 107 438 638 373 644 602 648
640 596 605 427 644 678 663 593 631 590 604 609 173 680 633 579 620 574 480 34 422 597 592 612 618 625 376 391 652 636 653 666 611 589 395 683 619 621 378 637 630 465 623 606 524 553 660 558 461 584 684 682 629 679 587 649 654 641 603 648 373 544 348 639 591 412 515 616 646 580 438 656 622 601 500 514 542 575 617 400 671 428 673 513 563 573 496 566 506 374 626 676 657 394 677 370 475 559 664 107 685
641 661 578 615 681 659 658 582 576 662 577 595 599 665 640 650 600 675 628 583 643 647 632 627 635 670 588 622 667 677 633 625 672 603 618 619 668 575 589 594 617 573 621 611 654 639 684 685 616 579 623 648 663 636 682 660 638 657 664 653 680 592 598 626 584 597 605 574 596 612 666 678 631 644 607 679 602 674 590 620 593 655 480 673 642 581 634 610 34 609 422 556 671 586 646 558 563 676 427 683 649
642 649 173 34 427 656 652 673 594 610 107 348 671 480 563 556 558 580 634 667 428 394 500 496 363 586 436 465 669 593 646 376 587 676 514 513 566 645 614 542 604 606 561 374 641 559 637 506 434 629 370 378 567 651 492 483 544 475 373 438 683 423 431 601 412 400 515 553 391 524 591 461 655 395 602 657 648 638 626 422 590 607 668 674 414 635 633 679 647 682 628 639 576 644 662 664 596 630 661 680 650
643 596 590 620 605 678 633 630 648 660 592 612 631 584 637 618 652 422 579 639 621 664 574 644 666 587 622 626 629 623 679 604 611 575 663 654 617 616 653 593 680 609 395 597 646 373 603 677 601 625 173 589 656 394 391 34 524 657 673 682 427 376 492 683 588 480 606 553 566 636 378 465 684 645 500 558 107 556 586 614 676 573 641 685 400 649 461 542 438 515 428 655 483 475 514 544 559 412 580 619 651
644 635 670 650 600 632 647 662 595 665 640 661 658 675 582 599 659 627 628 576 577 578 583 681 643 615 649 667 673 34 607 674 594 173 671 610 427 668 602 638 480 563 394 586 513 107 669 657 676 646 656 652 436 566 500 348 637 593 556 682 639 645 395 634 663 587 370 412 483 601 596 506 580 438 496 641 492 559 629 465 651 514 567 423 434 679 683 431 376 558 604 614 574 631 561 655 584 544 515 378 400
645 657 621 655 658 616 664 577 670 588 595 684 622 598 619 631 636 659 615 682 632 576 623 665 643 663 600 660 685 583 677 661 681 635 650 626 575 675 592 672 633 628 582 589 625 578 414 573 627 597 640 599 602 638 617 648 603 611 678 679 662 607 639 605 668 612 579 574 618 630 666 584 654 596 620 593 653 667 680 674 644 594 647 422 609 649 480 590 34 581 642 107 173 673 601 427 629 656 671 610 394
646 575 665 658 650 672 643 615 668 659 583 670 576 595 573 638 632 661 582 628 685 592 619 622 588 678 577 640 578 598 633 636 677 603 599 684 675 611 654 664 623 627 657 662 635 621 682 602 648 589 600 631 674 681 618 667 594 607 639 666 574 626 414 655 605 579 616 617 620 679 653 625 612 663 660 597 630 644 584 680 422 596 609 590 647 656 107 593 649 427 173 581 642 629 671 34 601 480 610 394 673
647 605 633 678 574 631 663 648 592 620 630 653 588 644 590 579 589 621 622 422 596 656 677 626 636 680 682 625 575 618 612 637 639 603 629 666 623 685 679 660 619 601 573 598 657 654 617 684 597 611 173 616 395 593 483 609 649 652 391 580 584 427 480 673 107 664 465 378 34 514 604 672 676 524 641 500 683 559 428 566 394 348 542 544 667 438 373 412 506 400 655 431 556 475 496 594 614 606 374 461 561
648 628 665 647 583 635 650 582 662 615 600 670 643 627 599 675 632 595 577 436 658 659 681 363 556 594 667 640 578 427 661 563 559 673 348 173 634 586 683 544 576 428 637 434 676 614 649 646 542 645 580 656 607 370 465 412 651 374 671 513 558 604 423 480 669 34 376 561 610 500 566 496 431 553 567 652 400 514 587 506 674 461 641 438 414 395 394 679 475 373 515 602 606 378 524 591 593 638 107 492 483
649 678 617 621 584 660 618 685 654 631 679 588 672 574 638 598 658 684 647 640 636 579 619 673 616 612 592 625 611 644 639 632 615 593 643 682 670 661 595 577 659 650 575 576 664 622 655 627 573 663 605 675 648 653 597 620 600 642 607 681 578 581 674 599 582 623 635 626 628 680 633 603 583 677 589 666 657 596 668 665 422 594 671 667 662 414 480 683 590 602 614 630 656 556 586 634 561 587 436 651 609
650 590 605 633 644 648 612 678 652 620 626 617 596 653 575 611 666 680 588 637 609 663 621 422 589 593 373 677 664 480 631 654 646 524 630 604 592 579 586 618 614 603 660 587 623 636 685 173 34 625 597 574 584 622 598 465 629 394 639 684 544 461 606 641 673 553 395 492 682 657 412 616 438 679 558 561 671 391 475 348 591 655 573 376 374 580 645 601 566 683 400 649 676 427 428 651 483 500 619 513 656
651 657 628 583 665 677 621 632 599 672 622 627 595 685 650 626 576 658 592 600 664 578 666 643 573 631 659 597 615 619 662 625 675 618 582 663 684 640 575 577 655 681 648 617 605 611 661 670 588 682 660 623 598 636 616 647 654 603 620 633 639 593 635 589 574 584 579 679 667 596 607 668 678 653 680 594 612 602 638 644 422 674 649 609 630 480 173 34 642 581 673 671 427 590 610 107 634 601 629 652 656
652 616 681 615 650 663 660 621 599 589 662 643 582 611 596 665 595 659 639 672 628 640 675 635 577 655 627 670 632 622 573 600 658 647 583 574 623 619 575 664 576 618 597 594 684 598 631 603 682 584 667 661 578 654 638 636 679 657 680 579 593 685 677 678 625 617 653 592 666 612 668 414 620 674 633 588 648 626 422 644 605 630 480 610 607 581 642 602 590 671 609 34 427 173 649 394 601 683 107 563 348
653 635 647 659 662 661 681 650 627 665 577 599 595 576 632 628 658 582 670 578 675 640 643 656 615 583 673 600 593 634 427 556 480 649 563 173 500 436 594 652 496 586 638 107 378 637 558 655 646 363 506 587 667 566 514 34 561 428 601 515 671 431 423 513 645 475 434 607 591 614 567 641 492 606 610 483 629 553 348 651 580 669 370 559 374 683 400 394 668 674 602 465 376 391 438 676 412 524 604 373 542
654 635 662 576 627 649 681 173 595 647 577 670 632 650 628 578 643 599 427 34 587 634 656 600 582 673 640 363 661 436 665 675 583 659 615 544 658 637 652 610 586 646 514 594 107 558 563 542 496 434 348 475 480 376 500 556 465 667 561 428 506 614 513 676 669 671 593 580 651 423 567 638 370 668 566 374 641 645 431 559 606 378 629 601 400 492 591 607 438 373 394 674 602 412 553 483 604 524 395 391 461
655 671 586 610 634 506 670 645 594 428 436 583 559 683 652 363 673 423 576 544 582 627 553 475 558 632 465 587 635 599 659 656 615 542 578 591 650 667 567 400 514 556 643 675 563 669 513 676 431 661 665 394 374 370 649 461 606 604 566 577 434 647 438 662 391 34 614 640 580 651 373 658 590 412 681 376 646 492 600 348 595 653 524 378 609 173 496 427 620 500 628 668 672 561 515 674 633 637 395 607 483
656 647 663 595 672 600 615 599 665 662 577 596 677 633 618 661 628 593 678 597 582 619 574 654 631 583 660 653 643 620 621 667 675 589 584 594 657 602 616 681 640 655 627 668 682 578 588 611 422 576 573 658 622 635 632 685 650 414 612 638 679 623 670 659 603 648 617 684 607 575 598 664 639 625 605 626 666 480 592 609 636 610 644 680 671 674 642 581 590 579 649 634 34 630 586 427 646 173 428 676 558
657 610 651 436 634 586 428 506 645 671 461 647 431 599 558 556 683 587 670 583 559 594 669 514 363 582 661 643 563 434 553 378 615 606 542 423 578 656 665 394 650 627 576 465 567 524 580 675 604 370 591 492 659 676 640 681 632 496 646 652 376 515 513 391 544 635 475 667 561 595 483 566 600 662 374 577 673 348 658 672 34 107 649 373 412 400 628 668 427 609 173 637 438 500 614 644 641 480 590 633 607
658 609 680 596 666 678 590 630 644 663 611 605 633 639 620 612 597 589 575 422 604 653 648 637 587 646 173 394 645 641 592 679 574 629 618 586 465 558 623 601 373 616 34 677 631 579 660 107 603 617 636 584 563 524 376 652 593 649 513 671 664 588 625 427 621 626 684 598 619 378 614 438 654 480 500 622 544 672 431 685 573 461 683 391 395 400 348 656 559 483 428 651 496 591 580 610 475 492 594 606 514
659 593 422 480 678 590 680 653 663 596 574 631 679 666 605 644 376 618 427 612 592 682 620 648 630 604 173 641 652 34 558 683 633 597 563 587 575 619 584 601 621 609 617 579 348 677 629 589 588 611 646 373 391 524 637 625 580 685 400 616 591 465 395 660 412 639 645 636 394 654 655 626 586 664 673 553 573 598 428 671 603 559 676 514 544 370 496 657 622 438 434 374 606 623 461 649 483 614 475 378 492
660 673 643 652 661 675 649 599 576 583 34 647 563 578 582 627 670 610 428 665 632 650 658 580 656 173 640 558 561 667 427 594 659 461 669 628 436 600 348 595 556 434 662 431 645 615 542 676 671 559 635 634 376 496 586 567 604 591 423 681 374 400 363 506 606 480 524 475 465 553 370 412 544 514 492 500 607 391 394 587 577 683 651 515 646 378 107 483 513 566 614 438 373 641 668 638 674 602 672 609 414
661 678 631 422 596 679 590 637 584 574 618 579 605 644 653 660 682 630 592 612 680 611 671 666 663 597 620 604 639 633 593 641 677 427 603 598 621 609 589 575 636 656 373 173 629 626 623 573 617 657 616 480 619 654 587 646 395 558 107 622 376 684 648 672 544 391 625 34 683 664 465 685 652 588 645 649 500 378 483 591 606 515 655 601 438 586 428 566 412 580 434 614 524 542 594 559 514 496 492 563 370
662 590 633 605 612 592 648 617 644 678 680 653 422 666 611 685 626 597 652 465 637 596 664 609 619 654 593 575 579 603 636 588 629 574 589 618 631 656 663 601 598 630 480 625 620 621 682 395 604 584 671 391 679 623 641 553 373 524 673 677 622 573 606 614 580 483 461 376 561 587 558 559 544 542 660 683 500 412 556 684 400 492 394 676 616 646 374 475 591 515 566 651 107 672 378 370 655 428 513 363 567
663 647 670 576 582 652 659 640 658 599 632 634 578 656 627 661 635 650 673 600 662 577 643 681 665 610 583 436 514 587 615 595 645 376 374 675 586 567 580 506 649 566 671 427 669 394 434 423 591 651 431 563 496 373 34 628 676 492 559 542 173 594 391 561 363 428 515 556 348 683 107 475 646 461 370 606 668 500 558 614 412 641 400 378 604 602 607 544 513 465 524 674 553 483 629 637 644 667 638 648 438
664 635 634 673 436 662 434 563 671 480 643 577 650 556 374 628 428 615 645 438 632 593 600 595 348 658 667 652 586 670 594 427 587 583 506 675 647 431 599 665 627 659 610 661 496 582 681 578 34 646 576 640 566 649 651 604 173 676 514 637 591 542 412 559 378 683 638 370 558 363 513 423 607 656 567 475 614 483 606 668 391 544 376 373 465 395 674 580 515 553 394 500 524 400 669 561 107 641 492 602 679
665 590 648 680 618 612 617 422 579 644 596 678 633 653 630 605 593 682 631 637 626 592 373 587 395 679 584 656 646 652 574 604 619 620 611 625 589 666 438 603 636 376 480 660 609 685 597 663 588 391 629 524 639 641 616 621 400 654 651 606 677 427 684 559 591 657 573 348 515 465 683 623 601 586 664 575 483 676 645 378 566 475 553 673 394 544 412 374 514 614 461 500 492 598 563 561 542 107 671 580 655
666 675 635 658 615 681 662 670 659 600 650 577 661 647 599 427 576 436 643 634 632 628 665 595 578 582 640 627 583 586 683 671 604 594 506 676 673 567 614 480 412 370 651 348 669 514 556 434 513 34 566 559 423 558 500 638 610 667 394 646 561 652 483 438 378 593 563 587 649 656 173 607 591 475 544 645 606 542 376 492 580 674 602 374 668 428 496 515 553 363 465 400 637 431 107 524 461 373 391 601 641
667 590 626 617 586 656 636 664 648 660 625 611 612 644 465 652 655 620 603 553 600 680 647 376 657 677 685 597 592 637 684 658 514 588 672 646 682 577 561 634 641 630 623 363 666 566 582 683 654 436 609 559 622 587 610 394 670 589 576 631 595 618 579 615 629 422 542 635 616 661 496 573 653 596 578 395 639 619 412 575 515 438 558 604 601 461 373 659 584 400 580 434 621 633 640 649 681 423 599 598 483
668 673 593 586 626 612 646 634 376 620 656 436 373 556 590 609 683 614 434 603 492 587 394 480 566 422 500 676 644 558 680 412 652 645 524 542 438 664 580 601 514 575 363 641 631 685 649 579 461 619 677 515 427 400 428 559 513 637 657 654 604 465 621 597 588 639 663 598 431 348 630 596 591 655 561 370 617 671 544 483 496 666 423 553 34 682 475 574 623 567 606 563 173 660 592 629 374 679 589 395 636
669 622 611 639 657 598 616 660 621 672 636 592 603 619 577 682 589 626 685 677 579 684 681 575 655 628 578 593 625 595 623 618 666 675 679 643 663 597 640 588 573 662 627 659 600 599 582 647 615 670 661 617 584 650 635 638 654 596 633 574 583 648 632 678 620 576 658 665 644 612 664 631 605 630 653 480 667 609 680 674 607 668 594 602 590 422 581 642 649 634 107 673 656 601 394 586 173 629 34 610 652
670 596 605 644 678 680 574 422 590 663 648 593 631 589 618 592 666 620 579 612 630 584 626 617 679 633 682 609 611 655 480 654 677 653 637 558 660 621 623 604 625 524 597 657 671 616 603 652 645 395 619 639 629 646 563 173 622 588 676 575 428 664 376 587 601 684 391 427 636 685 373 461 34 573 591 483 465 683 649 606 107 348 513 641 496 378 370 394 438 673 374 500 614 598 431 475 506 567 656 580 672
671 616 655 625 577 681 684 661 603 578 592 657 595 573 636 664 582 633 639 623 593 622 635 662 670 598 576 638 618 612 619 579 621 599 658 675 677 611 575 597 685 588 666 650 659 640 660 680 600 602 665 615 626 628 644 663 682 617 480 632 643 627 605 609 583 414 647 648 654 427 620 589 574 630 590 584 607 649 668 173 653 667 594 656 672 34 679 678 673 631 422 674 394 107 652 586 556 634 581 642 553
672 634 427 500 436 480 593 656 563 348 586 173 652 561 363 496 646 649 673 587 376 107 558 423 34 566 492 428 542 614 556 669 374 681 514 661 513 483 553 400 595 658 594 373 647 578 676 635 577 378 475 591 651 576 645 601 370 567 580 606 544 637 438 632 662 434 640 629 650 599 506 524 670 675 465 667 628 600 615 431 559 627 665 659 657 643 391 683 604 641 582 412 583 638 610 655 422 394 671 607 602
673 589 616 611 575 684 660 668 664 612 636 597 663 592 625 598 622 621 618 623 615 579 677 680 603 573 639 672 681 595 619 685 574 675 655 662 638 654 596 643 682 649 653 650 584 602 647 599 583 628 674 659 648 644 665 173 627 640 582 588 666 414 617 577 678 626 670 620 609 427 679 605 631 600 633 635 590 657 658 578 576 630 661 632 34 610 594 671 607 422 593 667 581 642 107 637 629 601 641 513 634
674 593 558 631 586 626 673 480 620 590 634 644 422 394 612 649 609 646 427 680 676 556 34 376 597 348 637 575 438 652 587 107 617 677 619 603 683 630 566 492 434 664 173 465 601 678 604 610 648 423 633 666 524 373 514 483 682 579 461 500 598 436 553 656 654 542 412 573 584 563 589 611 395 506 621 592 645 618 475 574 400 685 559 660 663 636 679 672 655 428 596 605 614 513 378 374 544 625 588 370 653
675 605 666 590 633 678 679 637 680 597 618 644 603 596 631 630 584 660 648 620 609 611 629 636 617 612 677 589 682 653 592 652 422 500 625 524 391 395 558 374 575 580 619 574 623 673 685 683 614 173 598 671 676 394 378 656 654 588 621 573 465 616 579 587 604 664 514 566 542 506 641 431 513 373 622 544 496 657 427 591 34 428 601 515 663 480 606 684 412 400 593 475 492 645 561 655 646 553 626 483 376
676 626 595 577 670 675 681 684 583 635 628 627 617 665 575 659 643 647 660 611 672 621 640 657 666 582 662 632 650 598 655 600 588 625 639 592 615 664 616 636 648 623 576 597 612 578 599 573 668 658 622 680 584 663 677 674 574 661 654 633 685 620 618 682 678 631 579 589 603 619 594 679 605 644 593 667 638 630 607 422 590 653 596 602 609 649 610 656 581 642 480 173 634 427 586 34 671 107 629 601 641
677 436 647 632 635 634 650 661 628 681 610 670 675 673 599 656 595 627 606 658 659 583 643 542 662 671 556 363 578 576 665 577 615 600 514 594 651 646 586 566 645 669 492 428 431 582 513 394 376 496 515 640 558 614 587 348 480 434 652 465 423 667 563 427 378 544 591 506 370 580 412 641 638 676 173 649 34 559 475 593 400 607 391 561 553 683 500 395 107 668 674 438 374 637 567 373 524 461 483 629 604
678 647 661 599 635 582 578 583 670 576 659 632 675 627 577 650 643 662 658 681 649 640 665 595 615 600 634 628 34 173 656 563 586 646 427 610 436 673 428 652 496 645 423 556 376 500 567 587 363 594 566 606 669 558 480 348 676 514 373 580 542 638 513 561 544 614 107 374 674 506 370 667 465 492 591 607 434 475 412 559 593 602 378 553 671 431 438 683 461 651 391 414 668 394 641 515 483 604 400 524 629
679 661 675 599 610 659 583 578 627 670 582 647 576 665 649 658 643 595 632 635 662 681 34 634 640 577 600 615 650 628 652 173 436 427 586 348 431 673 669 656 558 514 606 580 563 423 515 561 645 544 428 556 567 363 542 553 461 594 500 465 646 604 506 513 374 587 376 480 438 373 676 667 590 391 496 524 107 394 412 651 683 370 492 648 559 671 626 475 591 668 614 434 378 566 607 400 674 609 638 664 603
680 628 635 600 665 658 670 599 659 662 675 632 577 627 595 615 647 661 583 650 640 582 681 578 673 643 576 594 671 607 638 667 652 634 394 610 436 649 676 668 674 107 480 586 556 500 566 428 378 637 400 427 602 567 542 173 465 434 656 646 475 563 515 363 544 645 348 614 492 34 593 641 376 395 604 423 601 651 412 370 496 514 669 513 431 629 591 558 580 683 374 553 606 561 584 483 506 559 587 438 631
681 590 652 605 678 633 620 666 653 604 671 596 611 612 422 629 574 395 654 597 609 644 680 677 589 641 648 592 631 663 617 630 465 637 673 679 376 618 428 626 588 391 598 684 575 584 676 394 374 593 573 558 400 524 480 636 601 566 579 625 438 672 173 603 656 500 619 639 483 587 614 621 563 622 623 515 685 645 496 664 348 544 580 657 669 561 606 513 412 427 682 492 107 370 373 559 34 591 506 475 616
682 583 627 661 647 665 670 582 599 659 632 586 635 675 610 662 634 578 506 640 594 595 576 513 643 673 577 587 606 650 645 558 542 567 423 374 580 563 615 669 652 556 363 656 649 544 600 461 34 496 428 681 561 646 436 514 431 658 500 671 667 515 553 628 434 376 559 378 348 370 391 107 651 427 394 438 373 614 676 173 566 480 683 604 475 591 465 638 492 668 674 400 641 524 412 644 483 602 590 607 648
683 595 659 628 655 657 600 640 627 675 632 583 643 577 578 665 666 662 661 576 670 648 658 633 650 582 615 684 647 668 626 414 681 622 599 616 639 589 664 598 667 621 672 685 594 617 660 611 635 677 663 636 674 618 682 592 605 588 579 649 573 607 603 623 602 612 679 597 575 574 584 638 619 593 678 625 653 630 631 596 680 620 644 107 480 609 173 427 590 34 422 581 642 629 652 610 671 586 656 634 673
684 673 671 610 634 647 632 600 576 635 542 436 594 645 640 649 583 681 599 650 558 676 556 582 578 394 665 428 661 615 652 670 376 643 658 559 627 475 587 567 514 675 662 515 628 348 480 646 669 431 561 412 683 370 423 606 400 363 577 566 667 659 34 544 500 580 427 651 506 586 513 595 492 173 465 656 614 553 378 591 483 434 461 563 391 107 593 496 641 607 629 637 374 604 438 638 373 395 601 524 602
173 617 640 632 600 654 659 658 672 615 647 577 678 661 578 650 582 643 660 627 675 670 595 621 576 685 620 583 605 599 598 681 584 616 636 628 673 648 635 639 679 625 619 574 631 618 644 664 665 623 588 573 622 579 662 653 626 592 611 684 633 589 603 642 677 581 663 612 597 666 638 655 682 593 674 657 607 671 680 575 422 596 668 414 634 590 630 586 667 656 683 609 594 480 556 652 587 610 646 436 602
685 634 628 610 662 427 436 586 647 649 563 635 480 556 577 496 665 34 600 348 650 593 434 423 428 673 583 675 615 566 594 173 659 506 646 671 595 558 374 632 670 627 370 645 661 658 643 669 578 681 599 559 500 363 651 582 378 640 412 475 606 587 652 604 656 576 667 591 553 431 376 561 483 107 492 514 580 567 438 683 676 614 515 542 394 373 544 668 391 513 524 607 641 465 395 637 400 638 602 674 601
348 672 621 583 622 659 685 588 636 603 664 578 640 625 665 605 639 615 623 616 660 584 595 650 648 632 577 681 684 670 592 582 658 617 627 647 677 573 666 679 619 618 612 611 598 654 576 597 662 599 661 600 631 626 575 682 657 643 675 579 655 635 633 674 589 663 628 596 678 620 574 668 630 607 680 638 644 653 414 667 609 594 642 581 590 602 671 422 593 656 629 652 586 610 673 637 634 601 646 107 587
363 588 648 672 617 655 657 654 677 626 595 619 682 597 600 685 598 593 592 675 623 621 684 575 636 576 577 574 633 573 579 660 631 605 662 622 627 616 664 615 658 667 681 584 578 632 678 596 628 650 602 640 679 618 589 659 647 599 665 625 603 663 643 583 611 620 653 594 668 670 612 661 607 639 582 635 680 666 638 630 480 422 674 609 644 671 581 642 590 427 634 649 610 34 673 586 646 601 173 629 652
370 622 616 597 626 636 625 628 685 657 659 599 621 640 619 603 583 595 672 632 573 681 670 589 620 684 675 655 666 618 627 615 665 650 662 623 577 588 639 600 576 592 578 598 575 661 658 664 677 648 643 582 660 584 682 633 605 579 617 647 635 612 574 654 663 611 678 668 679 631 667 630 607 609 638 653 680 674 596 644 594 602 593 649 422 590 629 581 642 107 601 673 173 610 652 634 34 637 656 671 427
373 665 595 650 628 658 615 661 627 643 662 583 600 659 582 640 578 670 675 577 599 672 668 576 632 681 647 635 588 663 655 605 616 621 622 620 685 657 682 664 631 678 667 574 589 584 607 596 679 677 638 660 674 573 625 654 597 598 684 619 648 594 636 618 602 626 592 633 593 639 666 603 623 611 575 617 653 579 422 630 649 671 612 480 644 642 581 609 610 173 629 34 601 107 427 673 586 634 652 394 676
374 664 595 675 628 615 681 583 578 672 588 685 600 682 663 665 650 627 639 577 640 659 632 599 662 622 655 621 576 670 616 582 660 605 635 657 661 592 643 647 573 631 658 619 648 584 596 618 603 598 612 636 620 575 679 623 579 677 617 654 574 589 678 633 625 597 666 667 626 611 684 638 668 602 653 674 594 630 607 593 680 609 649 644 422 581 642 590 671 480 107 629 173 610 601 637 586 634 427 34 394
376 659 640 665 621 622 681 633 595 672 658 615 599 577 589 598 643 670 582 661 603 628 576 684 662 668 635 636 663 578 650 616 660 677 611 588 632 657 675 583 627 667 575 600 618 685 638 654 617 623 682 678 619 584 625 579 639 594 573 655 674 592 596 664 648 414 605 574 612 679 626 597 631 647 666 630 607 602 680 593 620 653 609 644 422 649 581 642 173 34 590 480 671 610 427 601 629 107 656 394 641
378 628 640 578 615 588 576 675 657 600 643 627 647 573 658 665 595 632 672 577 582 661 583 670 685 659 625 622 662 626 592 599 664 681 677 635 618 650 682 611 684 619 575 666 653 636 616 621 655 603 617 660 574 680 633 579 598 597 654 620 623 584 663 612 589 639 679 648 596 678 631 674 668 607 605 594 667 593 638 602 644 630 590 422 649 581 642 609 671 586 480 673 634 173 34 610 652 656 629 427 601
391 595 628 600 640 583 662 675 665 577 615 681 627 578 643 659 647 582 670 599 661 650 635 632 576 658 639 657 655 621 588 618 682 672 663 622 660 664 677 616 684 685 575 584 626 603 636 592 574 679 631 598 619 617 633 667 605 594 625 579 668 596 623 666 573 678 611 597 620 648 674 589 612 653 654 638 607 593 630 602 680 609 644 649 590 581 642 422 634 586 671 480 427 610 107 173 629 652 646 601 34
394 628 615 595 658 583 600 632 643 675 650 582 681 626 684 657 577 659 622 627 665 598 677 640 662 674 578 633 670 655 599 680 647 576 668 611 603 663 618 575 573 666 612 621 625 636 667 597 661 660 607 685 682 579 619 644 594 617 592 635 616 638 588 623 589 664 605 679 590 631 672 648 654 602 584 639 593 574 653 678 671 596 642 581 634 422 480 586 609 649 610 652 630 646 427 587 669 173 673 656 558
395 582 665 681 615 627 662 647 640 578 643 675 670 576 595 628 577 661 659 650 632 599 600 583 658 635 594 638 677 667 588 625 611 664 575 573 603 639 685 597 626 648 602 619 684 589 598 668 674 680 633 607 623 636 617 605 655 644 612 672 592 666 654 622 609 616 660 593 653 657 618 590 621 682 649 679 579 34 427 173 480 663 584 610 563 586 634 596 656 671 581 642 107 631 496 646 428 558 673 652 587
400 628 595 665 659 681 600 615 576 577 672 582 583 640 643 662 675 655 650 658 622 626 578 684 627 647 588 660 635 598 632 670 599 621 633 573 625 616 611 677 661 594 657 636 603 668 667 617 648 639 579 680 575 597 623 654 685 664 663 682 574 589 592 584 666 605 618 612 638 619 674 679 596 593 653 607 631 602 678 620 644 590 480 422 610 642 581 649 634 427 671 609 630 586 173 34 656 646 563 558 673
412 578 599 659 640 650 627 615 665 662 675 617 582 626 595 684 577 681 643 632 628 616 666 685 600 661 625 576 647 623 664 635 639 575 603 583 677 573 592 648 619 658 660 588 668 655 622 597 621 611 636 598 633 672 657 589 579 670 667 618 612 574 594 679 584 663 678 674 682 654 605 680 630 620 607 638 644 596 653 631 602 593 590 649 581 642 107 480 656 629 673 634 34 586 173 652 601 671 427 610 646
414 558 673 683 620 645 656 587 634 612 626 671 646 586 652 514 610 614 376 593 590 500 542 649 506 648 553 428 480 34 173 427 631 633 348 678 621 660 597 611 574 627 578 632 615 642 581 414
422 661 659 583 670 582 665 647 662 577 632 578 627 635 595 643 681 658 615 650 640 599 675 576 600 656 674 607 668 602 628 667 34 649 638 594 672 652 610 173 646 634 671 427 575 673 461 436 676 428 586 580 598 556 664 496 363 633 651 589 566 567 603 573 376 669 559 506 636 645 666 431 563 685 590 606 434 373 515 107 587 620 653 514 611 612 524 370 623 544 684 588 378 394 626 348 465 374 513 423 648
423 685 616 672 655 588 622 657 626 621 682 625 598 636 684 660 605 619 677 595 620 623 618 584 611 663 679 639 589 666 592 577 678 573 658 574 664 575 578 603 617 615 631 659 597 643 665 633 648 675 670 599 576 638 681 579 654 632 661 650 640 628 627 583 600 667 612 662 582 674 668 653 635 602 593 596 630 680 594 607 647 644 609 480 422 581 649 642 629 590 656 601 107 637 173 673 671 427 34 610 394
427 672 640 685 659 576 666 617 620 661 632 622 615 621 582 600 654 626 583 578 633 616 599 598 623 628 660 588 605 647 643 589 658 636 625 664 665 611 648 577 635 670 675 595 574 573 678 627 639 653 592 650 681 679 619 673 663 597 677 584 684 644 674 575 618 612 579 603 682 671 662 638 642 581 668 596 657 655 607 680 631 590 630 414 422 634 593 586 609 656 610 556 652 683 646 602 637 395 587 629 601
428 616 657 626 655 660 611 664 600 573 622 681 685 625 576 577 670 672 636 595 684 578 582 659 620 675 592 627 640 632 677 643 621 648 682 615 650 623 658 647 661 597 617 599 678 639 584 662 633 631 603 618 679 574 665 588 598 654 630 579 638 663 635 619 575 583 589 668 680 596 653 628 612 666 605 414 593 674 607 422 602 590 644 480 656 581 642 629 649 586 601 637 667 634 673 394 34 646 671 610 641
431 657 592 628 595 621 600 664 675 631 615 622 660 658 575 677 684 618 583 655 588 616 584 599 577 659 579 627 625 679 650 597 685 636 619 640 670 682 647 598 578 681 617 632 665 663 574 672 643 576 623 626 633 611 662 661 612 593 582 573 603 635 648 639 605 654 668 653 589 666 602 596 607 678 638 630 680 594 620 667 674 644 422 609 590 649 480 581 642 173 427 34 629 107 601 671 634 586 610 656 652
434 664 575 685 621 626 657 599 660 592 618 659 622 633 619 573 589 617 588 668 611 648 583 677 640 655 661 666 672 576 597 675 616 654 636 577 663 665 639 582 681 578 682 632 628 615 595 625 584 684 647 670 650 612 600 658 643 598 627 662 623 574 674 667 579 631 638 603 596 635 602 653 680 678 605 679 630 620 594 607 644 593 609 590 422 671 649 581 642 601 480 34 173 610 634 107 629 646 586 673 637
436 621 677 657 592 672 626 611 588 685 664 648 617 623 666 575 655 616 589 684 636 622 605 618 598 573 654 625 663 660 631 619 668 597 620 602 679 579 639 574 678 612 633 682 603 596 680 584 653 667 630 607 638 594 640 665 593 576 583 674 644 615 590 659 582 600 662 675 627 578 658 422 628 595 577 643 609 681 632 599 647 661 650 649 670 480 173 581 642 34 671 629 107 427 601 586 610 652 646 656 604
438 665 628 664 583 600 681 650 578 599 640 658 632 582 615 595 577 659 636 643 576 627 588 661 670 647 672 675 655 592 573 619 622 662 626 621 625 598 666 685 635 597 668 682 674 617 611 677 667 605 575 594 679 603 657 623 660 616 638 607 654 648 684 584 618 589 612 620 639 678 633 579 574 653 631 630 644 602 663 680 593 609 590 656 673 581 642 649 480 629 107 671 610 601 173 652 634 586 427 34 637
461 657 577 640 628 650 578 660 632 600 662 670 616 599 627 639 665 595 643 658 583 682 659 615 584 655 576 675 681 582 635 661 622 647 679 593 684 668 663 667 621 598 626 648 603 631 607 597 674 625 588 677 618 638 574 592 611 589 630 678 594 666 573 617 596 672 623 422 636 602 575 620 619 685 664 579 605 654 612 480 633 649 629 644 610 680 581 671 642 601 107 673 609 427 656 637 173 394 34 563 586
465 662 628 577 615 658 681 640 595 627 650 582 659 632 675 655 665 643 647 657 599 600 667 594 670 661 578 635 639 576 583 616 677 638 622 598 573 588 672 660 654 648 684 584 618 621 620 679 636 619 623 617 633 603 664 625 668 674 626 605 597 589 682 685 575 631 611 680 579 678 574 592 612 602 666 607 593 663 596 653 644 590 581 642 422 480 630 634 673 609 586 427 610 649 671 563 34 652 656 646 587
475 595 655 615 665 650 684 588 583 636 621 598 577 675 672 600 627 643 640 628 611 662 659 681 632 599 685 576 657 597 578 658 616 582 579 670 654 612 647 573 575 626 660 619 592 622 661 623 664 677 603 618 589 639 663 666 635 584 617 625 633 682 653 668 574 678 680 648 679 620 638 667 674 596 631 593 594 607 605 602 630 609 644 590 422 581 642 480 610 649 671 629 173 427 656 601 634 34 673 586 563
480 659 632 623 575 582 599 672 640 664 615 583 670 576 685 636 650 619 627 662 665 595 603 620 589 588 625 579 635 661 639 643 681 647 573 658 674 628 578 612 675 622 626 597 684 616 633 577 666 609 653 592 677 668 618 600 654 671 660 621 680 590 644 617 610 648 611 656 678 598 584 574 682 679 649 107 638 605 414 602 630 637 657 614 652 669 607 629 363 596 655 436 461 631 663 581 683 642 667 428 173
483 628 577 647 583 627 582 595 662 665 672 681 670 576 615 632 578 643 599 659 661 675 658 650 635 600 640 657 685 611 592 573 666 638 598 684 664 622 579 588 633 594 660 621 575 636 623 667 619 618 668 589 607 625 639 674 612 626 677 617 603 653 605 654 616 663 682 584 648 597 655 644 590 602 679 620 678 574 680 631 593 642 581 480 609 610 673 634 586 630 649 427 652 34 173 656 646 645 587 676 558
492 600 595 672 643 615 650 582 627 657 577 677 665 662 675 619 681 589 616 578 632 623 640 659 573 603 668 597 621 622 583 628 639 658 588 625 661 599 618 684 635 685 663 576 592 611 660 647 636 655 670 626 574 633 617 674 575 666 584 607 654 598 579 682 679 678 638 667 631 680 653 612 620 648 602 605 664 594 596 593 644 630 590 609 649 422 581 642 480 671 634 673 173 586 34 427 610 629 601 652 646
496 573 685 672 578 626 617 576 619 675 589 664 659 640 681 577 599 582 621 677 603 682 616 628 657 660 670 658 633 592 632 615 654 622 574 600 623 661 665 627 595 650 625 678 647 663 643 631 636 605 575 588 583 653 611 618 594 662 639 584 667 635 579 648 684 655 598 597 679 620 668 612 596 666 593 607 638 680 674 630 602 644 422 609 642 581 590 480 586 673 610 649 601 671 634 556 646 394 629 676 395
500 672 615 628 675 600 626 588 627 681 643 658 640 622 582 662 583 665 661 685 647 632 595 578 577 625 618 576 650 633 670 621 599 611 592 659 636 684 682 653 589 573 668 598 654 666 678 616 575 660 635 679 619 680 617 579 677 631 648 623 639 414 597 584 603 655 638 663 574 605 664 657 607 602 594 674 612 620 644 667 593 596 642 581 590 480 422 671 630 610 609 634 649 34 427 586 673 652 173 656 646
506 657 655 616 622 628 682 588 685 592 598 664 675 666 619 575 578 576 640 573 615 639 595 625 600 621 681 584 663 618 579 626 647 665 599 650 577 670 643 660 672 662 677 582 632 684 658 574 627 623 583 617 654 661 636 603 597 679 653 633 635 659 611 648 678 612 607 414 638 602 631 589 596 667 674 620 668 593 630 605 594 644 680 422 609 649 581 642 590 480 107 629 173 656 34 673 601 586 427 652 637
