769 865 858 862 857 879 895 870 885 859 871 866 868 881 894 874 877 887 872 867 776 884 873 825 875 864 883 886 893 860 863 876 882 804 698 888 729 878 889 861 880 703 803 745 819 805 840 713 830 719 772 810 823 708 769
772 859 885 866 867 894 870 879 857 858 874 871 877 895 872 881 776 887 873 862 865 868 884 825 864 876 863 889 878 804 729 882 886 893 875 888 861 883 890 860 753 803 869 880 747 811 819 769 708 810 703 823 840 745 830 774 772
774 859 895 858 870 894 857 866 867 881 887 885 873 879 872 874 877 776 871 865 868 862 863 825 886 876 888 884 882 889 729 875 878 864 804 861 893 883 698 860 753 890 880 703 811 803 772 697 719 828 774
776 889 729 876 863 861 862 753 870 878 894 868 879 804 858 881 871 866 882 865 819 895 825 893 856 886 890 857 884 888 811 774 703 719 745 840 769 869 805 864 772 800 697 830 810 713 747 708 823 880 828 803 875 883 860 859 776
894 878 888 861 882 864 729 873 893 884 876 703 823 856 886 859 713 776 819 804 863 825 889 774 708 869 753 880 747 867 887 828 803 877 769 874 872 840 890 810 719 885 830 772 800 697 805 745 811 698 868 862 875 865 860 883 857 858 895 871 881 894
800 859 858 857 865 895 874 885 871 862 870 879 868 881 884 825 872 866 887 894 867 873 776 863 877 876 886 864 888 804 882 875 889 729 893 861 883 878 698 860 880 753 890 869 703 803 819 840 823 713 800
803 857 870 879 865 894 866 858 895 871 825 881 889 888 884 868 864 886 862 729 893 859 876 885 861 882 804 878 863 877 874 867 776 872 873 887 883 811 856 890 753 869 703 875 860 772 800 769 810 880 708 823 819 774 745 805 697 830 719 828 713 803
804 877 881 894 776 870 862 872 871 858 867 874 885 865 895 859 873 866 857 879 868 887 884 893 864 875 840 810 869 880 803 747 719 697 800 819 805 708 745 713 860 825 823 828 830 890 774 769 703 811 772 883 753 861 878 729 863 804
805 877 870 858 871 865 857 881 879 867 866 887 776 862 873 872 874 895 859 894 885 868 886 888 825 876 863 804 882 864 884 729 889 878 861 893 875 890 753 883 811 860 869 769 856 708 803 810 719 805
810 857 859 879 868 870 858 862 865 895 894 885 866 871 881 874 872 825 887 867 863 877 873 776 804 882 884 886 876 888 864 861 875 878 729 893 883 889 698 860 753 890 869 703 880 803 811 769 819 772 697 840 805 708 830 713 719 810
811 859 862 885 865 868 887 857 867 858 872 874 873 870 776 879 875 866 871 895 877 881 894 884 863 886 698 825 882 876 888 889 864 860 883 880 878 804 893 729 861 803 703 805 713 819 719 840 753 823 747 745 830 869 890 697 810 774 772 828 811
887 753 811 889 893 870 890 869 894 879 881 858 774 857 769 861 729 876 856 868 819 840 719 884 886 871 866 745 804 825 862 895 747 703 865 805 800 878 713 882 880 810 863 888 708 697 830 828 823 772 864 803 883 875 860 859 877 873 872 887
819 866 859 879 885 895 894 870 881 858 865 872 871 776 867 857 874 887 877 868 873 825 884 862 864 893 863 886 888 882 876 804 878 889 875 729 883 861 698 860 811 869 856 890 800 769 703 803 830 772 745 810 840 823 819
823 870 866 881 858 857 879 871 894 895 865 862 868 885 877 874 859 872 867 887 776 876 873 886 882 863 825 888 804 889 884 875 729 878 864 893 883 861 860 890 869 811 803 856 769 772 800 747 819 823
697 858 870 895 859 866 867 881 882 894 877 879 825 886 857 887 885 776 884 872 873 874 868 865 871 862 864 889 863 888 804 893 729 876 878 875 861 860 883 703 880 856 811 803 810 869 774 697
698 894 811 864 869 893 890 729 870 866 769 861 889 810 859 703 800 877 840 874 819 774 719 698
825 857 866 868 859 862 874 871 881 894 885 879 877 776 747 858 865 803 867 870 719 895 890 887 800 872 819 769 828 810 869 873 697 840 745 713 708 883 830 886 774 880 876 805 860 811 823 882 875 804 753 772 888 863 703 861 878 729 893 825
828 879 857 894 895 870 858 865 881 871 866 868 862 859 825 885 867 877 872 887 874 873 864 776 884 863 889 729 893 886 888 882 876 878 804 861 875 883 860 890 753 869 856 811 803 745 747 774 828
830 857 865 870 895 862 871 894 879 868 881 858 866 867 877 874 859 885 872 887 776 873 825 888 884 889 886 882 864 876 863 729 804 878 893 861 875 883 860 753 869 890 880 811 703 769 819 803 708 747 810 772 830
703 866 857 871 894 895 870 868 881 879 859 858 885 776 867 865 874 887 862 872 873 877 875 886 804 863 876 883 698 878 860 884 861 882 825 889 888 869 890 864 753 893 729 811 803 769 697 708 840 810 713 800 745 747 819 830 774 772 703
708 857 858 868 895 870 879 859 866 894 871 862 881 865 885 877 874 872 887 867 825 776 884 873 886 863 804 876 882 875 893 864 729 883 888 878 860 889 861 703 880 803 805 772 745 830 719 810 769 708
840 859 857 865 870 874 894 877 895 885 867 887 862 881 868 872 776 858 873 866 879 871 863 886 876 882 804 825 884 889 888 729 878 864 861 893 883 875 698 860 753 890 703 811 856 869 880 769 819 772 800 810 745 840
713 895 879 870 894 866 857 858 881 877 868 871 865 872 874 859 862 887 867 885 873 884 776 825 864 863 888 876 889 729 804 886 893 882 878 875 861 883 860 811 753 890 703 869 856 769 880 803 800 810 719 713
719 870 895 858 877 885 867 859 894 857 874 879 873 887 825 866 776 871 872 881 863 865 868 886 864 884 888 862 876 882 804 729 889 893 878 861 875 698 883 753 860 890 869 811 856 769 803 880 708 713 810 774 805 719
889 862 877 868 776 874 859 872 857 865 881 873 867 894 887 885 879 871 895 870 858 866 803 875 840 697 747 830 745 800 719 774 828 713 819 811 893 880 860 869 810 805 884 823 883 698 864 703 890 772 769 708 882 888 889
856 866 858 881 894 870 871 862 895 859 879 857 865 885 874 868 776 887 877 872 867 873 875 883 860 886 876 803 863 880 884 890 819 840 697 745 713 719 828 805 823 856
729 879 870 871 857 866 881 862 894 874 776 877 858 895 872 859 867 868 885 865 873 887 875 803 840 884 880 860 747 893 719 864 800 697 869 828 774 810 713 745 698 819 830 805 890 708 883 823 811 769 772 825 703 753 882 804 863 729
857 803 729 825 703 864 708 878 823 810 769 863 888 889 893 745 884 861 886 840 830 890 882 713 811 856 774 828 872 880 859 874 869 887 800 873 819 719 776 804 885 876 753 867 805 772 747 877 697 875 860 895 866 883 894 858 879 870 881 868 857
858 878 861 869 890 769 823 873 856 729 708 882 864 874 810 774 776 859 893 811 819 713 804 867 887 877 885 800 719 888 872 889 803 703 886 825 753 828 884 863 697 805 830 840 880 772 745 876 747 868 860 875 862 883 865 857 894 866 879 858
859 893 811 753 889 819 825 810 840 868 866 745 774 800 769 856 894 864 884 895 729 890 870 708 881 869 747 879 858 876 703 857 886 804 862 719 861 880 772 871 882 865 863 878 697 828 830 713 888 805 823 803 698 875 860 883 877 776 873 867 874 887 872 859
860 869 729 878 890 879 825 893 769 811 870 889 871 876 858 804 857 864 753 894 881 866 861 888 884 863 886 882 703 865 862 856 859 895 800 708 868 819 697 810 840 830 774 885 713 745 872 823 747 874 776 873 867 877 719 803 887 772 805 828 880 883 875 860
861 866 881 858 879 894 895 870 871 877 872 874 776 885 857 862 867 865 868 873 887 859 875 893 884 803 880 810 840 864 800 719 745 860 698 747 713 830 805 703 825 774 828 869 811 819 697 883 823 708 772 769 890 886 882 804 861
862 889 729 811 769 869 890 888 825 864 856 884 893 878 776 861 810 753 863 874 804 885 882 872 876 708 830 886 823 859 745 840 800 887 828 877 805 703 819 713 747 867 873 880 803 774 697 719 772 895 894 866 870 860 881 858 879 875 871 883 865 862
863 877 857 776 870 894 871 879 881 862 874 867 868 872 866 865 885 858 859 893 873 864 840 884 887 895 800 810 719 880 869 774 747 803 697 819 890 811 713 805 745 823 828 769 708 830 875 703 825 860 772 883 856 753 729 804 863
864 881 866 894 857 862 871 879 868 858 859 870 895 886 865 874 885 876 747 890 877 803 863 883 776 804 753 882 867 819 869 880 872 719 887 840 828 697 745 769 713 873 888 800 698 810 729 878 830 811 861 805 860 774 708 875 889 823 772 703 864
865 769 811 890 745 889 823 830 840 810 803 856 729 819 861 804 776 882 708 884 864 872 825 800 878 874 863 893 747 859 885 828 888 869 805 703 774 713 886 887 753 876 867 880 873 877 719 697 772 866 895 894 860 870 875 879 858 881 871 883 862 865
866 703 861 864 856 878 884 819 893 825 729 823 869 873 888 753 859 874 882 890 713 769 877 708 885 774 880 776 886 867 803 889 863 872 804 810 747 772 719 876 887 830 828 840 811 805 697 800 745 868 862 865 860 698 883 875 857 871 870 858 866
867 753 876 889 729 869 861 893 870 811 774 894 890 881 804 858 863 866 745 819 719 840 879 886 825 878 868 769 895 703 884 882 857 772 888 805 830 856 871 697 880 862 828 865 800 713 747 810 864 708 823 803 883 875 860 859 885 867
868 889 825 890 869 811 708 810 859 874 864 886 888 872 776 729 703 882 876 885 769 878 863 861 856 747 884 823 887 745 893 867 804 753 830 713 840 819 800 828 873 774 803 877 880 805 719 697 895 866 894 870 772 858 881 879 871 860 875 883 857 868
869 858 879 866 895 862 868 871 870 881 859 867 894 887 857 872 885 877 884 865 873 776 875 886 874 825 864 863 882 804 860 893 876 698 729 883 888 889 878 880 703 861 745 803 830 810 719 819 805 800 713 772 840 823 747 811 828 753 697 869
870 729 823 873 878 861 890 810 882 856 869 769 708 713 863 703 803 776 888 886 774 859 719 874 819 893 867 804 830 840 887 885 872 884 864 889 877 828 747 753 825 880 811 805 876 800 697 772 745 868 860 698 875 862 865 883 857 866 870
871 878 729 893 703 882 861 823 864 869 856 886 888 825 769 874 863 890 873 884 877 804 889 776 708 819 880 876 885 830 872 803 859 810 753 800 828 719 887 774 805 713 745 811 840 867 747 772 697 860 875 868 883 865 862 895 894 866 871
745 865 859 857 874 867 862 877 868 885 872 776 895 873 887 871 870 858 879 881 866 894 825 884 864 888 876 882 889 886 863 893 804 729 861 878 875 883 890 869 860 753 856 811 703 769 880 803 819 708 772 840 828 745
872 753 889 876 861 729 886 868 890 804 819 870 811 878 857 881 862 894 858 863 888 869 774 893 769 865 871 879 866 895 882 745 856 719 840 747 825 800 713 810 703 884 805 708 772 880 830 828 697 823 864 803 883 875 860 859 877 873 887 872
747 859 894 868 825 885 870 895 866 865 879 874 864 872 884 857 887 871 877 862 881 858 867 873 893 776 886 804 882 863 729 889 888 878 876 861 875 860 883 890 869 811 703 772 830 823 828 747
873 879 870 881 866 894 858 895 753 889 871 876 729 774 861 857 811 886 804 890 719 888 893 840 745 878 863 819 869 880 868 882 769 805 862 856 825 703 800 865 747 713 884 830 697 828 810 772 708 823 864 803 883 875 860 859 877 872 887 873
874 889 753 729 893 861 866 825 868 858 871 876 870 881 878 862 863 745 856 840 769 890 894 804 888 811 886 857 879 774 884 819 800 719 865 747 864 703 810 895 882 713 830 880 772 708 869 805 823 828 697 803 698 875 883 860 859 877 874
875 729 811 890 869 861 889 804 769 882 886 753 878 703 876 888 800 810 857 894 856 893 825 819 774 708 863 870 881 871 713 879 864 823 884 745 719 859 830 866 858 697 747 840 865 776 885 828 862 772 874 805 877 867 880 868 873 872 895 803 887 883 860 875
876 877 894 776 872 867 874 868 859 873 885 881 862 893 871 887 879 857 870 895 866 884 864 865 858 840 800 803 880 719 823 875 774 825 745 810 805 747 890 869 713 811 819 697 830 769 860 708 828 703 772 883 856 753 876
877 889 876 861 863 729 886 878 804 753 866 879 871 888 825 894 858 719 870 769 805 840 774 882 881 893 745 884 895 856 713 869 890 819 830 708 862 747 864 823 811 857 868 772 697 880 703 828 800 865 810 803 698 883 875 860 859 885 887 873 874 872 877
753 859 872 874 867 887 873 866 885 895 776 877 862 894 879 870 858 871 868 857 865 881 884 864 875 893 860 825 883 703 803 886 882 805 810 719 830 800 745 840 804 880 713 863 774 876 772 811 828 729 878 869 888 753
878 894 881 871 858 866 870 879 857 895 877 862 776 874 868 872 865 867 885 859 873 887 884 840 875 893 880 803 860 747 864 810 719 819 774 828 713 697 745 890 830 869 800 811 805 703 883 823 825 708 772 769 753 882 804 878
879 729 861 873 869 878 769 823 890 810 888 864 713 819 882 893 708 884 776 863 859 856 803 703 889 877 886 753 825 828 887 774 874 885 867 872 880 876 804 830 719 747 811 800 840 772 805 745 697 860 868 875 862 865 883 857 895 858 879
880 894 866 857 895 871 859 879 870 873 858 885 874 867 887 862 877 865 872 884 868 881 864 876 863 804 878 776 729 882 825 893 861 886 889 888 811 890 869 875 883 856 769 800 753 697 830 772 860 708 810 840 745 803 774 713 719 880
881 878 864 861 729 884 873 882 823 893 856 890 889 888 825 804 869 885 859 886 874 703 863 776 819 769 867 774 872 887 876 713 708 877 840 810 830 803 828 719 805 800 697 811 747 745 753 772 880 868 860 875 862 865 883 857 895 894 881
882 894 881 895 871 858 870 866 879 857 868 862 776 865 877 872 859 867 885 874 884 873 697 887 893 840 864 875 869 810 803 747 719 880 890 819 745 823 800 774 811 830 805 825 828 708 713 769 860 703 883 772 753 861 888 729 878 889 882
883 893 864 825 884 769 869 890 811 800 810 889 729 708 703 866 878 840 745 803 856 713 830 888 870 753 858 886 894 876 882 774 819 776 804 877 885 823 861 879 895 873 863 867 871 719 872 697 881 859 874 747 880 887 868 805 828 772 862 865 857 875 860 883
884 866 881 894 862 857 859 879 886 871 895 870 890 865 868 874 877 776 885 858 887 869 876 867 747 800 803 769 882 819 804 872 878 863 753 880 697 873 713 840 719 861 708 888 883 745 729 810 828 811 830 774 805 772 889 823 860 875 703 856 884
885 811 893 753 769 861 819 881 729 889 866 825 890 868 856 862 870 886 876 858 804 719 774 879 840 871 810 747 894 800 869 857 745 895 884 863 772 703 865 864 878 882 888 708 880 823 830 828 713 697 805 803 875 883 860 877 867 885
886 877 894 871 872 868 857 870 884 881 893 879 885 859 866 874 862 864 776 873 858 867 895 887 865 869 803 840 697 719 875 747 825 805 774 800 890 823 810 819 811 830 769 880 745 708 828 713 703 860 883 772 856 753 861 888 886
888 894 862 866 857 879 871 868 881 870 877 895 874 858 872 776 873 865 867 803 885 859 887 893 840 884 719 774 745 805 747 830 875 864 819 697 713 800 810 811 823 828 869 880 860 825 708 890 769 703 883 772 882 753 886 889 888
893 859 866 871 881 894 885 874 857 879 862 867 887 870 858 886 876 776 872 877 895 868 865 873 863 883 804 890 803 882 888 747 861 878 819 753 869 880 729 697 860 769 719 698 828 889 875 745 800 840 810 713 708 830 805 811 823 774 772 703 825 893
890 895 858 868 862 879 865 870 881 866 859 857 871 872 885 887 867 884 874 894 776 873 825 877 875 864 893 886 882 860 863 876 883 698 729 804 878 888 880 703 889 803 805 745 861 719 810 772 713 840 856 830 800 819 747 774 823 828 811 890
895 890 861 869 882 769 873 703 713 878 708 729 823 753 856 819 859 774 884 719 810 888 889 864 880 830 828 776 804 840 893 803 872 747 877 800 885 825 886 867 876 745 697 887 874 811 805 772 863 868 862 865 860 883 857 875 871 879 894 881 895
