686 817 826 715 809 792 793 755 756 738 718 832 830 838 707 842 788 846 717 739 749 686
687 850 689 767 699 839 749 791 806 768 714 833 712 802 691 796 736 816 746 786 725 818 788 855 852 721 750 822 702 771 782 692 744 757 707 733 798 785 789 732 717 735 813 841 743 790 854 775 715 742 832 799 825 711 722 851 821 794 776 846 756 812 740 698 804 811 710 836 848 829 761 762 734 690 693 837 713 729 727 704 755 842 741 835 795 738 700 770 831 784 845 769 810 753 815 705 778 814 773 803 706
688 850 789 743 788 732 725 707 768 702 806 689 712 802 818 767 796 746 791 839 822 691 771 714 733 816 742 699 736 833 692 855 744 721 852 749 775 716 825 782 722 799 813 757 776 710 836 715 762 798 786 790 808 750 717 764 730 787 832 814 795 755 729 700 735 783 718 690 837 843 741 809 711 763 804 851 758 829 817 797 841 854 708 720 704 831 793 769 812 703 759 848 753 761 698 803 728 738 827 810 785
689 823 843 827 687 853 708 752 830 709 761 754 856 779 741 849 814 809 792 787 807 755 824 836 819 693 748 705 826 793 727 694 747 773 797 704 770 763 715 834 764 720 777 772 718 701 688 783 724 810 729 739 835 760 696 716 778 800 698 700 842 838 799 848 731 758 785 726 769 723 738 774 820 703 844 828 781 846 753 851 766 815 840 710 695 697 728 730 762 737 817 831 765 751 735 706 837 690 734 780 756
690 743 804 782 691 759 732 786 699 818 725 813 833 707 789 712 742 729 749 788 771 753 802 702 799 776 714 689 811 839 806 835 757 767 846 791 775 698 700 715 822 736 796 720 768 779 825 783 730 762 746 812 851 816 738 735 856 697 744 763 701 733 772 764 750 819 837 838 803 792 704 710 854 807 739 709 756 728 808 849 785 755 815 723 817 795 760 828 832 787 843 850 814 769 841 855 800 840 829 826 765
691 844 720 748 831 847 835 740 700 823 799 695 703 837 851 838 830 750 761 815 717 805 731 770 737 709 774 834 778 817 773 810 690 809 853 704 715 716 828 734 827 779 764 726 785 693 718 826 807 752 719 760 848 836 824 708 843 741 687 832 754 751 727 739 784 711 694 706 696 794 800 766 756 840 772 811 849 758 793 842 723 755 777 745 724 762 855 697 765 819 688 820 735 812 769 798 738 845 846 763 790
692 701 738 724 696 715 759 814 842 846 693 760 777 844 766 805 785 731 826 737 756 817 734 834 772 695 819 792 794 778 742 786 829 827 687 711 830 847 764 697 821 784 709 751 761 752 722 800 765 723 688 795 780 828 754 781 853 708 838 713 851 755 793 706 831 787 700 739 705 813 774 783 840 704 835 810 726 707 779 718 849 745 820 808 727 845 836 807 703 848 837 694 797 823 809 728 746 762 753 730 803
693 771 689 804 822 714 775 749 757 712 702 692 691 839 789 791 782 767 743 768 850 786 833 736 788 746 732 806 744 816 699 716 818 855 802 742 725 707 808 796 813 733 852 721 717 798 841 783 825 759 779 704 735 856 741 753 729 807 728 739 730 758 765 843 761 811 793 710 831 764 776 755 809 720 740 795 763 690 821 837 836 817 703 799 835 687 797 851 762 790 748 769 711 722 845 751 787 854 848 750 838
694 802 804 689 782 714 788 818 732 691 707 789 729 791 771 811 725 699 822 776 833 806 816 825 712 767 850 796 768 746 702 743 763 742 736 839 749 786 808 721 757 775 698 753 832 716 772 750 765 730 836 783 790 755 692 856 787 803 793 809 764 841 799 835 704 728 770 761 720 807 759 715 813 744 741 733 740 735 762 837 739 797 817 718 814 758 748 851 708 846 812 819 785 854 769 852 855 779 849 693 843
695 791 691 822 746 802 804 771 786 712 818 767 732 788 736 806 689 699 692 850 743 782 796 702 816 833 714 839 808 735 776 789 707 729 825 721 742 753 725 741 744 749 768 775 757 811 855 843 763 740 841 797 851 856 790 852 807 769 832 755 764 750 798 698 717 793 783 759 761 809 772 730 728 708 765 733 716 817 835 690 720 836 831 758 803 748 787 710 799 849 800 785 703 837 779 704 819 813 854 848 687
696 692 850 816 712 771 833 791 721 689 736 707 691 855 822 714 802 852 767 788 806 818 743 702 768 746 699 732 789 796 839 742 811 782 798 725 717 825 804 750 716 776 769 851 799 841 775 735 808 729 728 763 783 749 836 744 832 790 698 730 817 720 803 787 835 761 809 740 759 813 741 757 797 753 856 786 764 758 755 772 733 762 713 793 831 704 785 708 703 690 848 821 837 710 765 748 845 812 843 814 770
697 712 746 816 721 699 833 736 768 742 822 851 743 775 767 786 707 757 782 850 691 689 714 855 852 749 733 813 692 788 806 716 841 839 702 750 791 732 717 690 796 790 771 789 725 802 832 740 836 817 785 798 710 763 799 797 804 776 741 762 831 846 711 787 720 783 764 803 795 722 718 811 829 759 812 758 793 808 809 825 770 755 730 715 704 703 814 821 748 737 810 713 744 761 700 728 738 735 756 847 854
698 796 788 806 768 712 742 802 707 732 702 821 767 786 743 833 822 789 850 689 818 714 733 839 725 722 816 736 813 746 783 704 711 759 791 740 808 690 799 831 841 771 845 795 738 829 737 748 836 691 770 699 782 749 700 785 721 817 694 757 842 846 716 701 741 826 809 706 750 762 764 797 793 775 715 784 755 777 847 854 687 727 744 794 703 695 763 710 853 718 696 758 724 815 726 778 730 849 779 773 781
699 741 847 762 810 711 716 709 849 836 799 727 781 827 697 706 773 769 805 710 687 853 814 751 784 817 785 795 831 756 846 690 837 763 765 809 723 856 811 715 835 747 731 754 753 703 719 842 820 834 760 704 755 840 794 770 792 780 705 823 752 766 829 830 824 808 838 718 694 793 845 728 748 772 734 800 738 695 854 844 821 843 776 774 696 724 730 777 826 700 722 761 783 764 819 726 737 729 708 787 701
700 691 791 802 736 822 742 771 689 767 721 735 729 816 782 806 714 712 796 804 850 741 818 746 699 825 732 811 702 807 769 730 725 788 690 786 728 744 797 716 841 763 833 759 798 808 707 753 776 789 764 848 740 852 819 698 772 692 839 793 809 765 775 761 856 755 739 855 708 749 783 787 831 717 743 757 710 704 836 817 747 790 750 774 748 713 832 803 720 758 768 762 843 835 779 709 688 715 703 821 814
701 692 712 802 757 791 732 789 689 775 702 776 839 743 822 714 852 796 806 833 850 767 855 768 816 771 749 750 725 818 788 717 691 798 825 736 733 699 707 782 790 721 804 761 769 735 832 841 811 843 746 742 729 763 753 690 851 744 698 710 836 799 817 803 807 765 808 787 831 720 740 759 716 741 730 797 755 813 764 837 856 854 779 835 737 783 847 800 809 706 711 786 785 795 728 715 812 722 762 793 845
702 745 830 799 774 748 823 826 720 849 762 832 704 809 840 810 754 763 761 793 770 718 731 752 698 723 790 836 708 820 814 764 803 797 751 724 817 688 693 772 716 739 701 792 827 838 781 741 835 779 760 807 766 710 755 709 785 787 848 747 842 828 734 705 853 758 815 715 824 727 804 687 737 696 837 831 690 845 713 854 825 813 784 756 834 777 695 794 843 730 778 821 856 738 700 694 726 765 808 719 728
703 833 850 712 736 796 707 691 721 806 816 782 802 788 732 725 791 822 746 839 699 767 789 768 818 743 689 771 786 714 813 742 733 744 776 795 785 735 702 829 749 722 761 799 775 710 757 851 704 790 821 825 692 698 854 762 811 846 804 855 734 848 769 729 852 798 832 717 693 756 711 841 750 814 713 800 715 812 770 794 837 700 772 724 723 753 738 701 751 810 695 697 826 760 696 706 842 766 792 688 727
704 822 743 712 768 816 804 742 702 707 782 767 691 729 689 811 732 746 771 825 699 721 733 850 759 851 818 833 735 786 714 736 856 698 753 788 802 715 725 839 791 776 789 798 837 757 795 708 769 717 807 800 852 775 765 843 730 790 834 855 773 809 836 779 815 726 806 842 796 738 847 793 719 706 814 711 817 819 794 749 812 838 710 755 758 832 778 690 692 787 831 703 693 722 829 828 752 808 737 763 784
705 839 689 771 746 712 816 833 767 707 782 725 743 806 822 788 732 768 699 702 786 721 736 789 691 818 744 714 733 796 802 717 852 798 791 804 855 742 749 729 692 850 811 769 753 776 851 821 735 775 757 812 785 837 807 698 813 723 841 825 777 779 795 846 687 751 700 708 765 856 740 790 854 848 710 832 838 716 730 763 840 750 704 701 709 817 690 711 727 815 830 696 792 688 824 826 756 797 774 734 783
706 791 699 802 850 691 818 732 714 746 771 753 767 833 782 788 804 763 725 825 789 768 689 806 712 707 736 816 776 796 822 786 716 702 839 739 721 743 832 811 728 797 742 841 704 692 744 807 733 750 698 730 749 790 741 735 808 783 757 851 855 755 720 848 765 740 793 761 775 729 852 772 787 803 708 836 779 764 748 717 769 799 820 759 821 701 770 843 723 798 690 837 817 835 849 747 758 819 856 709 809
707 835 856 753 739 779 754 780 823 774 769 703 807 819 726 735 761 717 688 848 812 798 715 708 827 821 820 847 840 718 704 727 698 740 747 849 709 809 831 764 830 803 824 710 705 690 810 770 815 763 694 696 720 760 855 814 745 832 765 853 697 828 772 854 808 805 750 762 737 755 792 790 793 756 730 846 716 834 775 777 843 758 738 811 837 797 744 748 844 711 741 781 799 852 845 825 785 728 729 687 836
708 712 768 742 767 786 689 707 749 839 771 714 796 789 702 816 750 822 691 733 833 725 732 736 806 746 850 790 757 795 818 759 721 841 788 699 821 740 791 775 802 704 832 711 710 837 782 692 813 722 761 829 785 851 743 799 779 744 811 776 716 739 700 737 723 777 848 835 855 836 831 741 690 792 706 854 695 751 762 715 770 728 846 847 815 717 758 853 805 852 812 756 817 793 825 763 701 810 752 844 745
709 850 699 689 839 691 806 822 786 707 732 746 802 833 743 768 702 788 725 816 712 818 771 714 804 767 721 782 796 733 825 791 736 851 692 750 803 813 789 715 710 762 785 846 757 775 799 811 832 841 742 814 740 690 759 836 776 790 831 711 749 729 787 716 783 854 722 810 763 797 808 734 795 793 852 756 735 761 730 700 753 809 720 855 812 842 827 755 738 807 817 800 798 829 693 728 758 698 717 784 748
710 833 746 699 850 761 816 818 835 771 707 802 702 743 806 768 755 712 736 772 689 839 744 691 804 805 782 767 817 725 788 813 791 777 757 721 742 819 789 793 844 775 837 749 838 765 729 740 807 786 811 708 840 709 822 714 739 769 733 764 783 717 792 748 713 756 812 843 799 855 704 732 753 701 823 856 808 797 719 778 690 776 718 703 809 758 815 688 741 751 723 851 794 845 779 841 715 846 700 697 796
711 699 811 802 771 736 816 691 746 804 743 717 776 798 788 791 721 818 698 732 753 855 725 707 856 755 790 712 789 837 692 850 835 689 744 772 783 729 782 806 843 761 808 833 714 796 708 730 763 852 809 841 741 767 807 765 832 769 728 764 819 799 848 704 735 825 786 797 758 779 792 821 822 748 838 687 750 775 787 720 839 836 742 770 740 716 709 702 757 718 749 747 793 831 739 812 713 762 697 845 690
712 708 823 718 770 703 697 807 715 781 748 824 704 698 765 747 754 735 696 793 797 815 760 755 776 701 764 827 727 726 803 856 840 808 774 836 745 846 758 830 849 819 825 741 809 834 847 762 769 831 761 837 780 772 792 693 835 705 820 723 783 799 688 739 810 753 687 794 730 826 731 716 817 838 779 787 842 814 720 728 828 853 690 709 811 832 695 756 738 843 773 737 710 778 752 800 784 777 751 700 845
713 729 749 753 717 775 702 767 757 855 852 791 733 763 728 714 839 841 740 730 776 856 798 822 843 789 835 802 837 771 735 692 725 744 739 750 804 710 796 786 765 811 732 821 741 832 836 768 825 808 720 795 716 790 783 769 689 807 812 704 846 759 815 758 792 806 700 854 797 711 803 809 764 779 715 785 687 743 838 793 703 770 727 819 723 799 849 691 696 761 718 709 755 737 699 756 697 706 820 826 712
714 830 820 823 752 840 718 826 834 745 723 748 799 747 792 766 755 827 843 774 724 793 817 835 708 797 693 828 831 694 741 737 760 842 761 772 751 715 809 846 815 807 764 731 824 687 853 762 849 763 814 837 787 779 720 701 838 698 803 738 770 706 777 810 800 754 696 773 812 832 709 727 845 836 758 734 704 703 739 716 688 808 697 700 778 784 730 726 740 690 848 728 756 790 781 856 765 695 847 825 705
715 744 712 767 692 788 707 771 746 816 721 791 691 789 736 689 768 732 714 818 699 833 798 776 822 750 765 743 806 749 702 850 841 802 742 839 792 782 855 729 779 704 757 848 804 686 786 852 740 811 723 807 717 825 775 733 763 821 725 690 843 793 716 769 796 709 753 741 856 730 835 808 837 838 759 687 783 845 817 840 735 754 770 815 812 728 790 777 819 851 737 688 698 710 831 832 756 755 761 720 739
716 699 850 767 796 725 768 746 691 735 822 721 702 742 833 712 736 689 816 811 717 806 789 788 839 790 714 722 707 791 802 743 855 786 829 771 851 798 733 847 841 732 852 818 775 825 693 782 800 854 756 846 757 697 706 761 777 749 715 700 753 766 778 731 738 769 844 759 734 832 843 688 781 838 785 698 696 694 744 821 784 727 752 845 812 805 708 853 774 842 795 740 815 830 760 772 713 837 711 701 751
717 707 691 722 764 788 806 759 742 817 850 716 789 793 833 786 746 711 713 802 782 783 818 743 849 761 701 816 768 795 750 820 804 779 712 822 770 765 705 848 730 748 715 797 732 738 687 699 744 736 809 747 704 741 780 762 796 696 772 755 808 829 842 807 763 787 697 724 702 823 825 814 725 803 710 728 824 727 718 693 771 791 689 778 843 826 723 792 766 758 821 781 714 835 832 838 729 754 812 785 839
718 712 850 714 771 822 768 833 796 791 707 816 767 839 702 806 736 786 818 689 691 788 789 732 746 725 742 782 721 735 699 733 813 802 846 798 722 753 743 811 769 785 744 851 776 686 855 854 717 749 795 852 727 750 841 729 821 710 825 804 692 756 757 711 843 775 698 848 734 800 772 829 792 812 819 704 835 761 740 697 690 723 688 832 856 784 790 759 853 794 738 713 766 845 773 709 777 700 799 694 708
719 850 691 788 699 732 736 721 796 791 806 725 802 833 822 818 816 746 786 775 743 757 702 771 712 782 749 804 689 729 742 704 707 841 767 740 714 710 765 789 813 855 825 852 808 717 831 832 759 836 851 772 753 763 798 821 741 779 735 715 835 811 716 750 761 690 785 797 812 856 790 803 783 777 730 846 769 787 692 739 758 744 770 776 807 711 709 762 754 778 854 837 693 793 723 844 809 748 738 839 687
720 691 822 702 767 771 791 816 850 806 789 786 818 788 743 732 796 689 744 802 725 839 714 768 712 707 833 736 746 782 729 742 775 851 757 721 749 821 759 699 733 829 785 841 690 812 848 813 811 837 761 735 798 722 846 740 799 831 835 711 852 795 713 701 838 842 847 750 804 741 854 727 762 772 706 715 753 814 717 693 855 815 777 700 825 845 697 696 856 716 704 853 770 826 724 754 819 694 738 780 765
721 727 808 819 697 753 835 764 703 820 792 761 755 741 793 809 715 856 783 849 728 760 716 696 837 840 763 780 795 730 787 853 797 747 740 704 719 739 823 700 827 745 738 765 751 735 805 779 803 718 826 687 737 705 777 825 843 836 723 769 772 815 749 847 711 709 846 770 854 758 838 832 817 757 754 811 781 720 748 799 708 722 807 710 814 824 773 756 776 784 726 842 848 790 830 844 750 834 701 729 810
722 729 855 804 825 852 775 717 769 753 757 856 763 841 776 771 749 797 698 716 798 730 740 699 718 721 793 725 739 836 691 811 799 819 758 787 802 735 808 692 765 850 779 755 807 732 790 746 809 708 736 689 832 741 743 747 720 764 818 728 816 788 791 688 748 817 744 833 772 703 687 814 714 762 723 835 838 782 840 774 750 704 759 803 783 792 851 821 712 761 812 831 709 815 823 786 770 778 697 844 751
723 714 788 802 775 789 725 732 818 702 806 712 822 699 742 796 767 850 691 689 839 833 816 736 825 721 743 771 757 768 852 791 746 782 855 715 692 733 749 707 753 735 729 776 730 744 717 835 798 804 786 722 787 710 814 708 769 811 690 761 762 797 829 837 759 799 851 809 808 836 763 765 817 741 716 813 843 803 728 841 764 807 831 812 783 755 795 711 718 713 705 856 706 815 779 827 720 703 832 805 790
724 802 692 732 791 725 771 714 818 767 806 702 789 689 788 850 691 822 825 775 776 757 699 804 743 712 855 729 839 735 749 796 816 750 811 782 746 717 852 721 833 736 798 755 783 808 851 763 790 707 730 843 768 765 741 799 856 779 841 769 835 836 764 710 698 744 758 832 797 728 809 793 720 845 831 807 716 815 812 787 740 733 703 854 753 817 803 690 837 718 708 748 770 762 761 759 704 849 772 838 846
725 830 793 826 724 737 772 688 748 809 817 835 823 741 716 820 723 824 762 747 774 751 752 755 840 834 779 731 738 770 792 754 849 703 690 838 831 807 842 745 765 837 797 718 720 705 708 787 727 761 803 821 739 827 764 832 687 843 709 760 810 777 853 773 815 698 814 836 740 758 799 701 694 728 763 828 804 808 778 819 719 730 848 846 790 710 706 711 766 704 812 781 756 722 794 800 759 729 845 783 700
726 707 712 767 850 736 789 691 746 791 782 816 822 802 689 806 839 768 786 742 788 833 771 743 714 699 804 818 721 732 702 776 796 735 725 851 704 811 750 729 733 787 855 692 808 825 763 728 730 749 744 783 717 813 852 832 765 790 761 775 837 757 803 799 741 793 698 753 856 769 710 798 843 797 817 740 716 835 841 720 764 831 809 829 785 755 758 779 748 772 759 762 807 722 854 739 795 846 770 836 708
727 732 822 721 788 699 712 768 767 707 689 743 789 791 850 736 816 806 691 725 742 796 771 702 714 746 818 833 802 782 786 804 839 855 835 837 729 852 807 717 790 757 759 718 836 765 716 841 730 775 749 787 741 832 799 692 728 763 720 779 698 764 783 733 704 798 797 739 821 856 814 776 740 808 750 753 713 687 793 715 772 825 774 762 843 831 803 769 735 817 777 813 809 690 761 748 755 710 758 829 811
728 816 746 833 791 736 850 721 806 743 768 788 796 813 712 822 767 782 786 689 725 699 785 839 714 854 691 742 732 707 733 789 818 713 744 794 851 846 702 829 757 750 700 842 775 802 855 852 738 749 821 762 706 771 711 847 717 814 722 795 798 784 756 799 776 812 715 790 731 690 800 740 761 696 834 751 841 815 726 693 735 727 769 848 778 692 734 844 853 825 766 704 772 810 695 811 826 760 724 804 694
729 722 768 846 713 704 808 832 790 788 742 829 818 689 850 733 826 821 816 796 791 700 690 694 786 737 839 720 789 732 833 773 731 715 784 848 806 795 817 738 766 746 756 724 851 707 734 699 853 805 725 831 794 842 837 771 799 711 785 710 762 847 803 752 721 802 736 695 712 702 727 758 820 793 778 844 761 845 834 701 777 748 719 705 745 723 760 764 800 714 751 854 759 780 809 843 717 726 814 813 812
730 816 768 736 791 746 742 833 822 850 712 721 813 839 806 733 851 767 829 786 796 689 707 722 714 725 772 699 761 818 702 735 691 785 732 812 800 789 717 756 744 700 855 757 788 811 713 847 854 795 771 799 846 782 711 852 749 690 704 762 842 810 841 715 815 825 798 775 723 835 778 738 706 751 792 826 821 848 773 727 724 694 844 784 794 776 726 693 837 790 853 701 752 750 828 802 692 740 769 814 696
731 691 743 702 767 725 789 714 712 699 839 689 692 804 732 806 833 736 768 729 802 788 825 771 782 822 791 816 707 742 775 749 744 757 796 733 850 818 721 776 716 750 746 763 728 811 753 855 841 813 808 783 852 735 787 799 851 704 790 856 740 730 786 741 717 803 755 832 797 848 836 798 761 809 698 835 793 739 779 765 748 817 770 718 812 710 769 837 720 819 758 807 703 747 772 687 764 831 843 762 854
732 727 724 820 830 688 817 739 826 747 787 755 781 836 723 849 778 741 748 823 698 758 792 690 856 720 777 709 701 752 703 715 745 835 815 809 824 704 760 753 819 793 718 828 797 770 780 761 840 694 719 842 845 708 853 705 773 837 706 774 754 832 807 756 790 772 810 731 695 843 729 834 740 799 852 847 808 825 814 766 794 711 769 804 696 693 803 765 751 827 763 798 716 784 738 831 700 728 776 730 812
733 823 856 765 753 807 840 838 708 769 808 759 772 837 804 729 698 758 741 787 755 704 763 811 748 761 730 770 797 783 718 793 803 754 835 809 747 779 709 825 848 739 832 701 716 764 762 703 815 688 819 774 740 728 792 713 687 705 851 812 778 844 836 828 735 697 720 800 831 715 775 827 790 843 731 723 830 693 821 817 745 810 820 799 826 710 780 846 757 752 785 690 824 845 721 849 760 706 699 798 834
734 691 789 791 702 850 692 714 744 699 757 767 749 712 822 736 816 689 775 729 771 732 802 743 782 808 839 725 818 768 765 742 707 735 825 833 788 806 852 855 716 856 796 807 746 758 753 835 786 843 804 721 798 759 809 717 797 769 811 741 848 837 728 779 776 703 739 841 709 718 687 783 704 790 836 793 772 755 761 730 748 733 799 698 747 817 690 710 764 838 720 762 851 740 819 774 787 831 832 815 813
735 832 743 712 821 707 742 736 746 716 782 816 788 750 833 749 764 700 787 790 721 822 718 704 763 691 768 779 785 806 850 803 796 739 689 738 757 730 789 804 695 724 732 777 783 793 733 817 699 759 799 786 722 687 754 794 844 780 773 714 726 820 701 797 734 756 839 775 813 829 809 818 795 845 713 778 741 836 690 723 740 720 770 834 841 702 711 802 849 848 737 703 751 715 846 805 725 762 808 748 696
736 765 703 835 753 809 739 823 819 730 856 815 741 797 787 728 697 849 718 735 700 837 715 764 756 726 830 808 727 836 769 807 843 770 758 716 834 792 711 687 846 760 696 780 719 824 779 827 755 720 783 854 847 820 708 803 793 737 853 799 710 723 754 828 705 740 811 731 832 698 751 695 773 704 817 738 810 747 763 840 845 693 838 761 748 800 812 772 831 701 745 790 734 781 826 798 766 709 777 784 805
737 743 725 788 818 691 714 791 850 802 806 771 804 839 816 692 736 782 729 822 721 712 707 833 702 689 750 841 753 762 767 699 749 732 852 776 757 814 799 775 825 746 698 789 740 744 742 786 854 796 851 811 855 763 856 735 813 739 769 708 715 772 836 704 733 808 716 717 846 795 798 710 797 770 790 832 756 741 785 761 759 701 849 778 812 787 810 758 730 807 827 755 848 819 711 768 781 803 720 793 713
738 692 825 802 771 725 788 767 839 791 850 714 789 721 749 689 712 744 746 818 822 837 691 736 699 775 750 707 855 729 735 796 816 776 732 852 769 798 702 757 811 717 806 841 753 763 698 728 716 768 690 740 686 704 804 833 730 742 817 807 812 743 843 797 741 808 821 793 782 733 779 755 856 848 783 832 765 761 790 787 831 815 809 739 845 835 720 836 851 759 785 758 764 849 687 709 772 819 718 703 708
739 788 707 736 742 806 732 839 786 816 833 768 782 702 743 712 850 791 689 691 789 802 746 721 725 818 776 822 714 767 771 733 735 722 796 762 813 785 825 798 795 854 699 829 706 855 710 799 713 846 810 794 804 692 690 700 708 851 737 811 729 790 717 693 814 800 803 832 852 769 841 734 756 711 715 770 761 716 842 727 784 738 750 766 744 856 772 753 760 773 843 686 812 698 815 826 845 759 821 763 694
740 691 707 782 789 816 796 721 742 818 788 743 829 768 725 736 732 804 746 712 839 833 714 806 843 698 722 814 822 851 733 828 769 715 790 845 708 767 710 713 689 771 774 813 838 702 699 776 810 738 737 803 791 735 765 807 700 848 847 795 836 786 856 720 811 812 850 753 834 719 787 800 762 759 764 729 819 824 741 697 760 817 846 709 745 842 802 832 763 695 728 799 711 716 794 751 761 701 754 792 755
741 699 768 816 689 839 725 736 813 721 746 833 743 732 850 712 714 788 806 822 742 771 782 702 691 767 775 733 789 795 825 798 700 707 829 796 854 818 756 791 786 855 852 790 785 717 802 841 759 811 757 711 749 715 745 735 695 722 805 851 800 843 832 698 810 713 740 812 706 738 710 847 821 779 693 744 769 814 784 727 720 761 701 724 753 844 729 777 846 734 834 751 778 697 708 794 842 726 766 762 737
742 856 750 708 769 835 765 698 843 739 823 704 753 775 840 811 815 800 730 735 757 763 697 838 741 729 770 798 723 755 717 716 776 748 854 852 700 855 787 718 845 727 807 740 772 799 820 832 754 792 837 690 749 849 836 726 812 715 824 783 847 747 764 720 780 819 756 846 703 745 761 779 808 810 774 825 692 785 758 797 803 790 728 710 804 831 848 688 731 809 853 696 828 751 827 693 844 851 841 694 762
743 690 835 761 820 819 737 831 704 688 772 735 826 844 770 811 756 840 810 800 731 754 809 765 727 741 720 832 823 853 780 728 790 830 739 792 698 847 799 709 769 701 693 705 697 845 848 827 773 781 836 766 777 715 711 740 838 821 703 776 745 710 846 778 812 814 748 824 828 723 726 696 717 716 752 751 803 747 760 793 774 695 834 724 758 837 817 755 785 798 750 815 825 718 851 843 719 694 734 794 762
744 814 832 715 765 790 759 755 787 720 817 842 810 851 738 781 856 829 734 710 834 822 811 836 797 809 835 762 707 813 799 705 831 786 793 751 855 693 687 782 703 846 783 773 803 728 778 711 837 764 730 808 731 792 768 804 756 852 826 717 745 843 847 700 718 796 758 763 688 691 721 769 805 827 795 742 800 737 713 695 690 712 788 723 706 794 798 760 701 784 747 853 779 722 774 716 785 748 777 708 689
745 702 822 714 712 789 839 771 732 791 725 788 833 767 707 721 850 743 691 806 768 742 796 818 746 736 782 802 689 744 841 699 816 733 786 757 741 804 852 776 729 749 775 798 759 740 735 717 753 692 855 785 761 769 851 716 825 730 846 750 821 848 783 728 708 811 710 837 765 770 829 779 690 763 722 812 807 856 831 817 778 687 819 772 711 832 849 704 845 777 836 835 843 764 734 756 797 701 808 794 795
746 835 697 770 856 728 819 765 710 837 803 715 730 741 760 716 792 777 811 838 705 735 807 820 809 763 726 695 709 832 843 836 828 754 827 703 847 704 769 790 718 787 853 780 845 808 773 823 687 688 739 834 711 815 799 795 779 824 756 855 720 831 761 753 798 706 849 797 738 717 774 727 812 781 846 854 708 698 740 764 758 805 852 826 757 841 696 794 784 814 745 693 793 810 751 729 700 747 776 748 775
747 771 768 806 822 712 839 732 850 714 788 818 689 725 707 802 699 721 767 702 796 789 742 833 816 736 786 733 691 743 855 775 746 798 852 791 757 717 749 750 782 813 722 785 744 851 759 841 799 795 735 704 846 854 711 700 829 756 692 790 710 761 776 814 832 734 812 769 825 706 821 847 762 740 772 715 738 843 693 800 753 729 811 766 777 727 784 794 845 731 690 737 723 826 844 805 695 778 842 708 792
748 691 822 702 839 712 714 806 767 725 689 789 732 850 771 818 791 742 768 788 802 733 743 786 798 852 699 796 833 736 816 855 707 769 721 746 776 782 717 811 813 698 846 729 710 753 829 851 722 812 711 744 735 749 785 795 854 825 794 821 759 832 835 790 700 800 815 778 814 804 706 761 756 704 692 693 803 856 734 819 772 757 799 848 810 775 695 762 715 750 777 738 843 727 844 766 709 828 726 731 701
749 765 803 794 843 817 708 713 851 829 687 693 807 769 800 832 735 762 826 738 715 814 722 788 790 742 690 701 772 721 813 773 795 734 770 751 774 720 784 782 805 849 837 759 737 856 697 809 835 731 761 764 710 831 781 736 799 746 724 756 755 716 747 820 719 791 766 730 723 838 810 783 823 728 776 694 741 792 707 798 752 760 847 830 842 705 688 834 786 698 804 797 695 853 691 745 779 718 793 704 833
750 742 691 782 768 786 833 735 708 769 816 715 795 765 759 687 822 707 814 701 798 829 813 737 738 819 717 753 828 743 837 792 746 842 771 721 796 712 754 808 827 709 728 834 807 794 699 855 817 697 724 787 852 845 767 747 752 736 838 835 778 790 760 774 713 732 823 856 815 702 789 731 840 755 696 780 850 690 851 773 806 775 788 800 706 843 818 726 793 718 758 733 711 779 698 791 821 830 757 729 751
751 822 767 806 833 699 725 796 771 702 714 691 818 721 789 736 712 825 743 839 788 689 749 746 850 732 816 744 791 775 692 742 707 768 802 757 753 841 811 786 782 776 735 729 852 750 730 798 710 855 761 740 728 804 704 716 836 759 769 741 763 843 765 808 690 785 708 755 717 722 848 790 698 787 803 821 832 783 849 854 693 758 799 756 733 797 835 845 770 819 772 812 720 793 813 856 809 807 703 762 831
752 791 818 714 802 796 689 771 822 839 767 806 702 725 732 691 788 789 699 712 850 743 833 768 692 707 729 852 804 855 750 816 736 749 763 721 832 733 798 790 782 746 787 716 744 704 775 825 776 757 786 730 769 841 717 799 808 811 735 803 741 783 761 720 708 753 821 742 817 779 835 740 710 836 812 755 728 813 765 797 785 772 698 770 762 739 814 807 851 845 848 764 856 758 809 837 819 793 690 701 722
753 707 736 721 742 788 789 722 786 816 733 732 712 790 829 699 806 768 713 746 689 706 817 690 795 799 839 704 833 809 813 711 756 737 802 762 750 770 832 850 771 718 836 791 831 785 818 794 845 846 793 814 783 725 738 822 826 702 691 851 821 695 716 751 767 723 715 743 700 847 701 773 796 748 782 842 694 757 764 805 740 758 710 734 803 714 775 777 784 834 761 812 841 744 705 693 797 745 808 731 754
754 707 850 689 712 768 822 767 702 743 833 725 806 816 789 746 691 699 839 742 732 714 771 736 818 733 782 788 721 776 802 851 813 750 852 811 791 735 832 855 825 692 790 796 804 715 717 841 729 786 755 753 740 759 798 775 749 757 814 763 799 843 769 854 846 829 785 720 711 730 783 716 787 710 722 797 762 765 772 803 856 741 764 817 698 836 761 795 808 831 704 770 845 793 756 690 727 738 708 807 847
755 789 786 712 788 744 850 822 689 839 796 732 721 714 725 806 768 742 791 771 816 699 702 775 818 736 733 785 691 710 795 767 707 846 841 743 802 821 833 711 855 757 776 851 825 811 749 782 717 686 722 746 813 852 829 854 692 837 799 798 750 704 724 805 848 812 835 807 729 700 761 754 826 690 810 800 735 740 738 698 715 694 701 756 695 706 792 804 693 759 842 838 844 779 794 778 790 766 777 751 847
756 788 802 791 743 806 786 767 816 699 822 736 789 833 850 691 746 759 732 712 782 692 742 707 775 796 714 702 753 729 818 725 689 721 771 808 730 716 741 851 811 744 749 807 825 735 797 769 686 768 757 836 804 710 852 728 835 765 821 783 690 763 779 813 798 687 839 837 776 718 799 856 715 843 841 755 848 787 758 812 747 817 855 739 704 777 761 703 737 709 748 809 762 698 717 838 764 708 722 740 751
757 832 803 701 722 742 693 829 843 765 817 794 835 773 790 697 769 851 782 788 820 723 734 720 813 746 708 763 724 715 713 796 721 849 826 770 762 735 786 710 759 791 687 837 755 800 690 704 707 747 807 795 738 781 736 784 737 719 731 730 716 809 728 824 751 805 768 764 691 741 774 787 856 830 766 756 745 799 761 733 846 783 847 689 694 772 709 798 698 839 821 753 695 806 848 778 793 727 732 780 797
758 839 768 806 712 788 732 822 736 816 733 689 767 691 702 771 725 714 850 789 786 782 746 721 818 707 833 785 796 742 743 699 722 802 846 795 798 744 852 825 855 729 791 813 776 851 811 753 711 769 717 750 704 734 759 829 710 812 775 761 848 841 735 693 835 772 821 803 756 799 713 698 766 854 700 715 692 724 814 844 790 800 760 757 856 805 804 794 697 832 708 737 778 690 749 815 826 738 774 762 751
759 744 692 690 790 717 813 733 791 850 763 756 704 855 750 776 796 806 771 698 832 708 757 789 749 725 818 794 720 798 799 846 761 854 848 770 735 732 772 802 769 822 839 852 741 714 721 825 700 691 795 804 816 836 716 767 760 840 803 699 715 814 689 775 762 849 788 833 727 729 747 740 745 758 841 773 743 693 811 709 782 829 734 768 722 702 810 701 837 851 754 753 821 827 748 838 845 815 751 831 713
760 791 767 712 789 746 714 721 850 732 691 771 692 689 802 702 736 788 839 699 768 707 796 725 822 806 743 816 818 833 775 782 841 742 852 749 750 855 759 786 729 804 733 744 825 831 757 851 717 740 776 798 790 716 836 690 843 763 837 808 710 817 735 779 728 758 783 835 811 704 785 832 812 765 807 739 741 799 761 797 809 730 787 703 698 813 815 748 687 737 720 764 856 829 770 848 793 762 722 803 711
761 743 782 689 822 707 691 788 850 768 721 702 710 712 714 833 839 732 806 725 852 746 802 855 733 786 816 798 717 742 736 804 763 836 765 767 813 699 730 796 759 771 749 787 789 832 783 692 711 716 795 791 701 812 773 826 818 808 835 775 729 720 757 779 708 797 843 790 794 821 829 845 834 847 846 764 703 700 753 849 793 755 815 751 803 758 728 809 792 740 774 741 841 766 693 715 722 785 853 854 723
762 699 702 789 767 725 822 712 786 768 714 788 749 796 806 691 707 802 771 689 833 744 733 753 757 737 850 791 746 779 851 739 839 782 838 816 798 818 736 732 743 729 742 717 804 765 730 819 776 690 709 721 775 728 825 811 821 852 841 843 769 759 848 783 855 763 845 764 740 807 812 735 722 698 840 837 836 820 780 787 797 832 785 720 824 856 750 688 723 703 790 692 831 803 793 687 823 808 697 792 711
763 768 702 789 689 806 839 742 786 746 788 699 722 833 822 721 714 707 816 850 759 775 791 733 796 735 818 725 736 771 691 761 757 767 706 851 712 800 732 769 829 798 713 694 715 815 852 738 811 778 711 855 744 700 772 795 717 814 743 782 844 752 825 701 847 785 690 774 812 802 848 790 821 813 784 737 762 731 841 810 766 749 724 780 845 756 805 695 740 824 846 854 696 726 819 779 704 838 794 830 727
764 822 850 798 721 712 767 852 855 771 717 736 816 691 689 702 839 707 768 714 833 735 796 725 791 813 789 786 742 818 782 769 746 733 851 699 806 749 744 692 732 825 776 811 788 785 821 778 841 757 846 795 790 812 710 700 802 837 711 722 814 690 729 753 743 762 815 761 740 775 854 799 800 848 698 829 844 804 832 701 772 693 695 727 750 835 794 724 845 704 694 688 810 697 715 842 706 713 847 723 741
765 816 736 744 749 742 712 791 746 785 743 733 850 788 767 833 699 789 757 725 839 786 768 715 707 822 721 750 691 852 855 775 771 821 689 846 796 795 802 732 761 813 714 806 841 782 848 818 717 814 702 710 829 734 722 692 704 762 854 711 836 798 740 799 776 713 790 756 832 851 727 700 701 694 825 719 770 842 724 693 794 803 706 778 847 738 849 690 784 844 726 751 766 793 853 723 695 845 810 827 812
766 822 791 714 767 771 796 833 702 692 788 743 691 699 855 689 789 818 768 816 802 839 732 712 804 850 729 725 806 746 736 707 852 782 775 749 808 825 790 716 757 721 776 717 832 841 763 798 786 744 811 733 799 836 783 753 761 831 750 837 735 758 769 765 728 730 742 741 704 740 755 807 809 739 698 720 856 817 787 690 813 843 718 748 793 772 762 797 703 848 764 770 819 747 803 835 779 821 777 829 795
767 774 708 823 826 800 820 716 799 760 824 687 720 827 752 814 715 748 751 783 764 770 754 727 762 830 832 704 726 718 840 838 849 776 756 724 846 793 803 731 794 766 765 778 810 698 817 772 837 738 842 843 705 693 809 700 688 741 745 747 703 723 780 828 797 728 701 769 758 781 697 856 784 695 851 835 819 779 709 730 805 755 706 696 785 790 848 739 713 787 792 815 853 763 834 773 734 807 710 777 808
768 708 772 741 849 823 809 747 698 729 704 730 807 797 718 754 832 803 787 838 763 783 727 758 761 716 779 827 769 770 688 840 856 750 697 835 810 687 826 715 790 755 764 739 836 824 728 792 774 820 762 748 814 830 851 831 819 709 760 720 765 843 844 693 753 808 817 778 703 793 705 834 811 726 701 805 710 800 740 799 776 731 735 815 766 696 781 745 723 845 785 846 804 777 780 717 706 828 794 812 798
769 742 788 850 707 816 699 768 722 786 712 749 833 736 743 746 733 750 782 767 806 689 757 821 789 829 764 691 721 818 732 839 748 783 795 763 738 836 793 808 740 775 718 700 771 822 704 817 799 759 831 715 785 701 770 790 744 841 702 796 756 809 716 710 803 711 725 779 762 802 832 847 777 758 845 846 813 714 696 787 794 791 705 842 737 741 723 797 773 826 695 805 713 820 848 792 734 728 739 690 751
770 712 746 839 789 743 691 767 822 768 702 689 725 742 736 732 707 788 798 786 699 771 782 714 850 796 733 852 791 818 833 806 816 721 851 749 757 753 775 717 802 855 759 769 825 698 735 715 813 807 779 711 729 795 765 843 812 774 744 811 856 845 790 776 692 837 814 829 722 739 710 737 819 808 844 815 720 708 694 713 800 703 773 834 823 690 821 700 838 706 687 817 751 804 809 764 828 697 840 778 847
771 826 747 807 718 752 720 777 693 715 696 814 764 774 724 708 810 705 751 828 817 837 830 849 843 738 748 745 741 766 856 800 695 823 710 760 704 711 820 755 809 793 700 834 815 770 722 785 737 824 819 799 838 831 787 842 781 709 754 727 794 701 773 853 706 780 758 703 694 690 779 726 812 772 836 688 739 808 687 762 847 846 797 803 840 848 723 765 759 763 792 827 716 784 731 778 845 835 753 756 734
772 768 839 786 833 743 806 725 822 788 789 714 712 689 702 767 733 742 691 707 802 850 732 710 749 771 721 699 692 855 736 730 796 852 821 854 816 813 711 791 759 843 717 746 782 798 841 763 775 790 837 779 795 785 818 757 690 832 700 836 797 808 722 694 793 787 845 829 737 815 716 758 794 720 773 764 783 812 846 817 831 744 706 695 826 728 847 718 719 853 835 820 734 778 755 824 765 803 740 739 727
773 802 699 691 689 789 782 746 775 743 757 732 804 714 725 712 771 736 729 818 749 767 839 825 833 816 721 744 788 707 735 702 761 704 806 786 850 822 753 750 742 791 783 776 813 851 759 768 730 769 799 855 832 852 796 772 835 803 798 811 817 716 692 733 841 797 856 698 717 790 785 728 849 808 787 763 770 779 755 739 777 720 846 765 741 740 807 792 854 710 848 708 718 837 687 814 809 819 828 793 812
774 767 802 702 818 707 806 822 782 691 786 712 771 796 714 725 791 768 732 816 839 850 689 788 789 746 699 742 743 749 833 733 736 841 740 757 750 763 721 783 813 775 744 692 722 785 716 799 804 829 821 761 808 770 846 854 700 704 797 795 855 836 759 825 852 711 851 729 762 815 715 812 794 758 727 741 817 755 811 787 730 809 710 701 832 835 831 717 837 734 690 845 772 748 735 842 793 728 814 756 849
775 803 832 723 742 722 693 829 820 701 755 773 794 741 790 697 763 849 796 724 843 786 765 720 707 738 713 756 747 817 809 826 760 746 788 734 782 835 793 716 768 770 837 710 731 769 791 751 719 690 715 766 708 813 787 783 824 733 830 800 691 728 792 821 737 704 795 778 780 767 777 845 762 735 842 772 799 846 761 848 797 807 847 804 736 688 687 721 781 853 839 784 694 834 745 730 818 695 759 851 856
776 788 712 813 796 850 767 786 783 701 821 742 822 722 715 808 739 743 711 768 759 694 806 724 826 816 789 690 699 754 818 738 746 831 809 845 704 748 732 721 755 714 695 817 847 737 764 706 726 797 833 795 815 793 702 779 713 736 794 829 707 837 782 703 762 802 718 731 740 725 749 784 830 836 805 780 700 771 835 842 745 751 689 848 849 778 758 723 838 766 812 765 799 844 728 839 691 696 773 710 846
777 802 771 816 791 746 850 732 689 788 806 692 833 743 714 725 691 721 825 804 782 712 707 789 768 767 702 699 839 710 736 735 851 716 811 822 818 775 813 796 742 790 729 855 852 832 769 854 744 733 808 812 753 715 717 837 757 785 776 831 708 803 698 856 749 810 786 741 798 845 763 841 846 815 720 690 787 795 762 797 759 756 814 755 761 836 711 740 730 764 800 765 783 722 773 849 728 705 719 793 750
778 691 732 796 789 767 791 689 802 782 768 839 818 850 743 712 788 714 806 843 725 692 804 771 702 733 744 707 833 816 746 764 775 763 716 742 736 855 841 729 735 750 699 822 825 776 854 717 786 757 798 730 831 704 836 710 852 787 721 813 790 811 740 728 765 797 799 749 741 837 783 690 753 748 722 755 698 809 808 761 769 807 759 772 737 832 817 758 793 762 848 779 851 795 720 803 770 856 835 687 829
779 707 689 768 833 691 725 855 796 786 852 702 712 714 839 736 746 816 788 721 798 767 806 771 735 715 789 850 818 733 742 782 717 802 813 762 804 814 795 846 841 822 743 776 690 785 722 791 704 772 732 761 769 829 799 749 854 711 744 708 836 810 750 811 693 790 756 842 770 729 741 692 794 825 710 851 763 738 800 757 699 727 784 724 716 832 734 847 803 755 848 837 753 701 700 698 760 706 713 719 845
780 707 850 743 712 782 721 732 746 833 736 767 786 699 816 806 802 771 818 742 855 788 691 768 796 791 804 689 825 822 841 839 813 789 735 717 714 775 692 725 852 702 836 776 733 854 799 750 851 749 757 790 729 763 744 762 798 832 710 740 811 785 761 787 803 814 720 716 715 808 690 730 769 846 698 783 704 829 753 795 810 755 793 797 708 772 722 770 741 831 711 843 812 827 759 758 837 756 748 809 800
781 712 699 833 732 789 806 816 702 743 767 771 689 744 746 850 788 768 782 818 691 822 721 796 714 707 736 725 757 749 804 841 692 742 839 811 855 798 852 775 791 825 716 812 786 717 776 851 790 733 729 837 832 769 802 848 750 698 740 763 753 843 813 735 765 819 835 821 785 730 815 690 846 737 803 723 708 704 741 807 710 856 831 761 779 709 700 759 845 795 756 722 808 777 792 778 787 840 799 693 711
782 832 761 792 690 790 750 831 774 835 704 809 703 694 844 800 820 740 735 803 739 741 773 780 693 823 826 705 824 726 846 785 848 855 718 853 814 778 769 770 841 728 836 793 808 697 843 700 834 737 756 830 720 805 717 764 715 757 812 777 706 758 815 754 798 828 819 687 781 821 709 852 710 727 797 695 837 779 731 794 749 807 840 744 842 775 745 760 723 854 716 765 827 701 847 748 762 766 696 787 711
783 767 768 721 816 786 852 712 689 811 776 855 806 736 839 833 742 733 717 850 698 798 851 788 796 795 769 699 744 825 829 735 790 707 711 725 691 746 761 813 775 753 812 702 690 800 822 749 791 782 710 821 854 732 818 757 715 841 785 762 774 714 789 814 693 743 771 724 692 773 729 799 756 832 802 847 815 706 766 700 713 722 694 696 848 704 726 835 709 738 846 731 772 695 727 828 778 794 834 697 734
784 699 822 691 789 767 712 729 714 746 702 771 788 749 825 791 732 816 736 721 707 806 818 692 850 757 725 782 742 796 689 776 839 802 743 804 775 728 763 833 807 744 852 716 768 753 841 855 790 741 730 856 704 835 698 787 779 786 797 761 735 765 808 769 750 740 717 843 832 811 739 798 783 837 817 819 755 772 733 718 720 764 831 848 759 687 777 690 799 809 709 836 708 710 838 803 758 792 748 840 793
785 765 699 691 808 782 702 771 689 850 692 755 856 767 735 728 822 768 796 758 742 804 743 730 707 789 807 714 753 687 833 739 729 818 843 791 718 746 741 720 764 769 788 840 779 839 799 793 725 816 787 825 798 703 772 712 797 802 709 809 763 733 698 747 708 838 819 806 732 783 716 736 817 836 823 786 744 855 717 792 852 748 777 835 774 831 790 690 697 757 848 762 837 811 834 776 761 721 745 710 814
786 708 845 772 790 755 787 832 720 774 769 756 811 831 718 709 690 753 783 739 817 750 844 812 763 825 840 807 762 793 836 698 776 695 809 779 765 770 834 856 803 849 847 687 780 705 693 697 798 728 823 726 717 729 797 764 855 808 703 761 704 730 748 758 775 810 747 837 716 820 843 692 744 805 828 757 830 804 727 715 827 824 800 719 853 851 741 838 700 735 706 815 710 852 792 771 802 745 694 821 751
787 768 786 689 732 736 822 839 744 806 721 746 811 725 742 714 712 702 788 733 735 816 833 771 789 818 850 791 812 796 767 691 841 821 699 802 795 798 761 851 707 722 782 775 838 837 846 813 750 785 848 757 717 855 743 815 692 829 749 800 740 752 826 726 778 704 769 825 711 772 854 701 723 852 799 810 727 700 762 835 784 794 709 776 844 756 690 830 694 731 819 729 843 780 738 697 777 706 856 824 688
788 739 835 792 840 769 698 847 727 815 825 756 819 688 715 776 755 737 723 761 800 753 772 793 747 720 828 830 790 703 799 820 717 758 852 832 765 795 741 803 843 735 729 856 763 738 797 694 824 842 718 752 849 836 777 798 719 724 745 728 809 770 760 762 848 827 812 766 845 831 787 748 705 823 709 853 779 687 740 749 855 774 811 716 690 814 826 726 778 810 696 695 841 781 711 757 805 706 794 834 808
789 688 755 770 826 799 853 720 760 762 807 772 723 810 748 832 781 763 827 715 727 814 817 745 836 834 753 830 708 792 778 803 726 804 820 823 840 701 740 756 734 731 773 842 724 693 765 754 849 752 718 835 846 698 739 690 784 793 703 741 738 800 694 717 856 790 787 751 798 764 716 808 747 774 809 729 769 758 766 812 705 794 831 779 855 777 776 815 825 706 696 848 854 847 824 711 735 759 710 785 704
790 744 786 782 788 702 729 821 802 768 759 743 753 746 856 775 757 848 851 822 735 818 749 789 816 804 732 716 835 767 707 806 708 691 813 712 725 714 800 736 742 711 845 850 791 839 721 783 740 701 796 733 741 689 833 769 766 846 704 754 837 815 764 772 722 831 687 750 811 814 777 797 799 771 699 849 812 697 727 763 752 829 761 765 780 817 819 853 828 728 715 824 827 706 826 779 841 805 724 854 807
791 752 695 760 724 830 817 720 700 706 765 766 756 718 842 730 728 820 807 715 777 826 701 828 727 696 687 737 845 847 774 843 834 726 703 797 734 755 745 827 739 693 748 778 810 738 840 794 844 759 849 846 688 719 764 831 729 804 838 763 803 836 694 814 819 770 823 787 711 716 832 856 853 815 792 698 780 710 795 723 784 793 757 709 704 731 713 747 751 809 762 811 790 848 835 753 799 837 805 775 690
792 788 839 782 689 714 721 746 732 789 822 712 725 850 743 702 768 736 806 816 699 802 742 796 825 833 715 707 804 692 767 771 791 818 750 733 691 686 744 775 786 852 749 851 841 811 855 710 854 717 711 690 798 785 729 757 730 829 776 761 813 740 808 722 735 769 753 831 755 810 814 713 827 836 762 708 718 832 845 783 797 704 846 799 803 817 763 790 772 700 720 758 716 795 849 809 812 698 787 759 793
793 806 796 725 839 818 712 822 788 816 689 702 721 714 767 786 850 732 798 771 789 833 768 852 855 691 782 717 736 733 707 699 743 813 811 746 744 791 802 722 851 775 769 710 735 795 753 776 686 715 799 785 829 729 742 825 704 692 846 749 757 700 814 750 815 772 841 812 761 790 738 698 800 848 693 843 854 695 706 835 711 694 821 762 759 856 819 726 709 765 844 734 826 832 713 724 794 828 830 727 690
794 749 796 767 712 757 791 775 699 691 771 818 788 789 825 732 692 746 806 804 768 782 702 822 816 725 811 759 729 850 753 728 707 802 743 735 750 776 714 721 851 833 839 742 856 736 797 689 739 841 704 744 761 807 798 837 843 831 835 769 687 852 740 779 710 730 763 765 787 748 772 808 698 848 764 786 783 817 812 855 755 741 716 733 790 717 836 793 809 758 703 832 774 799 838 815 690 720 840 718 785
795 699 788 825 721 835 804 746 850 750 755 809 741 753 729 749 797 765 717 708 783 791 769 767 855 856 808 852 704 793 787 757 816 779 691 841 736 776 702 758 739 761 832 730 698 775 692 811 764 807 803 703 798 763 837 759 802 735 744 771 796 772 817 728 740 689 836 718 799 806 812 789 823 845 821 818 725 707 843 732 712 720 819 822 748 716 747 713 770 714 848 844 790 782 690 833 849 742 737 774 693
796 817 698 793 752 703 716 718 828 843 755 820 803 774 776 856 778 751 794 708 720 766 823 740 779 826 723 807 830 687 837 810 764 688 728 797 844 701 815 719 835 729 727 760 809 831 792 762 825 747 763 811 770 775 799 730 840 759 748 787 709 848 851 745 832 813 700 785 735 756 765 819 757 845 780 772 695 758 783 738 781 849 741 812 696 694 705 761 739 804 846 814 800 821 842 790 750 824 706 838 731
797 806 822 768 850 712 816 736 714 689 702 788 791 839 732 725 833 721 796 818 767 811 746 722 786 733 813 771 829 744 707 795 782 742 691 855 717 776 699 789 700 743 735 798 756 775 785 821 851 706 794 790 749 761 810 711 772 846 757 802 852 800 812 710 738 750 799 854 729 698 695 825 753 769 815 762 734 837 848 701 847 697 692 778 784 723 838 835 709 774 713 777 773 832 704 737 727 693 792 724 844
798 764 707 742 788 793 770 715 806 850 786 746 779 789 750 816 804 748 711 691 722 817 782 783 761 741 799 833 701 818 829 716 747 732 802 743 718 768 763 736 738 704 809 687 759 787 705 712 762 696 849 739 822 836 813 832 835 842 758 713 772 797 699 785 795 700 843 749 846 765 725 810 847 825 826 781 814 720 808 702 791 730 807 728 755 752 838 757 744 837 796 778 794 723 848 745 733 693 724 820 805
799 702 767 691 699 789 714 788 816 822 712 743 806 689 746 742 839 771 736 768 725 796 811 753 732 690 798 744 721 802 707 825 851 804 850 843 791 759 722 729 698 749 735 821 807 845 769 818 793 730 737 833 785 832 837 782 812 733 775 852 757 739 790 808 780 829 765 711 755 710 779 840 803 795 776 688 709 817 728 708 844 687 856 701 783 703 696 764 720 717 797 831 841 853 846 838 849 740 774 747 787
800 767 788 743 742 822 782 771 749 689 833 691 789 714 806 768 712 818 699 839 736 790 763 850 816 841 832 725 757 707 786 730 796 716 733 802 775 692 704 791 702 746 783 732 744 804 837 729 821 750 741 787 852 740 813 797 855 836 721 808 764 728 835 793 845 755 817 779 803 739 710 690 831 825 748 759 809 718 758 829 812 703 717 849 701 770 795 777 720 848 807 798 711 843 709 799 785 722 815 846 695
802 724 777 847 694 774 752 810 834 773 756 853 820 723 698 701 738 807 703 700 830 856 706 819 843 747 695 790 709 711 737 688 840 710 826 687 720 760 845 778 739 848 832 828 792 726 838 748 761 846 829 772 715 780 831 823 696 804 842 717 762 814 690 852 716 803 731 766 727 718 835 719 704 827 765 809 753 755 798 855 793 799 779 745 754 824 815 812 851 836 770 787 705 734 817 693 794 708 758 800 722
803 775 822 768 749 757 746 712 796 767 789 788 702 782 707 816 850 786 818 839 725 833 714 721 791 736 733 771 802 743 815 806 735 837 851 732 691 848 742 744 689 813 709 729 699 821 795 829 845 740 769 811 717 759 838 841 799 814 753 690 798 701 835 831 761 852 812 722 704 777 855 758 800 739 765 694 773 692 762 700 779 726 706 840 830 805 713 715 696 697 854 780 723 748 792 772 752 751 844 847 843
804 690 722 704 694 693 789 695 733 795 821 711 839 737 826 773 791 790 709 702 731 802 847 798 777 850 740 806 852 725 706 831 792 761 700 768 710 766 732 724 805 778 846 842 785 794 780 832 717 715 786 742 814 735 799 855 834 726 727 796 779 817 829 848 822 851 812 781 744 820 771 701 818 719 843 837 844 815 830 762 752 705 714 809 853 759 767 775 745 800 756 713 841 749 738 784 707 696 828 854 760
805 699 691 822 816 692 721 768 707 782 767 788 746 850 710 804 786 749 825 833 729 852 791 689 736 771 714 743 712 757 855 839 702 744 806 776 741 732 742 753 796 735 755 798 836 789 725 802 763 716 717 790 841 832 851 775 769 733 808 811 845 750 799 803 813 812 711 698 787 843 690 758 708 720 821 793 740 704 701 809 723 765 777 722 783 856 854 779 730 759 797 770 774 820 835 795 709 849 826 848 846
806 826 793 797 817 820 809 698 747 774 828 772 849 837 748 739 823 720 831 815 751 703 758 830 756 709 718 752 723 687 763 741 755 724 728 840 787 688 754 856 717 781 737 836 777 727 853 808 819 832 792 761 798 835 845 824 825 753 799 834 705 701 842 783 715 730 769 726 846 719 810 708 800 852 716 710 780 847 762 812 827 779 855 731 695 770 843 804 696 776 700 760 745 790 838 759 778 735 694 848 803
807 712 818 771 707 768 839 689 789 850 802 791 746 749 786 733 736 714 691 816 833 725 796 702 742 813 732 822 767 782 721 829 854 806 785 855 699 700 715 757 845 846 799 710 756 750 704 743 841 836 795 722 717 711 821 788 775 727 740 852 798 784 706 814 851 794 734 738 762 832 744 690 755 770 701 790 849 837 693 847 825 695 692 812 713 842 761 808 735 787 810 766 778 776 848 723 694 724 844 763 716
808 721 712 822 729 736 785 806 733 746 776 768 782 816 707 789 699 786 850 714 771 839 725 788 732 742 767 833 851 829 811 795 695 813 769 756 698 821 744 750 702 734 722 711 852 796 743 693 766 842 761 717 855 700 691 694 689 799 715 798 843 856 810 772 846 710 724 777 735 791 818 825 713 696 738 800 690 701 841 706 726 835 753 828 790 704 692 737 815 854 774 792 719 731 794 824 844 805 838 819 802
809 850 816 833 806 768 839 736 725 689 702 782 691 743 721 712 822 707 746 714 732 699 786 818 771 788 767 796 811 789 795 733 744 753 813 802 775 776 791 798 749 742 686 855 757 717 852 851 825 804 704 711 735 769 846 722 785 729 812 698 700 710 815 761 734 799 841 829 750 837 821 844 692 693 694 848 819 695 800 854 738 713 778 723 762 766 759 724 794 835 696 756 701 715 847 709 856 688 772 828 792
810 699 802 743 702 789 691 839 771 768 767 712 689 818 707 791 816 796 744 714 725 806 833 732 788 822 736 786 742 746 852 850 782 721 749 733 841 740 730 798 739 797 808 843 763 837 779 832 817 741 692 750 775 790 755 759 729 787 855 757 848 804 717 777 792 835 709 753 821 728 704 845 764 761 776 807 851 783 844 690 765 737 831 748 838 836 793 716 785 769 720 758 849 708 813 809 687 811 812 780 703
811 813 743 742 786 746 711 704 783 699 787 829 716 797 768 691 712 733 809 849 788 796 736 694 799 822 744 839 817 707 833 848 793 721 690 821 808 850 791 700 814 794 722 715 718 696 732 738 755 764 826 756 845 748 754 782 832 847 730 777 710 820 741 795 763 724 818 789 854 701 751 720 762 767 714 781 790 706 802 792 806 803 771 737 758 740 836 695 713 726 709 725 855 844 834 779 759 708 750 816 766
812 707 786 818 788 742 714 743 806 746 771 691 782 789 787 833 822 736 839 813 768 725 796 850 732 730 733 802 767 791 804 712 836 816 689 817 783 761 720 690 799 721 764 832 790 763 710 843 704 829 702 740 776 781 748 831 795 855 809 738 728 755 715 797 717 729 762 777 716 741 753 758 793 803 687 770 699 848 757 807 854 744 750 713 756 722 735 772 808 852 811 711 794 759 841 825 805 718 698 814 800
813 811 776 741 825 690 730 759 728 807 843 764 856 698 797 703 750 831 718 749 790 819 757 796 702 753 793 744 832 809 710 765 761 812 838 820 779 840 808 739 780 697 848 772 754 803 836 775 845 841 783 817 849 687 789 798 709 787 693 844 802 837 815 740 748 755 735 777 852 720 708 758 821 689 823 714 791 835 818 747 830 847 763 774 855 737 769 732 771 692 800 729 725 770 773 767 688 846 717 822 839
814 744 767 689 771 699 692 789 702 833 768 714 712 782 707 749 816 843 725 788 743 837 750 791 802 732 841 746 806 818 691 850 822 740 721 804 839 811 796 779 765 753 832 737 742 736 821 855 836 763 717 852 790 798 728 704 759 764 775 807 783 757 803 793 786 729 835 722 709 848 831 723 741 838 739 819 733 845 690 785 720 792 854 808 825 730 770 776 820 813 754 748 815 758 777 688 703 812 840 727 747
815 788 712 691 806 736 742 822 714 732 839 850 707 771 796 746 702 833 725 816 689 768 721 782 803 767 789 818 791 733 743 832 699 802 776 786 763 804 813 836 790 704 730 750 787 715 764 793 817 809 843 710 761 783 772 716 690 728 797 808 811 825 740 759 744 713 735 777 855 722 831 720 738 748 762 852 692 848 698 799 829 851 785 841 814 729 770 753 774 717 708 846 755 798 758 724 794 807 757 723 854
816 765 849 730 809 697 728 696 720 856 704 823 769 741 797 835 793 703 718 715 777 819 820 799 756 710 764 832 837 753 783 843 739 824 735 740 727 708 705 754 847 807 803 827 781 805 838 810 711 755 716 726 687 763 792 758 817 750 831 729 780 787 709 779 774 737 700 808 790 701 814 840 723 815 698 845 836 798 770 747 761 766 748 717 776 694 826 760 738 821 800 751 695 734 719 784 794 688 773 830 693
817 850 796 806 822 791 732 725 749 833 691 714 699 789 771 786 702 767 855 757 712 852 717 744 816 768 692 839 753 736 798 825 811 689 686 841 729 710 721 775 743 821 854 746 818 776 735 804 802 769 707 813 782 788 812 750 733 795 835 715 704 698 829 742 722 785 799 790 738 701 810 846 740 815 697 800 690 700 848 851 772 756 819 773 696 794 856 760 693 832 762 723 837 695 847 784 726 792 778 842 766
818 752 774 807 820 793 826 737 720 747 828 856 723 724 718 710 832 690 715 853 748 729 810 809 852 812 694 688 751 698 803 831 740 797 755 739 706 687 790 703 824 709 695 778 842 840 787 835 827 780 704 764 738 770 754 763 717 847 696 794 727 766 800 711 825 701 769 781 758 779 830 834 773 705 815 843 846 836 745 798 760 700 823 837 814 776 708 756 719 819 792 730 716 849 845 759 855 728 726 693 817
819 743 746 721 788 707 850 736 689 816 712 802 732 806 768 771 833 767 791 839 691 742 782 725 692 813 750 796 818 733 699 710 822 714 789 722 832 841 855 702 762 852 851 700 711 785 704 786 854 690 790 740 715 795 717 846 829 763 775 814 836 799 749 845 847 808 787 817 842 809 821 793 798 759 770 718 797 720 783 831 784 713 748 730 803 781 804 757 755 716 751 738 756 706 737 734 794 810 723 849 827
820 714 743 806 767 818 732 822 833 802 721 707 725 796 791 788 816 702 782 746 789 839 712 775 771 768 850 699 742 736 689 691 757 786 717 813 855 804 749 811 735 852 729 733 841 851 798 825 762 692 769 753 854 776 740 744 785 814 795 772 837 715 706 761 765 799 756 759 856 836 835 779 812 815 846 700 829 790 810 821 750 847 807 794 701 800 805 764 808 784 698 713 708 739 695 777 843 778 793 832 758
821 735 707 698 851 790 850 776 804 825 725 729 743 835 769 822 782 699 765 856 816 712 832 817 852 787 811 755 772 691 843 702 720 708 796 833 768 692 808 736 789 715 799 806 714 764 775 753 733 803 839 814 818 855 767 854 771 728 786 813 762 807 797 783 732 689 742 763 791 757 761 800 711 788 746 717 716 713 756 795 798 750 718 721 687 730 847 741 738 836 774 703 758 748 759 722 705 809 838 749 793
822 745 704 840 764 751 748 797 727 720 817 803 718 823 766 752 747 820 774 761 837 793 826 846 755 772 824 754 770 787 762 709 693 800 851 805 830 808 756 809 716 730 695 792 832 741 815 799 697 758 763 703 700 723 827 708 784 828 698 835 776 726 849 701 715 705 728 843 838 790 765 688 696 848 735 831 760 737 739 807 687 750 724 738 694 810 811 744 836 821 785 842 781 812 734 834 825 844 719 731 794
823 712 689 767 714 768 702 691 707 822 839 733 736 816 806 742 725 732 743 850 789 771 796 782 746 721 788 699 786 802 833 791 855 818 852 749 717 813 750 785 795 710 841 775 798 757 790 851 799 854 740 692 832 762 811 722 716 846 704 829 770 804 715 793 836 711 759 729 763 735 831 783 690 797 756 814 817 821 776 744 842 755 761 809 737 794 758 720 700 847 808 803 741 826 825 810 812 730 837 723 738
824 712 767 689 822 725 816 833 850 788 714 732 768 707 691 782 806 736 771 746 818 702 742 699 743 839 789 855 721 852 786 802 796 775 757 791 717 733 749 740 790 763 804 729 799 798 832 825 762 808 811 710 836 813 787 730 692 755 772 750 841 803 716 735 720 715 776 793 809 817 744 783 758 795 814 704 759 761 797 753 831 698 718 690 794 769 807 748 851 738 764 856 854 701 777 800 711 785 821 705 741
825 788 738 722 712 786 813 795 704 806 821 792 796 826 721 836 777 724 723 741 817 818 751 732 794 733 731 702 694 709 701 742 706 789 835 822 700 784 847 773 805 780 799 707 829 714 743 768 783 716 715 755 764 837 838 851 739 843 756 725 846 695 690 833 737 785 809 766 839 754 736 759 758 734 696 767 762 844 717 770 798 816 842 763 730 782 793 778 831 802 688 781 845 830 711 791 853 746 689 760 771
826 806 771 767 702 725 714 789 743 732 822 818 689 850 791 839 768 691 796 802 712 782 833 729 749 804 692 721 825 788 776 746 816 686 757 699 775 736 852 707 811 744 753 855 761 841 733 798 717 698 787 790 730 755 750 856 769 799 832 740 690 704 735 742 772 783 728 720 793 762 837 763 808 835 765 807 758 851 836 848 831 803 739 797 764 710 785 786 817 741 716 759 843 703 708 845 821 779 813 722 819
827 689 767 699 839 712 707 714 768 789 691 833 822 816 746 702 791 788 743 725 736 721 806 818 850 771 802 692 732 786 782 742 733 750 796 852 744 841 855 832 729 804 798 837 790 811 749 717 759 776 792 825 704 740 710 821 757 813 765 812 698 690 803 835 709 753 775 848 711 723 737 829 722 851 777 843 769 815 819 785 795 856 728 779 701 844 807 751 838 735 845 756 780 700 778 716 846 840 688 727 763
828 806 796 788 818 691 791 771 714 746 850 822 833 839 732 767 712 802 702 707 689 736 743 725 782 768 750 786 699 740 733 816 742 789 841 692 832 721 804 757 790 744 704 808 775 836 749 730 729 690 831 763 799 716 783 762 787 761 855 825 793 848 852 755 813 776 809 803 717 710 770 720 821 811 748 797 773 753 722 738 854 798 829 765 843 693 758 807 756 715 723 701 728 837 795 794 777 805 700 734 845
829 749 775 757 729 753 811 835 740 699 802 841 730 769 744 750 797 716 798 692 741 763 808 807 825 783 837 771 832 804 765 728 720 776 739 852 717 793 803 698 735 788 755 855 856 850 799 708 748 779 812 790 851 817 816 743 787 761 703 721 702 848 838 758 792 746 732 759 764 819 772 704 843 774 840 809 689 747 844 836 833 723 690 821 687 725 770 831 718 815 736 691 806 714 789 818 849 800 754 845 697
830 714 702 725 791 689 732 691 767 839 806 788 712 802 822 789 771 736 707 743 796 768 850 699 782 833 818 746 786 816 692 721 775 742 804 733 757 776 749 686 813 825 852 855 750 841 729 716 832 763 787 744 785 799 851 803 710 790 740 761 854 793 808 836 717 753 735 741 730 762 811 846 704 798 831 809 755 728 829 797 769 812 759 698 783 720 817 795 758 715 722 772 837 690 770 708 756 703 856 845 814
831 691 743 782 806 839 833 786 699 714 712 707 725 768 818 788 816 796 791 771 746 822 802 702 789 813 804 689 736 767 744 732 776 742 729 753 749 733 698 769 721 790 835 825 692 812 846 832 778 760 794 855 720 850 799 814 704 854 701 803 785 709 777 848 798 700 715 766 775 852 693 717 735 828 792 759 719 838 708 722 772 750 762 851 800 711 757 815 738 795 697 829 763 821 710 811 730 843 761 819 724
832 744 782 735 768 775 702 757 786 767 789 743 788 729 816 822 818 746 749 839 691 851 806 707 802 742 725 732 712 714 736 833 850 791 721 796 733 835 813 804 821 759 848 856 800 753 815 771 829 689 761 838 811 814 845 795 708 819 754 837 798 799 701 828 706 686 711 812 722 752 699 827 716 769 772 777 694 766 741 687 765 709 697 704 831 717 807 810 713 853 783 840 740 805 764 727 762 824 830 715 773
833 703 809 856 835 772 820 718 710 697 781 728 817 831 741 751 696 754 779 730 843 836 824 739 837 847 765 827 750 769 735 763 756 834 705 846 766 687 761 709 764 807 828 716 690 715 698 777 745 814 849 797 708 780 826 854 845 800 803 844 793 701 720 840 787 815 819 792 783 717 723 810 726 823 855 704 731 693 706 830 770 729 747 737 832 694 727 748 762 740 798 811 753 812 758 719 808 760 774 838 695
834 714 802 691 839 789 712 725 689 791 833 736 699 786 771 806 746 768 850 782 732 692 744 707 788 818 767 702 743 822 816 804 851 721 750 704 796 729 841 749 735 775 740 733 761 811 753 776 728 852 757 785 855 741 825 854 798 730 717 763 843 783 821 742 716 832 698 755 813 770 856 797 769 835 803 793 722 799 808 790 846 848 720 690 765 764 779 817 849 710 758 837 759 807 795 787 701 748 727 739 836
835 707 743 788 691 746 833 736 742 721 725 816 782 714 768 712 732 710 699 702 789 689 795 822 806 757 829 796 839 821 767 818 790 733 850 802 744 832 825 771 775 690 791 711 749 846 727 798 852 854 855 761 713 750 831 817 776 715 813 845 786 756 730 723 842 717 814 692 734 841 755 720 722 794 785 804 803 800 808 851 787 784 758 708 783 847 773 748 759 740 793 810 848 797 724 764 694 700 735 769 701
836 699 689 712 732 789 702 833 736 786 768 746 788 691 806 839 743 782 742 791 714 725 825 816 721 771 822 744 818 761 850 848 769 722 707 753 802 733 813 846 812 767 798 807 815 704 851 780 765 698 776 814 759 735 756 740 795 843 811 838 772 796 785 701 727 779 837 778 800 852 805 855 713 717 750 697 711 856 775 854 709 841 757 737 766 762 688 729 821 828 694 760 692 840 700 799 751 708 749 687 819
837 850 691 806 822 746 736 771 816 839 712 833 699 767 721 725 796 714 733 732 742 851 814 738 702 803 786 707 788 782 818 743 689 750 854 711 757 749 704 791 775 829 710 744 768 729 852 825 802 787 832 804 776 846 799 727 708 813 790 795 713 772 720 800 715 764 755 855 798 690 810 836 794 842 827 777 762 789 807 841 753 756 716 844 759 730 811 785 797 809 692 701 853 740 781 766 717 723 734 778 761
838 691 850 768 839 767 746 742 725 702 816 733 712 714 689 822 802 771 743 791 699 806 736 841 855 721 788 833 852 813 732 789 710 707 762 825 786 832 787 796 749 740 692 750 854 818 846 803 715 785 716 798 776 704 782 836 711 717 690 829 757 799 722 790 720 814 686 763 735 744 759 775 808 821 831 797 755 795 713 851 756 794 783 761 770 810 734 693 730 804 842 700 738 848 809 849 701 793 817 784 741
839 748 793 809 856 770 840 792 772 823 752 747 709 758 807 741 827 755 705 830 831 708 718 838 834 810 687 739 837 763 787 826 745 764 820 693 832 703 815 828 701 765 836 797 761 738 720 760 779 803 730 731 754 799 778 835 804 688 774 783 726 737 698 723 843 715 716 849 729 819 817 710 851 808 800 811 728 740 753 751 766 769 848 812 824 777 842 704 773 690 814 724 696 846 844 695 790 727 780 762 713
840 822 788 714 839 743 702 707 712 742 767 850 768 725 789 806 786 721 802 733 791 732 699 833 691 816 818 689 796 771 736 782 813 841 710 785 852 746 855 759 750 799 715 692 832 722 762 790 829 836 851 854 690 740 749 717 798 795 775 803 729 735 787 716 814 763 846 808 757 804 831 711 755 794 797 730 811 756 761 770 704 845 809 783 700 753 817 784 825 734 708 773 821 738 847 810 843 705 849 727 842
841 722 782 715 829 788 847 838 746 817 814 737 755 851 787 716 843 800 765 691 708 780 818 707 795 713 813 845 738 779 742 774 745 697 840 720 687 828 698 760 806 819 741 764 807 700 856 781 772 826 769 701 711 810 751 846 778 796 820 827 792 732 816 730 762 834 803 706 804 735 844 794 719 833 783 768 712 702 693 709 763 718 766 736 848 754 822 839 823 727 830 747 759 696 835 784 793 799 790 725 805
842 791 692 714 789 767 788 725 699 712 732 689 744 806 702 771 691 818 802 822 850 804 839 833 782 721 729 750 796 746 707 743 728 798 855 808 852 816 717 730 775 736 704 749 825 776 753 698 843 835 757 837 742 768 740 779 841 769 716 720 765 735 848 786 807 763 755 856 790 819 686 811 741 733 739 764 832 787 783 845 687 817 709 797 838 812 809 690 793 761 759 815 758 803 703 831 708 772 799 774 823
843 689 742 796 749 850 714 833 771 816 802 788 791 757 746 736 767 691 768 822 725 813 839 782 712 814 721 732 775 806 707 778 699 786 818 740 841 702 821 799 743 785 711 744 733 772 715 825 846 804 855 704 713 701 798 852 789 762 716 710 808 812 761 842 717 851 836 741 750 810 729 738 794 848 734 695 815 795 724 829 770 854 753 693 756 793 718 690 760 751 787 849 834 700 735 784 845 831 832 754 790
844 691 743 782 786 692 791 796 768 833 689 699 707 712 822 767 788 789 839 732 850 733 710 714 721 742 806 725 735 702 804 813 802 816 736 825 746 729 716 771 763 841 855 851 776 799 818 811 852 764 730 790 854 837 795 741 787 775 717 832 829 809 808 846 798 728 755 765 856 769 753 849 783 770 758 793 797 810 722 843 757 698 740 759 750 749 785 803 807 836 821 690 762 708 831 835 779 744 711 748 772
845 786 791 746 802 806 833 742 743 788 732 714 816 699 736 691 768 702 712 850 796 771 776 790 707 818 767 725 789 807 740 822 813 811 841 753 689 799 832 698 750 855 775 839 721 803 735 729 782 835 852 715 825 733 769 761 762 795 757 798 716 749 763 717 772 800 710 804 692 856 744 759 814 819 770 836 777 851 805 764 785 720 837 810 711 704 792 821 843 765 738 829 724 779 741 842 730 693 700 751 701
846 822 729 712 767 699 692 714 850 833 789 736 782 791 806 802 743 689 746 742 771 707 721 691 755 768 725 718 765 818 788 804 744 839 796 759 690 835 816 779 807 836 728 716 758 753 702 787 730 843 825 837 764 790 852 775 841 809 798 748 733 739 757 838 793 732 720 709 698 786 797 831 735 769 749 808 761 856 817 740 776 799 813 855 763 819 687 848 750 717 747 710 774 783 713 741 844 737 703 772 777
847 699 802 691 788 707 712 791 833 816 850 746 743 786 736 806 742 804 818 771 721 732 841 716 825 789 768 714 692 782 776 811 689 729 744 730 852 855 839 725 775 749 798 767 728 704 753 796 763 740 757 813 769 702 761 717 822 821 741 783 735 807 720 698 797 790 832 835 819 836 765 779 785 772 799 808 755 701 856 764 817 708 843 787 809 803 837 750 793 759 848 758 851 747 770 831 709 777 748 844 820
848 707 855 691 788 782 743 702 689 802 790 852 822 767 771 729 806 796 725 733 811 714 715 839 789 803 836 832 742 851 833 791 712 765 813 717 721 804 759 736 850 787 816 732 720 775 700 699 746 740 776 818 768 711 763 762 735 786 757 798 755 841 829 843 814 856 730 764 825 758 846 831 793 785 795 708 783 810 842 797 769 799 812 716 710 692 756 738 817 706 728 734 835 703 794 687 809 718 781 779 815
849 816 768 699 850 702 806 689 732 736 712 767 707 721 771 725 788 789 833 714 822 786 791 855 691 742 811 746 852 775 839 717 757 796 749 818 798 813 743 790 851 776 735 733 759 825 802 782 761 799 690 807 692 744 795 765 843 821 844 711 698 762 829 835 704 715 710 800 773 722 848 737 832 812 751 772 841 738 700 777 713 792 837 779 729 810 706 769 740 695 819 834 838 753 709 815 687 774 701 831 840
850 687 817 809 703 709 688 837 718 754 716 769 849 696 764 720 838 797 856 747 819 755 761 710 807 843 780 826 776 728 719 741 777 840 765 823 727 726 748 824 737 846 792 760 793 821 739 847 756 828 730 706 815 729 820 698 738 803 830 717 693 723 759 701 785 763 795 774 724 704 798 715 834 745 778 697 770 772 787 808 734 781 804 758 827 708 752 832 783 835 779 852 805 735 700 845 695 766 842 751 836
851 691 749 822 821 832 768 697 790 704 744 767 837 730 689 757 839 770 720 796 783 803 716 763 841 808 764 729 793 740 848 799 709 834 806 733 802 743 762 755 754 786 714 787 728 804 791 756 825 777 742 771 707 809 702 753 789 718 794 818 725 699 836 690 732 850 726 692 792 797 819 849 737 741 701 758 775 844 829 780 750 748 820 843 807 708 833 747 765 696 724 773 687 855 760 715 739 703 695 710 805
852 764 722 788 783 779 818 742 817 701 761 793 848 806 849 687 696 770 765 748 804 732 746 802 850 691 782 723 697 838 747 821 823 772 713 738 707 716 715 824 789 805 795 766 737 705 833 826 837 741 754 744 763 752 810 808 786 809 847 796 704 759 840 728 730 827 771 792 768 711 835 816 750 829 791 820 842 758 760 819 846 780 755 688 813 724 799 734 843 693 762 727 814 743 745 700 853 781 845 807 777
853 689 802 789 699 691 743 818 806 721 714 746 782 732 712 788 702 707 725 736 771 767 791 833 729 786 742 816 839 855 692 850 804 822 768 852 749 775 825 744 757 796 790 832 798 799 716 717 776 730 811 837 761 698 735 759 728 704 769 841 821 783 765 772 813 720 787 750 733 708 856 808 763 741 753 817 809 835 718 793 803 755 762 740 848 851 845 758 764 792 807 812 843 797 739 777 709 779 723 814 838
854 742 833 736 707 746 721 699 788 702 789 728 837 772 807 782 741 817 716 767 759 712 822 818 730 691 739 835 816 768 765 821 850 811 714 806 755 796 838 780 687 783 737 792 791 718 778 732 804 779 819 729 777 764 802 690 757 797 733 839 787 790 831 763 776 836 748 771 786 743 689 750 852 844 843 808 720 823 747 698 812 820 774 740 851 793 761 703 798 709 799 704 840 834 735 814 701 725 775 769 832
855 722 848 764 817 779 742 782 783 849 707 696 793 746 687 701 788 759 766 761 786 691 833 806 715 765 823 780 716 697 838 789 738 747 748 772 711 713 744 850 724 795 802 824 755 804 807 820 818 723 770 693 797 727 741 809 816 730 819 728 847 805 688 750 732 826 743 754 842 843 763 822 821 704 835 814 845 808 705 752 768 853 739 758 778 787 718 734 829 760 796 827 781 699 792 712 840 777 710 736 837
856 707 742 833 839 746 816 689 850 733 736 712 818 796 721 802 732 768 722 788 771 806 699 786 790 789 767 785 813 744 704 791 691 821 711 714 832 795 749 702 822 725 713 841 757 743 715 794 690 829 750 734 782 740 775 737 808 799 710 846 848 700 836 693 695 784 826 756 738 845 777 762 770 694 724 855 701 717 842 793 852 787 844 854 817 773 720 726 731 727 837 847 758 748 739 759 834 755 766 853 696
