594

3981 3982 3983 3984 3985 3986 3987 3988 3990 3991 3992 3993 3994 3995 3996 3997 3998 3999 4000 4001 4002 4003 4004 4005 4006 4007 4008 4009 4010 4012 4013 4014 4015 4016 4017 4018 4019 4020 4021 4023 4024 4025 4026 4027 4028 4029 4030 4032 4033 4034 4035 4036 4037 4038 594 

3980
4032 4000 4036 4005 4011 3983 4017 3985 3989 3995 3997 
3980 

3981
4009 4018 3997 
3981 3982 3983 3984 3985 3986 3987 3988 3989 3990 3991 3992 3993 3995 3996 3999 4000 4001 4002 4003 4004 4005 4006 4007 4008 4010 4011 4012 4013 4014 4015 4016 4017 4020 4021 4024 4025 4026 4027 4028 4029 4030 4031 4032 4033 4034 4035 4036 4037 4038 594 

3982
3986 3988 
3981 3982 3983 3984 3985 3987 3989 3990 3991 3992 3993 3995 3996 3999 4000 4001 4002 4004 4005 4006 4007 4008 4010 4011 4012 4013 4015 4016 4017 4018 4019 4020 4024 4025 4027 4028 4029 4031 4032 4033 4034 4035 4036 4038 594 

3983
3980 
3981 3982 3983 3984 3985 3986 3987 3988 3989 3990 3991 3992 3993 3994 3995 3996 3997 3998 3999 4000 4001 4002 4003 4004 4005 4006 4007 4008 4009 4010 4011 4012 4013 4014 4015 4016 4018 4019 4020 4021 4023 4024 4025 4026 4027 4028 4029 4030 4031 4032 4033 4034 4035 4036 4037 4038 594 

3984

3981 3982 3983 3984 3985 3986 3987 3988 3989 3990 3991 3992 3993 3994 3995 3996 3997 3998 3999 4000 4001 4002 4003 4004 4005 4006 4007 4008 4009 4010 4011 4012 4013 4014 4015 4016 4017 4018 4019 4020 4021 4023 4024 4025 4026 4027 4028 4029 4030 4031 4032 4033 4034 4035 4036 4037 4038 594 

3985
3980 
3981 3982 3983 3984 3985 3986 3987 3989 3990 3991 3992 3994 3996 3997 3998 3999 4000 4001 4002 4003 4005 4006 4007 4008 4009 4010 4011 4012 4013 4015 4016 4017 4018 4019 4020 4021 4023 4024 4025 4026 4027 4028 4029 4030 4031 4032 4033 4034 4035 4036 4037 4038 594 

3986
4033 3982 
3981 3983 3984 3985 3986 3987 3988 3989 3990 3991 3992 3993 3994 3995 3996 3997 3998 3999 4001 4002 4003 4004 4005 4006 4007 4008 4009 4010 4011 4012 4013 4015 4016 4018 4019 4020 4023 4024 4025 4027 4028 4029 4031 4032 4034 4035 4036 4037 4038 594 

3987

3981 3982 3983 3984 3985 3986 3987 3988 3989 3990 3991 3992 3993 3994 3995 3996 3997 3998 3999 4000 4001 4002 4003 4004 4005 4006 4007 4008 4009 4010 4011 4013 4014 4015 4016 4017 4018 4019 4020 4021 4023 4024 4025 4026 4027 4028 4029 4030 4031 4032 4033 4034 4035 4036 4037 4038 594 

3988
3993 3995 3982 
3981 3983 3984 3986 3987 3988 3989 3990 3991 3992 3994 3996 3997 3998 3999 4000 4001 4002 4003 4004 4005 4006 4007 4008 4009 4010 4011 4012 4013 4014 4015 4016 4017 4018 4019 4020 4023 4024 4025 4026 4027 4028 4029 4031 4032 4033 4034 4035 4036 4037 4038 594 

3989
3980 4013 
3981 3982 3983 3984 3985 3986 3987 3988 3989 3990 3992 3993 3994 3995 3996 3997 3998 3999 4000 4001 4002 4003 4004 4005 4006 4007 4008 4009 4010 4012 4014 4015 4016 4017 4018 4019 4020 4021 4023 4024 4025 4026 4027 4028 4029 4030 4031 4032 4033 4034 4035 4036 4037 

3990
4016 
3981 3982 3983 3984 3985 3986 3987 3988 3989 3990 3991 3992 3993 3994 3995 3996 3997 3998 3999 4000 4001 4002 4003 4004 4005 4006 4008 4009 4010 4011 4012 4013 4014 4015 4017 4018 4019 4020 4021 4023 4024 4026 4027 4028 4029 4030 4031 4032 4033 4034 4035 4036 4037 4038 594 

3991

3981 3982 3983 3984 3985 3986 3987 3988 3990 3991 3992 3993 3994 3995 3996 3997 3998 3999 4000 4001 4002 4003 4004 4005 4006 4007 4008 4009 4010 4011 4012 4013 4014 4015 4016 4017 4018 4019 4020 4021 4023 4024 4025 4026 4027 4028 4029 4030 4032 4033 4034 4035 4036 4037 4038 594 

3992
4017 
3981 3982 3983 3984 3985 3986 3987 3988 3989 3990 3991 3992 3993 3994 3995 3996 3997 3998 3999 4001 4002 4003 4004 4005 4006 4007 4008 4009 4010 4011 4012 4013 4014 4015 4016 4018 4019 4020 4021 4023 4024 4025 4026 4027 4028 4029 4030 4031 4032 4033 4034 4035 4036 4037 4038 594 

3993
3995 3988 
3981 3982 3983 3984 3986 3987 3989 3990 3991 3992 3993 3994 3996 3997 3998 3999 4000 4001 4002 4003 4005 4006 4007 4008 4009 4010 4011 4012 4013 4014 4015 4016 4017 4018 4019 4020 4021 4023 4024 4025 4026 4027 4028 4029 4031 4032 4033 4034 4035 4036 4037 4038 594 

3994
4018 4030 
3983 3984 3985 3986 3987 3988 3989 3990 3991 3992 3993 3994 3995 3999 4000 4001 4002 4003 4004 4005 4006 4007 4008 4010 4011 4012 4013 4014 4015 4016 4017 4020 4021 4024 4025 4026 4027 4028 4029 4031 4032 4033 4034 4035 4036 4037 4038 594 

3995
4004 3980 4014 3988 3993 4026 
3981 3982 3983 3984 3986 3987 3989 3990 3991 3992 3994 3995 3996 3997 3998 3999 4001 4002 4003 4005 4006 4007 4008 4009 4010 4011 4012 4013 4015 4016 4017 4018 4019 4020 4021 4024 4025 4027 4028 4029 4030 4031 4032 4033 4034 4035 4036 4037 4038 594 

3996
4028 
3981 3982 3983 3984 3985 3986 3987 3988 3989 3990 3991 3992 3993 3995 3996 3997 3998 3999 4000 4001 4003 4004 4005 4006 4007 4008 4009 4010 4011 4012 4013 4014 4015 4016 4017 4018 4019 4020 4021 4023 4024 4025 4026 4027 4029 4030 4031 4032 4033 4034 4035 4036 4037 4038 594 

3997
3980 3981 4030 
3983 3984 3985 3986 3987 3988 3989 3990 3991 3992 3993 3995 3996 3997 3999 4000 4001 4002 4003 4004 4005 4006 4007 4008 4010 4011 4012 4013 4014 4015 4016 4017 4020 4024 4025 4026 4027 4028 4029 4031 4032 4033 4034 4035 4036 4037 4038 594 

3998
4023 
3983 3984 3985 3986 3987 3988 3989 3990 3991 3992 3993 3995 3996 3998 4000 4001 4003 4004 4006 4007 4008 4010 4011 4012 4013 4015 4016 4017 4020 4024 4025 4026 4027 4028 4029 4030 4031 4032 4033 4034 4035 4036 4037 4038 594 

3999

3981 3982 3983 3984 3985 3986 3987 3988 3989 3990 3991 3992 3993 3994 3995 3996 3997 3999 4000 4001 4002 4003 4004 4006 4007 4008 4009 4010 4011 4012 4013 4014 4015 4016 4017 4018 4019 4020 4021 4023 4024 4025 4026 4027 4028 4029 4030 4031 4032 4033 4034 4035 4037 4038 594 

4000
4033 3980 
3981 3982 3983 3984 3985 3987 3988 3989 3990 3991 3993 3994 3996 3997 3998 3999 4000 4001 4002 4003 4004 4005 4006 4007 4008 4009 4010 4011 4012 4013 4014 4015 4016 4018 4019 4020 4023 4024 4025 4027 4028 4029 4031 4032 4034 4035 4036 4037 4038 594 

4001

3981 3982 3983 3984 3985 3986 3987 3988 3989 3990 3991 3992 3993 3994 3995 3996 3997 3998 3999 4000 4001 4002 4003 4004 4005 4006 4007 4008 4009 4010 4011 4012 4013 4014 4015 4016 4017 4018 4019 4020 4021 4023 4024 4025 4026 4027 4028 4030 4031 4032 4033 4034 4035 4036 4037 4038 594 

4002

3981 3982 3983 3984 3985 3986 3987 3988 3989 3990 3991 3992 3993 3994 3995 3997 3999 4000 4001 4002 4003 4004 4005 4006 4007 4008 4009 4010 4011 4012 4013 4014 4015 4016 4017 4018 4019 4021 4024 4025 4026 4028 4029 4030 4032 4033 4034 4035 4036 4037 4038 594 

4003

3981 3983 3984 3985 3986 3987 3988 3989 3990 3991 3992 3993 3994 3995 3996 3997 3998 3999 4000 4001 4002 4003 4004 4005 4006 4007 4008 4010 4011 4012 4013 4014 4015 4016 4017 4018 4019 4020 4021 4024 4025 4026 4027 4028 4029 4031 4032 4033 4034 4035 4036 4037 4038 594 

4004
3995 4020 4023 
3981 3982 3983 3984 3986 3987 3988 3989 3990 3991 3992 3994 3996 3997 3998 3999 4000 4001 4002 4003 4004 4005 4006 4007 4008 4009 4010 4011 4012 4014 4015 4016 4017 4018 4019 4021 4024 4025 4026 4027 4028 4029 4032 4033 4034 4035 4036 4037 594 

4005
3980 
3981 3982 3983 3984 3985 3986 3987 3988 3989 3990 3991 3992 3993 3994 3995 3996 3997 4000 4001 4002 4003 4004 4005 4006 4007 4008 4009 4010 4011 4012 4013 4014 4015 4016 4017 4018 4019 4020 4021 4023 4024 4025 4026 4027 4028 4029 4030 4031 4032 4033 4034 4035 4036 4037 4038 594 

4006

3981 3982 3983 3984 3985 3986 3987 3988 3989 3990 3991 3992 3993 3994 3995 3996 3997 3998 3999 4000 4001 4002 4003 4004 4005 4006 4007 4008 4009 4010 4011 4012 4013 4014 4015 4016 4017 4018 4019 4020 4021 4023 4024 4025 4026 4028 4029 4030 4031 4032 4033 4034 4035 4036 4037 4038 594 

4007

3981 3982 3983 3984 3985 3986 3987 3988 3989 3991 3992 3993 3994 3995 3996 3997 3998 3999 4000 4001 4002 4003 4004 4005 4006 4007 4008 4009 4010 4011 4012 4013 4014 4015 4017 4018 4019 4020 4021 4023 4024 4026 4027 4028 4029 4030 4031 4032 4033 4034 4035 4036 4037 4038 594 

4008

3981 3982 3983 3984 3985 3986 3987 3988 3989 3990 3991 3992 3993 3994 3995 3996 3997 3998 3999 4000 4001 4002 4003 4004 4005 4006 4007 4008 4009 4010 4011 4012 4013 4014 4015 4016 4017 4018 4019 4020 4021 4023 4024 4025 4026 4027 4028 4029 4030 4031 4032 4033 4034 4035 4036 4037 4038 594 

4009
3981 
3983 3984 3985 3986 3987 3988 3989 3990 3991 3992 3993 3995 3996 3999 4000 4001 4002 4004 4005 4006 4007 4008 4009 4010 4011 4012 4013 4014 4015 4016 4017 4018 4020 4021 4024 4025 4026 4027 4028 4029 4031 4032 4033 4034 4035 4036 4037 4038 594 

4010

3981 3982 3983 3984 3985 3986 3987 3988 3989 3990 3991 3992 3993 3994 3995 3996 3997 3998 3999 4000 4001 4002 4003 4004 4005 4006 4007 4008 4009 4010 4011 4012 4013 4014 4015 4016 4017 4018 4019 4020 4021 4023 4024 4025 4026 4027 4028 4029 4030 4031 4032 4033 4034 4035 4036 4037 4038 594 

4011
3980 
3981 3982 3983 3984 3985 3986 3987 3988 3990 3991 3992 3993 3994 3995 3996 3997 3998 3999 4000 4001 4002 4003 4004 4005 4006 4007 4008 4009 4010 4011 4012 4013 4014 4015 4016 4017 4018 4019 4020 4021 4023 4024 4025 4026 4027 4028 4029 4030 4032 4033 4034 4035 4036 4037 4038 

4012

3981 3982 3983 3984 3985 3986 3988 3989 3990 3991 3992 3993 3994 3995 3996 3997 3998 3999 4000 4001 4002 4003 4004 4005 4006 4007 4008 4009 4010 4011 4012 4013 4014 4015 4016 4017 4018 4019 4020 4021 4023 4024 4025 4026 4027 4028 4029 4030 4031 4032 4033 4034 4035 4036 4037 4038 594 

4013
3989 
3981 3982 3983 3984 3985 3986 3987 3988 3990 3991 3992 3993 3994 3995 3996 3997 3998 3999 4000 4001 4002 4003 4005 4006 4007 4008 4009 4010 4011 4012 4013 4014 4015 4016 4017 4018 4019 4020 4021 4024 4025 4026 4027 4028 4029 4030 4032 4033 4034 4035 4036 4037 594 

4014
3995 
3981 3983 3984 3987 3988 3989 3990 3991 3992 3993 3994 3996 3997 3999 4000 4001 4002 4003 4004 4005 4006 4007 4008 4009 4010 4011 4012 4013 4014 4015 4016 4018 4019 4020 4024 4025 4026 4027 4028 4029 4031 4032 4033 4034 4035 4036 594 

4015

3981 3982 3983 3984 3985 3986 3987 3988 3989 3990 3991 3992 3993 3994 3995 3996 3997 3998 3999 4000 4001 4002 4003 4004 4005 4006 4007 4008 4009 4010 4011 4012 4013 4014 4015 4016 4017 4018 4019 4020 4021 4023 4024 4025 4026 4027 4028 4029 4030 4031 4032 4033 4034 4035 4036 4037 4038 594 

4016
3990 
3981 3982 3983 3984 3985 3986 3987 3988 3989 3991 3992 3993 3994 3995 3996 3997 3998 3999 4000 4001 4002 4003 4004 4005 4006 4008 4009 4010 4011 4012 4013 4014 4015 4016 4017 4018 4019 4020 4021 4023 4024 4026 4027 4028 4029 4030 4031 4032 4033 4034 4035 4036 4037 4038 594 

4017
3992 4026 3980 4030 
3981 3982 3984 3985 3987 3988 3989 3990 3991 3993 3994 3995 3996 3997 3998 3999 4001 4002 4003 4004 4005 4006 4007 4008 4009 4010 4011 4012 4013 4015 4016 4017 4018 4019 4020 4023 4024 4025 4027 4028 4029 4031 4032 4033 4034 4035 4036 4037 4038 594 

4018
3994 3981 
3982 3983 3984 3985 3986 3987 3988 3989 3990 3991 3992 3993 3995 3996 3999 4000 4001 4002 4003 4004 4005 4006 4007 4008 4009 4010 4011 4012 4013 4014 4015 4016 4017 4018 4019 4020 4021 4024 4025 4026 4027 4028 4029 4031 4032 4033 4034 4035 4036 4037 4038 594 

4019
4030 
3982 3983 3984 3985 3986 3987 3988 3989 3990 3991 3992 3993 3995 3996 3999 4000 4001 4002 4003 4004 4005 4006 4007 4008 4010 4011 4012 4013 4014 4015 4016 4017 4018 4019 4020 4021 4023 4024 4025 4027 4028 4029 4031 4032 4033 4034 4035 4036 4037 4038 594 

4020
4004 
3981 3982 3983 3984 3985 3986 3987 3988 3989 3990 3991 3992 3993 3994 3995 3996 3997 3998 3999 4000 4001 4003 4005 4006 4007 4008 4009 4010 4011 4012 4013 4014 4015 4016 4017 4018 4019 4020 4021 4023 4024 4025 4026 4028 4029 4032 4033 4034 4035 4036 594 

4021

3981 3983 3984 3985 3987 3989 3990 3991 3992 3993 3994 3995 3996 3999 4001 4002 4003 4004 4005 4006 4007 4008 4009 4010 4011 4012 4013 4015 4016 4018 4019 4020 4021 4023 4024 4025 4027 4028 4029 4031 4032 4033 4034 4035 4036 4037 4038 594 

4023
3998 4004 4030 4031 
3983 3984 3985 3986 3987 3988 3989 3990 3991 3992 3993 3996 3999 4000 4001 4005 4006 4007 4008 4010 4011 4012 4015 4016 4017 4019 4020 4021 4023 4024 4025 4026 4027 4028 4029 4032 4033 4035 4036 4037 594 

4024

3981 3982 3983 3984 3985 3986 3987 3988 3989 3990 3991 3992 3993 3994 3995 3996 3997 3998 3999 4000 4001 4002 4003 4004 4005 4006 4007 4008 4009 4010 4011 4012 4013 4014 4015 4016 4017 4018 4019 4020 4021 4023 4024 4025 4026 4027 4028 4029 4030 4031 4032 4033 4034 4035 4036 4037 4038 594 

4025

3981 3982 3983 3984 3985 3986 3987 3988 3989 3991 3992 3993 3994 3995 3996 3997 3998 3999 4000 4001 4002 4003 4004 4005 4006 4008 4009 4010 4011 4012 4013 4014 4015 4017 4018 4019 4020 4021 4023 4024 4025 4026 4027 4028 4029 4030 4031 4032 4033 4034 4035 4036 4037 4038 594 

4026
4017 3995 
3981 3983 3984 3985 3987 3988 3989 3990 3991 3992 3993 3994 3996 3997 3998 3999 4001 4002 4003 4004 4005 4006 4007 4008 4009 4010 4011 4012 4013 4014 4015 4016 4018 4020 4023 4024 4025 4026 4027 4028 4029 4031 4032 4033 4034 4035 4036 4037 4038 594 

4027

3981 3982 3983 3984 3985 3986 3987 3988 3989 3990 3991 3992 3993 3994 3995 3996 3997 3998 3999 4000 4001 4003 4004 4005 4007 4008 4009 4010 4011 4012 4013 4014 4015 4016 4017 4018 4019 4021 4023 4024 4025 4026 4027 4028 4029 4030 4033 4034 4035 4036 4037 594 

4028
3996 
3981 3982 3983 3984 3985 3986 3987 3988 3989 3990 3991 3992 3993 3994 3995 3997 3998 3999 4000 4001 4002 4003 4004 4005 4006 4007 4008 4009 4010 4011 4012 4013 4014 4015 4016 4017 4018 4019 4020 4021 4023 4024 4025 4026 4027 4028 4029 4030 4031 4032 4033 4034 4035 4036 4037 4038 594 

4029

3981 3982 3983 3984 3985 3986 3987 3988 3989 3990 3991 3992 3993 3994 3995 3996 3997 3998 3999 4000 4002 4003 4004 4005 4006 4007 4008 4009 4010 4011 4012 4013 4014 4015 4016 4017 4018 4019 4020 4021 4023 4024 4025 4026 4027 4028 4029 4030 4031 4032 4033 4034 4035 4036 4037 4038 594 

4030
4017 4019 4023 3994 3997 
3981 3983 3984 3985 3987 3989 3990 3991 3992 3995 3996 3998 3999 4001 4002 4005 4006 4007 4008 4010 4011 4012 4013 4015 4016 4024 4025 4027 4028 4029 4030 4031 4032 4033 4034 4035 4036 4037 4038 594 

4031
4038 4023 
3981 3982 3983 3984 3985 3986 3987 3988 3989 3990 3992 3993 3994 3995 3996 3997 3998 3999 4000 4001 4003 4005 4006 4007 4008 4009 4010 4012 4014 4015 4016 4017 4018 4019 4021 4024 4025 4026 4028 4029 4030 4031 4032 4033 4034 4035 4036 4037 

4032
3980 
3981 3982 3983 3984 3985 3986 3987 3988 3989 3990 3991 3992 3993 3994 3995 3996 3997 3998 3999 4000 4001 4002 4003 4004 4005 4006 4007 4008 4009 4010 4011 4012 4013 4014 4015 4016 4017 4018 4019 4020 4021 4023 4024 4025 4026 4028 4029 4030 4031 4032 4033 4034 4035 4036 4037 4038 594 

4033
4000 3986 
3981 3982 3983 3984 3985 3987 3988 3989 3990 3991 3992 3993 3994 3995 3996 3997 3998 3999 4001 4002 4003 4004 4005 4006 4007 4008 4009 4010 4011 4012 4013 4014 4015 4016 4017 4018 4019 4020 4021 4023 4024 4025 4026 4027 4028 4029 4030 4031 4032 4033 4034 4035 4036 4037 4038 594 

4034

3981 3982 3983 3984 3985 3986 3987 3988 3989 3990 3991 3992 3993 3994 3995 3996 3997 3998 3999 4000 4001 4002 4003 4004 4005 4006 4007 4008 4009 4010 4011 4012 4013 4014 4015 4016 4017 4018 4019 4020 4021 4024 4025 4026 4027 4028 4029 4030 4031 4032 4033 4034 4035 4036 4037 4038 594 

4035

3981 3982 3983 3984 3985 3986 3987 3988 3989 3990 3991 3992 3993 3994 3995 3996 3997 3998 3999 4000 4001 4002 4003 4004 4005 4006 4007 4008 4009 4010 4011 4012 4013 4014 4015 4016 4017 4018 4019 4020 4021 4023 4024 4025 4026 4027 4028 4029 4030 4031 4032 4033 4034 4035 4036 4037 4038 594 

4036
3980 
3981 3982 3983 3984 3985 3986 3987 3988 3989 3990 3991 3992 3993 3994 3995 3996 3997 3998 4000 4001 4002 4003 4004 4005 4006 4007 4008 4009 4010 4011 4012 4013 4014 4015 4016 4017 4018 4019 4020 4021 4023 4024 4025 4026 4027 4028 4029 4030 4031 4032 4033 4034 4035 4036 4037 4038 594 

4037

3981 3983 3984 3985 3986 3987 3988 3989 3990 3991 3992 3993 3994 3995 3996 3997 3998 3999 4000 4001 4002 4003 4004 4005 4006 4007 4008 4009 4010 4011 4012 4013 4015 4016 4017 4018 4019 4021 4023 4024 4025 4026 4027 4028 4029 4030 4031 4032 4033 4034 4035 4036 4037 4038 594 

4038
4031 
3981 3982 3983 3984 3985 3986 3987 3988 3990 3991 3992 3993 3994 3995 3996 3997 3998 3999 4000 4001 4002 4003 4005 4006 4007 4008 4009 4010 4011 4012 4015 4016 4017 4018 4019 4021 4024 4025 4026 4028 4029 4030 4032 4033 4034 4035 4036 4037 4038 594 

