34

563 573 574 575 576 577 578 579 582 583 584 586 587 588 589 590 592 593 595 596 597 598 599 600 603 605 606 607 609 610 611 612 614 615 616 617 618 619 620 621 622 623 625 626 627 628 629 630 631 632 633 634 635 636 637 638 639 640 643 644 645 646 647 648 650 651 652 653 654 655 656 657 658 659 660 661 662 663 664 665 666 669 670 671 672 675 676 677 678 679 680 681 682 683 684 685 414 422 423 436 

107
649 414 
34 556 558 563 573 574 575 576 577 578 579 582 583 584 586 587 588 589 590 592 593 594 595 596 597 598 599 600 602 603 605 607 609 611 612 615 616 617 618 619 620 621 622 623 625 626 627 628 631 632 633 634 635 636 638 639 640 643 644 645 646 647 648 650 652 653 654 655 657 658 659 660 661 662 663 664 665 666 667 668 670 671 672 673 675 677 678 679 680 681 682 684 685 173 423 427 436 480 

173

513 563 573 574 575 576 577 578 579 580 582 583 584 586 587 588 589 590 592 594 595 596 597 598 599 600 601 603 604 605 606 609 610 611 612 614 615 616 617 618 619 620 621 623 625 626 627 628 629 630 631 632 633 634 635 636 639 640 643 644 645 646 647 648 650 651 652 653 654 655 656 657 658 659 660 661 662 663 664 665 666 669 670 671 672 675 676 677 678 679 681 682 683 684 685 391 423 436 483 500 

348
34 436 
573 574 575 576 577 578 579 580 582 583 584 586 587 588 589 590 592 594 595 596 597 598 599 600 601 602 603 605 607 609 610 611 612 615 616 617 618 619 620 621 622 623 625 626 627 628 629 630 631 632 633 634 635 636 637 638 639 640 641 643 644 645 646 647 648 649 650 651 652 653 654 655 656 657 658 659 660 661 662 663 664 665 666 667 668 670 671 672 673 675 677 678 679 680 681 682 684 685 

363

34 556 558 563 573 574 575 576 577 578 579 582 583 584 586 587 588 589 590 592 593 594 595 596 597 598 599 600 601 602 603 605 607 609 610 611 612 615 616 617 618 619 620 621 622 623 625 626 627 628 629 630 631 632 633 634 635 636 638 639 640 643 644 647 648 649 650 652 653 654 655 657 658 659 660 661 662 663 664 665 666 667 668 670 671 672 673 675 677 678 679 680 681 682 684 685 173 422 427 480 

370

34 556 573 574 575 576 577 578 579 582 583 584 586 587 588 589 590 592 593 594 595 596 597 598 599 600 601 602 603 605 607 609 611 612 615 616 617 618 619 620 621 622 623 107 625 626 627 628 629 630 631 632 633 634 635 636 637 638 639 640 641 643 644 647 648 649 650 652 653 654 655 656 657 658 659 660 661 662 663 664 665 667 668 670 671 672 673 675 677 678 679 680 681 682 684 685 173 422 427 480 

373
563 645 
34 573 574 575 576 577 578 579 582 583 584 586 588 589 592 593 594 595 596 597 598 599 600 601 602 603 605 607 609 610 611 612 615 616 617 618 619 620 621 622 623 107 625 626 627 628 629 630 631 632 633 635 636 638 639 640 643 644 646 647 648 649 650 652 653 654 655 656 657 658 659 660 661 662 663 664 665 666 667 668 670 671 672 673 675 676 677 678 679 681 682 684 685 173 394 422 427 480 

374
414 
34 573 574 575 576 577 578 579 582 583 584 586 587 588 589 590 592 593 594 595 596 597 598 599 600 602 603 605 607 609 611 612 615 616 617 618 619 620 621 622 623 107 625 626 627 628 629 630 631 632 633 634 635 636 637 638 639 640 641 643 644 646 647 648 649 650 652 653 654 655 657 658 659 660 661 662 663 664 665 666 667 668 670 671 672 673 675 677 678 679 680 681 682 684 685 173 422 427 480 

376
586 587 428 652 395 434 
34 558 573 574 575 576 577 578 579 582 583 584 588 589 590 592 593 594 595 596 597 598 599 600 601 602 603 605 607 609 611 612 615 616 617 618 619 620 621 622 623 625 626 627 628 629 630 631 632 633 635 636 638 639 640 641 643 644 647 648 649 650 653 654 655 656 657 658 659 660 661 662 663 664 665 666 667 668 670 671 672 675 677 678 679 680 681 682 684 685 173 422 427 480 

378

34 556 558 573 574 575 576 577 578 579 582 583 584 586 587 588 589 590 592 593 594 595 596 597 598 599 600 601 602 603 605 607 609 610 611 612 615 616 617 618 619 620 621 622 623 625 626 627 628 629 630 631 632 633 634 635 636 638 639 640 643 644 645 647 648 649 650 652 653 654 655 657 658 659 660 661 662 663 664 665 666 667 668 670 671 672 673 675 677 678 679 680 681 682 684 685 173 422 427 480 

391

34 558 573 574 575 576 577 578 579 582 583 584 586 587 588 589 590 592 593 594 595 596 597 598 599 600 602 603 605 607 609 611 612 615 616 617 618 619 620 621 622 623 107 625 626 627 628 629 630 631 632 633 634 635 636 638 639 640 641 643 644 645 646 647 648 649 650 652 653 654 655 657 658 659 660 661 662 663 664 665 666 667 668 670 671 672 673 675 677 678 679 680 681 682 684 173 685 422 427 480 

394
414 
34 563 573 574 575 576 577 578 579 582 583 584 586 587 588 589 590 592 593 594 595 596 597 598 599 600 602 603 605 607 609 610 611 612 615 616 617 618 619 621 622 623 625 626 627 628 629 630 631 632 633 634 635 636 637 638 639 640 643 644 645 646 647 648 649 650 652 653 654 655 657 658 659 660 661 662 663 664 665 666 667 668 670 671 672 673 675 677 678 679 680 681 682 684 685 173 422 427 480 

395
556 630 
34 563 573 575 576 577 578 579 582 583 584 586 587 588 589 590 592 593 594 595 596 597 598 599 600 602 603 605 607 609 610 611 612 615 616 617 618 619 621 622 623 625 626 627 628 629 631 632 633 634 635 636 638 639 640 641 643 644 646 647 648 649 650 651 652 653 654 655 656 657 658 659 660 661 662 663 664 665 666 667 668 670 671 672 673 675 676 677 679 680 681 682 684 685 173 427 480 496 

400

34 558 573 574 575 576 577 578 579 582 583 584 586 587 588 589 590 592 593 594 595 596 597 598 599 600 602 603 605 607 609 610 611 612 615 616 617 618 619 620 621 622 623 107 625 626 627 628 629 630 631 632 633 634 635 636 638 639 640 643 644 645 646 647 648 649 650 652 653 654 655 657 658 659 660 661 662 663 664 665 666 667 668 670 671 672 673 675 677 678 679 680 681 682 684 685 173 422 427 480 

412

34 556 563 573 574 575 576 577 578 579 582 583 584 586 587 588 589 590 592 594 595 596 597 598 599 600 602 603 605 607 610 611 612 615 616 617 618 619 620 621 622 623 107 625 626 627 628 629 630 631 632 633 634 635 636 637 638 639 640 641 643 644 646 647 648 649 650 652 653 654 655 656 657 658 659 660 661 662 663 664 665 666 667 668 670 671 672 673 675 677 678 679 680 681 682 684 685 173 427 480 

414
643 647 394 651 524 653 650 658 659 661 666 556 431 577 580 582 465 595 598 599 600 601 475 606 618 107 623 625 374 630 
480 673 610 34 645 646 648 586 587 652 656 593 634 414 671 

422
584 561 553 
514 34 556 558 563 567 574 575 576 577 578 582 583 586 587 589 590 591 594 595 599 600 602 603 605 606 607 610 611 612 615 616 621 622 623 626 627 628 629 632 633 634 635 637 638 639 640 641 643 645 646 647 648 649 650 651 652 656 658 659 660 661 662 665 666 667 668 669 670 671 672 673 675 677 679 681 683 684 173 363 370 373 374 378 391 400 423 427 428 431 434 436 461 475 480 492 496 

423
348 
34 563 573 574 575 576 577 578 579 582 583 584 588 589 590 592 593 594 595 596 597 598 599 600 601 602 603 605 607 609 610 611 612 615 616 617 618 619 620 621 622 623 107 625 626 627 628 629 630 631 632 633 635 636 638 639 640 641 643 644 647 648 649 650 652 653 654 655 656 657 658 659 660 661 662 663 664 665 666 667 668 670 671 672 673 675 677 678 679 680 681 682 684 173 685 394 422 427 480 

427
563 
513 556 573 574 575 576 577 578 579 582 583 584 586 588 589 590 592 594 595 596 597 598 599 600 601 603 605 607 609 610 611 612 614 615 616 617 618 619 620 621 622 623 107 625 626 627 628 629 630 631 632 633 634 635 636 639 640 643 644 645 647 648 650 651 652 653 654 655 656 657 658 659 660 661 662 663 664 665 666 670 671 672 675 677 678 679 680 681 682 683 684 685 391 395 422 436 461 475 500 

428
609 436 669 
556 573 574 575 576 577 578 579 582 583 584 586 587 588 589 590 592 593 595 596 597 598 599 600 602 603 605 607 610 611 612 615 616 617 618 619 620 621 622 623 625 626 627 628 629 630 631 632 633 634 635 636 637 638 639 640 643 644 645 646 647 648 649 650 652 653 654 655 656 657 658 659 660 661 662 663 664 665 666 668 670 671 672 673 675 677 678 679 680 681 682 684 685 173 363 422 480 

431
414 
34 573 574 575 576 577 578 579 582 583 584 586 588 589 590 592 593 594 595 596 597 598 599 600 601 602 603 605 607 609 610 611 612 615 616 617 618 619 620 621 622 623 107 625 626 627 628 629 630 631 632 633 634 635 636 637 638 639 640 641 643 644 647 648 649 650 652 653 654 655 656 657 658 659 660 661 662 663 664 665 666 667 668 670 671 672 675 677 678 679 680 681 682 684 685 173 422 427 480 

434

34 556 558 573 574 575 576 577 578 579 582 583 584 586 587 588 589 590 592 593 594 595 596 597 598 599 600 602 603 605 607 609 611 612 615 616 617 618 619 620 621 622 623 625 626 627 628 629 630 631 632 633 634 635 636 637 638 639 640 643 644 646 647 648 649 650 652 653 654 655 656 657 658 659 660 661 662 663 664 665 666 667 668 670 671 672 673 675 677 678 679 680 681 682 684 685 173 422 427 480 

436
428 637 
34 558 573 574 575 576 577 578 579 582 583 584 586 587 588 589 590 592 593 594 595 596 597 598 599 600 601 602 603 605 607 609 610 611 612 615 616 617 618 619 620 621 622 623 107 625 626 627 628 629 630 631 632 633 636 638 639 640 641 643 644 647 648 649 650 653 654 655 656 657 658 659 660 661 662 663 664 665 666 667 668 670 671 672 675 676 677 678 679 680 681 682 684 685 173 422 427 480 

438
556 
34 558 573 574 575 576 577 578 579 580 582 583 584 586 587 588 589 590 592 593 594 595 597 598 599 600 601 602 603 605 607 609 610 611 612 615 616 617 618 619 620 621 622 623 107 625 626 627 628 629 630 631 632 633 635 636 637 638 639 640 641 643 644 647 648 649 650 652 653 654 655 656 657 658 659 660 661 662 663 664 665 666 667 668 670 672 673 675 677 678 679 680 681 682 684 685 173 427 480 

461

34 556 563 573 574 575 576 577 578 579 582 583 584 586 587 588 589 592 593 594 595 596 597 598 599 600 601 602 603 605 607 609 610 611 612 615 616 617 618 619 620 621 622 623 107 625 626 627 628 629 630 631 632 633 634 635 636 637 638 639 640 641 643 644 647 648 649 650 652 654 655 657 658 659 660 661 662 663 664 665 666 667 668 670 671 672 673 675 677 678 679 680 681 682 684 685 173 422 427 480 

465
414 
34 563 573 574 575 576 577 578 579 582 583 584 586 587 588 589 590 592 593 594 595 596 597 598 599 600 602 603 605 607 609 611 612 615 616 617 618 619 620 621 622 623 625 626 627 628 629 630 631 632 633 634 635 636 637 638 639 640 641 643 644 647 648 649 650 652 653 654 655 656 657 658 659 660 661 662 663 664 665 666 667 668 670 671 672 673 675 677 678 679 680 681 682 684 685 173 422 427 480 

475
496 414 
34 558 573 574 575 576 577 578 579 582 583 584 586 587 588 589 590 592 593 594 595 596 597 598 599 600 602 603 605 607 609 610 611 612 615 616 617 618 619 620 621 622 623 625 626 627 628 629 630 631 632 633 634 635 636 637 638 639 640 643 644 647 648 649 650 652 653 654 655 657 658 659 660 661 662 663 664 665 666 667 668 670 671 672 673 675 677 678 679 680 681 682 684 685 173 422 427 480 

480

573 574 575 576 577 578 579 582 583 584 586 587 588 589 590 592 595 596 597 598 599 600 601 602 603 604 605 607 609 610 611 612 615 616 617 618 619 620 621 622 623 625 626 627 628 629 630 631 632 633 634 635 636 637 638 639 640 641 643 644 647 648 649 650 651 652 653 654 655 656 657 658 659 660 661 662 663 664 665 666 667 668 669 670 671 672 673 675 676 677 678 679 680 681 682 684 685 414 483 496 

483
563 651 
34 556 558 573 574 575 576 577 578 579 582 583 584 586 587 588 589 590 592 593 594 595 597 598 599 600 602 603 605 607 609 610 611 612 615 616 617 618 619 620 621 622 623 625 626 627 628 629 630 631 632 633 634 635 636 638 640 643 644 645 646 647 648 649 650 652 653 654 655 657 658 659 660 661 662 663 664 665 666 667 668 670 672 673 675 677 678 679 680 681 682 684 173 685 423 427 428 480 

492

34 558 563 573 574 575 576 577 578 579 582 583 584 586 587 588 589 590 592 593 594 595 596 597 598 599 600 601 602 603 605 607 609 610 611 612 615 616 617 618 619 620 621 622 623 107 625 626 627 628 629 630 631 632 633 634 635 636 638 639 640 643 644 647 648 649 650 652 653 654 655 657 658 659 660 661 662 663 664 665 666 667 668 670 671 672 673 675 677 678 679 680 681 682 684 685 173 422 427 480 

496

34 558 563 573 574 575 576 577 578 579 582 583 584 586 587 588 589 590 592 593 594 595 596 597 598 599 600 602 603 605 607 609 610 611 612 615 616 617 618 619 620 621 622 623 107 625 626 627 628 629 630 631 632 633 634 635 636 638 639 640 643 644 645 646 647 648 649 650 652 653 654 655 657 658 659 660 661 662 663 664 665 666 667 668 670 671 672 673 675 677 678 679 680 681 682 684 685 173 422 480 

500
556 645 
34 573 574 575 576 577 578 579 582 583 584 586 587 588 589 590 592 593 594 595 596 597 598 599 600 602 603 605 607 609 610 611 612 615 616 617 618 619 620 621 622 623 625 626 627 628 629 630 631 632 633 634 635 636 638 639 640 641 643 644 646 647 648 649 650 652 653 654 655 657 658 659 660 661 662 663 664 665 666 667 668 670 671 672 673 675 677 678 679 680 681 682 684 173 685 422 427 480 

506

34 556 558 573 574 575 576 577 578 579 582 583 584 586 587 588 589 590 592 593 594 595 596 597 598 599 600 601 602 603 605 607 609 611 612 615 616 617 618 619 620 621 622 623 107 625 626 627 628 629 630 631 632 633 634 635 636 637 638 639 640 643 644 647 648 649 650 652 653 654 655 657 658 659 660 661 662 663 664 665 666 667 668 670 671 672 673 675 677 678 679 680 681 682 684 685 173 422 427 480 

513
641 634 348 645 
34 556 558 573 574 575 576 577 578 579 582 583 584 586 587 588 589 590 592 593 594 595 596 597 598 599 600 602 603 605 607 609 611 612 615 616 617 618 619 620 621 622 623 625 626 627 628 629 630 631 632 633 635 636 638 639 640 643 644 647 648 649 650 652 653 654 655 657 658 659 660 661 662 663 664 665 666 667 668 670 671 672 673 675 677 678 679 680 681 682 684 685 173 422 427 480 

514

34 558 573 574 575 576 577 578 579 582 583 584 586 587 588 589 590 592 593 594 595 596 597 598 599 600 601 602 603 605 607 609 611 612 615 616 617 618 619 620 621 622 623 107 625 626 627 628 629 630 631 632 633 634 635 636 638 639 640 641 643 644 646 647 648 649 650 652 653 654 655 657 658 659 660 661 662 663 664 665 666 667 668 670 671 672 673 675 677 678 679 680 681 682 684 685 173 422 427 480 

515

34 556 558 563 573 574 575 576 577 578 579 582 583 584 586 587 588 589 590 592 593 594 595 596 597 598 599 600 602 603 605 607 609 610 611 612 615 616 617 618 619 621 622 623 625 626 627 628 629 630 631 632 633 634 635 636 638 639 640 643 644 645 646 647 648 649 650 652 653 655 657 658 659 660 661 662 663 664 665 666 667 668 670 671 672 673 675 677 678 679 680 681 682 684 685 173 422 427 436 480 

524
590 414 
34 556 558 573 574 575 576 577 578 579 582 583 584 586 587 588 589 592 593 594 595 596 597 598 599 600 601 602 603 605 607 609 611 612 615 616 617 618 619 620 621 622 623 625 626 627 628 629 630 631 632 633 634 635 636 638 639 640 641 643 644 647 648 649 650 652 653 654 655 657 658 659 660 661 662 663 664 665 666 667 668 670 671 672 673 675 677 678 679 680 681 682 684 685 173 422 427 480 

542
556 
34 563 573 574 575 576 577 578 579 582 583 584 586 587 588 589 590 592 593 594 595 596 597 598 599 600 602 603 605 607 609 611 612 615 616 617 618 619 620 621 622 623 625 626 627 628 629 630 631 632 633 634 635 636 637 638 639 640 641 643 644 647 648 649 650 652 653 654 655 657 658 659 660 661 662 663 664 665 666 667 668 670 671 672 673 675 676 677 678 679 680 681 682 684 685 173 422 427 480 

544
556 
34 573 574 575 576 577 578 579 582 583 584 586 587 588 589 590 592 593 594 595 596 597 598 599 600 602 603 605 607 609 610 611 612 615 616 617 618 619 620 621 622 623 107 625 626 627 628 629 630 631 632 633 634 635 636 637 638 639 640 641 643 644 647 648 649 650 652 653 654 655 657 658 659 660 661 662 663 664 665 666 667 668 670 672 673 675 677 678 679 680 681 682 684 685 173 422 427 436 480 

553
645 422 
34 563 573 574 575 576 577 578 579 582 583 584 586 587 588 589 590 592 593 594 595 596 597 598 599 600 601 602 603 605 607 610 611 612 615 616 617 618 619 107 621 622 623 625 626 627 628 629 630 631 632 633 635 636 637 638 639 640 641 643 646 647 648 649 650 651 652 653 654 655 656 657 658 659 660 661 662 663 664 665 667 668 670 671 672 673 675 677 678 679 680 681 682 684 685 173 427 480 

556
414 
34 573 574 575 576 577 578 579 582 583 584 586 588 589 590 592 593 594 595 596 597 598 599 600 601 602 603 605 607 609 610 611 612 615 616 617 618 619 620 621 622 623 107 625 626 627 628 629 630 631 632 633 634 635 636 637 638 639 640 641 643 644 645 647 648 649 650 653 654 655 656 657 658 659 660 661 662 663 664 665 666 667 668 670 671 672 675 677 678 679 680 681 682 684 685 173 422 427 480 

558

34 563 573 574 575 576 577 578 579 582 583 584 586 588 589 590 592 593 594 595 596 597 598 599 600 602 603 605 607 609 610 611 612 615 616 617 618 619 620 621 622 623 107 625 626 627 628 629 630 631 632 633 634 635 636 637 638 639 640 641 643 644 647 648 649 650 652 653 654 655 656 657 658 659 660 661 662 663 664 665 666 667 668 670 671 672 673 675 677 678 679 680 681 682 684 685 173 422 427 480 

559
556 
34 563 573 574 575 576 577 578 579 582 583 584 586 587 588 589 590 592 593 594 595 596 597 598 599 600 601 602 603 605 607 609 611 612 615 616 617 618 619 620 621 622 623 107 625 626 627 628 629 630 631 632 633 634 635 636 638 639 640 641 643 644 647 648 649 650 652 653 654 655 657 658 659 660 661 662 663 664 665 666 667 668 670 671 672 673 675 677 678 679 680 681 682 684 685 173 422 427 480 

561
422 
34 556 563 573 574 575 576 577 578 579 582 583 584 586 587 588 589 590 592 593 594 595 596 597 598 599 600 601 602 603 605 607 609 611 612 615 616 617 618 619 620 621 622 623 107 625 626 627 628 629 630 631 632 633 634 635 636 637 638 639 640 641 643 644 647 648 649 650 652 653 654 655 657 658 659 660 661 662 663 664 665 666 667 668 670 672 673 675 677 678 679 680 681 682 684 685 173 427 480 

563
427 556 483 
34 558 573 574 575 576 577 578 579 582 583 584 586 588 589 590 592 595 596 597 598 599 600 601 602 603 605 607 609 611 612 615 616 617 618 619 620 621 622 623 107 625 626 627 628 629 630 631 632 633 635 636 637 638 639 640 641 643 644 647 648 649 650 652 653 654 655 656 657 658 659 660 661 662 663 664 665 666 668 670 671 672 673 675 676 677 678 679 680 681 682 684 685 173 395 422 496 

566
676 637 
34 558 573 574 575 576 577 578 579 582 583 584 586 587 588 589 590 592 594 595 596 597 598 599 600 602 603 605 607 609 610 611 612 615 616 617 618 619 620 621 622 623 625 626 627 628 629 630 631 632 633 634 635 636 638 639 640 641 643 644 645 647 648 649 650 652 653 654 655 657 658 659 660 661 662 663 664 665 666 667 668 670 671 672 673 675 677 678 679 680 681 682 684 685 173 422 427 480 

567

34 556 558 573 574 575 576 577 578 579 582 583 584 586 588 589 592 593 594 595 596 597 598 599 600 601 602 603 605 607 609 611 612 615 616 617 618 619 620 621 622 623 107 625 626 627 628 629 630 631 632 633 635 636 637 638 639 640 641 643 644 647 648 649 650 652 653 654 655 656 657 658 659 660 661 662 663 664 665 666 667 668 670 671 672 673 675 676 677 678 679 680 681 682 684 685 173 422 427 480 

573

513 514 515 524 542 544 34 553 556 558 559 561 563 566 567 576 577 578 580 582 583 586 587 591 593 594 595 599 600 602 604 606 610 614 615 107 627 628 629 632 634 635 637 638 639 640 641 643 645 646 647 649 650 651 652 656 657 658 659 661 662 665 667 669 670 671 673 675 676 681 683 173 348 363 370 373 374 376 378 391 394 395 400 412 423 427 428 431 434 436 438 461 465 475 480 483 492 496 500 506 

574

513 514 515 524 542 544 34 553 556 558 559 561 563 566 567 576 577 578 580 582 583 586 587 591 593 594 595 599 600 602 604 606 607 610 611 614 615 617 107 626 627 628 629 632 634 635 638 640 641 643 645 646 647 649 650 651 652 656 658 659 661 662 665 667 669 670 671 673 675 676 681 683 173 348 363 370 373 374 376 378 391 394 400 412 423 427 428 431 434 436 438 461 465 475 480 483 492 496 500 506 

575

513 514 515 524 542 544 34 553 556 558 559 561 563 566 567 576 577 578 580 582 583 586 587 591 593 594 595 599 600 601 604 606 607 610 614 615 107 627 628 629 632 634 635 637 638 640 641 643 645 646 647 649 650 651 652 656 658 659 660 661 662 665 667 669 670 671 673 675 676 681 683 173 348 363 370 373 374 376 378 391 394 395 400 412 423 427 428 431 434 436 438 461 465 475 480 483 492 496 500 506 

576

513 515 542 544 34 553 556 566 573 574 575 579 580 584 586 587 588 589 590 591 592 594 596 597 598 601 603 605 606 609 610 611 612 614 616 617 618 107 620 621 622 623 619 625 626 630 631 633 636 637 639 644 645 646 648 649 651 653 654 656 657 660 663 664 666 669 671 672 673 676 677 678 679 680 683 684 173 685 348 370 373 374 376 378 391 394 395 412 422 427 428 434 438 461 465 475 483 496 500 506 

577

513 515 524 542 544 34 553 556 566 573 574 575 579 580 584 588 589 590 591 592 593 594 596 597 598 601 603 604 605 609 610 611 612 616 617 618 107 620 619 622 623 621 625 626 629 630 631 633 636 637 639 641 644 648 649 653 654 655 656 657 660 663 664 666 667 671 672 673 676 677 678 679 680 682 683 684 685 173 348 370 373 374 378 391 394 395 412 422 427 428 434 438 461 465 475 480 483 496 500 506 

578

513 515 524 542 544 34 553 556 559 561 566 567 573 574 575 579 580 584 588 589 590 591 592 593 594 596 597 598 601 603 604 605 606 609 610 611 612 616 617 618 619 620 107 622 623 621 625 626 630 631 633 636 637 639 644 645 648 649 653 654 655 656 657 663 664 666 667 671 672 673 676 677 678 679 680 682 683 684 173 685 348 370 374 378 391 394 395 412 422 427 428 434 438 461 465 480 483 496 500 506 

579

513 514 515 524 542 544 34 553 556 558 559 561 563 566 567 576 577 578 580 582 583 586 587 591 593 594 595 599 600 601 604 606 607 610 614 615 107 627 628 629 632 634 635 637 638 640 641 643 645 646 647 649 650 651 652 655 656 658 659 661 662 665 667 668 669 670 671 673 675 676 679 681 683 173 348 363 370 373 374 376 378 391 394 400 412 423 427 428 431 434 436 438 461 465 475 480 492 496 500 506 

580
436 637 414 
34 556 558 563 573 574 575 576 577 578 579 582 583 584 586 587 588 589 590 592 593 594 595 596 597 598 599 600 602 603 605 607 611 612 615 616 617 618 619 620 621 622 623 625 626 627 628 629 630 631 632 633 634 635 636 638 639 640 643 646 647 648 649 650 652 653 654 655 657 658 659 660 661 662 663 664 665 666 667 668 670 671 672 673 675 677 678 679 680 681 682 684 173 685 348 427 480 

582

513 514 515 524 542 544 34 553 556 559 567 573 574 575 579 580 584 587 588 589 590 591 592 593 594 596 597 598 601 603 604 605 609 610 611 612 616 617 618 107 620 621 622 623 619 625 626 630 631 633 636 637 639 644 645 648 649 653 654 655 656 657 660 663 664 666 667 669 671 672 673 676 677 678 679 680 682 683 684 173 348 370 373 374 378 391 394 395 412 422 427 428 438 461 465 475 483 496 500 506 

583

513 515 524 544 34 553 556 558 559 566 573 574 575 579 580 584 587 588 589 590 591 592 593 594 596 597 598 601 603 604 605 609 610 611 612 614 616 617 618 619 620 621 622 623 625 626 630 631 633 636 637 639 641 644 648 649 653 654 655 656 657 660 663 664 666 667 669 671 672 673 676 677 678 679 680 682 683 684 685 348 370 374 378 391 394 395 400 412 422 423 427 428 431 434 465 475 483 496 500 506 

584

513 514 515 524 542 544 34 553 556 558 559 561 563 566 567 576 577 578 580 582 583 586 587 590 591 593 594 595 599 600 601 604 606 610 614 615 107 626 627 628 629 632 634 635 638 640 641 643 645 646 647 648 649 650 651 652 656 658 659 661 662 665 666 667 669 670 671 673 675 676 681 683 173 348 363 370 373 374 376 378 391 394 400 412 423 427 428 431 434 436 438 461 465 475 480 483 492 496 500 506 

586

34 573 574 575 576 577 578 579 582 583 584 588 589 590 592 593 594 595 596 597 598 599 600 601 602 603 605 607 609 610 611 612 615 616 617 618 619 620 621 622 623 107 625 626 627 628 629 630 631 632 633 635 636 637 638 639 640 641 643 644 647 648 649 650 652 653 654 655 656 657 658 659 660 661 662 663 664 665 666 667 668 670 672 673 675 676 677 678 679 680 681 682 684 685 173 348 414 422 427 480 

587

34 556 573 574 575 576 577 578 579 582 583 584 588 589 590 592 593 594 595 596 597 598 599 600 601 602 603 605 607 609 610 611 612 615 616 617 618 619 620 621 622 623 107 625 626 627 628 629 630 631 632 633 635 636 637 638 639 640 641 643 644 647 648 649 650 652 653 654 655 656 657 658 659 660 661 662 663 664 665 666 667 668 670 672 673 675 677 678 679 680 681 682 684 685 173 348 414 422 427 480 

588

513 514 515 524 542 544 34 553 556 558 559 561 563 566 567 576 577 578 580 582 583 586 587 591 593 594 595 599 600 602 604 606 607 610 614 615 107 627 628 629 632 634 635 637 638 640 641 643 645 646 647 649 650 651 652 655 656 658 659 661 662 665 667 668 669 670 671 673 675 676 681 683 173 348 363 370 373 374 376 378 391 394 400 412 423 427 428 431 434 436 438 461 465 475 480 483 492 496 500 506 

589

513 514 524 542 544 34 556 558 559 561 563 566 567 576 577 578 580 582 583 586 587 591 593 594 595 599 600 601 602 604 606 607 610 614 615 107 627 628 629 632 634 635 637 638 640 641 643 645 646 647 649 650 651 652 656 658 659 661 662 665 667 668 669 670 671 673 675 676 681 682 683 173 348 363 370 373 374 376 378 391 394 395 400 412 423 427 428 431 434 436 438 461 465 475 480 483 492 496 500 506 

590
524 
513 514 515 544 34 553 556 558 559 563 574 576 577 578 580 582 583 584 586 587 593 594 595 596 599 600 601 602 604 606 607 610 614 615 107 620 627 628 629 631 632 634 635 637 638 639 640 641 643 645 646 647 649 650 651 652 655 656 657 658 659 660 661 662 663 665 667 668 670 671 672 673 675 676 679 681 682 173 348 363 370 376 378 391 394 395 422 423 427 428 431 434 436 438 480 483 492 496 500 

591
641 
34 556 558 563 573 574 575 576 577 578 579 582 583 584 586 588 589 592 593 594 595 596 597 598 599 600 601 602 603 605 607 609 610 611 612 615 616 617 618 619 620 621 622 623 107 625 626 627 628 629 630 631 632 633 635 636 638 639 640 643 644 647 648 649 650 652 653 654 655 656 657 658 659 660 661 662 663 664 665 666 667 668 670 671 672 673 675 677 678 679 680 681 682 684 685 173 422 427 480 

592

513 514 515 524 542 544 34 553 556 558 559 561 563 566 567 576 577 578 580 582 583 586 587 591 593 594 595 599 600 601 602 604 606 607 610 614 615 107 627 628 629 632 634 635 637 638 640 641 643 645 646 647 649 650 651 652 656 658 659 661 662 665 667 668 669 670 671 673 675 676 681 683 173 348 363 370 373 374 376 378 391 394 400 412 423 427 428 431 434 436 438 461 465 475 480 483 492 496 500 506 

593

34 573 574 575 576 577 578 579 582 583 584 586 587 588 589 590 592 594 595 596 597 598 599 600 602 603 605 607 609 610 611 612 615 616 617 618 619 620 621 622 623 625 626 627 628 629 630 631 632 633 634 635 636 637 638 639 640 641 643 644 646 647 648 649 650 652 653 654 655 656 657 658 659 660 661 662 663 664 665 666 667 668 669 670 671 672 673 675 676 677 678 679 680 681 682 683 684 685 173 414 

594

553 556 573 574 575 576 577 578 579 582 583 584 586 587 588 589 590 591 592 593 595 596 597 598 599 600 603 605 610 611 612 614 615 616 617 618 619 620 621 622 623 107 625 626 627 628 629 630 632 633 634 635 636 637 639 640 643 644 645 646 647 648 649 650 652 653 654 655 656 657 658 659 661 662 663 664 665 666 669 670 671 672 673 675 677 678 679 680 681 682 684 685 173 348 363 376 422 423 436 483 

595

513 515 524 542 544 34 553 556 566 573 574 575 579 580 584 587 588 589 590 591 592 593 594 596 597 598 601 603 604 605 606 609 610 611 612 616 617 618 107 620 621 619 623 622 625 626 629 630 631 633 636 637 639 644 645 646 648 649 651 653 654 655 656 657 663 664 666 667 669 671 672 673 676 677 678 679 680 682 683 684 685 348 370 373 374 378 391 395 412 422 423 427 428 438 461 465 475 483 496 506 

596

513 514 515 524 542 544 34 553 556 558 559 561 563 566 567 576 577 578 580 582 583 586 587 590 591 593 594 595 599 600 601 602 606 607 610 612 614 615 107 626 627 628 629 632 634 635 638 640 641 643 644 645 646 647 648 649 650 651 652 656 658 659 661 662 665 667 668 669 670 673 675 676 681 683 173 348 363 370 373 374 376 378 391 394 400 412 423 427 428 431 434 436 461 465 475 480 492 496 500 506 

597

513 514 515 524 542 544 34 553 556 558 559 561 563 566 567 576 577 578 580 582 583 586 587 591 593 594 595 599 600 601 602 604 606 607 610 614 615 107 627 628 629 632 634 635 637 638 640 641 643 645 646 647 649 650 651 652 655 656 658 659 661 662 665 667 668 669 670 671 673 675 676 681 683 173 348 363 370 373 374 376 378 391 394 400 412 423 427 428 431 434 436 438 465 475 480 483 492 496 500 506 

598
414 
513 514 515 524 542 544 34 553 556 558 559 561 563 566 567 576 577 578 582 583 586 587 591 593 594 595 599 600 602 604 606 607 610 614 615 107 627 628 629 632 634 635 637 638 640 641 643 645 646 647 649 650 651 652 656 658 659 661 662 665 667 668 669 670 671 673 675 676 681 683 173 348 363 370 373 374 376 378 391 394 395 400 412 423 427 428 431 434 436 438 461 465 475 480 483 492 496 500 506 

599

513 515 524 542 544 34 553 558 559 566 567 573 574 575 579 580 584 588 589 590 591 592 593 594 596 597 598 601 603 604 605 609 610 611 612 616 617 618 619 620 621 622 623 107 625 626 629 630 631 633 636 637 639 644 648 649 653 654 655 656 657 660 663 664 666 667 669 671 672 673 676 677 678 679 680 682 683 684 685 173 348 363 370 374 378 391 394 395 412 422 427 428 431 465 475 480 483 496 500 506 

600

513 514 515 524 544 34 553 556 559 566 573 574 575 579 580 584 587 588 589 590 592 593 594 596 597 598 601 603 604 605 609 610 611 612 616 617 618 107 620 621 622 623 625 626 629 630 631 633 636 637 639 641 644 648 649 653 654 655 656 657 660 663 664 666 667 669 671 672 673 676 677 678 679 680 682 683 684 685 348 363 370 373 374 378 391 394 395 412 422 423 427 428 434 438 465 475 483 496 500 506 

601
637 629 414 
34 556 563 573 574 575 576 577 578 579 582 583 584 586 587 588 589 590 592 593 594 595 596 597 598 599 600 602 603 605 607 610 611 612 615 616 617 618 619 620 621 622 623 625 626 627 628 631 632 633 634 635 636 638 639 640 643 645 646 647 648 649 650 652 653 654 655 657 658 659 660 661 662 663 664 665 666 667 668 670 671 672 673 675 677 678 679 680 681 682 684 173 685 427 436 461 480 

602

513 514 524 544 553 556 559 561 563 566 567 580 582 586 587 588 589 591 592 593 596 598 600 601 604 606 609 610 612 614 615 617 618 107 620 619 622 623 625 628 629 630 631 634 635 636 637 639 641 644 645 646 647 648 650 651 652 653 654 655 656 657 658 659 661 663 665 666 669 670 671 676 678 682 683 684 685 370 374 376 378 391 394 395 412 422 423 428 431 436 438 461 465 475 480 483 492 496 500 506 

603

513 514 515 524 542 544 34 553 556 558 559 561 563 566 567 576 577 578 580 582 583 586 587 591 593 594 595 599 600 601 604 606 610 614 615 107 627 628 629 632 634 635 637 638 640 641 643 645 646 647 649 650 651 652 656 658 659 661 662 665 667 668 669 670 671 673 675 676 679 681 683 173 348 363 370 373 374 376 378 391 394 395 400 412 423 427 428 431 434 436 438 461 465 475 480 483 492 496 500 506 

604
563 558 
34 556 573 574 575 576 577 578 579 582 583 584 586 588 589 590 592 593 594 595 597 598 599 600 601 602 603 605 607 609 610 611 612 615 616 617 618 619 620 621 622 623 107 625 626 627 628 629 630 631 632 633 635 636 638 639 640 641 643 644 647 648 649 650 652 653 654 655 656 657 658 659 660 661 662 663 664 665 666 667 668 670 672 673 675 677 678 679 680 681 682 684 173 685 348 394 427 480 

605

513 514 515 524 542 544 34 553 556 558 559 561 563 566 567 576 577 578 582 583 586 587 591 593 594 595 599 600 604 606 607 610 614 615 107 627 628 629 632 634 635 637 638 640 641 643 645 646 647 649 650 651 652 656 657 658 659 660 661 662 665 667 668 669 670 671 673 675 676 679 681 682 683 173 348 363 370 373 374 376 378 391 394 395 400 423 427 428 431 434 436 438 465 475 480 483 492 496 500 506 

606
414 
34 556 558 563 573 574 575 576 577 578 579 582 583 584 586 588 589 590 592 593 594 595 596 597 598 599 600 602 603 605 607 609 611 612 615 616 617 618 619 620 621 622 623 107 625 626 627 628 629 630 631 632 633 634 635 636 637 638 639 640 643 644 647 648 649 650 652 653 654 655 657 658 659 660 661 662 663 664 665 666 667 668 670 672 673 675 677 678 679 680 681 682 684 685 173 348 422 427 480 

607

513 514 524 542 544 34 553 556 559 561 563 566 567 574 575 579 580 586 587 588 589 590 591 593 596 598 599 600 601 606 609 610 611 612 615 617 618 107 619 620 625 626 627 629 630 631 633 634 635 636 641 644 645 646 647 648 650 651 652 653 654 655 656 658 659 661 664 665 666 669 671 673 676 679 680 682 685 348 363 370 373 374 376 378 394 395 400 412 422 431 434 436 438 461 465 475 480 483 496 500 

609
428 596 
514 524 544 34 556 558 559 561 563 574 576 577 578 582 583 584 586 587 593 594 595 599 600 602 604 606 607 610 614 615 616 618 107 621 622 625 627 628 629 631 632 634 635 637 638 639 640 641 643 645 646 647 649 650 651 652 655 657 658 659 660 661 662 663 665 667 668 669 670 671 673 675 676 678 679 681 682 683 684 173 348 363 373 374 376 400 423 427 431 434 436 438 461 475 480 492 496 506 

610

34 556 558 573 574 575 576 577 578 579 582 583 584 586 587 588 589 590 592 593 594 595 596 597 598 599 600 602 603 605 607 609 611 612 615 616 617 618 619 620 621 622 623 625 626 627 628 629 630 631 632 633 634 635 636 638 639 640 641 643 644 647 648 649 650 652 653 654 655 656 657 658 659 660 661 662 663 664 665 666 667 668 670 671 672 675 676 677 678 679 680 681 682 684 685 173 414 422 427 480 

611

513 514 515 524 542 544 34 553 556 558 559 561 563 566 567 574 576 577 578 580 582 583 586 587 591 593 594 595 599 600 601 604 606 607 610 614 615 107 627 628 629 632 634 635 637 638 640 641 643 645 646 647 649 650 651 652 656 658 659 661 662 665 667 668 669 670 671 673 675 676 679 681 683 173 348 363 370 374 376 378 391 394 395 400 412 423 427 428 431 434 436 438 465 475 480 483 492 496 500 506 

612

513 514 515 524 542 544 34 553 556 558 559 561 563 566 576 577 578 582 583 586 587 593 594 595 599 600 601 602 604 606 607 610 614 615 107 627 628 629 632 634 635 637 638 640 641 643 645 646 647 649 650 651 652 655 656 657 658 659 660 661 662 665 667 668 669 670 671 673 675 676 681 683 173 348 363 370 373 374 376 378 391 394 395 400 412 423 427 428 431 434 436 438 465 475 480 483 492 496 500 506 

614

34 563 573 574 575 576 577 578 579 582 583 584 586 588 589 590 592 593 594 595 596 597 598 599 600 601 602 603 605 607 609 610 611 612 615 616 617 618 619 620 621 622 623 107 625 626 627 628 629 630 631 632 633 634 635 636 638 639 640 641 643 644 646 647 648 649 650 652 653 654 655 656 657 658 659 660 661 662 663 664 665 666 667 668 670 671 672 673 675 677 678 679 680 681 682 684 685 173 427 480 

615

513 514 515 524 542 34 553 556 559 566 573 574 575 579 580 584 588 589 590 591 592 593 594 596 597 598 601 603 605 609 610 611 612 616 617 618 619 620 621 622 623 107 625 626 630 631 633 636 637 639 641 644 645 648 649 653 654 655 656 657 664 666 667 669 671 672 673 676 677 678 679 680 682 683 684 685 173 348 363 370 374 376 378 391 394 395 412 422 423 427 428 434 461 465 475 480 483 496 500 506 

616

513 514 515 524 542 544 34 553 556 558 559 561 563 566 567 576 577 578 580 582 583 586 587 591 593 594 595 599 600 601 604 606 609 610 614 615 107 627 628 629 632 634 635 637 638 640 641 643 645 646 647 649 650 651 652 656 658 659 661 662 665 667 668 669 670 671 673 675 676 681 683 173 348 363 370 373 374 376 378 391 394 395 400 412 423 427 428 431 434 436 438 461 465 475 480 483 492 496 500 506 

617

513 514 515 524 542 544 34 556 558 559 561 563 567 576 577 578 580 582 583 586 587 591 593 594 595 599 600 602 604 606 607 610 614 615 107 627 628 629 632 634 635 637 638 640 641 643 645 646 647 649 650 651 652 656 658 659 660 661 662 665 667 668 669 670 671 673 675 676 679 681 683 173 348 363 370 373 374 376 378 391 394 395 400 412 423 427 428 431 434 436 438 461 465 475 480 483 492 496 500 506 

618
414 
513 514 515 524 542 544 34 553 556 558 559 561 563 566 567 576 577 578 580 582 583 586 587 591 593 594 595 599 600 601 602 604 606 607 610 614 615 107 627 628 629 632 634 635 638 640 641 643 645 646 647 649 650 651 652 656 658 659 661 662 665 667 668 669 670 671 673 675 676 681 683 173 348 363 370 373 374 376 378 391 394 395 400 412 423 427 428 431 434 436 438 461 465 475 480 492 496 500 506 

619

513 514 515 524 542 544 34 553 556 558 559 561 563 566 567 576 577 578 580 582 583 586 587 591 593 594 595 599 600 602 604 606 607 610 614 615 107 627 628 629 632 634 635 637 638 640 641 643 645 646 647 649 650 651 652 655 656 658 659 661 662 665 667 668 669 670 671 673 675 676 681 683 173 348 363 370 373 374 376 378 391 394 400 412 423 427 428 431 434 436 438 461 465 475 480 483 492 496 500 506 

620

513 514 524 544 34 556 558 561 563 566 567 576 577 578 580 582 583 586 587 593 594 595 599 600 601 602 604 606 607 610 614 615 616 618 107 627 628 629 631 632 634 635 637 638 639 640 641 643 645 646 647 649 650 651 652 656 657 658 659 660 661 662 663 665 667 668 669 670 671 673 675 676 679 681 682 683 684 173 348 363 373 374 376 378 412 423 427 428 431 434 436 438 461 465 475 480 483 492 500 506 

621

513 514 515 524 542 544 34 553 556 558 559 561 563 566 567 576 577 578 580 582 583 586 587 591 593 594 595 599 600 601 604 606 607 610 614 615 107 627 628 629 632 634 635 637 638 640 641 643 645 646 647 649 650 651 652 656 658 659 661 662 665 666 667 668 669 670 671 673 675 676 681 683 173 348 363 370 373 374 376 378 391 394 400 412 423 427 428 431 434 436 438 461 465 475 480 483 492 496 500 506 

622

513 514 515 524 542 544 34 553 556 558 559 561 563 566 567 576 577 578 580 582 583 586 587 591 593 594 595 599 600 601 602 604 606 607 610 614 615 107 627 628 629 632 634 635 637 638 640 641 643 645 646 647 650 651 652 656 658 659 661 662 665 667 668 669 670 671 673 675 676 681 683 173 348 363 370 373 374 376 378 391 394 395 400 412 423 427 428 431 434 436 438 461 465 475 480 483 492 496 500 506 

623
414 
513 514 515 524 542 544 34 553 556 558 559 561 563 566 567 576 577 578 580 582 583 586 587 591 593 594 595 599 600 602 604 606 607 610 614 615 107 627 628 629 632 634 635 637 638 640 641 643 645 646 647 649 650 651 652 656 658 659 661 662 665 667 668 669 670 671 673 675 676 681 683 173 348 363 370 373 374 376 378 391 394 395 400 412 423 427 428 431 434 436 438 465 475 480 483 492 496 500 506 

625
414 
513 514 515 524 542 544 34 553 556 558 559 561 563 566 567 576 577 578 580 582 583 586 587 591 593 594 595 599 600 602 604 606 607 610 614 615 107 627 628 629 632 634 635 637 638 640 641 643 645 646 647 649 650 651 652 656 658 659 661 662 665 667 669 670 671 673 675 676 679 681 683 173 348 363 370 373 374 376 378 391 394 395 400 412 423 427 428 431 434 436 438 465 475 480 483 492 496 500 506 

626
657 
513 514 515 524 542 544 34 553 556 558 559 561 563 566 567 574 576 577 578 582 583 586 587 591 593 594 595 599 600 604 606 607 610 614 615 107 627 628 629 632 634 635 637 638 640 641 643 645 646 647 649 650 651 652 656 658 659 660 661 662 665 667 668 669 670 671 673 675 676 679 681 682 173 348 363 370 373 374 376 378 391 394 395 400 423 427 428 431 434 436 438 461 465 475 480 492 496 500 506 

627

513 515 524 544 34 553 556 566 567 573 574 575 579 580 584 587 588 589 590 591 592 593 594 596 597 598 601 603 604 605 609 610 611 612 616 617 618 619 620 621 622 623 107 625 626 630 631 633 636 637 639 644 645 646 648 649 653 654 655 656 657 660 663 664 666 667 669 671 672 673 677 678 679 680 682 683 684 685 173 348 370 374 378 391 394 395 412 422 427 428 431 438 461 465 475 480 483 496 500 506 

628

513 514 515 524 542 34 553 556 558 559 566 573 574 575 579 580 584 587 588 589 590 591 592 593 594 596 597 598 601 603 605 606 609 610 611 612 614 617 618 619 620 622 623 625 626 630 631 633 636 637 639 644 645 646 648 652 653 654 656 657 664 666 667 669 671 672 673 676 677 678 679 680 682 683 685 348 363 373 374 376 378 391 394 395 400 412 422 423 427 428 431 434 461 465 475 480 483 496 500 506 

629

34 553 556 558 561 563 573 574 575 576 577 578 579 582 583 584 586 587 588 589 590 592 593 594 595 596 597 598 599 600 602 603 605 607 610 611 612 615 616 617 618 619 620 621 622 623 625 626 627 628 631 632 633 634 635 636 638 640 643 644 645 646 647 648 649 650 651 652 653 654 655 657 658 659 660 661 662 663 664 665 666 667 670 671 672 673 675 677 678 679 680 681 682 683 684 685 173 427 480 506 

630
414 
513 514 515 524 542 544 34 553 556 558 559 561 563 566 567 576 577 578 582 583 586 587 590 591 593 594 595 599 600 602 604 606 607 610 614 615 627 628 632 633 634 635 637 638 640 643 645 646 647 648 649 650 651 652 656 658 659 660 661 662 665 667 668 669 670 671 673 675 676 679 681 683 173 348 363 370 373 374 376 378 391 394 400 412 423 427 428 431 434 436 438 461 465 475 480 492 496 500 506 

631

513 514 515 524 542 544 34 553 556 558 559 561 563 566 567 576 577 578 580 582 583 586 587 589 591 593 594 595 599 600 601 602 604 606 607 610 614 615 107 627 628 629 632 634 635 638 640 641 643 644 645 646 647 650 651 652 656 658 659 661 662 664 665 667 669 670 671 673 675 676 681 683 173 348 363 370 373 374 376 378 391 394 395 400 412 423 427 428 431 434 436 438 461 465 475 480 492 496 500 506 

632

513 524 544 34 553 556 558 559 566 573 574 575 579 580 584 587 588 589 590 591 592 593 594 596 597 598 601 603 605 609 610 611 612 616 617 618 619 620 107 622 623 621 625 626 629 630 631 633 636 637 639 644 645 646 648 649 652 653 654 655 656 657 663 664 666 667 669 671 672 673 676 677 678 679 680 682 683 684 685 173 348 363 374 376 378 391 394 395 412 422 427 428 438 461 465 475 483 496 500 506 

633

513 514 515 524 542 544 34 553 556 558 559 561 563 566 567 574 576 577 578 582 583 586 587 593 594 595 599 600 601 604 606 607 610 614 615 107 627 628 629 632 634 635 637 638 640 641 643 645 646 647 649 650 651 652 655 656 658 659 660 661 662 665 667 668 669 670 671 673 675 676 681 683 173 348 363 370 373 374 376 378 391 394 395 400 412 423 427 428 431 434 436 438 465 475 480 483 492 496 500 506 

634

515 34 573 574 575 576 577 578 579 582 583 584 588 589 590 592 593 594 595 596 597 598 599 600 601 602 603 605 607 609 610 611 612 615 616 617 618 619 620 621 622 623 107 625 626 627 628 629 630 631 632 633 635 636 637 638 639 640 641 643 644 648 649 650 652 653 654 655 656 657 658 659 660 661 662 663 664 665 666 667 668 670 672 673 675 677 678 679 680 681 682 684 685 173 348 395 414 422 427 480 

635

513 514 515 544 34 553 558 559 566 567 573 574 575 579 580 584 587 588 589 590 591 592 593 594 596 597 598 601 603 605 609 610 611 612 616 617 618 619 620 621 622 623 107 625 626 629 630 631 633 636 637 639 644 645 648 649 653 654 655 656 657 660 663 664 666 667 669 671 672 676 677 678 679 680 682 683 684 685 173 348 370 373 374 378 391 394 395 412 422 427 428 438 461 465 475 480 483 496 500 506 

636

513 514 515 524 542 544 34 553 556 558 559 561 563 566 567 576 577 578 580 582 583 586 587 591 593 594 595 599 600 602 604 606 607 610 614 615 107 627 628 629 632 634 635 637 638 640 641 643 645 646 647 649 650 651 652 656 658 659 661 662 665 667 668 669 670 671 673 675 676 681 683 173 348 363 370 373 374 376 378 391 394 395 400 412 423 427 428 431 434 436 438 461 465 475 480 483 492 496 500 506 

637
601 436 645 678 
34 556 558 561 563 573 574 575 576 577 578 579 582 583 586 587 588 589 590 592 593 594 595 596 597 598 599 600 602 603 605 607 609 611 612 615 616 617 618 619 620 621 622 623 625 626 627 628 630 631 632 633 634 635 636 638 640 643 644 646 647 648 649 650 652 653 654 655 657 658 659 660 661 662 663 664 665 666 667 668 670 671 672 673 675 677 680 681 684 685 173 348 422 427 461 480 

638

513 514 515 524 542 544 553 556 561 563 566 567 579 580 582 586 587 588 589 590 591 592 593 596 597 598 601 603 604 606 609 610 611 612 614 616 617 618 107 620 619 622 623 625 626 629 630 631 633 634 636 637 639 641 644 645 646 647 651 652 653 654 655 656 663 666 669 671 673 676 678 683 684 685 348 363 373 374 376 378 391 394 395 400 412 422 423 428 431 434 436 438 461 465 475 480 483 496 500 506 

639

513 514 515 524 542 544 34 553 556 558 559 561 563 566 567 575 576 577 578 580 582 583 586 587 591 593 594 595 599 600 601 602 604 606 607 610 614 615 107 627 628 632 634 635 638 640 641 643 645 646 647 649 650 651 652 656 658 659 661 662 664 665 666 667 668 669 670 671 673 675 676 681 683 173 348 363 370 373 374 376 378 391 394 400 412 423 427 428 431 434 436 438 461 465 475 480 492 496 500 506 

640

513 515 524 542 34 553 556 558 559 561 566 573 574 575 579 580 584 588 589 590 591 592 593 594 596 597 598 601 603 605 609 610 611 612 616 617 618 107 620 619 622 623 621 625 626 629 630 631 633 636 637 639 641 644 645 646 648 649 651 653 654 655 656 657 663 664 666 667 669 671 672 673 676 677 678 679 680 682 684 685 173 348 363 370 373 374 378 391 394 395 422 423 427 428 434 461 475 483 496 506 

641

34 556 563 573 574 575 576 577 578 579 582 583 584 586 587 588 589 590 592 593 594 595 596 597 598 599 600 602 603 605 607 609 610 611 612 615 616 617 618 619 620 621 622 623 625 626 627 628 631 632 633 634 635 636 638 639 640 643 644 645 646 647 648 649 650 652 653 654 655 657 658 659 660 661 662 663 664 665 666 667 668 670 671 672 673 675 677 678 679 680 681 682 683 684 685 173 422 427 436 480 

643

513 515 524 542 544 34 553 558 563 566 573 574 575 579 580 584 586 587 588 589 590 591 592 593 594 596 597 598 601 603 604 605 609 610 611 612 616 617 618 619 620 621 622 623 107 625 626 630 631 633 636 637 639 644 645 646 648 649 651 653 654 655 656 660 664 666 667 669 671 672 673 676 677 678 679 680 682 683 684 685 348 370 373 374 378 391 394 395 412 422 423 427 428 431 461 465 483 496 500 506 

644

514 515 524 542 544 34 556 558 559 561 563 574 576 577 578 582 583 584 586 587 593 594 595 596 599 600 602 604 606 607 610 614 615 616 618 107 621 627 628 629 631 632 634 635 637 638 639 640 641 643 645 646 647 649 650 651 652 655 656 657 658 659 660 661 662 663 665 667 668 669 670 671 673 675 676 679 681 682 683 173 348 363 370 373 376 378 400 412 423 427 428 431 434 436 438 475 480 492 496 506 

645
637 
34 556 573 574 575 576 577 578 579 582 583 584 588 589 590 592 593 594 595 596 597 598 599 600 601 602 603 605 607 609 610 611 612 615 616 617 618 619 620 621 622 623 107 625 626 627 628 629 630 631 632 633 635 636 638 639 640 641 643 644 647 648 649 650 652 653 654 655 656 657 658 659 660 661 662 663 664 665 666 667 668 670 672 673 675 677 678 679 680 681 682 684 685 173 394 414 422 427 480 

646

34 558 573 574 575 576 577 578 579 582 583 584 588 589 590 592 593 594 595 596 597 598 599 600 601 602 603 605 607 609 611 612 615 616 617 618 619 620 621 622 623 107 625 626 627 628 629 630 631 632 633 635 636 637 638 639 640 641 643 644 647 648 649 650 652 653 654 655 656 657 658 659 660 661 662 663 664 665 666 667 668 670 672 675 676 677 678 679 680 681 682 684 685 173 348 414 422 427 428 480 

647

514 515 524 542 544 34 553 556 558 559 561 566 573 574 575 579 580 584 588 589 590 592 593 594 596 597 598 601 602 603 605 609 610 611 612 616 617 618 619 620 621 622 623 107 625 626 629 630 631 633 636 637 639 644 648 649 652 653 654 655 656 657 660 663 664 666 667 669 671 672 673 676 677 678 679 680 682 683 684 685 173 348 363 370 374 391 394 395 400 412 422 427 434 461 465 480 483 496 500 506 

648

513 514 515 524 542 544 34 556 558 559 561 563 566 567 576 577 578 580 582 583 586 587 591 593 594 595 599 600 601 602 604 606 607 610 614 615 107 627 628 629 632 634 635 637 640 641 643 645 646 647 649 650 651 652 656 658 659 660 661 662 665 667 669 670 671 673 675 676 679 681 683 173 348 363 370 373 374 376 378 391 395 400 412 414 423 427 428 431 434 436 438 461 465 475 480 483 492 496 500 506 

649

513 556 558 563 574 576 577 578 580 582 583 584 586 587 588 589 592 593 594 595 596 597 598 599 600 601 604 605 606 609 610 611 614 615 616 619 620 621 623 625 626 627 628 629 630 632 634 635 636 637 639 640 641 643 644 645 646 647 650 651 652 653 654 656 657 658 659 660 661 662 663 664 665 666 669 670 671 672 675 676 677 678 681 682 683 684 685 363 374 391 412 422 423 431 436 438 480 483 492 500 

650

513 514 515 524 542 34 553 556 559 561 566 573 574 575 579 580 584 588 589 590 591 592 593 594 596 597 598 601 603 604 605 606 609 610 611 612 616 617 618 107 620 619 622 623 621 625 626 630 631 633 636 637 639 641 644 648 649 653 654 655 656 657 660 663 664 666 667 669 671 672 673 676 677 678 679 680 683 684 685 348 370 374 391 394 395 412 422 427 428 431 434 438 461 465 475 480 483 496 500 506 

651
641 414 
34 556 558 573 574 575 576 577 578 579 582 583 584 588 589 590 592 593 594 595 596 597 598 599 600 601 602 603 605 607 609 610 611 612 615 616 617 618 619 620 621 622 623 107 625 626 627 628 629 630 631 632 633 635 636 637 638 639 640 643 644 647 648 649 650 652 653 654 655 657 658 659 660 661 662 663 664 665 666 667 668 670 671 672 673 675 677 678 679 680 681 682 684 685 173 422 427 480 

652

34 563 573 574 575 576 577 578 579 582 583 584 588 589 590 592 593 594 595 596 597 598 599 600 601 602 603 605 607 609 610 611 612 615 616 617 618 619 620 621 622 623 107 625 626 627 628 629 630 631 632 633 634 635 636 638 639 640 641 643 644 647 648 649 650 653 654 655 656 657 658 659 660 661 662 663 664 665 666 667 668 669 670 671 672 675 677 678 679 680 681 682 684 685 173 414 422 427 428 480 

653
414 
513 514 515 524 542 544 34 556 558 559 563 566 567 576 577 578 580 582 583 586 587 591 593 594 595 599 600 601 602 604 606 607 610 614 615 107 627 628 629 632 634 635 637 638 639 640 641 643 645 646 647 649 650 651 652 655 656 657 658 659 660 661 662 665 667 668 670 671 673 675 676 679 681 682 683 173 348 363 370 373 374 376 391 394 400 423 427 428 431 434 436 465 475 480 483 492 496 500 506 

654

513 514 524 542 544 34 553 556 558 559 561 563 566 567 576 577 578 580 582 583 586 587 593 594 595 599 600 602 604 606 607 610 614 615 107 627 628 629 632 634 635 637 638 640 641 643 645 646 647 649 650 651 652 656 657 658 659 660 661 662 665 667 668 669 670 671 673 675 676 679 681 682 173 348 363 370 373 374 376 378 391 394 395 400 412 423 427 428 431 434 436 438 461 475 480 483 492 496 500 506 

655

513 514 515 524 542 544 34 553 556 558 559 561 563 566 567 576 577 578 580 582 583 586 587 590 591 594 595 599 600 602 606 607 610 614 615 107 627 628 629 632 633 634 635 637 640 641 643 644 645 646 647 649 650 651 652 656 658 659 661 662 665 666 667 668 669 670 671 673 675 676 681 683 173 348 363 370 373 374 376 378 391 394 395 400 412 423 427 428 431 434 436 438 461 465 475 480 492 496 500 506 

656

34 558 563 573 574 575 576 577 578 579 582 583 584 586 588 589 590 592 593 594 595 596 597 598 599 600 602 603 605 607 610 611 612 615 616 617 618 619 620 621 622 623 625 626 627 628 629 630 631 632 633 634 635 636 638 639 640 643 644 645 646 647 648 649 650 652 653 654 655 657 658 659 660 661 662 663 664 665 666 667 668 670 671 672 673 675 677 678 679 680 681 682 684 685 173 414 422 423 427 480 

657

513 514 515 524 542 544 34 553 556 558 559 561 563 566 567 576 577 578 580 582 583 586 587 590 591 593 594 595 599 600 601 602 604 606 610 614 615 107 627 628 629 632 634 635 640 641 643 644 645 646 647 649 650 651 652 656 658 659 661 662 664 665 666 667 669 670 671 673 675 676 681 683 173 348 363 370 373 374 376 378 391 394 395 400 412 423 427 428 431 434 436 438 461 465 475 480 492 496 500 506 

658

513 514 515 524 542 34 553 556 559 566 573 574 575 579 580 584 587 588 589 590 591 592 593 596 597 598 601 603 604 605 609 610 611 612 616 617 618 107 620 621 622 623 619 625 626 629 630 631 633 636 637 639 641 644 648 649 653 654 655 656 657 663 664 666 667 669 671 672 673 676 677 678 679 680 682 683 684 685 173 348 370 374 378 391 394 395 400 412 422 423 427 428 434 461 465 475 483 496 500 506 

659

513 515 524 542 34 553 556 559 566 573 574 575 579 580 584 588 589 590 591 592 593 594 596 597 598 601 603 605 606 609 610 611 612 616 617 618 619 620 621 622 623 107 625 626 629 630 631 633 636 637 639 641 644 648 649 653 654 655 656 657 660 663 664 666 667 669 671 672 673 676 677 678 679 680 682 683 684 685 173 348 370 373 374 378 391 394 395 412 422 427 428 434 438 461 465 480 483 496 500 506 

660

513 514 515 524 542 544 34 553 556 558 559 561 563 566 567 576 577 578 580 582 583 586 587 591 593 595 599 600 604 605 606 609 610 614 615 617 107 620 627 628 629 632 634 635 640 641 643 644 645 646 647 648 649 650 651 652 656 658 659 661 662 665 666 669 670 671 673 675 676 681 683 173 348 363 370 373 374 376 378 391 394 395 400 412 423 427 428 431 434 436 438 461 465 475 480 483 492 496 500 506 

661

513 524 542 544 34 553 556 558 559 561 566 573 574 575 579 580 584 588 589 590 591 592 593 594 596 597 598 601 603 604 605 606 609 610 611 612 614 616 617 618 619 620 621 622 623 107 625 626 630 631 633 636 637 639 644 645 648 651 653 654 656 657 663 664 666 667 669 671 672 673 676 677 678 679 680 683 684 685 348 363 370 373 374 391 394 395 412 422 423 427 428 431 438 461 475 480 483 496 500 506 

662

513 515 524 544 556 558 566 573 574 575 579 580 584 586 587 588 589 590 591 592 593 594 596 597 598 601 603 604 605 606 609 610 611 612 617 618 107 620 621 619 623 622 625 626 629 630 631 633 636 637 639 641 644 645 646 648 651 653 654 655 656 657 660 663 664 666 667 669 671 672 673 676 677 678 679 680 682 683 684 685 348 363 370 373 374 378 395 412 422 423 427 428 438 461 475 483 492 496 500 506 

663

513 514 515 524 542 544 34 553 556 558 559 561 563 566 567 576 577 578 580 582 583 586 587 591 593 594 595 599 600 601 602 604 606 607 610 614 615 107 627 628 629 632 634 635 637 638 640 641 643 645 646 647 649 650 651 652 656 658 659 661 662 665 667 668 669 670 671 673 675 676 681 683 173 348 363 370 373 374 376 378 391 394 400 412 423 427 428 431 434 436 438 461 465 475 480 483 492 496 500 506 

664

513 514 515 524 542 544 34 553 556 558 559 561 563 566 567 576 577 578 580 582 583 586 587 591 593 594 595 599 600 602 604 606 607 610 614 615 107 627 628 632 634 635 637 638 639 640 641 643 645 646 647 649 650 651 652 655 656 657 658 659 660 661 662 665 667 668 669 670 671 673 675 676 681 683 173 348 363 373 374 376 378 391 394 395 400 412 423 427 428 431 434 436 438 475 480 483 492 496 500 506 

665

513 514 515 524 542 544 34 553 556 558 559 566 573 574 575 579 580 584 588 589 590 591 592 593 594 596 597 598 601 603 604 605 606 609 610 611 612 616 617 618 619 620 621 622 623 107 625 626 629 630 631 633 636 637 644 648 649 653 654 655 656 657 660 663 664 666 667 669 671 672 673 676 677 678 679 680 682 683 684 685 173 348 370 374 378 391 394 395 412 422 427 428 431 438 461 480 483 496 500 506 

666
414 
513 524 34 556 558 559 561 563 567 574 576 577 578 580 582 583 584 586 587 591 593 594 595 599 600 602 604 606 607 610 614 615 616 107 621 627 628 629 631 632 634 635 637 638 639 640 641 643 645 646 647 649 650 651 652 655 656 657 658 659 660 661 662 663 665 667 668 669 670 671 673 675 676 679 681 682 683 173 348 363 376 378 391 394 400 412 423 427 428 431 434 436 465 480 483 492 496 500 506 

667

553 556 567 573 574 575 576 577 578 579 582 583 584 586 587 588 589 590 591 592 593 595 596 597 598 599 600 603 605 610 611 612 615 616 617 618 619 620 621 622 623 107 625 626 627 628 629 632 633 634 635 636 637 639 640 643 644 645 646 647 648 650 651 652 653 654 655 656 657 658 659 661 662 663 664 665 666 670 671 672 673 675 677 678 679 680 681 682 684 685 173 348 363 374 376 391 422 423 436 483 

668

513 514 524 544 553 556 558 559 561 563 566 577 579 580 582 586 587 588 590 591 593 595 596 597 598 600 601 603 604 606 609 610 611 612 614 617 618 619 620 107 626 627 628 630 633 634 635 636 637 639 640 641 644 645 646 647 650 651 652 653 654 655 656 658 659 661 664 665 666 669 670 671 675 676 682 683 684 685 348 363 373 374 378 391 394 395 412 422 423 431 436 438 461 465 475 480 483 496 500 506 

669
637 
34 556 563 573 574 575 576 577 578 579 582 583 584 586 588 589 590 592 593 594 595 596 597 598 599 600 601 602 603 605 607 609 610 611 612 615 616 617 618 619 620 621 622 623 107 625 626 627 628 629 630 631 632 633 634 635 636 638 639 640 641 643 644 647 648 649 650 652 653 654 655 657 658 659 660 661 662 663 664 665 666 667 668 670 672 673 675 677 678 679 680 681 682 684 173 685 422 427 480 

670

515 542 544 34 553 556 558 559 566 573 574 575 579 580 584 587 588 589 590 591 592 593 594 596 597 598 601 603 604 605 609 610 611 612 616 617 618 619 620 621 622 623 107 625 626 629 630 631 633 636 637 639 644 645 648 649 651 653 654 655 656 657 663 664 666 667 669 671 672 673 676 677 678 679 680 682 683 684 685 173 348 370 373 374 378 391 395 412 422 427 428 431 438 461 465 480 483 496 500 506 

671

34 556 563 573 574 575 576 577 578 579 582 583 584 588 589 590 592 593 594 595 596 597 598 599 600 602 603 605 607 609 610 611 612 615 616 617 618 619 620 621 622 623 107 625 626 627 628 629 630 631 632 633 635 636 637 638 639 640 641 643 644 647 648 649 650 652 653 654 655 656 657 658 659 660 661 662 663 664 665 666 667 668 670 672 673 675 677 678 679 680 681 682 684 685 173 348 414 422 427 480 

672

513 514 524 542 544 34 556 558 559 561 563 566 567 576 577 578 580 582 583 586 587 590 591 593 594 595 599 600 601 602 604 606 607 610 614 615 107 627 628 629 632 634 635 637 640 641 643 645 646 647 649 650 651 652 656 658 659 660 661 662 665 667 669 670 671 673 675 676 681 683 173 348 363 370 373 374 376 378 391 394 395 400 412 422 423 427 428 431 434 436 438 461 465 475 480 483 492 496 500 506 

673

34 563 573 574 575 576 577 578 579 582 583 584 586 587 588 589 590 592 593 594 595 596 597 598 599 600 601 602 603 605 607 609 611 612 615 616 617 618 619 620 621 622 623 107 625 626 627 628 629 630 631 632 633 634 635 636 638 639 640 643 644 645 647 648 649 650 653 654 655 656 657 658 659 660 661 662 663 664 665 666 667 668 669 670 671 672 675 677 678 679 680 681 682 684 685 173 414 422 428 480 

675

514 515 524 542 544 34 553 556 561 563 566 573 575 579 580 584 587 588 589 590 591 592 593 594 596 597 598 601 603 604 605 606 609 610 611 612 616 617 618 107 620 622 623 625 626 630 631 633 636 637 639 641 644 645 646 648 649 651 653 654 655 656 657 663 664 666 669 671 672 673 676 677 678 680 683 684 685 173 348 363 370 373 374 376 378 391 394 395 412 422 427 428 438 461 465 475 480 483 496 506 

676

34 563 573 574 575 576 577 578 579 582 583 584 586 587 588 589 590 592 593 594 595 596 597 598 599 600 602 603 605 607 609 610 611 612 615 616 617 618 619 620 621 622 623 107 625 626 627 628 629 630 631 632 633 634 635 636 638 639 640 641 643 644 645 646 647 648 649 650 653 654 655 656 657 658 659 660 661 662 663 664 665 666 667 668 670 671 672 675 677 678 679 680 681 682 684 173 685 422 427 480 

677

513 514 515 524 542 544 34 553 556 558 559 561 563 566 567 576 577 578 580 582 583 586 587 591 593 594 595 599 600 601 602 604 606 610 614 615 107 627 628 629 632 634 635 637 638 640 641 643 645 646 647 649 650 651 652 656 658 659 661 662 665 667 668 669 670 671 673 675 676 681 683 173 348 363 370 373 374 376 378 391 394 395 400 412 423 427 428 431 434 436 438 461 465 475 480 483 492 496 500 506 

678
637 
513 514 515 524 542 544 34 553 556 558 559 561 563 566 567 576 577 578 580 582 583 586 587 591 593 594 595 599 600 601 602 604 606 607 610 614 615 107 627 628 629 632 634 635 638 640 641 643 645 646 647 649 650 651 652 656 658 659 661 662 665 667 668 669 670 671 673 675 676 681 683 173 348 363 370 373 374 376 378 391 394 400 412 423 427 428 431 434 436 438 461 465 475 480 483 492 496 500 506 

679

513 514 515 524 542 544 34 553 556 558 559 561 563 566 567 576 577 578 580 582 583 586 587 591 593 594 595 599 600 601 604 605 606 607 609 610 614 615 617 107 620 625 626 627 628 632 634 635 640 643 644 645 646 647 648 650 651 652 655 656 658 659 661 662 665 667 669 670 671 675 676 681 683 173 348 363 370 373 374 376 378 391 394 395 400 412 423 427 428 431 434 436 438 461 465 475 480 483 492 506 

680

513 514 515 524 542 544 34 553 556 558 559 561 563 566 567 574 576 577 578 580 582 583 586 587 593 594 595 599 600 601 602 604 606 607 610 614 615 107 627 628 629 632 634 635 637 638 639 640 641 643 645 646 647 649 650 651 652 655 656 658 659 660 661 662 665 667 668 669 670 671 673 675 676 681 683 173 348 363 374 376 378 391 394 395 400 412 423 427 428 431 434 436 438 465 475 480 483 492 496 500 

681

513 514 515 524 542 544 34 553 556 559 563 566 573 579 580 584 587 588 589 590 591 593 594 596 597 601 603 604 606 609 610 611 612 614 616 617 618 107 620 622 623 625 629 630 631 633 636 637 639 641 644 648 649 651 652 653 655 656 657 660 664 666 667 669 671 673 676 677 678 679 680 682 683 684 685 173 348 370 374 376 378 391 394 395 412 422 427 428 431 434 438 461 465 475 480 483 492 496 500 506 

682

513 514 515 524 542 544 34 553 556 558 559 561 563 566 567 576 577 578 580 582 583 586 587 589 591 593 594 595 599 600 601 602 604 606 607 610 614 615 107 620 627 628 629 632 634 635 640 641 643 644 645 646 647 649 650 651 652 656 658 659 661 662 665 667 668 669 670 671 673 675 676 681 683 173 348 363 370 373 374 376 378 394 395 400 412 423 427 428 431 434 436 438 461 465 475 480 492 496 500 506 

683
676 556 
34 573 574 575 576 577 578 579 582 583 584 586 588 589 590 592 593 594 595 596 597 598 599 600 601 602 603 605 607 609 611 612 615 616 617 618 619 620 621 622 623 107 625 626 627 628 629 630 631 632 633 634 635 636 637 638 639 640 641 643 644 647 648 649 650 652 653 655 656 657 658 659 660 661 662 663 664 665 666 667 668 670 671 672 673 675 677 678 679 680 681 682 684 685 173 422 427 480 

684

513 514 515 524 542 544 34 553 556 558 559 561 563 566 567 576 577 578 580 582 583 586 587 591 593 594 595 599 600 601 602 604 606 610 614 615 107 627 628 629 632 634 635 637 638 640 641 643 645 646 647 649 650 651 652 656 658 659 661 662 665 667 668 669 670 671 673 675 676 681 683 173 348 363 370 373 374 376 378 391 394 395 400 412 423 427 428 431 434 436 438 461 465 475 480 483 492 496 500 506 

685

513 514 515 524 542 544 34 553 556 558 559 561 563 566 567 576 577 578 580 582 583 586 587 591 593 594 595 599 600 602 604 606 607 610 614 615 107 627 628 629 632 634 635 637 638 640 641 643 645 646 647 649 650 651 652 656 658 659 661 662 665 667 668 669 670 671 673 675 676 681 683 173 348 363 370 373 374 376 378 391 394 395 400 412 423 427 428 431 434 436 438 461 465 475 480 483 492 496 500 506 

