34

513 519 521 523 524 525 526 528 529 530 533 534 535 537 538 540 541 542 543 545 547 555 556 557 558 559 563 565 568 569 570 349 353 354 355 359 360 361 362 367 371 372 374 375 382 387 388 392 395 396 397 398 402 403 404 405 407 410 413 415 416 418 419 421 426 430 432 435 439 445 448 449 452 455 456 460 462 463 465 469 471 473 474 478 479 480 481 482 484 487 489 491 493 494 495 500 503 507 508 510 

173

513 521 522 523 525 526 528 529 530 531 532 533 534 535 536 537 539 540 541 543 545 547 548 555 562 568 569 570 571 572 349 354 355 359 361 362 365 367 371 372 374 375 377 379 382 383 385 388 389 395 396 397 398 403 404 405 406 407 409 410 411 413 416 418 419 421 426 429 430 432 435 439 442 445 448 452 455 456 459 460 462 463 466 467 471 472 473 474 478 480 481 485 487 489 491 494 495 498 508 510 

198

513 517 520 521 523 525 528 529 537 540 541 542 543 544 546 548 553 555 556 557 558 561 565 569 570 349 350 352 353 354 355 359 360 365 366 367 369 373 384 386 387 388 390 391 394 395 396 397 398 400 402 403 407 408 409 413 414 418 419 421 422 425 426 430 432 434 435 438 446 448 449 450 451 452 455 456 460 461 462 465 466 469 475 478 480 482 487 489 490 491 494 495 497 500 502 504 507 508 510 511 

348
387 388 390 518 521 396 525 528 529 407 411 540 541 413 542 544 421 426 554 173 430 434 435 563 565 437 448 449 450 460 461 466 468 476 349 352 360 491 506 370 502 374 378 507 380 509 
384 386 552 464 401 348 

349

519 521 522 529 531 532 535 536 537 539 540 34 547 548 546 555 556 557 558 564 569 571 572 173 198 351 354 355 356 359 362 363 364 367 372 375 379 382 385 386 388 390 391 393 394 396 397 399 400 401 403 406 407 410 411 413 414 419 420 422 429 437 438 440 441 442 444 446 449 450 452 453 454 455 457 458 462 466 468 471 472 474 476 481 482 486 487 489 490 491 492 494 495 498 501 502 504 505 510 511 

350
397 
512 514 515 517 520 523 524 525 530 532 534 535 538 539 540 541 542 548 556 558 559 562 570 571 198 351 353 356 358 361 362 364 365 366 368 371 372 373 374 376 377 379 382 383 385 387 388 390 391 394 399 403 405 406 408 410 411 413 415 418 420 421 425 427 434 437 438 440 441 446 448 454 456 460 461 462 465 467 468 472 474 476 477 478 479 481 482 487 488 490 491 492 493 495 496 498 502 507 511 

351

513 517 520 521 523 525 528 535 537 538 539 540 541 543 546 548 553 557 558 561 563 565 566 567 569 570 349 350 352 353 354 355 360 362 366 367 370 373 382 384 386 391 392 395 396 397 398 400 401 402 403 407 408 410 413 414 415 416 418 419 421 425 430 431 432 433 434 436 438 445 446 448 449 450 451 452 456 458 460 461 462 463 465 469 471 477 480 482 483 485 489 490 495 497 500 504 506 507 510 511 

352

516 518 519 522 528 529 530 531 533 539 540 541 543 546 547 548 549 551 552 554 555 557 558 562 564 565 568 570 571 572 198 350 351 354 355 357 358 359 361 364 369 372 377 380 381 382 383 385 389 390 396 397 399 403 405 406 407 410 418 421 422 424 426 427 429 433 437 442 447 449 450 453 454 455 457 463 464 466 468 470 472 474 476 477 478 480 481 485 489 490 491 495 498 499 501 502 504 505 509 510 

353

516 519 521 522 528 529 530 531 532 533 534 535 539 543 546 547 34 549 552 554 557 558 562 564 568 570 571 572 173 198 349 350 351 354 355 356 358 359 361 365 367 369 372 377 379 382 383 384 386 390 393 396 399 401 403 405 406 407 410 411 413 418 422 424 425 426 427 429 433 435 437 441 447 449 450 453 454 455 459 463 464 466 467 468 470 474 477 478 481 485 489 490 491 498 499 501 502 504 505 510 

354

512 516 520 523 524 534 535 536 541 543 544 545 34 549 551 553 556 558 560 561 563 564 565 567 569 571 173 198 349 351 352 353 356 357 360 362 364 365 369 371 374 375 377 378 380 381 383 385 389 393 394 395 399 400 402 404 407 411 413 414 417 419 420 421 424 425 427 428 430 438 439 440 441 442 444 446 447 448 449 451 454 459 462 472 476 478 479 480 485 486 487 488 490 495 496 498 501 506 508 511 

355
397 
512 516 518 520 526 534 536 537 538 545 34 549 551 552 554 567 173 349 351 352 353 356 357 358 362 364 365 371 374 375 377 380 381 383 384 385 389 394 395 398 400 404 406 408 411 414 415 416 417 419 420 421 423 424 425 427 430 434 436 438 439 440 441 442 445 446 449 451 453 454 456 457 459 462 464 465 468 469 472 476 477 478 479 480 482 485 486 487 493 494 496 498 499 503 505 506 508 509 511 

356

513 514 520 521 523 525 526 528 534 535 540 541 543 544 546 548 552 553 555 557 558 561 563 565 567 568 570 349 350 353 354 355 360 361 362 365 366 367 370 372 374 375 376 378 382 384 387 388 390 391 394 395 397 400 402 403 407 410 416 418 419 422 426 428 430 432 433 434 436 442 448 449 450 451 452 455 456 458 460 461 465 471 475 480 482 483 484 488 489 494 495 496 497 502 504 506 507 508 510 511 

357

512 515 517 519 521 522 525 528 529 530 531 532 533 539 543 544 545 546 547 548 556 558 560 561 562 568 569 571 572 352 354 355 359 360 361 362 365 366 372 379 382 386 388 390 391 394 395 396 401 402 403 404 405 409 410 411 412 413 414 415 418 422 429 434 437 438 444 445 446 448 450 451 452 455 460 462 463 465 466 467 468 470 472 473 474 479 481 482 487 488 489 490 491 495 497 498 499 502 504 508 

358

513 514 515 517 519 520 521 523 524 525 526 527 528 529 538 540 541 542 543 544 545 546 548 555 556 557 559 561 565 566 567 569 350 353 355 359 360 361 363 367 370 373 374 376 378 384 387 388 390 391 392 395 396 397 400 402 403 407 412 413 414 415 417 418 421 422 426 428 430 433 434 435 436 444 448 449 450 452 455 456 458 460 461 462 465 475 481 482 483 484 487 488 490 491 497 500 502 504 506 510 

359

512 514 516 518 520 521 523 524 526 532 533 534 535 536 538 540 541 545 34 549 552 558 563 567 570 571 572 173 349 352 353 357 358 360 362 363 364 365 368 369 370 374 375 377 380 381 383 384 385 387 389 390 393 394 400 402 404 407 408 409 413 414 415 419 420 421 423 425 427 428 430 433 434 436 439 440 442 445 456 462 464 467 469 471 472 473 477 479 480 485 486 487 495 496 505 506 507 508 509 511 

360
555 348 510 
516 518 519 521 522 528 529 530 532 533 534 536 539 540 541 34 549 551 552 554 557 562 564 568 569 572 173 198 349 350 351 354 356 357 358 359 361 364 367 379 380 381 382 384 386 389 390 393 399 401 403 405 406 411 416 418 424 426 427 429 430 433 434 435 437 440 441 446 447 453 455 457 458 459 464 466 467 468 469 470 472 474 476 477 478 481 485 486 490 491 494 496 498 499 501 505 509 

361

512 514 521 523 525 526 527 535 536 540 542 543 544 34 549 552 554 558 561 563 565 566 567 569 570 571 572 173 350 352 353 357 362 365 366 368 369 374 377 378 380 383 384 385 389 392 394 395 400 404 407 409 411 413 414 417 419 420 421 423 425 426 430 431 433 438 439 440 442 444 445 448 449 451 453 456 462 464 467 468 469 472 473 477 479 480 484 485 486 487 488 493 494 496 498 503 505 506 509 511 

362

512 516 518 521 522 526 528 529 530 531 533 534 536 537 539 540 541 546 34 548 549 551 552 554 555 557 562 563 568 569 571 173 349 350 354 355 356 357 359 361 367 369 375 377 380 381 382 383 384 389 390 396 399 401 403 405 407 408 410 411 416 418 419 420 424 426 427 429 430 433 434 435 440 450 451 452 453 455 457 458 462 464 466 468 469 470 471 472 474 477 478 481 484 486 490 504 508 509 510 511 

363

516 518 519 522 528 529 530 531 532 533 534 535 539 540 543 546 547 548 549 551 554 555 557 558 562 568 569 570 571 572 349 351 354 355 356 357 358 359 361 364 365 369 371 372 377 379 380 381 382 383 386 389 390 393 396 399 401 403 405 406 407 410 411 415 418 421 424 427 429 433 435 437 442 447 449 453 454 457 458 459 466 467 468 469 470 476 477 478 480 485 486 489 490 491 498 499 502 504 505 509 

364

512 513 517 519 520 521 523 525 528 529 531 533 536 540 541 543 544 546 548 555 556 557 558 561 562 563 565 569 349 350 352 354 355 359 360 361 362 365 366 367 369 370 384 387 388 391 394 396 397 400 402 403 404 407 413 414 416 418 421 422 425 426 430 431 432 434 435 436 438 440 445 448 449 450 451 452 455 458 460 461 462 463 465 466 470 478 482 487 489 490 491 494 496 497 502 504 507 508 510 511 

365

519 521 522 528 529 531 532 533 535 539 540 541 546 34 549 551 552 554 555 557 559 563 565 566 571 572 173 198 350 353 354 355 356 357 359 361 363 364 367 370 378 382 384 385 391 393 397 403 411 413 414 416 418 419 421 424 425 426 427 429 430 431 433 434 435 436 440 441 446 452 455 457 458 462 464 466 469 470 471 474 475 476 477 478 481 482 484 485 487 489 490 491 492 494 496 499 501 506 510 511 

366

516 518 519 522 528 530 531 533 534 535 541 543 34 547 549 551 552 554 557 558 562 563 564 568 569 571 173 198 349 350 351 356 357 359 361 364 367 369 371 372 377 380 381 382 383 384 389 393 396 397 399 403 405 406 407 410 411 415 418 424 425 426 427 429 433 437 441 442 447 449 453 454 455 457 458 459 463 464 466 468 469 470 472 474 476 477 478 480 481 485 486 489 490 491 498 499 501 504 505 509 

367

516 518 520 521 526 532 533 535 536 537 538 540 541 542 544 545 34 551 552 554 558 560 564 565 568 569 570 571 572 173 198 349 356 357 358 360 362 364 365 369 371 374 375 379 380 381 384 385 386 387 389 393 394 397 401 404 405 406 408 409 413 415 419 421 424 425 428 435 436 437 440 442 444 445 447 448 454 457 458 459 460 462 464 467 469 472 476 477 478 480 485 486 495 498 501 505 507 508 509 510 

368
371 
516 518 519 522 528 529 530 531 532 533 534 535 539 541 543 34 546 548 547 549 552 554 555 562 564 568 570 571 572 173 350 354 355 356 357 359 361 362 365 369 372 377 379 380 382 383 384 390 396 397 403 405 406 407 410 411 413 415 418 421 422 424 426 427 429 433 437 442 447 448 449 450 453 454 455 457 458 463 464 466 467 468 469 470 474 477 480 481 485 489 490 491 495 498 499 502 504 505 510 

369

512 514 515 517 519 521 524 525 529 530 532 535 536 539 541 546 547 548 549 555 556 557 558 559 560 562 568 569 570 571 352 354 359 361 362 366 371 372 375 379 382 385 387 388 390 391 392 394 395 396 398 400 403 405 406 410 411 413 415 417 418 421 422 425 427 432 436 437 438 445 446 450 451 456 461 462 463 465 467 470 473 474 478 479 481 482 483 487 488 489 491 493 495 496 498 500 504 506 508 511 

370
348 548 
512 519 522 528 529 530 531 532 533 534 535 539 543 546 547 34 549 552 562 564 568 571 572 173 198 349 350 351 355 356 358 359 361 362 364 365 367 369 371 372 377 379 380 382 383 384 386 390 393 396 399 401 403 405 406 407 410 411 418 421 425 426 427 429 433 435 437 440 441 442 446 447 449 450 453 454 455 459 464 466 467 468 470 472 474 476 478 480 481 485 489 490 491 498 499 501 502 504 

371
368 
517 519 522 525 528 529 531 533 534 536 537 539 540 541 544 546 34 548 552 554 555 557 561 563 565 568 569 173 349 350 354 355 367 369 375 377 380 381 382 383 384 387 389 390 391 396 397 401 403 405 407 408 410 414 416 418 419 420 421 424 425 426 427 429 430 431 433 434 435 440 450 451 455 457 458 464 466 469 470 471 472 477 478 480 481 485 489 490 494 496 500 502 503 504 505 507 509 510 511 

372

513 515 516 517 518 521 523 524 526 527 533 534 536 540 542 544 34 549 551 552 554 559 563 566 567 173 349 350 352 353 357 363 368 369 370 373 374 375 378 380 381 384 385 387 388 389 392 394 404 414 416 419 420 423 424 425 426 427 428 430 431 433 434 435 436 439 440 445 451 452 453 457 458 459 462 464 465 468 469 471 472 477 478 479 482 484 485 486 487 488 490 493 494 496 502 505 506 507 509 511 

373
528 565 397 558 
512 516 518 519 521 522 529 530 531 533 534 535 536 540 541 543 34 547 549 551 552 554 555 557 562 564 568 569 571 572 173 198 349 350 351 354 357 358 359 361 364 365 369 372 377 379 380 381 382 383 384 389 393 396 399 405 406 407 410 418 422 424 426 427 429 433 435 441 442 447 448 449 454 455 457 458 459 464 466 469 470 474 476 477 478 480 481 485 486 494 499 501 504 505 509 510 

374
504 348 
512 516 518 519 522 528 529 530 531 533 534 539 540 543 34 546 547 548 549 551 552 554 555 557 558 562 564 568 571 572 173 349 350 351 354 355 356 357 358 359 361 365 367 369 372 377 379 380 381 382 383 384 393 396 399 403 405 406 407 410 411 422 424 427 429 433 435 437 440 442 447 449 450 453 454 455 457 459 462 464 466 467 468 469 470 474 477 478 480 481 485 486 489 490 491 499 505 509 

375

518 519 521 522 528 529 530 531 532 533 534 535 539 541 543 34 547 548 546 551 554 555 558 562 563 568 569 570 571 173 349 354 355 356 359 361 362 367 369 371 372 377 379 380 382 383 385 386 396 397 401 403 405 406 407 410 411 413 415 418 421 422 424 426 429 433 435 437 442 446 448 449 450 452 453 455 458 463 466 467 468 470 474 477 478 480 481 485 489 490 491 495 498 499 502 504 505 508 509 510 

376
442 519 405 359 
512 516 518 521 522 528 529 530 532 533 534 535 536 540 541 543 34 549 551 552 554 558 560 562 568 569 571 572 173 198 349 350 351 356 357 358 362 365 369 371 375 377 379 380 381 383 384 386 389 393 399 401 406 407 411 415 418 422 424 425 427 429 433 435 437 440 445 447 448 449 453 454 455 457 459 462 464 467 468 469 472 476 477 478 480 485 486 494 495 498 499 501 504 505 508 509 

377

517 518 519 521 522 528 529 531 535 537 539 540 541 543 546 547 549 552 555 557 559 563 565 569 570 173 350 352 353 354 355 359 361 363 366 370 371 373 374 375 376 384 388 390 395 396 397 398 400 402 403 405 407 409 412 413 414 415 418 421 422 425 426 427 429 430 431 432 434 435 442 444 445 446 448 449 450 452 455 458 460 462 463 464 466 470 471 475 477 480 481 482 487 489 492 494 497 502 504 510 

378
348 
512 518 519 522 528 529 530 531 532 533 534 535 539 540 541 543 34 547 546 549 548 551 552 554 555 557 560 562 568 570 571 572 173 349 350 351 354 355 356 357 358 359 361 365 372 377 379 380 382 383 384 386 390 393 396 397 401 405 406 407 410 411 413 415 418 421 422 424 427 429 433 435 437 440 447 449 450 453 458 463 466 467 468 469 470 472 474 477 480 481 485 486 489 498 499 504 505 507 510 

379

512 517 519 520 523 525 527 528 529 531 534 540 541 542 543 544 548 549 553 554 556 557 558 561 563 565 568 569 173 349 350 353 357 359 363 367 369 370 375 376 378 380 384 387 388 389 390 391 395 396 397 400 402 403 407 408 409 413 414 415 417 419 421 425 426 427 428 431 433 434 435 440 442 445 448 449 450 452 455 458 460 461 464 465 470 473 475 478 479 482 487 488 490 491 494 496 500 502 504 508 

380

512 515 517 519 520 521 522 524 525 526 529 530 531 532 534 536 539 541 542 543 545 546 547 555 556 558 560 562 568 569 570 571 352 354 355 359 361 362 366 367 368 371 372 374 375 379 382 388 390 391 394 395 398 402 403 404 405 409 410 413 415 418 421 422 425 429 436 438 444 445 446 448 450 451 452 456 458 460 461 462 463 466 467 470 471 473 478 479 481 482 483 487 489 491 492 493 494 495 507 508 

381

512 515 517 519 520 521 523 524 525 528 529 530 534 539 541 543 544 546 547 548 549 555 556 557 558 562 566 568 569 570 571 354 355 359 361 362 366 367 371 372 373 374 376 382 388 390 391 392 394 395 396 402 403 405 409 410 413 414 415 418 421 422 426 427 430 432 434 436 438 444 445 446 448 450 451 452 455 460 462 463 466 470 473 474 478 479 481 482 489 491 492 493 495 496 500 502 504 508 510 511 

382

512 517 518 520 521 523 526 527 533 534 535 536 537 540 544 34 549 551 552 554 560 561 563 565 566 567 571 173 349 350 357 360 362 365 366 368 369 371 374 380 381 384 388 389 392 394 400 404 407 408 411 412 413 414 416 417 421 424 425 427 431 433 434 435 436 440 442 444 445 446 448 451 453 456 459 462 464 465 468 472 473 477 478 479 480 482 483 485 486 488 490 492 493 494 498 503 506 508 509 511 

383

512 513 515 517 519 521 526 528 529 531 535 537 540 541 543 545 546 547 549 552 555 557 559 560 563 565 569 173 350 352 353 354 355 359 361 366 368 370 371 373 374 375 384 388 390 395 396 397 398 400 402 405 409 412 413 414 415 418 419 421 422 425 426 427 428 430 431 434 435 444 445 446 448 449 450 452 455 458 460 462 463 464 466 470 471 475 480 481 482 483 487 489 492 493 494 496 497 504 507 510 

384

513 521 523 526 530 532 534 535 536 539 540 541 543 544 545 547 548 556 557 558 562 568 569 570 571 348 351 352 353 355 356 358 359 360 361 362 365 367 371 372 373 377 379 382 383 385 387 388 390 391 394 396 397 399 403 405 406 410 411 413 415 418 420 421 426 432 437 438 440 442 444 445 446 448 449 450 452 453 454 458 460 462 463 465 466 467 472 474 478 480 481 487 489 491 493 495 498 502 510 511 

385

512 516 519 522 528 529 530 531 532 533 534 535 539 540 541 543 546 547 548 549 551 552 554 555 556 557 562 563 568 569 571 572 173 349 350 352 354 355 356 359 361 365 367 369 371 372 375 379 380 382 384 389 390 396 403 404 405 406 407 410 411 415 416 418 421 422 427 429 433 434 435 437 442 450 452 455 457 458 459 460 462 464 466 467 471 472 474 477 481 485 489 490 491 493 494 496 498 499 504 510 

386

512 521 522 523 528 529 530 531 534 535 539 540 541 542 543 544 546 547 549 553 556 557 558 560 563 565 568 569 570 349 351 353 355 357 360 361 367 369 371 372 375 376 382 387 388 390 395 396 397 400 402 405 407 409 410 413 414 415 418 419 421 422 425 426 427 428 429 431 433 435 440 442 444 445 448 449 450 452 454 455 460 462 465 466 473 474 475 480 481 482 487 490 491 492 493 495 496 500 504 508 

387
348 406 383 
516 518 519 522 528 529 530 531 532 534 535 539 541 34 546 547 549 551 552 554 555 562 568 569 571 572 173 198 349 350 354 355 356 357 358 359 361 364 367 369 371 372 377 379 380 381 382 384 386 389 393 396 399 401 403 405 410 411 418 424 426 427 429 433 435 440 441 447 449 454 455 457 458 459 462 464 466 467 468 469 470 474 476 477 478 480 481 485 486 489 490 491 494 499 501 504 510 

388
348 
512 516 518 522 528 529 530 531 532 533 534 536 539 540 541 543 546 34 549 551 552 554 558 562 564 568 572 173 198 349 350 351 355 356 357 358 364 367 369 371 372 377 379 380 381 382 383 384 386 389 393 397 399 401 403 405 406 407 411 420 424 425 426 427 429 433 435 437 441 447 449 453 454 455 457 458 459 464 466 467 468 469 470 472 476 477 478 480 481 485 486 491 498 499 501 505 508 509 510 

389

515 517 519 520 521 522 525 528 529 530 531 534 536 539 542 543 545 546 547 548 549 34 556 557 558 560 568 570 571 173 352 354 355 359 360 361 366 367 371 372 373 376 379 382 385 387 388 390 391 394 396 402 403 405 410 411 412 413 414 415 418 421 422 426 427 428 429 430 438 444 445 446 451 452 455 460 462 463 466 467 470 473 474 478 481 482 487 489 490 491 492 495 496 499 500 502 504 507 508 511 

390
348 
516 518 520 523 528 532 533 534 535 536 537 540 541 543 549 551 552 554 558 562 563 565 569 571 572 349 350 353 356 357 358 359 369 371 377 379 380 381 383 384 385 386 389 397 398 401 402 404 405 406 407 409 411 415 416 418 419 420 422 423 424 427 428 430 432 433 435 437 442 444 445 447 448 449 451 453 457 458 460 462 464 465 467 468 469 470 477 478 480 482 485 494 495 499 505 507 508 509 510 

391
563 
516 518 519 522 528 530 531 532 533 534 535 541 543 546 547 549 551 552 554 562 564 568 570 571 572 198 349 350 351 354 355 356 357 358 361 362 364 365 369 371 372 375 379 380 381 382 384 386 389 393 396 397 399 405 406 410 411 415 418 421 424 425 427 429 433 435 437 440 441 442 447 449 453 454 457 459 462 463 464 466 467 469 470 474 476 477 478 480 481 485 486 489 498 499 501 505 508 509 510 

392

516 518 519 522 528 529 530 531 532 533 534 539 543 34 546 547 549 551 552 555 557 562 564 568 570 571 572 173 349 350 351 354 355 356 357 358 359 361 365 367 369 372 377 379 380 381 382 383 389 390 393 396 397 399 403 405 406 407 410 418 422 424 426 427 429 433 435 437 441 442 447 449 450 453 454 455 457 459 466 467 468 469 470 474 476 477 480 481 485 486 489 490 491 495 499 502 504 505 509 510 

393

512 513 517 520 521 523 525 528 529 531 533 534 540 541 542 543 544 546 553 555 556 561 562 563 565 566 567 569 349 352 353 354 355 359 360 361 365 366 367 369 370 387 388 390 391 394 396 397 402 403 404 405 407 408 414 416 418 419 421 422 425 426 430 431 432 434 435 436 438 439 442 446 448 449 450 451 452 455 456 458 460 461 462 463 465 470 471 478 482 488 490 491 495 502 504 506 507 508 510 511 

394

516 519 522 528 529 530 531 532 533 534 535 539 541 543 546 547 548 549 551 552 554 555 557 560 565 568 569 570 571 572 198 349 350 351 354 355 356 357 359 361 364 367 369 372 377 380 381 382 383 384 389 390 393 396 397 399 405 407 410 411 413 418 421 424 425 426 429 430 433 435 440 441 442 444 449 450 455 457 458 459 463 466 469 470 472 474 476 477 478 480 481 485 486 489 490 504 505 508 509 510 

395

516 518 519 521 522 528 529 530 531 532 533 535 539 541 34 546 548 549 551 552 554 555 557 562 568 571 572 173 198 350 351 354 355 356 357 358 361 364 367 369 377 379 380 381 382 383 384 386 389 390 393 396 401 403 405 406 407 410 411 418 424 426 427 429 433 435 437 440 441 446 447 450 453 454 455 457 458 459 464 466 467 468 469 470 472 474 477 478 481 485 486 490 491 498 499 502 504 505 509 510 

396

516 517 518 523 524 528 532 533 534 535 536 537 540 545 34 549 552 554 558 563 566 567 569 572 198 349 351 352 357 358 369 371 374 375 377 378 381 383 384 385 386 394 399 400 402 404 406 408 411 413 414 415 417 419 420 421 423 424 425 426 427 428 430 436 438 439 440 445 446 448 451 453 454 456 459 460 465 467 468 471 472 473 476 477 478 479 480 484 485 487 488 494 495 496 498 501 506 508 509 511 

397
546 355 350 543 
512 519 526 530 532 533 535 536 539 34 547 548 549 552 556 558 560 562 564 569 572 173 198 349 351 352 356 358 364 365 366 367 368 371 372 375 377 378 379 382 383 384 386 390 391 393 394 399 401 403 404 405 406 408 409 410 411 413 427 428 433 434 437 440 441 445 446 447 448 450 452 453 454 460 462 463 464 467 468 470 472 474 476 478 479 482 488 490 491 494 496 498 499 501 502 511 

398

516 518 519 522 530 531 533 534 535 539 541 543 34 547 548 549 546 551 554 555 557 562 564 568 570 571 572 173 198 350 351 355 356 357 358 359 361 364 365 367 369 371 372 377 379 380 381 382 383 390 393 396 397 399 403 405 406 407 410 411 415 418 422 424 426 427 429 433 437 441 442 449 450 453 454 458 459 463 466 468 470 472 474 476 477 481 485 486 489 490 491 495 498 499 501 502 504 505 509 510 

399

512 513 517 519 520 521 523 525 528 529 533 540 541 543 546 548 555 556 557 563 565 569 570 349 350 352 354 355 359 360 361 362 363 365 366 369 373 375 384 387 388 390 391 394 396 397 398 400 402 403 407 413 414 415 416 418 419 421 422 425 426 430 434 435 438 440 444 445 446 448 449 450 451 452 455 458 460 461 462 463 465 466 470 471 478 480 482 483 490 491 494 496 497 500 502 504 507 508 510 511 

400

518 519 521 528 530 531 532 533 534 535 541 543 546 547 549 551 554 555 557 558 562 564 568 570 571 572 198 349 350 351 354 355 356 357 358 359 361 364 365 367 369 372 377 379 380 381 382 383 386 389 393 396 399 401 403 405 406 407 410 411 418 422 424 426 427 429 433 435 437 441 442 447 449 453 454 455 457 458 459 463 467 469 470 474 476 477 478 480 481 485 486 489 490 491 498 499 501 505 509 510 

401

512 521 522 523 528 529 531 534 535 539 540 541 542 543 544 549 553 556 557 558 560 563 565 567 568 569 570 349 351 353 355 357 360 362 363 365 367 369 371 372 375 378 382 387 388 390 395 396 397 400 402 404 405 407 409 410 413 414 415 418 419 421 422 425 426 427 428 429 431 433 440 442 444 445 448 449 450 452 454 455 460 461 462 463 465 473 474 475 480 481 482 487 490 491 492 493 495 496 500 508 

402

516 518 519 521 522 529 530 532 533 535 539 540 34 547 548 549 546 551 552 554 555 557 562 564 568 569 571 572 173 198 350 351 352 354 356 357 358 359 364 367 369 372 377 379 380 381 382 383 384 385 386 389 390 393 396 399 401 403 405 406 407 411 419 424 426 429 433 435 437 440 441 446 447 450 453 454 455 457 459 464 466 468 469 470 472 474 477 478 481 486 487 489 490 491 498 499 501 505 509 510 

403

512 518 520 523 524 532 534 536 537 540 541 34 549 551 552 554 556 561 563 564 565 567 571 173 198 349 350 351 353 356 357 358 360 362 363 364 365 369 375 377 379 380 381 384 385 387 389 393 397 400 402 405 407 408 409 411 414 415 416 419 421 427 428 430 433 434 436 440 441 442 444 445 446 447 449 454 457 459 462 464 466 467 472 476 478 480 485 486 487 492 493 494 495 498 501 502 503 508 509 511 

404

516 518 519 522 528 529 530 531 532 533 534 539 541 543 546 547 34 551 552 554 555 557 562 564 568 569 570 571 572 173 349 351 354 355 356 357 359 361 367 369 372 379 380 382 383 385 386 389 390 393 396 397 401 403 405 406 407 410 411 418 422 424 425 426 427 429 433 435 437 442 447 449 453 454 455 457 458 459 464 466 467 468 469 470 472 474 477 478 481 485 486 489 490 491 498 499 502 504 505 510 

405
376 
512 517 520 521 525 535 537 538 540 546 34 548 552 553 554 556 559 560 561 565 569 570 173 350 352 353 360 362 363 367 368 369 371 373 374 375 380 381 383 384 385 388 389 390 391 395 397 398 400 402 403 408 409 411 413 414 419 421 422 431 438 440 445 446 448 449 450 453 457 460 461 462 464 465 468 469 472 473 474 480 482 484 486 487 489 490 491 492 493 494 495 497 498 500 502 503 507 509 511 

406

514 517 520 521 523 524 527 528 529 533 534 537 539 540 541 543 544 546 548 552 553 559 561 563 565 567 568 569 571 173 349 350 352 353 355 363 366 367 368 369 370 374 375 384 385 388 390 395 396 397 404 407 409 412 414 419 420 421 422 425 426 427 428 430 431 432 433 434 435 438 440 446 448 449 450 451 455 460 464 470 471 472 475 482 483 484 488 490 491 492 493 494 495 497 500 502 504 506 508 510 

407
458 
512 514 515 520 525 526 527 530 532 535 536 538 541 542 545 34 555 556 559 560 562 566 568 572 173 349 352 353 356 358 359 361 362 366 368 371 375 379 382 385 386 390 392 394 395 398 401 404 406 408 409 410 411 413 414 415 418 420 422 423 425 427 428 430 436 437 438 439 440 445 446 448 450 451 452 453 454 456 462 463 465 467 473 478 479 481 482 483 488 489 493 494 495 496 498 499 503 508 511 

408

518 519 521 522 528 529 530 531 532 533 534 535 541 543 546 547 34 549 548 552 554 555 557 562 563 564 568 571 173 198 349 350 351 354 355 356 357 358 359 361 362 367 369 371 372 379 380 382 383 389 390 393 396 397 403 405 407 410 411 413 418 422 424 426 427 429 433 434 435 437 447 449 450 453 454 455 457 458 459 464 466 467 468 470 472 474 477 478 481 485 486 489 490 491 498 499 502 504 505 510 

409

516 518 519 522 528 529 530 531 532 533 534 535 539 541 543 546 34 547 549 552 554 555 562 563 568 569 571 572 173 198 350 354 355 357 359 361 367 369 372 377 379 380 381 382 383 384 386 390 396 397 401 403 405 406 407 411 418 420 422 424 425 426 427 429 433 437 442 447 449 450 452 453 454 457 458 459 463 464 466 467 468 469 470 474 476 477 478 480 481 485 486 489 490 491 498 499 502 504 505 510 

410

513 516 518 520 521 523 526 528 533 534 536 537 540 544 34 549 551 552 553 554 558 559 561 563 566 567 571 173 349 350 352 356 357 362 363 366 369 370 374 375 380 381 384 389 391 394 397 398 400 401 407 408 411 414 417 419 421 423 424 425 426 427 431 432 433 434 435 436 438 439 440 442 444 448 449 451 456 457 459 464 468 469 471 472 477 478 479 480 485 486 487 488 493 495 503 506 507 509 510 511 

411

513 520 521 523 528 534 535 540 541 543 544 545 546 548 552 553 555 557 558 560 561 563 565 568 570 173 349 350 353 354 355 357 360 361 365 366 369 370 372 375 380 382 384 388 389 390 395 396 397 400 402 403 405 407 408 410 416 418 419 422 426 428 430 432 433 434 435 436 440 442 448 449 450 451 452 455 458 460 464 465 469 470 475 478 480 482 483 484 488 489 494 495 496 497 504 507 508 509 510 511 

412
418 481 442 362 
516 518 519 522 530 531 532 534 535 539 541 34 551 554 557 562 564 568 570 571 572 173 198 349 350 351 354 356 357 358 359 361 364 365 369 371 372 377 379 380 381 382 383 385 386 389 390 393 396 397 399 401 403 405 406 410 411 415 424 426 427 429 435 437 441 446 447 449 450 453 454 457 458 459 463 466 467 468 469 470 474 476 477 478 480 485 486 489 491 495 498 499 501 505 508 509 

413
348 
516 518 522 528 529 530 531 533 534 536 539 541 545 34 546 548 551 552 554 555 562 563 565 568 571 572 173 349 350 351 354 357 358 359 361 364 365 367 369 375 377 379 380 381 382 383 384 386 389 394 396 397 401 405 407 416 418 419 420 422 424 426 427 429 430 433 434 435 440 442 447 449 450 453 455 457 458 459 462 464 468 469 470 472 476 478 480 481 486 490 491 494 498 502 504 505 509 510 511 

414
480 
516 518 519 522 528 529 530 531 532 533 534 535 536 539 540 541 543 547 548 551 555 557 562 564 568 570 571 572 198 349 351 354 355 356 357 358 359 361 362 364 365 367 369 371 372 377 379 380 381 382 383 386 389 393 396 397 399 401 403 405 406 407 410 418 419 421 424 426 429 435 437 440 441 442 447 450 453 454 455 459 463 466 467 469 470 474 476 477 478 481 485 486 489 498 499 501 504 509 510 

415

516 519 521 522 526 528 529 530 532 533 534 536 539 540 541 34 546 551 552 554 555 557 562 565 568 571 572 173 350 351 354 355 357 358 359 361 367 368 369 375 377 379 380 381 382 383 384 385 386 389 390 391 396 401 403 405 407 411 416 418 419 424 426 429 430 431 433 434 435 440 441 446 450 454 455 457 458 459 464 466 468 469 470 472 474 475 477 478 481 486 488 490 491 494 498 502 504 506 509 510 

416

512 521 522 529 530 531 532 533 534 535 539 541 543 34 547 548 551 558 562 564 568 570 571 173 349 351 355 356 359 360 361 362 364 365 369 371 372 377 380 382 383 385 390 393 396 397 399 403 405 406 410 411 413 415 418 422 426 427 429 433 437 440 441 442 444 446 447 448 449 450 452 453 454 458 460 463 464 466 467 468 469 470 472 474 476 478 481 482 489 490 491 495 496 498 499 501 502 504 509 510 

417

516 518 519 522 528 529 530 531 532 533 535 539 541 543 546 547 34 549 548 551 552 554 555 557 562 568 571 572 173 350 354 355 356 357 358 359 361 367 369 372 377 379 380 381 382 383 384 386 389 396 399 401 403 405 406 407 410 411 418 422 424 426 427 429 433 435 437 440 441 447 449 450 452 453 455 457 458 459 463 464 466 467 468 469 470 474 477 480 481 485 486 489 490 491 498 499 504 505 509 510 

418

512 516 518 520 525 526 533 536 537 538 540 543 34 549 551 552 554 558 561 564 565 569 173 198 350 352 356 357 362 364 365 368 369 371 373 375 377 380 381 383 384 389 390 393 394 399 400 401 404 407 408 409 411 413 414 415 416 419 421 424 425 427 440 441 444 445 446 447 448 449 454 456 457 459 462 464 467 469 471 472 473 476 477 480 482 484 486 487 490 491 492 493 494 495 496 498 501 502 503 511 

419
452 422 
519 521 522 528 529 530 531 532 533 534 535 539 541 543 545 34 547 546 549 548 555 557 558 562 564 568 570 571 572 173 198 349 351 354 355 356 359 361 362 365 367 371 372 377 379 382 383 386 390 393 396 399 401 403 405 406 410 411 413 414 415 418 421 425 426 427 429 433 437 445 448 450 453 454 455 458 463 464 466 467 468 470 472 474 478 481 485 489 490 491 495 498 499 501 502 504 508 510 

420

512 519 521 522 523 528 529 530 531 533 534 535 539 540 543 546 547 34 548 551 552 555 557 558 562 568 570 571 572 173 349 350 351 352 354 355 356 359 361 362 367 369 371 372 375 384 388 389 390 393 396 405 406 407 409 410 411 413 415 418 421 422 427 429 433 434 435 437 440 442 445 447 448 449 450 452 453 454 455 460 462 463 464 466 470 474 478 480 481 489 490 491 494 495 498 499 502 504 508 509 

421
457 348 
512 516 519 526 530 532 533 534 540 34 547 548 549 551 552 554 555 562 564 568 572 173 198 349 350 351 352 354 355 357 358 359 361 364 365 367 369 371 375 377 379 380 381 382 383 384 385 386 389 390 391 393 394 396 399 401 403 405 406 410 414 418 419 424 427 434 435 437 440 441 442 446 447 448 452 453 454 458 459 464 467 468 469 470 472 474 476 478 486 489 490 491 496 498 499 501 505 509 

422
561 419 
512 516 518 521 526 532 533 534 535 536 537 539 551 554 558 563 564 569 572 198 349 352 353 356 357 358 364 368 369 373 374 375 377 379 380 381 383 385 386 389 390 392 399 401 404 405 406 407 408 411 413 424 425 426 430 433 434 435 436 437 439 440 441 442 445 446 447 451 453 457 458 459 462 465 467 469 471 472 476 477 478 479 480 482 485 486 487 490 493 496 498 499 501 502 505 508 509 511 

423

518 519 522 528 529 530 531 532 533 535 539 541 543 34 547 546 549 551 554 555 557 562 563 564 568 571 572 198 349 350 351 354 355 356 357 358 359 361 362 367 369 371 372 377 379 380 382 383 386 389 390 396 397 401 403 405 406 407 410 418 422 424 426 427 429 433 435 437 440 441 442 447 448 450 453 454 455 458 459 463 466 467 469 470 474 477 478 480 481 485 486 489 490 491 499 504 505 508 509 510 

424

512 515 517 519 520 521 524 525 529 539 542 543 544 545 546 547 548 549 553 558 566 568 569 570 571 352 354 355 359 360 361 362 363 365 366 367 371 372 373 376 382 387 388 390 391 395 396 400 402 403 405 409 410 412 413 414 415 418 421 422 425 426 427 430 432 434 436 438 444 445 446 448 450 451 452 455 456 460 461 462 463 465 473 481 482 483 487 489 490 491 492 493 494 495 500 502 504 507 508 510 

425

519 521 522 526 528 529 530 531 532 533 535 539 540 541 546 547 548 555 557 562 564 565 568 569 571 198 350 353 354 355 359 361 364 365 367 369 371 372 377 379 380 382 383 386 388 391 393 394 396 399 401 403 404 406 407 410 418 422 424 429 433 435 437 438 441 444 445 446 448 449 450 452 453 454 455 458 462 463 466 467 468 469 470 472 474 476 481 482 487 489 491 494 495 498 499 501 504 507 510 511 

426
348 525 
512 516 519 520 526 530 532 535 536 538 540 545 34 547 548 551 552 556 558 560 562 570 571 572 173 352 356 358 360 361 362 365 368 371 372 375 377 379 381 383 384 386 387 394 396 401 404 406 408 409 410 411 413 414 415 416 419 424 427 428 437 440 445 447 448 450 451 453 456 457 459 460 462 463 464 467 468 469 470 474 479 482 483 486 487 489 490 491 493 494 495 496 498 499 503 505 509 511 

427

513 521 525 526 528 529 530 531 532 535 536 537 538 539 540 541 542 543 544 545 547 555 559 560 562 566 568 569 570 571 350 352 354 355 359 360 362 365 366 369 371 372 374 377 379 381 382 383 385 386 388 389 390 395 396 397 398 401 403 406 407 408 409 410 416 418 419 421 426 432 435 442 444 445 448 449 450 452 453 455 459 460 461 466 467 469 471 472 473 480 481 486 489 491 494 495 503 507 510 511 

428

516 518 519 522 528 529 530 531 532 533 539 540 543 546 547 551 554 555 557 562 564 568 569 571 572 350 351 352 354 355 356 357 358 359 361 364 367 369 371 372 377 379 380 381 382 383 386 389 390 393 396 397 401 403 406 407 410 411 421 422 424 426 429 433 435 437 440 441 442 446 447 449 450 453 454 455 457 458 459 462 466 467 468 469 470 474 477 480 481 486 489 490 491 498 499 502 504 505 509 510 

429

514 515 516 517 518 520 521 523 524 526 527 534 537 538 540 542 544 549 551 553 556 559 567 569 173 349 352 357 360 362 365 368 370 371 373 374 378 385 387 388 389 392 394 395 398 402 404 408 409 413 414 415 416 419 420 423 425 428 430 431 434 435 436 438 439 440 444 445 448 449 451 456 461 462 465 469 471 472 477 478 479 482 483 484 487 488 490 492 493 494 495 496 500 502 503 506 507 508 509 511 

430
348 469 
522 523 529 530 531 535 539 543 34 547 546 551 554 555 562 564 568 570 571 173 198 349 350 351 354 355 356 357 358 359 360 361 362 364 365 369 371 372 377 379 380 381 382 383 389 390 393 396 399 403 405 406 407 410 411 413 415 418 422 424 426 427 429 435 437 440 441 442 445 446 447 448 449 450 453 454 457 458 463 466 468 470 474 476 478 480 481 489 490 491 495 498 499 501 502 504 505 510 

431

518 519 522 528 529 530 531 532 534 535 541 543 34 547 546 549 551 552 554 555 557 558 562 564 568 570 572 198 350 351 354 355 357 358 359 361 362 364 365 369 371 372 377 379 380 382 383 386 390 393 396 399 401 403 405 406 410 413 415 418 422 424 427 429 433 435 437 442 447 449 450 453 454 455 458 459 463 466 467 468 469 470 474 476 477 480 481 485 486 489 490 491 498 499 501 502 504 505 508 509 

432
416 545 
512 516 518 519 522 530 531 532 533 534 539 543 34 547 548 549 551 552 554 560 562 564 572 173 198 349 350 351 352 355 356 357 358 362 364 365 367 369 371 372 377 380 381 382 383 384 389 390 393 403 405 406 407 410 411 415 424 425 427 429 433 434 435 437 440 441 445 446 447 450 453 454 457 458 459 464 466 467 468 469 470 472 474 476 477 478 480 481 485 486 490 491 498 499 501 502 505 509 

433

512 514 515 520 523 524 525 526 530 532 535 536 537 538 540 542 544 555 556 557 560 562 565 566 568 570 572 352 353 359 360 361 362 363 365 366 368 371 372 373 374 375 379 382 385 386 387 388 390 391 392 394 395 397 398 400 404 406 408 409 410 411 413 415 420 422 423 434 436 437 438 440 445 446 448 450 451 453 454 456 458 461 462 463 465 468 479 481 482 488 489 493 495 496 498 499 503 506 508 511 

434
458 
519 522 529 530 531 533 535 536 539 540 541 543 547 548 549 551 554 555 557 558 562 564 568 569 571 572 198 350 351 355 356 357 358 359 360 362 364 365 371 372 377 379 380 381 382 383 385 393 396 397 399 403 406 407 410 411 413 415 420 421 422 424 426 429 432 433 435 437 441 442 444 445 447 448 449 450 451 454 455 457 459 463 466 469 470 474 476 477 480 481 485 486 489 495 501 504 505 507 510 

435

512 515 517 522 523 524 525 526 529 532 533 534 536 539 541 543 545 34 553 558 560 561 568 569 570 571 572 173 358 360 364 367 371 372 375 377 382 383 385 387 390 391 394 395 399 400 402 406 408 410 411 413 414 415 420 423 425 427 428 429 430 436 437 438 439 440 441 444 445 446 447 451 455 461 462 463 464 465 466 467 468 472 473 476 479 482 488 490 491 495 496 498 499 502 503 504 506 507 508 511 

436

516 519 522 528 529 530 531 533 539 540 541 543 547 548 549 551 552 554 555 557 562 564 568 569 570 571 572 198 350 351 354 355 356 357 358 359 361 364 365 367 369 372 379 380 381 382 383 389 390 393 396 399 403 405 406 407 410 411 415 418 421 422 424 426 427 429 433 435 437 441 442 447 448 449 450 454 455 457 458 459 466 467 469 470 472 474 477 480 481 485 486 489 490 491 495 499 504 505 509 510 

437

513 514 520 521 523 524 525 527 528 529 533 534 536 537 539 540 541 543 544 546 552 553 558 561 563 565 567 568 569 349 350 352 353 357 363 367 368 369 370 372 374 375 378 384 385 390 391 395 397 400 407 409 412 414 419 420 421 422 425 426 427 428 430 431 432 433 434 435 438 440 444 446 448 449 450 455 456 460 471 472 475 480 482 483 484 487 488 490 491 492 493 494 496 500 503 504 506 507 508 510 

438
548 
516 518 519 522 528 529 530 531 532 533 534 539 540 541 34 547 551 552 554 557 562 564 568 569 571 572 173 198 349 350 351 354 355 356 357 358 359 361 364 365 369 372 377 380 381 382 383 384 389 393 396 399 403 405 406 407 410 411 418 424 425 426 427 429 433 435 437 441 442 447 453 454 455 457 458 459 464 466 467 468 469 470 474 476 477 478 481 485 486 490 491 498 499 501 502 504 505 508 509 

439

512 518 519 522 528 529 530 531 532 533 535 539 540 541 543 34 547 548 546 549 551 555 557 562 565 568 571 572 173 350 351 354 355 356 358 359 361 367 371 372 377 379 380 381 382 383 384 389 390 393 396 403 405 406 407 410 411 415 418 422 424 427 429 433 435 437 440 446 447 448 449 450 452 453 454 455 459 462 464 466 467 468 470 474 476 478 480 481 482 486 489 490 491 495 496 498 499 504 505 510 

440
449 508 
519 520 521 522 523 528 529 530 531 532 533 534 535 539 540 541 543 544 546 547 548 552 555 557 558 562 563 568 569 570 349 350 354 355 359 361 362 365 367 370 371 372 379 382 384 386 391 395 396 397 399 401 402 403 405 407 410 411 413 415 416 418 421 422 426 429 433 435 437 442 446 450 451 452 455 458 460 463 464 466 467 470 471 474 477 478 480 481 482 485 489 490 491 495 499 502 504 510 

441

513 517 520 521 523 525 526 528 529 531 534 536 540 541 543 544 546 548 553 556 558 561 563 565 568 569 570 349 350 352 354 355 359 360 365 366 367 387 388 391 394 395 396 397 398 400 402 403 405 407 412 413 414 415 416 418 421 422 425 426 428 430 432 433 434 435 438 440 442 444 446 448 449 450 451 452 455 456 458 460 462 463 465 466 471 478 480 482 487 490 491 494 495 496 502 504 507 508 510 511 

442
412 
512 514 515 519 521 525 528 530 532 533 535 537 539 540 541 545 546 547 548 549 552 555 556 557 558 560 562 565 568 569 571 572 173 349 352 354 355 356 359 361 367 368 375 377 379 382 384 386 390 393 394 398 400 401 403 404 405 410 411 413 414 416 420 421 422 427 430 431 434 438 440 445 446 450 455 458 462 464 467 468 470 472 473 474 478 480 481 482 485 490 491 493 494 496 497 500 504 508 510 

444
372 
512 516 518 519 529 530 532 533 534 535 536 539 540 541 546 34 549 551 552 554 555 557 562 565 568 572 173 349 350 354 355 356 357 358 359 361 367 369 377 379 380 381 382 383 384 386 389 390 396 399 401 403 405 406 407 410 411 416 418 424 425 426 427 429 433 434 435 437 441 447 450 451 452 453 455 457 458 459 464 467 468 469 470 474 476 477 478 481 485 486 489 490 491 496 498 499 505 509 510 

445

516 518 522 528 529 530 531 532 533 534 541 543 544 34 546 547 549 548 551 552 554 555 557 562 568 571 572 173 349 350 351 354 355 357 359 361 367 369 372 377 379 380 381 382 383 384 386 389 390 396 397 399 401 403 405 407 411 418 420 422 424 425 426 427 429 430 432 433 434 435 442 449 450 451 453 455 457 458 459 464 466 467 468 469 470 471 472 474 477 478 481 485 486 490 491 502 504 505 509 510 

446

516 519 521 528 530 531 533 534 536 540 541 543 544 546 547 549 551 552 554 555 557 558 562 563 564 568 569 570 571 572 198 349 350 354 355 357 358 359 360 365 369 375 377 380 381 382 383 384 389 393 396 397 399 403 405 406 407 410 418 421 422 424 425 426 427 428 429 430 432 433 435 437 440 442 448 449 451 452 455 457 459 460 464 469 470 472 477 478 480 485 486 489 494 495 504 505 507 508 509 510 

447

514 515 517 519 520 521 523 524 525 526 527 528 529 538 540 541 542 544 546 548 555 556 559 561 563 565 567 350 352 354 355 360 361 363 367 368 370 373 374 376 378 387 388 390 391 392 395 396 397 402 403 407 409 412 413 414 416 418 421 422 426 428 430 432 434 435 436 438 444 446 448 449 450 451 452 455 456 460 461 462 463 465 470 473 475 479 482 487 489 491 493 494 496 497 500 506 507 508 510 511 

448
348 
516 518 519 522 528 529 531 532 533 534 539 541 546 34 549 551 552 554 555 557 562 563 564 568 571 572 173 198 350 351 354 356 357 358 361 364 367 372 375 377 379 380 382 383 384 386 390 393 396 397 399 401 405 406 407 410 411 416 418 420 421 424 426 427 429 430 433 434 437 441 447 450 453 454 455 457 458 464 466 467 468 470 472 474 476 477 478 481 485 489 490 498 499 501 502 504 505 508 510 

449
440 348 
512 514 519 522 525 526 529 530 532 533 535 536 537 539 544 34 547 548 557 560 561 562 564 566 568 569 571 572 198 349 350 351 352 354 355 356 361 364 368 373 374 375 377 379 382 383 386 390 394 399 401 403 404 405 409 410 411 413 418 425 427 429 430 434 437 441 445 446 450 451 452 454 462 463 465 466 467 471 472 474 475 476 478 479 482 484 488 490 491 492 494 496 497 498 499 501 502 511 

450
348 
512 520 524 526 528 532 533 534 536 537 541 542 543 545 549 551 552 558 561 563 564 565 569 571 572 198 349 350 351 352 353 356 357 358 364 369 371 374 377 379 380 381 383 384 385 386 393 394 395 397 398 399 401 402 405 406 407 408 409 413 414 420 423 424 426 427 428 430 433 436 439 440 442 444 445 447 448 449 454 455 460 462 467 469 471 472 476 477 478 479 480 482 485 486 495 499 501 508 509 

451

516 518 519 522 528 529 530 531 533 534 535 539 540 543 546 547 548 549 34 551 552 554 555 562 568 571 173 198 351 354 355 356 357 361 362 364 369 371 372 380 381 382 384 389 390 393 396 399 403 405 406 407 410 411 422 424 426 427 429 433 434 435 437 440 441 444 445 446 447 449 450 453 454 455 457 459 462 463 466 468 469 470 474 476 477 480 481 486 487 489 490 491 498 499 501 502 504 505 509 510 

452
419 
516 518 520 528 529 532 533 534 536 539 540 541 543 34 551 552 554 556 558 561 563 564 565 568 572 173 198 349 351 356 357 358 362 364 365 369 371 372 375 377 379 380 381 383 384 385 386 389 393 397 401 405 406 407 409 411 416 420 421 424 425 427 429 433 434 439 440 441 442 444 445 446 447 449 453 454 457 462 464 466 467 468 469 472 476 477 478 480 485 486 490 496 498 499 501 502 505 508 509 

453

512 513 514 520 521 524 525 526 528 529 531 533 534 535 536 537 539 540 541 543 544 545 546 548 549 553 555 558 560 561 563 565 568 569 349 350 352 353 354 355 360 361 362 370 372 375 376 378 382 384 388 390 391 395 396 397 402 405 407 408 409 410 412 413 418 421 422 425 426 427 428 430 431 432 433 438 448 449 451 452 455 456 458 460 462 470 471 478 479 480 482 483 484 490 495 496 504 507 508 510 

454

517 518 519 520 521 525 528 533 535 536 537 538 540 541 543 545 547 548 553 555 556 557 558 561 563 566 568 570 349 350 352 353 354 355 366 367 370 373 382 384 386 388 392 395 396 397 400 401 402 403 404 405 407 413 414 415 416 418 419 421 425 428 430 432 433 434 435 436 446 448 449 450 452 455 456 458 460 462 463 465 469 470 471 477 478 480 481 485 489 490 491 495 500 502 504 506 507 508 510 511 

455

512 515 516 517 518 520 523 524 525 526 532 535 536 538 34 548 549 551 556 562 566 572 173 198 349 352 356 357 358 360 362 364 365 368 371 375 377 379 381 383 385 386 388 393 394 395 399 401 404 406 408 411 413 415 424 425 427 428 434 435 437 438 439 440 441 442 444 445 447 448 450 453 454 456 457 458 459 460 461 462 467 468 469 472 476 477 478 479 485 486 487 490 495 498 499 501 502 503 507 511 

456

518 519 522 528 529 530 531 532 533 535 539 541 543 34 547 548 549 546 551 552 554 555 557 562 564 568 572 173 198 350 351 354 355 356 357 358 359 361 364 367 369 372 377 379 380 381 382 383 384 389 393 396 399 403 405 406 407 410 411 418 422 424 426 427 429 433 435 437 441 442 447 449 450 453 454 455 457 458 459 463 464 466 467 468 470 474 476 481 485 489 490 491 498 499 501 502 504 505 509 510 

457
421 
512 515 517 519 520 521 522 524 525 526 528 529 530 533 534 536 539 541 542 543 544 545 546 547 548 549 556 557 558 560 565 568 569 570 571 349 355 359 360 362 365 366 367 371 372 382 385 387 388 390 391 394 395 396 402 403 404 405 409 410 412 413 415 418 422 426 427 428 429 430 434 436 438 444 445 446 448 451 452 455 460 462 463 465 470 478 482 489 490 491 492 493 495 496 500 502 507 508 510 

458
434 407 
512 519 520 521 522 526 529 533 534 536 542 543 549 552 558 561 563 564 567 568 569 571 349 350 351 356 358 360 362 365 367 368 371 372 375 377 379 380 383 384 385 387 388 390 393 395 399 404 405 408 409 411 413 415 416 421 422 425 426 430 431 433 438 440 442 444 445 448 449 453 454 455 456 459 460 462 464 465 466 467 468 472 473 478 480 484 485 486 487 492 493 494 495 498 500 503 504 511 

459

512 515 517 519 521 522 524 525 526 528 529 531 533 534 536 537 539 541 543 544 545 546 547 548 553 556 558 560 565 568 570 571 173 354 355 360 367 372 376 382 385 387 388 391 394 395 396 400 402 403 404 407 409 410 412 413 414 415 418 422 423 426 427 428 429 431 434 436 439 444 445 446 451 455 458 461 462 463 464 465 466 470 472 473 474 479 482 483 487 489 490 491 493 495 500 502 504 507 508 510 

460
348 
516 518 519 522 529 532 533 534 536 539 541 34 546 549 551 552 554 557 562 564 568 569 571 572 173 198 349 350 351 354 356 357 358 359 361 364 367 377 379 380 381 382 383 384 385 386 389 390 393 396 397 399 401 405 406 407 410 411 416 420 421 424 426 427 429 433 437 440 441 446 447 450 453 454 455 457 458 464 466 467 468 469 470 472 474 477 478 481 485 486 490 491 494 498 501 502 504 505 509 

461
348 
516 518 519 522 528 529 530 531 532 533 534 535 539 540 541 543 546 34 547 549 551 552 554 555 557 562 563 564 568 571 572 198 350 351 354 355 356 357 358 359 361 364 367 369 371 372 379 380 381 382 384 386 389 390 393 399 401 403 405 406 407 411 418 424 427 429 433 435 437 440 441 447 450 453 454 455 457 458 459 466 467 468 469 470 474 476 477 478 480 481 485 486 489 490 498 499 501 505 509 

462
532 
516 518 521 522 528 529 530 531 533 534 535 539 541 543 34 547 546 551 552 554 555 562 564 568 570 572 173 349 350 351 354 355 357 359 361 364 367 369 372 376 377 380 381 382 383 384 385 386 389 390 397 399 401 403 405 407 413 418 420 422 424 425 426 427 429 433 435 442 447 449 450 453 455 457 458 459 464 466 467 468 469 470 474 476 477 478 481 485 486 489 490 491 495 502 504 505 508 509 510 

463

516 518 521 526 528 529 530 533 534 536 538 540 541 34 549 551 554 559 561 562 563 564 566 567 569 571 173 351 352 353 357 364 366 368 369 375 377 378 379 380 381 383 384 389 390 391 393 394 397 398 401 407 409 414 416 419 420 424 425 426 429 430 433 434 435 440 441 447 449 451 454 455 457 459 462 468 469 471 472 476 477 478 479 480 484 485 486 487 488 490 491 494 496 501 503 505 506 509 510 511 

464

513 521 523 525 526 530 533 534 535 536 539 540 541 543 544 545 547 548 555 556 558 562 568 569 570 571 348 352 353 355 356 357 359 360 361 362 365 366 367 371 372 375 377 379 382 383 385 387 388 390 391 396 397 403 404 405 406 407 409 410 411 413 415 418 420 421 426 432 435 438 440 442 444 445 446 448 449 450 452 458 459 460 462 465 466 472 474 478 480 481 487 489 491 495 498 502 507 508 510 511 

465
418 
516 518 519 522 528 529 530 531 532 533 534 539 540 541 543 34 546 548 549 547 551 552 554 555 562 564 568 571 572 173 198 350 351 355 356 357 358 361 364 365 369 372 379 380 381 382 384 386 389 390 393 396 399 401 403 405 406 407 411 422 424 426 427 429 433 435 441 442 447 449 450 453 454 455 457 458 459 464 466 467 468 470 474 476 477 478 480 481 485 486 490 491 498 501 502 504 505 509 510 

466

512 513 514 515 516 517 520 523 524 526 527 534 535 536 537 538 542 544 545 549 551 553 558 559 562 563 567 173 349 352 353 357 360 362 365 368 371 374 375 377 378 380 383 385 387 388 389 392 394 395 398 402 403 404 408 409 414 415 416 419 425 427 428 430 431 434 435 436 438 440 445 448 449 451 456 459 460 461 462 465 469 472 477 478 479 482 484 487 488 490 494 495 496 500 503 505 507 508 509 511 

467

520 521 525 526 527 536 537 538 540 541 544 546 548 549 553 554 555 556 557 561 565 567 568 569 173 350 353 357 359 361 363 367 368 369 370 375 376 378 380 384 385 387 388 390 391 395 396 397 400 403 404 407 408 409 414 416 418 419 422 425 426 427 428 431 433 435 440 442 444 445 448 449 450 452 455 456 458 460 461 462 465 470 474 475 479 482 483 484 487 490 491 493 494 496 497 500 503 506 510 511 

468

512 513 520 521 524 525 526 528 529 533 534 535 536 537 538 539 540 541 542 543 544 545 549 555 558 560 561 563 565 568 569 570 349 350 352 353 355 357 360 361 362 368 370 372 374 375 378 382 390 395 396 397 402 404 405 407 408 409 410 413 415 418 419 421 425 426 427 428 430 431 432 433 435 438 440 442 445 448 450 451 455 456 458 460 462 469 470 471 478 479 480 482 484 489 490 495 496 507 508 510 

469
430 
512 517 519 520 521 523 525 528 529 530 531 532 533 534 539 541 543 546 547 34 549 556 557 558 564 568 570 571 349 351 354 355 356 359 360 361 362 363 365 366 367 371 372 373 387 388 390 394 396 402 405 409 410 411 412 413 414 415 418 421 422 426 427 428 429 434 436 438 444 445 446 450 451 452 454 455 460 461 462 463 466 468 471 472 474 478 481 483 487 491 493 495 496 498 499 500 502 504 508 

470

513 514 517 518 520 521 524 526 527 533 534 535 536 537 538 539 540 542 556 558 560 561 565 566 567 569 570 571 352 353 357 362 363 365 366 369 371 373 374 375 377 378 379 380 383 387 389 392 395 397 398 400 408 409 411 413 414 416 417 419 420 421 423 425 426 430 431 432 434 436 438 439 440 444 445 446 448 453 456 459 462 468 472 473 479 480 483 484 485 487 488 492 495 496 498 502 503 506 508 511 

471
426 
518 519 521 522 528 529 530 531 532 533 534 535 539 541 543 34 546 548 547 549 551 552 554 555 556 557 558 562 564 568 570 571 572 173 349 351 352 354 356 359 361 362 365 367 369 371 372 377 380 381 383 384 385 386 390 393 396 399 403 405 406 407 410 411 418 422 424 427 429 433 434 435 437 440 441 445 449 450 453 454 455 463 466 467 468 469 470 474 476 478 480 481 489 490 499 504 505 508 509 

472

518 519 521 522 523 529 530 531 534 535 536 539 540 541 542 544 545 546 547 548 551 554 555 556 557 558 560 562 565 568 570 173 349 350 352 354 355 357 359 360 361 362 366 367 370 371 372 378 382 384 388 394 395 396 397 403 404 405 406 410 413 415 418 421 422 425 427 429 435 437 442 445 446 448 449 450 452 455 458 459 460 463 464 466 469 470 478 480 481 486 489 490 494 495 496 502 504 507 508 511 

473

516 518 519 522 528 530 531 533 534 540 541 543 544 34 547 548 549 546 551 552 554 555 557 558 562 563 569 571 572 173 349 350 351 354 355 356 357 358 359 361 364 365 367 369 372 379 380 381 382 384 386 389 396 397 401 403 405 406 407 418 421 422 424 426 427 429 433 434 435 437 442 447 449 450 452 455 457 458 459 462 464 468 469 470 474 477 478 480 481 485 486 489 490 491 496 499 502 505 509 510 

474

512 513 517 518 521 523 524 526 527 529 532 534 536 537 540 542 543 544 545 34 552 553 558 559 561 563 565 566 567 569 349 350 352 353 362 365 366 369 370 374 375 378 381 384 385 386 387 389 394 395 398 401 404 405 408 414 417 419 420 421 425 426 428 430 432 434 436 438 439 440 442 444 445 448 449 451 456 459 462 464 465 467 469 477 478 479 480 484 485 487 488 494 495 496 503 506 507 508 509 511 

475
546 
512 516 518 522 528 529 530 532 533 534 535 536 539 541 543 34 549 551 552 554 558 562 564 569 570 571 572 173 198 349 350 351 356 357 358 362 364 365 369 371 372 375 377 379 380 381 383 384 386 389 393 399 401 405 406 407 411 415 421 424 425 426 427 429 433 435 437 440 441 447 449 453 454 455 457 459 462 466 467 468 469 470 472 476 477 478 480 485 486 494 495 498 499 501 504 505 508 509 510 

476

513 517 519 520 521 523 525 526 527 528 529 533 540 541 543 544 546 548 555 556 557 558 561 563 565 567 568 569 570 349 350 352 354 355 359 360 365 366 367 387 388 390 394 396 397 398 400 403 407 409 412 413 414 416 418 421 422 425 426 430 431 432 433 434 435 438 440 444 445 448 449 450 451 452 455 456 458 462 463 465 466 470 471 478 480 481 482 488 490 491 494 496 497 500 502 504 507 508 510 511 

477

512 514 515 517 519 521 525 528 529 530 531 533 536 539 541 542 543 544 545 547 548 555 556 558 560 561 562 565 568 569 571 350 352 353 355 359 360 361 362 363 365 366 367 368 371 372 374 375 382 385 388 390 391 394 395 396 398 400 404 409 410 414 415 418 422 429 431 432 438 440 444 445 446 448 450 451 452 454 455 460 462 466 470 474 475 482 483 484 487 488 489 490 491 492 494 495 502 504 507 508 

478

521 526 528 529 531 532 535 536 537 539 540 543 545 546 34 548 547 549 553 555 556 557 558 560 565 569 570 571 572 173 350 354 360 362 367 369 372 375 379 380 382 383 387 388 390 391 393 396 397 400 403 404 407 410 411 413 415 419 420 421 422 429 438 440 442 444 445 446 448 449 450 452 453 455 457 458 460 462 466 468 469 471 472 473 474 480 481 482 486 489 491 493 494 495 498 502 504 505 507 510 

479

516 518 519 522 528 529 530 531 532 533 535 539 540 543 546 547 34 548 549 551 552 554 555 557 562 563 564 568 571 572 173 350 351 354 355 356 357 358 359 361 367 369 372 379 380 381 382 383 386 389 390 396 397 401 403 405 406 407 410 411 418 422 424 426 427 429 433 435 437 442 447 449 450 452 453 455 458 459 463 466 467 468 470 472 474 477 480 481 485 486 489 490 491 498 499 502 504 505 509 510 

480
414 
514 519 521 525 529 530 533 535 539 541 34 547 548 549 555 556 557 561 562 564 568 571 173 198 351 352 354 355 356 359 361 363 367 368 371 372 373 374 376 377 382 383 384 386 388 390 391 394 396 401 403 405 410 411 413 418 420 427 428 429 430 432 434 436 437 440 446 450 451 452 453 454 458 461 463 464 465 468 470 472 473 474 478 479 481 482 484 488 489 490 491 492 496 498 499 502 506 510 511 

481

512 513 516 517 520 523 524 526 534 535 536 537 538 540 542 544 545 552 553 556 558 559 561 563 567 173 349 350 352 353 360 362 365 368 369 374 375 377 378 380 381 383 384 385 387 389 392 394 395 400 402 404 407 408 409 413 414 415 417 419 423 425 427 428 430 431 434 436 438 439 440 442 444 448 451 456 462 464 465 469 471 472 478 479 480 482 484 485 487 488 493 494 495 496 497 502 505 508 509 511 

482

516 518 519 522 528 529 530 531 532 533 534 536 541 543 546 34 547 551 552 554 557 562 563 564 568 571 572 198 349 350 351 355 356 357 358 361 365 367 369 372 377 379 380 381 382 383 386 389 390 393 396 397 401 405 406 407 410 411 416 418 422 424 425 426 429 433 435 437 440 441 442 447 449 450 453 454 457 459 463 466 467 468 469 470 472 477 478 480 481 485 486 489 498 499 501 504 505 508 509 510 

483

516 518 519 522 528 529 530 531 532 533 534 539 541 543 34 547 549 551 554 558 562 564 568 570 571 572 349 350 351 354 355 356 357 358 359 361 364 365 369 371 372 377 379 380 381 382 383 386 389 390 393 396 399 401 403 405 406 407 410 411 418 421 424 425 426 427 429 433 435 437 441 442 447 448 452 453 455 457 458 459 466 467 468 469 470 474 476 477 478 480 481 485 486 498 499 502 504 505 509 510 

484

516 518 519 522 528 529 530 531 532 533 534 535 539 541 543 34 547 546 549 548 551 554 555 557 558 562 568 570 572 349 351 354 355 356 357 358 359 361 362 365 367 369 371 372 377 379 380 381 382 383 389 390 396 397 405 406 407 410 411 415 418 422 424 426 427 429 433 435 437 442 447 449 450 453 455 457 458 459 463 466 467 468 469 470 474 477 478 480 481 485 489 490 491 498 499 504 505 508 509 510 

485

512 514 517 519 521 525 526 527 536 538 544 547 548 553 555 556 557 559 560 561 562 565 568 571 352 353 354 355 359 360 361 363 365 366 368 371 372 374 375 376 378 382 385 387 388 390 391 394 395 396 398 400 403 404 409 410 412 414 417 422 431 432 434 440 442 444 445 446 448 450 452 454 455 458 460 461 462 465 470 473 474 475 479 481 482 484 487 488 489 490 491 492 494 495 496 497 502 503 506 511 

486

512 515 517 519 520 521 524 525 528 529 530 533 534 536 539 541 543 544 545 546 547 548 549 555 556 557 558 560 562 568 570 571 349 354 355 359 360 361 362 367 371 372 373 382 390 391 395 402 403 404 405 410 413 414 415 418 421 422 426 427 428 429 434 436 438 444 445 446 448 450 451 452 455 458 460 461 462 463 467 470 472 473 474 478 479 481 482 483 489 490 491 492 495 496 498 500 502 507 508 510 

487

516 518 519 522 528 529 530 531 532 533 534 541 543 546 547 34 551 552 554 555 558 562 568 569 570 571 572 173 198 349 350 354 355 357 358 359 361 364 365 369 372 377 379 380 381 382 383 384 386 389 390 396 397 401 403 405 406 407 410 411 418 422 424 425 426 427 429 435 437 441 442 447 450 451 455 457 458 459 463 464 466 467 469 470 472 474 477 478 481 485 486 489 495 499 502 504 505 508 509 510 

488

516 518 519 522 528 529 530 531 532 533 535 539 540 541 543 34 547 548 549 546 551 552 554 555 557 562 568 570 571 572 198 350 354 355 356 357 358 359 361 362 364 367 369 371 372 379 380 381 382 389 393 396 397 399 406 407 410 411 415 421 422 424 426 427 429 433 435 437 441 442 447 449 450 453 457 458 459 463 466 467 469 470 472 474 476 477 480 481 485 486 489 490 491 498 499 501 504 505 509 510 

489

512 513 516 518 520 523 524 526 533 534 536 537 540 541 34 549 551 552 556 558 560 561 563 565 566 567 569 173 349 351 352 353 356 357 363 365 366 369 370 371 377 380 381 383 384 385 387 389 394 398 400 404 405 407 408 409 411 412 414 419 420 421 424 425 426 427 430 431 433 436 439 440 446 447 448 451 454 456 459 462 464 471 472 477 478 479 480 482 485 486 487 488 492 493 494 496 505 508 509 511 

490

512 516 518 521 522 526 529 530 531 532 535 536 538 540 541 543 552 553 554 556 558 562 563 565 567 568 569 570 571 572 198 350 354 357 358 363 364 365 368 371 372 375 379 382 386 389 393 395 397 398 399 402 404 405 406 415 416 418 420 421 422 424 426 429 430 432 435 437 438 440 444 448 449 451 455 456 459 462 463 465 466 467 468 471 472 477 479 480 484 485 486 493 494 495 499 503 507 508 510 511 

491

512 516 518 520 521 522 528 532 533 534 535 536 537 540 541 543 544 545 34 551 552 554 558 560 563 564 565 569 570 571 572 173 349 350 357 358 360 364 365 368 369 372 375 379 380 381 384 385 386 387 389 393 395 397 399 401 405 406 408 418 419 420 421 424 425 426 427 430 432 435 437 440 441 442 449 451 457 459 462 464 467 469 476 477 478 480 484 485 486 493 495 497 499 501 505 507 508 509 510 511 

492

516 518 519 522 528 529 530 531 532 533 534 541 543 546 547 34 549 548 551 552 554 555 557 562 563 568 570 571 572 198 349 350 351 354 355 357 358 359 361 365 369 372 377 379 380 381 382 383 384 386 389 390 396 397 401 403 405 406 407 410 418 422 424 425 426 427 429 433 435 437 442 447 449 450 453 455 457 458 459 464 466 467 468 469 470 472 474 477 478 480 481 485 486 489 499 504 505 508 509 510 

493
539 
516 518 519 522 528 529 530 531 532 533 541 34 547 546 548 551 552 554 555 562 568 571 572 349 350 351 354 355 357 359 361 362 365 369 371 372 377 379 380 381 382 383 384 385 386 389 390 393 396 401 403 405 406 407 410 418 422 424 425 426 429 433 435 437 441 442 447 448 449 450 454 455 457 458 459 460 464 466 467 469 470 474 477 478 480 481 485 486 489 490 491 498 499 501 502 504 505 509 510 

494

516 518 519 521 522 523 528 529 530 531 533 534 535 539 541 543 544 546 547 548 549 34 554 555 558 562 564 568 571 173 198 349 355 356 359 361 365 371 372 377 379 380 382 383 385 387 390 396 397 399 403 405 406 407 410 411 413 415 418 424 425 426 427 429 437 441 442 446 447 449 450 455 458 460 463 466 467 468 469 470 472 474 476 477 478 481 485 489 490 491 495 498 499 501 502 504 505 507 508 510 

495

512 516 518 519 522 528 529 531 532 533 534 536 540 546 34 549 551 552 554 555 557 562 563 565 568 569 571 572 173 198 349 350 351 354 355 356 357 359 361 367 369 375 380 381 384 386 389 390 396 401 403 405 406 407 410 411 418 419 424 425 426 427 429 430 433 434 435 437 439 440 446 450 453 455 457 458 459 462 464 466 468 469 470 472 474 477 478 481 485 486 490 491 494 496 498 499 504 505 509 510 

496

516 518 519 522 529 530 531 532 533 535 536 539 540 543 546 547 551 554 555 557 558 562 564 568 570 571 572 350 352 354 355 356 357 358 359 361 362 364 365 369 371 372 377 379 380 381 382 383 385 386 389 396 397 399 401 403 405 406 407 410 411 413 416 418 421 422 426 429 433 435 437 441 442 447 449 450 453 457 463 466 467 468 469 470 472 474 476 477 480 481 485 486 489 495 498 499 501 504 509 510 

497
418 523 469 
518 522 529 530 531 532 533 534 535 539 540 541 543 34 547 548 549 554 558 562 563 564 568 569 571 572 198 349 351 356 357 358 359 361 364 365 367 369 371 372 377 379 382 383 385 390 393 399 405 406 407 410 411 413 415 420 424 427 429 437 440 441 442 444 446 447 448 449 453 454 457 463 466 467 468 470 472 474 476 477 478 480 481 485 486 489 490 491 495 498 499 501 502 504 505 508 509 

498

513 520 521 526 528 529 531 533 534 535 537 539 540 541 542 543 544 545 549 552 553 555 557 558 560 563 565 567 568 569 570 173 349 350 352 353 354 355 357 361 367 369 370 372 375 382 384 385 396 397 398 403 404 405 407 408 409 410 414 415 416 418 419 422 425 426 427 428 430 432 433 435 438 440 444 448 449 451 455 458 460 464 465 469 470 475 478 480 482 484 494 495 497 500 503 504 507 508 509 510 

499

513 514 520 521 523 524 525 527 528 529 533 534 536 537 538 540 541 542 544 546 548 553 555 556 559 561 563 565 567 568 569 571 352 353 354 357 360 365 368 370 374 375 387 388 390 391 392 395 397 400 402 404 407 408 409 414 417 419 420 421 422 423 426 428 430 431 432 433 435 440 444 448 449 450 451 455 456 461 469 471 475 479 480 482 483 484 487 490 491 494 495 496 500 502 503 504 506 507 508 510 

500
361 531 
516 518 522 528 529 530 532 533 534 535 539 541 543 34 549 551 552 554 562 564 571 572 173 198 349 350 351 356 357 358 359 360 362 364 365 369 371 372 377 379 380 381 383 384 385 386 389 393 397 399 401 405 406 407 411 418 422 424 426 427 429 433 435 437 440 441 442 446 447 448 449 453 454 457 458 459 464 466 467 468 469 470 472 476 477 478 480 481 485 486 490 491 498 499 501 504 505 509 

501

517 519 520 521 522 523 525 526 528 529 531 534 536 539 540 541 542 543 544 546 548 555 556 557 558 561 562 563 565 567 569 570 349 350 352 354 355 359 360 361 365 366 367 387 388 390 391 396 397 400 402 403 404 405 407 412 413 414 416 418 421 422 425 430 432 434 435 438 440 442 448 449 450 451 452 455 456 458 460 462 463 465 466 470 478 481 482 488 489 490 491 494 495 496 497 504 507 508 510 511 

502
348 
512 516 518 519 520 521 522 526 529 530 531 532 533 534 535 536 540 541 543 546 549 551 552 554 557 558 560 562 563 565 568 569 570 571 349 350 352 356 357 358 361 372 375 377 379 381 383 384 389 393 397 398 403 404 405 406 409 413 415 416 418 420 422 424 429 430 432 435 440 445 448 449 451 452 455 457 459 460 462 464 466 469 470 472 477 478 480 481 485 486 489 493 494 499 504 507 509 510 511 

503
539 
516 518 519 522 528 529 530 531 532 533 534 535 541 543 34 547 548 549 546 551 552 555 562 568 572 173 349 350 354 355 356 359 361 362 365 369 371 372 377 379 380 381 382 383 384 385 389 396 397 403 405 406 407 410 411 418 422 424 425 426 427 429 433 435 437 442 447 448 449 450 453 455 458 459 463 464 466 467 468 469 470 474 476 477 478 480 481 485 489 490 491 495 498 499 502 504 505 508 510 

504
544 562 374 
512 515 516 518 524 526 530 534 535 536 540 542 545 556 559 564 565 566 567 198 349 351 352 353 356 357 358 364 366 368 369 371 375 377 378 379 381 383 385 389 392 394 398 399 404 406 408 409 411 413 414 419 420 423 424 425 428 434 435 436 437 438 439 440 441 442 445 446 448 453 454 456 458 459 462 465 469 472 476 477 478 479 484 487 488 492 493 494 495 496 498 499 501 502 508 509 511 

505

512 515 517 519 520 521 522 524 525 526 528 529 530 531 534 536 537 539 542 544 546 547 556 558 565 566 568 569 570 571 349 352 355 359 360 361 363 366 367 368 371 372 373 374 382 388 390 391 392 395 396 398 402 405 408 409 412 413 418 421 422 426 428 429 430 432 434 436 438 445 446 448 451 452 456 460 461 462 463 465 466 470 471 473 478 479 481 483 487 488 489 491 492 493 494 495 500 507 508 510 

506
418 348 557 519 
512 516 518 522 529 530 531 532 533 534 535 539 540 541 543 546 547 548 549 551 554 555 562 564 568 570 571 572 198 349 350 351 354 355 356 358 359 361 362 364 365 367 369 372 377 379 380 381 382 383 389 390 393 396 403 405 406 407 410 411 415 422 424 427 429 433 435 437 445 447 449 450 453 454 457 458 463 466 467 468 470 472 474 476 477 478 480 481 485 486 489 491 498 499 505 509 

507
348 557 
516 518 522 529 530 532 533 534 535 539 541 34 546 549 551 552 554 564 568 571 572 173 198 349 350 351 352 356 357 358 359 361 364 367 369 371 372 377 378 379 380 381 383 384 386 389 390 393 396 399 401 405 406 407 410 411 424 425 426 427 429 433 434 435 437 440 441 446 447 448 450 453 454 455 457 459 464 466 467 468 472 474 476 477 478 481 485 486 490 491 494 498 499 501 502 505 508 509 

508
440 
516 519 521 522 528 529 532 533 535 536 539 540 543 34 546 548 547 551 552 554 555 557 558 562 564 569 571 572 173 198 354 355 356 357 359 362 364 367 369 372 375 379 380 381 382 383 386 389 390 391 393 396 399 401 403 406 407 411 419 420 422 424 429 433 435 437 441 442 448 449 450 452 453 454 457 459 462 464 466 468 469 470 471 472 474 476 477 481 482 486 489 490 491 498 499 501 504 505 510 

509

512 515 517 519 520 521 522 525 529 530 536 539 541 543 544 546 547 548 549 555 556 557 558 566 568 569 570 571 352 354 355 359 360 361 362 366 367 371 372 373 375 376 379 382 388 390 391 394 395 396 402 403 405 410 411 412 413 414 415 418 421 422 426 427 428 429 436 438 444 445 446 448 450 451 452 455 460 461 462 463 465 466 470 471 474 481 482 483 488 489 490 491 492 493 495 496 498 500 502 504 

510
360 
512 514 516 520 522 525 526 530 532 534 536 537 538 539 540 34 548 556 560 570 572 173 198 349 351 352 353 356 358 362 364 365 367 368 371 372 375 377 381 383 384 385 390 393 394 395 399 400 404 406 408 409 410 411 413 414 415 416 424 425 427 428 434 437 440 441 442 444 445 446 447 448 453 454 459 462 464 465 467 468 476 478 479 480 483 486 487 490 491 494 495 496 498 499 501 502 505 508 511 

511

516 519 521 522 528 529 530 531 532 533 534 535 539 540 541 543 546 547 34 549 551 552 555 557 558 562 565 568 569 571 173 349 350 351 354 355 356 357 358 359 361 362 364 365 367 369 371 372 381 382 384 389 396 397 403 405 407 410 411 413 418 422 425 426 427 429 433 435 437 441 442 447 448 449 454 455 457 458 459 463 464 466 467 470 472 474 477 480 481 485 489 490 491 499 501 502 504 505 508 510 

512

516 518 521 522 528 529 530 531 533 534 535 541 543 546 547 548 551 552 554 555 557 562 563 564 568 569 570 571 572 350 351 354 355 357 359 361 362 364 369 371 372 373 379 380 381 382 383 385 386 388 390 393 396 397 399 401 403 405 407 410 418 420 421 422 424 426 429 432 433 435 442 444 449 450 453 455 457 458 459 466 467 468 469 470 474 477 478 481 485 486 489 490 491 495 499 502 504 505 509 510 

513
496 
516 518 519 522 529 530 531 532 535 539 540 541 34 547 546 549 551 552 554 555 562 564 568 571 572 173 198 351 354 356 357 358 359 361 362 364 367 371 372 377 379 380 381 382 383 384 386 389 390 393 396 399 401 403 406 410 411 413 422 424 427 429 433 435 437 440 441 446 447 449 450 453 454 455 457 458 459 464 466 467 468 469 470 472 474 476 477 480 481 482 486 489 490 491 498 499 501 502 505 

514

516 519 522 528 529 530 531 532 533 534 535 539 543 546 34 547 549 551 552 554 555 557 562 563 564 572 198 349 350 351 354 355 356 357 358 359 361 365 367 369 371 372 375 377 379 381 382 383 385 386 390 393 396 403 405 406 407 411 422 424 425 426 427 429 433 435 437 440 441 442 447 449 450 452 453 454 455 457 459 466 467 468 469 470 472 474 476 477 478 480 481 485 489 490 491 498 499 501 505 510 

515

516 518 521 522 528 529 530 531 532 533 534 535 539 541 543 546 34 549 551 552 554 558 562 563 564 568 569 570 571 572 198 350 351 356 357 358 361 364 365 369 371 372 377 379 380 381 382 383 384 389 390 393 396 397 399 401 405 406 407 411 421 424 425 426 427 429 433 435 437 441 442 447 449 450 453 454 455 457 459 466 467 468 469 470 474 476 477 478 480 481 485 486 490 498 499 501 504 505 509 510 

516

512 515 517 519 520 521 522 524 525 526 528 529 530 531 536 539 541 543 544 546 547 548 556 557 558 568 569 570 571 352 354 355 359 360 361 362 363 365 367 371 372 374 379 382 385 387 388 390 391 395 396 402 403 409 410 412 413 414 415 417 418 421 422 426 428 429 432 438 444 445 446 448 450 451 452 455 460 462 463 466 470 472 473 481 482 487 489 490 491 492 493 494 495 496 500 502 504 507 508 510 

517

516 518 519 522 528 529 530 531 532 533 534 535 540 541 543 546 547 34 549 551 552 554 555 557 562 564 568 571 572 198 349 350 351 354 355 356 357 358 359 361 364 365 369 371 372 377 379 380 381 382 383 386 389 393 396 397 399 403 405 406 407 410 411 418 422 424 427 429 433 435 437 441 442 447 449 450 454 455 457 458 459 466 467 469 470 474 476 477 480 481 485 486 489 490 499 501 504 505 509 510 

518

512 515 517 519 520 521 522 525 526 529 530 531 533 536 539 542 543 544 545 546 547 548 556 557 558 560 568 570 571 572 352 355 359 360 361 362 363 365 366 367 372 374 375 377 382 388 390 391 395 396 398 402 403 404 408 409 410 411 412 413 414 418 422 427 428 429 432 438 444 445 446 448 450 451 452 454 455 460 462 463 465 466 470 472 473 474 479 482 484 487 489 490 491 493 494 495 496 500 502 504 

519
506 
513 514 516 518 521 523 524 526 528 536 537 538 540 541 542 545 551 553 554 556 558 559 561 563 565 567 569 571 349 352 353 357 364 365 366 368 369 374 375 377 378 379 380 381 383 385 387 389 391 392 394 395 397 398 400 408 414 419 420 423 424 425 426 431 432 434 436 439 440 442 444 446 448 449 451 454 456 457 459 469 471 472 473 477 479 480 482 484 485 486 487 488 492 496 502 505 508 509 511 

520

516 518 521 522 528 529 530 531 532 533 539 540 546 547 34 549 548 551 552 554 555 557 562 564 568 571 572 198 350 351 354 355 356 357 358 359 361 364 367 369 379 380 381 382 383 384 386 389 390 393 399 401 403 405 406 407 410 411 418 424 426 429 433 435 437 440 441 446 447 450 452 453 454 455 457 458 459 462 466 467 468 469 470 472 474 476 481 485 486 489 490 491 498 499 501 502 504 505 509 510 

521
348 
512 516 519 522 529 530 531 532 534 536 539 540 543 34 547 548 549 551 552 554 557 564 568 570 572 173 198 349 350 351 356 357 358 359 360 361 364 365 367 369 372 375 377 380 381 382 383 384 386 389 393 399 401 405 406 410 411 415 424 425 427 429 435 437 440 441 446 447 449 453 454 457 458 459 462 464 466 467 468 469 470 472 474 476 477 478 480 485 486 490 491 494 498 499 501 502 505 508 509 

522

512 513 514 515 518 520 521 523 524 526 527 535 536 537 538 540 542 544 551 553 559 562 563 565 566 567 569 173 349 352 353 357 360 362 363 365 368 370 371 374 375 377 378 387 388 389 392 394 395 398 402 404 409 413 414 415 416 419 423 425 428 430 431 434 435 436 438 439 440 448 449 451 456 458 459 460 461 462 471 472 479 482 483 484 488 490 491 492 493 494 495 496 497 500 502 503 506 507 510 511 

523

519 522 528 529 530 532 533 535 536 539 540 541 543 34 547 546 549 552 555 557 560 562 564 568 569 571 572 173 198 350 351 352 354 355 356 358 359 361 364 365 372 375 377 379 380 381 382 383 384 386 389 390 393 396 399 401 403 404 405 406 410 411 424 426 427 429 430 433 435 437 440 441 447 450 453 454 455 457 462 464 466 467 468 469 470 472 474 476 480 481 485 489 491 494 498 499 501 504 505 511 

524

516 519 522 528 529 530 531 532 533 535 539 541 543 546 547 34 549 551 552 554 555 557 562 564 568 571 572 173 198 350 351 354 355 356 357 358 359 361 367 369 371 372 377 379 380 381 382 383 384 386 389 390 393 396 399 401 403 405 406 407 410 411 424 427 429 433 435 437 440 442 447 449 450 453 454 455 457 458 459 466 467 468 469 470 474 477 478 480 481 485 486 489 490 491 498 499 504 505 509 510 

525
426 563 
516 518 519 522 528 530 531 532 534 535 541 543 34 546 549 551 552 554 555 557 562 564 568 571 572 173 198 349 350 351 354 355 356 357 358 359 361 364 365 369 371 372 377 379 380 381 382 383 384 389 390 393 396 397 399 405 406 407 411 418 424 427 429 433 435 437 441 442 447 449 453 454 455 457 459 463 464 466 467 468 469 470 474 476 477 480 481 485 486 489 490 498 499 501 504 505 509 510 

526

516 518 519 522 528 529 530 531 533 534 535 539 541 543 34 546 548 547 549 551 552 554 555 557 562 563 564 568 571 173 349 354 355 356 357 358 359 361 362 367 369 371 372 377 380 381 382 383 384 390 396 397 401 405 407 410 411 415 418 421 422 425 426 427 429 433 435 437 441 442 446 447 449 450 453 455 457 458 459 463 464 466 467 468 470 474 476 477 478 481 485 489 490 491 498 501 502 504 505 510 

527
350 
516 519 522 528 529 530 531 532 533 535 539 540 543 34 547 546 549 548 551 554 555 557 562 564 568 570 571 572 198 351 354 355 356 357 358 359 361 364 365 369 371 372 377 379 380 381 382 383 386 390 393 396 397 399 401 403 405 406 407 410 411 415 422 424 427 429 433 435 437 441 442 447 449 450 453 454 455 457 459 463 466 467 468 469 470 474 476 477 480 481 485 489 490 498 499 501 504 505 509 

528
348 
512 514 515 519 526 530 532 535 536 545 34 551 556 557 562 564 568 572 173 351 352 353 356 358 361 362 364 365 371 374 375 377 379 381 383 385 386 388 389 390 391 394 395 396 399 400 401 404 406 408 410 411 413 419 420 425 427 436 437 439 440 441 442 445 446 447 448 450 451 453 454 456 457 459 461 462 469 471 476 477 478 479 482 483 486 487 488 489 490 491 492 495 498 499 501 503 505 508 511 

529
348 
516 518 520 521 524 534 535 536 537 538 540 545 34 549 551 554 556 557 562 564 567 173 198 349 352 353 357 358 362 365 368 369 371 374 375 377 378 380 381 383 385 387 388 389 394 395 402 404 406 413 416 419 420 424 427 428 430 434 435 436 437 440 441 445 447 448 449 451 453 457 458 459 462 469 471 472 474 476 477 478 479 482 486 487 488 490 491 492 493 495 496 498 500 501 502 505 508 509 511 

530

514 516 521 523 524 525 526 527 528 536 538 540 544 34 549 551 552 554 561 563 566 571 173 350 352 353 357 362 363 368 369 373 374 375 378 380 384 385 387 388 389 392 394 397 400 402 404 407 408 409 413 414 416 417 419 420 421 423 425 427 428 430 431 432 433 434 436 439 440 442 444 445 449 456 461 462 464 465 471 472 473 477 483 484 486 487 490 492 494 496 500 502 503 504 505 506 507 509 510 511 

531
500 
512 514 515 517 518 520 521 524 526 527 533 537 538 540 541 542 545 553 556 558 559 560 561 566 567 569 173 352 353 357 363 365 366 368 370 371 373 374 375 377 378 379 383 385 386 387 389 391 392 394 395 398 400 404 408 414 416 417 419 420 423 425 427 430 431 434 436 438 440 445 446 448 451 456 459 461 462 465 469 471 472 477 478 479 482 483 484 488 490 492 493 494 496 501 502 503 505 506 511 

532
462 
513 520 521 523 528 534 539 540 541 542 543 544 546 548 549 553 556 557 558 561 563 565 567 568 569 173 349 350 357 359 360 361 363 367 369 370 375 376 378 380 382 384 385 387 388 390 391 395 396 397 400 403 405 407 408 412 414 415 418 419 421 422 425 426 427 428 431 433 435 438 440 442 444 445 448 449 450 452 455 458 460 465 469 470 474 475 478 479 482 490 491 495 496 497 500 502 508 510 511 

533

515 518 520 524 531 534 535 536 537 538 539 540 541 542 544 545 34 546 548 553 556 557 562 565 569 570 173 352 353 357 359 360 362 363 365 367 368 370 371 372 373 376 378 382 385 388 390 391 394 395 396 397 402 406 408 409 410 413 414 415 419 420 422 425 435 436 437 438 440 442 445 448 449 450 459 460 462 463 465 469 470 471 475 477 479 480 482 486 487 488 489 491 492 495 496 499 500 506 508 511 

534

521 525 529 532 533 535 536 539 540 34 547 548 551 552 554 555 556 557 558 560 561 565 569 572 173 350 353 354 355 356 359 360 362 363 366 372 379 380 381 382 386 388 389 390 391 394 396 400 401 403 406 407 408 410 411 413 414 415 419 420 422 429 435 437 438 440 444 445 446 448 450 452 453 457 458 462 463 466 468 470 472 473 474 481 482 486 487 489 491 492 494 495 497 498 502 504 505 507 510 511 

535

512 513 522 525 528 529 530 533 534 536 538 539 540 541 543 545 34 546 548 552 553 555 562 565 567 568 569 571 173 349 350 351 354 356 359 361 365 366 367 369 372 377 378 382 383 384 386 390 391 394 396 397 398 401 405 407 408 409 411 412 414 419 420 422 423 425 426 427 429 430 431 433 434 439 440 442 449 451 453 454 455 462 464 466 468 470 471 472 478 480 481 490 491 494 496 498 502 504 508 511 

536

516 518 519 521 522 523 528 529 530 531 533 534 535 539 541 543 546 547 548 34 551 552 554 555 557 558 562 563 568 569 570 571 572 173 349 354 355 359 361 367 369 372 380 382 384 389 390 396 397 403 405 407 410 413 415 418 422 424 426 427 429 433 434 435 437 444 446 449 450 452 454 455 457 458 459 463 464 466 467 468 470 472 474 477 478 480 481 485 486 489 490 491 495 499 502 504 505 508 509 510 

537

519 521 522 528 529 530 531 532 533 534 535 539 541 543 34 546 547 549 551 554 555 557 562 568 570 571 572 173 198 349 351 354 355 356 357 358 359 361 362 364 365 367 369 371 372 377 379 380 382 383 390 396 399 403 405 406 407 410 411 413 418 422 424 426 427 429 433 435 437 442 448 449 450 453 454 455 458 459 463 466 467 468 469 470 474 477 478 481 489 490 491 495 498 499 502 504 505 508 509 510 

538

518 519 522 528 529 530 531 532 533 534 535 539 541 543 546 547 34 549 548 552 554 555 557 562 564 568 570 571 572 173 349 350 351 354 355 357 358 359 361 364 365 367 369 371 372 377 379 380 382 383 385 386 390 396 399 401 403 405 406 407 410 418 422 426 427 429 433 435 437 442 447 449 450 453 454 455 458 463 464 466 467 468 470 472 474 477 478 480 481 485 489 490 491 499 501 502 504 505 508 510 

539
493 
514 516 518 520 521 523 524 526 532 533 534 535 536 537 545 549 551 552 554 558 562 563 569 173 349 350 353 357 360 365 368 369 370 371 374 375 377 380 381 383 384 385 386 387 388 389 394 395 397 401 402 409 413 414 415 416 419 423 424 425 427 428 430 432 433 434 435 436 437 439 440 442 448 449 451 453 456 457 459 461 462 465 468 469 470 472 477 478 480 486 494 496 497 498 505 507 508 509 510 

540
348 
519 520 521 522 529 530 531 532 533 534 535 541 34 547 548 549 546 552 556 557 562 564 568 569 571 572 173 198 349 350 351 352 356 358 359 361 362 365 367 371 372 377 379 382 383 384 385 386 390 393 396 399 401 403 405 406 410 411 414 415 418 425 426 427 429 433 434 436 437 438 439 440 441 442 447 451 452 453 454 455 464 467 468 470 472 473 474 478 481 489 490 491 495 498 499 502 504 508 510 

541
348 
512 513 515 516 519 526 530 531 532 533 535 536 540 545 34 546 549 551 558 560 562 564 572 173 350 351 352 354 356 358 359 360 362 364 365 366 369 371 373 375 377 379 380 381 384 386 388 390 391 393 394 400 401 403 404 406 407 408 411 413 425 427 434 435 437 440 441 442 445 446 447 448 450 452 453 454 457 462 464 467 468 470 472 476 477 480 487 489 490 491 492 494 497 498 499 501 502 509 511 

542

516 518 519 522 528 529 530 531 532 533 539 540 543 546 34 547 549 551 552 554 555 557 562 564 568 571 572 173 198 350 351 354 356 357 358 359 361 364 367 369 372 377 379 380 382 383 384 386 389 390 393 396 397 399 401 403 405 406 407 410 411 418 422 424 426 427 429 433 435 440 441 447 449 450 453 454 455 457 458 459 466 467 468 469 470 472 474 477 480 481 485 486 489 490 498 499 501 504 505 510 

543

512 514 515 516 518 521 527 532 535 536 537 34 551 556 559 562 567 568 173 198 351 352 353 354 356 357 358 361 363 366 368 370 374 375 378 379 380 383 384 385 386 388 389 391 392 394 401 406 411 414 418 419 420 427 430 431 434 435 436 437 440 445 446 450 451 453 454 457 458 459 461 462 464 468 469 471 474 477 478 479 481 482 483 484 486 487 488 489 490 491 492 496 498 501 502 503 506 508 509 511 

544
504 348 557 
516 518 519 522 528 530 532 533 535 536 539 543 34 547 548 549 551 552 554 562 571 572 173 198 350 351 352 354 356 357 358 359 361 364 367 371 372 375 377 379 380 381 382 383 384 386 389 393 396 401 403 405 406 407 410 411 422 424 425 427 429 433 435 437 440 441 445 446 447 449 450 453 455 457 459 464 466 467 468 469 472 474 476 477 480 481 485 486 487 489 491 494 498 499 501 505 509 

545

516 518 519 521 522 528 529 531 533 534 535 539 541 546 547 548 549 34 551 552 554 555 557 562 568 569 571 173 349 350 351 354 355 356 357 358 359 361 362 365 367 369 371 377 380 381 382 383 384 385 389 390 396 397 405 406 407 411 413 416 418 419 424 426 427 429 433 435 437 442 446 447 450 453 454 455 457 459 464 466 468 469 470 472 474 477 478 481 485 486 489 490 491 498 499 502 504 505 509 510 

546
397 
512 514 516 523 524 526 532 533 535 536 537 538 540 541 542 545 551 554 558 560 565 567 568 569 572 198 349 352 353 356 357 358 362 363 364 365 369 371 374 375 377 380 381 383 385 386 387 388 389 392 394 404 405 406 408 409 411 415 419 420 424 425 428 437 439 440 441 442 444 445 448 451 453 457 459 461 462 469 471 472 476 478 479 482 486 487 490 492 494 495 496 499 501 502 505 506 508 509 511 

547

513 516 517 518 520 521 523 524 526 534 536 537 538 540 542 544 545 34 551 552 554 558 561 563 565 567 569 173 349 353 357 363 369 374 375 377 378 380 381 383 384 385 389 391 394 397 400 404 408 414 417 419 420 421 423 424 425 426 427 430 431 433 434 436 438 439 440 442 445 446 449 451 454 456 457 459 462 464 469 471 472 477 478 479 480 484 485 486 487 488 492 493 494 496 503 505 506 508 509 511 

548
438 
512 516 518 521 526 528 529 532 533 534 535 536 540 545 34 549 551 552 554 558 560 563 565 569 570 572 173 349 350 352 356 357 358 362 363 364 368 369 371 374 375 379 381 384 385 386 389 397 405 406 411 413 414 416 419 421 424 425 426 427 433 434 436 437 439 440 441 442 445 447 448 449 451 453 454 455 457 459 462 464 465 467 471 472 477 478 479 480 485 486 494 498 499 501 503 506 508 509 510 

549

513 514 520 521 523 529 530 532 538 539 540 541 542 544 545 548 555 556 557 561 562 565 568 570 572 352 353 354 355 359 361 362 363 365 366 369 372 377 379 381 382 383 385 386 388 389 390 391 394 396 397 398 400 401 403 408 410 418 419 424 426 429 432 434 436 439 442 445 446 448 450 453 455 456 457 458 460 461 463 465 466 467 469 470 471 478 480 481 486 488 489 491 494 495 497 498 500 502 509 511 

551

512 515 517 519 520 521 522 524 525 526 528 529 530 534 536 539 541 543 544 545 546 547 548 556 558 560 568 569 570 571 354 355 359 362 365 366 367 372 375 382 385 387 388 390 391 395 396 402 403 404 405 410 412 413 414 415 418 421 422 426 428 429 430 432 434 438 444 445 446 448 450 451 452 455 460 462 463 465 466 471 472 473 481 482 483 488 489 490 491 492 493 495 496 500 502 504 506 507 508 511 

552

512 513 517 520 521 523 525 530 534 535 536 539 540 541 542 544 545 547 548 556 557 558 562 568 569 570 571 348 352 353 355 356 359 360 361 362 365 367 371 372 373 376 377 382 383 385 387 388 390 391 394 396 397 402 403 405 406 408 410 411 413 415 418 420 421 426 437 438 440 442 444 445 446 448 449 450 452 456 458 460 461 462 465 472 474 478 480 481 482 487 489 490 491 492 493 495 498 502 508 511 

553
555 
516 518 519 522 529 530 531 532 533 534 535 539 541 543 34 547 548 549 546 551 554 557 562 564 568 571 572 173 198 349 350 351 354 356 357 358 359 361 362 364 365 369 371 372 377 379 380 381 383 386 390 393 396 397 399 401 405 406 407 410 411 413 424 426 429 433 435 437 440 441 442 447 449 450 453 454 457 459 462 466 467 468 470 472 474 476 478 480 481 485 486 489 490 491 498 499 501 505 509 

554

512 515 517 519 520 521 524 525 526 529 530 534 536 539 543 544 545 546 547 548 556 558 560 566 568 569 571 352 354 355 359 360 361 362 363 365 366 367 368 371 372 374 375 379 382 388 390 391 394 395 396 402 403 404 405 408 409 410 412 413 418 422 426 434 436 438 444 445 446 448 451 452 460 461 462 463 467 470 471 472 473 474 479 481 482 483 487 488 489 490 491 492 493 494 495 496 500 502 507 508 

555

512 517 520 523 526 534 535 536 537 541 542 34 549 558 561 563 565 567 569 572 173 349 352 356 358 362 364 365 369 371 373 375 377 380 383 385 387 393 394 399 402 404 407 408 409 411 413 414 415 417 420 421 423 425 427 430 431 433 434 436 439 440 442 444 445 446 447 448 451 453 454 456 462 465 467 468 471 472 473 476 477 478 479 480 485 486 487 492 493 494 495 496 498 499 501 503 506 508 509 511 

556

516 518 519 521 522 528 529 530 531 532 533 534 539 540 541 543 34 546 547 549 551 552 554 555 562 564 565 568 570 571 572 173 198 349 350 351 354 357 358 359 361 364 369 372 375 379 380 381 382 384 385 386 389 393 397 399 401 403 405 407 424 426 427 429 433 434 435 440 441 442 447 452 453 454 455 457 459 464 466 467 469 470 471 472 476 477 478 480 481 485 486 489 490 498 499 501 504 505 509 510 

557
544 506 507 
512 516 517 518 520 521 523 526 528 529 532 533 534 536 540 545 34 549 551 552 553 558 564 571 572 198 349 351 352 356 357 358 363 364 365 366 369 371 374 377 379 381 383 384 385 386 389 394 395 399 401 404 407 408 411 414 415 419 420 423 425 427 431 433 434 438 440 442 444 445 446 448 449 454 457 460 467 469 471 472 476 477 478 479 480 482 485 486 488 490 495 496 498 502 508 509 511 

558

516 518 519 522 531 532 534 536 539 541 546 547 548 34 551 552 554 555 557 560 568 571 173 349 350 351 352 353 354 356 357 359 361 365 367 369 375 379 380 381 382 383 384 386 388 389 390 396 397 401 405 407 410 411 418 419 420 422 424 426 434 435 437 440 441 442 446 450 453 454 455 457 458 459 462 464 466 468 469 470 472 474 476 477 478 481 486 487 489 490 491 494 496 498 501 502 505 508 509 511 

559

516 518 519 522 528 529 530 531 532 533 534 535 539 541 543 34 546 547 549 548 551 552 554 555 557 562 564 568 570 571 572 173 198 349 350 351 354 356 357 358 359 361 365 367 369 372 377 379 380 381 382 383 384 386 393 396 397 399 401 403 405 406 407 410 411 418 422 424 426 427 429 433 435 437 442 447 449 450 453 454 455 458 459 463 464 466 467 468 470 474 477 481 485 489 490 491 498 499 504 505 

560

516 518 519 521 522 523 528 530 531 532 533 534 541 543 546 34 548 549 547 551 554 555 557 558 562 563 564 568 570 571 349 350 354 355 356 357 358 359 361 365 367 369 372 377 379 380 381 382 383 386 389 396 397 399 401 403 405 406 407 411 424 425 426 427 429 433 434 435 437 442 449 450 453 454 455 457 458 459 466 468 470 472 474 477 478 481 485 486 489 490 491 495 498 499 502 504 505 508 509 510 

561
422 
518 519 522 529 530 531 532 533 534 535 539 540 541 543 34 547 548 549 546 555 557 562 564 568 570 571 572 173 198 349 351 354 355 356 357 358 359 361 362 364 367 371 372 377 379 382 383 386 390 393 396 399 401 403 405 406 410 411 418 426 427 429 433 435 437 440 441 447 449 450 452 453 454 457 458 459 462 463 466 467 468 470 472 474 476 477 478 480 481 485 489 490 491 498 499 501 504 505 510 

562
504 
512 514 517 520 522 523 524 525 526 528 529 535 536 537 538 539 540 541 543 549 552 560 561 563 565 567 570 571 350 353 357 360 362 363 366 368 369 373 374 375 378 380 384 385 392 395 397 400 402 404 407 408 409 412 413 414 416 417 419 421 425 426 427 428 430 431 432 433 440 442 444 445 446 449 455 456 460 462 465 466 471 472 473 477 480 483 484 485 487 490 493 494 495 496 502 503 506 508 511 

563
442 391 
512 519 521 522 526 529 530 532 535 536 539 540 34 547 548 555 558 560 562 564 565 568 570 571 572 173 351 352 354 356 358 359 361 362 364 365 366 367 371 372 375 377 379 382 383 385 386 390 393 396 399 401 403 404 406 408 409 410 411 413 418 422 429 437 440 441 445 446 447 448 450 452 453 454 458 461 462 463 466 467 468 470 472 474 476 481 482 489 490 491 492 495 496 498 499 501 502 511 

564

512 515 517 520 521 522 523 525 526 528 529 531 538 539 540 541 548 555 556 557 560 563 565 567 569 570 349 350 352 353 354 355 359 360 361 366 367 369 388 391 396 397 400 402 403 404 407 408 414 416 418 419 421 422 425 430 432 434 435 438 440 445 446 448 449 450 451 452 455 456 458 460 461 462 463 465 466 469 470 471 475 478 480 482 483 489 490 491 494 495 496 497 500 502 504 506 507 508 510 511 

565
348 
516 518 519 522 530 531 532 533 534 535 536 546 547 34 549 548 555 556 557 562 563 564 570 571 572 173 198 349 351 352 354 356 358 359 361 362 364 365 367 371 372 375 377 379 382 383 386 390 393 394 396 399 401 403 405 406 410 411 413 415 418 425 426 433 435 437 439 441 442 444 447 449 450 452 453 457 459 466 467 468 470 472 474 476 477 478 481 485 489 490 491 495 498 499 501 502 504 505 511 

566

516 518 519 522 528 529 530 531 533 534 535 539 540 541 543 546 547 548 34 549 551 552 554 555 562 564 568 570 571 572 173 198 349 351 354 355 356 357 358 359 361 362 365 369 371 372 380 381 382 383 384 385 389 393 396 397 403 405 406 407 410 411 413 418 422 424 426 427 429 433 435 440 441 442 449 450 453 454 455 457 458 463 464 466 467 469 470 474 477 480 481 485 486 489 490 491 504 505 509 510 

567

512 519 522 528 529 530 531 532 535 539 541 543 546 547 34 549 551 552 554 555 562 564 568 571 572 173 198 350 351 354 355 356 358 359 361 362 364 367 369 371 372 379 382 384 386 390 393 396 397 399 401 403 405 406 410 411 413 418 421 422 424 426 427 429 433 435 437 441 442 446 447 449 450 452 453 454 455 458 459 463 466 467 468 469 470 474 476 478 480 481 489 490 491 498 499 501 502 504 505 510 

568

516 518 521 524 527 535 537 538 540 34 549 551 552 554 558 559 561 563 566 567 572 173 352 353 356 357 362 363 369 370 371 373 375 378 379 381 384 385 386 387 388 391 392 394 395 398 401 404 406 411 413 414 416 419 420 423 425 430 431 435 436 437 438 439 440 442 444 445 446 448 449 453 456 457 458 459 462 464 465 468 469 471 472 477 479 480 484 485 486 487 488 492 493 494 495 498 502 503 506 511 

569

516 519 522 531 533 534 535 536 539 540 34 547 548 546 551 552 554 555 564 568 570 572 173 198 349 350 351 354 357 358 361 362 364 366 367 369 371 372 375 377 379 380 381 383 384 385 386 387 390 394 396 397 401 405 406 407 409 418 424 425 427 428 429 434 435 436 437 440 441 442 446 449 450 453 457 458 460 463 464 466 470 473 474 476 477 478 480 481 489 490 491 495 498 499 501 502 505 508 509 511 

570

512 516 518 521 522 528 533 534 536 537 538 34 548 549 551 552 555 559 560 562 563 565 566 569 572 173 198 350 351 352 356 357 359 361 367 368 369 375 377 378 380 381 382 383 384 386 389 390 394 401 404 405 407 411 414 416 419 420 424 426 427 430 431 433 434 435 440 441 446 450 454 455 457 458 459 462 464 468 469 470 471 472 476 478 481 486 487 488 490 491 494 496 498 499 501 502 505 508 509 510 

571

512 516 517 518 520 523 524 526 530 535 536 537 538 540 545 551 554 558 560 561 562 563 565 349 350 352 354 357 359 361 365 366 368 369 370 373 375 378 380 381 382 387 389 390 391 395 398 400 403 406 408 409 410 413 414 415 416 417 419 420 424 425 426 427 428 434 435 436 439 442 446 448 449 450 457 458 459 460 461 470 471 477 478 480 485 486 488 490 491 493 494 495 497 499 500 502 505 508 509 511 

572

513 514 517 520 521 523 524 525 527 528 533 534 536 540 541 542 543 544 546 548 549 553 555 556 557 561 562 565 568 569 173 349 350 352 353 357 359 360 361 363 367 368 370 372 378 385 388 390 395 396 397 400 402 404 405 407 409 413 414 415 417 421 422 426 428 431 432 433 434 435 436 438 444 446 448 449 450 452 455 460 461 462 470 471 475 478 479 482 483 487 490 491 492 493 495 500 506 507 508 510 

