512 454 349 397 508 477 403 568 522 571 466 485 534 486 541 380 491 372 509 457 505 429 516 449 382 173 405 531 377 396 489 433 369 34 535 384 410 441 448 543 518 407 381 476 530 389 435 357 468 547 411 464 552 504 424 490 474 481 399 393 459 364 554 478 470 348 361 427 371 557 401 383 355 446 564 386 548 426 562 472 351 521 359 558 551 198 495 549 360 501 519 354 356 498 458 421 453 510 444 443 385
513 568 530 502 372 443 498 466 411 467 437 379 453 532 509 474 499 429 410 522 547 349 491 367 481 382 406 355 541 572 454 505 401 539 457 448 469 459 386 571 424 516 558 535 489 403 380 562 377 359 485 470 390 371 435 383 440 551 381 490 529 433 356 519 554 546 354 468 362 486 462 361 369 396 477 549 531 357 449 399 464 375 518 540 476 352 418 427 534 422 173 458 34 463 555 455 441 446 384 393 536
514 530 435 407 411 382 486 459 543 356 449 403 406 532 533 531 466 457 499 359 433 372 354 519 509 380 437 467 455 535 562 429 518 572 362 470 361 551 485 522 472 424 547 355 462 498 546 452 489 555 453 474 529 349 510 405 389 502 468 557 379 357 454 440 528 381 410 369 505 399 422 427 477 478 377 554 568 443 415 383 481 571 173 469 552 463 365 371 384 508 539 534 441 491 396 473 549 450 464 34 516
515 530 485 372 466 429 477 541 442 369 522 558 498 529 467 568 435 380 509 563 455 539 499 516 389 481 449 453 551 505 448 518 381 554 457 532 421 534 397 365 543 562 454 572 407 399 570 411 443 459 464 486 356 377 540 549 379 424 439 173 433 531 437 427 364 441 406 361 405 469 357 472 371 476 571 349 502 504 383 351 474 536 564 352 415 384 478 501 422 462 533 468 508 401 425 535 495 393 386 538 34
516 362 383 405 445 396 463 489 519 448 533 371 535 403 359 496 361 474 413 494 377 562 452 512 560 495 444 473 394 484 547 558 491 414 388 470 387 555 412 548 480 545 511 354 521 415 366 352 404 410 367 400 462 507 552 426 557 549 482 382 428 570 531 487 395 490 408 373 567 530 375 365 538 418 502 438 406 427 363 390 368 539 409 526 460 492 517 537 553 446 569 422 374 417 523 353 510 34 565 488 542
517 541 407 433 372 530 568 449 435 429 477 173 485 464 396 466 469 474 455 499 516 470 457 369 403 384 427 554 562 518 571 411 551 382 381 563 533 486 509 505 379 356 535 459 380 502 399 424 549 349 491 504 522 361 454 468 405 481 389 467 359 478 377 422 406 453 34 543 510 552 529 393 532 498 531 528 410 397 442 489 383 564 441 519 357 534 440 354 501 547 476 401 437 539 572 450 443 355 386 490 350
518 418 366 558 428 445 489 496 410 396 484 362 448 414 408 450 480 449 548 383 34 444 359 409 446 495 387 538 382 440 482 545 425 511 508 547 535 374 512 375 422 552 493 570 463 503 377 385 491 438 490 390 403 470 384 361 426 473 363 474 557 417 488 368 521 568 539 472 519 460 371 504 556 434 388 372 395 400 523 367 413 391 531 533 412 354 350 465 392 436 560 534 373 443 510 543 502 479 494 456 376
519 389 381 534 349 390 384 424 495 540 480 369 464 545 516 379 419 554 563 469 486 509 478 541 511 173 34 508 440 535 457 375 526 532 425 552 387 357 505 434 427 543 362 426 409 536 551 502 371 352 350 436 451 485 353 539 439 453 442 472 421 433 571 400 558 488 518 407 411 556 487 569 477 383 494 544 414 408 394 465 493 498 561 413 365 479 449 374 482 443 378 420 459 456 484 492 417 366 512 514 564
520 539 522 429 466 562 568 571 502 433 468 377 551 530 491 529 474 449 424 481 383 532 410 379 367 381 470 348 509 390 498 359 485 393 490 541 435 505 380 453 369 499 543 533 357 355 477 403 443 531 459 396 411 441 361 457 407 476 372 454 486 382 349 510 516 450 572 455 518 504 489 478 389 406 467 405 554 397 501 469 519 540 440 564 437 354 198 557 547 480 371 364 351 528 426 356 548 549 399 535 362
521 469 354 405 540 485 457 554 474 505 437 361 441 399 349 509 478 381 372 389 568 411 486 477 359 516 393 434 491 530 453 464 490 397 534 518 425 445 572 535 476 424 502 384 198 357 458 482 380 564 565 501 401 498 467 439 512 427 471 386 430 435 356 387 173 570 377 415 508 369 558 549 383 379 539 450 551 440 443 406 365 367 410 569 489 459 543 523 394 421 552 364 499 362 422 403 536 532 420 396 529
522 443 414 425 526 458 440 417 512 427 566 439 462 523 534 520 448 511 552 484 34 173 408 387 471 493 451 453 365 354 430 479 491 544 394 508 456 465 404 567 477 437 423 490 384 438 545 368 496 563 559 494 428 498 537 482 473 499 413 373 538 375 464 442 553 434 352 402 503 405 435 572 403 350 436 536 395 416 406 360 556 383 444 525 533 469 392 515 461 388 460 570 497 398 420 506 467 415 431 535 492
523 530 562 522 468 429 474 403 539 382 505 464 466 173 568 364 549 399 401 489 386 502 531 361 476 359 393 380 551 354 441 372 384 480 529 518 554 375 557 462 571 427 535 494 381 470 540 424 564 426 411 473 487 501 457 516 198 504 509 355 410 521 435 552 396 459 351 394 367 455 389 437 415 34 481 519 555 357 356 472 352 371 379 433 467 536 452 407 498 572 484 419 350 486 453 409 450 499 421 491 469
524 372 568 562 396 530 499 571 534 449 466 349 468 529 359 539 502 470 522 435 481 489 478 546 429 541 531 440 551 410 382 433 464 403 361 509 504 490 371 401 505 533 547 457 474 424 386 535 445 355 462 469 518 519 384 427 354 459 557 472 422 405 357 367 437 411 485 450 549 362 521 356 540 508 532 351 407 379 554 397 486 393 467 477 536 491 458 494 548 476 173 421 516 380 375 543 418 454 446 406 570
525 530 372 405 429 562 522 533 478 539 466 361 459 379 433 531 568 532 571 534 455 481 396 349 529 458 518 369 371 380 490 509 470 547 489 540 572 424 357 454 504 457 467 435 382 541 543 499 485 356 354 468 359 516 407 410 486 472 351 355 528 422 411 443 570 551 377 505 397 381 418 554 546 469 448 558 549 491 365 502 393 437 198 399 450 442 498 555 364 441 383 406 389 477 445 564 474 482 476 401 480
526 499 530 393 522 568 437 372 351 485 364 474 457 405 396 562 476 519 501 361 546 477 399 459 450 534 571 357 349 481 467 397 490 464 415 564 435 466 429 403 541 543 470 572 406 356 411 531 380 390 198 446 478 421 491 441 548 433 454 547 468 504 449 410 489 384 508 173 426 532 453 427 354 348 516 533 498 539 382 549 552 407 554 529 463 480 355 359 509 442 551 528 379 472 495 518 389 502 443 563 445
527 485 530 499 449 562 372 437 568 539 429 498 467 359 543 522 421 470 466 504 572 457 505 468 405 435 491 380 450 489 361 369 509 354 529 459 541 532 379 403 478 490 349 535 407 433 424 558 477 502 411 355 531 510 393 518 356 357 549 551 533 410 519 540 481 455 427 406 445 441 547 399 554 458 571 422 367 381 362 469 516 34 501 173 396 564 557 364 476 418 415 534 453 454 397 382 448 462 198 446 440
528 480 450 476 477 499 568 357 34 441 445 352 386 540 501 478 570 393 505 401 557 375 389 458 470 409 437 489 364 359 383 349 502 382 534 490 198 465 473 448 354 385 405 446 457 406 494 495 353 416 530 440 511 399 472 493 460 388 535 463 377 372 538 475 439 173 380 428 444 481 410 487 351 376 516 381 564 571 551 371 526 468 518 474 394 469 387 462 419 403 413 420 467 435 500 485 424 572 536 390 436
529 354 458 477 534 508 448 439 491 371 490 403 465 440 462 443 425 469 437 349 400 414 499 365 489 451 535 478 520 376 375 479 402 456 417 498 536 435 473 453 413 431 380 368 552 545 406 523 404 556 420 472 384 427 357 497 416 507 475 461 500 572 511 387 385 436 460 415 394 467 515 524 34 559 419 424 485 486 356 352 411 463 563 496 355 389 438 397 373 554 506 173 532 487 518 526 538 557 484 445 408
530 456 552 425 490 414 384 375 423 526 387 451 523 496 419 438 385 477 469 487 434 479 525 449 458 440 507 515 439 494 428 394 436 350 397 506 357 483 491 373 503 492 408 352 493 508 461 553 488 374 370 538 527 388 34 349 444 514 462 427 464 563 513 486 524 534 537 389 392 517 409 431 378 353 565 512 416 567 520 536 561 365 511 363 430 173 521 367 369 497 398 432 417 471 566 556 554 407 569 391 400
531 462 443 448 400 508 456 440 451 454 365 453 492 383 536 533 537 538 567 173 198 368 469 409 479 491 404 352 569 556 391 540 356 424 387 512 496 472 425 411 34 389 494 551 499 477 398 349 498 427 406 486 554 381 438 414 511 534 439 399 408 420 566 549 362 501 419 523 505 482 526 488 417 430 564 364 563 423 433 457 442 487 380 480 484 416 493 465 545 516 544 377 441 495 518 434 379 392 502 369 460
532 359 470 382 510 397 449 405 427 370 519 495 566 420 493 385 569 563 419 430 494 452 376 402 457 403 375 492 365 407 360 456 477 435 541 392 444 388 537 426 410 434 502 507 513 409 445 464 562 378 484 425 367 520 439 384 417 548 366 556 489 490 503 481 491 514 465 469 416 436 415 396 423 559 547 394 506 442 471 526 531 460 422 418 389 458 508 565 428 535 567 540 549 451 529 448 533 539 557 525 421
533 397 357 516 390 440 477 485 545 415 531 505 439 556 373 421 498 372 534 384 511 422 429 461 445 464 380 509 425 568 408 410 420 540 375 370 502 473 385 554 459 444 469 382 389 435 557 376 356 430 487 482 546 539 34 451 391 388 463 535 402 571 411 349 371 427 491 494 365 552 362 394 419 525 522 413 381 558 449 565 488 518 474 471 359 503 457 570 436 465 428 361 493 478 514 401 446 386 448 560 526
534 474 367 382 491 359 391 354 375 519 383 452 403 481 529 435 470 450 522 512 466 489 429 409 377 494 557 502 510 394 548 415 539 438 535 533 555 407 352 547 530 526 410 355 463 562 483 549 503 487 416 531 419 546 482 445 469 451 362 368 432 396 426 561 521 350 569 524 455 420 369 551 372 462 365 544 408 480 504 552 380 528 363 536 446 389 422 381 554 537 465 518 484 560 566 543 384 413 361 538 486
535 546 490 485 455 369 477 541 377 384 516 435 397 552 501 519 385 441 350 476 458 534 472 433 551 539 478 554 434 380 454 449 396 462 382 383 512 399 518 443 536 487 504 349 469 357 464 471 410 568 439 427 429 529 365 356 393 572 372 470 474 426 481 548 533 459 351 198 442 486 488 389 355 571 451 173 502 359 424 411 521 407 421 496 562 564 505 494 353 446 420 549 509 364 394 457 522 388 508 354 523
536 396 478 429 568 489 547 481 382 425 410 470 466 490 531 354 403 355 372 555 563 405 361 380 541 504 535 510 422 349 530 519 450 571 401 369 495 546 173 480 386 455 539 522 34 426 529 360 351 464 491 415 457 454 446 427 459 413 496 477 569 570 364 534 359 397 443 552 549 442 508 367 509 198 474 383 558 458 453 384 554 460 518 388 362 389 435 411 452 420 548 449 390 377 482 414 533 564 387 418 473
537 449 372 407 531 568 403 355 508 349 454 491 530 457 504 477 478 490 571 429 486 522 435 379 354 458 382 543 359 547 410 532 555 474 485 481 406 470 539 572 433 546 380 422 405 509 466 534 389 510 369 397 467 396 489 371 516 459 381 562 437 357 34 505 548 453 173 360 541 367 498 554 464 384 502 399 361 424 551 455 442 443 570 364 552 518 533 383 519 351 529 521 411 476 393 441 564 362 434 501 356
538 407 435 372 459 405 510 531 530 356 568 571 403 433 518 349 380 457 411 466 393 522 478 458 361 396 357 470 455 541 364 369 421 429 547 351 425 359 453 354 381 516 389 454 504 390 555 563 509 426 443 406 476 534 379 486 489 539 362 399 480 382 546 410 564 519 528 501 532 529 557 498 377 383 533 397 474 420 415 499 540 485 481 535 452 551 467 562 441 418 34 471 464 365 477 427 355 173 472 554 572
539 448 454 477 462 508 520 403 365 440 443 173 457 435 34 357 523 563 425 534 380 470 384 499 535 552 439 406 427 464 494 452 472 431 551 368 453 356 485 419 387 415 478 389 371 383 437 480 459 567 469 436 414 424 519 554 382 506 533 572 349 467 442 420 536 479 507 518 417 537 498 465 509 495 352 566 488 458 433 360 527 359 397 405 432 370 496 399 525 413 416 456 377 402 486 510 354 492 362 364 461
540 359 367 443 491 454 405 490 470 383 410 474 519 546 481 377 562 427 508 361 521 396 434 422 502 355 356 34 438 453 349 531 504 555 541 406 411 547 400 533 510 549 485 414 385 382 472 436 489 557 548 373 528 455 506 568 173 365 403 478 354 488 465 468 442 498 435 450 543 375 464 463 563 384 432 418 390 387 544 530 416 352 569 523 552 351 360 477 532 376 556 480 402 522 372 433 501 426 437 571 449
541 463 394 490 414 362 489 403 494 173 480 462 517 458 535 492 34 450 519 512 437 413 498 445 556 452 404 391 382 560 487 427 385 511 491 552 354 488 375 540 443 473 474 365 465 536 482 408 379 398 352 406 472 388 400 545 502 532 526 515 446 496 453 380 384 387 572 557 503 359 499 567 538 415 198 355 390 444 464 549 371 558 467 373 357 497 507 423 360 551 483 493 570 424 431 441 395 531 486 520 412
542 499 377 437 485 403 562 383 467 477 411 470 443 429 491 173 454 490 356 424 453 498 450 34 407 489 379 367 433 372 504 396 361 457 406 531 572 519 509 422 516 421 469 458 532 530 449 505 539 547 359 522 480 354 466 518 435 369 382 551 357 405 543 380 481 478 459 533 355 427 568 426 548 569 464 510 381 502 549 468 541 410 529 390 557 472 501 486 397 534 452 462 546 554 528 418 571 455 442 384 558
543 386 401 501 364 198 499 502 476 494 359 549 375 487 475 393 34 392 480 564 351 491 471 430 437 505 443 512 519 368 385 490 406 396 376 427 371 399 537 349 420 414 462 448 526 418 352 478 361 441 568 363 380 419 403 547 472 569 394 446 452 514 492 511 540 367 409 445 377 383 439 173 357 484 382 488 424 353 551 387 560 518 416 469 423 425 535 453 498 509 467 534 473 390 557 366 527 520 483 438 456
544 403 522 361 562 470 478 489 491 401 509 386 466 429 396 474 382 534 437 519 531 435 410 349 547 359 568 399 380 411 530 540 490 499 469 468 505 467 551 406 498 476 383 356 377 564 572 529 502 198 462 459 539 357 532 535 516 364 477 372 501 352 367 486 473 472 441 384 355 419 362 393 518 354 546 433 407 554 541 552 381 464 455 379 424 555 481 457 351 440 453 454 389 450 508 528 548 463 536 494 443
545 519 509 533 369 435 405 518 433 522 356 410 466 454 381 541 516 357 547 359 476 361 551 548 380 429 446 477 407 554 501 549 529 491 382 562 481 505 531 393 399 173 424 468 364 552 396 351 568 453 450 459 377 457 443 411 470 555 478 198 441 385 403 499 569 510 406 557 349 467 367 426 464 455 486 530 508 474 546 389 355 397 418 564 384 472 427 383 535 489 490 485 419 498 442 565 539 571 504 379 469
34 562 435 459 355 361 568 481 410 367 433 502 541 494 455 490 522 450 519 547 539 359 474 548 418 371 518 489 543 510 540 504 530 486 354 396 491 512 429 531 555 557 357 528 404 471 368 419 560 466 556 380 442 533 448 403 571 369 536 509 462 482 409 546 388 445 420 470 416 397 377 457 563 565 372 505 446 382 542 469 390 554 500 529 487 389 413 383 426 362 405 551 497 516 460 537 407 374 381 569 463
546 535 375 448 407 540 371 415 381 478 173 198 433 385 526 427 464 362 473 494 477 380 384 465 445 439 383 534 440 408 364 536 533 413 462 369 567 441 442 563 379 460 34 549 558 485 537 482 476 457 399 484 468 472 495 554 511 365 431 418 564 424 393 389 552 377 508 420 509 349 409 505 374 538 486 394 353 560 467 551 516 406 404 352 524 469 459 351 539 518 502 368 434 480 426 419 532 487 400 496 490
547 427 451 384 464 486 552 508 425 173 375 369 536 469 551 34 440 381 554 389 349 439 357 534 434 485 516 379 518 350 563 540 477 462 380 424 352 512 537 479 356 505 545 399 407 478 496 433 502 558 495 543 456 459 419 421 526 453 417 371 511 492 538 430 420 471 383 444 404 569 445 509 390 544 457 494 480 415 362 532 406 513 377 408 353 493 556 498 365 565 387 549 567 413 394 397 411 364 373 431 535
548 389 478 459 486 480 464 551 469 427 357 457 518 34 173 534 434 554 349 424 451 380 508 381 509 384 449 505 369 516 485 437 472 426 549 569 540 572 350 406 415 545 467 535 425 397 421 414 526 433 563 440 511 375 532 430 512 462 352 552 399 413 455 351 561 570 445 448 499 198 453 385 435 536 494 556 362 368 419 537 479 407 477 379 498 416 559 560 436 465 529 473 558 493 405 488 564 394 543 408 383
549 459 359 450 486 478 543 490 508 361 397 489 435 382 367 408 570 377 376 449 409 458 448 422 406 445 403 357 496 523 540 534 388 366 349 371 562 548 440 410 469 568 531 557 390 474 502 356 383 385 463 471 419 360 545 498 516 389 355 541 546 556 482 413 470 497 535 536 491 426 411 503 509 555 369 439 479 417 505 421 553 522 380 512 495 565 396 510 521 424 526 571 362 465 372 532 373 460 404 547 572
551 405 413 495 448 388 418 482 383 396 366 548 361 463 489 371 547 492 558 362 354 410 474 359 535 377 490 391 568 570 480 446 444 353 400 414 531 557 373 539 445 484 520 390 562 473 491 519 487 367 426 545 365 428 523 402 394 415 553 496 417 534 387 363 450 508 425 511 465 436 556 560 541 408 488 530 470 543 422 412 372 494 502 481 506 434 438 512 382 544 521 504 569 34 460 565 552 567 395 566 420
552 448 530 568 502 562 459 372 570 468 371 359 349 571 466 547 460 501 482 361 418 362 476 522 558 535 470 367 393 489 365 364 410 505 454 379 435 441 429 539 519 380 541 445 495 490 493 481 557 399 478 518 405 355 357 512 499 403 457 442 491 382 375 385 351 472 458 485 477 498 450 422 469 434 516 366 533 198 508 529 555 474 443 381 436 564 368 452 408 569 534 451 511 487 556 415 377 488 421 463 424
553 454 485 377 530 401 522 459 380 386 364 551 356 383 382 411 405 468 505 361 406 549 173 474 464 509 516 450 429 384 491 562 349 427 498 457 424 34 443 552 462 472 532 518 437 541 481 478 359 477 426 554 572 535 453 571 415 354 467 564 568 463 487 441 466 501 494 351 381 486 531 508 539 403 389 521 548 371 399 393 348 435 445 357 396 519 502 529 385 499 369 442 407 440 410 476 362 557 433 536 533
554 383 361 359 562 377 405 491 418 519 450 463 396 489 480 371 547 521 470 410 474 366 412 448 548 391 445 535 504 557 560 403 400 387 496 390 362 406 531 490 367 446 511 533 426 494 481 487 428 438 434 363 373 539 488 437 388 365 512 472 452 545 555 408 462 502 409 558 422 530 436 523 568 482 546 473 556 534 413 510 508 484 465 34 404 395 498 354 443 375 372 536 425 492 415 529 382 414 466 444 376
555 485 362 464 384 173 536 427 534 556 540 425 375 34 462 480 439 516 494 421 390 498 508 434 371 537 440 502 420 472 379 495 554 369 552 349 487 486 511 479 478 558 411 567 465 493 549 569 352 383 565 538 381 408 467 445 404 357 456 545 389 431 377 437 499 492 484 509 356 407 572 398 419 539 490 535 385 198 387 512 350 477 457 560 424 399 532 373 433 363 453 417 443 400 533 413 505 430 523 564 449
556 407 433 477 382 369 571 466 481 405 403 372 424 568 541 533 458 467 485 555 531 505 509 173 429 389 383 572 464 354 396 406 381 380 34 359 502 437 562 474 349 379 469 453 489 486 490 499 377 518 427 522 530 519 457 549 361 529 357 532 552 397 384 551 554 367 410 478 443 448 449 547 540 442 476 548 480 450 452 459 440 441 534 401 386 393 472 422 557 516 570 435 462 546 565 350 504 510 455 470 399
557 427 425 440 534 486 173 356 558 502 554 462 390 551 552 508 464 411 34 371 407 569 369 362 457 540 533 549 365 477 436 349 478 448 434 541 518 379 528 433 516 563 512 198 381 387 384 456 523 377 453 357 413 350 490 445 460 351 399 571 505 480 449 383 509 498 424 543 572 373 564 414 532 389 482 364 529 538 495 442 501 472 398 485 545 499 556 459 492 535 426 415 380 469 454 444 439 443 521 406 560
558 435 478 518 406 357 433 459 389 562 552 359 551 384 470 505 380 557 450 403 486 462 381 508 499 420 516 405 424 477 487 437 474 382 407 490 571 369 354 510 509 464 419 454 519 547 409 554 452 572 440 426 361 546 568 541 533 349 515 555 481 502 356 512 501 408 536 449 485 432 352 467 458 521 469 446 489 532 457 418 388 397 476 463 351 410 472 430 365 569 475 375 376 494 548 471 385 364 503 350 367
559 429 491 349 454 568 372 466 522 481 562 359 571 449 407 410 490 455 440 437 477 498 572 411 530 485 468 532 489 529 467 443 433 396 382 403 369 519 457 516 534 548 474 422 478 426 531 541 356 453 355 367 508 546 405 470 499 379 551 533 501 34 543 539 509 361 397 418 521 547 399 357 459 504 450 446 528 354 441 406 173 502 555 401 381 518 549 421 364 464 558 505 427 424 557 476 377 393 351 380 386
560 477 454 563 449 509 443 397 485 491 464 457 380 541 383 349 516 459 381 405 508 554 435 453 377 478 426 369 173 384 410 34 382 427 396 407 480 433 357 359 490 470 571 439 552 442 551 518 389 486 424 543 562 534 533 467 403 504 399 422 458 367 546 474 501 468 568 547 498 411 519 555 354 393 548 360 510 364 505 434 530 356 372 429 564 469 557 432 441 421 521 481 476 355 570 472 387 531 558 406 572
561 568 405 450 349 530 372 485 534 498 468 499 491 453 470 411 356 429 410 519 478 474 403 443 571 454 502 371 548 437 531 361 562 382 508 396 354 379 467 532 359 393 489 466 522 509 348 377 380 441 490 364 546 549 472 435 533 407 481 433 427 477 504 198 434 535 476 367 459 505 446 34 572 351 399 480 557 518 425 501 510 424 462 551 541 543 406 564 555 383 457 440 401 449 563 529 516 558 357 386 547
562 425 427 414 34 384 173 552 570 477 362 413 385 464 375 493 554 469 439 523 492 350 389 460 465 461 451 423 540 388 511 368 442 417 558 495 373 520 430 379 424 352 443 369 496 526 415 387 486 436 516 428 453 448 371 397 563 542 380 524 480 565 419 479 544 482 458 402 534 434 381 506 416 485 527 551 567 559 398 357 509 549 556 471 392 483 378 473 363 438 431 421 408 525 366 532 566 503 457 507 545
563 489 560 437 519 440 466 446 539 406 482 474 562 408 502 382 572 530 409 536 481 388 379 396 490 532 393 463 445 547 522 410 375 411 480 354 462 499 359 403 501 351 198 494 362 531 568 546 467 557 441 443 429 548 491 371 34 540 383 444 487 399 476 377 390 498 453 538 385 479 470 368 529 372 473 422 515 364 549 356 454 398 361 404 367 353 495 363 449 450 517 452 511 564 173 565 488 468 366 512 526
564 448 489 422 397 449 543 366 375 526 493 531 408 474 511 440 409 490 450 552 507 535 382 403 521 388 512 387 570 546 452 355 354 420 376 430 566 478 523 359 496 415 475 421 492 460 445 473 510 436 519 568 418 367 353 557 482 539 462 394 538 456 544 536 377 495 350 385 455 547 528 444 404 362 463 352 506 383 494 360 416 563 413 384 439 373 419 548 396 465 560 469 555 569 540 410 426 553 545 374 491
565 349 468 384 435 568 401 562 443 464 386 530 427 403 433 405 372 359 490 489 442 424 361 571 474 505 173 380 511 453 34 533 429 502 426 521 389 365 396 407 555 450 495 411 549 509 531 532 518 410 437 547 534 444 470 418 477 516 572 499 551 552 508 454 449 554 371 498 441 467 440 543 541 377 501 198 399 563 352 360 556 504 570 393 368 519 491 485 446 462 415 375 364 459 481 476 564 369 535 548 448
566 522 437 532 454 349 468 411 531 372 449 498 396 356 501 406 481 354 562 572 539 530 429 568 499 351 466 459 552 390 384 467 464 361 364 476 399 379 441 564 534 407 357 198 383 505 543 355 516 369 551 393 377 509 403 490 34 397 518 371 549 453 173 571 455 381 485 380 365 422 463 535 486 457 533 410 504 478 433 470 424 443 389 510 382 529 477 547 440 405 541 359 446 450 554 489 435 462 415 426 557
567 568 531 429 522 571 372 530 562 449 539 354 355 541 546 437 505 509 466 502 516 470 555 435 498 504 463 491 481 380 485 361 489 349 382 532 359 547 410 357 424 551 453 478 457 554 405 477 459 403 474 519 549 469 34 454 446 411 499 486 467 450 490 540 572 406 379 440 422 518 529 548 534 369 468 397 543 443 389 381 557 396 458 401 535 455 464 390 418 386 510 501 452 362 356 445 384 476 393 427 521
568 552 414 34 486 384 438 494 173 365 511 462 469 512 513 492 526 496 419 536 385 480 472 407 394 375 427 352 408 409 350 387 567 561 479 451 356 524 368 434 415 458 357 556 520 436 537 398 389 538 565 464 380 551 416 445 559 509 404 423 523 533 369 495 453 400 456 379 425 528 374 521 402 433 444 431 459 535 381 483 412 569 392 370 517 388 507 549 498 540 391 572 426 482 543 518 428 488 563 406 527
569 450 403 474 502 379 449 355 354 411 372 384 385 396 407 359 361 462 468 531 382 410 532 481 470 390 499 498 491 568 458 557 436 548 509 453 349 406 467 371 489 534 445 490 543 463 572 519 472 530 552 547 429 536 446 457 421 405 478 425 365 555 440 464 487 380 437 444 386 381 540 401 375 482 367 399 376 510 516 460 443 551 388 389 545 521 424 454 377 383 34 362 473 508 558 511 435 356 387 522 496
570 562 552 433 384 462 407 502 491 549 440 435 551 375 464 356 518 490 494 357 468 528 352 369 459 487 411 426 351 403 476 516 441 394 499 481 536 367 522 198 533 564 509 541 364 505 571 361 478 521 474 504 470 424 486 380 359 377 355 469 446 548 381 401 437 405 547 419 457 393 350 512 383 386 443 540 427 399 436 556 501 454 389 453 430 537 554 409 466 434 565 539 480 471 173 420 484 455 515 404 569
571 484 354 552 512 425 385 384 556 415 352 489 443 382 477 173 362 375 427 390 430 414 520 538 408 567 492 485 526 496 434 464 366 463 395 537 413 536 355 558 483 559 410 494 474 453 442 398 405 428 34 519 533 524 368 403 465 458 490 510 535 356 565 478 396 473 560 436 431 439 493 411 506 475 491 445 372 359 568 394 404 523 462 570 422 479 557 376 561 472 450 497 361 392 549 421 511 471 502 456 554
572 495 365 510 360 427 388 435 502 366 563 370 430 382 359 445 444 492 556 402 442 456 375 535 548 422 484 367 457 526 522 539 397 568 541 449 465 369 448 470 396 473 537 407 566 385 493 569 521 426 558 423 490 421 503 436 475 506 508 362 376 440 488 410 477 491 415 420 349 392 559 460 529 412 507 455 394 425 452 469 419 352 531 405 511 438 372 481 414 378 434 557 400 384 417 549 542 464 461 565 555
173 562 361 367 568 450 359 474 448 459 410 541 481 547 539 396 491 355 519 522 546 435 571 490 548 511 502 557 555 463 531 371 377 376 418 512 449 523 354 489 388 366 429 556 420 445 560 446 383 408 504 482 362 372 403 404 510 530 536 494 368 458 540 406 487 470 535 542 565 462 517 478 405 387 486 545 382 466 451 409 475 543 488 493 440 390 526 471 521 357 360 553 460 497 432 508 416 426 529 472 436
198 449 397 448 543 546 450 354 531 489 422 375 355 420 482 440 435 474 563 419 535 403 526 421 387 541 382 552 436 557 510 521 376 388 528 415 455 570 426 445 459 511 408 409 496 536 359 350 469 512 439 410 507 539 377 566 366 545 523 548 568 493 456 486 367 478 481 384 497 470 555 360 487 544 442 460 463 394 494 547 490 452 540 458 491 473 416 506 477 565 465 417 413 444 479 457 471 383 519 404 407
348 489 384 422 512 448 383 449 520 552 354 427 526 359 378 503 350 362 547 561 506 410 464 556 494 553 469 376 463 430 568 426 508 432 398 542 554 386 401 443 572 198 364 564 348
349 474 391 420 512 382 354 494 462 394 519 510 463 552 383 367 377 352 403 559 489 565 547 484 472 548 560 482 530 480 355 491 450 537 540 365 521 350 566 384 470 387 452 526 359 538 529 471 487 375 531 535 415 481 536 561 543 504 549 416 409 419 388 361 465 414 569 557 556 455 539 407 396 435 483 533 353 404 422 421 555 528 432 562 406 558 438 507 572 544 524 385 366 429 412 502 448 500 362 513 445
350 499 562 502 359 410 501 530 568 468 448 367 379 476 535 361 349 364 478 462 470 463 547 489 406 405 498 459 411 467 480 548 435 437 372 519 454 505 380 362 403 393 522 450 491 441 534 460 507 439 351 481 495 446 443 466 399 382 518 453 385 557 490 390 396 198 422 418 401 477 386 420 445 474 356 494 377 570 371 452 555 572 564 571 365 512 482 511 532 415 485 496 388 424 429 465 436 442 558 457 348
351 448 397 526 375 449 489 469 543 354 490 456 422 366 387 474 491 439 493 403 418 563 367 552 460 535 419 536 440 494 462 570 383 350 450 566 538 382 388 477 384 482 545 409 512 510 377 407 458 359 507 465 557 408 540 471 362 430 473 548 352 424 355 416 511 463 373 452 421 558 485 415 528 436 472 484 546 385 376 547 523 368 425 519 404 413 502 539 496 402 391 516 442 492 531 410 353 360 533 486 537
352 489 403 466 504 450 568 361 571 349 422 405 530 470 426 562 390 458 372 534 531 429 382 359 457 396 499 541 411 547 410 528 455 425 452 510 519 522 356 516 570 543 508 486 481 467 482 435 539 407 490 389 459 449 421 393 555 427 454 380 354 540 502 397 548 471 572 529 360 558 379 406 464 351 478 469 480 420 365 518 383 381 433 535 505 367 546 384 377 498 385 532 355 364 418 564 424 173 544 432 552
353 403 477 551 449 372 437 530 407 429 435 519 485 499 454 491 464 452 433 486 349 470 466 568 457 535 489 384 410 389 481 562 543 510 509 354 380 528 367 381 459 474 365 468 547 422 424 377 383 399 405 396 369 522 361 441 564 359 516 476 546 531 393 571 563 415 504 355 411 467 406 533 501 518 541 357 173 427 382 554 502 364 505 453 455 534 351 498 572 549 552 356 532 397 557 570 443 371 529 426 450
354 502 571 534 529 349 440 383 369 504 508 377 442 381 432 456 521 569 495 448 443 551 536 468 379 509 522 466 198 471 455 425 362 399 34 541 351 173 427 430 364 398 365 556 412 453 537 476 446 480 563 488 516 558 421 438 478 494 408 371 567 454 540 566 523 356 511 411 394 490 505 414 501 472 433 424 464 451 538 417 518 528 462 564 539 486 348 477 459 393 352 535 360 390 353 372 498 526 479 392 457
355 34 511 414 427 440 569 480 464 173 379 384 536 540 407 349 537 430 387 383 426 451 534 425 552 478 444 408 198 375 495 571 406 502 417 365 420 472 431 381 364 567 501 508 385 535 541 442 377 549 509 453 389 512 369 471 494 439 415 564 445 433 434 469 424 477 368 428 456 459 449 570 476 462 393 529 465 394 423 505 493 351 404 411 486 492 513 520 516 523 526 436 566 400 399 551 371 356 362 479 421
356 383 387 396 449 495 568 422 362 557 538 428 540 368 367 502 410 415 531 418 481 413 427 489 416 444 570 405 545 433 539 448 430 359 375 403 414 535 439 547 436 533 382 352 394 384 487 458 504 526 421 549 494 510 566 363 366 354 412 507 553 464 432 571 372 455 511 542 500 514 479 561 490 361 469 370 493 429 397 483 377 450 521 558 465 529 378 417 442 374 452 512 426 474 461 519 563 552 544 541 555
357 474 383 396 484 405 489 366 502 377 558 533 391 359 362 495 410 412 422 530 548 361 539 491 568 418 414 427 547 480 494 511 519 526 384 549 448 367 535 528 34 388 552 463 512 372 472 387 562 545 570 390 538 360 363 445 465 460 400 504 403 428 560 482 496 466 521 446 385 556 415 402 541 406 395 529 481 543 382 557 371 408 464 455 173 413 531 555 450 490 473 566 487 429 452 470 368 443 431 537 503
359 379 425 532 384 540 421 534 464 486 427 469 554 552 448 480 173 389 380 424 350 549 493 505 509 495 451 511 375 357 516 543 369 477 558 433 381 419 371 457 34 442 485 472 453 385 569 518 551 408 362 471 467 413 365 572 439 352 349 368 406 430 417 437 443 411 356 494 426 537 434 556 478 461 374 521 563 559 415 498 545 459 523 465 492 541 565 431 560 535 407 528 383 414 420 499 392 539 445 462 538
360 379 572 462 481 499 478 468 440 437 532 467 505 485 502 453 357 427 498 464 429 536 522 480 549 406 539 568 375 466 541 476 443 354 562 173 394 530 441 352 509 518 540 512 477 411 367 424 401 384 386 537 389 198 380 457 405 433 560 430 564 531 393 551 565 361 494 552 472 381 516 554 569 529 399 351 535 377 390 356 409 501 382 371 364 426 419 458 446 407 368 486 383 404 571 349 416 420 459 372 557
361 427 375 173 34 493 439 384 554 464 486 425 477 446 421 552 456 389 352 451 551 549 540 440 516 503 485 357 391 381 457 443 469 495 480 380 496 569 408 511 362 526 442 521 424 453 350 407 536 398 449 433 417 369 465 544 419 373 492 461 479 490 505 445 509 423 430 434 370 538 378 349 494 518 385 414 472 394 438 545 523 416 420 365 543 482 409 512 448 473 374 455 502 383 565 397 558 556 387 379 436
362 562 516 397 384 481 541 477 499 518 424 552 464 407 357 459 555 435 405 469 551 505 571 356 369 365 462 450 354 361 377 449 359 382 403 440 485 437 381 546 433 470 389 501 519 554 410 458 173 509 486 380 557 531 534 350 454 457 563 480 472 478 430 533 411 426 385 396 572 508 510 504 419 406 476 427 441 455 451 539 547 468 349 471 429 422 446 568 399 443 467 351 474 34 549 494 538 536 383 364 522
363 499 477 469 459 405 509 407 411 530 554 381 562 357 424 518 356 543 435 457 433 551 380 485 534 361 516 568 505 458 498 470 369 379 349 467 397 563 572 365 490 555 533 389 532 399 476 410 539 393 531 437 466 547 486 426 396 491 541 441 406 427 464 449 362 540 403 571 535 382 442 372 383 415 489 549 364 355 564 478 472 443 421 429 377 474 528 454 354 425 440 510 453 468 448 390 401 198 529 386 173
364 543 489 526 375 448 449 552 397 430 366 350 354 422 490 523 440 450 384 546 418 512 408 496 355 553 531 409 376 510 367 538 528 491 382 436 388 511 536 493 463 465 404 535 439 545 469 425 570 458 566 506 539 507 474 456 497 359 478 462 563 419 460 482 502 547 426 362 557 568 403 373 475 473 407 484 352 544 434 540 396 521 391 445 374 519 387 560 455 410 558 503 416 370 537 477 479 353 494 483 471
365 401 386 467 568 572 485 405 539 384 505 403 429 531 377 437 413 552 482 397 522 362 489 474 383 504 349 359 509 367 379 478 382 541 502 424 354 458 490 372 463 530 532 433 410 529 491 535 471 469 508 448 481 449 557 396 355 554 361 540 551 371 460 533 450 418 430 496 534 464 406 434 486 368 443 494 546 516 519 569 565 466 477 499 390 432 353 547 427 378 521 475 455 352 446 375 457 452 558 472 350
366 499 459 437 518 505 464 357 380 509 486 551 477 389 457 433 554 476 572 564 381 427 364 441 467 468 397 369 173 399 407 571 466 384 393 351 549 449 516 498 424 501 562 356 435 485 552 568 508 532 411 349 453 469 519 530 198 455 406 533 543 354 454 522 462 541 531 429 470 535 405 403 481 510 504 421 365 534 480 563 379 350 529 569 361 413 372 528 546 450 474 502 443 425 396 415 439 34 494 390 440
367 534 540 173 464 34 478 427 389 459 485 508 349 477 384 552 377 350 549 420 486 469 383 424 356 448 381 407 365 380 357 425 406 505 554 399 397 551 371 572 451 351 368 530 511 516 387 445 375 364 457 532 480 520 518 543 419 570 454 413 442 444 408 536 556 479 411 437 353 499 443 541 467 569 369 542 513 496 535 453 360 564 521 405 421 418 409 415 560 198 426 472 563 352 537 379 484 362 533 441 434
368 562 372 568 407 531 356 466 485 359 543 522 539 405 397 34 464 396 421 481 478 489 534 367 411 173 499 384 518 490 571 477 529 429 552 455 474 365 435 449 450 509 427 390 516 446 355 422 457 470 530 563 377 380 498 403 357 519 548 361 476 349 410 463 425 546 505 469 491 351 393 383 433 480 381 437 399 565 554 541 508 415 459 558 424 547 532 420 442 354 406 569 369 382 528 549 401 360 379 504 364
369 463 489 383 445 410 519 403 535 354 473 448 556 474 547 470 359 377 405 511 480 545 413 562 396 452 362 481 388 436 385 444 462 437 408 375 366 512 415 361 450 487 568 495 382 560 400 548 499 404 557 406 493 446 558 418 536 428 414 530 570 371 546 34 572 555 534 402 538 373 440 425 422 515 391 384 508 531 394 372 449 467 355 465 537 488 503 549 423 392 471 498 390 387 494 453 367 443 552 539 521
370 372 467 530 532 453 572 411 379 443 437 498 533 468 568 361 562 450 407 539 499 356 474 466 429 396 454 504 405 472 502 522 529 462 399 364 433 410 382 509 406 481 571 491 367 403 531 521 359 490 446 441 501 421 519 449 564 548 355 494 351 510 535 455 543 349 558 401 570 534 362 489 480 198 528 512 547 390 386 371 427 464 380 457 369 505 476 549 381 557 442 393 426 536 173 478 487 424 551 470 365
371 384 464 397 449 552 477 485 457 546 389 458 516 435 551 554 359 529 34 469 481 562 173 459 509 470 382 405 455 480 381 422 427 396 440 543 437 557 539 450 419 549 519 424 367 421 420 486 555 354 472 489 403 365 369 569 505 451 518 533 407 499 512 426 414 547 471 541 466 563 474 388 446 568 429 433 434 439 357 478 380 537 510 430 484 452 561 462 418 456 361 496 490 383 438 406 385 350 355 571 504
372 462 479 494 491 419 552 433 508 484 458 370 394 490 392 526 537 538 503 368 409 456 524 451 427 408 512 556 431 569 384 375 496 434 492 536 400 438 525 533 511 414 374 406 440 352 515 420 471 459 507 486 461 473 487 387 430 469 513 517 398 472 378 521 353 488 559 407 423 567 357 365 385 561 173 506 416 478 499 527 391 535 350 566 439 464 389 436 565 426 448 413 404 523 417 518 534 445 497 356 482
373 530 562 405 533 433 361 481 551 509 389 505 522 540 403 554 429 382 381 474 369 469 541 435 516 568 485 450 518 424 466 531 407 510 410 384 489 476 441 529 501 549 477 557 470 547 457 418 351 396 459 571 380 364 354 449 555 519 383 393 508 564 458 486 401 386 399 536 464 552 422 198 440 467 499 377 375 397 372 359 416 357 442 535 448 472 569 539 572 173 463 430 468 521 432 419 478 426 504 350 512
374 502 530 372 474 518 568 491 359 424 490 405 509 382 472 361 562 505 427 411 519 477 399 485 380 468 498 356 516 406 546 381 457 34 534 476 549 531 410 393 379 459 450 464 377 407 435 449 441 364 522 383 173 547 554 470 369 443 551 453 564 499 539 198 462 481 349 437 466 396 548 454 529 397 533 532 351 501 458 429 543 442 433 401 478 571 367 403 365 446 386 384 440 508 467 357 389 469 557 354 371
375 405 361 530 534 562 546 351 547 568 364 359 470 543 429 571 372 481 410 519 421 403 466 426 407 489 454 490 396 198 541 564 369 570 510 349 518 555 457 390 459 499 532 563 533 356 355 522 572 380 498 433 504 552 411 478 382 529 501 450 427 367 528 474 401 505 424 491 441 399 480 463 471 548 467 386 453 360 540 443 523 531 509 516 508 377 435 476 406 397 437 415 393 455 422 569 496 554 413 495 418
376 549 173 379 421 399 532 543 533 529 468 498 433 499 364 464 427 485 572 467 505 443 411 198 455 441 437 564 453 571 476 518 569 372 541 540 454 449 554 448 459 466 369 480 516 509 528 351 34 381 380 501 558 534 486 551 462 356 377 429 349 424 435 457 393 472 530 440 357 469 510 384 504 522 535 508 407 383 348 406 565 552 494 365 537 477 560 389 371 536 495 493 521 350 478 425 401 404 362 375 539
377 389 414 402 469 554 434 419 357 458 445 354 540 477 535 427 489 349 505 369 486 365 367 464 534 381 418 553 509 542 516 440 457 421 481 476 478 459 549 380 397 173 551 362 394 512 497 384 520 560 508 416 422 463 473 518 493 409 424 425 450 502 407 475 442 556 494 446 355 480 404 399 34 531 511 500 391 378 543 455 552 474 479 557 563 462 375 456 539 388 413 351 546 452 441 356 492 482 468 547 495
378 449 485 437 372 411 530 499 403 454 382 361 470 562 466 532 429 435 510 377 568 407 379 397 467 519 450 531 356 504 396 365 572 359 498 380 406 462 348 459 383 464 571 547 534 540 529 549 433 543 399 477 421 468 522 509 557 173 472 443 505 448 528 552 357 490 354 355 364 453 384 441 405 393 424 34 489 541 555 481 427 457 533 463 551 486 516 410 570 476 198 351 478 518 401 415 539 458 564 508 349
379 359 495 360 569 519 470 445 405 452 510 426 508 355 350 562 354 489 384 403 396 427 552 420 456 382 376 449 370 494 410 563 365 418 547 568 541 413 537 422 450 423 506 477 556 557 513 461 555 421 458 415 397 451 439 388 546 520 444 416 493 464 409 491 473 425 474 361 531 434 428 392 484 378 408 507 566 542 500 525 352 521 538 435 430 349 363 481 475 490 374 367 483 561 548 543 471 504 503 448 512
380 383 390 359 366 412 413 428 512 405 489 440 414 558 539 502 361 408 560 387 484 426 377 494 562 400 491 568 552 396 535 533 410 480 548 367 536 422 538 546 472 510 434 511 409 547 456 556 462 362 487 395 445 446 375 449 391 506 553 482 425 508 463 34 350 541 490 418 388 526 523 545 448 481 398 543 471 465 384 529 531 493 436 363 537 565 534 495 417 444 521 372 382 544 427 470 569 352 492 567 371
381 396 519 489 463 383 405 354 496 359 546 377 547 361 388 418 450 445 480 508 474 560 403 366 491 558 470 367 548 410 362 521 371 562 448 512 531 568 413 556 545 390 363 473 495 446 387 425 355 452 426 395 511 382 484 490 494 428 444 406 422 373 391 552 557 533 520 492 487 437 434 534 538 465 462 400 436 555 523 394 504 569 353 535 507 541 481 537 570 408 404 374 427 415 402 506 352 34 409 472 510
382 534 349 425 532 433 434 556 440 390 498 462 511 456 536 571 494 549 427 523 436 484 541 563 508 379 490 512 362 495 420 569 478 387 518 371 479 535 572 407 352 365 453 384 369 464 496 423 391 449 558 502 537 560 540 443 533 378 408 552 483 356 486 375 415 539 467 414 373 491 465 493 404 514 381 374 480 442 389 198 421 439 455 411 413 428 545 364 516 544 492 416 431 553 528 351 173 451 564 350 406
383 554 357 505 356 389 516 478 486 534 369 540 469 380 459 477 354 349 414 445 434 457 381 468 509 397 481 402 489 551 450 440 421 419 531 518 394 418 424 474 560 367 365 458 409 355 476 427 535 542 508 446 464 463 556 497 425 173 539 455 546 416 388 435 384 475 549 502 520 429 399 442 553 500 452 351 480 361 522 411 493 519 482 528 359 348 547 485 512 494 543 473 563 372 479 552 568 555 413 390 466
384 448 562 371 530 359 361 568 482 459 362 547 519 502 570 468 365 490 489 571 454 535 460 367 466 558 555 491 355 569 372 379 565 470 478 539 463 410 445 533 507 522 418 349 512 413 377 357 501 548 382 405 488 366 546 348 458 435 429 498 560 450 406 408 472 403 364 518 481 356 385 541 440 383 393 476 368 441 452 443 493 380 411 523 499 532 496 462 473 521 505 529 369 474 387 557 556 495 353 487 526
385 562 530 568 571 433 396 535 569 359 407 541 546 369 532 435 543 464 372 540 533 405 518 458 490 552 361 481 384 410 440 437 504 429 499 401 427 442 509 355 386 549 572 508 457 467 491 362 357 486 404 469 462 421 510 445 459 349 418 528 350 529 539 563 522 403 455 472 422 545 466 505 397 548 494 406 441 371 512 555 352 564 399 382 389 351 551 424 415 477 554 446 379 448 558 381 430 425 534 470 516
386 365 543 426 507 510 449 565 488 528 523 544 553 536 455 385 451 448 423 422 375 440 512 521 407 533 569 433 480 472 350 360 408 461 444 458 490 425 570 556 452 356 402 494 495 571 462 373 387 397 436 406 390 504 513 434 552 420 442 412 546 431 430 558 388 524 540 394 482 409 470 483 432 395 362 511 541 368 439 374 418 367 371 567 34 438 522 478 493 492 354 526 534 370 471 502 463 369 456 497 363
387 468 530 356 457 568 410 505 522 435 562 509 380 466 429 476 355 519 518 531 382 372 485 470 393 458 349 474 554 405 450 433 539 418 469 516 351 427 357 459 481 486 441 504 381 541 489 367 477 198 403 480 551 407 557 173 449 361 384 399 411 452 455 397 502 564 529 543 540 369 501 424 521 389 508 396 547 534 464 359 354 555 536 549 535 440 499 569 478 364 510 528 371 401 571 404 490 409 386 494 446
388 467 551 562 389 572 505 454 459 381 406 530 369 499 464 563 433 427 509 173 437 516 477 501 357 443 549 541 486 568 383 453 349 485 532 393 468 554 405 425 380 533 457 429 426 379 518 435 34 476 455 424 364 522 198 351 564 371 498 377 535 372 407 466 441 528 399 536 508 569 462 502 469 411 571 356 558 384 480 359 458 512 361 529 448 478 350 552 382 546 401 355 534 547 403 375 531 386 540 362 470
389 377 491 519 548 383 396 489 490 474 367 359 562 463 371 405 361 558 388 366 446 448 414 410 462 547 412 568 487 426 504 443 530 531 413 445 362 556 521 502 512 470 481 539 373 492 494 482 533 406 484 473 418 437 372 455 394 403 528 382 535 390 549 428 498 480 352 496 400 415 355 534 353 552 538 537 565 429 560 438 546 452 408 511 450 532 34 387 555 472 444 460 453 529 466 569 391 495 536 557 456
390 448 519 380 469 433 382 435 533 440 407 508 403 472 486 352 571 470 459 457 397 557 569 554 418 551 375 432 477 489 555 381 495 518 549 357 416 405 526 509 474 505 462 452 485 478 389 541 419 494 430 547 424 359 520 562 566 449 552 538 563 368 540 173 350 369 510 383 516 354 365 426 34 543 404 535 464 384 361 451 399 504 536 420 493 511 409 427 454 444 398 479 458 500 394 463 415 422 530 445 406
391 349 534 478 468 449 357 361 435 505 541 554 433 551 531 486 459 477 382 508 509 485 403 457 372 380 568 533 429 424 469 381 440 518 369 377 530 510 470 463 437 552 562 384 499 464 543 389 410 522 454 393 406 441 397 529 516 355 399 364 396 383 405 532 466 354 571 351 476 426 453 546 481 371 443 173 557 413 350 407 570 501 448 564 521 421 572 198 455 547 467 558 415 555 452 352 379 422 535 494 504
392 372 485 407 449 543 530 467 568 437 532 562 477 429 499 474 522 359 405 531 572 379 433 518 466 435 369 541 539 410 397 406 354 504 571 403 380 443 454 490 396 424 498 491 529 455 453 481 533 361 470 509 459 489 457 349 411 549 382 421 546 426 355 516 555 528 570 486 422 357 362 519 510 482 547 548 563 371 552 383 458 377 390 551 399 534 468 450 34 393 356 384 381 360 557 476 418 505 554 478 558
393 526 448 552 543 449 409 387 397 563 366 510 422 538 506 436 535 521 512 388 528 523 496 350 384 511 440 425 456 478 419 408 545 494 489 473 450 352 421 413 546 354 520 493 375 439 394 460 355 404 507 539 377 541 445 391 430 570 374 353 566 383 475 504 469 536 482 560 556 463 362 432 368 452 484 497 531 462 373 438 360 561 415 416 359 455 418 565 426 367 495 363 544 376 402 465 385 491 474 444 481
394 541 349 372 499 530 568 504 449 534 383 433 522 377 406 466 477 516 410 429 459 457 467 411 455 407 435 356 485 361 454 389 551 437 354 543 533 470 396 570 519 403 369 424 510 535 491 571 450 562 501 572 399 509 532 486 529 381 384 422 360 472 393 489 355 382 498 539 481 359 547 397 564 546 554 464 521 357 552 198 531 458 380 453 523 502 441 440 379 478 508 528 518 371 390 418 405 548 558 443 364
395 433 459 485 509 435 571 407 505 380 424 486 403 381 522 518 516 469 357 562 481 449 474 568 491 541 457 429 554 499 468 478 533 477 372 354 361 551 470 466 397 411 490 356 359 349 453 396 535 369 504 379 450 528 530 529 389 557 454 401 410 405 443 531 548 382 502 508 498 437 386 355 455 549 377 467 442 539 482 418 519 563 384 487 546 464 489 367 547 472 572 462 399 173 532 375 393 383 446 441 440
396 451 419 357 381 536 469 389 413 516 486 502 457 492 554 518 480 505 356 551 173 459 424 526 385 453 471 498 540 494 509 369 569 404 462 379 427 485 408 477 445 420 524 34 499 375 380 436 535 512 508 563 398 511 352 414 406 488 543 442 430 371 556 473 368 495 456 464 560 449 448 439 538 365 415 431 479 484 534 496 566 467 411 349 409 544 572 440 394 571 407 362 493 434 402 443 545 517 565 532 350
397 371 512 362 406 480 533 472 502 351 198 445 532 383 530 535 494 549 364 560 365 564 491 562 443 377 487 511 427 437 366 390 499 393 501 473 526 368 453 367 462 490 425 572 521 548 446 467 498 441 405 379 428 468 414 404 411 408 361 423 34 398 539 556 492 536 431 387 465 476 537 484 375 356 482 378 456 352 392 412 399 460 529 409 426 474 410 429 394 385 547 488 418 400 558 489 349 363 391 415 495
398 435 489 568 361 372 396 354 541 531 562 449 433 403 571 380 530 450 421 466 429 418 478 397 407 504 499 522 382 459 539 464 405 470 458 469 535 474 534 426 349 563 406 555 410 455 485 518 384 557 486 547 510 427 173 390 377 543 532 505 383 357 422 540 477 359 415 411 552 457 481 480 491 389 365 473 490 425 516 355 528 495 508 467 379 509 570 502 437 519 463 381 498 364 369 424 533 546 367 548 572
399 448 450 422 449 354 526 521 489 535 366 552 511 376 523 543 367 531 512 418 494 547 506 436 409 383 375 408 377 510 545 456 387 546 496 350 444 482 539 420 563 445 426 544 493 394 463 566 413 557 362 374 507 403 415 452 548 491 528 396 569 425 397 359 484 353 388 410 497 384 538 560 382 465 474 430 390 460 421 432 355 385 555 490 361 439 391 570 537 404 475 416 419 462 405 363 565 471 481 368 488
400 466 531 429 403 509 505 372 477 469 380 435 481 551 410 554 568 529 540 369 449 541 485 486 433 489 407 470 357 516 519 457 510 518 424 530 389 499 467 381 459 522 562 464 382 504 572 396 354 397 361 427 355 474 405 437 384 443 422 453 546 555 450 490 534 367 399 441 455 377 173 454 476 411 379 543 458 349 557 547 491 533 539 532 385 478 498 570 468 440 425 571 552 563 393 549 356 480 406 502 418
401 365 543 507 426 510 565 449 488 544 523 553 536 448 528 451 385 375 423 512 440 422 455 521 533 407 569 461 433 472 480 350 408 570 360 458 490 444 402 556 425 452 495 494 513 420 387 462 356 412 373 397 431 442 390 482 388 571 434 436 524 540 430 395 406 558 552 362 394 439 546 368 470 504 371 432 409 511 374 483 418 492 354 567 438 367 493 541 370 526 34 497 506 456 471 534 537 369 502 479 478
402 377 383 433 437 429 403 426 562 568 572 466 532 462 467 450 406 522 529 551 533 454 443 369 407 357 505 396 509 468 453 539 490 502 530 405 359 411 491 540 424 381 361 446 470 401 441 501 499 518 486 571 516 386 477 459 481 380 457 351 382 410 393 379 498 418 440 390 364 564 356 504 552 554 487 531 519 435 372 463 474 512 510 484 352 198 557 485 548 384 535 472 480 547 455 464 399 350 536 478 349
403 440 569 512 352 478 494 534 539 541 369 492 445 516 400 523 365 349 419 556 480 390 495 462 430 536 511 529 427 353 379 537 493 542 375 544 538 558 464 421 456 404 381 425 498 362 485 402 554 484 549 509 532 502 356 552 391 378 565 408 173 526 413 518 563 384 398 439 373 508 414 351 487 522 350 420 34 371 540 395 198 389 543 571 357 415 503 570 442 387 411 453 443 486 455 479 514 416 394 564 459
404 410 466 429 541 396 427 531 403 522 477 568 470 406 426 405 34 481 455 369 510 459 173 464 491 516 474 382 372 454 434 349 485 442 397 377 422 529 547 385 359 361 530 364 571 490 407 501 383 433 554 555 384 476 390 549 393 381 355 489 389 563 519 546 562 551 504 458 564 449 425 399 351 486 572 452 367 441 387 457 198 354 435 446 539 468 552 570 509 532 443 480 508 569 548 518 418 521 467 558 424
405 375 469 551 409 487 419 516 453 540 486 357 421 411 554 451 498 365 477 389 509 381 521 379 369 352 493 380 445 362 526 438 556 538 532 373 443 503 424 490 560 416 439 545 561 430 512 488 456 536 371 356 494 449 363 387 558 384 473 350 552 368 408 404 440 385 495 502 525 565 462 505 522 388 390 448 571 465 374 446 397 468 472 471 423 173 392 413 539 483 537 553 444 569 431 528 507 437 406 499 501
406 397 558 457 421 477 429 407 388 493 495 449 563 470 427 410 372 416 539 490 394 435 549 481 540 510 404 350 413 484 543 359 460 469 396 531 367 554 440 541 556 425 384 369 389 504 355 548 466 402 526 569 434 464 537 173 566 439 426 568 522 381 456 529 489 360 494 365 349 506 362 357 446 409 514 491 382 445 552 375 502 482 516 448 455 405 403 528 547 553 419 392 471 422 538 458 352 417 366 354 374
407 448 556 415 494 430 413 445 546 425 538 568 537 362 465 437 460 498 570 493 390 482 406 511 508 468 410 392 569 385 355 517 368 409 375 500 432 534 454 474 499 451 361 367 382 366 443 416 462 395 372 514 512 428 489 363 557 558 353 532 480 463 456 422 394 560 502 484 400 495 559 377 414 349 547 473 444 491 450 545 572 371 519 408 352 436 535 359 387 396 420 530 503 402 438 398 370 423 421 461 497
408 433 568 481 518 522 530 372 485 549 380 478 361 563 427 464 396 359 477 468 474 571 369 476 533 541 466 405 173 355 435 403 384 454 531 441 429 382 410 546 354 499 364 562 564 472 489 554 407 509 455 469 399 397 501 534 393 552 424 467 519 459 516 457 491 502 367 551 486 198 490 357 453 379 351 555 389 558 349 458 547 443 442 401 377 450 470 381 532 386 505 529 543 411 572 34 437 548 498 510 504
409 405 568 372 534 490 489 427 518 407 531 383 563 549 393 530 509 380 519 502 349 421 377 399 466 532 464 364 396 361 505 528 554 558 34 564 429 441 477 413 379 543 485 173 406 470 476 433 351 198 384 457 442 449 516 491 552 541 425 403 469 546 369 458 397 424 422 474 450 367 362 463 498 359 381 478 453 390 547 443 415 355 571 481 354 410 570 437 455 459 357 467 387 529 418 426 350 540 551 411 562
410 433 34 540 486 462 173 369 469 518 456 350 464 357 472 414 387 480 536 425 459 552 389 404 551 427 554 407 494 509 375 384 406 451 356 420 424 569 380 379 505 479 400 534 473 381 498 512 394 445 545 533 496 411 478 453 563 362 535 449 415 352 560 365 537 549 457 408 571 458 439 419 428 532 385 426 467 516 492 477 431 488 434 559 520 413 465 448 430 526 572 485 499 544 353 561 440 471 507 556 513
411 405 422 481 569 494 427 416 430 415 489 370 531 455 495 418 449 510 378 566 540 521 433 557 412 410 352 538 469 512 359 350 563 394 363 513 375 428 504 493 444 368 526 413 417 396 514 542 570 533 354 445 384 403 519 382 535 362 397 383 500 483 448 376 571 464 553 561 387 482 435 555 366 436 487 407 374 471 511 492 442 549 559 421 544 432 458 367 414 507 479 420 539 470 565 552 529 545 523 439 361
412 505 380 357 459 389 554 499 424 486 498 437 411 354 568 516 469 435 356 485 457 509 477 518 349 572 551 530 541 397 450 382 478 467 381 468 401 534 410 372 540 453 390 535 449 386 571 440 429 458 361 443 403 539 531 562 464 532 396 466 377 406 384 379 546 426 463 421 407 34 425 369 489 491 470 490 508 522 359 454 519 552 480 364 413 474 543 433 502 445 405 173 355 439 570 420 473 448 471 441 383
413 562 396 472 509 407 551 435 478 380 433 443 541 486 365 516 369 424 504 422 481 359 356 389 384 474 457 406 510 470 379 571 459 469 440 381 522 403 453 496 505 454 487 464 418 434 411 458 546 485 480 441 372 490 455 529 410 568 382 467 419 491 501 449 409 533 518 536 405 549 477 462 429 539 519 367 554 393 552 466 557 377 383 476 399 357 468 34 534 446 548 375 547 530 499 430 512 427 532 502 540
414 562 530 568 522 377 435 541 466 383 355 429 518 410 459 454 433 486 389 380 571 357 505 372 509 457 468 551 396 516 529 531 540 356 450 543 539 349 403 361 508 369 382 407 470 504 490 548 397 354 440 371 359 519 469 481 491 424 411 462 533 572 554 557 474 502 536 510 547 498 478 379 381 449 467 437 489 448 365 441 477 367 405 532 406 446 534 463 485 351 442 418 445 494 443 415 419 499 487 555 404
415 407 490 478 546 443 571 433 502 481 533 568 534 440 562 472 411 356 458 504 467 369 505 470 434 441 349 539 526 410 462 468 496 501 359 516 548 477 396 424 382 486 491 454 551 509 379 403 446 541 453 536 357 389 552 471 426 572 198 435 455 384 532 418 355 522 547 476 375 437 494 499 469 529 449 450 399 459 521 429 419 564 430 485 431 487 405 554 474 480 381 367 475 549 377 351 510 397 353 380 409
416 490 411 406 568 405 498 356 407 491 377 562 530 478 449 534 349 372 383 458 496 390 425 361 437 466 522 429 499 379 531 34 382 426 403 502 529 489 434 532 539 504 543 454 510 540 528 470 467 173 351 485 369 422 440 572 535 427 357 433 464 457 548 354 459 397 448 508 501 481 547 455 355 198 564 399 435 480 393 450 477 364 365 516 446 518 441 359 558 367 519 413 436 533 541 563 552 476 373 442 521
417 522 429 562 477 466 435 361 505 359 481 509 485 499 454 355 411 531 491 518 529 539 372 530 551 547 532 568 424 380 354 549 405 489 467 519 407 410 356 369 449 382 406 516 572 469 437 403 173 381 470 357 459 474 501 34 427 367 486 555 468 198 396 452 441 418 450 433 554 379 464 393 455 389 546 504 453 457 569 498 476 443 462 541 397 510 557 571 422 463 377 548 399 564 535 552 364 351 533 478 490
418 518 502 554 486 551 552 457 477 421 377 464 34 381 357 435 383 505 459 173 356 384 462 499 424 379 411 427 390 387 419 509 369 389 399 441 440 364 543 351 413 380 476 365 398 453 482 485 498 431 468 449 385 516 480 546 415 438 540 495 479 454 446 469 532 535 350 371 375 425 565 564 367 487 466 397 558 549 373 362 478 536 533 472 352 455 407 406 529 539 420 530 394 393 501 490 458 491 493 417 471
419 396 372 405 530 491 568 377 519 403 359 383 474 466 429 562 504 490 361 532 539 437 34 371 534 418 498 489 349 478 427 463 410 531 558 450 198 543 351 426 549 547 533 390 413 393 480 362 367 467 441 508 406 443 572 510 529 415 502 382 454 501 364 173 425 555 570 481 470 548 354 355 448 433 535 546 411 399 472 476 569 564 528 544 379 455 446 434 571 365 523 521 522 545 557 453 360 458 541 485 388
420 349 491 468 367 425 379 396 372 532 382 410 429 558 173 466 533 470 198 543 474 531 489 371 355 403 539 555 361 427 534 34 547 467 407 359 529 498 509 502 490 481 572 399 535 522 568 434 552 564 530 411 519 478 486 546 384 437 508 443 454 464 433 435 442 350 352 536 473 499 551 406 440 390 549 441 449 369 453 413 362 562 501 538 422 418 450 521 504 452 401 528 455 463 570 458 356 405 557 386 476
421 359 490 405 491 361 406 418 470 383 502 377 489 533 375 452 403 376 463 454 478 433 555 409 368 437 354 371 356 562 519 548 379 198 526 443 398 382 547 349 538 467 535 572 501 462 481 552 385 407 426 569 352 393 568 411 442 503 549 435 479 475 396 564 534 571 541 482 527 476 367 369 532 512 450 542 472 399 448 484 488 494 436 351 173 440 487 521 355 446 458 508 384 430 439 453 366 551 518 434 515
422 499 411 426 462 357 352 399 564 356 540 433 533 413 198 549 478 437 468 486 380 364 482 371 518 454 377 351 536 427 445 424 453 476 393 407 502 498 572 379 501 459 348 441 443 552 485 381 554 349 477 505 471 404 386 369 401 509 537 487 435 425 534 472 551 571 467 464 362 368 394 375 350 532 406 353 457 405 479 384 516 494 563 385 409 560 539 416 542 491 541 434 469 473 430 383 556 559 451 389 400
423 530 562 485 522 568 372 382 459 361 474 379 433 468 531 454 477 467 401 424 405 572 386 397 466 499 437 407 429 541 509 532 369 543 435 443 486 359 455 539 457 355 410 380 571 406 349 505 470 403 516 449 498 481 518 453 357 371 396 504 554 381 557 508 354 489 393 533 490 463 510 478 519 356 476 399 411 448 377 551 529 555 521 442 547 548 491 501 535 351 389 469 441 364 383 446 564 472 418 462 422
424 519 359 362 445 495 396 444 556 562 413 383 405 367 489 473 548 531 410 361 412 494 418 491 448 508 365 484 558 474 463 547 422 438 428 512 481 395 504 470 371 539 415 377 366 363 374 440 426 391 520 375 450 490 565 423 535 460 425 480 492 521 452 400 568 388 446 408 542 417 354 436 429 545 390 552 394 466 403 434 487 546 543 541 488 373 560 482 355 414 427 387 461 523 529 570 557 353 549 503 455
425 562 530 359 502 489 522 490 474 382 466 557 361 547 571 407 481 433 536 410 429 539 435 420 462 354 519 403 529 531 504 555 533 518 355 568 367 383 476 406 352 450 459 380 377 397 416 381 441 388 548 467 521 393 532 468 463 455 509 424 491 454 369 551 379 538 446 501 487 422 470 372 569 505 364 449 572 494 543 445 396 409 399 479 554 418 472 443 453 419 511 488 516 440 386 401 368 426 484 351 404
426 386 401 499 474 502 469 422 505 445 486 448 493 379 462 352 380 375 389 494 509 355 402 482 560 404 519 435 359 477 554 548 453 496 437 476 532 535 518 410 534 551 424 568 372 381 460 388 536 406 419 443 570 467 516 371 572 362 440 558 508 416 415 565 421 489 399 198 481 549 456 512 498 526 492 458 390 538 523 354 485 468 34 473 403 398 349 173 397 356 475 427 364 434 367 361 357 441 511 382 540
427 562 361 449 547 448 359 367 557 474 450 522 443 453 568 355 540 459 377 572 440 481 548 463 437 372 489 458 467 498 410 382 409 403 571 411 396 532 555 490 379 541 429 408 406 357 435 404 530 397 366 546 539 383 491 388 356 482 354 507 454 468 418 519 494 531 470 422 371 543 478 504 535 387 565 560 486 419 487 432 493 375 360 420 385 462 471 533 472 556 512 536 376 445 509 511 510 444 529 362 374
428 459 518 530 486 380 433 474 435 562 356 509 457 440 407 522 505 424 554 481 369 411 454 410 571 468 551 568 477 357 466 381 397 389 469 382 516 502 455 379 372 533 490 462 355 429 467 498 541 532 443 491 504 396 528 449 543 572 437 361 499 354 535 453 371 510 352 489 539 403 540 442 409 536 399 494 529 359 458 531 547 487 450 375 388 521 478 368 367 365 351 485 519 470 555 349 448 404 546 416 377
429 448 536 559 462 482 417 414 440 400 534 523 439 520 365 496 406 479 375 472 508 511 425 465 456 458 438 404 567 512 434 387 427 552 533 430 492 352 419 484 420 402 491 34 469 173 556 451 394 431 442 537 471 494 490 384 443 515 526 535 477 408 353 436 506 461 488 373 503 385 517 525 544 391 545 388 360 416 383 487 378 445 398 499 368 542 563 437 566 392 538 497 409 495 569 565 527 507 424 423 561
430 407 481 470 562 403 364 522 489 571 490 449 411 355 429 405 372 572 467 543 354 474 532 359 356 454 396 361 530 498 533 437 531 466 453 362 365 547 435 504 410 510 390 482 548 478 499 521 564 450 535 539 491 371 415 351 379 382 468 459 441 399 406 443 413 393 501 558 422 349 463 421 462 360 380 570 476 385 377 367 555 433 529 448 457 446 34 519 442 472 401 173 434 386 488 198 458 568 502 387 534
431 435 372 539 530 429 568 491 396 562 355 466 410 359 529 449 382 571 418 397 546 485 541 405 470 509 522 531 415 555 490 380 357 547 535 463 481 543 354 454 377 516 367 422 469 554 549 459 403 464 489 361 443 406 173 504 453 519 401 427 518 474 450 383 455 557 386 393 384 364 532 369 505 569 552 558 351 371 486 362 413 34 442 457 540 551 381 390 476 446 379 349 477 360 467 407 389 448 528 548 437
432 354 407 472 390 485 478 498 534 427 530 356 437 349 446 539 540 453 502 411 509 477 365 457 558 372 173 467 441 434 443 435 406 403 464 384 399 491 532 535 405 572 450 359 433 490 352 355 393 522 458 531 462 380 426 379 505 470 554 361 518 34 429 536 415 486 489 533 385 564 560 463 468 377 469 549 552 481 499 396 375 501 466 401 551 424 386 474 516 362 454 436 543 364 459 382 440 421 410 351 476
433 410 556 445 372 511 382 570 465 463 390 34 408 558 493 385 415 428 359 413 425 414 473 546 366 402 394 373 395 474 422 480 535 391 482 444 538 520 517 388 512 361 545 503 362 356 387 489 411 494 498 568 448 421 450 487 500 488 365 398 436 565 400 375 376 481 461 519 423 547 531 557 353 560 548 526 363 456 354 539 537 477 499 471 437 446 484 392 409 371 475 355 443 386 404 491 434 453 525 451 401
434 530 377 382 474 383 568 540 372 548 429 535 547 519 571 491 562 380 415 463 452 359 489 361 522 437 554 521 555 413 532 406 449 557 481 494 552 410 443 404 518 448 466 453 469 454 455 365 531 396 379 416 381 424 384 371 420 485 355 445 499 504 551 433 462 369 472 509 572 505 432 354 541 543 411 440 426 510 422 539 450 516 403 477 546 364 367 407 467 502 357 444 501 173 498 352 421 560 451 468 529
435 34 558 480 414 445 511 534 496 487 431 490 390 413 538 371 462 535 362 444 539 484 398 173 549 502 387 391 572 428 418 425 565 465 552 570 545 481 427 400 448 446 493 417 472 406 514 385 494 560 395 508 512 537 384 426 526 437 408 532 482 464 198 517 533 394 350 353 492 383 522 460 473 436 412 529 366 349 378 440 363 352 466 491 568 488 388 540 430 451 544 373 506 411 368 422 415 429 375 567 392
436 530 568 562 382 466 369 474 476 396 499 441 498 459 540 569 433 454 393 477 489 539 429 356 519 557 372 399 435 491 468 522 437 198 501 407 554 380 364 552 467 572 571 551 424 361 443 411 533 518 532 490 469 529 486 381 384 509 354 453 472 403 470 564 462 410 531 173 481 355 421 549 357 351 464 359 516 548 505 535 362 485 547 504 570 541 389 457 350 371 555 379 365 386 543 401 528 521 416 397 455
437 495 366 526 563 566 407 455 427 541 365 444 542 510 442 402 469 521 369 522 503 378 397 362 481 422 388 543 529 370 412 353 359 465 558 419 508 371 360 539 435 548 421 492 392 426 449 556 350 434 389 430 554 502 477 451 385 466 445 513 416 527 448 484 504 436 490 567 394 528 440 471 460 429 432 457 544 496 433 559 423 479 381 482 459 483 391 458 375 376 569 415 405 367 384 382 497 420 552 349 456
438 568 530 485 477 405 429 534 372 540 522 478 531 424 518 554 354 361 562 466 467 407 509 349 469 418 389 459 516 457 481 505 551 380 572 384 541 529 543 369 371 433 462 441 499 355 552 458 533 426 539 393 455 476 437 382 486 532 489 396 356 464 468 472 359 357 502 474 427 557 449 564 350 381 547 411 198 463 399 410 528 397 549 403 571 535 401 494 508 569 386 434 498 536 558 351 519 362 406 173 471
439 361 468 562 522 466 530 481 529 429 533 547 539 405 359 489 555 535 546 531 351 356 403 410 396 372 445 519 406 474 379 510 382 350 532 453 571 560 504 543 455 364 470 355 443 371 480 521 549 568 393 198 411 450 462 463 528 407 441 383 482 472 512 502 377 399 435 421 572 552 476 564 491 557 540 415 508 478 362 479 433 349 551 394 494 499 511 467 446 548 367 454 365 401 34 556 515 488 426 390 498
440 403 470 474 522 466 354 530 450 539 382 557 429 531 442 390 355 563 533 427 383 361 380 519 547 377 415 570 529 372 362 518 452 463 428 360 489 364 371 413 455 406 405 495 467 549 546 198 460 418 448 385 499 384 555 490 424 510 564 393 486 351 435 437 481 480 396 471 443 548 414 558 491 391 426 459 369 401 572 559 446 472 386 509 410 453 454 569 173 464 476 528 552 500 504 521 469 507 505 535 434
441 448 449 535 511 552 521 366 436 512 445 415 482 528 408 418 387 473 425 413 543 384 422 496 350 397 546 523 526 375 506 489 563 465 460 409 570 450 444 531 362 419 376 541 377 566 383 539 510 507 360 388 373 354 545 432 353 495 359 442 484 430 491 385 493 520 439 492 426 391 438 402 478 556 420 367 490 565 456 374 394 382 544 463 569 355 421 417 404 434 414 497 547 452 400 538 440 553 548 561 390
442 480 354 440 562 359 463 489 437 445 361 468 449 470 499 429 396 473 572 552 522 450 498 34 571 539 519 515 535 385 546 382 531 377 383 565 404 403 355 481 540 493 446 466 560 536 411 367 384 462 421 372 532 409 511 356 408 474 410 556 453 420 504 441 503 526 557 530 467 512 547 198 375 476 379 464 352 537 568 494 487 541 426 350 491 351 500 501 401 406 456 430 458 478 386 555 390 394 368 479 558
443 522 449 540 531 445 427 458 504 444 473 415 510 539 413 571 450 354 560 469 562 361 405 397 529 389 565 370 541 543 464 513 407 535 466 482 359 388 457 429 382 455 456 495 487 452 422 500 384 481 421 470 426 434 489 542 402 440 563 552 403 375 376 350 460 459 568 536 365 396 477 436 507 439 508 360 519 518 503 433 556 561 423 451 502 419 367 362 369 463 538 545 408 554 420 559 428 435 521 569 357
444 467 443 502 435 424 485 453 437 518 530 459 433 369 498 516 551 356 499 472 572 568 355 533 457 532 454 411 509 407 381 379 541 522 477 547 441 380 427 399 505 405 491 563 478 367 489 382 569 469 354 490 389 565 406 466 476 486 534 554 481 359 474 562 512 401 528 549 386 372 564 349 357 390 434 501 361 539 173 198 557 494 429 418 455 371 393 403 410 464 471 482 546 364 540 384 519 510 397 458 450
445 433 454 443 485 477 435 369 516 407 518 397 383 377 403 426 424 379 467 486 405 504 541 481 458 381 384 396 457 554 442 533 464 478 568 552 509 453 389 549 572 472 410 441 551 490 563 173 422 528 546 361 380 534 470 439 357 437 510 459 367 532 569 429 462 411 521 455 372 34 427 505 543 491 359 547 385 499 406 571 399 449 198 382 501 502 355 557 466 434 498 349 425 555 452 469 522 562 564 548 354
446 459 448 361 469 389 563 518 508 435 486 551 383 173 354 554 380 369 541 381 545 397 449 526 405 415 455 464 489 543 377 510 478 536 499 477 350 424 357 432 569 440 442 457 425 480 534 485 406 433 535 512 371 34 528 427 533 418 368 362 452 509 530 505 413 516 570 558 359 382 472 365 402 497 552 494 470 349 421 454 384 426 403 385 562 567 467 547 532 375 531 372 430 572 463 565 416 419 404 387 540
448 384 552 464 407 501 502 399 539 441 390 351 564 476 429 427 531 359 481 509 198 173 446 546 551 369 393 516 529 522 518 487 466 486 426 389 354 364 350 450 458 480 455 562 554 367 435 549 424 512 357 459 381 356 433 499 505 365 396 543 440 469 401 405 34 557 437 380 372 572 361 457 434 348 410 386 474 411 453 528 478 349 491 406 467 468 533 498 556 490 532 548 382 376 421 519 475 443 568 397 463
449 443 371 427 537 198 498 530 391 351 453 441 560 480 569 356 474 463 494 364 472 532 476 518 394 378 564 406 392 399 386 430 512 549 362 401 462 379 173 535 393 353 488 465 361 442 405 411 527 467 500 548 382 501 567 410 400 492 398 489 416 502 366 517 380 437 495 396 365 559 566 506 434 572 520 446 471 524 475 491 431 526 413 352 387 568 511 499 348 533 514 369 368 478 418 445 395 390 519 450 425
450 569 173 427 440 534 486 352 549 554 399 541 383 34 443 448 518 198 558 464 381 495 362 477 349 459 528 561 526 508 369 511 387 457 509 433 494 371 384 455 476 536 414 402 442 364 425 379 453 478 377 375 451 469 419 350 472 454 407 398 552 424 501 485 365 351 551 564 441 540 370 471 505 393 368 373 394 449 542 545 456 378 479 356 565 430 389 415 380 533 357 571 412 553 521 439 408 480 421 460 409
451 396 530 547 405 562 491 531 359 361 481 568 372 478 522 410 407 548 355 429 468 529 489 534 519 470 367 437 450 533 401 457 371 474 379 535 386 466 464 435 490 552 382 504 354 173 498 362 499 462 509 443 403 349 433 384 377 532 543 390 440 463 383 467 356 551 539 549 454 422 453 510 572 434 424 505 477 480 455 485 540 449 502 406 411 536 516 357 448 446 381 441 352 558 427 472 418 494 459 546 369
452 534 485 478 379 508 541 369 516 421 509 440 539 349 532 477 434 498 352 453 502 443 554 381 467 353 390 384 383 482 543 558 424 552 464 387 564 389 572 377 490 446 399 445 449 407 522 371 356 357 411 536 505 351 484 556 406 350 365 459 472 433 386 401 499 375 462 540 198 512 393 563 173 415 529 404 535 420 518 372 487 417 511 538 494 427 441 514 568 397 362 571 364 479 570 523 476 486 425 469 562
453 405 458 504 427 449 510 531 444 396 359 522 562 370 540 361 445 482 560 382 568 539 511 473 410 397 354 422 455 413 426 388 452 450 487 569 541 360 571 521 556 519 489 500 513 508 464 470 430 456 529 481 415 439 403 547 495 418 434 507 355 561 375 565 469 542 448 538 432 477 384 557 402 503 350 440 552 408 545 563 484 457 526 543 376 369 366 433 429 536 407 520 436 490 497 367 389 460 442 549 548
454 512 539 445 540 560 493 384 511 414 531 388 458 553 559 552 407 375 535 537 484 566 421 495 427 473 545 422 430 408 436 378 444 469 428 350 413 502 417 353 471 394 362 354 558 402 450 415 423 464 404 526 489 536 542 425 434 455 494 465 367 490 503 538 496 440 456 352 418 416 479 492 561 370 396 420 533 376 419 366 504 563 392 569 391 565 483 359 497 410 520 500 431 446 361 390 451 405 513 567 529
455 535 499 34 437 511 462 487 448 491 354 411 371 440 383 453 450 352 404 394 460 540 463 443 349 538 389 536 490 477 485 386 498 413 446 534 445 361 382 425 408 388 356 368 484 559 403 434 377 376 428 401 359 454 505 387 198 415 439 473 495 362 478 467 458 480 572 427 406 493 468 375 357 517 508 465 469 503 423 489 456 385 548 424 405 366 475 515 509 365 514 435 398 525 502 392 564 519 492 470 410
456 530 531 410 354 361 372 382 466 429 481 522 403 379 405 470 351 568 474 380 489 572 396 407 532 459 443 529 467 453 393 547 406 433 399 480 557 562 426 539 377 359 435 454 397 450 502 364 519 518 355 485 555 437 455 478 383 543 571 476 371 424 564 198 389 549 501 463 441 499 468 173 509 490 533 457 422 442 365 546 504 510 472 446 369 349 452 385 498 535 384 540 381 528 427 464 34 418 516 554 390
457 474 396 463 387 371 406 383 418 539 526 359 548 366 521 361 377 512 519 462 560 496 445 414 491 428 390 511 484 537 489 352 413 375 450 538 394 532 443 502 552 557 391 444 410 490 494 572 487 388 362 480 451 498 531 492 367 488 400 448 363 562 385 412 536 471 437 556 495 353 467 34 546 569 446 503 533 408 482 535 547 528 514 409 438 453 395 432 508 479 405 354 473 545 368 517 422 483 542 493 523
458 453 522 529 372 530 443 377 541 466 371 464 454 494 427 448 429 568 445 556 535 498 352 383 549 415 387 462 562 365 384 362 484 537 569 480 538 385 474 416 410 356 552 413 173 379 528 571 539 521 455 495 364 437 411 351 426 536 363 463 408 398 473 532 558 481 406 531 502 409 560 512 401 542 435 440 34 386 504 404 421 525 394 472 388 505 465 438 198 390 432 468 534 373 519 491 501 418 506 375 420
459 428 480 34 549 366 552 484 548 384 383 446 173 367 471 427 558 396 464 412 414 538 362 388 410 482 377 491 390 371 560 363 444 418 372 450 395 493 526 391 494 502 487 474 489 448 350 394 375 436 413 423 568 490 533 387 553 539 404 465 425 456 512 495 422 359 492 570 445 535 496 547 536 475 440 514 352 488 408 443 500 463 473 437 385 531 566 403 460 198 462 472 438 400 398 354 461 545 519 525 353
460 562 552 384 407 478 464 406 499 455 440 462 435 480 351 357 426 365 350 486 518 546 437 490 441 568 424 508 443 481 522 531 361 476 459 572 557 529 532 509 477 173 433 491 516 449 380 528 536 393 501 539 564 389 397 569 375 549 453 551 502 34 364 504 450 356 399 474 485 198 405 429 487 498 505 396 571 377 369 359 349 467 411 466 381 410 533 434 469 446 541 354 494 383 554 352 519 483 488 390 489
461 562 468 530 481 533 372 361 359 429 433 379 499 522 505 407 509 529 568 539 459 424 401 449 405 356 572 435 453 478 543 486 386 466 518 554 571 467 455 551 469 411 381 541 472 504 516 443 440 396 380 485 458 421 502 369 498 470 462 418 457 403 441 474 532 531 357 540 382 528 563 489 547 397 399 437 476 501 454 393 349 389 535 477 406 549 364 198 558 519 354 377 557 534 512 555 404 464 355 546 564
462 372 539 531 349 568 410 429 541 510 522 435 422 382 570 481 466 470 490 455 426 389 403 396 457 360 362 425 469 529 489 569 530 449 558 369 535 418 557 478 458 350 407 473 555 547 504 402 380 415 471 563 543 405 508 397 460 546 390 516 34 445 427 351 554 509 534 384 173 421 359 385 413 523 377 464 354 465 381 451 459 442 548 571 474 428 383 414 482 477 480 486 496 434 433 355 364 371 495 436 439
463 369 541 381 349 516 477 433 457 389 554 551 427 449 442 173 384 509 508 490 421 440 464 502 534 350 571 383 469 563 424 501 486 377 357 518 434 365 472 496 407 455 380 419 485 533 549 569 425 375 494 540 364 552 459 391 482 567 399 435 443 458 529 480 522 528 505 478 439 511 351 451 411 526 409 495 558 431 34 491 456 368 476 448 198 564 543 393 356 430 487 352 390 441 453 397 420 446 566 553 536
464 448 371 490 482 361 359 367 562 366 491 489 547 502 519 474 548 362 410 458 355 459 377 418 555 507 560 450 523 408 568 403 460 530 445 533 388 565 539 570 463 511 546 443 571 383 382 557 488 385 535 556 526 368 512 493 522 396 468 472 435 404 496 413 470 372 521 558 406 481 353 409 360 532 454 453 356 446 536 376 498 541 365 451 379 452 517 411 540 354 495 478 429 462 566 569 422 440 400 531 357
465 433 562 407 429 505 435 529 522 466 449 361 541 509 437 546 481 459 349 470 486 405 357 359 572 382 540 571 380 539 410 441 467 531 501 551 519 528 454 364 372 532 499 533 397 381 369 518 478 555 462 534 403 351 554 552 356 455 354 424 530 549 355 568 396 477 504 443 399 547 543 469 548 516 457 491 498 474 458 510 411 384 377 476 198 350 564 490 453 485 393 390 426 508 468 502 440 367 450 565 406
466 400 511 414 494 440 425 352 496 552 512 439 482 458 534 478 556 448 484 462 456 508 492 520 384 536 563 404 354 491 523 387 375 436 479 417 419 465 368 394 477 490 366 545 515 408 443 559 420 402 500 538 34 526 507 544 513 406 497 469 437 378 503 438 409 416 430 431 428 471 398 435 434 524 353 451 371 357 567 423 360 350 173 537 566 525 442 424 517 392 365 413 373 427 370 514 383 445 485 506 487
467 495 444 365 388 510 445 427 370 556 359 366 415 430 449 492 490 526 392 394 440 542 506 503 350 360 481 402 502 493 382 569 539 410 473 513 548 396 425 397 452 456 352 423 563 426 385 413 465 511 507 421 491 420 436 457 375 376 408 438 541 477 419 552 400 369 522 470 455 566 435 521 537 422 378 384 531 508 484 568 448 555 529 515 367 543 559 428 417 416 362 560 500 469 558 544 432 527 514 488 479
468 387 552 439 391 471 420 384 523 383 350 461 354 565 407 569 408 366 442 496 520 414 566 422 427 360 512 451 370 415 464 376 570 388 484 511 428 436 423 561 405 397 425 540 526 489 488 546 482 553 418 545 402 490 559 362 539 455 448 524 377 413 544 353 426 395 374 504 495 430 531 560 507 483 492 527 456 528 375 458 417 475 434 412 510 365 563 438 541 390 404 378 449 506 502 517 173 432 465 543 557
469 405 377 396 521 359 530 562 568 383 390 410 491 446 426 519 547 548 474 502 362 443 371 361 363 498 472 367 351 400 462 531 437 481 372 529 429 508 463 504 406 535 387 413 411 480 484 533 510 549 539 365 454 534 448 466 494 412 556 450 482 490 487 552 391 428 408 373 434 511 522 453 414 385 395 478 489 438 356 532 364 517 436 355 543 572 415 418 34 501 455 198 444 544 366 506 409 467 445 570 349
470 440 532 540 534 485 369 379 375 552 511 462 421 430 477 536 352 558 554 384 539 478 390 406 508 487 479 486 371 502 381 387 349 456 404 442 544 350 494 362 569 484 415 509 413 389 427 516 420 498 483 518 424 445 465 451 378 535 526 538 464 400 414 537 512 572 453 542 443 528 353 173 34 394 495 492 560 471 561 496 520 549 409 567 425 503 488 391 439 467 380 431 551 493 523 398 411 505 416 383 563
471 468 481 474 459 508 396 522 354 372 359 543 349 535 429 34 462 486 365 562 454 478 491 380 427 449 466 549 437 498 405 530 440 457 422 371 547 375 470 433 450 415 533 355 411 410 382 489 509 369 521 511 384 362 173 532 531 352 406 518 351 490 571 502 495 445 519 539 407 529 551 424 403 379 482 464 554 389 435 516 558 399 381 421 453 568 510 198 418 570 443 552 485 536 364 538 356 557 394 444 501
472 397 413 568 410 429 449 481 502 359 390 473 505 535 469 415 349 435 531 372 444 477 539 445 380 432 504 357 541 474 540 463 548 384 464 489 361 371 552 355 519 554 450 555 518 374 408 486 405 362 491 427 543 569 354 529 440 546 482 422 459 512 466 488 509 394 571 401 528 386 389 436 434 385 487 425 173 446 496 421 495 367 508 478 562 381 557 370 437 439 351 558 516 522 365 452 418 382 490 553 458
473 369 443 485 433 472 424 372 516 410 541 454 546 397 405 462 509 453 396 551 477 377 522 442 533 486 389 490 474 381 562 441 435 518 467 407 529 572 361 501 384 571 379 393 481 383 554 459 382 528 455 530 508 505 504 552 480 429 466 457 543 458 476 351 568 380 357 523 426 564 469 563 478 420 356 569 450 502 411 534 422 364 403 536 349 532 464 198 494 539 544 499 548 470 406 359 437 421 547 367 173
474 534 349 357 569 425 488 389 427 440 173 540 457 434 464 426 369 509 471 508 480 523 526 478 449 469 516 428 34 419 554 551 521 563 383 433 365 436 496 381 407 479 408 492 374 430 387 541 413 456 459 424 558 486 351 472 423 420 512 458 473 549 535 198 571 556 520 501 518 404 537 477 505 390 564 375 451 495 439 544 373 565 552 484 392 448 368 384 513 379 533 377 503 371 370 494 395 462 364 561 536
475 485 543 383 377 449 459 572 173 571 529 477 433 421 564 455 426 365 379 541 528 532 415 466 469 448 393 364 464 429 476 558 522 494 399 349 562 369 468 389 425 407 372 356 380 462 362 554 413 486 505 518 441 435 533 569 351 467 371 427 534 198 549 509 516 478 384 375 387 530 406 437 552 498 411 472 454 34 508 445 551 350 499 357 540 381 480 504 457 424 443 501 526 535 453 560 385 510 434 536 539
476 448 543 552 449 350 535 377 526 366 387 436 383 528 408 510 512 425 506 354 422 450 511 426 545 523 384 489 418 496 570 521 388 546 491 482 362 460 563 360 409 478 397 375 566 415 413 440 376 405 539 494 538 473 355 404 373 490 444 556 421 456 544 445 353 558 374 396 368 484 507 359 520 463 475 474 403 462 442 419 439 465 438 363 352 497 430 541 391 568 479 504 434 492 382 410 400 390 565 493 420
477 560 562 539 512 556 445 371 530 489 463 383 529 362 504 482 535 361 438 480 405 377 481 494 359 511 366 367 533 406 502 418 488 470 571 417 363 353 400 396 450 408 526 404 522 493 498 394 466 503 528 537 472 546 531 558 388 391 547 521 390 495 473 452 426 515 429 532 436 542 415 484 557 437 392 379 474 410 517 455 552 387 545 423 428 492 368 422 444 519 510 446 409 433 491 536 572 559 413 412 467
478 548 558 391 536 383 403 491 367 494 415 549 413 466 452 519 474 546 451 384 470 377 408 460 535 445 382 422 462 521 360 365 350 537 560 493 544 552 421 438 410 495 539 427 355 416 489 538 372 529 359 368 432 375 419 528 450 354 471 557 502 543 503 547 540 481 512 487 526 479 362 390 484 446 393 571 398 173 555 469 525 464 490 449 510 569 430 530 448 476 444 561 465 455 407 533 371 556 480 429 482
479 372 530 499 568 429 522 466 531 481 470 474 382 410 562 361 547 529 396 539 504 478 485 498 403 356 555 437 377 519 383 367 418 359 454 518 411 450 571 549 405 421 457 354 563 435 425 422 541 467 427 453 572 516 548 491 355 510 380 464 390 407 449 534 173 424 379 477 198 502 480 476 433 489 443 364 406 439 455 452 441 381 532 393 459 509 365 442 349 458 543 357 34 448 564 501 521 472 551 397 468
480 435 459 491 442 490 397 359 519 541 548 568 477 486 396 449 474 355 554 369 509 410 518 528 403 448 361 381 543 433 349 562 357 551 502 380 371 485 555 510 505 469 354 563 407 539 516 458 350 481 536 413 460 482 457 560 382 362 360 440 375 367 387 531 383 389 377 523 424 534 419 456 489 446 508 418 547 439 455 478 557 386 473 462 463 401 450 540 538 405 552 415 352 526 556 535 376 429 522 388 546
481 34 362 508 430 448 534 540 173 439 471 408 383 477 536 411 451 425 427 462 511 484 556 472 415 371 377 375 445 498 456 369 360 435 495 461 479 469 413 563 400 356 437 406 552 569 373 486 526 559 417 389 349 404 465 424 368 467 554 512 485 428 365 387 480 384 433 385 494 535 537 464 434 352 478 566 380 520 443 496 492 453 440 503 482 442 350 545 570 421 460 507 414 532 473 499 558 420 357 395 426
482 464 384 429 509 477 552 466 551 505 407 365 459 563 349 433 427 453 518 426 562 422 541 443 441 522 173 389 198 534 435 380 533 510 531 568 361 480 469 504 352 34 501 508 357 452 481 516 418 383 549 372 546 476 498 499 521 554 468 411 399 472 430 437 457 351 382 463 406 397 519 485 424 403 462 377 478 569 539 421 564 364 532 356 557 536 543 486 375 439 393 350 471 354 369 396 440 547 454 449 530
483 530 534 568 470 571 382 562 499 349 411 405 372 361 541 437 356 457 478 543 435 498 467 433 454 407 379 505 532 466 468 459 383 396 410 477 429 510 357 364 377 462 371 504 448 441 380 369 551 403 425 351 522 509 460 424 572 399 519 386 198 401 555 549 355 393 381 564 406 518 455 531 558 535 359 453 464 529 486 485 362 508 365 476 427 533 469 501 449 489 452 565 472 443 516 546 570 354 458 474 390
484 571 486 459 357 372 518 466 522 481 435 504 349 499 382 380 509 429 505 454 457 403 516 470 424 406 551 458 469 389 572 477 396 407 468 437 381 532 478 531 568 474 455 510 546 485 433 543 379 489 397 491 554 534 453 467 562 519 498 359 399 371 530 410 361 555 441 356 405 529 508 421 476 452 367 351 364 355 541 425 393 377 383 369 427 449 354 480 173 570 490 34 365 464 411 434 564 535 547 523 198
485 488 489 445 535 555 365 438 367 475 371 452 526 470 512 392 533 473 444 502 553 361 515 521 408 359 511 560 527 490 423 542 396 556 492 378 403 362 547 387 395 571 368 480 539 562 540 400 494 391 548 417 432 481 388 360 491 519 394 561 353 463 503 497 552 413 537 455 495 504 366 390 450 493 412 422 404 479 546 517 376 383 418 410 363 409 496 446 484 431 373 520 559 434 510 482 466 500 487 567 529
486 484 568 361 359 383 405 489 410 548 396 547 450 366 480 418 549 426 519 512 428 377 448 445 413 414 557 390 562 491 367 558 34 490 502 372 446 470 391 530 422 412 481 521 463 531 537 511 474 362 473 388 400 471 395 427 387 382 371 494 495 465 415 352 556 460 440 535 472 353 514 555 385 403 487 365 173 429 539 560 408 354 436 394 541 496 420 423 529 462 492 449 464 570 534 538 533 444 546 355 504
487 405 530 435 448 543 455 541 389 397 470 372 369 349 535 459 558 489 433 498 380 534 551 554 453 413 533 403 356 427 508 457 443 570 478 469 429 173 531 519 555 510 516 486 552 422 381 361 384 425 563 411 424 569 466 485 495 568 34 518 415 523 357 464 377 472 529 396 522 354 418 477 504 383 362 421 528 198 547 371 450 355 426 460 481 463 546 509 540 505 442 452 549 480 449 454 382 532 571 350 553
488 485 474 477 530 499 541 405 449 372 401 384 464 396 386 433 354 429 554 531 518 540 568 519 535 410 457 435 491 539 562 468 459 572 533 552 470 173 359 369 543 551 424 505 509 407 427 472 380 466 437 361 481 403 467 516 397 377 425 421 522 529 510 355 549 356 411 34 548 399 563 448 415 382 546 371 389 486 495 426 352 445 469 381 480 455 504 430 490 357 393 460 440 571 489 383 439 463 413 362 508
489 563 369 352 425 381 485 389 509 357 486 464 541 364 518 477 516 536 508 351 384 564 494 534 383 377 348 554 551 571 552 549 380 427 349 409 398 379 421 34 430 442 365 424 462 375 198 411 505 512 399 356 511 173 501 457 350 544 433 459 439 407 440 487 523 456 390 449 478 434 529 540 419 436 472 420 368 400 451 371 453 556 387 476 569 565 408 443 528 446 441 454 406 468 492 495 498 526 532 393 480
490 530 464 480 541 499 415 389 535 425 421 540 372 416 435 384 549 34 508 462 409 536 529 173 485 430 427 405 505 551 382 486 493 375 463 406 522 552 563 351 466 419 494 537 364 445 467 543 526 365 570 429 509 495 558 554 361 459 512 518 385 457 473 397 380 521 440 374 511 455 368 413 469 556 414 565 569 381 437 354 424 571 352 460 572 560 564 542 559 451 532 516 568 528 498 420 454 478 356 436 468
491 534 480 389 505 493 372 420 540 478 419 464 421 469 554 451 508 173 529 530 512 559 357 384 570 495 397 560 455 486 459 466 522 380 531 349 541 457 34 381 543 497 427 537 429 424 510 434 416 516 544 569 374 520 551 351 365 518 431 552 404 485 521 499 417 415 436 353 382 471 350 407 509 526 375 533 472 536 435 449 561 542 364 545 488 440 385 425 467 563 413 511 477 476 379 445 572 532 444 406 571
492 562 568 396 403 541 551 530 466 531 372 429 485 474 571 361 467 572 532 389 449 437 435 459 499 410 359 457 477 481 547 424 382 470 543 489 381 397 509 504 411 505 539 498 522 380 377 454 426 519 486 516 518 564 369 554 502 555 501 355 453 441 529 469 384 406 455 552 383 468 405 557 354 407 440 367 351 356 491 399 476 443 198 433 422 464 357 364 549 390 393 528 379 401 563 350 386 442 427 463 450
493 361 491 562 359 433 454 405 426 407 530 522 406 403 490 459 435 532 477 552 478 518 564 464 377 499 369 351 467 411 501 427 382 384 485 572 509 380 383 379 531 442 396 571 364 568 519 510 555 541 533 356 470 173 399 481 393 455 466 547 528 489 457 498 504 355 449 198 534 349 441 424 437 390 535 551 543 486 372 34 367 371 502 381 548 549 453 496 410 472 448 425 418 521 357 354 505 476 474 389 554
494 372 407 568 349 403 466 541 478 530 34 489 543 477 397 449 411 534 458 382 396 516 410 508 380 426 357 509 496 379 459 539 531 424 435 405 470 490 546 504 427 532 433 522 429 450 555 359 389 485 570 554 510 457 361 571 354 399 469 486 173 481 563 356 434 499 351 381 533 377 463 406 519 505 390 393 383 454 535 365 355 547 474 369 415 425 551 523 528 518 552 498 476 422 362 464 385 350 467 548 421
495 572 467 437 499 379 551 505 519 498 359 357 424 354 356 562 403 509 406 491 361 450 532 516 481 518 382 552 454 411 369 568 478 477 490 440 355 396 405 390 536 449 459 381 486 443 407 485 555 474 547 539 453 504 470 350 457 489 429 531 496 380 546 384 464 455 458 418 530 372 410 528 377 487 502 565 512 549 468 375 462 441 471 469 389 554 522 472 463 557 501 433 564 563 397 401 526 541 386 540 533
496 530 466 568 518 435 381 429 516 562 372 361 457 474 494 468 531 571 554 522 382 410 549 505 463 426 541 415 413 416 464 509 396 502 364 393 547 441 481 551 459 384 476 357 365 389 535 437 536 495 470 539 399 485 454 198 477 486 380 462 375 564 359 367 529 371 472 427 433 501 519 469 424 369 383 173 510 377 354 499 504 552 569 491 403 546 350 351 493 498 450 453 397 489 411 443 533 532 356 555 452
497 491 377 383 466 498 485 530 372 429 541 549 568 529 562 407 522 449 364 437 173 571 453 399 34 406 499 535 446 198 454 443 504 427 467 502 362 490 393 379 532 476 411 480 477 441 501 572 481 569 548 359 433 543 440 367 421 356 539 382 533 457 455 564 448 413 445 351 505 509 401 361 464 519 357 390 558 415 410 365 474 442 386 405 516 508 471 528 468 551 426 352 403 565 381 371 385 472 349 380 536
498 510 449 405 382 495 407 541 396 427 469 533 481 458 444 403 416 477 504 410 436 412 531 569 350 433 513 522 384 370 487 555 470 452 419 422 430 375 568 359 376 442 432 366 497 566 360 397 529 457 561 552 508 455 539 471 549 389 464 540 489 482 420 479 542 418 490 519 511 506 451 559 520 388 515 426 567 492 521 369 563 445 354 543 429 494 448 363 526 554 361 428 484 557 500 547 374 493 527 562 368
499 526 495 366 350 426 490 422 394 479 362 455 543 363 542 484 488 510 412 539 503 407 360 527 388 396 504 558 511 444 397 418 436 531 528 442 352 569 375 378 508 448 529 552 460 522 369 372 417 493 563 353 483 440 408 491 492 368 376 385 541 494 524 556 461 561 429 416 371 384 506 446 392 570 359 566 449 502 433 423 482 507 481 410 400 513 370 445 382 398 465 568 430 451 514 415 434 405 365 383 367
500 407 449 466 433 453 443 383 411 377 356 459 529 349 429 485 478 34 490 379 467 498 440 369 543 539 502 477 541 381 522 509 454 551 562 532 571 448 427 572 534 510 390 389 508 173 442 397 362 558 528 472 521 549 533 535 563 504 406 491 486 464 469 458 435 554 569 425 516 552 384 350 198 530 422 518 380 371 501 405 399 434 468 364 375 372 426 476 424 499 437 359 505 481 441 351 564 480 387 523 540
501 448 543 552 350 535 526 489 384 362 397 463 388 449 510 415 563 531 528 422 375 493 474 366 566 355 545 450 482 473 436 354 511 413 421 408 465 425 382 521 445 394 387 504 404 481 469 405 558 539 490 460 512 506 523 568 373 492 419 478 407 538 430 560 495 540 456 403 557 496 440 402 376 494 544 417 416 420 547 353 444 570 462 565 434 418 458 546 426 352 442 497 367 507 520 502 409 548 536 553 559
502 552 448 425 354 397 418 384 357 396 569 464 350 426 34 543 374 444 415 477 469 485 570 421 472 534 435 173 380 540 557 572 563 520 508 356 486 470 480 513 463 510 459 365 389 403 382 533 449 457 409 519 541 405 556 422 467 360 454 505 355 437 407 523 496 549 452 555 478 532 377 383 547 554 509 361 535 521 428 499 528 565 416 420 531 567 387 408 349 516 445 432 406 518 558 551 427 402 352 443 456
503 372 361 530 405 499 437 477 433 534 518 467 522 485 429 466 478 541 403 562 481 572 407 568 532 533 474 457 454 470 549 453 369 443 421 435 455 424 489 349 504 396 357 380 442 543 356 459 505 531 411 449 498 173 490 379 354 529 34 397 510 348 364 516 558 571 551 509 563 448 422 519 355 399 464 393 367 441 381 410 382 371 427 480 528 390 351 491 555 547 546 552 548 508 359 198 472 426 476 406 554
504 352 453 477 354 443 394 445 484 413 34 389 554 365 540 415 499 425 419 498 537 536 494 469 535 472 462 427 173 512 349 406 424 375 411 511 387 356 385 414 479 357 437 482 485 518 509 526 495 430 534 362 439 451 492 398 538 416 473 567 501 434 381 400 392 542 570 378 560 505 440 468 493 370 551 503 428 508 478 384 465 454 442 460 523 390 532 486 487 572 549 552 380 393 467 404 497 458 527 353 371
505 383 491 366 412 495 426 359 365 396 377 388 482 387 362 558 391 533 472 552 400 465 418 523 512 414 521 490 556 489 484 519 410 543 415 417 428 480 548 373 496 448 367 395 361 511 360 405 547 413 510 350 502 531 528 474 390 371 375 567 409 354 422 565 545 445 384 376 494 508 535 402 450 444 455 461 506 374 553 34 425 492 473 570 488 549 557 438 520 363 470 427 446 403 544 562 504 407 434 546 355
506 530 562 476 372 393 467 380 429 540 539 379 399 449 441 499 572 406 571 568 435 509 505 498 359 522 364 532 466 361 551 469 531 501 529 437 407 381 349 502 564 410 490 198 549 382 474 554 458 558 462 411 485 468 355 470 481 489 357 541 516 348 351 403 477 433 424 405 459 533 383 354 518 362 396 534 486 453 440 371 377 535 356 508 491 34 543 369 415 547 401 457 450 389 386 548 446 427 536 555 173
507 401 386 530 464 372 384 427 466 568 532 539 350 516 356 562 467 453 564 499 481 429 349 541 529 552 443 410 572 364 509 379 351 411 405 399 502 441 381 198 474 437 369 393 440 535 522 462 505 435 476 468 173 551 361 407 508 534 406 549 371 415 396 498 486 518 472 501 531 490 422 571 454 359 459 480 457 512 487 433 494 375 569 455 424 495 546 367 554 357 389 409 413 533 469 446 382 434 352 362 430
508 512 372 539 481 531 529 367 547 489 354 474 491 540 471 549 466 490 519 452 379 429 390 530 407 494 463 522 382 502 470 381 446 537 558 560 396 548 450 518 383 424 557 469 377 435 437 391 499 462 365 555 403 380 414 487 352 453 355 498 552 385 482 366 460 551 572 362 505 369 426 526 375 536 384 480 361 359 473 443 554 419 509 535 467 546 455 457 521 532 387 420 173 388 504 427 561 410 565 472 484
509 413 489 448 482 366 474 383 359 405 519 545 560 480 400 512 377 354 495 396 410 387 463 428 414 371 452 484 445 494 568 426 521 395 388 365 533 548 556 470 465 473 409 403 450 417 373 363 391 490 544 562 362 361 418 569 496 558 444 390 374 385 415 491 34 539 502 462 493 408 425 513 504 355 567 412 438 422 547 427 537 420 440 511 520 492 506 402 375 423 461 510 535 570 368 549 471 431 536 508 451
510 498 349 572 401 386 467 462 532 443 379 453 534 538 437 34 499 502 406 491 411 375 380 413 476 536 480 393 540 501 404 511 469 352 494 505 173 558 482 445 440 356 364 439 571 400 446 378 477 198 362 484 487 430 399 391 427 385 478 394 509 537 493 554 539 353 351 485 390 518 416 373 419 441 549 569 371 383 464 564 516 512 545 377 357 434 414 381 415 384 488 479 496 522 398 535 366 520 465 451 530
511 433 568 466 355 435 562 359 454 522 477 382 519 481 369 470 455 429 407 485 173 403 372 441 533 361 397 541 357 457 499 489 464 450 518 396 453 399 380 486 554 531 530 476 510 516 505 504 367 468 490 381 564 393 354 547 467 501 469 548 356 543 491 565 551 377 449 555 364 552 427 509 498 546 411 529 198 471 389 478 528 459 572 405 442 571 383 384 349 351 463 425 410 426 443 424 502 474 390 569 448
