513 677 576 643 632 599 595 615 583 600 622 665 662 675 588 589 618 670 679 573 611 621 650 592 578 605 657 584 626 635 659 655 682 628 616 663 625 681 664 619 627 598 640 577 603 623 678 582 658 661 674 660 575 636 574 631 667 579 597 638 649 684 685 639 612 672 633 668 617 607 602 654 666 647 173 620 596 680 609 414 594 642 581 653 630 480 422 644 593 590 34 427 673 652 601 656 671 107 629 556 676
514 679 622 684 584 677 588 631 660 621 595 576 678 682 667 605 632 672 619 618 589 663 596 665 647 657 625 633 655 659 574 616 577 662 599 578 583 611 598 592 579 670 575 573 664 681 628 640 635 685 615 582 654 603 661 636 600 643 623 620 627 639 650 675 680 626 612 597 653 594 658 668 638 649 674 666 630 173 617 607 581 602 642 609 34 644 422 590 427 671 480 593 652 634 586 673 629 610 587 646 601
515 595 665 600 650 599 589 632 662 643 622 621 577 640 657 628 616 670 682 663 661 578 659 583 615 627 625 574 675 576 584 596 618 605 660 582 681 655 658 623 679 647 626 611 677 684 619 635 588 664 579 633 603 597 631 573 667 598 649 575 612 607 685 602 639 636 173 617 592 638 594 674 680 581 642 668 653 590 630 678 609 666 34 672 644 422 593 427 652 634 480 673 586 601 671 610 587 629 656 107 646
524 655 677 679 611 615 682 573 621 605 575 618 626 583 622 597 589 588 657 616 632 662 625 631 665 663 684 636 579 633 584 675 658 619 595 603 678 599 596 672 660 623 681 670 653 664 620 592 628 582 685 661 600 612 576 577 680 667 640 659 574 639 650 578 643 635 173 627 649 647 598 630 654 617 666 602 581 642 609 594 668 638 590 644 607 674 427 34 593 422 480 629 601 652 634 671 610 586 673 587 107
542 622 576 635 632 665 628 662 659 595 583 615 578 599 679 677 600 664 663 616 681 675 647 670 640 643 582 661 650 577 627 667 621 584 660 655 611 588 658 657 619 618 685 631 682 589 626 684 573 598 579 672 639 574 605 575 603 678 592 612 653 597 623 596 633 680 594 636 668 625 638 620 674 581 642 617 654 602 607 630 649 666 173 644 609 422 590 34 480 593 634 427 586 671 629 652 601 656 673 610 646
544 677 622 684 665 588 655 583 632 584 599 623 635 681 576 628 592 615 640 625 616 650 679 595 611 643 675 579 661 663 670 621 659 672 577 589 662 658 626 612 657 633 600 574 582 575 636 603 598 573 682 647 605 664 618 578 631 597 627 660 620 667 678 619 668 674 685 653 638 680 639 602 596 617 654 630 173 649 609 594 607 666 581 642 590 34 427 422 644 652 673 480 593 629 656 610 586 634 601 107 587
34 579 626 677 685 660 640 680 647 589 625 666 633 678 611 650 657 617 672 612 662 596 628 576 654 575 623 603 675 632 636 577 630 605 616 618 621 665 663 681 664 615 578 590 653 592 682 684 582 609 573 620 583 659 574 599 627 600 635 588 670 661 643 639 584 652 619 595 622 597 598 679 642 644 581 656 634 655 671 658 631 614 422 674 673 668 586 587 667 363 438 683 645 646 669 593 610 638 676 637 376
553 679 665 622 615 584 599 670 583 675 660 576 595 650 631 632 640 682 578 616 674 677 588 600 621 658 678 659 643 582 655 662 635 627 657 684 577 668 661 639 573 618 574 667 681 628 663 626 605 625 611 602 647 619 649 589 672 575 607 592 603 594 173 414 596 685 638 612 623 620 653 597 579 630 598 680 664 633 642 581 636 617 654 593 480 590 34 629 427 610 671 601 656 673 107 641 652 587 563 395 637
556 618 660 664 573 588 603 584 677 654 678 633 611 589 616 684 672 679 576 583 653 658 626 619 605 623 640 631 596 682 670 632 685 643 597 661 675 650 625 681 635 657 595 663 600 598 680 659 599 636 630 615 592 577 647 665 668 574 579 620 578 649 575 639 655 622 621 582 612 662 617 627 173 638 602 609 590 674 581 628 644 607 642 667 593 666 594 427 34 601 629 422 671 656 641 610 107 480 646 634 587
558 662 588 675 677 576 640 628 658 578 659 661 647 632 577 665 635 622 615 599 643 582 605 595 583 575 619 625 682 670 627 684 650 618 631 592 681 602 679 685 672 584 655 600 597 573 638 579 678 668 657 639 620 633 621 616 607 664 626 636 611 612 623 589 660 663 680 603 667 674 574 654 653 414 596 598 617 649 630 581 590 642 666 594 609 173 629 644 652 422 673 593 427 601 656 637 394 107 34 676 610
559 622 576 625 684 589 679 663 677 658 628 665 605 670 675 584 583 662 579 632 626 582 588 650 600 573 640 633 682 621 643 661 599 577 595 615 611 631 598 660 618 659 678 616 627 592 657 612 623 635 619 655 649 647 597 575 603 578 173 685 664 636 681 667 574 638 672 639 680 654 668 607 596 653 620 594 674 630 609 581 617 642 602 666 34 427 644 590 422 107 629 601 480 593 656 671 634 610 652 673 586
561 677 632 588 679 665 684 583 595 618 678 599 675 626 584 577 667 597 640 662 628 615 650 589 670 631 681 625 647 661 643 598 659 582 622 605 575 627 616 660 592 576 633 579 623 578 611 620 635 636 600 658 664 612 639 663 603 621 682 573 668 657 619 655 649 594 672 574 680 674 685 173 638 602 596 607 617 654 666 653 581 642 630 590 609 427 34 644 480 652 593 673 586 634 601 629 671 610 107 587 656
563 682 588 576 605 663 660 640 684 664 584 672 583 611 630 600 678 625 592 618 628 596 659 595 665 655 632 679 575 619 654 582 621 681 579 670 574 622 615 662 657 675 677 631 635 626 578 623 589 616 612 599 650 658 633 573 653 577 643 597 598 680 661 636 603 647 620 685 617 627 668 639 644 666 638 590 602 609 422 674 607 629 649 656 642 581 414 601 173 652 637 107 667 34 593 683 395 610 641 673 646
566 684 679 660 657 595 677 622 663 650 618 573 584 632 583 588 615 589 643 681 616 577 670 592 655 600 605 628 626 665 599 659 682 640 611 675 578 631 662 685 664 621 574 672 647 627 635 623 576 582 667 661 668 678 625 598 597 575 579 619 658 603 633 638 639 596 653 636 620 630 654 617 612 680 602 594 607 173 666 674 649 609 414 581 34 642 590 422 644 427 671 593 629 480 652 656 601 610 586 634 673
567 576 583 679 584 618 662 681 632 655 677 665 640 615 659 643 682 675 588 622 650 599 670 664 660 595 578 663 577 647 589 658 635 628 661 616 582 600 627 573 626 672 684 592 631 625 620 678 619 685 621 575 611 654 623 633 657 612 636 579 639 666 596 668 597 574 667 653 674 605 680 598 638 617 603 630 602 649 581 642 607 609 594 173 644 590 427 422 593 480 34 656 107 629 652 601 673 634 586 671 587
573 628 627 647 577 582 661 658 681 595 578 640 600 583 635 556 670 659 662 650 436 586 652 665 615 480 492 656 594 599 634 675 676 576 643 673 370 524 610 566 646 606 438 363 173 667 632 434 651 34 348 513 587 391 671 649 412 669 593 641 563 607 558 559 378 500 604 483 506 567 683 645 423 614 394 427 514 553 107 544 602 376 542 515 674 561 591 373 400 580 431 637 414 465 638 374 428 668 475 496 461
574 647 650 681 659 661 578 658 635 632 595 427 627 640 583 634 576 599 594 662 582 643 615 587 600 586 675 651 628 670 577 173 436 480 649 646 610 665 667 506 563 363 378 593 515 496 34 412 461 475 607 514 591 566 638 606 676 492 544 673 553 602 674 556 434 107 428 376 669 374 400 668 652 641 645 524 542 614 370 500 513 348 656 431 373 671 465 567 414 558 559 394 683 561 423 391 655 483 580 629 438
575 578 628 658 577 659 610 662 600 599 681 582 665 634 627 647 594 661 643 615 635 675 667 632 640 650 480 576 583 595 670 646 34 483 676 558 586 563 656 524 587 671 412 391 652 593 673 370 394 434 669 492 561 614 514 436 363 438 544 427 606 604 376 423 400 566 567 645 651 602 556 513 559 641 506 348 637 542 475 515 173 428 553 431 638 465 395 378 500 649 461 107 374 496 607 591 674 683 580 642 373
576 593 422 590 621 395 620 625 671 653 666 597 438 480 604 617 579 563 685 626 587 636 645 672 630 574 596 374 639 657 609 654 558 612 680 610 603 664 605 644 592 611 461 423 586 567 542 598 684 663 580 575 678 348 619 400 513 34 623 391 483 500 651 618 376 559 631 622 573 370 673 683 378 556 428 363 646 373 652 656 412 633 553 641 589 637 427 107 514 544 591 677 616 434 475 465 515 660 588 496 506
577 422 644 609 653 680 672 664 630 611 636 598 654 603 617 575 619 612 685 625 597 573 666 427 592 590 678 639 626 618 620 107 579 684 605 633 657 623 621 588 596 601 574 558 616 461 395 663 677 394 374 683 589 682 515 34 580 428 378 496 660 622 438 483 641 400 656 480 566 475 561 593 500 629 604 649 610 637 671 567 348 542 506 431 563 655 544 631 645 514 373 423 173 363 465 559 492 591 553 584 376
578 636 575 612 597 603 590 579 654 625 672 621 598 680 611 684 653 422 609 633 589 620 630 592 596 663 574 678 666 644 623 617 685 622 664 573 618 619 374 616 656 558 660 593 626 427 363 639 461 395 631 483 683 604 584 496 605 671 107 438 601 682 34 587 588 515 378 542 431 645 348 677 563 480 553 641 434 428 567 423 500 173 580 513 475 591 373 566 657 391 637 370 506 514 649 655 561 394 610 586 544
579 681 578 34 650 647 675 583 659 600 632 658 576 635 173 599 643 615 640 670 582 649 595 427 577 594 662 661 627 651 480 628 436 634 665 610 374 674 667 646 586 394 563 602 412 544 363 559 614 593 378 524 669 671 676 431 558 587 607 652 606 500 645 492 506 641 561 370 514 496 683 376 638 673 107 556 515 656 483 566 414 542 668 428 475 604 434 391 567 423 513 400 348 465 438 591 461 373 580 637 553
580 665 643 576 595 582 647 632 675 635 583 599 670 662 577 615 640 659 661 627 681 600 650 658 578 679 628 677 589 678 682 620 622 573 626 618 588 625 655 667 584 663 631 616 684 660 621 623 674 596 657 579 603 672 605 633 639 602 654 668 574 592 638 575 594 653 666 611 619 597 581 173 685 680 636 642 598 612 664 617 607 671 480 34 634 427 649 673 590 652 593 586 587 646 630 644 422 556 609 394 610
581 668 602 607 638 674 414 655 649 667 594 656 629 606 673 652 173 34 671 107 610 626 601 630 431 374 588 651 394 436 363 641 657 634 646 622 515 666 376 423 524 434 556 465 685 586 542 669 587 605 461 664 679 496 506 620 637 683 370 614 500 676 391 631 475 558 427 514 567 575 653 428 684 438 580 513 483 559 639 561 604 422 584 591 395 544 378 480 563 400 590 617 645 348 597 619 566 492 373 616 593
582 422 664 680 654 636 644 625 653 609 592 619 685 630 617 573 575 603 598 621 612 611 672 666 618 620 590 597 579 678 633 574 639 596 427 684 657 580 593 374 641 660 663 601 671 395 496 461 438 558 637 656 428 107 649 563 480 622 363 631 500 623 588 645 629 616 589 348 34 591 394 483 423 431 376 400 587 475 673 682 605 604 378 651 584 542 373 515 626 677 559 553 391 586 561 567 173 669 506 610 566
583 422 625 653 579 657 685 680 609 598 684 574 619 596 654 678 592 639 603 621 636 590 671 395 630 664 597 612 573 589 567 663 666 374 644 438 423 683 593 611 348 575 376 622 645 483 672 496 618 563 580 660 391 617 363 605 558 604 677 378 370 673 475 428 561 601 626 591 610 461 556 394 544 633 553 620 623 616 631 682 500 513 542 676 566 637 614 492 431 524 427 515 656 587 400 34 586 649 606 465 480
584 634 480 586 647 646 587 436 610 652 632 506 649 627 514 556 659 563 376 427 412 594 650 434 567 651 673 661 645 553 370 606 662 578 363 544 640 566 683 599 173 496 348 431 400 595 676 423 681 561 591 461 671 600 615 378 593 373 559 515 643 374 614 582 583 500 558 658 669 475 394 576 635 542 667 513 428 438 492 670 628 524 107 641 665 34 675 577 391 638 465 602 656 580 668 604 607 483 629 590 644
586 679 584 682 631 588 589 622 655 621 660 678 616 618 592 625 677 574 663 576 605 573 597 619 639 649 596 626 684 672 685 575 611 643 579 598 668 600 657 615 675 599 670 658 583 636 595 661 653 173 650 640 612 681 630 582 414 664 620 638 654 603 623 632 578 627 633 628 665 667 602 662 635 577 617 674 607 609 680 666 659 594 34 422 642 427 656 581 644 590 480 629 601 593 107 647 394 610 652 395 434
587 588 631 679 584 605 622 576 621 682 574 592 660 663 639 616 611 677 618 657 619 598 678 589 628 655 625 620 643 672 633 685 578 650 615 661 670 627 595 603 599 575 597 664 596 583 635 681 623 582 573 600 636 684 675 653 579 640 632 665 626 667 612 649 658 630 638 654 577 662 666 680 674 607 659 668 617 414 602 422 609 594 173 642 34 581 644 647 590 480 427 601 656 107 629 593 676 394 652 610 395
588 587 634 480 594 647 436 646 586 652 614 563 431 673 645 376 558 593 667 391 675 556 434 676 577 615 370 496 561 378 610 506 628 514 662 438 500 604 423 544 656 661 669 643 651 627 173 348 658 671 566 582 650 578 641 567 513 524 665 606 363 595 412 465 681 492 600 427 659 576 553 599 670 559 591 640 542 34 373 635 394 649 583 428 400 515 395 475 632 374 638 607 683 580 483 629 107 668 602 642 581
589 480 647 578 646 586 673 652 658 436 593 681 659 615 34 634 600 628 627 635 583 669 431 363 599 391 662 515 651 556 427 670 661 665 650 577 656 506 587 412 559 610 434 643 576 394 582 632 566 595 348 376 524 641 492 513 676 637 173 514 675 563 640 561 107 567 594 544 645 378 400 683 370 649 496 500 483 423 542 606 674 374 580 465 614 558 671 602 604 668 607 438 475 428 553 667 395 591 373 629 601
590 578 658 576 647 628 659 675 681 600 643 662 627 615 577 599 665 582 670 661 650 583 632 595 640 667 635 173 34 649 679 594 676 638 652 602 673 427 631 607 674 394 634 668 480 655 436 671 593 610 556 563 584 657 107 641 637 656 515 682 558 431 492 639 586 646 642 622 524 604 581 395 614 587 561 434 669 376 574 663 378 616 660 465 370 483 363 544 566 596 629 438 683 428 348 621 412 601 651 645 391
591 679 655 599 583 622 640 665 643 662 576 625 582 682 657 584 628 660 681 650 600 675 670 659 578 632 658 588 595 627 621 618 615 574 616 631 663 577 684 661 635 647 626 573 620 677 672 685 678 605 611 589 592 603 664 579 619 638 649 639 598 173 602 596 667 597 630 633 636 575 668 674 653 654 623 594 642 581 680 607 666 612 34 422 617 480 427 609 644 593 652 629 601 673 107 394 610 656 676 556 671
592 647 610 675 627 659 650 681 634 600 643 582 577 658 599 662 628 578 635 665 640 615 595 632 661 583 646 586 587 670 576 594 492 651 436 563 363 34 173 544 641 558 566 606 480 652 667 513 649 394 656 614 676 412 602 370 500 561 645 483 514 567 431 376 391 434 506 556 604 524 559 428 348 673 593 378 107 374 475 400 607 671 683 423 669 542 465 438 496 373 461 591 515 553 427 674 580 637 638 668 601
593 576 622 675 663 599 589 681 661 670 588 605 650 647 596 643 632 616 640 639 684 602 578 665 600 582 583 627 677 659 662 660 628 678 598 682 621 625 595 612 638 635 658 603 668 607 574 577 584 672 623 575 573 579 626 615 679 618 633 611 674 666 636 592 649 619 630 671 652 664 414 609 610 657 620 173 654 631 597 590 653 617 629 667 637 656 655 427 685 34 107 556 680 644 641 601 581 642 683 436 594
594 588 663 682 612 639 630 636 620 575 574 654 672 618 596 579 617 622 677 653 664 684 597 616 625 621 422 678 584 573 657 685 633 592 603 611 598 660 631 679 644 666 363 623 656 619 642 589 609 107 655 605 581 632 680 590 626 647 646 683 395 640 394 662 659 583 652 483 681 348 651 561 576 675 671 634 600 500 649 665 461 635 643 514 436 400 553 669 515 431 496 582 542 587 599 641 492 629 578 438 645
595 422 630 680 621 672 620 685 664 666 653 611 574 636 592 678 596 625 654 612 618 603 573 431 483 579 639 616 395 663 637 438 609 617 604 590 378 622 515 580 631 394 644 597 619 633 575 660 400 475 656 683 566 598 629 500 558 563 374 542 423 513 561 610 593 669 348 492 496 107 684 363 553 514 584 461 376 589 587 544 676 373 391 427 588 682 626 657 614 567 601 586 428 605 645 671 606 506 641 623 591
596 647 480 661 650 640 659 578 643 658 635 681 583 595 599 576 675 594 582 593 632 662 615 627 577 34 600 610 628 665 427 670 173 649 667 674 586 563 646 607 602 673 668 634 107 556 587 514 515 436 652 614 656 638 651 524 506 412 394 645 374 378 363 376 496 566 431 567 434 391 428 348 373 461 400 606 655 542 475 580 370 423 641 544 558 500 676 553 591 683 465 513 492 644 561 629 559 601 669 620 617
597 578 647 658 659 627 577 600 681 576 650 628 670 675 634 582 599 640 635 643 615 673 662 583 661 594 665 652 595 586 646 436 632 669 651 676 394 524 587 391 370 561 556 492 683 363 667 645 558 480 563 434 483 656 376 606 671 610 431 566 34 674 544 604 378 614 412 515 348 559 637 506 649 427 438 173 496 374 465 513 514 607 400 567 542 428 500 423 593 641 475 395 107 591 553 373 638 580 668 602 461
598 647 658 577 578 659 635 615 675 627 582 662 661 600 583 670 681 628 640 665 436 643 576 652 673 599 480 650 595 632 587 594 593 634 646 431 586 669 671 676 674 394 667 614 561 556 563 363 348 651 514 559 566 544 656 376 506 492 638 610 513 645 34 604 649 542 173 370 641 496 400 483 606 515 668 607 434 602 524 683 378 438 412 475 427 637 391 373 500 558 567 591 465 423 395 629 553 428 580 461 374
599 680 685 654 664 422 657 575 592 630 639 672 590 593 678 579 596 644 574 653 609 597 621 605 625 666 619 626 636 612 663 622 617 603 671 395 618 598 660 604 107 611 620 645 589 573 515 378 496 427 616 558 601 580 423 461 633 500 591 656 374 683 483 684 631 431 438 553 682 513 629 428 348 544 561 584 651 363 655 586 587 542 370 637 567 465 480 623 673 641 34 669 434 563 376 566 676 588 475 391 400
600 653 672 603 654 684 612 636 620 422 592 597 625 575 590 678 621 623 680 639 644 611 579 598 630 617 685 633 666 609 664 618 395 663 589 574 622 573 619 677 660 593 374 438 423 427 596 657 515 563 645 671 683 631 378 605 604 480 656 616 626 506 513 461 475 586 483 376 107 637 394 682 584 492 566 542 676 580 428 641 588 610 591 500 601 431 587 391 669 400 373 553 34 558 559 496 556 673 655 567 606
601 675 643 647 577 582 670 627 659 640 661 628 650 599 662 632 583 665 658 635 578 681 615 595 600 674 576 679 667 638 631 581 677 622 173 642 607 480 639 682 657 588 668 660 671 684 594 584 618 621 589 602 616 620 633 634 673 623 678 596 626 625 427 605 575 652 666 663 603 34 574 579 680 653 617 654 592 664 611 649 593 573 672 655 586 556 598 610 612 646 587 685 563 590 636 461 436 619 597 394 370
602 581 642 593 666 671 620 480 672 596 558 579 621 664 646 612 630 422 604 653 634 663 685 656 592 678 603 438 436 660 395 654 574 652 617 573 680 586 610 590 575 584 683 669 589 636 677 673 553 618 363 645 625 651 609 619 644 633 676 598 587 515 373 631 588 614 556 637 412 434 623 423 684 544 639 622 348 500 427 492 378 605 591 513 483 524 611 563 659 391 566 580 394 561 576 601 647 400 475 616 567
603 628 658 578 681 600 577 647 627 662 615 661 582 659 640 665 595 583 634 670 480 632 576 675 635 599 652 556 650 673 646 34 643 594 667 436 656 593 676 587 427 348 391 434 370 610 492 668 669 376 674 465 173 363 651 602 607 524 586 671 649 563 544 414 606 431 394 614 513 514 561 412 515 378 566 559 645 400 542 638 107 558 641 496 395 604 423 506 428 500 591 553 483 373 438 637 580 655 683 629 475
604 665 576 681 595 615 650 599 647 588 632 583 643 578 655 600 662 675 640 661 633 605 670 627 577 611 582 635 625 659 602 628 658 573 682 677 654 622 679 612 592 575 619 674 598 597 636 657 623 589 579 684 620 663 649 660 621 672 626 603 631 584 616 607 678 618 680 667 630 685 617 664 668 644 653 638 173 666 609 574 581 639 642 590 594 427 34 652 107 656 601 480 673 629 556 634 593 586 394 610 587
605 634 646 647 651 480 587 662 681 656 412 614 563 599 659 593 628 436 577 576 586 673 675 665 640 632 643 661 431 391 676 658 438 434 558 583 635 600 34 363 627 376 578 610 606 652 615 671 492 556 524 428 394 641 348 514 604 650 669 373 566 423 559 582 595 370 427 500 515 378 683 496 513 645 173 594 475 483 561 667 107 670 506 465 544 668 553 400 649 395 607 542 637 591 679 374 674 567 602 580 642
606 682 622 618 655 584 633 573 605 679 626 657 643 588 611 592 631 583 665 621 662 658 677 625 595 576 615 684 670 640 661 579 636 623 599 681 650 600 635 660 574 619 632 616 589 582 628 597 575 603 581 659 685 627 642 654 664 578 678 672 577 598 663 620 647 173 649 639 612 596 680 675 594 667 666 653 609 617 602 668 638 630 427 480 674 422 34 644 593 607 590 601 652 673 107 629 656 634 563 558 671
607 642 581 620 672 644 654 596 666 621 593 395 422 573 574 653 680 579 630 603 480 612 394 663 623 625 611 558 645 671 634 682 636 588 652 610 678 639 605 617 587 589 586 592 590 660 598 646 664 515 633 597 500 553 436 616 427 438 637 685 677 378 584 626 601 492 651 684 483 604 348 400 619 423 673 683 669 363 513 656 614 641 676 575 561 556 609 559 496 566 622 412 618 428 465 514 563 431 373 376 544
609 577 647 658 628 578 675 632 582 662 583 659 627 643 640 600 599 635 576 665 670 681 650 595 615 661 34 667 173 594 436 610 480 634 674 673 394 427 671 652 586 646 602 668 593 587 556 638 676 391 649 434 563 431 679 631 606 524 607 376 513 544 496 651 655 604 363 656 669 614 492 348 483 500 559 645 412 423 378 566 515 514 642 682 584 567 660 506 581 370 639 558 620 374 683 561 438 622 395 641 542
610 679 655 682 618 592 657 575 664 663 584 622 639 631 677 660 654 576 666 611 649 588 621 685 596 678 653 574 583 662 628 625 173 595 633 573 605 589 579 612 623 635 636 616 658 665 672 630 626 668 603 577 600 681 638 684 640 650 670 609 632 674 680 620 675 582 627 647 643 578 422 597 598 659 414 602 607 615 599 427 619 581 661 617 593 642 673 644 480 590 594 652 667 107 34 656 629 601 363 676 683
611 673 658 577 652 647 578 436 627 659 646 600 595 582 681 643 670 671 635 640 675 628 661 615 634 610 480 576 34 662 665 583 676 656 599 587 391 563 556 376 650 348 667 594 524 586 394 645 173 492 370 606 651 544 632 604 513 434 566 423 427 542 515 669 107 465 514 412 559 363 593 561 483 378 683 607 414 614 431 395 558 641 428 567 674 496 553 500 374 668 637 438 649 373 400 506 591 475 638 602 461
612 578 627 647 658 600 628 577 681 659 615 661 582 662 594 480 670 635 595 665 643 576 650 599 675 667 640 676 583 646 34 173 634 673 436 593 632 610 652 602 391 563 586 427 394 671 544 649 587 378 607 561 604 376 348 669 559 412 428 558 524 370 668 651 638 556 431 107 438 641 414 567 514 515 492 496 614 542 483 606 645 513 434 656 465 566 423 655 674 475 400 506 637 553 374 395 363 683 629 580 657
614 588 605 677 664 622 627 655 684 615 583 672 657 631 635 618 650 626 679 678 595 658 584 579 633 659 628 625 623 665 592 632 598 663 576 670 616 647 662 596 660 599 681 661 682 575 685 582 573 675 639 640 600 603 611 173 636 597 589 620 643 577 617 649 574 619 653 578 667 621 612 668 602 638 34 654 630 674 607 594 414 680 581 480 609 427 666 642 644 590 593 671 107 601 656 629 586 634 673 587 646
615 654 672 603 598 422 653 590 625 612 680 664 620 636 630 592 622 579 683 621 395 589 438 619 575 666 685 597 574 678 644 107 618 684 611 617 639 596 609 604 475 483 461 588 623 374 660 657 573 663 431 423 671 394 558 633 637 348 428 427 363 496 616 553 649 656 677 524 626 513 580 34 500 400 605 567 614 542 631 563 587 566 544 586 378 465 601 676 492 515 584 641 673 645 682 373 561 629 412 173 506
616 480 659 586 436 681 647 627 651 595 173 578 593 640 587 673 634 594 427 363 632 577 643 649 650 662 645 599 658 556 628 506 412 661 635 107 615 646 461 670 34 683 431 675 600 652 583 515 374 582 610 576 566 544 496 434 348 391 524 475 553 656 665 542 370 671 563 676 669 500 492 373 376 567 514 614 378 394 513 591 561 641 667 428 606 558 559 423 638 465 483 668 438 607 580 604 674 400 629 601 602
617 647 658 675 173 665 577 681 649 670 640 582 627 576 635 578 600 650 632 662 659 661 594 599 615 595 643 34 667 628 583 673 427 652 671 436 674 634 676 679 602 638 434 563 668 586 376 480 614 646 607 641 587 610 651 556 492 566 515 391 683 637 428 524 431 363 513 558 394 631 544 593 669 483 348 567 496 412 378 604 645 465 629 395 506 622 423 438 606 561 374 542 584 500 475 107 639 682 514 400 370
618 436 610 627 647 658 635 652 643 582 659 556 586 577 595 634 600 594 628 480 661 615 650 434 578 673 665 363 640 675 599 506 376 667 606 632 662 583 587 576 567 670 651 563 348 671 173 646 427 34 561 566 645 676 475 656 558 431 681 496 649 524 669 614 391 394 514 513 370 500 378 515 465 374 423 591 593 683 492 412 542 559 553 428 483 544 373 107 641 400 602 580 461 438 638 674 395 604 601 607 629
107 632 577 675 615 635 665 647 599 660 643 661 677 616 628 582 667 650 682 662 595 578 576 640 596 679 600 659 631 658 583 633 670 589 657 627 681 594 611 584 621 605 626 620 678 573 625 685 623 579 672 674 574 642 618 592 680 581 684 653 612 588 603 622 639 666 638 671 655 668 619 654 575 663 597 590 617 636 634 610 593 602 664 598 607 480 673 652 422 587 586 646 645 436 556 630 644 604 669 563 438
619 647 628 627 658 577 675 681 643 640 582 659 583 661 436 615 599 634 600 578 635 662 595 646 670 586 576 650 665 632 587 656 676 558 563 173 556 376 480 651 673 370 514 363 348 412 378 667 492 641 669 594 671 652 515 431 434 524 542 500 606 483 34 513 649 438 683 506 567 604 427 645 391 674 394 559 566 423 400 593 544 610 561 614 602 553 374 373 496 591 475 637 428 607 107 668 638 465 580 395 642
620 670 628 675 661 600 607 656 576 578 662 595 658 615 665 650 647 643 582 594 667 627 635 173 577 649 659 638 681 599 640 602 583 674 587 632 34 646 363 500 436 652 586 480 506 673 610 107 634 427 561 558 567 524 671 348 563 651 668 465 556 496 676 391 580 514 614 544 428 641 591 483 669 604 374 423 431 657 412 645 376 566 606 438 370 593 373 378 683 434 542 475 553 513 400 642 601 679 629 581 559
621 647 681 578 634 576 650 640 658 675 595 635 627 600 582 586 646 661 659 670 587 599 615 583 651 632 628 173 577 427 480 610 665 594 662 412 506 643 645 515 593 34 492 514 563 669 607 524 348 602 671 513 606 649 496 668 414 461 553 544 667 370 542 394 591 378 566 559 673 107 641 428 363 674 676 500 656 436 465 558 567 434 638 431 561 483 683 376 391 373 556 423 475 652 374 400 614 604 580 629 601
622 480 634 651 593 681 587 586 646 647 610 578 615 514 412 542 363 600 599 594 650 675 492 506 544 370 606 659 595 500 669 583 661 559 640 658 558 676 665 576 378 643 614 400 515 553 566 635 461 591 348 671 662 627 427 582 431 577 436 632 670 513 628 563 645 391 524 373 641 567 394 652 483 673 434 465 561 656 683 667 475 496 376 438 604 423 374 34 637 173 556 580 428 107 649 601 629 602 642 581 674
623 647 600 578 658 646 681 436 577 628 634 615 652 627 576 480 659 34 394 662 673 675 665 173 583 676 640 544 610 376 661 582 391 643 667 556 649 670 599 593 587 563 635 671 594 370 595 515 614 348 632 431 606 641 492 650 434 427 566 378 586 561 524 363 496 651 607 637 412 669 423 107 559 513 514 558 656 674 604 465 395 400 483 567 668 645 500 374 542 373 438 602 580 428 683 638 629 655 475 506 553
625 681 578 634 583 661 628 576 627 577 600 582 635 659 647 615 670 643 595 662 650 632 599 34 586 640 394 658 651 656 675 594 673 378 370 652 646 436 563 559 671 558 610 480 593 665 587 669 667 645 591 544 173 348 515 676 427 524 604 412 606 514 431 561 614 556 492 434 500 674 649 668 428 513 376 374 373 567 566 107 641 607 423 414 465 506 483 496 553 363 391 683 400 580 602 475 637 395 638 655 438
626 673 34 681 652 436 659 647 576 577 671 656 662 599 675 635 480 665 643 669 427 394 578 173 661 431 434 658 483 586 412 583 628 627 649 556 615 376 600 646 500 348 363 634 606 676 651 667 524 632 640 561 650 563 610 492 614 645 595 391 566 641 506 370 670 582 593 559 475 637 515 513 544 107 587 594 567 423 683 542 378 395 553 374 558 591 496 400 428 642 580 373 581 514 604 438 461 674 607 679 465
627 680 422 653 654 612 664 636 618 573 592 603 619 630 611 597 625 678 621 590 672 598 685 682 617 633 575 574 609 620 639 666 589 644 616 584 656 684 660 438 579 637 596 623 631 663 593 677 657 601 374 626 614 427 461 588 605 395 622 558 363 645 580 587 629 423 500 683 604 394 515 651 679 431 378 496 483 641 373 671 34 475 107 542 591 669 561 553 567 376 428 655 566 652 610 673 646 480 586 649 513
628 654 603 575 672 573 680 636 678 619 422 620 590 609 653 612 625 685 671 427 644 592 597 598 374 611 684 618 605 395 589 558 683 621 461 649 623 574 630 633 428 682 639 588 660 34 596 663 617 542 664 438 601 616 677 579 593 483 563 173 587 626 610 394 107 400 515 673 496 645 423 622 544 657 637 666 591 631 475 559 651 566 431 629 378 561 348 641 676 604 500 614 373 567 580 480 492 584 513 652 506
629 643 595 632 681 647 599 665 582 670 627 577 675 635 628 615 583 576 659 650 640 661 631 581 658 662 642 600 679 578 674 588 677 633 480 667 657 639 622 623 682 660 594 621 593 584 603 626 589 617 673 427 666 616 596 574 620 654 618 579 598 612 605 678 625 173 663 634 671 563 680 636 602 34 684 575 652 668 655 638 597 586 653 672 607 610 556 592 611 664 590 573 348 394 587 685 619 436 374 558 649
630 675 577 647 635 662 627 650 659 595 643 632 658 661 665 578 599 582 640 670 600 615 594 576 681 583 667 628 480 563 173 673 34 634 610 671 652 427 602 586 649 607 674 556 587 646 436 348 593 638 581 642 394 566 370 676 506 524 668 412 376 363 651 614 496 604 558 544 591 514 434 645 656 553 431 567 492 500 461 483 559 374 606 423 515 669 391 513 475 378 561 683 542 373 438 428 641 400 679 590 107
631 587 646 586 634 647 610 436 640 652 650 681 632 659 661 595 651 645 627 376 480 576 428 578 514 662 600 599 643 461 370 363 583 412 671 582 683 675 506 615 558 658 594 553 614 563 556 373 673 628 496 606 465 641 665 378 107 635 670 656 524 561 427 669 566 577 667 649 475 374 591 391 559 542 567 629 500 348 400 438 544 431 492 173 644 515 434 590 394 676 423 601 513 602 580 604 34 593 617 638 483
632 657 422 630 609 395 680 579 574 637 660 107 656 678 592 617 654 639 374 625 672 644 603 590 621 584 636 575 596 682 593 427 631 605 666 685 461 496 558 580 561 378 664 616 597 618 671 653 483 542 500 598 515 604 465 34 619 480 655 348 663 431 629 601 513 567 563 544 391 370 612 622 673 400 475 566 669 376 492 438 573 589 626 394 514 428 641 676 645 683 553 620 423 434 524 684 556 611 633 559 173
633 578 652 627 658 173 600 675 649 670 582 673 436 659 643 34 577 640 628 665 662 647 634 595 671 635 556 681 594 676 615 599 465 480 650 583 610 606 376 667 576 587 661 604 427 394 434 646 637 378 492 412 656 674 632 614 683 514 563 107 524 638 559 641 593 400 561 500 496 544 431 586 558 374 348 669 515 651 391 438 423 483 475 566 668 428 567 363 506 602 629 607 645 370 542 513 395 580 591 657 601
634 682 605 584 588 679 625 660 621 622 655 592 657 631 678 575 639 597 574 677 684 618 589 603 619 611 685 672 623 633 616 663 573 636 649 664 612 579 630 598 173 626 596 653 668 680 654 638 602 617 667 620 674 422 609 607 576 670 643 34 594 661 590 583 414 666 650 595 615 656 644 675 581 427 642 600 658 681 599 582 578 627 601 628 635 640 577 107 629 665 662 632 659 671 480 637 395 363 580 593 641
635 664 422 630 598 621 625 657 680 592 574 596 618 617 654 579 672 636 644 612 620 666 663 611 609 597 653 684 671 575 107 685 589 626 573 660 603 678 619 639 395 542 633 427 641 558 580 637 682 590 616 605 391 622 428 676 374 438 601 378 610 400 544 431 394 593 500 614 563 683 649 423 587 373 629 645 623 677 656 631 376 604 363 348 496 655 173 492 567 584 556 461 465 679 553 513 34 651 606 566 588
636 578 658 647 627 628 577 600 582 659 665 661 670 662 615 675 640 595 635 576 594 643 583 599 650 632 436 681 634 667 34 480 173 610 673 434 671 646 586 652 587 394 649 651 524 676 427 606 563 556 348 674 370 561 544 391 656 376 669 514 614 558 593 607 604 492 668 513 414 496 431 602 363 378 483 412 506 559 566 567 428 515 641 645 400 465 438 423 542 475 637 373 500 638 395 591 374 683 107 580 629
637 632 650 595 627 635 662 615 643 665 582 659 675 647 640 576 583 628 600 658 681 599 633 589 577 677 661 670 626 578 655 623 638 622 667 597 173 480 575 573 605 668 611 625 607 602 649 654 598 617 619 684 603 653 666 579 680 636 594 612 593 674 657 588 621 581 664 592 685 679 427 590 642 34 618 663 616 620 672 596 634 631 644 660 574 609 610 682 563 673 558 652 671 630 587 422 646 586 556 461 676
638 581 642 620 644 593 646 639 656 672 678 394 610 634 682 378 558 422 633 586 596 652 673 574 587 584 579 496 598 637 617 590 588 621 660 666 480 654 616 363 492 641 434 653 566 400 612 683 601 645 651 483 603 573 680 630 348 428 513 556 544 618 376 625 575 107 427 663 373 395 669 438 461 614 431 609 515 559 664 623 591 626 514 391 611 567 563 631 436 542 619 500 553 636 412 671 561 475 604 580 676
639 640 661 659 647 650 599 600 662 634 594 681 577 610 632 643 627 583 576 582 658 595 670 587 615 593 480 635 628 578 667 586 665 675 646 638 434 436 412 431 649 683 173 34 363 558 553 614 669 370 427 561 676 465 461 556 673 514 607 542 506 651 524 566 374 496 671 428 475 563 423 107 373 567 378 400 652 674 515 544 645 629 606 391 394 656 513 601 602 591 348 559 500 492 655 376 580 641 395 438 668
640 422 639 678 621 596 619 653 617 395 664 666 685 680 630 592 574 636 603 663 609 579 34 611 597 427 598 672 573 625 612 631 563 558 575 633 616 644 654 593 618 605 671 590 480 374 363 496 656 679 620 622 601 682 431 461 660 684 657 438 515 591 637 378 580 483 623 584 567 500 604 673 348 641 107 376 645 626 544 556 553 475 506 370 423 561 542 391 394 589 428 566 610 683 586 669 676 559 588 173 587
641 677 582 635 662 650 657 576 665 640 661 577 643 588 670 605 592 622 632 589 659 615 578 600 631 599 626 627 573 628 619 655 595 663 583 682 623 633 584 660 616 679 621 658 579 675 647 625 678 666 611 618 598 654 574 638 620 575 681 617 672 612 603 685 674 653 667 636 684 664 596 680 581 480 642 594 597 607 668 639 590 673 602 652 422 593 609 671 34 556 173 630 634 649 644 586 427 610 436 676 558
642 668 602 607 638 674 414 655 649 667 594 656 173 629 673 606 34 652 107 671 626 630 374 610 651 588 601 431 363 666 641 622 436 394 634 646 434 664 657 461 586 685 587 669 515 423 524 376 465 605 496 556 620 542 506 427 370 575 683 679 653 428 684 391 676 475 637 500 513 558 514 438 614 561 480 580 559 591 590 567 563 619 483 604 639 378 617 645 631 609 597 544 348 492 373 422 395 400 633 566 593
643 422 644 653 685 664 672 630 592 619 590 596 680 618 625 609 620 611 579 639 636 666 575 663 574 597 629 657 612 633 654 598 593 601 626 617 660 580 684 605 438 496 616 107 603 637 621 558 682 423 622 573 515 483 678 513 427 671 428 604 631 588 645 591 586 395 587 394 589 363 506 677 567 676 373 641 683 431 566 378 623 606 400 480 492 376 544 656 461 556 669 542 584 673 391 646 553 475 563 561 434
644 577 643 647 670 675 582 628 578 600 599 635 658 662 659 615 632 650 665 627 576 640 583 681 595 661 607 638 667 594 679 173 674 652 673 668 34 631 649 602 671 563 610 634 427 676 584 436 556 604 596 586 391 394 655 669 480 683 646 434 483 363 660 374 587 639 524 651 656 606 614 496 376 412 593 622 645 370 682 616 492 642 581 657 513 348 574 542 438 514 544 515 637 663 566 378 423 559 500 567 621
645 588 576 655 670 631 583 665 599 616 679 600 621 584 677 660 643 657 618 628 675 627 625 611 582 658 661 682 622 640 662 663 632 578 626 615 635 649 595 681 597 659 650 605 685 684 577 589 579 664 592 667 573 678 619 607 598 575 596 672 674 574 173 603 668 638 602 620 623 633 639 612 636 414 594 647 617 630 34 666 653 609 680 654 422 642 581 644 427 590 656 480 107 629 601 593 652 673 610 676 394
646 682 605 631 588 589 611 584 622 660 621 655 657 679 592 678 623 677 663 612 603 619 597 649 685 575 625 674 667 574 616 618 596 576 639 573 598 626 579 684 638 654 653 633 620 636 672 602 664 643 615 650 665 595 681 640 627 594 680 661 670 599 630 668 582 628 577 675 578 658 617 600 583 414 609 173 607 632 635 662 659 642 581 422 666 34 427 644 590 656 601 480 593 107 673 652 647 629 394 676 556
647 592 598 636 617 422 612 644 619 589 597 653 621 678 630 609 672 574 596 611 588 590 603 573 656 584 663 605 685 579 623 660 677 625 654 682 657 639 618 631 626 622 395 575 620 664 427 680 34 666 593 616 671 374 655 601 107 633 580 558 604 173 428 649 465 637 629 679 683 363 480 684 391 483 348 496 542 673 461 514 400 567 475 561 515 500 378 370 438 434 614 676 667 566 594 610 641 563 506 544 431
649 617 671 633 620 579 660 678 584 628 672 610 652 646 596 616 642 647 574 681 634 586 581 657 615 653 626 664 650 673 582 662 656 663 618 685 680 669 623 635 577 583 645 573 590 659 621 576 636 682 592 639 630 625 631 679 640 589 677 578 612 599 643 654 588 661 603 587 436 666 684 595 665 667 619 632 627 670 600 422 675 598 556 559 605 597 593 614 683 423 391 515 561 604 461 644 524 553 611 376 513
650 422 574 621 592 630 579 596 664 653 666 672 678 654 680 639 597 620 657 617 625 685 395 663 590 637 612 618 427 593 644 636 609 622 684 631 660 682 575 34 573 603 604 438 496 656 671 619 598 515 616 601 480 584 611 348 475 423 431 589 633 641 566 649 107 558 378 677 683 500 394 587 679 553 588 363 483 544 428 614 626 605 374 567 669 591 376 580 513 561 655 461 563 542 370 412 629 586 645 173 492
651 622 605 682 621 616 574 625 660 631 579 679 576 589 677 592 584 618 655 588 678 663 599 597 626 619 573 657 611 684 627 628 685 658 667 582 636 661 615 665 603 595 672 670 635 583 600 650 598 596 643 675 623 620 681 662 664 633 575 577 578 640 632 668 639 612 638 602 594 653 659 617 642 581 674 607 630 649 654 666 173 422 680 609 647 644 34 480 590 427 593 652 673 656 601 610 629 556 395 671 394
652 611 684 626 679 677 588 589 633 618 660 653 584 173 672 631 678 603 598 649 623 597 573 625 685 616 682 576 605 617 654 612 663 667 664 575 592 630 636 596 622 632 620 657 658 655 619 579 640 628 599 675 666 615 638 680 34 627 670 582 668 583 674 661 644 602 643 581 414 642 590 607 574 595 659 681 647 650 594 609 621 593 665 577 600 639 422 427 578 662 635 610 601 641 671 629 480 428 107 656 412
653 627 600 577 675 647 661 643 665 658 628 583 578 650 662 576 582 640 615 670 595 652 599 681 659 635 594 173 632 667 673 610 556 649 676 634 34 646 480 427 587 586 602 563 607 434 671 656 524 391 674 500 436 431 465 492 348 363 376 638 107 614 651 566 414 514 641 683 542 668 544 567 558 496 593 637 669 370 506 423 394 400 483 553 606 604 373 374 428 515 559 580 642 412 561 591 581 645 378 513 475
654 628 627 658 662 578 675 670 577 600 599 661 615 582 659 665 650 647 681 667 635 583 632 595 594 576 610 643 640 556 34 173 671 673 607 563 436 480 646 652 656 634 391 586 649 676 604 376 602 674 514 587 638 606 641 668 363 567 414 427 669 566 558 348 506 483 438 492 412 370 637 524 500 465 593 107 431 614 544 513 559 428 496 651 580 378 434 400 629 561 374 423 679 542 373 591 395 645 394 475 601
655 610 634 363 586 524 671 483 646 647 645 394 642 581 591 632 651 606 604 563 567 544 675 587 614 423 436 659 506 373 656 599 500 348 431 566 492 438 650 665 400 641 661 558 514 676 635 515 434 577 683 553 542 652 594 669 643 513 600 637 670 627 370 681 461 378 578 582 412 391 576 628 640 595 667 559 376 465 556 673 662 480 374 561 475 496 34 615 583 580 590 596 625 649 428 612 107 658 395 574 603
656 647 620 684 657 632 605 173 626 677 665 627 578 625 650 611 680 640 595 573 672 675 659 678 679 662 619 588 582 599 589 667 615 661 600 576 603 575 649 618 658 682 685 638 655 414 577 654 583 643 616 635 633 670 631 594 592 602 427 681 622 581 596 597 653 621 660 642 664 598 636 579 628 666 623 663 34 584 574 668 422 639 612 634 480 607 674 671 586 593 630 590 609 563 676 644 617 673 610 646 587
657 632 610 634 599 635 583 656 675 436 681 659 647 646 662 650 576 363 643 670 577 683 582 34 661 600 615 665 566 431 461 594 627 587 378 376 658 394 649 640 173 515 480 645 428 641 671 475 483 669 667 606 586 628 563 614 591 373 524 651 434 595 374 412 496 514 500 107 427 578 556 513 652 558 542 506 553 348 544 492 370 559 673 423 604 561 391 567 620 676 593 629 465 580 666 668 400 581 601 438 642
658 422 680 636 654 603 617 664 612 611 590 598 666 575 597 678 609 619 653 672 621 630 592 685 574 589 573 618 596 620 579 623 684 633 644 639 663 625 558 660 671 394 677 622 605 616 657 395 683 626 438 500 556 601 431 374 588 656 423 593 645 631 610 637 586 559 378 676 682 679 614 580 107 651 606 400 376 563 584 553 591 515 567 673 461 604 544 652 492 363 542 524 483 641 373 391 370 496 587 348 561
659 422 680 575 592 590 630 597 598 636 626 654 611 639 666 612 574 625 596 579 657 682 685 603 660 619 621 609 618 616 664 678 589 653 663 617 605 672 644 633 620 496 573 622 631 558 584 684 427 623 374 671 593 601 656 395 563 637 542 363 461 580 438 567 500 655 378 515 679 641 107 34 391 677 588 428 348 480 434 649 604 465 591 566 483 431 173 614 629 645 514 553 544 376 394 561 513 370 556 683 506
660 436 480 634 673 647 646 659 173 632 652 586 34 427 662 610 556 376 563 587 649 635 650 643 627 578 600 651 599 658 681 615 661 566 670 595 628 582 461 107 378 583 496 394 412 593 683 475 363 640 431 506 675 645 370 514 577 348 594 553 434 665 591 428 567 576 669 515 373 676 391 542 374 641 614 561 606 524 492 667 602 559 656 671 638 500 423 544 513 400 483 558 438 604 607 414 465 580 668 629 674
661 422 672 664 653 639 654 620 685 596 625 574 630 678 680 663 603 636 612 573 598 621 666 592 619 590 575 593 684 611 617 618 597 579 683 558 631 609 657 660 605 622 626 363 395 374 601 461 107 644 394 589 616 584 588 682 431 656 671 679 438 623 580 483 677 641 604 515 645 676 587 633 496 376 500 427 673 480 348 391 475 586 378 544 542 637 556 655 651 506 561 400 567 606 669 423 34 559 563 614 591
662 422 654 630 678 680 603 672 653 575 590 592 620 609 598 639 636 612 605 657 558 685 625 617 374 660 574 644 626 597 427 664 579 682 611 596 684 573 633 619 34 618 588 395 496 621 589 461 666 671 348 593 616 637 515 623 656 567 542 631 601 580 663 483 428 610 641 584 677 683 378 622 604 107 363 649 394 591 475 563 513 391 438 645 173 431 465 561 524 492 606 559 373 480 423 566 400 544 500 506 553
663 480 647 594 578 661 593 610 640 681 635 659 643 650 563 600 587 599 646 658 586 595 173 667 583 576 675 634 615 582 627 670 628 577 506 427 412 348 632 673 662 428 566 492 34 651 665 515 649 475 559 652 645 363 496 542 669 376 461 514 567 500 544 524 436 641 602 614 556 378 513 394 370 431 591 683 374 671 668 607 674 676 561 553 434 400 373 414 656 558 423 465 604 606 391 580 638 107 483 438 655
664 627 658 675 635 661 577 582 665 643 650 599 610 640 595 615 173 647 578 659 600 556 670 662 681 583 576 594 563 671 632 673 667 628 614 436 634 649 34 676 587 602 652 542 567 376 348 646 586 566 434 480 492 391 645 431 414 506 513 514 427 674 656 524 561 544 515 412 558 651 363 683 483 669 606 423 395 500 378 668 428 475 593 559 465 394 607 373 496 370 591 641 400 461 374 638 438 642 604 581 637
665 664 617 422 653 604 654 630 636 374 575 592 685 672 680 620 590 603 438 580 612 671 598 609 656 644 107 378 626 618 666 633 611 605 395 428 363 593 597 683 621 573 558 657 427 645 619 515 678 561 596 542 553 423 483 431 544 461 475 684 637 676 622 589 496 639 373 574 391 623 563 394 601 591 625 34 579 669 567 400 663 629 492 348 500 641 513 660 588 610 465 376 682 616 370 559 631 606 677 506 514
666 658 650 659 577 576 675 595 578 640 661 582 600 635 643 647 670 599 615 34 627 610 665 173 583 632 667 662 602 681 607 427 673 628 671 594 652 649 593 434 674 641 638 656 587 668 480 567 436 107 586 391 634 483 563 642 657 363 637 524 492 581 683 513 514 496 606 651 646 629 655 660 604 561 580 394 400 645 376 506 431 679 566 428 676 622 556 544 614 465 616 601 558 412 669 631 348 639 584 682 374
667 682 654 620 588 612 575 630 663 666 618 672 617 664 422 653 363 639 596 636 590 646 611 574 656 107 603 579 633 644 683 625 657 573 626 483 514 623 652 348 561 642 461 592 619 394 581 651 395 500 598 678 597 621 542 609 584 684 631 438 680 622 647 605 634 645 616 587 566 677 660 649 431 553 655 400 374 436 586 378 669 685 637 496 475 632 506 524 515 544 583 640 673 601 373 614 513 492 558 412 580
668 642 581 483 596 586 394 593 610 634 603 621 422 558 625 363 652 553 663 566 671 412 676 480 556 672 438 620 683 646 677 644 395 617 605 574 669 496 636 680 561 654 579 563 436 651 612 673 666 544 589 633 664 400 461 645 587 637 616 611 370 598 500 623 378 609 588 656 376 590 653 567 614 584 492 573 630 514 513 660 427 657 682 107 434 465 348 423 678 619 34 601 542 685 391 559 604 641 580 475 428
669 589 626 622 588 677 595 665 684 682 625 597 679 657 632 621 598 618 649 605 650 663 643 599 573 600 660 603 616 678 619 584 579 631 640 173 575 655 661 611 576 670 627 583 582 615 675 674 662 639 623 633 658 612 578 636 667 574 577 668 664 659 628 602 681 685 635 620 647 592 654 638 672 594 680 607 653 617 642 581 34 644 630 609 596 422 590 666 480 427 593 107 601 629 610 671 558 652 673 656 634
670 620 654 644 617 653 422 672 625 636 630 598 597 621 612 395 611 590 579 633 666 680 593 664 603 657 609 592 678 573 639 574 645 483 685 423 619 660 575 438 663 394 601 596 378 684 589 618 461 580 376 496 427 400 616 431 553 370 500 558 363 374 515 348 475 480 622 563 428 391 641 587 629 566 586 677 604 492 623 513 556 673 567 373 683 559 542 656 591 631 626 561 671 676 637 434 682 107 544 588 606
671 628 576 649 655 626 611 665 635 583 647 682 599 640 658 664 633 650 632 615 582 659 662 681 602 625 600 643 618 654 679 677 622 578 675 661 657 631 605 588 680 598 575 584 666 636 621 616 577 573 630 595 670 623 617 627 579 619 612 653 603 663 668 620 597 607 173 684 674 678 660 427 581 642 589 609 592 672 639 593 422 594 685 34 574 644 480 107 667 590 601 414 656 638 394 629 496 652 673 596 634
672 661 628 577 600 578 647 643 658 615 662 595 650 681 675 627 599 670 665 582 635 576 607 594 632 659 640 480 652 634 649 34 173 563 673 667 583 656 556 363 586 427 436 602 674 587 614 638 610 391 514 438 593 646 348 558 370 544 376 651 566 676 506 524 423 567 412 107 668 500 492 483 378 431 414 645 542 606 591 671 641 434 496 561 604 553 374 465 513 373 669 559 400 475 580 428 683 394 657 637 601
673 611 626 660 589 679 588 677 684 633 597 618 605 598 616 603 625 672 664 653 584 573 623 663 583 576 612 617 654 630 685 649 628 596 640 632 636 666 675 619 681 631 615 661 670 599 582 647 575 643 680 658 622 600 678 682 621 650 620 638 173 627 665 659 595 574 609 579 581 662 657 642 644 592 578 655 639 590 668 667 602 577 610 635 607 34 674 594 629 601 414 427 641 422 671 656 107 593 646 580 480
674 581 642 646 596 579 620 672 598 633 601 553 603 438 625 617 610 630 644 621 593 634 636 395 609 664 652 663 669 589 654 574 653 604 107 619 677 597 671 666 586 513 573 645 611 623 587 676 629 427 480 378 590 423 544 558 680 683 641 461 684 639 483 422 626 567 605 580 678 618 651 363 400 616 370 436 515 612 514 34 428 660 561 673 394 647 614 412 656 434 556 492 496 592 348 622 637 685 542 376 662
675 422 653 664 630 654 617 592 620 644 590 619 621 609 672 579 680 666 657 685 598 395 593 636 597 633 601 558 678 611 596 626 107 575 612 603 574 588 622 605 427 618 663 625 438 580 374 480 682 34 684 573 656 623 639 400 483 423 637 683 660 348 655 378 461 604 496 616 671 370 645 553 631 363 428 567 673 563 586 561 513 515 544 629 542 589 559 591 475 431 587 677 465 556 492 566 500 434 391 524 652
676 612 588 677 611 605 679 633 622 573 665 575 619 635 684 618 623 653 583 626 643 597 661 603 664 615 584 595 632 598 678 589 600 680 658 625 681 628 616 670 685 599 655 636 579 660 640 592 682 647 672 617 574 576 654 621 650 590 662 582 668 659 663 639 675 620 577 578 631 674 602 657 627 630 609 596 644 173 607 638 667 649 581 642 666 34 594 656 427 610 422 480 587 629 671 634 646 601 593 558 586
677 431 436 34 652 480 647 434 394 673 513 391 634 610 561 656 558 524 646 544 586 681 500 594 378 600 514 676 556 465 348 614 641 370 173 658 627 587 593 577 492 566 651 628 376 107 583 645 669 615 662 567 671 363 650 427 400 643 661 683 559 412 576 395 563 670 578 542 659 665 635 374 637 675 606 553 582 506 515 640 604 649 580 599 423 595 667 496 483 632 428 674 438 475 668 373 602 591 629 461 601
678 628 647 658 640 662 480 681 634 600 650 627 661 578 577 632 599 595 586 583 646 659 675 582 615 34 649 670 652 635 576 436 556 506 594 173 610 665 563 656 643 427 587 593 651 561 412 514 376 676 614 465 638 363 370 669 348 667 492 553 558 434 602 673 500 524 107 645 423 496 373 566 559 567 394 641 438 671 580 431 513 400 475 428 391 606 607 544 374 461 542 591 683 674 378 604 668 483 601 629 515
679 610 436 634 586 652 587 514 673 646 378 506 566 400 480 373 683 553 475 591 567 496 376 434 561 374 651 423 640 676 461 645 656 394 428 465 556 431 412 524 671 563 647 391 661 606 427 669 559 650 107 370 438 363 594 544 659 542 348 558 492 513 614 627 658 515 500 593 590 580 632 635 615 662 649 644 599 641 681 601 595 617 604 483 643 600 34 582 583 173 675 629 578 670 577 605 665 576 628 626 667
680 627 599 658 628 659 577 578 582 681 662 595 650 675 661 643 635 583 600 632 615 640 665 34 647 436 670 576 656 173 671 649 676 634 673 607 556 667 370 594 563 610 652 412 480 646 602 363 394 668 524 587 107 391 348 376 400 586 558 492 514 638 674 506 428 465 427 544 378 434 561 414 606 483 542 641 567 374 669 431 515 559 604 683 637 395 566 475 423 513 614 438 496 651 645 553 580 629 593 601 500
681 579 625 603 422 621 626 680 617 574 678 592 619 612 590 622 575 672 597 657 685 654 684 598 596 605 639 611 663 653 593 589 616 573 604 395 609 623 630 664 677 631 438 644 660 620 633 682 636 483 671 496 649 567 666 431 427 461 683 629 480 475 34 173 601 563 348 374 618 544 423 566 428 673 584 558 363 637 580 434 591 506 588 542 587 676 645 610 515 561 376 107 556 373 586 500 646 656 606 391 614
682 634 480 610 646 563 586 667 594 647 659 651 436 627 587 423 434 606 662 632 671 650 628 506 675 681 640 683 391 643 363 635 428 577 661 593 599 558 500 524 107 652 583 515 669 370 578 656 567 645 514 34 591 412 376 556 600 553 496 595 665 615 658 400 582 348 373 649 431 638 566 670 173 475 492 641 559 576 604 673 513 676 427 461 614 542 544 438 374 378 394 580 607 561 465 629 601 483 668 617 590
683 615 628 679 657 661 583 665 595 660 682 658 577 600 599 576 578 675 681 616 662 647 631 584 667 650 677 643 627 632 635 670 597 605 633 640 655 639 618 589 622 659 573 663 684 582 594 626 579 685 619 611 664 668 588 602 621 625 649 638 592 173 674 678 598 653 574 617 623 414 607 680 620 603 666 596 672 480 427 34 575 581 642 612 636 644 630 593 609 590 610 656 422 629 601 652 496 673 563 107 671
684 652 600 578 656 480 436 681 583 658 673 394 634 566 661 628 514 635 615 577 650 582 563 627 576 662 594 593 659 370 643 348 675 544 556 670 665 561 599 586 640 676 378 559 558 506 669 595 647 646 614 412 376 34 434 651 431 632 428 363 587 475 524 610 465 606 400 645 391 667 515 492 553 591 683 427 567 649 500 542 671 173 107 604 373 374 674 438 483 496 513 461 423 580 641 395 602 607 637 601 642
173 617 660 579 633 664 656 620 652 653 621 616 663 666 672 626 574 685 678 677 647 596 654 612 630 628 657 636 680 618 610 623 588 634 681 619 584 573 590 611 592 662 625 589 578 615 632 659 682 586 650 635 603 422 576 609 605 639 669 640 582 577 644 673 665 642 599 671 614 622 581 661 631 598 583 679 637 684 363 645 597 400 524 559 643 646 683 394 438 575 436 675 600 556 627 515 423 606 670 593 667
685 599 643 661 647 628 577 658 583 681 595 582 675 627 665 659 640 576 578 34 600 662 650 615 427 635 634 632 670 610 173 646 594 652 480 586 673 587 656 649 436 556 651 558 676 370 434 645 602 566 363 391 614 542 683 431 348 563 107 514 567 506 524 423 606 492 500 667 378 376 438 496 394 669 465 591 559 400 428 671 641 544 515 483 513 607 395 475 412 553 561 604 373 668 642 674 581 374 461 593 637
348 576 583 677 684 662 650 611 615 632 663 618 675 622 595 599 660 588 670 665 626 640 681 584 582 605 647 621 589 655 603 578 616 573 679 667 625 619 661 664 659 635 682 628 672 577 678 623 598 657 600 643 636 658 685 620 633 631 612 592 597 653 627 680 630 575 574 594 638 579 596 654 602 607 639 668 617 674 609 642 581 666 590 644 629 671 634 601 649 610 652 173 656 586 646 587 637 593 641 673 651
363 655 657 622 618 665 616 589 640 578 661 667 583 682 615 672 660 659 631 605 576 584 677 670 662 627 582 647 626 573 595 592 643 599 675 574 679 650 681 588 663 619 620 684 579 594 635 678 597 603 685 632 658 598 577 639 668 600 611 621 575 623 680 628 664 638 653 596 625 654 173 636 602 633 414 642 581 674 630 617 666 649 607 427 34 612 609 644 590 480 610 422 634 652 629 671 593 586 673 601 394
370 622 684 588 677 625 576 583 584 631 670 573 660 632 675 682 679 611 619 599 597 603 665 616 640 618 626 605 575 678 623 650 685 621 672 647 662 659 680 592 578 663 643 589 655 615 595 661 579 658 635 636 582 639 657 600 577 598 681 628 612 627 574 668 667 620 630 633 664 654 596 674 653 649 638 642 581 594 617 173 602 607 644 590 609 422 427 601 610 629 656 34 480 107 593 652 671 641 673 637 586
373 679 665 576 643 655 622 657 595 631 605 584 635 670 615 583 627 662 682 582 660 600 578 650 628 681 616 577 588 599 658 675 678 625 632 659 618 663 677 621 573 661 684 640 647 626 667 639 574 619 611 664 602 592 596 638 623 672 603 620 579 598 589 685 636 649 674 597 653 668 575 607 654 173 594 633 642 34 630 612 581 617 666 427 422 609 480 593 652 673 644 601 656 107 629 671 610 586 637 394 676
374 665 662 576 632 628 647 578 583 600 582 615 675 640 679 659 661 577 599 627 595 635 670 579 681 658 616 650 584 677 657 618 660 643 631 625 663 633 622 682 589 667 588 626 596 574 592 655 678 639 620 611 684 621 597 619 573 642 672 605 623 581 664 680 575 612 636 685 653 617 594 654 630 649 603 644 598 602 666 668 609 638 607 173 593 629 480 422 674 590 601 34 427 634 671 610 652 586 646 673 107
376 588 660 584 679 618 583 631 611 657 576 677 670 605 626 633 623 632 640 619 684 595 600 661 678 589 682 643 665 582 650 663 664 635 599 658 603 615 681 659 616 672 627 625 622 597 654 577 592 579 598 662 628 573 612 578 575 636 675 574 655 617 621 685 596 653 680 620 668 649 638 630 647 667 581 639 173 642 674 609 602 666 594 607 34 644 590 593 427 422 480 601 610 671 629 656 558 641 434 461 683
378 679 677 665 595 632 588 625 670 660 599 657 622 583 600 576 684 675 577 662 635 640 650 659 643 574 615 578 658 584 619 633 631 627 628 618 661 582 605 579 638 647 621 573 589 616 663 681 623 655 612 611 626 682 667 597 672 685 596 603 592 664 636 674 668 639 598 680 607 678 575 620 602 594 617 173 654 649 653 609 630 581 642 590 34 422 480 666 644 671 427 652 593 673 601 610 586 629 656 634 558
391 677 588 605 589 576 611 583 682 635 665 632 679 647 623 670 622 662 618 595 616 597 603 672 575 626 659 661 573 640 612 600 643 599 582 684 660 650 578 615 681 664 675 654 631 685 658 584 655 592 636 653 627 619 633 628 620 621 678 577 625 680 657 649 663 579 666 596 639 617 598 638 609 574 602 668 667 674 644 173 581 642 630 594 607 590 34 422 427 671 480 593 629 601 652 656 634 107 586 646 673
394 677 684 625 655 626 595 658 670 615 660 577 623 657 661 679 628 583 665 579 662 643 611 589 650 635 668 605 633 597 600 632 582 618 627 598 622 640 667 636 576 638 592 575 584 621 599 659 612 616 663 681 675 588 578 573 607 678 647 603 609 682 680 619 596 594 631 685 590 173 664 630 574 639 581 617 642 674 653 602 414 666 644 671 672 654 649 427 422 34 656 593 480 629 586 587 601 646 558 610 634
395 576 640 632 675 647 670 615 650 600 681 583 628 595 599 665 635 662 577 661 582 658 659 578 627 643 677 607 667 674 602 588 626 594 668 611 664 605 623 625 589 603 638 575 684 618 685 633 655 597 680 679 649 636 573 617 639 612 657 598 173 622 654 619 653 480 631 581 584 590 660 642 616 682 672 593 592 666 596 609 427 634 663 678 34 579 656 621 586 610 652 671 673 587 644 496 107 363 436 646 563
400 679 576 595 622 675 670 628 665 615 635 632 677 584 577 643 583 582 682 647 658 655 600 599 661 684 662 589 640 633 588 681 650 627 631 667 575 663 574 678 659 660 578 605 626 619 592 618 598 638 573 680 623 668 173 603 625 621 685 579 611 639 597 596 636 594 664 674 607 657 672 612 616 653 654 620 602 666 649 617 581 34 427 642 480 671 590 593 630 609 652 422 673 586 656 646 634 644 610 587 436
412 605 622 584 621 660 616 663 626 679 589 631 576 678 684 677 682 575 588 579 619 574 633 573 625 615 657 583 639 650 632 592 665 675 670 618 611 595 680 655 600 596 623 668 672 664 661 627 582 603 647 597 662 612 599 659 640 635 658 628 578 577 643 681 636 620 667 598 602 654 630 685 674 617 594 638 607 653 173 609 649 666 644 642 581 590 427 652 34 610 673 601 629 671 480 634 656 107 586 395 556
414 581 642 656 621 586 664 603 611 610 652 625 672 579 663 636 646 573 654 612 653 593 587 660 634 574 363 422 680 645 480 553 558 683 438 671 614 394 513 427 673 428 566 563 34 475 647 659 662 583 665 627 582 414
422 643 662 577 661 675 658 627 659 647 640 650 583 681 628 576 582 635 632 595 600 665 599 578 615 670 594 667 602 607 173 638 668 634 610 427 649 671 587 656 674 414 652 34 434 646 586 563 651 436 606 669 581 645 673 622 394 642 641 513 589 475 566 370 556 506 378 461 107 483 591 492 363 544 376 514 676 428 515 500 542 623 423 524 391 374 677 639 679 480 373 496 663 558 567 683 626 431 605 621 660
423 682 576 583 670 600 679 615 665 588 650 643 599 675 595 628 655 658 681 627 584 632 582 635 605 640 578 611 618 662 661 577 677 659 672 678 573 626 589 622 625 623 575 685 657 619 660 633 616 664 621 663 620 631 649 592 674 639 579 603 173 684 597 602 574 596 612 607 636 668 598 667 653 581 642 680 647 617 638 654 630 594 609 34 590 427 644 666 422 629 656 480 593 601 107 671 610 652 673 641 394
427 577 628 574 647 660 640 685 662 650 579 582 632 621 626 675 616 600 578 584 659 635 665 596 599 589 615 663 643 678 681 670 617 627 618 672 622 677 679 576 666 633 603 583 661 595 588 625 605 630 653 631 611 657 656 612 636 623 682 684 620 573 664 422 575 639 619 609 671 590 597 610 674 667 654 680 638 607 598 592 658 668 652 602 634 644 363 586 629 683 593 642 655 414 637 646 601 606 581 614 673
428 665 628 647 615 679 631 682 643 583 662 635 576 577 663 582 599 657 670 675 605 681 650 632 660 684 600 578 659 595 640 584 625 627 621 588 616 661 618 592 677 658 574 612 611 678 620 579 626 622 664 633 639 685 589 638 636 680 575 573 596 603 597 623 617 655 619 674 672 654 668 653 607 642 602 666 581 598 414 652 590 630 667 671 422 609 673 593 634 610 480 656 586 644 649 556 173 587 637 394 363
431 677 588 595 589 605 615 657 665 626 650 640 681 632 679 660 599 661 670 616 658 598 622 618 635 584 643 583 578 655 662 684 582 627 628 600 675 576 682 625 639 659 577 579 623 619 664 663 633 592 667 685 647 597 603 611 631 678 653 621 672 636 573 612 620 574 596 581 575 642 638 617 594 649 680 654 609 630 173 668 666 607 590 674 602 427 34 671 480 644 422 610 656 593 652 601 629 634 107 673 563
434 677 682 618 588 679 584 605 626 589 660 573 576 616 633 684 639 636 632 657 603 681 578 599 659 611 575 670 685 655 615 625 643 622 647 678 664 623 675 653 597 619 665 662 650 592 600 595 666 658 621 574 583 617 663 628 582 635 661 640 638 631 579 672 598 627 596 649 680 602 612 577 668 422 642 609 620 674 581 630 654 173 644 607 667 590 34 671 594 610 652 427 586 480 673 629 634 601 593 587 656
436 679 618 660 677 588 611 626 657 682 684 584 589 616 631 680 619 633 605 623 598 636 573 678 597 574 625 664 592 579 612 672 603 654 622 655 685 639 596 620 663 617 609 602 649 575 621 667 653 630 668 576 666 173 607 594 590 581 674 661 642 670 638 640 583 582 644 595 665 627 599 578 650 681 422 658 628 600 632 643 427 659 615 662 675 34 593 577 647 629 610 107 601 480 671 656 641 395 558 676 586
438 576 665 615 595 627 681 583 650 675 643 600 670 588 628 605 582 658 640 599 635 573 578 659 661 577 632 679 662 672 655 674 584 647 667 602 622 575 619 682 631 668 677 678 633 685 597 660 589 612 611 173 620 626 592 684 616 598 618 607 654 623 649 579 638 636 625 664 603 414 594 657 621 34 617 574 639 680 663 581 642 653 630 609 590 666 644 427 656 610 480 629 601 107 593 671 586 652 587 673 637
461 576 628 615 632 660 577 657 662 578 661 679 665 582 599 670 640 631 616 681 583 622 627 659 675 600 595 584 643 663 667 647 650 621 574 658 635 682 655 639 668 678 618 649 674 626 677 594 596 592 684 638 664 579 575 588 642 573 581 589 685 630 611 602 620 605 173 603 607 598 625 597 619 636 672 612 680 34 422 623 633 601 654 617 666 609 480 629 427 593 656 652 644 634 107 673 671 610 586 637 395
465 677 632 647 679 633 615 576 665 588 599 631 662 678 583 659 618 675 684 603 635 622 611 577 643 670 650 605 621 584 589 681 620 582 640 625 639 655 653 595 658 578 623 628 685 663 616 682 573 661 627 664 597 667 660 592 672 574 680 600 579 575 636 657 612 654 626 668 598 619 596 617 581 642 594 674 607 602 666 638 649 173 590 593 480 427 609 630 644 634 671 422 673 34 652 587 586 610 394 646 563
475 615 679 595 665 650 660 583 681 618 657 670 632 600 663 662 577 576 640 616 628 582 661 675 578 684 599 647 627 584 626 643 682 574 605 631 622 659 635 588 658 677 678 667 592 579 633 621 664 655 589 575 625 639 598 573 596 611 619 685 672 597 636 612 623 620 603 680 668 638 602 617 594 581 642 653 630 654 607 674 414 666 422 609 644 590 173 649 480 593 34 671 652 427 601 629 610 634 673 586 656
480 682 616 589 663 588 584 622 660 596 678 677 684 605 576 612 618 603 672 679 611 626 639 575 621 598 630 675 640 579 573 623 574 650 631 632 685 636 633 625 600 657 681 602 582 647 654 670 619 577 643 653 578 661 599 592 583 659 662 665 597 628 664 620 609 607 680 595 627 658 635 668 638 617 655 637 615 674 666 629 671 590 610 414 601 641 656 683 644 614 606 642 649 395 586 581 652 513 587 107 669
483 655 595 615 670 632 583 576 681 665 575 626 643 628 578 599 662 675 668 640 657 577 661 600 667 647 650 582 627 659 622 573 605 658 597 592 619 611 589 677 635 618 679 579 672 664 621 633 660 625 620 598 623 594 616 636 588 638 612 684 674 666 685 654 680 603 584 607 682 617 631 574 602 653 663 678 649 630 173 609 581 644 642 480 590 422 34 593 427 652 610 601 656 586 634 629 673 646 107 556 587
492 622 573 677 592 663 621 595 665 605 632 583 611 615 670 643 589 600 626 655 679 588 633 603 619 662 597 675 616 678 650 635 625 682 584 658 684 664 575 628 623 618 599 579 577 576 660 574 582 661 657 598 659 647 672 685 640 578 681 631 653 636 638 627 680 667 612 617 668 654 607 602 594 666 639 674 596 630 173 620 649 609 590 642 581 644 422 34 427 480 593 652 671 656 601 586 646 634 673 629 610
496 659 679 632 588 650 640 583 662 643 660 599 582 681 615 665 670 578 577 628 675 595 584 618 661 616 647 682 574 663 631 627 576 621 657 605 635 600 589 633 622 678 658 677 579 623 638 620 667 668 636 626 625 598 611 685 596 639 655 672 597 603 612 592 684 664 619 573 594 653 630 617 674 654 575 666 642 581 607 680 609 671 602 644 590 593 649 652 656 422 610 634 586 480 601 173 395 34 683 629 587
500 677 622 632 588 576 595 599 658 670 682 583 626 615 640 582 665 650 659 635 661 627 655 577 620 578 600 618 605 663 667 584 657 616 628 647 679 625 662 573 681 675 579 678 592 633 619 589 621 684 631 653 672 643 685 660 664 611 574 668 623 594 607 597 603 654 575 598 649 596 602 639 636 173 638 630 617 581 674 642 609 34 680 612 427 666 422 644 590 480 593 629 601 634 673 610 107 586 652 671 656
506 679 584 622 618 588 682 678 616 621 663 589 660 684 600 574 631 643 655 681 640 626 583 665 576 615 595 661 577 677 632 650 662 573 620 657 578 579 599 582 672 659 670 664 628 596 647 592 605 619 598 635 685 627 675 625 667 597 639 575 658 636 633 680 611 603 630 654 612 653 623 617 642 581 666 594 668 602 609 638 607 649 674 422 173 590 644 34 610 601 629 656 671 593 652 480 427 107 673 634 558
