697
772 840 819 856 698 
774 776 798 803 804 810 811 825 697 703 729 857 858 859 860 861 862 863 864 865 866 867 868 869 870 871 872 873 874 875 876 877 878 879 880 881 882 883 884 885 886 887 888 889 893 894 895 

698
803 774 873 810 879 881 885 823 697 858 893 
769 869 811 894 819 698 890 859 861 798 703 

703
819 828 
769 772 774 776 869 798 800 803 804 810 811 825 698 697 830 703 708 840 713 753 857 858 859 860 729 862 863 864 865 866 867 868 861 870 871 872 873 874 875 876 877 878 879 745 881 882 883 884 885 886 887 888 889 890 893 894 895 

708
800 823 
772 776 798 803 804 745 805 810 825 703 708 729 857 858 859 860 861 862 863 864 865 866 867 868 870 871 872 873 874 875 876 877 878 879 880 881 882 883 884 885 886 887 888 889 893 894 895 

713

769 776 869 798 803 804 811 825 703 713 890 856 857 858 859 729 861 862 863 864 865 866 867 868 860 870 871 872 873 874 875 876 877 878 879 880 881 882 883 884 885 886 887 888 889 753 893 894 895 

719
747 
769 776 798 803 804 811 825 719 729 890 856 857 858 859 860 861 862 863 864 865 866 867 868 869 870 871 872 873 874 875 876 877 878 879 880 881 882 883 884 885 886 887 888 889 753 893 894 895 

729
876 878 
769 772 774 776 798 800 803 805 810 811 819 823 825 697 828 830 703 708 840 713 719 857 858 859 860 729 862 864 865 866 867 868 869 870 871 872 873 874 745 875 877 747 879 880 881 883 884 885 887 890 893 894 895 

745
830 823 
769 772 776 869 798 803 804 745 811 819 825 703 708 840 890 856 857 858 859 729 861 862 863 864 865 866 867 868 860 870 871 872 873 874 875 876 877 878 879 880 881 882 883 884 885 886 887 888 889 753 893 894 895 

747
800 769 840 810 719 819 823 856 
772 776 798 811 825 729 857 858 859 860 861 862 863 864 865 866 867 868 869 870 871 872 873 874 875 876 877 878 879 747 881 882 883 884 885 886 887 888 889 890 893 894 895 

753
819 861 
772 774 776 798 800 803 804 805 745 810 811 825 828 830 703 840 713 719 857 858 859 860 862 863 864 865 866 867 868 869 870 871 872 873 874 875 876 877 878 879 880 881 882 883 884 885 886 887 888 753 893 894 895 

769
747 
769 772 776 803 804 745 805 810 819 823 825 698 830 703 840 713 719 729 857 858 859 860 861 862 863 864 865 866 867 868 870 871 872 873 874 875 876 877 878 879 880 881 882 883 884 885 886 887 888 889 893 894 895 

772
800 697 
769 772 774 776 869 798 803 804 745 810 811 747 819 823 825 830 703 708 840 890 729 858 859 857 861 862 863 864 865 866 867 868 860 870 871 872 873 874 875 876 877 878 879 880 881 882 883 884 885 886 887 888 889 753 893 894 895 

774
856 698 810 830 
772 774 776 798 803 804 825 697 703 729 890 857 858 859 860 861 862 863 864 865 866 867 868 870 871 872 873 874 875 876 877 878 879 880 881 882 883 884 885 886 887 888 889 753 893 894 895 

776

769 772 774 776 798 800 803 804 805 810 811 819 823 825 697 828 830 703 708 840 713 719 856 729 858 857 860 861 862 863 864 865 866 859 868 869 870 871 745 747 876 875 878 879 880 881 882 753 884 883 886 888 889 890 893 894 895 

798

772 774 776 798 800 803 804 745 805 810 811 747 819 823 825 698 697 828 830 703 708 840 713 719 729 890 856 857 858 859 860 861 862 863 864 865 866 867 868 869 870 871 872 873 874 875 876 877 878 879 880 881 882 883 884 885 886 887 888 889 753 893 894 895 

800
708 747 772 
776 798 800 803 804 819 825 703 840 729 890 857 858 859 860 861 862 863 864 865 866 867 868 869 870 871 872 873 874 875 876 877 878 879 880 881 882 883 884 885 886 887 888 889 753 893 894 895 

803
698 
769 772 774 776 869 798 800 803 804 805 810 811 819 823 825 697 828 830 703 708 713 753 719 856 857 858 859 729 861 862 863 864 865 866 867 868 860 870 871 872 873 874 875 876 877 878 879 745 881 882 883 884 885 886 887 888 889 890 893 894 895 

804

769 772 774 776 798 800 803 804 805 810 811 819 823 825 697 828 830 703 708 840 713 719 857 858 859 860 862 864 865 866 867 868 869 870 871 872 873 874 875 745 877 879 880 881 753 883 884 885 887 890 893 894 895 

805
823 
769 776 869 798 803 804 805 811 825 708 890 856 857 858 859 729 861 862 863 864 865 866 867 868 860 870 871 872 873 874 875 876 877 878 879 881 882 883 884 885 886 887 888 889 753 893 894 895 

810
698 747 774 
769 772 776 798 803 804 810 811 819 825 697 830 703 708 840 729 890 857 858 859 860 861 862 863 864 865 866 867 868 869 870 871 872 873 874 875 876 877 878 879 880 881 882 883 884 885 886 887 888 889 753 893 894 895 

811

772 776 798 803 804 745 805 810 811 747 819 823 825 698 697 828 830 703 840 713 719 729 857 858 859 860 861 862 863 864 865 866 867 868 870 871 872 873 874 875 876 877 878 879 880 881 882 883 884 885 886 887 888 889 753 893 894 895 

819
697 753 747 703 
769 772 776 869 798 800 803 804 810 811 819 825 698 857 858 859 729 861 862 863 864 865 866 867 868 860 870 871 872 873 874 875 876 877 878 879 745 881 882 883 884 885 886 887 888 889 890 893 894 895 

823
708 805 745 747 698 830 
769 772 776 798 803 804 811 823 825 729 857 858 859 860 861 862 863 864 865 866 867 868 869 870 871 872 873 874 875 876 877 878 879 881 882 883 884 885 886 887 888 889 890 893 894 895 

825
856 
769 772 774 776 798 800 803 804 805 810 811 819 875 823 697 825 828 830 703 708 840 713 719 857 858 859 729 861 862 863 860 865 866 867 868 869 870 871 872 873 874 747 745 877 878 879 880 881 876 882 753 885 886 887 888 883 890 893 894 895 

828
840 703 
776 798 803 804 811 825 828 729 890 857 858 859 860 861 862 863 864 865 866 867 868 869 870 871 872 873 874 875 876 877 878 879 881 882 883 884 885 886 887 888 889 753 893 894 895 

830
745 774 823 
769 772 776 869 798 803 804 810 811 825 830 703 890 857 858 859 729 861 862 863 864 865 866 867 868 860 870 871 872 873 874 875 876 877 878 879 880 881 882 883 884 885 886 887 888 889 753 893 894 895 

840
856 697 747 828 
769 772 776 869 798 800 804 810 811 825 703 840 880 753 857 858 859 729 861 862 863 864 865 866 867 868 860 870 871 872 873 874 875 876 877 878 879 745 881 882 883 884 885 886 887 888 889 890 893 894 895 

856
864 774 840 747 882 697 825 
776 798 803 805 713 719 856 857 858 859 860 862 865 866 867 868 870 871 872 873 874 875 745 877 879 880 881 883 884 885 886 887 890 894 895 

857
871 
769 772 774 776 798 800 803 804 805 810 811 874 819 875 823 825 697 828 830 703 708 840 713 719 856 729 858 859 860 861 857 863 864 866 867 869 870 872 745 873 747 876 877 878 879 880 753 882 881 884 885 886 887 888 889 890 883 893 894 895 

858
698 870 
769 772 774 776 798 800 803 804 805 810 811 819 875 823 697 825 828 830 703 708 879 840 713 719 856 729 857 859 860 861 862 863 864 865 866 867 868 869 858 872 873 874 747 876 877 878 745 880 753 882 883 884 885 886 887 888 889 890 893 894 

859

769 772 774 776 859 798 800 803 804 805 873 810 811 819 823 825 697 698 828 877 830 703 708 840 713 719 856 729 857 858 860 861 862 863 864 865 866 867 868 869 870 871 872 745 874 747 876 875 878 879 880 881 882 753 884 883 886 887 888 889 890 893 894 895 

860

769 772 860 774 776 798 800 803 804 805 810 811 819 875 823 697 825 828 877 830 703 708 840 713 719 856 729 858 859 857 861 862 863 864 865 866 867 868 869 870 871 872 745 873 747 876 874 878 879 880 753 882 881 884 885 886 887 888 889 890 883 893 894 895 

861
888 753 889 863 
769 772 774 776 798 800 803 805 810 811 819 823 825 698 697 828 830 703 708 840 713 719 857 858 859 860 861 862 864 865 866 867 868 869 870 871 872 873 874 875 745 877 747 879 880 881 882 883 884 885 886 887 890 893 894 895 

862

769 772 774 776 798 800 803 804 805 810 811 874 819 875 823 825 697 828 830 703 708 840 713 719 856 729 858 859 860 861 862 863 864 866 867 869 870 871 872 745 873 747 876 877 878 879 880 881 882 753 884 885 886 887 888 889 890 883 893 894 895 

863
876 861 
769 772 774 776 798 800 803 805 810 811 819 823 825 697 828 830 703 708 840 713 719 857 858 859 860 862 863 864 865 866 867 868 869 870 871 872 873 874 747 875 877 745 879 880 881 753 883 884 885 887 890 893 894 895 

864
856 
769 772 774 776 798 800 803 804 805 745 810 811 819 823 697 828 830 703 708 840 713 719 857 858 859 729 861 862 863 860 865 866 867 868 869 870 871 872 873 874 747 876 877 878 879 880 881 882 753 875 885 886 887 888 889 890 883 864 894 895 

865

769 772 774 776 798 800 803 804 805 810 811 874 819 875 823 825 697 828 830 703 708 840 713 719 856 729 858 859 860 861 863 864 865 866 867 869 870 871 872 873 745 747 876 877 878 879 880 881 882 753 884 885 886 887 888 889 890 883 893 894 895 

866
881 
769 772 774 866 776 798 800 803 804 805 810 811 819 875 823 697 825 828 830 703 708 840 713 719 856 729 857 859 860 861 862 863 864 865 858 867 868 869 870 871 872 873 874 745 876 877 878 747 880 753 882 883 884 885 886 887 888 889 890 893 

867
872 885 
769 772 774 798 800 803 804 805 810 811 819 823 697 825 828 830 703 708 840 713 719 856 729 858 857 860 861 862 863 864 865 866 859 868 869 870 871 867 745 747 876 875 878 879 880 881 882 753 884 883 886 888 889 890 893 894 895 

868

769 772 774 776 798 800 803 804 805 810 811 819 875 823 876 825 697 828 830 703 708 840 713 719 856 729 858 859 860 861 863 864 866 867 868 869 870 871 872 745 873 747 874 877 878 879 880 753 882 881 884 885 886 887 888 889 890 883 893 894 895 

869
890 
772 776 798 800 803 804 745 805 810 747 819 823 825 698 697 828 830 703 840 713 719 729 857 858 859 860 861 862 863 864 865 866 867 868 869 870 871 872 873 874 875 876 877 878 879 880 881 882 883 884 885 886 887 888 889 753 893 894 895 

870
858 
769 772 774 776 798 800 803 804 805 810 811 819 875 823 697 825 828 830 703 708 840 713 719 856 729 857 859 860 861 862 863 864 865 866 867 868 869 870 872 873 874 745 876 747 878 877 880 753 882 883 884 885 886 887 888 889 890 893 

871
857 
769 772 774 776 798 800 803 804 805 810 811 819 875 823 697 825 828 830 703 708 840 713 719 856 729 859 860 861 862 863 864 865 866 867 868 869 871 872 873 874 747 876 745 878 877 880 753 882 883 884 885 886 887 888 889 890 893 894 

872
874 867 
769 772 774 798 800 803 804 805 810 811 819 823 697 825 828 877 830 703 708 840 713 719 856 729 858 857 860 861 862 863 864 865 866 859 868 869 870 871 872 745 747 876 875 878 879 880 881 753 882 884 883 886 888 889 890 893 894 895 

873
698 
769 772 774 798 800 803 804 805 810 811 819 823 825 697 828 877 830 703 708 840 713 719 856 729 858 857 860 861 862 863 864 865 866 859 868 869 870 871 745 873 747 876 875 878 879 880 881 882 753 884 883 886 887 888 889 890 893 894 895 

874
872 887 
769 772 774 798 800 803 804 805 810 811 819 823 825 697 828 877 830 703 708 840 713 719 856 729 858 857 860 861 862 863 864 865 866 859 868 869 870 871 745 874 747 876 875 878 879 880 881 882 753 884 883 886 888 889 890 893 894 895 

875

769 772 860 774 776 798 800 803 804 805 810 811 819 875 823 697 825 828 830 703 708 840 713 719 881 856 729 857 859 858 861 862 863 864 865 866 867 868 869 870 871 872 745 873 747 876 874 878 877 880 753 882 879 884 885 886 887 888 889 890 883 893 894 895 

876
729 863 
769 772 774 776 798 800 803 805 810 811 819 823 876 825 697 828 830 703 708 840 713 719 857 858 859 860 862 864 865 866 867 868 869 870 871 872 873 874 745 875 877 747 879 880 881 753 883 884 885 887 890 893 894 895 

877
885 
769 772 774 798 800 803 804 805 810 811 874 819 823 697 825 828 877 830 703 708 840 713 719 856 729 858 857 860 861 862 863 864 865 866 859 868 869 870 871 872 745 873 747 876 875 878 879 880 881 882 753 884 883 886 887 888 889 890 893 894 895 

878
888 889 729 886 
769 772 774 776 798 800 803 805 810 811 819 823 825 697 828 830 703 878 708 840 713 719 857 858 859 860 862 864 865 866 867 868 869 870 871 872 873 874 745 875 877 747 879 880 881 753 883 884 885 882 887 890 893 894 895 

879
698 894 
769 772 774 776 798 800 803 804 805 810 811 819 875 823 697 825 828 830 703 708 879 840 713 719 856 729 857 859 860 861 862 863 864 865 858 867 868 869 872 873 874 747 876 877 878 745 880 753 882 883 884 885 886 887 888 889 890 893 895 

880

769 772 774 776 869 798 800 804 810 811 825 697 830 708 840 713 880 753 719 856 729 858 859 857 861 862 863 864 865 866 867 868 860 870 871 872 873 874 875 876 877 878 879 745 881 882 883 884 885 886 887 888 889 890 893 894 895 

881
698 866 895 
769 772 774 776 798 800 803 804 805 810 811 819 875 823 697 825 828 830 703 708 840 713 719 881 856 729 857 859 860 861 862 863 864 865 867 868 869 872 873 874 747 876 877 878 745 880 753 882 883 884 885 886 887 888 889 890 893 894 

882
856 
769 772 774 776 798 800 803 805 810 811 819 823 825 697 828 830 703 708 840 713 719 857 858 859 860 861 862 864 865 866 867 868 869 870 871 872 873 874 875 747 877 745 879 880 881 753 883 884 885 878 887 888 882 890 893 894 895 

883

769 772 860 774 776 798 800 803 804 805 810 811 819 875 823 697 825 828 830 703 708 840 713 719 856 729 857 859 858 861 862 863 864 865 866 867 868 869 870 871 872 745 873 747 876 874 878 879 880 753 882 877 881 885 886 887 888 889 890 884 883 893 894 895 

884
893 
769 772 774 776 798 800 803 804 805 810 811 819 875 823 697 828 830 703 708 840 713 719 856 857 858 859 729 861 862 863 860 865 866 867 868 869 870 871 872 873 874 747 745 877 878 879 880 753 882 881 876 885 886 887 888 889 890 883 884 894 895 

885
698 867 877 
769 772 774 798 800 803 804 805 810 811 819 823 825 697 828 830 703 708 840 713 719 856 729 857 858 860 861 862 863 864 865 866 868 869 870 871 745 747 876 875 878 879 880 881 753 882 884 883 886 885 888 889 890 893 894 895 

886
878 
769 772 774 776 798 800 803 805 810 811 819 823 825 697 828 830 703 708 840 713 719 856 857 858 859 860 861 862 864 865 866 867 868 869 870 871 872 873 874 747 875 877 745 879 880 881 753 883 884 885 886 887 888 890 893 894 895 

887
874 
769 772 774 798 800 803 804 805 810 811 819 823 697 825 828 877 830 703 708 840 713 719 856 729 858 857 860 861 862 863 864 865 866 859 868 869 870 871 745 873 747 876 875 878 879 880 753 881 882 884 883 886 887 888 889 890 893 894 895 

888
889 861 878 
769 772 774 776 798 800 803 805 810 811 819 823 825 697 828 830 703 708 840 713 719 857 858 859 860 862 864 865 866 867 868 869 870 871 872 873 874 745 875 877 747 879 880 881 753 883 884 885 882 887 886 888 890 893 894 895 

889
888 861 878 
769 772 774 776 798 800 803 805 810 811 819 823 697 828 830 703 708 840 713 719 857 858 859 860 862 864 865 866 867 868 869 870 871 872 873 874 875 747 877 745 879 880 881 883 884 885 887 889 890 893 894 895 

890
869 
772 774 776 798 800 803 804 745 805 810 747 819 823 825 698 828 830 703 840 713 719 729 856 857 858 859 860 861 862 863 864 865 866 867 868 870 871 872 873 874 875 876 877 878 879 880 881 882 883 884 885 886 887 888 889 890 893 894 895 

893
698 884 
769 772 774 776 798 800 803 804 805 745 810 811 747 819 823 697 825 828 830 703 708 840 713 719 857 858 859 860 861 862 863 729 865 866 867 868 869 870 871 872 873 874 875 876 877 878 879 880 881 882 883 753 885 886 887 888 889 890 893 894 895 

894
879 
769 772 774 776 798 800 803 804 805 810 811 819 875 823 825 697 698 828 830 703 708 840 713 719 881 856 729 857 859 860 861 862 863 864 865 858 867 868 869 871 872 873 874 747 876 877 878 745 880 753 882 883 884 885 886 887 888 889 890 893 894 895 

895
881 
769 772 774 776 798 800 803 804 805 810 811 819 875 823 697 825 828 830 703 708 879 840 713 719 856 729 857 859 860 861 862 863 864 865 867 868 869 872 873 874 747 876 877 878 745 880 753 882 883 884 885 886 887 888 889 890 893 894 895 

