697
856 
774 776 869 803 804 810 811 825 697 703 857 858 859 729 861 862 863 864 865 866 867 868 860 870 871 872 873 874 875 876 877 878 879 880 881 882 883 884 885 886 887 888 889 893 894 895 

698
864 800 866 870 774 840 810 874 877 719 729 893 889 
769 869 811 819 698 890 859 861 894 703 

703
819 747 
769 772 774 776 800 803 804 810 811 825 698 697 830 703 708 840 713 753 729 857 858 859 860 861 862 863 864 865 866 867 868 869 870 871 872 873 874 875 876 877 878 879 745 881 882 883 884 885 886 887 888 889 890 893 894 895 

708
769 830 719 
772 776 803 804 805 745 810 825 703 708 857 858 859 729 860 862 863 864 865 866 867 868 861 870 871 872 873 874 875 876 877 878 879 880 881 882 883 884 885 886 887 888 889 893 894 895 

713
800 810 719 
769 776 869 803 804 811 825 703 713 890 856 857 858 859 729 861 862 863 864 865 866 867 868 860 870 871 872 873 874 875 876 877 878 879 880 881 882 883 884 885 886 887 888 889 753 893 894 895 

719
708 805 774 713 810 698 
769 776 869 803 804 811 825 719 890 856 857 858 859 729 861 862 863 864 865 866 867 868 860 870 871 872 873 874 875 876 877 878 879 880 881 882 883 884 885 886 887 888 889 753 893 894 895 

729
804 753 882 698 863 
769 772 774 776 800 803 805 810 811 819 823 697 825 828 830 703 708 840 713 719 857 858 859 860 729 862 864 865 866 867 868 869 870 871 872 873 874 875 747 877 745 879 880 881 883 884 885 887 890 893 894 895 

745
828 
769 772 776 803 804 745 811 819 825 703 708 840 880 753 856 857 858 859 729 861 862 863 864 865 866 867 868 869 870 871 872 873 874 875 876 877 878 879 860 881 882 883 884 885 886 887 888 889 890 893 894 895 

747
804 823 828 830 703 
772 776 869 811 825 857 858 859 729 861 862 863 864 865 866 867 868 860 870 871 872 873 874 875 876 877 878 879 747 881 882 883 884 885 886 887 888 889 890 893 894 895 

753
729 
772 774 776 800 803 804 805 810 811 825 828 830 703 878 840 713 719 857 858 859 860 862 863 864 865 866 867 868 869 870 871 872 873 874 875 745 877 876 879 880 881 882 883 884 885 886 887 888 753 893 894 895 

769
708 
769 772 776 803 804 745 805 810 819 823 825 698 830 703 840 713 719 857 858 859 860 729 862 863 864 865 866 867 868 861 870 871 872 873 874 875 876 877 878 879 880 881 882 883 884 885 886 887 888 889 893 894 895 

772

769 772 774 776 869 803 804 745 810 811 747 819 823 825 830 703 708 840 753 857 858 859 729 861 862 863 864 865 866 867 868 860 870 871 872 873 874 875 876 877 878 879 880 881 882 883 884 885 886 887 888 889 890 893 894 895 

774
698 811 828 719 
772 774 776 803 804 825 697 703 890 857 858 859 729 861 862 863 864 865 866 867 868 860 870 871 872 873 874 875 876 877 878 879 880 881 882 883 884 885 886 887 888 889 753 893 894 895 

776

769 772 774 776 800 803 804 805 810 811 819 823 825 697 828 830 703 708 840 713 719 856 729 858 857 860 861 862 863 864 865 866 859 868 869 870 871 745 747 876 875 878 879 880 753 881 882 884 883 886 888 889 890 893 894 895 

800
713 698 823 
776 869 800 803 804 819 825 703 840 890 857 858 859 729 861 862 863 864 865 866 867 868 860 870 871 872 873 874 875 876 877 878 879 880 881 882 883 884 885 886 887 888 889 753 893 894 895 

803
880 
769 772 774 776 800 803 804 745 805 810 811 819 823 825 697 828 830 703 708 713 753 719 856 857 858 729 859 861 862 863 864 865 866 867 868 869 870 871 872 873 874 875 876 877 878 879 860 881 882 883 884 885 886 887 888 889 890 893 894 895 

804
747 878 729 861 863 
769 772 774 776 800 803 804 805 810 811 819 823 697 825 828 830 703 708 840 713 719 857 858 859 860 862 864 865 866 867 868 869 870 871 872 873 874 875 745 877 879 880 881 753 883 884 885 887 890 893 894 895 

805
810 719 
769 776 869 803 804 805 811 825 708 856 857 858 859 729 861 862 863 864 865 866 867 868 860 870 871 872 873 874 875 876 877 878 879 881 882 753 884 885 886 887 888 889 890 883 893 894 895 

810
713 698 805 719 
769 772 776 869 803 804 810 811 819 825 697 830 703 708 840 890 857 858 859 729 861 862 863 864 865 866 867 868 860 870 871 872 873 874 875 876 877 878 879 880 881 882 883 884 885 886 887 888 889 753 893 894 895 

811
890 869 774 
772 776 803 804 805 745 810 811 747 819 823 825 698 697 828 830 703 840 713 719 857 858 859 860 729 862 863 864 865 866 867 868 861 870 871 872 873 874 875 876 877 878 879 880 881 882 883 884 885 886 887 888 889 753 893 894 895 

819
840 823 856 830 703 
769 772 776 869 800 803 804 810 811 819 825 698 857 858 859 729 861 862 863 864 865 866 867 868 860 870 871 872 873 874 875 876 877 878 879 745 881 882 883 884 885 886 887 888 889 890 893 894 895 

823
856 819 800 747 
769 772 776 869 803 804 811 823 825 857 858 859 729 861 862 863 864 865 866 867 868 860 870 871 872 873 874 875 876 877 878 879 881 882 883 884 885 886 887 888 889 890 893 894 895 

825

769 772 774 776 800 803 804 805 810 811 819 823 697 825 828 830 703 878 708 840 713 719 857 858 859 860 861 862 863 729 865 866 867 868 869 870 871 872 873 874 747 745 877 876 879 880 881 882 883 875 885 886 887 753 888 890 893 894 895 

828
856 745 747 774 
776 869 803 804 811 825 828 753 857 858 859 729 861 862 863 864 865 866 867 868 860 870 871 872 873 874 875 876 877 878 879 881 882 883 884 885 886 887 888 889 890 893 894 895 

830
819 708 747 
769 772 776 869 803 804 810 811 825 830 703 890 857 858 859 729 861 862 863 864 865 866 867 868 860 870 871 872 873 874 875 876 877 878 879 880 881 882 883 884 885 886 887 888 889 753 893 894 895 

840
856 698 819 
769 772 776 869 800 804 745 810 811 825 703 840 890 857 858 859 729 861 862 863 864 865 866 867 868 860 870 871 872 873 874 875 876 877 878 879 880 881 882 883 884 885 886 887 888 889 753 893 894 895 

856
840 876 819 823 697 828 863 
776 803 805 713 719 856 857 858 859 860 862 865 866 867 868 870 871 872 873 874 875 745 877 879 880 881 883 884 885 886 887 890 894 895 

857
868 
769 772 774 776 800 803 804 805 810 811 819 823 825 697 828 830 703 708 879 840 713 719 881 856 729 858 859 860 861 857 863 864 866 867 869 870 872 745 874 873 876 747 878 877 880 753 882 875 884 885 886 887 888 889 890 883 893 894 895 

858

769 772 774 776 800 803 804 805 810 811 819 823 825 697 828 830 703 708 879 840 713 719 856 729 857 859 860 861 862 863 864 865 866 867 868 869 858 872 873 874 745 876 877 878 747 880 753 882 875 884 885 886 887 888 889 890 883 893 894 

859

769 772 774 776 859 800 803 804 805 810 811 874 819 823 825 697 698 828 877 830 703 708 840 713 719 856 729 858 857 860 861 862 863 864 865 866 867 868 869 870 871 872 745 873 747 876 875 878 879 880 753 881 882 884 883 886 887 888 889 890 893 894 895 

860

769 772 860 774 776 800 803 804 805 810 811 819 875 823 825 697 828 830 703 708 840 713 880 719 856 857 858 729 859 861 862 863 864 865 866 867 868 869 870 871 872 745 874 747 876 873 878 879 877 753 881 882 884 885 886 887 888 889 890 883 893 894 895 

861
804 
769 772 774 776 800 803 805 810 811 819 823 825 698 697 828 830 703 708 840 713 719 857 858 859 860 861 862 864 865 866 867 868 869 870 871 872 873 874 875 745 877 747 879 880 881 882 883 884 885 886 887 890 893 894 895 

862
865 
769 772 774 776 800 803 804 805 810 811 819 875 823 825 697 828 830 703 708 879 840 713 719 856 729 858 859 860 861 862 863 864 866 867 869 870 871 872 745 874 747 876 877 878 873 880 753 882 881 884 885 886 887 888 889 890 883 893 894 895 

863
856 729 804 
769 772 774 776 800 803 805 810 811 819 823 697 825 828 830 703 708 840 713 719 857 858 859 860 862 863 864 865 866 867 868 869 870 871 872 873 874 747 745 877 875 879 880 881 753 883 884 885 887 890 893 894 895 

864
698 
769 772 774 776 800 803 804 805 810 811 819 875 823 697 828 830 703 878 708 840 713 719 857 858 859 729 861 862 863 860 865 866 867 868 869 870 871 872 745 874 747 876 877 873 879 880 881 753 883 882 885 886 887 888 889 890 864 894 895 

865
862 
769 772 774 776 800 803 804 805 810 811 819 823 825 697 828 830 703 708 879 840 713 719 881 856 729 858 859 860 861 863 864 865 866 867 869 870 871 872 745 874 747 876 873 878 877 880 753 882 875 884 885 886 887 888 889 890 883 893 894 895 

866
698 
769 772 774 866 776 800 803 804 805 810 811 819 875 823 825 697 828 830 703 708 840 713 719 856 729 857 859 860 861 862 863 864 865 858 867 868 869 870 871 872 873 874 747 876 877 878 745 880 753 882 883 884 885 886 887 888 889 890 893 

867
885 
769 772 774 800 803 804 805 810 811 819 823 825 697 828 830 703 708 840 713 719 856 729 858 857 860 861 862 863 864 865 866 859 868 869 870 871 867 745 747 876 875 878 879 880 753 881 882 884 883 886 888 889 890 893 894 895 

868
857 
769 772 774 776 800 803 804 805 810 811 819 875 823 825 697 828 830 703 708 879 840 713 719 856 729 858 859 860 861 863 864 866 867 868 869 870 871 872 745 874 747 876 873 878 877 880 753 882 881 884 885 886 887 888 889 890 883 893 894 895 

869
811 
772 776 869 800 803 804 745 805 810 747 819 823 825 698 697 828 830 703 840 713 719 857 858 859 860 729 862 863 864 865 866 867 868 861 870 871 872 873 874 875 876 877 878 879 880 881 882 883 884 885 886 887 888 889 753 893 894 895 

870
698 
769 772 774 776 800 803 804 805 810 811 819 823 825 697 828 830 703 708 840 713 719 856 729 857 859 860 861 862 863 864 865 866 867 868 869 870 872 873 874 747 876 877 878 745 880 753 882 875 884 885 886 887 888 889 890 883 893 

871
895 
769 772 774 776 800 803 804 805 810 811 819 823 825 697 828 830 703 708 840 713 719 856 729 859 860 861 862 863 864 865 866 867 868 869 871 872 873 874 745 876 877 878 747 880 753 882 875 884 885 886 887 888 889 890 883 893 894 

872
873 887 
769 772 774 800 803 804 805 810 811 819 823 825 697 828 877 830 703 708 840 713 719 856 857 858 729 860 861 862 863 864 865 866 859 868 869 870 871 872 745 747 876 875 878 879 880 753 881 882 884 883 886 888 889 890 893 894 895 

873
872 
769 772 774 800 803 804 805 810 811 819 823 825 697 828 877 830 703 708 840 713 719 856 729 857 858 860 861 862 863 864 865 866 859 868 869 870 871 745 873 747 876 875 878 879 880 881 753 882 884 883 886 887 888 889 890 893 894 895 

874
698 
769 772 774 800 803 804 805 810 811 819 823 825 697 828 877 830 703 708 840 713 719 856 729 858 857 860 861 862 863 864 865 866 859 868 869 870 871 745 874 747 876 875 878 879 880 753 881 882 884 883 886 888 889 890 893 894 895 

875

769 772 860 774 776 800 803 804 805 873 810 811 819 875 823 825 697 828 830 703 708 840 713 719 856 857 729 859 858 861 862 863 864 865 866 867 868 869 870 871 872 745 874 747 876 877 878 879 880 753 882 881 884 885 886 887 888 889 890 883 893 894 895 

876
856 
769 772 774 776 800 803 805 810 811 819 823 876 825 697 828 830 703 708 840 713 719 857 858 859 860 862 864 865 866 867 868 869 870 871 872 873 874 875 745 877 747 879 880 881 753 883 884 885 887 890 893 894 895 

877
698 885 
769 772 774 800 803 804 805 810 811 874 819 823 825 697 828 877 830 703 708 840 713 719 856 729 858 857 860 861 862 863 864 865 866 859 868 869 870 871 872 745 873 747 876 875 878 879 880 753 882 881 884 883 886 887 888 889 890 893 894 895 

878
804 
769 772 774 776 800 803 805 810 811 819 823 697 825 828 830 703 878 708 840 713 719 857 858 859 860 862 864 865 866 867 868 869 870 871 872 873 874 875 747 877 745 879 880 881 753 883 884 885 882 887 890 893 894 895 

879

769 772 774 776 800 803 804 805 810 811 819 823 825 697 828 830 703 708 879 840 713 719 856 729 857 859 860 861 862 863 864 865 858 867 868 869 872 873 874 747 876 877 878 745 880 753 882 875 884 885 886 887 888 889 890 883 893 895 

880
803 
769 772 774 776 800 804 745 810 811 825 697 830 708 840 713 880 753 719 856 857 858 859 729 861 862 863 864 865 866 867 868 869 870 871 872 873 874 875 876 877 878 879 860 881 882 883 884 885 886 887 888 889 890 893 894 895 

881
895 
769 772 774 776 800 803 804 805 810 811 819 823 825 697 828 830 703 708 840 713 719 881 856 729 857 859 860 861 862 863 864 865 867 868 869 872 873 874 747 876 877 878 745 880 753 882 875 884 885 886 887 888 889 890 883 893 894 

882
729 889 
769 772 774 776 800 803 805 810 811 819 823 697 825 828 830 703 708 840 713 719 857 858 859 860 861 862 864 865 866 867 868 869 870 871 872 873 874 875 747 877 745 879 880 881 753 883 884 885 878 887 888 882 890 893 894 895 

883

769 772 860 774 776 800 803 804 805 810 811 887 819 875 823 825 697 828 830 703 708 840 713 719 856 729 858 859 857 861 862 863 864 865 866 867 868 869 870 871 872 745 873 874 876 877 878 879 747 753 882 881 884 885 886 880 888 889 890 883 893 894 895 

884

769 772 774 776 800 803 804 745 805 810 811 819 875 823 697 828 830 703 708 840 713 719 856 857 858 859 729 861 862 863 860 865 866 867 868 869 870 871 872 873 874 747 876 877 878 879 880 881 882 753 883 885 886 887 888 889 890 884 894 895 

885
867 877 
769 772 774 800 803 804 805 810 811 819 823 825 697 828 830 703 708 840 713 719 856 729 858 857 860 861 862 863 864 865 866 868 869 870 871 745 747 876 875 878 879 880 753 881 882 884 883 886 885 888 889 890 893 894 895 

886

769 772 774 776 800 803 805 810 811 819 823 697 825 828 830 703 708 840 713 719 856 857 858 859 860 861 862 864 865 866 867 868 869 870 871 872 873 874 875 747 877 745 879 880 881 753 883 884 885 886 887 888 890 893 894 895 

887
872 
769 772 774 800 803 804 805 810 811 819 823 825 697 828 877 830 703 708 840 713 719 856 729 858 857 860 861 862 863 864 865 866 859 868 869 870 871 745 873 747 876 875 878 879 880 753 881 882 884 883 886 887 888 889 890 893 894 895 

888
889 
769 772 774 776 800 803 805 810 811 819 823 697 825 828 830 703 708 840 713 719 857 858 859 860 862 864 865 866 867 868 869 870 871 872 873 874 745 747 877 875 879 880 881 882 883 884 885 753 887 886 888 890 893 894 895 

889
888 698 882 
769 772 774 776 800 803 805 810 811 819 823 697 828 830 703 708 840 713 719 857 858 859 860 862 864 865 866 867 868 869 870 871 872 873 874 875 747 877 745 879 880 881 883 884 885 887 889 890 893 894 895 

890
811 
772 774 776 800 803 804 805 745 810 747 819 823 825 698 828 830 703 840 713 719 856 857 858 859 860 729 862 863 864 865 866 867 868 861 870 871 872 873 874 875 876 877 878 879 880 881 882 883 884 885 886 887 888 889 890 893 894 895 

893
698 
769 772 774 776 800 803 804 745 805 810 811 819 875 823 697 825 828 830 703 708 840 713 719 857 858 859 729 861 862 863 860 865 866 867 868 869 870 871 872 873 874 747 876 877 878 879 880 881 882 883 753 885 886 887 888 889 890 893 894 895 

894

769 772 774 776 800 803 804 805 810 811 819 823 825 697 698 828 830 703 708 840 713 719 881 856 729 857 859 860 861 862 863 864 865 858 867 868 869 871 872 873 874 747 876 877 878 745 880 753 882 875 884 885 886 887 888 889 890 883 893 894 895 

895
881 871 
769 772 774 776 800 803 804 805 810 811 819 875 823 825 697 828 830 703 708 879 840 713 719 856 729 857 859 860 861 862 863 864 865 867 868 869 872 873 745 747 876 877 878 874 880 753 882 883 884 885 886 887 888 889 890 893 894 895 

