686
788 792 793 809 817 826 830 832 707 838 842 715 717 718 846 738 739 749 755 756 
686 

687

689 690 691 692 693 698 699 700 702 704 705 706 707 710 711 712 713 714 715 717 721 722 725 727 729 732 733 734 735 736 738 740 741 742 743 744 746 749 750 753 755 756 757 761 762 767 768 769 770 771 773 775 776 778 782 784 785 786 788 789 790 791 794 795 796 798 799 802 803 804 806 810 811 812 813 814 815 816 818 821 822 825 829 831 832 833 835 836 837 839 841 842 845 846 848 850 851 852 854 855 

688
771 
689 690 691 692 698 699 700 702 703 704 707 708 710 711 712 714 715 716 717 718 720 721 722 725 728 729 730 732 733 735 736 738 741 742 743 744 746 749 750 753 755 757 758 759 761 762 763 764 767 768 769 775 776 782 783 785 786 787 788 789 790 791 793 795 796 797 798 799 802 803 804 806 808 809 810 812 813 814 816 817 818 822 825 827 829 831 832 833 836 837 839 841 843 848 850 851 852 854 855 

689

687 688 690 693 694 695 696 697 698 700 701 703 704 705 706 708 709 710 715 716 718 720 723 724 726 727 728 729 730 731 734 735 737 738 739 741 747 748 751 752 753 754 755 756 758 760 761 762 763 764 765 766 769 770 772 773 774 777 778 779 780 781 783 785 787 792 793 797 799 800 807 809 810 814 815 817 819 820 823 824 826 827 828 830 831 834 835 836 837 838 840 842 843 844 846 848 849 851 853 856 

690

689 691 697 698 699 700 701 702 704 707 709 710 712 714 715 720 723 725 728 729 730 732 733 735 736 738 739 742 743 744 746 749 750 753 755 756 757 759 760 762 763 764 765 767 768 769 771 772 775 776 779 782 783 785 786 787 788 789 791 792 795 796 799 800 802 803 804 806 807 808 811 812 813 814 815 816 817 818 819 822 825 826 828 829 832 833 835 837 838 839 840 841 843 846 849 850 851 854 855 856 

691

687 688 690 693 694 695 696 697 700 703 704 706 708 709 711 715 716 717 718 719 720 723 724 726 727 731 734 735 737 738 739 740 741 745 748 750 751 752 754 755 756 758 760 761 762 763 764 765 766 769 770 772 773 774 777 778 779 784 785 790 793 794 798 799 800 805 807 809 810 811 812 815 817 819 820 823 824 826 827 828 830 831 832 834 835 836 837 838 840 842 843 844 845 846 847 848 849 851 853 855 

692

687 688 693 694 695 696 697 700 701 703 704 705 706 707 708 709 711 713 715 718 722 723 724 726 727 728 730 731 734 737 738 739 742 745 746 751 752 753 754 755 756 759 760 761 762 764 765 766 772 774 777 778 779 780 781 783 784 785 786 787 792 793 794 795 797 800 803 805 807 808 809 810 813 814 817 819 820 821 823 826 827 828 829 830 831 834 835 836 837 838 840 842 844 845 846 847 848 849 851 853 

693
837 
687 689 690 691 692 699 702 703 704 707 710 711 712 714 716 717 720 721 722 725 728 729 730 732 733 735 736 739 740 741 742 743 744 746 748 749 750 751 753 755 757 758 759 761 762 763 764 765 767 768 769 771 775 776 779 782 783 786 787 788 789 790 791 793 795 796 797 798 799 802 804 806 807 808 809 811 813 816 817 818 821 822 825 831 833 835 836 838 839 841 843 845 848 850 851 852 854 855 856 

694
772 812 
689 691 692 693 698 699 702 704 707 708 712 714 715 716 718 720 721 725 728 729 730 732 733 735 736 739 740 741 742 743 744 746 748 749 750 753 755 757 758 759 761 762 763 764 765 767 768 769 770 771 775 776 779 782 783 785 786 787 788 789 790 791 793 796 797 799 802 803 804 806 807 808 809 811 813 814 816 817 818 819 822 825 832 833 835 836 837 839 841 843 846 849 850 851 852 854 855 856 

695

687 689 690 691 692 698 699 702 703 704 707 708 710 712 714 716 717 720 721 725 728 729 730 732 733 735 736 740 741 742 743 744 746 748 749 750 753 755 757 758 759 761 763 764 765 767 768 769 771 772 775 776 779 782 783 785 786 787 788 789 790 791 793 796 797 798 799 800 802 803 804 806 807 808 809 811 813 816 817 818 819 822 825 831 832 833 835 836 837 839 841 843 848 849 850 851 852 854 855 856 

696
713 845 
689 690 691 692 698 699 702 703 704 707 708 710 712 714 716 717 720 721 725 728 729 730 732 733 735 736 740 741 742 743 744 746 748 749 750 753 755 757 758 759 761 762 763 764 765 767 768 769 770 771 772 775 776 782 783 785 786 787 788 789 790 791 793 796 797 798 799 802 803 804 806 808 809 811 812 813 814 816 817 818 821 822 825 831 832 833 835 836 837 839 841 843 848 850 851 852 855 856 

697
721 748 713 
689 690 691 692 699 700 702 703 704 707 710 711 712 714 715 716 717 718 720 722 725 728 730 732 733 735 736 737 738 740 741 742 743 744 746 749 750 755 756 757 758 759 761 762 763 764 767 768 770 771 775 776 782 783 785 786 787 788 789 790 791 793 795 796 797 798 799 802 803 804 806 808 809 810 811 812 813 814 816 817 821 822 825 829 831 832 833 836 839 841 846 847 850 851 852 854 855 

698
703 
687 689 690 691 694 695 696 699 700 701 702 704 706 707 710 711 712 714 715 716 718 721 722 724 725 726 727 730 732 733 736 737 738 740 741 742 743 744 746 748 749 750 755 757 758 759 762 763 764 767 768 770 771 773 775 777 778 779 781 782 783 784 785 786 788 789 791 793 794 795 796 797 799 802 806 808 809 813 815 816 817 818 821 822 826 829 831 833 836 839 841 842 845 846 847 849 850 853 854 

699

687 690 694 695 696 697 700 701 703 704 705 706 708 709 710 711 715 716 718 719 722 723 724 726 727 728 729 730 731 734 737 738 741 747 748 751 752 753 754 755 756 760 761 762 763 764 765 766 769 770 772 773 774 776 777 780 781 783 784 785 787 792 793 794 795 799 800 805 808 809 810 811 814 817 819 820 821 823 824 826 827 829 830 831 834 835 836 837 838 840 842 843 844 845 846 847 849 853 854 856 

700

688 689 690 691 692 698 699 702 703 704 707 708 709 710 712 713 714 715 716 717 720 721 725 728 729 730 732 735 736 739 740 741 742 743 744 746 747 748 749 750 753 755 757 758 759 761 762 763 764 765 767 768 769 771 772 774 775 776 779 782 783 786 787 788 789 790 791 793 796 797 798 802 803 804 806 807 808 809 811 814 816 817 818 819 821 822 825 831 832 833 835 836 839 841 843 848 850 852 855 856 

701
845 
689 690 691 692 698 699 702 706 707 710 711 712 714 715 716 717 720 721 722 725 728 729 730 732 733 735 736 737 740 741 742 743 744 746 749 750 753 755 757 759 761 762 763 764 765 767 768 769 771 775 776 779 782 783 785 786 787 788 789 790 791 793 795 796 797 798 799 800 802 803 804 806 807 808 809 811 812 813 816 817 818 822 825 831 832 833 835 836 837 839 841 843 847 850 851 852 854 855 856 

702

687 688 690 693 694 695 696 698 700 701 704 705 708 709 710 713 715 716 718 719 720 723 724 726 727 728 730 731 734 737 738 739 741 745 747 748 751 752 754 755 756 758 760 761 762 763 764 765 766 770 772 774 777 778 779 781 784 785 787 790 792 793 794 797 799 803 804 807 808 809 810 813 814 815 817 820 821 823 824 825 826 827 828 830 831 832 834 835 836 837 838 840 842 843 845 848 849 853 854 856 

703
792 698 
688 689 691 692 693 695 696 697 699 700 701 702 704 706 707 710 711 712 713 714 715 717 721 722 723 724 725 727 729 732 733 734 735 736 738 742 743 744 746 749 750 751 753 756 757 760 761 762 766 767 768 769 770 771 772 775 776 782 785 786 788 789 790 791 794 795 796 798 799 800 802 804 806 810 811 812 813 814 816 818 821 822 825 826 829 832 833 837 839 841 842 846 848 850 851 852 854 855 

704

689 690 691 692 693 698 699 702 703 706 707 708 710 711 712 714 715 717 719 721 722 725 726 729 730 732 733 735 736 737 738 742 743 746 749 752 753 755 757 758 759 763 765 767 768 769 771 773 775 776 778 779 782 784 786 787 788 789 790 791 793 794 795 796 798 800 802 804 806 807 808 809 811 812 814 815 816 817 818 819 822 825 828 829 831 832 833 834 836 837 838 839 842 843 847 850 851 852 855 856 

705
824 763 830 807 
687 688 689 690 691 692 696 698 699 700 701 702 704 707 708 709 710 711 712 714 716 717 721 723 725 727 729 730 732 733 734 735 736 740 742 743 744 746 749 750 751 753 756 757 765 767 768 769 771 774 775 776 777 779 782 783 785 786 788 789 790 791 792 795 796 797 798 802 804 806 811 812 813 815 816 817 818 821 822 825 826 832 833 837 838 839 840 841 846 848 850 851 852 854 855 856 

706

689 690 691 692 698 699 701 702 704 707 708 709 712 714 716 717 720 721 723 725 728 729 730 732 733 735 736 739 740 741 742 743 744 746 747 748 749 750 753 755 757 758 759 761 763 764 765 767 768 769 770 771 772 775 776 779 782 783 786 787 788 789 790 791 793 796 797 798 799 802 803 804 806 807 808 809 811 816 817 818 819 820 821 822 825 832 833 835 836 837 839 841 843 848 849 850 851 852 855 856 

707

687 688 690 694 696 697 698 703 704 705 708 709 710 711 715 716 717 718 720 726 727 728 729 730 735 737 738 739 740 741 744 745 747 748 750 753 754 755 756 758 760 761 762 763 764 765 769 770 772 774 775 777 779 780 781 785 790 792 793 797 798 799 803 805 807 808 809 810 811 812 814 815 819 820 821 823 824 825 827 828 830 831 832 834 835 836 837 840 843 844 845 846 847 848 849 852 853 854 855 856 

708
811 
689 690 691 692 695 699 700 701 702 704 706 707 710 711 712 714 715 716 717 721 722 723 725 728 732 733 736 737 739 740 741 742 743 744 745 746 749 750 751 752 756 757 758 759 761 762 763 767 768 770 771 775 776 777 779 782 785 786 788 789 790 791 792 793 795 796 799 802 805 806 810 812 813 815 816 817 818 821 822 825 829 831 832 833 835 836 837 839 841 844 846 847 848 850 851 852 853 854 855 

709

689 690 691 692 693 698 699 700 702 707 710 711 712 714 715 716 717 720 721 722 725 728 729 730 732 733 734 735 736 738 740 742 743 746 748 749 750 753 755 756 757 758 759 761 762 763 767 768 771 775 776 782 783 784 785 786 787 788 789 790 791 793 795 796 797 798 799 800 802 803 804 806 807 808 809 810 811 812 813 814 816 817 818 822 825 827 829 831 832 833 836 839 841 842 846 850 851 852 854 855 

710
805 
688 689 690 691 697 699 700 701 702 703 704 707 708 709 712 713 714 715 717 718 719 721 723 725 729 732 733 736 739 740 741 742 743 744 746 748 749 751 753 755 756 757 758 761 764 765 767 768 769 771 772 775 776 777 778 779 782 783 786 788 789 791 792 793 794 796 797 799 802 804 806 807 808 809 811 812 813 815 816 817 818 819 822 823 833 835 837 838 839 840 841 843 844 845 846 850 851 855 856 

711

687 689 690 691 692 697 698 699 702 704 707 708 709 712 713 714 716 717 718 720 721 725 728 729 730 732 735 736 739 740 741 742 743 744 746 747 748 749 750 753 755 757 758 761 762 763 764 765 767 769 770 771 772 775 776 779 782 783 786 787 788 789 790 791 792 793 796 797 798 799 802 804 806 807 808 809 811 812 816 818 819 821 822 825 831 832 833 835 836 837 838 839 841 843 845 848 850 852 855 856 

712

687 688 690 693 695 696 697 698 700 701 703 704 705 708 709 710 715 716 718 720 723 726 727 728 730 731 735 737 738 739 741 745 747 748 751 752 753 754 755 756 758 760 761 762 764 765 769 770 772 773 774 776 777 778 779 780 781 783 784 787 792 793 794 797 799 800 803 807 808 809 810 811 814 815 817 819 820 823 824 825 826 827 828 830 831 832 834 835 836 837 838 840 842 843 845 846 847 849 853 856 

713
706 815 819 696 697 
687 689 691 692 699 700 702 703 704 709 710 711 712 714 715 716 717 718 720 723 725 727 728 729 730 732 733 735 737 739 740 741 743 744 749 750 753 755 756 757 758 759 761 763 764 765 767 768 769 770 771 775 776 779 783 785 786 789 790 791 792 793 795 796 797 798 799 802 803 804 806 807 808 809 811 812 820 821 822 825 826 832 835 836 837 838 839 841 843 846 849 852 854 855 856 

714

687 688 690 693 694 695 696 697 698 700 701 703 704 705 706 708 709 715 716 718 720 723 724 726 727 728 730 731 734 737 738 739 740 741 745 747 748 751 752 754 755 756 758 760 761 762 763 764 765 766 770 772 773 774 777 778 779 781 784 787 790 792 793 797 799 800 803 807 808 809 810 812 814 815 817 820 823 824 825 826 827 828 830 831 832 834 835 836 837 838 840 842 843 845 846 847 848 849 853 856 

715
686 
687 688 689 690 691 692 698 699 702 704 707 709 710 712 714 716 717 720 721 723 725 728 729 730 732 733 735 736 737 739 740 741 742 743 744 746 749 750 753 754 755 756 757 759 761 763 765 767 768 769 770 771 775 776 777 779 782 783 786 788 789 790 791 792 793 796 798 802 804 806 807 808 811 812 815 816 817 818 819 821 822 825 831 832 833 835 837 838 839 840 841 843 845 848 850 851 852 855 856 

716
795 
688 689 691 693 694 696 697 698 699 700 701 702 706 707 708 711 712 713 714 715 717 721 722 725 727 731 732 733 734 735 736 738 740 742 743 744 746 749 751 752 753 756 757 759 760 761 766 767 768 769 771 772 774 775 777 778 781 782 784 785 786 788 789 790 791 796 798 800 802 805 806 811 812 815 816 818 821 822 825 829 830 832 833 837 838 839 841 842 843 844 845 846 847 850 851 852 853 854 855 

717

687 689 691 693 696 697 699 701 702 704 705 707 710 711 712 713 714 715 716 718 722 723 724 725 727 728 729 730 732 736 738 741 742 743 744 746 747 748 750 754 755 758 759 761 762 763 764 765 766 768 770 771 772 778 779 780 781 782 783 785 786 787 788 789 791 792 793 795 796 797 802 803 804 806 807 808 809 812 814 816 817 818 820 821 822 823 824 825 826 829 832 833 835 838 839 842 843 848 849 850 

718
686 
688 689 690 691 692 694 697 698 699 700 702 704 707 708 709 710 711 712 713 714 717 721 722 723 725 727 729 732 733 734 735 736 738 740 742 743 744 746 749 750 753 756 757 759 761 766 767 768 769 771 772 773 775 776 777 782 784 785 786 788 789 790 791 792 794 795 796 798 799 800 802 804 806 811 812 813 816 818 819 821 822 825 829 832 833 835 839 841 843 845 846 848 850 851 852 853 854 855 856 

719
762 787 772 759 
687 689 690 691 692 693 699 702 704 707 709 710 711 712 714 715 716 717 721 723 725 729 730 732 735 736 738 739 740 741 742 743 744 746 748 749 750 753 754 757 758 761 763 765 767 769 770 771 775 776 777 778 779 782 783 785 786 788 789 790 791 793 796 797 798 802 803 804 806 807 808 809 811 812 813 816 818 821 822 825 831 832 833 835 836 837 839 841 844 846 850 851 852 854 855 856 

720

689 690 691 693 694 696 697 699 700 701 702 704 706 707 711 712 713 714 715 716 717 721 722 724 725 727 729 732 733 735 736 738 740 741 742 743 744 746 749 750 753 754 757 759 761 762 765 767 768 770 771 772 775 777 780 782 785 786 788 789 791 795 796 798 799 802 804 806 811 812 813 814 815 816 818 819 821 822 825 826 829 831 833 835 837 838 839 841 842 845 846 847 848 850 851 852 853 854 855 856 

721
848 697 
687 696 700 701 703 704 705 708 709 710 711 715 716 718 719 720 722 723 726 727 728 729 730 735 737 738 739 740 741 745 747 748 749 750 751 753 754 755 756 757 758 760 761 763 764 765 769 770 772 773 776 777 779 780 781 783 784 787 790 792 793 795 797 799 803 805 807 808 809 810 811 814 815 817 819 820 823 824 825 826 827 830 832 834 835 836 837 838 840 842 843 844 846 847 849 853 854 856 

722

687 688 689 691 692 697 698 699 703 704 708 709 712 714 716 717 718 720 721 723 725 728 729 730 732 735 736 739 740 741 743 744 746 747 748 749 750 751 753 755 757 758 759 761 762 763 764 765 769 770 771 772 774 775 776 778 779 782 783 786 787 788 790 791 792 793 797 798 799 802 803 804 807 808 809 811 812 814 815 816 817 818 819 821 823 825 831 832 833 835 836 838 840 841 844 850 851 852 855 856 

723

689 690 691 692 699 702 703 705 706 707 708 710 711 712 713 714 715 716 717 718 720 721 722 725 728 729 730 732 733 735 736 741 742 743 744 746 749 753 755 757 759 761 762 763 764 765 767 768 769 771 775 776 779 782 783 786 787 788 789 790 791 795 796 797 798 799 802 803 804 805 806 807 808 809 811 812 813 814 815 816 817 818 822 825 827 829 831 832 833 835 836 837 839 841 843 850 851 852 855 856 

724
736 708 
689 690 691 692 698 699 702 703 704 707 710 712 714 716 717 718 720 721 725 728 729 730 732 733 735 740 741 743 744 746 748 749 750 753 755 757 758 759 761 762 763 764 765 767 768 769 770 771 772 775 776 779 782 783 787 788 789 790 791 793 796 797 798 799 802 803 804 806 807 808 809 811 812 815 816 817 818 822 825 831 832 833 835 836 837 838 839 841 843 845 846 849 850 851 852 854 855 856 

725

687 688 690 694 698 700 701 703 704 705 706 708 709 710 711 716 718 719 720 722 723 724 727 728 729 730 731 737 738 739 740 741 745 747 748 751 752 754 755 756 758 759 760 761 762 763 764 765 766 770 772 773 774 777 778 779 781 783 787 790 792 793 794 797 799 800 803 804 807 808 809 810 812 814 815 817 819 820 821 823 824 826 827 828 830 831 832 834 835 836 837 838 840 842 843 845 846 848 849 853 

726

689 691 692 698 699 702 704 707 708 710 712 714 716 717 720 721 722 725 728 729 730 732 733 735 736 739 740 741 742 743 744 746 748 749 750 753 755 757 758 759 761 762 763 764 765 767 768 769 770 771 772 775 776 779 782 783 785 786 787 788 789 790 791 793 795 796 797 798 799 802 803 804 806 807 808 809 811 813 816 817 818 822 825 829 831 832 833 835 836 837 839 841 843 846 850 851 852 854 855 856 

727

687 689 690 691 692 698 699 702 704 707 710 712 713 714 715 716 717 718 720 721 725 728 729 730 732 733 735 736 739 740 741 742 743 746 748 749 750 753 755 757 758 759 761 762 763 764 765 767 768 769 771 772 774 775 776 777 779 782 783 786 787 788 789 790 791 793 796 797 798 799 802 803 804 806 807 808 809 811 813 814 816 817 818 821 822 825 829 831 832 833 835 836 837 839 841 843 850 852 855 856 

728

689 690 691 692 693 694 695 696 699 700 702 704 706 707 711 712 713 714 715 717 721 722 724 725 726 727 731 732 733 734 735 736 738 740 742 743 744 746 749 750 751 756 757 760 761 762 766 767 768 769 771 772 775 776 778 782 784 785 786 788 789 790 791 794 795 796 798 799 800 802 804 806 810 811 812 813 814 815 816 818 821 822 825 826 829 833 834 839 841 842 844 846 847 848 850 851 852 853 854 855 

729

689 690 694 695 699 700 701 702 704 705 707 710 711 712 713 714 715 717 719 720 721 722 723 724 725 726 727 731 732 733 734 736 737 738 742 745 746 748 751 752 756 758 759 760 761 762 764 766 768 771 773 777 778 780 784 785 786 788 789 790 791 793 794 795 796 799 800 802 803 805 806 808 809 812 813 814 816 817 818 820 821 826 829 831 832 833 834 837 839 842 843 844 845 846 847 848 850 851 853 854 

730

689 690 691 692 693 694 696 699 700 701 702 704 706 707 711 712 713 714 715 717 721 722 723 724 725 726 727 732 733 735 736 738 740 742 744 746 749 750 751 752 756 757 761 762 767 768 769 771 772 773 775 776 778 782 784 785 786 788 789 790 791 792 794 795 796 798 799 800 802 806 810 811 812 813 814 815 816 818 821 822 825 826 828 829 833 835 837 839 841 842 844 846 847 848 850 851 852 853 854 855 

731

687 689 691 692 698 699 702 703 704 707 710 712 714 716 717 718 720 721 725 728 729 730 732 733 735 736 739 740 741 742 743 744 746 747 748 749 750 753 755 757 758 761 762 763 764 765 767 768 769 770 771 772 775 776 779 782 783 786 787 788 789 790 791 793 796 797 798 799 802 803 804 806 807 808 809 811 812 813 816 817 818 819 822 825 831 832 833 835 836 837 839 841 843 848 850 851 852 854 855 856 

732

688 690 693 694 695 696 698 700 701 703 704 705 706 708 709 711 715 716 718 719 720 723 724 727 728 729 730 731 738 739 740 741 745 747 748 751 752 753 754 755 756 758 760 761 763 765 766 769 770 772 773 774 776 777 778 780 781 784 787 790 792 793 794 797 798 799 803 804 807 808 809 810 812 814 815 817 819 820 823 824 825 826 827 828 830 831 832 834 835 836 837 840 842 843 845 847 849 852 853 856 

733

687 688 690 693 697 698 699 701 703 704 705 706 708 709 710 713 715 716 718 720 721 723 728 729 730 731 735 739 740 741 745 747 748 752 753 754 755 757 758 759 760 761 762 763 764 765 769 770 772 774 775 778 779 780 783 785 787 790 792 793 797 798 799 800 803 804 807 808 809 810 811 812 815 817 819 820 821 823 824 825 826 827 828 830 831 832 834 835 836 837 838 840 843 844 845 846 848 849 851 856 

734

687 689 690 691 692 698 699 702 703 704 707 709 710 712 714 716 717 718 720 721 725 728 729 730 732 733 735 736 739 740 741 742 743 744 746 747 748 749 753 755 757 758 759 761 762 764 765 767 768 769 771 772 774 775 776 779 782 783 786 787 788 789 790 791 793 796 797 798 799 802 804 806 807 808 809 811 813 815 816 817 818 819 822 825 831 832 833 835 836 837 838 839 841 843 848 850 851 852 855 856 

735

687 689 690 691 695 696 699 700 701 702 703 704 707 711 712 713 714 715 716 718 720 721 722 723 724 725 726 730 732 733 734 736 737 738 739 740 741 742 743 746 748 749 750 751 754 756 757 759 762 763 764 768 770 773 775 777 778 779 780 782 783 785 786 787 788 789 790 793 794 795 796 797 799 802 803 804 805 806 808 809 813 816 817 818 820 821 822 829 832 833 834 836 839 841 844 845 846 848 849 850 

736

687 693 695 696 697 698 700 701 703 704 705 708 709 710 711 715 716 718 719 720 723 726 727 728 730 731 734 735 737 738 739 740 741 745 747 748 751 753 754 755 756 758 760 761 763 764 765 766 769 770 772 773 777 779 780 781 783 784 787 790 792 793 797 798 799 800 803 805 807 808 809 810 811 812 815 817 819 820 823 824 826 827 828 830 831 832 834 835 836 837 838 840 843 845 846 847 849 853 854 856 

737

689 691 692 698 699 701 702 704 707 708 710 711 712 713 714 715 716 717 720 721 725 729 730 732 733 735 736 739 740 741 742 743 744 746 749 750 753 755 756 757 758 759 761 762 763 767 768 769 770 771 772 775 776 778 781 782 785 786 787 788 789 790 791 793 795 796 797 798 799 802 803 804 806 807 808 810 811 812 813 814 816 818 819 822 825 827 832 833 836 839 841 846 848 849 850 851 852 854 855 856 

738
686 
687 689 690 691 692 698 699 702 703 704 707 708 709 712 714 716 717 718 720 721 725 728 729 730 732 733 735 736 739 740 741 742 743 744 746 749 750 753 755 757 758 759 761 763 764 765 767 768 769 771 772 775 776 779 782 783 785 787 788 789 790 791 793 796 797 798 802 804 806 807 808 809 811 812 815 816 817 818 819 821 822 825 831 832 833 835 836 837 839 841 843 845 848 849 850 851 852 855 856 

739
686 
689 690 691 692 693 694 698 699 700 702 706 707 708 710 711 712 713 714 715 716 717 721 722 725 727 729 732 733 734 735 736 737 738 742 743 744 746 750 753 756 759 760 761 762 763 766 767 768 769 770 771 772 773 776 782 784 785 786 788 789 790 791 794 795 796 798 799 800 802 803 804 806 810 811 812 813 814 815 816 818 821 822 825 826 829 832 833 839 841 842 843 845 846 850 851 852 854 855 856 

740
817 
689 691 695 697 698 699 700 701 702 707 708 709 710 711 712 713 714 715 716 719 720 721 722 725 728 729 732 733 735 736 737 738 741 742 743 745 746 751 753 754 755 759 760 761 762 763 764 765 767 768 769 771 774 776 782 786 787 788 789 790 791 792 794 795 796 799 800 802 803 804 806 807 810 811 812 813 814 816 818 819 822 824 828 829 832 833 834 836 838 839 842 843 845 846 847 848 850 851 856 

741
800 
689 691 693 695 697 698 699 700 701 702 706 707 708 710 711 712 713 714 715 717 720 721 722 724 725 726 727 729 732 733 734 735 736 737 738 740 742 743 744 745 746 749 751 753 756 757 759 761 762 766 767 768 769 771 775 777 778 779 782 784 785 786 788 789 790 791 794 795 796 798 802 805 806 810 811 812 813 814 816 818 821 822 825 829 832 833 834 839 841 842 843 844 846 847 850 851 852 854 855 

742

688 690 692 693 694 696 697 698 700 703 704 708 710 715 716 717 718 720 723 726 727 728 729 730 731 735 739 740 741 745 747 748 749 750 751 753 754 755 756 757 758 761 762 763 764 765 769 770 772 774 775 776 779 780 783 785 787 790 792 797 798 799 800 803 804 807 808 809 810 811 812 815 819 820 823 824 825 827 828 831 832 835 836 837 838 840 841 843 844 845 846 847 848 849 851 852 853 854 855 856 

743

688 690 693 694 695 696 697 698 701 703 704 705 709 710 711 715 716 717 718 719 720 723 724 726 727 728 731 734 735 737 739 740 741 745 747 748 750 751 752 754 755 756 758 760 761 762 765 766 769 770 772 773 774 776 777 778 780 781 785 790 792 793 794 798 799 800 803 809 810 811 812 814 815 817 819 820 821 823 824 825 826 827 828 830 831 832 834 835 836 837 838 840 843 844 845 846 847 848 851 853 

744

687 688 689 690 691 693 695 700 701 703 705 706 707 708 710 711 712 713 715 716 717 718 720 721 722 723 728 730 731 734 737 738 742 745 747 748 751 755 756 758 759 760 762 763 764 765 768 769 773 774 777 778 779 781 782 783 784 785 786 787 788 790 792 793 794 795 796 797 798 799 800 803 804 805 808 809 810 811 813 814 817 822 826 827 829 831 832 834 835 836 837 842 843 846 847 851 852 853 855 856 

745
711 845 817 722 794 795 829 
687 689 690 691 692 699 701 702 704 707 708 710 712 714 716 717 721 725 728 729 730 732 733 734 735 736 740 741 742 743 744 746 749 750 753 756 757 759 761 763 764 765 767 768 769 770 771 772 775 776 777 778 779 782 783 785 786 788 789 791 796 797 798 802 804 806 807 808 811 812 816 818 819 821 822 825 831 832 833 835 836 837 839 841 843 846 848 849 850 851 852 855 856 

746

687 688 693 695 696 697 698 700 703 704 705 706 708 709 710 711 715 716 717 718 720 726 727 728 729 730 735 738 739 740 741 745 747 748 751 753 754 756 757 758 760 761 763 764 765 769 770 773 774 775 776 777 779 780 781 784 787 790 792 793 794 795 797 798 799 803 805 807 808 809 810 811 812 814 815 819 820 823 824 826 827 828 831 832 834 835 836 837 838 841 843 845 846 847 849 852 853 854 855 856 

747
800 769 708 805 753 792 
689 690 691 692 693 695 699 700 702 704 706 707 710 711 712 714 715 717 721 722 723 725 727 729 731 732 733 734 735 736 737 738 740 742 743 744 746 749 750 756 757 759 761 762 766 767 768 771 772 775 776 777 778 782 784 785 786 788 789 790 791 794 795 796 798 799 802 806 811 812 813 814 816 818 821 822 825 826 829 832 833 839 841 842 843 844 845 846 847 850 851 852 854 855 

748

689 691 692 693 695 698 699 700 701 702 704 706 707 709 710 711 712 714 715 717 721 722 725 726 727 729 731 732 733 734 735 736 738 742 743 744 746 749 750 753 756 757 759 761 762 766 767 768 769 771 772 775 776 777 778 782 785 786 788 789 790 791 794 795 796 798 799 800 802 803 804 806 810 811 812 813 814 815 816 818 819 821 822 825 828 829 832 833 835 839 843 844 846 848 850 851 852 854 855 856 

749

687 688 690 691 693 694 695 697 698 701 704 705 707 708 710 713 715 716 718 719 720 721 722 723 724 728 730 731 734 735 736 737 738 741 742 745 746 747 751 752 755 756 759 760 761 762 764 765 766 769 770 772 773 774 776 779 781 782 783 784 786 788 790 791 792 793 794 795 797 798 799 800 803 804 805 807 809 810 813 814 817 820 823 826 829 830 831 832 833 834 835 837 838 842 843 847 849 851 853 856 

750

687 690 691 696 697 698 699 701 702 706 707 708 709 711 712 713 715 717 718 721 724 726 728 729 731 732 733 735 736 737 738 742 743 746 747 751 752 753 754 755 757 758 759 760 765 767 768 769 771 773 774 775 778 779 780 782 786 787 788 789 790 791 792 793 794 795 796 798 800 806 807 808 813 814 815 816 817 818 819 821 822 823 827 828 829 830 833 834 835 837 838 840 842 843 845 850 851 852 855 856 

751

689 690 691 692 693 698 699 702 703 704 707 708 710 712 714 716 717 720 721 722 725 728 729 730 732 733 735 736 740 741 742 743 744 746 749 750 753 755 756 757 758 759 761 762 763 765 767 768 769 770 771 772 775 776 782 783 785 786 787 788 789 790 791 793 796 797 798 799 802 803 804 806 807 808 809 811 812 813 816 818 819 821 822 825 831 832 833 835 836 839 841 843 845 848 849 850 852 854 855 856 

752

689 690 691 692 698 699 701 702 704 707 708 710 712 714 716 717 720 721 722 725 728 729 730 732 733 735 736 739 740 741 742 743 744 746 749 750 753 755 757 758 761 762 763 764 765 767 768 769 770 771 772 775 776 779 782 783 785 786 787 788 789 790 791 793 796 797 798 799 802 803 804 806 807 808 809 811 812 813 814 816 817 818 819 821 822 825 832 833 835 836 837 839 841 845 848 850 851 852 855 856 

753

689 690 691 693 694 695 699 700 701 702 704 705 706 707 710 711 712 713 714 715 716 718 721 722 723 725 731 732 733 734 736 737 738 740 742 743 744 745 746 748 750 751 754 756 757 758 761 762 764 767 768 770 771 773 775 777 782 783 784 785 786 788 789 790 791 793 794 795 796 797 799 802 803 805 806 808 809 812 813 814 816 817 818 821 822 826 829 831 832 833 834 836 839 841 842 845 846 847 850 851 

754

689 690 691 692 698 699 702 704 707 708 710 711 712 714 715 716 717 720 721 722 725 727 729 730 732 733 735 736 738 740 741 742 743 746 749 750 753 755 756 757 759 761 762 763 764 765 767 768 769 770 771 772 775 776 782 783 785 786 787 788 789 790 791 793 795 796 797 798 799 802 803 804 806 807 808 811 813 814 816 817 818 822 825 829 831 832 833 836 839 841 843 845 846 847 850 851 852 854 855 856 

755
686 
689 690 691 692 693 694 695 698 699 700 701 702 704 706 707 710 711 712 714 715 717 721 722 724 725 729 732 733 735 736 738 740 742 743 744 746 749 750 751 754 756 757 759 761 766 767 768 771 775 776 777 778 779 782 785 786 788 789 790 791 792 794 795 796 798 799 800 802 804 805 806 807 810 811 812 813 816 818 821 822 825 826 829 833 835 837 838 839 841 842 844 846 847 848 850 851 852 854 855 

756
686 
687 689 690 691 692 698 699 702 703 704 707 708 709 710 712 714 715 716 717 718 721 722 725 728 729 730 732 735 736 737 739 740 741 742 743 744 746 747 748 749 751 753 755 757 758 759 761 762 763 764 765 767 768 769 771 775 776 777 779 782 783 786 787 788 789 791 796 797 798 799 802 804 806 807 808 809 811 812 813 816 817 818 821 822 825 833 835 836 837 838 839 841 843 848 850 851 852 855 856 

757

687 689 690 691 693 694 695 697 698 701 704 707 708 709 710 713 715 716 719 720 721 722 723 724 727 728 730 731 732 733 734 735 736 737 738 741 742 745 746 747 751 753 755 756 759 761 762 763 764 765 766 768 769 770 772 773 774 778 780 781 782 783 784 786 787 788 790 791 793 794 795 796 797 798 799 800 803 805 806 807 809 813 817 820 821 824 826 829 830 832 835 837 839 843 846 847 848 849 851 856 

758
814 
689 690 691 692 693 697 698 699 700 702 704 707 708 710 711 712 713 714 715 717 721 722 724 725 729 732 733 734 735 736 737 738 742 743 744 746 749 750 751 753 756 757 759 760 761 762 766 767 768 769 771 772 774 775 776 778 782 785 786 788 789 790 791 794 795 796 798 799 800 802 803 804 805 806 811 812 813 815 816 818 821 822 825 826 829 832 833 835 839 841 844 846 848 850 851 852 854 855 856 

759

689 690 691 692 693 698 699 700 701 702 704 708 709 713 714 715 716 717 720 721 722 725 727 729 732 733 734 735 740 741 743 744 745 747 748 749 750 751 753 754 756 757 758 760 761 762 763 767 768 769 770 771 772 773 775 776 782 788 789 790 791 794 795 796 798 799 802 803 804 806 810 811 813 814 815 816 818 821 822 825 827 829 831 832 833 836 837 838 839 840 841 845 846 848 849 850 851 852 854 855 

760
829 
687 689 690 691 692 698 699 702 703 704 707 710 711 712 714 716 717 720 721 722 725 728 729 730 732 733 735 736 737 739 740 741 742 743 744 746 748 749 750 757 758 759 761 762 763 764 765 767 768 770 771 775 776 779 782 783 785 786 787 788 789 790 791 793 796 797 798 799 802 803 804 806 807 808 809 811 812 813 815 816 817 818 822 825 831 832 833 835 836 837 839 841 843 848 850 851 852 855 856 

761

689 691 692 693 699 700 701 702 703 707 708 710 711 712 714 715 716 717 720 721 722 723 725 728 729 730 732 733 736 740 741 742 743 746 749 751 753 755 757 758 759 763 764 765 766 767 768 771 773 774 775 779 782 783 785 786 787 788 789 790 791 792 793 794 795 796 797 798 802 803 804 806 808 809 812 813 815 816 818 821 822 826 829 832 833 834 835 836 839 841 843 845 846 847 849 850 852 853 854 855 

762

687 688 689 690 691 692 697 698 699 702 703 707 709 711 712 714 717 720 721 722 723 725 728 729 730 732 733 735 736 737 739 740 742 743 744 746 749 750 753 757 759 763 764 765 767 768 769 771 775 776 779 780 782 783 785 786 787 788 789 790 791 792 793 796 797 798 802 803 804 806 807 808 811 812 816 818 819 820 821 822 823 824 825 831 832 833 836 837 838 839 840 841 843 845 848 850 851 852 855 856 

763

689 690 691 694 695 696 699 700 701 702 704 706 707 711 712 713 714 715 717 721 722 724 725 726 727 731 732 733 735 736 737 738 740 742 743 744 746 749 752 756 757 759 761 762 766 767 768 769 771 772 774 775 778 779 780 782 784 785 786 788 789 790 791 794 795 796 798 800 802 805 806 810 811 812 813 814 815 816 818 819 821 822 824 825 829 830 833 838 839 841 844 845 846 847 848 850 851 852 854 855 

764

688 689 690 691 692 693 694 695 697 698 699 700 701 702 704 706 707 710 711 712 713 714 715 717 721 722 723 724 725 727 729 732 733 735 736 740 741 742 743 744 746 749 750 753 757 761 762 767 768 769 771 772 775 776 778 782 785 786 788 789 790 791 794 795 796 798 799 800 802 804 806 810 811 812 813 814 815 816 818 821 822 825 829 832 833 835 837 839 841 842 844 845 846 847 848 850 851 852 854 855 

765

689 690 691 692 693 694 695 699 700 701 702 704 706 707 710 711 712 713 714 715 717 719 721 722 723 724 725 726 727 732 733 734 736 738 740 742 743 744 746 749 750 751 756 757 761 762 766 767 768 770 771 775 776 778 782 784 785 786 788 789 790 791 793 794 795 796 798 799 802 803 806 810 812 813 814 816 818 821 822 825 827 829 832 833 836 839 841 842 844 845 846 847 848 849 850 851 852 853 854 855 

766
771 
689 690 691 692 698 699 702 703 704 707 712 714 716 717 718 720 721 725 728 729 730 732 733 735 736 739 740 741 742 743 744 746 747 748 749 750 753 755 757 758 761 762 763 764 765 767 768 769 770 772 775 776 777 779 782 783 786 787 788 789 790 791 793 795 796 797 798 799 802 803 804 806 807 808 809 811 813 816 817 818 819 821 822 825 829 831 832 833 835 836 837 839 841 843 848 850 852 855 856 

767

687 688 693 695 696 697 698 700 701 703 704 705 706 708 709 710 713 715 716 718 720 723 724 726 727 728 730 731 734 738 739 741 745 747 748 751 752 754 755 756 758 760 762 763 764 765 766 769 770 772 773 774 776 777 778 779 780 781 783 784 785 787 790 792 793 794 797 799 800 803 805 807 808 809 810 814 815 817 819 820 823 824 826 827 828 830 832 834 835 837 838 840 842 843 846 848 849 851 853 856 

768

687 688 693 696 697 698 701 703 704 705 706 708 709 710 715 716 717 718 720 723 726 727 728 729 730 731 735 739 740 741 745 747 748 750 753 754 755 758 760 761 762 763 764 765 766 769 770 772 774 776 777 778 779 780 781 783 785 787 790 792 793 794 797 798 799 800 803 804 805 807 808 809 810 811 812 814 815 817 819 820 823 824 826 827 828 830 831 832 834 835 836 838 840 843 844 845 846 849 851 856 

769

689 690 691 695 696 699 700 701 702 704 705 707 710 711 712 713 714 715 716 718 721 722 723 725 728 732 733 734 736 737 738 739 740 741 742 743 744 746 748 749 750 751 756 757 758 759 762 763 764 767 768 770 771 773 775 777 779 782 783 785 786 787 788 789 790 791 792 793 794 795 796 797 799 802 803 805 806 808 809 813 816 817 818 820 821 822 826 829 831 832 833 836 839 841 842 845 846 847 848 850 

770
828 845 
687 689 690 691 692 694 697 698 699 700 702 703 706 707 708 710 711 712 713 714 715 717 720 721 722 725 729 732 733 735 736 737 739 742 743 744 746 749 751 753 757 759 764 765 767 768 769 771 773 774 775 776 778 779 782 786 788 789 790 791 795 796 798 800 802 804 806 807 808 809 811 812 813 814 815 816 817 818 819 821 822 823 825 829 833 834 837 838 839 840 843 844 847 850 851 852 855 856 

771
688 766 
687 690 693 694 695 696 700 701 703 704 705 706 708 709 710 711 715 716 718 720 722 723 724 726 727 731 734 737 738 739 741 745 747 748 751 752 753 754 755 756 758 759 760 762 763 764 765 770 772 773 774 777 778 779 780 781 784 785 787 792 793 794 797 799 800 803 807 808 809 810 812 814 815 817 819 820 823 824 826 827 828 830 831 834 835 836 837 838 840 842 843 845 846 847 848 849 853 856 

772
845 694 719 
689 690 691 692 695 699 700 702 706 707 710 711 712 714 716 717 718 720 721 722 725 727 728 730 732 733 734 736 737 739 740 742 743 744 746 749 755 757 758 759 763 764 765 767 768 771 773 775 778 779 782 783 785 786 787 788 789 790 791 793 794 795 796 797 798 802 803 806 808 812 813 815 816 817 818 820 821 822 824 826 829 831 832 833 835 836 837 839 841 843 846 847 850 852 853 854 855 

773
728 828 
687 689 691 692 698 699 702 704 707 708 710 712 714 716 717 718 720 721 725 729 730 732 733 735 736 739 740 741 742 743 744 746 749 750 753 755 757 759 761 763 765 767 768 769 770 771 772 775 776 777 779 782 783 785 786 787 788 789 790 791 792 793 796 797 798 799 802 803 804 806 807 808 809 811 812 813 814 816 817 818 819 822 825 832 833 835 837 839 841 846 848 849 850 851 852 854 855 856 

774
728 811 701 
689 690 691 692 699 700 702 704 707 710 711 712 714 715 716 717 721 722 725 727 729 730 732 733 734 735 736 740 741 742 743 744 746 748 749 750 755 756 757 758 759 761 762 763 767 768 770 771 772 775 782 783 785 786 787 788 789 791 793 794 795 796 797 799 802 804 806 808 809 812 813 814 815 816 817 818 821 822 825 829 831 832 833 835 836 837 839 841 842 845 846 849 850 851 852 854 855 

775

687 688 690 691 693 694 695 697 701 704 707 708 710 713 715 716 719 720 721 722 723 724 728 730 731 733 734 735 736 737 738 741 742 745 746 747 751 755 756 759 760 761 762 763 765 766 767 768 769 770 772 773 777 778 780 781 782 783 784 786 787 788 790 791 792 793 794 795 796 797 799 800 803 804 807 809 813 817 818 820 821 824 826 829 830 832 834 835 837 839 842 843 845 846 847 848 849 851 853 856 

776

689 690 691 694 695 696 699 700 701 702 703 704 706 707 710 711 712 713 714 715 718 721 722 723 724 725 726 728 731 732 736 737 738 739 740 742 743 745 746 748 749 751 754 755 758 759 762 764 765 766 767 768 771 773 778 779 780 782 783 784 786 788 789 793 794 795 796 797 799 802 805 806 808 809 812 813 815 816 817 818 821 822 826 829 830 831 833 835 836 837 838 839 842 844 845 846 847 848 849 850 

777

689 690 691 692 698 699 702 705 707 708 710 711 712 714 715 716 717 719 720 721 722 725 728 729 730 732 733 735 736 740 741 742 743 744 746 749 750 753 755 756 757 759 761 762 763 764 765 767 768 769 771 773 775 776 782 783 785 786 787 788 789 790 791 793 795 796 797 798 800 802 803 804 806 808 810 811 812 813 814 815 816 818 822 825 831 832 833 836 837 839 841 845 846 849 850 851 852 854 855 856 

778

687 689 690 691 692 698 699 702 704 707 710 712 714 716 717 720 721 722 725 728 729 730 732 733 735 736 737 740 741 742 743 744 746 748 749 750 753 755 757 758 759 761 762 763 764 765 767 768 769 770 771 772 775 776 779 782 783 786 787 788 789 790 791 793 795 796 797 798 799 802 803 804 806 807 808 809 811 813 816 817 818 822 825 829 831 832 833 835 836 837 839 841 843 848 850 851 852 854 855 856 

779

689 690 691 692 693 698 699 700 701 702 704 706 707 708 710 711 712 713 714 715 716 717 719 721 722 724 725 727 729 732 733 734 735 736 738 741 742 743 744 746 749 750 753 755 756 757 760 761 762 763 767 768 769 770 771 772 776 782 784 785 786 788 789 790 791 794 795 796 798 799 800 802 803 804 806 810 811 813 814 816 818 822 825 829 832 833 836 837 839 841 842 845 846 847 848 850 851 852 854 855 

780
803 
689 690 691 692 698 699 702 704 707 708 710 711 712 714 715 716 717 720 721 722 725 729 730 732 733 735 736 740 741 742 743 744 746 748 749 750 753 755 756 757 758 759 761 762 763 767 768 769 770 771 772 775 776 782 783 785 786 787 788 789 790 791 793 795 796 797 798 799 800 802 804 806 808 809 810 811 812 813 814 816 818 822 825 827 829 831 832 833 836 837 839 841 843 846 850 851 852 854 855 

781
787 708 741 815 
689 690 691 692 693 698 699 700 702 704 707 709 710 711 712 714 716 717 721 722 723 725 729 730 732 733 735 736 737 740 742 743 744 746 749 750 753 756 757 759 761 763 765 767 768 769 771 775 776 777 778 779 782 785 786 788 789 790 791 792 795 796 798 799 802 803 804 806 807 808 811 812 813 816 818 819 821 822 825 831 832 833 835 837 839 840 841 843 845 846 848 850 851 852 855 856 

782

687 690 693 694 695 696 697 700 701 703 704 705 706 709 710 711 715 716 717 718 720 723 726 727 728 731 735 737 739 740 741 744 745 748 749 750 754 756 757 758 760 761 762 764 765 766 769 770 773 774 775 777 778 779 780 781 785 787 790 792 793 794 797 798 800 803 805 807 808 809 812 814 815 819 820 821 823 824 826 827 828 830 831 832 834 835 836 837 840 841 842 843 844 846 847 848 852 853 854 855 

783

689 690 691 692 693 694 695 696 697 698 699 700 702 704 706 707 709 710 711 712 713 714 715 717 721 722 724 725 726 727 729 731 732 733 734 735 736 738 742 743 744 746 749 753 756 757 761 762 766 767 768 769 771 772 773 774 775 776 778 782 785 786 788 789 790 791 794 795 796 798 799 800 802 806 811 812 813 814 815 816 818 821 822 825 828 829 832 833 834 835 839 841 846 847 848 850 851 852 854 855 

784
690 
687 689 691 692 698 699 702 704 707 708 709 710 712 714 716 717 718 720 721 725 728 729 730 732 733 735 736 739 740 741 742 743 744 746 748 749 750 753 755 757 758 759 761 763 764 765 767 768 769 771 772 775 776 777 779 782 783 786 787 788 789 790 791 792 793 796 797 798 799 802 803 804 806 807 808 809 811 816 817 818 819 822 825 831 832 833 835 836 837 838 839 840 841 843 848 850 852 855 856 

785

687 689 690 691 692 697 698 699 702 703 707 708 709 710 712 714 716 717 718 720 721 725 728 729 730 732 733 735 736 739 741 742 743 744 745 746 747 748 753 755 757 758 761 762 763 764 765 767 768 769 771 772 774 776 777 779 782 783 786 787 788 789 790 791 792 793 796 797 798 799 802 804 806 807 808 809 811 814 816 817 818 819 822 823 825 831 833 834 835 836 837 838 839 840 843 848 850 852 855 856 

786

687 690 692 693 694 695 697 698 700 703 704 705 706 708 709 710 715 716 717 718 719 720 726 727 728 729 730 735 739 741 744 745 747 748 750 751 753 755 756 757 758 761 762 763 764 765 769 770 771 772 774 775 776 779 780 783 787 790 792 793 797 798 800 802 803 804 805 807 808 809 810 811 812 815 817 820 821 823 824 825 827 828 830 831 832 834 836 837 838 840 843 844 845 847 849 851 852 853 855 856 

787

688 689 690 691 692 694 697 699 700 701 702 704 706 707 709 711 712 714 717 721 722 723 725 726 727 729 731 732 733 735 736 738 740 742 743 744 746 749 750 752 756 757 761 762 767 768 769 771 772 775 776 777 778 780 782 784 785 786 788 789 791 794 795 796 798 799 800 802 806 810 811 812 813 815 816 818 819 821 822 824 825 826 829 830 833 835 837 838 839 841 843 844 846 848 850 851 852 854 855 856 

788

687 688 690 694 695 696 698 703 705 706 709 711 715 716 717 718 719 720 723 724 726 727 728 729 735 737 738 739 740 741 745 747 748 749 752 753 755 756 757 758 760 761 762 763 765 766 769 770 772 774 776 777 778 779 781 787 790 792 793 794 795 797 798 799 800 803 805 808 809 810 811 812 814 815 819 820 823 824 825 826 827 828 830 831 832 834 835 836 840 841 842 843 845 847 848 849 852 853 855 856 

789

688 690 693 694 696 698 701 703 704 705 706 708 710 711 715 716 717 718 720 723 724 726 727 729 731 734 735 738 739 740 741 745 747 748 751 752 753 754 755 756 758 759 760 762 763 764 765 766 769 770 772 773 774 776 777 778 779 781 784 785 787 790 792 793 794 798 799 800 803 804 807 808 809 810 812 814 815 817 820 823 824 825 826 827 830 831 832 834 835 836 840 842 846 847 848 849 853 854 855 856 

790

687 689 691 697 699 701 702 704 706 707 708 711 712 714 715 716 721 722 724 725 727 728 729 732 733 735 736 740 741 742 743 744 746 749 750 752 753 754 757 759 761 763 764 765 766 767 768 769 771 772 775 777 779 780 782 783 786 788 789 791 796 797 799 800 802 804 805 806 807 811 812 813 814 815 816 817 818 819 821 822 824 826 827 828 829 831 833 835 837 839 841 845 846 848 849 850 851 853 854 856 

791

687 688 690 693 694 695 696 698 700 701 703 704 706 709 710 711 713 715 716 718 719 720 723 724 726 727 728 729 730 731 734 737 738 739 745 747 748 751 752 753 755 756 757 759 760 762 763 764 765 766 770 774 775 777 778 780 784 787 790 792 793 794 795 797 799 803 804 805 807 809 810 811 814 815 817 819 820 823 826 827 828 830 831 832 834 835 836 837 838 840 842 843 844 845 846 847 848 849 853 856 

792
850 803 686 
689 690 691 692 698 699 700 702 704 707 708 710 711 712 713 714 715 716 717 718 720 721 722 725 729 730 732 733 735 736 740 742 743 744 746 749 750 753 755 757 758 759 761 762 763 767 768 769 771 772 775 776 782 783 785 786 787 788 789 790 791 793 795 796 797 798 799 802 804 806 808 809 810 811 812 813 814 816 817 818 822 825 827 829 831 832 833 836 839 841 845 846 849 851 852 854 855 

793
850 686 
689 690 691 692 693 694 695 698 699 700 702 704 706 707 709 710 711 712 713 714 715 717 721 722 724 725 726 727 729 732 733 734 735 736 738 742 743 744 746 749 750 753 757 759 761 762 765 767 768 769 771 772 775 776 782 785 786 788 789 790 791 794 795 796 798 799 800 802 806 811 812 813 814 815 816 818 819 821 822 825 826 828 829 830 832 833 835 839 841 843 844 846 848 851 852 854 855 856 

794

687 689 690 691 692 698 699 702 703 704 707 710 712 714 716 717 718 720 721 725 728 729 730 732 733 735 736 739 740 741 742 743 744 746 748 749 750 753 755 757 758 759 761 763 764 765 767 768 769 771 772 774 775 776 779 782 783 785 786 787 788 789 790 791 793 796 797 798 799 802 804 806 807 808 809 811 812 815 816 817 818 822 825 831 832 833 835 836 837 838 839 840 841 843 848 850 851 852 855 856 

795
716 
689 690 691 692 693 698 699 702 703 704 707 708 712 713 714 717 718 720 721 725 728 729 730 732 735 736 737 739 740 741 742 744 746 747 748 749 750 753 755 757 758 759 761 763 764 765 767 769 770 771 772 774 775 776 779 782 783 787 788 789 790 791 793 796 797 798 799 802 803 804 806 807 808 809 811 812 816 817 818 819 821 822 823 825 832 833 835 836 837 841 843 844 845 848 849 850 852 855 856 

796

687 688 694 695 696 698 700 701 703 705 706 708 709 716 718 719 720 723 727 728 729 730 731 735 738 739 740 741 745 747 748 750 751 752 755 756 757 758 759 760 761 762 763 764 765 766 770 772 774 775 776 778 779 780 781 783 785 787 790 792 793 794 797 799 800 803 804 807 809 810 811 812 813 814 815 817 819 820 821 823 824 825 826 828 830 831 832 835 837 838 840 842 843 844 845 846 848 849 851 856 

797

689 691 692 693 695 697 698 699 700 701 702 704 706 707 709 710 711 712 713 714 717 721 722 723 724 725 727 729 732 733 734 735 736 737 738 742 743 744 746 749 750 753 756 757 761 762 767 768 769 771 772 773 774 775 776 777 778 782 784 785 786 788 789 790 791 792 794 795 796 798 799 800 802 806 810 811 812 813 815 816 818 821 822 825 829 832 833 835 837 838 839 844 846 847 848 850 851 852 854 855 

798

687 691 693 696 699 700 701 702 704 705 707 711 712 713 715 716 718 720 722 723 724 725 728 730 732 733 736 738 739 741 742 743 744 745 746 747 748 749 750 752 755 757 758 759 761 762 763 764 765 768 770 772 778 779 781 782 783 785 786 787 788 789 791 793 794 795 796 797 799 802 804 805 806 807 808 809 810 813 814 816 817 818 820 822 825 826 829 832 833 835 836 837 838 842 843 846 847 848 849 850 

799
845 
687 688 689 690 691 696 698 699 701 702 703 707 708 709 710 711 712 714 717 720 721 722 725 728 729 730 732 733 735 736 737 739 740 742 743 744 746 747 749 753 755 757 759 764 765 767 768 769 771 774 775 776 779 780 782 783 785 787 788 789 790 791 793 795 796 797 798 802 803 804 806 807 808 811 812 816 817 818 821 822 825 829 831 832 833 837 838 839 840 841 843 844 846 849 850 851 852 853 856 

800
845 741 
689 690 691 692 695 699 701 702 703 704 707 709 710 711 712 714 716 717 718 720 721 722 725 728 729 730 732 733 736 739 740 742 743 744 746 748 749 750 755 757 758 759 763 764 767 768 770 771 775 777 779 782 783 785 786 787 788 789 790 791 793 795 796 797 798 799 802 803 804 806 807 808 809 812 813 815 816 817 818 821 822 825 829 831 832 833 835 836 837 839 841 843 846 848 849 850 852 855 

802

687 688 690 693 694 695 696 698 700 701 703 704 705 706 708 709 710 711 715 716 717 718 719 720 722 723 724 726 727 731 734 737 738 739 745 747 748 752 753 754 755 756 758 760 761 762 765 766 770 772 773 774 777 778 779 780 787 790 792 793 794 798 799 800 803 804 807 809 810 812 814 815 817 819 820 823 824 826 827 828 829 830 831 832 834 835 836 838 840 842 843 845 846 847 848 851 852 853 855 856 

803
840 792 780 837 
689 690 691 692 694 696 697 699 700 701 702 704 706 707 709 712 713 714 715 717 721 722 723 725 726 729 732 733 735 736 739 740 742 743 744 746 748 749 751 752 753 757 758 759 761 762 765 767 768 769 771 772 773 775 777 779 782 786 788 789 791 795 796 798 799 800 802 805 806 811 812 813 814 815 816 818 821 822 829 830 831 833 835 838 839 841 843 844 845 847 848 850 851 852 854 855 

804

690 693 694 695 696 700 701 702 704 705 706 707 709 710 711 713 714 715 717 719 722 724 725 726 727 731 732 733 735 737 738 740 742 744 745 749 752 756 759 760 761 762 766 767 768 771 773 775 777 778 779 780 781 784 785 786 789 790 791 792 794 795 796 798 799 800 802 805 806 809 812 814 815 817 818 820 821 822 826 828 829 830 831 832 834 837 839 841 842 843 844 846 847 848 850 851 852 853 854 855 

805
843 709 710 774 
689 690 691 692 698 699 701 702 704 707 708 711 712 714 716 717 720 721 722 723 725 729 730 732 733 735 736 740 741 742 743 744 746 749 750 753 755 757 758 759 763 765 767 768 769 770 771 775 776 777 779 782 783 786 787 788 789 790 791 793 795 796 797 798 799 802 803 804 806 808 809 811 812 813 816 820 821 822 825 826 832 833 835 836 839 841 845 846 848 849 850 851 852 854 855 856 

806

687 688 694 695 696 698 700 701 703 705 708 709 710 715 716 717 718 719 720 723 724 726 727 728 730 731 735 737 739 741 745 747 748 751 752 753 754 755 756 758 759 760 761 762 763 769 770 772 774 776 777 778 779 780 781 783 787 790 792 793 797 798 799 800 803 804 808 809 810 812 815 817 819 820 823 824 825 826 827 828 830 831 832 834 835 836 837 838 840 842 843 845 846 847 848 849 852 853 855 856 

807

689 690 691 692 693 694 695 699 700 701 702 704 706 707 710 711 712 713 714 715 716 717 721 722 723 724 725 727 732 733 734 735 736 738 740 742 743 744 746 749 750 755 756 757 761 762 763 766 767 768 770 771 775 776 778 782 784 785 786 787 788 789 790 791 794 795 796 798 799 802 806 808 810 812 813 814 816 818 821 822 825 829 832 833 836 837 839 841 842 844 845 846 847 848 849 850 851 852 854 855 

808

689 690 691 692 693 694 695 696 698 699 700 701 702 704 706 707 710 711 712 713 714 715 717 719 721 722 724 725 726 729 731 732 733 734 735 736 737 738 742 743 744 746 750 753 756 761 766 767 768 769 771 772 774 776 777 782 785 786 788 789 790 791 792 794 795 796 798 799 800 802 805 806 810 811 813 815 816 818 819 821 822 824 825 828 829 833 835 838 839 841 842 843 844 846 850 851 852 854 855 856 

809
686 
688 689 691 692 693 694 695 696 698 699 700 701 702 704 707 709 710 711 712 713 714 715 717 721 722 723 724 725 729 732 733 734 735 736 738 742 743 744 746 749 750 753 756 757 759 761 762 766 767 768 769 771 772 775 776 778 782 785 786 788 789 791 792 794 795 796 798 799 800 802 804 806 811 812 813 815 816 818 819 821 822 825 828 829 833 835 837 839 841 844 846 847 848 850 851 852 854 855 856 

810

687 689 690 691 692 699 702 703 704 707 708 709 712 714 716 717 720 721 725 728 729 730 732 733 736 737 739 740 741 742 743 744 746 748 749 750 753 755 757 758 759 761 763 764 765 767 768 769 771 775 776 777 779 780 782 783 785 786 787 788 789 790 791 792 793 796 797 798 802 804 806 807 808 809 811 812 813 816 817 818 821 822 831 832 833 835 836 837 838 839 841 843 844 845 848 849 850 851 852 855 

811
708 
690 691 694 695 696 699 700 701 704 706 707 709 710 711 712 713 714 715 716 718 720 721 722 724 725 726 730 732 733 736 737 738 740 741 742 743 744 746 748 750 751 754 755 756 758 759 762 763 764 766 767 768 771 777 779 781 782 783 786 787 788 789 790 791 792 793 794 795 796 797 799 802 803 806 808 809 813 814 816 817 818 820 821 822 826 829 832 833 834 836 839 844 845 847 848 849 850 854 855 

812

687 689 690 691 698 699 702 704 707 710 711 712 713 714 715 716 717 718 720 721 722 725 728 729 730 732 733 735 736 738 740 741 742 743 744 746 748 750 753 755 756 757 758 759 761 762 763 764 767 768 770 771 772 776 777 781 782 783 786 787 788 789 790 791 793 794 795 796 797 799 800 802 803 804 805 806 807 808 809 811 813 814 816 817 818 822 825 829 831 832 833 836 839 841 843 848 850 852 854 855 

813

687 688 689 690 692 693 697 698 702 703 708 709 710 714 717 718 720 725 728 729 730 732 735 737 739 740 741 744 747 748 749 750 753 754 755 757 758 759 761 763 764 765 767 769 770 771 772 773 774 775 776 777 779 780 783 787 789 790 791 793 796 797 798 800 802 803 807 808 809 811 812 815 817 818 819 820 821 822 823 825 830 831 832 835 836 837 838 839 840 841 843 844 845 846 847 848 849 852 855 856 

814
758 
688 689 690 691 692 699 702 703 704 707 709 712 714 717 720 721 722 723 725 727 728 729 730 732 733 736 737 739 740 741 742 743 744 746 747 748 749 750 753 754 757 759 763 764 765 767 768 770 771 775 776 777 779 782 783 785 786 788 789 790 791 792 793 796 798 802 803 804 806 807 808 811 812 813 815 816 818 819 820 821 822 825 831 832 833 835 836 837 838 839 840 841 843 845 848 850 852 854 855 

815
713 
689 690 691 692 698 699 702 704 707 708 710 712 714 715 716 717 720 721 722 723 724 725 728 729 730 732 733 735 736 738 740 742 743 744 746 748 750 753 755 757 758 759 761 762 763 764 767 768 770 771 772 774 776 777 782 783 785 786 787 788 789 790 791 793 794 796 797 798 799 802 803 804 806 807 808 809 811 813 814 816 817 818 822 825 829 831 832 833 836 839 841 843 846 848 850 851 852 854 855 

816

687 688 693 694 695 696 697 698 700 701 703 704 705 708 709 710 711 715 716 717 718 719 720 723 726 727 728 729 730 734 735 737 738 739 740 741 747 748 750 751 753 754 755 756 758 760 761 763 764 765 766 769 770 773 774 776 777 779 780 781 783 784 787 790 792 793 794 797 798 799 800 803 805 807 808 809 810 814 815 817 819 820 821 823 824 826 827 830 831 832 835 836 837 838 840 843 845 847 849 856 

817
850 819 740 686 
689 690 691 692 693 695 696 697 698 699 700 701 702 704 707 710 712 714 715 717 721 722 723 725 726 729 732 733 735 736 738 742 743 744 746 749 750 753 756 757 760 762 766 767 768 769 771 772 773 775 776 778 782 784 785 786 788 789 790 791 792 794 795 796 798 799 800 802 804 806 810 811 812 813 815 816 818 821 822 825 829 832 833 835 837 839 841 842 846 847 848 851 852 854 855 856 

818

687 688 690 693 694 695 696 698 700 701 703 704 705 706 708 709 710 711 715 716 717 718 719 720 723 724 726 727 728 729 730 737 738 739 740 745 747 748 751 752 754 755 756 758 759 760 763 764 766 769 770 773 774 776 778 779 780 781 787 790 792 793 794 797 798 800 803 807 809 810 812 814 815 817 819 820 823 824 825 826 827 828 830 831 832 834 835 836 837 840 842 843 845 846 847 849 852 853 855 856 

819
817 827 713 
689 690 691 692 699 700 702 704 706 707 710 711 712 714 715 716 717 718 720 721 722 723 725 730 732 733 734 736 737 738 740 742 743 746 748 749 750 751 755 756 757 759 762 763 767 768 770 771 775 781 782 783 784 785 786 787 788 789 790 791 793 794 795 796 797 798 799 802 803 804 806 808 809 810 813 814 816 818 821 822 829 831 832 833 836 839 841 842 845 846 847 849 850 851 852 854 855 

820
795 
689 691 692 695 698 699 700 701 702 706 707 708 712 713 714 715 717 721 725 729 732 733 735 736 739 740 742 743 744 746 749 750 753 756 757 758 759 761 762 764 765 767 768 769 771 772 775 776 777 778 779 782 784 785 786 788 789 790 791 793 794 796 798 799 800 802 804 805 806 807 808 810 811 812 813 814 815 816 818 821 822 825 829 832 833 835 836 837 839 841 843 846 847 850 851 852 854 855 856 

821
836 
687 689 691 692 698 699 702 703 705 707 708 711 712 713 714 715 716 717 718 720 721 722 725 728 729 730 732 733 735 736 738 741 742 743 746 748 749 750 753 755 756 757 758 759 761 762 763 764 765 767 768 769 771 772 774 775 776 782 783 786 787 788 789 790 791 793 795 796 797 798 799 800 803 804 806 807 808 809 811 813 814 816 817 818 822 825 832 833 835 838 839 843 847 850 851 852 854 855 856 

822

687 688 693 694 695 696 697 698 700 701 703 704 705 708 709 715 716 718 719 720 723 724 726 727 728 730 731 734 735 737 738 739 741 744 745 747 748 750 751 752 754 755 756 758 760 761 762 763 764 765 766 770 772 774 776 781 784 785 787 790 792 793 794 797 799 800 803 805 807 808 809 810 811 812 815 817 820 821 823 824 825 826 827 828 830 831 832 834 835 836 837 838 840 842 843 844 846 848 849 851 

823
810 741 
689 690 691 692 699 700 702 704 707 710 711 712 714 715 716 717 720 721 722 723 725 729 730 732 733 735 736 737 738 740 742 743 744 746 749 750 755 756 757 758 759 761 762 763 767 768 770 771 775 776 782 783 785 786 788 789 790 791 793 794 795 796 797 798 799 802 803 804 806 808 809 811 812 813 814 816 817 818 821 822 825 826 829 831 832 833 836 837 839 841 842 846 847 850 851 852 854 855 

824
777 764 705 
689 690 691 692 698 699 701 702 704 707 710 711 712 714 715 716 717 718 720 721 725 729 730 732 733 735 736 738 740 741 742 743 744 746 748 749 750 753 755 757 758 759 761 762 763 767 768 769 771 772 775 776 782 783 785 786 787 788 789 790 791 793 794 795 796 797 798 799 800 802 803 804 806 807 808 809 811 813 814 816 817 818 821 822 825 831 832 833 836 839 841 850 851 852 854 855 856 

825

688 689 690 694 695 696 700 701 702 704 706 707 709 711 712 714 715 716 717 721 722 723 724 725 730 731 732 733 734 736 737 738 739 741 742 743 746 751 754 755 756 758 759 760 762 763 764 766 767 768 770 771 773 777 778 780 781 782 783 784 785 786 788 789 791 792 793 794 795 796 798 799 802 805 806 809 813 816 817 818 821 822 826 829 830 831 833 835 836 837 838 839 842 843 844 845 846 847 851 853 

826
686 
689 690 691 692 698 699 702 703 704 707 708 710 712 714 716 717 720 721 722 725 728 729 730 732 733 735 736 739 740 741 742 743 744 746 749 750 753 755 757 758 759 761 762 763 764 765 767 768 769 771 772 775 776 779 782 783 785 786 787 788 789 790 791 793 796 797 798 799 802 803 804 806 807 808 811 813 816 817 818 819 821 822 825 831 832 833 835 836 837 839 841 843 845 848 850 851 852 855 856 

827
819 756 
688 689 690 691 692 698 699 700 701 702 704 707 709 710 711 712 714 716 717 721 722 723 725 727 728 729 732 733 735 736 737 740 742 743 744 746 749 750 751 753 757 759 763 765 767 768 769 771 775 776 777 778 779 780 782 785 786 788 789 790 791 792 795 796 798 802 803 804 806 807 811 812 813 815 816 818 821 822 825 829 832 833 835 837 838 839 840 841 843 844 845 846 848 850 851 852 855 856 

828
770 773 837 807 805 797 845 848 723 693 728 829 
689 690 691 692 699 700 701 702 704 707 710 712 714 715 716 717 720 721 722 725 729 730 732 733 734 736 738 740 742 743 744 746 748 749 750 753 755 756 757 758 761 762 763 765 767 768 771 775 776 777 782 783 786 787 788 789 790 791 793 794 795 796 798 799 802 803 804 806 808 809 811 813 816 818 821 822 825 831 832 833 836 839 841 843 850 852 854 855 

829

687 689 690 691 692 697 698 699 702 703 704 708 714 716 717 718 720 721 723 725 728 729 730 732 735 736 739 740 741 743 744 746 747 748 749 750 753 754 755 757 758 759 761 763 764 765 769 770 771 772 774 775 776 779 783 787 788 789 790 792 793 797 798 799 800 802 803 804 806 807 808 809 811 812 815 816 817 818 819 821 825 831 832 833 835 836 837 838 840 841 843 844 845 848 849 850 851 852 855 856 

830
845 846 686 817 856 
689 690 691 692 698 699 702 703 704 707 708 710 712 714 715 716 717 720 721 722 725 728 729 730 732 733 735 736 740 741 742 743 744 746 749 750 753 755 756 757 758 759 761 762 763 767 768 769 770 771 772 775 776 782 783 785 786 787 788 789 790 791 793 795 796 797 798 799 802 803 804 806 808 809 811 812 813 814 816 818 822 825 829 831 832 833 836 837 839 841 850 851 852 854 855 

831

689 691 692 693 697 698 699 700 701 702 704 707 708 709 710 711 712 714 715 717 719 720 721 722 724 725 729 730 732 733 735 736 738 742 743 744 746 749 750 753 757 759 760 761 762 763 766 767 768 769 771 772 775 776 777 778 782 785 786 788 789 790 791 792 794 795 796 798 799 800 802 803 804 806 811 812 813 814 815 816 818 819 821 822 825 828 829 832 833 835 838 839 843 846 848 850 851 852 854 855 

832
686 
687 689 691 694 697 699 701 702 704 706 707 708 709 711 712 713 714 715 716 717 721 722 725 727 729 732 733 735 736 740 741 742 743 744 746 749 752 753 754 757 759 761 762 764 765 766 767 768 769 771 772 773 775 777 782 783 786 788 789 791 795 796 798 799 800 802 804 805 806 807 810 811 812 813 814 815 816 818 819 821 822 824 827 828 829 830 831 833 835 837 838 839 840 845 848 850 851 853 856 

833

687 690 693 694 695 696 697 698 701 703 704 705 706 708 709 710 715 716 717 718 719 720 723 726 727 728 729 730 731 735 737 739 740 741 745 747 748 750 751 753 754 756 758 760 761 762 763 764 765 766 769 770 772 774 777 779 780 781 783 787 792 793 797 798 800 803 807 808 809 810 811 812 814 815 817 819 820 823 824 826 827 828 830 831 832 834 835 836 837 838 840 843 844 845 846 847 849 854 855 856 

834
701 
689 690 691 692 698 699 702 704 707 710 712 714 716 717 720 721 722 725 727 728 729 730 732 733 735 736 739 740 741 742 743 744 746 748 749 750 753 755 757 758 759 761 763 764 765 767 768 769 770 771 775 776 779 782 783 785 786 787 788 789 790 791 793 795 796 797 798 799 802 803 804 806 807 808 811 813 816 817 818 821 822 825 832 833 835 836 837 839 841 843 846 848 849 850 851 852 854 855 856 

835

689 690 691 692 694 699 700 701 702 707 708 710 711 712 713 714 715 717 720 721 722 723 724 725 727 730 732 733 734 735 736 740 742 743 744 746 748 749 750 755 756 757 758 759 761 764 767 768 769 771 773 775 776 782 783 784 785 786 787 788 789 790 791 793 794 795 796 797 798 800 802 803 804 806 808 810 813 814 816 817 818 821 822 825 829 831 832 833 839 841 842 845 846 847 848 850 851 852 854 855 

836
821 
687 688 689 691 692 694 697 698 699 700 701 702 704 707 708 709 711 712 713 714 717 721 722 725 727 729 732 733 735 736 737 740 742 743 744 746 749 750 751 753 756 757 759 760 761 762 765 766 767 768 769 771 772 775 776 778 779 780 782 785 786 788 789 791 795 796 798 799 800 802 805 806 807 811 812 813 814 815 816 818 819 822 825 828 833 837 838 839 840 841 843 846 848 850 851 852 854 855 856 

837
803 
689 690 691 692 699 701 702 704 707 708 710 711 712 713 714 715 716 717 720 721 723 725 727 729 730 732 733 734 736 738 740 742 743 744 746 749 750 753 755 756 757 759 761 762 764 766 767 768 771 772 775 776 777 778 781 782 785 786 787 788 789 790 791 794 795 796 797 798 799 800 802 804 806 807 809 810 811 813 814 816 818 822 825 827 829 832 833 836 839 841 842 844 846 850 851 852 853 854 855 

838
686 
689 690 691 692 693 699 700 701 702 704 707 710 711 712 713 714 715 716 717 720 721 722 725 730 732 733 734 735 736 738 740 741 742 743 744 746 749 750 755 756 757 759 761 762 763 767 768 770 771 775 776 782 783 784 785 786 787 788 789 790 791 793 794 795 796 797 798 799 802 803 804 806 808 809 810 813 814 816 817 818 821 822 825 829 831 832 833 836 839 841 842 846 848 849 850 851 852 854 855 

839

687 688 690 693 695 696 698 701 703 704 705 708 709 710 713 715 716 718 720 723 724 726 727 728 729 730 731 737 738 739 740 741 745 747 748 751 752 753 754 755 758 760 761 762 763 764 765 766 769 770 772 773 774 777 778 779 780 783 787 790 792 793 797 799 800 803 804 807 808 809 810 811 812 814 815 817 819 820 823 824 826 827 828 830 831 832 834 835 836 837 838 840 842 843 844 846 848 849 851 856 

840
803 708 
689 690 691 692 699 700 702 704 705 707 710 711 712 714 715 716 717 721 722 725 727 729 730 732 733 734 735 736 738 740 742 743 746 749 750 753 755 756 757 759 761 762 763 767 768 770 771 773 775 782 783 784 785 786 787 788 789 790 791 794 795 796 797 798 799 802 804 806 808 809 810 811 813 814 816 817 818 821 822 825 829 831 832 833 836 839 841 842 843 845 846 847 849 850 851 852 854 855 

841

687 691 693 696 697 698 700 701 702 706 707 708 709 711 712 713 715 716 718 719 720 722 725 727 730 732 735 736 737 738 741 742 745 746 747 751 754 755 759 760 762 763 764 765 766 768 769 772 774 778 779 780 781 782 783 784 787 788 790 792 793 794 795 796 799 800 803 804 805 806 807 810 813 814 816 817 818 819 820 822 823 826 827 828 829 830 833 834 835 838 839 840 843 844 845 846 847 848 851 856 

842
761 686 
687 689 690 691 692 698 699 702 703 704 707 708 709 712 714 716 717 720 721 725 728 729 730 732 733 735 736 739 740 741 742 743 744 746 749 750 753 755 757 758 759 763 764 765 767 768 769 771 772 774 775 776 779 782 783 786 787 788 789 790 791 793 796 797 798 799 802 803 804 806 807 808 809 811 812 815 816 817 818 819 822 823 825 831 832 833 835 837 838 839 841 843 845 848 850 852 855 856 

843

689 690 691 693 695 699 700 701 702 704 707 710 711 712 713 714 715 716 717 718 721 724 725 729 732 733 734 735 736 738 740 741 742 743 744 746 749 750 751 753 754 756 757 760 761 762 767 768 770 771 772 775 778 782 784 785 786 787 788 789 790 791 793 794 795 796 798 799 802 804 806 808 810 812 813 814 815 816 818 821 822 825 829 831 832 833 834 836 839 841 842 845 846 848 849 850 851 852 854 855 

844

689 690 691 692 698 699 702 707 708 710 711 712 714 716 717 721 722 725 728 729 730 732 733 735 736 740 741 742 743 744 746 748 749 750 753 755 757 758 759 762 763 764 765 767 768 769 770 771 772 775 776 779 782 783 785 786 787 788 789 790 791 793 795 796 797 798 799 802 803 804 806 807 808 809 810 811 813 816 818 821 822 825 829 831 832 833 835 836 837 839 841 843 846 849 850 851 852 854 855 856 

845
800 770 772 701 799 
689 691 692 693 698 699 700 702 704 707 710 711 712 714 715 716 717 720 721 724 725 729 730 732 733 735 736 738 740 741 742 743 744 746 749 750 751 753 757 759 761 762 763 764 765 767 768 769 771 775 776 777 779 782 785 786 788 789 790 791 792 795 796 798 802 803 804 805 806 807 810 811 813 814 816 818 819 821 822 825 829 832 833 835 836 837 839 841 842 843 850 851 852 855 856 

846

687 689 690 691 692 698 699 702 703 707 709 710 712 713 714 716 717 718 720 721 725 728 729 730 732 733 735 736 737 739 740 741 742 743 744 746 747 748 749 750 753 755 757 758 759 761 763 764 765 767 768 769 771 772 774 775 776 777 779 782 783 786 787 788 789 790 791 793 796 797 798 799 802 804 806 807 808 809 813 816 817 818 819 822 825 831 833 835 836 837 838 839 841 843 844 848 850 852 855 856 

847

689 691 692 698 699 701 702 704 707 708 709 712 714 716 717 720 721 725 728 729 730 732 735 736 740 741 742 743 744 746 747 748 749 750 753 755 757 758 759 761 763 764 765 767 768 769 770 771 772 775 776 777 779 782 783 785 786 787 788 789 790 791 793 796 797 798 799 802 803 804 806 807 808 809 811 813 816 817 818 819 820 821 822 825 831 832 833 835 836 837 839 841 843 844 848 850 851 852 855 856 

848
721 
687 689 691 692 699 700 702 703 706 707 708 710 711 712 714 715 716 717 718 720 725 728 729 730 732 733 734 735 736 738 740 742 743 746 755 756 757 758 759 762 763 764 765 767 768 769 771 775 776 779 781 782 783 785 786 787 788 789 790 791 793 794 795 796 797 798 799 802 803 804 806 809 810 811 812 813 814 815 816 817 818 822 825 829 831 832 833 835 836 839 841 842 843 846 850 851 852 855 856 

849

687 689 690 691 692 695 698 699 700 701 702 704 706 707 709 710 711 712 713 714 715 717 721 722 725 729 732 733 735 736 737 738 740 742 743 744 746 749 751 753 757 759 761 762 765 767 768 769 771 772 773 774 775 776 777 779 782 786 788 789 790 791 792 795 796 798 799 800 802 806 807 810 811 812 813 815 816 818 819 821 822 825 829 831 832 833 834 835 837 838 839 840 841 843 844 848 850 851 852 855 

850
792 817 793 
687 688 693 695 696 697 698 700 701 703 704 706 708 709 710 715 716 717 718 719 720 723 724 726 727 728 729 730 734 735 737 738 739 741 745 747 748 751 752 754 755 756 758 759 760 761 763 764 765 766 769 770 772 774 776 777 778 779 780 781 783 785 787 795 797 798 803 804 805 807 808 809 815 819 820 821 823 824 826 827 828 830 832 834 835 836 837 838 840 842 843 845 846 847 849 852 856 

851

687 689 690 691 692 695 696 697 699 701 702 703 704 707 708 709 710 714 715 716 718 720 724 725 726 728 729 730 732 733 737 739 740 741 742 743 744 747 748 749 750 753 754 755 756 757 758 760 762 763 764 765 767 768 770 771 773 775 777 780 783 786 787 789 790 791 792 793 794 796 797 799 802 803 804 805 806 807 808 809 818 819 820 821 822 825 829 832 833 834 836 837 839 841 843 844 848 849 850 855 

852

687 688 691 693 696 697 700 701 704 705 707 711 713 715 716 722 723 724 727 728 730 732 734 737 738 741 742 743 744 745 746 747 748 750 752 754 755 758 759 760 761 762 763 764 765 766 768 770 771 772 777 779 780 781 782 783 786 788 789 791 792 793 795 796 799 802 804 805 806 807 808 809 810 813 814 816 817 818 819 820 821 823 824 826 827 829 833 835 837 838 840 842 843 845 846 847 848 849 850 853 

853
814 
689 691 692 698 699 702 704 707 708 709 712 714 716 717 718 720 721 723 725 728 729 730 732 733 735 736 739 740 741 742 743 744 746 749 750 753 755 757 758 759 761 762 763 764 765 767 768 769 771 772 775 776 777 779 782 783 786 787 788 789 790 791 792 793 796 797 798 799 802 803 804 806 807 808 809 811 812 813 816 817 818 821 822 825 832 833 835 837 838 839 841 843 845 848 850 851 852 855 856 

854

687 689 690 691 698 699 701 702 703 704 707 709 712 714 716 718 720 721 725 728 729 730 732 733 735 736 737 739 740 741 742 743 746 747 748 750 755 757 759 761 763 764 765 767 768 769 771 772 774 775 776 777 778 779 780 782 783 786 787 788 789 790 791 792 793 796 797 798 799 802 804 806 807 808 811 812 814 816 817 818 819 820 821 822 823 831 832 833 834 835 836 837 838 839 840 843 844 850 851 852 

855

687 688 691 693 696 697 699 701 704 705 707 710 711 712 713 715 716 718 722 723 724 727 728 730 732 734 736 738 739 741 742 743 744 746 747 748 750 752 754 755 758 759 760 761 763 764 765 766 768 770 772 777 778 779 780 781 782 783 786 787 788 789 792 793 795 796 797 802 804 805 806 807 808 809 814 816 817 818 819 820 821 822 823 824 826 827 829 833 835 837 838 840 842 843 845 847 848 849 850 853 

856

689 690 691 693 694 695 696 699 700 701 702 704 707 710 711 712 713 714 715 717 720 721 722 724 725 726 727 731 732 733 734 736 737 738 739 740 742 743 744 746 748 749 750 755 756 757 758 759 762 766 767 768 770 771 773 775 777 782 784 785 786 787 788 789 790 791 793 794 795 796 799 802 806 808 813 816 817 818 821 822 826 829 832 833 834 836 837 839 841 842 844 845 846 847 848 850 852 853 854 855 

