512 530 468 383 485 377 361 453 568 543 459 450 397 480 443 358 359 477 354 518 454 411 393 351 350 490 372 396 198 449 534 357 448 549 476 364 399 441 435 564 424 405 470 498 522 563 531 501 519 562 510 426 516 540 464 554 541 489 433 572 367 504 569 349 469 528 508 455 382 415 173 355 505 447 570 491 34 478 413 390 356 429 380 551 369 379 458 389 427 474 546 410 406 472 547 557 437 486 425 403 571
513 530 382 372 481 572 554 568 467 435 499 547 443 380 564 474 429 501 361 457 441 401 437 173 453 379 505 393 571 468 348 498 369 489 364 422 476 477 531 486 562 198 516 551 396 381 449 358 34 421 354 450 406 549 389 518 433 350 519 399 377 459 532 359 508 447 386 390 464 357 509 351 442 410 472 529 466 383 490 485 539 455 367 448 424 356 469 411 555 552 384 522 458 403 470 546 454 462 427 535 491
514 534 477 530 531 357 354 481 433 562 478 472 350 359 361 356 466 349 516 435 380 546 429 407 519 489 442 424 450 474 403 547 551 522 34 396 384 470 411 455 552 372 355 405 504 382 389 464 568 518 528 459 369 554 572 571 452 447 486 485 533 422 351 499 381 457 367 449 448 371 509 539 467 468 505 529 358 549 535 173 364 425 555 379 510 563 454 427 441 421 410 490 557 401 564 501 390 415 521 532 491
515 383 571 468 572 530 504 377 34 455 426 472 453 433 541 429 562 552 539 464 568 411 443 466 384 407 485 390 437 406 350 532 356 447 529 522 379 467 358 435 361 531 498 173 543 448 477 486 440 449 454 450 359 348 393 499 415 386 357 389 533 481 369 489 351 564 534 516 480 528 380 570 476 441 387 442 399 401 364 457 551 198 372 510 422 494 371 518 549 554 501 421 569 445 427 508 557 546 375 535 365
516 530 361 562 372 489 560 500 422 463 452 359 405 470 365 462 418 432 568 445 352 362 396 387 522 521 466 511 375 455 409 481 371 403 367 429 494 444 529 542 410 450 570 520 448 404 414 539 428 382 548 426 354 547 474 408 555 533 460 512 514 363 366 541 508 558 506 507 543 402 388 536 557 495 478 535 545 413 465 531 440 436 412 493 504 390 377 360 513 546 556 385 420 510 488 566 492 392 438 427 415
517 350 480 455 530 429 433 481 407 356 522 396 528 531 357 477 372 466 459 435 447 546 568 361 358 449 519 571 486 485 380 543 468 472 411 369 505 554 518 504 354 547 474 457 381 426 397 533 551 562 569 469 529 422 384 541 359 516 510 450 34 489 453 509 552 424 382 415 410 173 564 443 540 405 379 418 557 464 403 501 389 377 441 563 383 572 393 198 351 365 448 470 476 549 367 355 364 442 454 534 539
518 359 489 367 418 530 450 470 562 375 390 463 361 403 452 535 512 548 422 474 558 371 352 500 529 491 410 374 502 372 521 546 365 511 481 429 539 490 569 488 560 475 455 466 482 382 445 412 547 355 570 462 555 420 413 434 524 427 360 522 446 396 471 496 354 362 568 494 541 436 385 542 415 366 557 404 495 517 363 492 392 448 520 394 460 373 438 353 428 423 473 432 566 478 536 493 388 513 391 484 514
519 549 369 541 383 430 427 569 495 352 480 371 468 399 377 534 435 494 533 398 358 476 459 375 368 364 454 477 425 445 551 462 439 457 443 385 505 509 406 527 564 198 449 496 419 409 421 423 532 426 523 512 357 441 517 508 501 456 379 521 511 433 478 469 362 563 349 447 411 538 381 387 540 351 393 444 570 567 440 554 453 437 545 535 514 542 451 503 378 442 472 543 544 417 424 374 561 498 552 487 348
520 531 435 571 429 481 568 470 466 455 529 551 516 457 477 459 562 486 354 504 472 359 433 424 530 410 547 505 480 356 522 369 407 389 474 380 381 485 357 382 450 361 379 454 469 411 519 372 426 518 447 539 554 468 549 543 350 442 509 528 173 358 501 351 478 397 34 572 546 443 564 555 441 489 453 419 557 458 476 399 499 355 405 375 533 364 541 418 534 569 563 367 349 393 490 198 446 427 449 548 396
521 449 529 534 485 435 477 562 349 539 530 357 466 504 380 478 571 572 469 491 450 564 516 481 383 502 361 518 551 522 359 377 399 490 393 429 480 440 509 459 499 401 532 34 558 511 350 501 457 554 441 434 424 486 568 505 437 410 519 406 443 198 467 173 498 433 549 413 387 407 474 446 369 552 548 489 381 415 468 364 543 453 445 351 365 427 405 447 546 470 547 454 389 372 422 473 464 386 411 455 384
522 374 487 451 475 526 482 565 480 471 566 559 420 365 370 496 415 377 419 445 409 416 413 360 459 394 537 383 570 507 545 421 385 449 404 508 516 483 493 375 551 540 460 373 402 517 544 458 432 469 527 554 521 425 362 553 494 497 430 523 349 368 387 535 391 357 512 369 395 406 533 502 548 452 448 572 440 470 436 388 456 417 536 378 465 443 352 462 457 518 477 380 520 515 366 437 538 543 561 424 511
523 447 572 379 571 499 429 472 568 382 470 498 532 562 358 437 539 468 34 356 411 481 359 443 522 410 455 552 365 350 467 519 173 533 453 386 390 407 384 531 448 474 541 464 564 375 383 505 362 406 486 489 535 401 528 480 466 450 454 510 393 529 462 501 361 540 569 377 426 463 530 543 495 521 354 403 504 380 557 421 435 355 459 536 413 433 452 554 441 516 351 551 485 440 198 547 399 560 381 364 369
524 372 568 530 468 449 405 396 350 485 356 361 472 429 518 357 562 531 504 453 433 450 547 382 480 522 447 407 435 426 411 470 466 477 474 546 422 510 359 519 543 459 572 528 443 490 369 533 455 380 551 379 358 173 534 498 554 349 549 478 457 505 529 491 516 354 489 34 469 563 509 397 464 571 541 564 384 555 552 198 539 424 476 501 364 410 557 381 486 499 441 467 540 393 367 389 390 355 427 383 377
525 530 361 562 372 433 396 468 571 354 34 447 498 543 453 480 359 477 356 435 568 455 470 443 531 369 357 401 472 429 528 173 427 350 382 547 549 522 481 474 407 546 467 450 466 504 410 540 572 485 534 403 459 384 478 386 533 411 437 463 529 449 519 381 380 499 555 454 198 569 393 421 464 349 489 554 418 532 509 358 351 564 355 389 516 552 551 490 469 405 442 367 424 457 452 390 518 364 557 399 486
526 530 410 433 541 522 372 354 361 429 568 359 466 546 34 562 571 468 426 504 396 531 435 543 350 534 453 173 382 470 448 383 485 403 469 510 458 549 547 380 529 390 441 454 377 490 443 502 425 455 478 447 422 489 539 528 397 405 563 407 474 555 355 393 399 371 413 411 358 427 491 476 548 450 564 509 516 518 472 381 477 508 480 442 519 486 198 364 532 457 572 351 424 481 449 554 356 551 421 498 369
527 372 530 429 531 522 361 481 466 519 562 571 529 455 449 480 504 546 470 568 350 433 407 377 450 477 405 485 382 396 528 354 547 543 474 539 356 472 383 518 435 357 359 541 489 422 173 411 533 34 572 459 490 410 510 397 467 384 557 442 447 501 437 421 499 540 427 549 355 358 468 478 534 364 369 426 401 555 448 379 424 418 380 453 564 198 351 381 552 463 486 464 403 563 349 452 554 551 509 367 516
528 405 361 379 444 377 448 530 383 495 462 535 410 545 517 387 496 487 371 547 401 532 536 555 445 450 437 478 568 474 427 562 453 375 404 467 503 366 511 493 494 508 382 386 349 406 353 446 443 452 352 484 463 440 492 470 411 358 34 428 512 415 559 458 489 385 499 400 482 447 561 479 362 368 389 481 540 418 500 525 526 413 502 454 490 537 372 523 501 527 524 417 403 423 173 542 461 471 541 376 408
529 448 480 413 521 402 460 471 360 370 545 365 420 357 371 475 362 414 469 425 483 449 535 495 403 540 451 458 536 553 385 470 409 518 374 432 445 439 520 477 487 395 394 516 570 542 556 482 415 459 377 397 491 419 565 479 411 404 510 554 383 515 508 375 527 421 373 391 389 559 496 380 526 378 436 507 424 549 368 444 363 349 505 434 452 500 502 546 462 423 544 428 485 572 387 396 457 551 558 490 406
530 440 398 536 409 420 459 526 375 516 569 512 533 369 486 407 385 378 563 518 424 511 565 471 496 353 479 352 408 505 551 472 394 494 430 381 469 411 513 419 525 461 509 537 356 559 507 451 456 426 561 379 458 538 357 528 436 527 433 434 552 508 457 515 521 566 510 502 517 506 556 560 389 540 524 503 488 554 484 467 435 368 350 514 477 380 374 363 431 473 392 462 485 465 483 387 384 553 371 482 400
531 398 487 520 394 495 383 451 377 419 408 427 440 511 404 536 488 413 421 471 371 414 540 379 469 484 559 417 505 556 494 535 365 545 464 561 454 514 503 554 374 527 409 173 375 517 362 542 566 436 502 434 430 492 385 461 465 423 526 392 479 512 448 34 483 438 406 552 431 572 445 368 424 393 387 567 449 490 399 437 420 351 551 537 524 496 480 352 457 349 402 411 381 198 523 553 366 459 373 564 400
532 510 458 480 546 432 451 563 449 422 502 548 385 523 490 545 446 433 541 450 482 489 396 557 440 359 415 354 474 528 369 372 547 397 455 452 375 491 535 442 558 426 420 521 519 370 495 366 459 425 530 515 533 360 543 494 374 508 471 407 418 438 507 361 448 350 362 556 511 568 434 444 569 470 405 403 355 430 483 416 367 421 376 402 559 565 539 531 411 365 473 492 542 388 496 475 540 537 419 555 349
533 541 530 491 450 415 390 490 505 349 554 425 359 446 404 502 421 173 434 539 545 423 536 508 372 519 570 489 540 375 362 478 444 469 361 486 424 419 370 397 371 389 549 457 439 367 471 507 427 418 479 413 430 440 534 535 353 463 522 546 470 562 451 547 380 465 523 565 497 516 558 420 496 532 498 416 391 442 366 557 501 363 401 428 458 402 484 462 477 414 511 503 481 395 376 449 410 495 548 381 480
534 379 365 382 383 453 371 481 487 521 443 354 377 552 514 536 572 445 498 560 464 437 450 420 519 463 499 406 540 173 390 495 547 571 512 389 410 452 462 372 350 362 447 470 557 555 548 34 562 454 468 408 533 375 526 564 352 502 384 489 432 542 535 404 403 482 348 446 543 486 364 421 356 451 381 360 568 411 493 441 494 505 530 458 369 393 508 511 467 415 198 504 541 522 430 546 429 358 554 539 409
535 350 485 427 568 455 357 555 380 478 435 433 458 469 528 505 470 518 529 429 454 381 543 462 531 434 405 549 367 491 369 457 551 389 407 466 440 406 426 173 572 477 509 522 499 464 541 474 397 533 532 449 419 372 424 403 396 382 467 359 375 546 354 472 384 534 539 349 422 552 540 530 442 490 486 356 536 519 516 446 481 453 554 494 468 523 34 410 496 497 510 564 565 548 390 198 471 387 504 437 443
536 361 530 354 485 34 448 413 405 481 546 433 477 562 468 568 382 510 383 543 489 531 377 441 355 173 534 549 474 364 533 429 504 571 466 548 198 393 359 563 541 529 476 399 426 410 449 480 478 358 453 371 442 356 528 540 443 349 470 418 362 434 447 555 427 367 411 547 463 401 501 450 522 407 421 351 452 564 491 454 508 509 502 348 539 557 472 516 535 415 357 397 396 380 403 372 490 445 386 455 366
537 571 411 356 562 472 530 468 405 522 543 474 361 489 504 34 173 348 453 358 433 510 447 448 382 466 449 379 443 354 399 549 372 547 426 470 429 427 572 359 383 531 481 476 397 435 464 393 498 403 477 552 568 441 410 554 467 478 377 350 407 541 501 534 198 528 505 509 369 485 437 384 533 486 364 390 396 546 529 555 532 406 380 516 450 480 490 457 463 351 365 518 455 442 454 357 422 424 413 521 551
538 382 530 453 568 468 361 485 443 358 429 354 359 372 383 377 34 173 571 433 447 498 450 572 455 522 519 562 466 489 401 467 531 435 481 504 437 411 477 356 393 410 474 486 405 390 396 403 427 549 426 457 528 564 470 472 379 406 198 554 464 350 386 543 380 454 407 510 459 547 469 389 369 351 499 505 424 529 501 541 516 490 397 381 551 355 518 441 563 418 448 558 384 476 357 364 532 422 491 509 557
539 382 454 480 449 469 402 521 533 424 389 387 523 459 559 544 505 371 554 551 477 374 378 565 478 462 396 420 470 540 509 432 515 518 370 414 365 543 451 516 562 377 351 571 458 397 467 549 419 381 508 369 410 360 357 496 457 406 566 422 425 383 403 510 407 535 448 355 452 536 564 398 427 435 453 570 437 358 563 434 356 392 471 542 472 430 545 552 534 349 486 385 464 198 526 409 485 415 558 520 416
540 405 450 504 354 458 478 562 568 571 425 372 359 531 361 510 403 466 396 530 382 529 482 455 533 541 463 534 390 433 522 418 349 508 547 472 481 539 494 536 560 491 407 555 410 572 477 429 442 569 552 375 512 535 546 489 367 558 356 519 383 378 411 470 422 350 376 511 365 380 490 399 379 362 385 464 355 528 495 384 426 421 557 415 570 479 476 371 352 358 368 434 402 532 445 523 556 34 469 499 525
541 472 356 533 411 467 385 499 393 462 352 526 487 371 351 365 450 443 489 464 519 441 453 364 501 437 491 406 388 367 490 564 445 552 493 495 470 401 494 366 34 399 354 536 532 476 572 468 540 556 392 452 358 386 515 349 511 198 394 368 448 458 403 434 545 355 363 359 414 387 404 384 375 447 565 535 415 389 481 427 377 425 391 382 474 373 480 560 383 400 379 555 436 498 512 516 449 530 478 442 547
542 485 562 571 468 372 443 504 568 472 466 453 356 449 407 424 411 435 470 379 474 529 531 516 481 476 490 455 429 547 546 478 551 534 469 457 450 454 350 572 351 554 489 522 390 358 459 383 427 519 518 426 539 530 361 382 381 505 357 359 498 486 405 499 491 528 501 380 377 433 477 532 386 447 533 367 437 564 355 198 384 549 401 410 403 464 399 369 569 510 349 173 364 389 543 552 442 396 458 555 393
543 405 403 378 536 368 512 436 446 385 383 490 448 394 537 511 478 470 535 501 556 379 458 375 386 479 462 476 499 496 467 377 438 349 491 388 352 392 539 474 395 443 526 404 398 454 494 399 503 559 492 401 473 434 427 568 406 34 418 416 450 351 380 487 525 353 564 465 555 437 366 447 431 364 488 534 453 522 423 198 532 498 483 389 419 516 445 367 493 481 569 517 471 382 482 461 410 361 424 173 521
544 474 571 399 562 429 443 476 572 382 539 468 356 522 359 361 393 453 481 472 501 466 441 489 449 437 530 568 358 440 505 411 564 351 499 396 485 372 379 454 364 198 467 519 529 354 350 498 455 480 457 470 435 552 448 424 447 551 458 554 477 546 390 532 173 450 389 407 569 433 380 549 357 367 464 386 401 478 486 547 516 384 422 504 403 355 491 533 375 405 528 536 406 427 462 543 410 371 494 381 534
545 34 572 467 407 356 173 405 433 529 468 499 427 464 466 447 411 533 453 522 532 380 429 528 481 382 531 448 437 489 443 474 541 498 386 358 472 571 383 198 350 399 384 552 357 364 568 359 463 485 476 549 450 501 406 486 502 455 519 355 354 401 510 516 480 390 546 379 539 369 446 381 424 377 569 441 478 371 562 491 396 564 504 351 477 389 509 410 440 361 375 413 449 349 454 534 435 551 426 365 508
34 545 444 536 458 425 470 396 430 402 382 456 462 355 360 568 432 404 474 354 471 367 493 557 537 515 410 409 523 541 445 388 507 403 439 421 449 526 548 511 479 359 397 478 538 482 407 426 565 415 497 506 555 534 423 525 510 484 418 531 405 353 560 455 440 385 521 543 570 372 365 473 559 398 408 361 416 491 392 561 528 431 496 546 569 530 547 349 562 366 417 512 490 502 375 352 370 377 368 451 519
546 383 462 377 536 447 406 379 532 505 486 358 401 374 387 467 564 437 551 386 348 421 393 371 440 443 448 453 499 492 472 399 526 496 459 501 495 468 389 572 509 494 518 408 362 476 398 428 469 482 425 411 198 356 465 368 451 517 445 533 424 508 477 430 385 352 542 381 535 364 405 441 409 511 413 540 473 498 493 554 404 419 549 478 420 514 351 349 560 527 34 353 446 369 423 545 529 534 488 503 427
547 508 477 383 480 485 409 377 411 385 511 357 468 472 486 459 534 387 369 440 426 451 487 551 448 406 425 540 505 495 569 528 427 356 462 469 380 532 443 513 362 537 381 375 471 509 419 424 518 371 533 374 516 498 542 536 408 433 484 520 453 445 457 434 407 541 439 415 524 423 506 526 404 353 349 503 420 34 389 386 413 430 478 398 449 514 368 558 565 521 479 437 473 492 561 467 552 566 401 358 436
548 477 552 384 389 505 485 421 551 532 357 486 509 449 571 536 518 453 480 386 407 564 34 369 569 464 459 425 549 401 435 498 534 468 437 381 467 472 424 516 522 358 406 173 457 350 443 554 411 448 380 455 433 397 462 501 521 429 445 419 426 476 460 508 466 478 379 198 469 364 533 510 447 413 440 499 563 504 535 399 356 441 409 454 352 393 529 349 405 427 560 398 442 526 511 414 371 404 351 465 540
549 426 519 481 398 396 397 455 536 570 503 413 560 535 473 409 458 361 425 533 465 418 512 445 352 555 489 444 470 548 362 472 367 537 382 539 491 504 463 440 448 387 377 422 462 383 402 375 410 403 557 490 452 526 545 395 493 485 385 546 521 484 541 390 421 408 511 487 529 461 466 436 363 354 479 543 429 531 488 450 565 439 404 497 520 415 502 359 355 432 566 534 538 407 525 412 513 499 483 569 388
551 489 359 387 530 361 463 448 560 491 450 548 500 546 502 504 481 511 490 355 390 434 382 539 522 403 535 547 452 521 562 519 556 371 436 555 422 520 396 354 372 405 410 414 445 418 428 367 373 365 557 542 413 446 531 470 455 570 478 568 412 474 388 440 363 462 466 352 366 377 409 402 460 514 465 173 512 510 543 429 360 349 529 362 558 408 479 394 392 383 513 375 444 517 487 420 482 507 374 496 376
552 405 443 478 382 349 470 490 410 548 534 491 446 495 502 530 477 361 377 541 354 462 383 474 568 434 421 453 425 515 415 444 465 396 450 523 463 378 471 531 388 353 482 492 458 545 367 540 366 481 359 403 535 557 390 555 473 362 423 437 559 498 438 556 404 521 430 452 397 409 566 537 485 418 507 558 411 489 416 468 519 539 420 459 445 357 547 493 394 406 503 387 370 385 509 544 514 372 479 439 529
553 562 571 529 568 350 429 522 372 530 504 407 361 466 531 474 541 450 390 543 377 485 539 468 449 437 499 383 384 552 356 472 464 435 440 34 447 454 572 433 426 564 462 549 455 359 421 480 427 410 173 532 375 357 481 498 401 364 453 379 406 369 467 443 470 477 365 501 351 441 518 457 380 393 382 540 486 494 411 386 198 509 448 424 533 551 422 459 557 442 554 463 413 508 535 519 399 546 476 445 349
554 489 463 562 359 448 422 533 500 371 452 352 388 478 413 508 426 470 385 530 494 436 387 365 539 445 531 568 522 405 455 513 511 446 362 361 360 460 428 382 354 363 504 418 466 560 493 402 506 349 481 521 367 396 434 432 529 557 512 355 548 410 440 409 546 542 429 558 519 450 491 392 502 404 569 414 510 537 495 412 408 403 535 507 534 517 482 555 474 444 556 427 372 520 462 472 487 377 570 376 547
555 407 535 440 468 480 459 365 385 357 424 477 505 369 486 449 383 415 572 433 508 549 427 563 445 443 551 534 34 528 377 406 411 421 349 498 540 536 380 371 502 518 373 362 516 419 426 543 375 541 384 173 453 464 435 457 495 381 358 552 364 379 454 425 571 447 413 352 387 501 198 493 485 356 462 509 448 441 558 554 473 351 467 560 409 423 378 390 492 526 494 360 393 386 564 461 414 556 491 565 487
556 562 571 433 448 530 531 389 396 543 504 435 541 350 357 551 529 405 509 429 568 499 359 369 572 481 468 486 455 472 466 476 381 440 361 397 552 437 505 485 384 372 457 380 407 532 441 386 367 399 371 522 401 354 478 453 489 498 426 554 422 364 406 463 516 510 443 424 459 470 555 467 533 356 540 490 546 464 450 393 449 458 198 477 419 418 518 358 521 462 528 34 390 534 508 383 379 547 427 382 454
557 472 427 389 505 383 441 34 406 433 356 380 508 365 449 532 369 476 364 534 424 564 453 443 385 478 425 409 386 377 491 486 446 457 393 551 374 496 571 570 501 549 554 173 552 510 411 459 469 565 536 533 464 516 502 480 572 454 468 381 399 351 352 198 498 518 495 384 467 349 357 401 434 442 563 509 430 540 437 490 447 477 528 512 492 358 419 394 440 371 415 543 529 558 391 408 398 414 420 379 485
558 429 350 407 476 571 518 437 481 499 485 474 572 504 472 562 505 426 357 433 403 477 459 455 424 532 454 489 467 521 462 379 440 389 435 369 533 516 405 466 540 569 490 411 522 384 375 450 554 469 367 416 380 541 509 419 441 531 552 386 358 458 547 447 555 366 354 409 383 382 519 468 470 546 399 529 410 539 501 381 551 448 442 464 422 534 352 361 453 443 396 351 198 536 356 486 397 173 457 478 452
559 481 530 522 562 504 568 531 433 474 372 396 539 405 466 350 571 361 499 543 572 410 429 34 359 450 552 443 529 401 489 390 455 472 528 384 498 382 173 464 519 386 467 532 453 356 468 411 407 485 354 547 358 518 421 470 437 533 541 490 426 448 546 397 463 380 364 491 435 447 554 449 549 383 379 422 377 427 406 509 476 367 357 355 477 403 371 198 555 393 486 569 399 441 510 505 551 369 557 516 389
560 485 435 449 516 357 468 377 480 454 551 474 427 389 382 426 383 534 530 443 486 381 549 571 478 350 509 399 505 351 380 453 411 433 457 424 518 540 348 369 554 568 364 477 397 501 34 498 564 447 358 403 541 441 469 349 393 198 396 405 356 458 455 546 470 476 572 410 510 491 562 390 173 407 355 406 533 555 367 490 372 359 432 472 459 548 434 489 422 563 531 429 437 528 379 419 504 361 543 354 464
561 361 562 530 354 568 531 504 405 478 485 571 173 572 372 403 468 382 522 448 34 433 472 447 489 519 396 528 477 547 464 358 474 481 384 356 510 546 383 450 349 407 543 427 476 410 350 541 377 393 534 413 429 467 359 198 470 449 564 466 441 549 364 418 411 533 555 552 454 453 557 437 501 443 399 351 422 379 518 499 463 426 539 401 452 357 406 521 498 480 491 458 529 380 490 386 440 563 445 397 457
562 369 434 381 486 456 457 516 565 409 469 419 502 440 508 554 487 540 556 479 561 536 482 537 389 424 496 363 465 459 430 380 490 544 495 493 542 420 353 518 505 385 390 525 503 521 553 436 569 566 492 446 559 357 374 375 471 523 477 408 368 428 400 461 402 442 484 417 511 425 411 509 370 398 551 526 362 515 558 514 438 415 539 373 534 520 473 510 356 352 497 533 378 527 472 528 349 416 512 567 383
563 448 530 365 386 401 377 481 383 443 437 532 462 361 489 498 463 403 382 470 499 406 536 390 372 450 359 555 352 410 512 467 474 375 491 453 379 429 409 562 572 405 445 371 519 468 568 411 363 413 396 387 539 368 446 356 358 452 482 394 490 522 472 436 557 526 404 447 495 408 511 548 362 441 478 454 455 521 418 487 501 571 398 533 366 367 560 502 354 466 529 364 458 565 540 385 535 503 547 524 351
564 409 421 541 546 397 367 396 442 548 521 506 483 425 482 363 458 426 422 512 557 507 511 519 385 513 560 534 432 376 569 544 470 543 394 362 536 487 349 500 461 539 531 450 493 488 497 570 523 452 440 355 352 430 456 375 479 444 413 398 391 404 495 366 438 478 372 361 502 565 449 535 420 434 510 439 555 360 474 545 445 475 538 547 473 415 359 484 542 436 446 403 496 370 508 526 489 353 553 388 561
565 562 530 504 571 568 522 361 466 472 433 426 411 448 539 485 477 421 372 407 437 34 541 529 572 499 533 356 405 173 429 383 467 481 354 557 459 450 377 547 470 468 399 549 454 564 480 490 532 393 535 531 546 445 198 453 555 498 410 382 447 489 364 509 358 435 396 476 371 406 352 449 563 413 518 569 442 359 422 350 403 528 443 379 519 441 463 554 369 501 560 552 508 457 351 479 534 384 455 349 495
566 568 571 522 356 411 562 530 472 504 466 429 531 433 572 350 435 389 410 361 383 539 453 485 481 448 443 474 397 357 467 509 406 377 552 468 372 463 499 543 407 405 437 359 364 476 546 396 547 393 477 455 380 541 447 34 386 549 384 198 518 464 554 382 489 516 401 426 501 510 358 529 354 533 441 532 399 355 369 459 551 450 498 486 470 351 173 418 365 424 505 421 519 535 381 379 469 449 371 457 445
567 372 568 429 474 531 562 481 510 382 455 571 354 519 407 504 470 472 466 410 489 426 543 530 447 449 396 405 572 529 361 522 422 377 359 356 528 533 433 450 499 418 547 397 383 467 557 421 358 555 435 552 485 355 411 406 401 468 442 546 443 490 403 369 539 448 379 350 532 437 440 478 458 365 453 477 570 534 384 462 386 464 498 541 480 564 445 380 457 463 501 512 367 452 536 415 173 427 509 554 486
568 385 352 409 404 398 535 400 569 440 420 460 394 408 414 451 494 536 540 415 507 566 373 471 565 353 363 436 512 480 34 424 561 374 439 465 417 523 538 419 524 369 368 483 559 493 413 390 520 381 402 503 495 526 488 486 542 567 371 516 357 479 482 448 553 350 462 502 552 554 375 379 449 492 389 467 473 428 513 433 395 384 362 388 456 515 445 411 487 484 556 416 391 560 464 505 511 427 173 457 528
569 361 365 530 405 470 354 450 568 377 489 359 410 382 572 383 519 474 448 562 490 380 413 406 454 425 351 505 393 463 173 548 547 360 441 403 467 518 464 371 478 444 372 540 397 396 564 498 349 362 437 415 472 356 364 491 558 570 198 499 543 512 409 452 34 509 447 501 554 427 502 443 453 389 358 440 457 449 532 373 468 375 446 424 384 508 401 496 571 469 545 534 426 387 386 445 481 385 357 422 536
570 429 411 356 390 549 522 468 472 198 358 379 533 453 382 440 476 424 501 529 447 516 357 462 459 369 486 490 518 173 466 364 34 394 399 381 509 557 480 454 380 551 433 371 498 569 427 348 519 407 494 539 470 505 485 564 443 531 441 512 352 368 375 359 351 389 435 467 393 419 450 540 482 481 502 448 554 469 496 426 455 572 489 474 365 437 354 398 457 499 446 385 491 536 464 477 452 405 547 384 555
571 479 487 496 440 434 425 415 537 482 409 544 428 565 375 523 493 456 556 500 540 442 400 353 515 566 370 495 360 450 405 423 349 542 420 408 417 404 520 475 511 387 438 503 497 366 419 462 488 436 558 508 553 445 392 458 548 536 521 362 478 352 471 510 560 394 363 385 534 506 376 465 526 391 414 355 480 378 492 439 430 507 451 390 525 473 388 494 444 446 545 559 538 539 421 460 396 561 483 374 461
572 385 442 545 523 458 488 482 444 436 432 400 370 421 434 420 363 426 569 422 396 415 372 515 392 480 438 534 366 425 439 510 471 544 507 521 497 449 418 428 414 492 541 496 558 495 430 403 513 555 483 546 473 412 450 470 349 535 362 487 388 566 423 479 540 508 445 417 355 561 559 374 522 474 531 565 556 506 538 465 350 537 456 446 530 461 563 398 451 360 503 542 404 512 352 369 459 416 478 560 500
173 470 425 444 462 458 545 536 421 402 397 355 426 473 533 382 477 415 396 537 388 367 445 506 485 430 534 510 398 377 407 495 439 404 531 569 354 456 360 418 535 387 471 423 493 538 507 385 474 561 383 409 526 568 570 548 449 487 523 452 565 479 555 359 463 562 557 443 357 521 502 513 541 436 432 370 455 497 417 422 503 512 410 543 482 403 472 362 490 406 363 560 353 551 559 478 515 491 525 390 546
198 409 421 536 570 458 426 397 512 442 541 425 352 396 495 500 546 519 363 545 355 376 487 491 470 394 462 506 521 543 511 560 422 531 444 482 569 432 439 450 367 400 452 493 372 544 534 555 360 484 455 483 557 548 503 539 445 537 353 449 513 390 398 465 474 385 366 387 461 359 420 404 535 349 413 391 492 565 566 510 374 488 558 436 415 446 485 542 412 362 538 562 556 561 438 502 388 375 350 408 530
348 385 546 409 537 500 511 396 442 560 479 415 436 352 425 439 421 423 534 484 536 570 493 513 519 471 465 403 458 349 478 541 569 360 530 515 533 397 552 384 462 466 464 459 377 562 509 401 386 499 437 549 443 399 348
349 383 481 350 453 382 379 552 443 365 533 433 354 377 371 389 571 521 450 432 455 510 486 429 409 445 369 381 437 407 540 541 472 390 498 362 464 463 487 572 543 495 522 536 504 384 410 505 372 555 419 435 454 468 554 452 406 562 421 569 411 364 560 528 470 356 499 462 514 535 403 531 564 519 469 442 441 420 512 546 547 529 34 568 493 396 408 489 363 352 447 430 539 393 426 557 530 368 360 551 476
350 405 535 443 377 462 349 478 383 406 361 482 473 495 517 415 558 439 378 410 362 438 511 368 445 512 434 491 374 453 530 470 496 560 568 490 423 553 556 418 474 371 394 498 387 468 471 411 446 420 524 465 417 534 559 487 461 514 566 425 507 460 526 430 493 448 503 401 545 479 413 523 521 467 444 572 370 404 515 359 386 366 385 391 548 379 542 436 452 395 540 382 492 358 400 392 541 527 532 437 396
351 541 397 409 421 442 512 482 569 560 511 440 448 414 539 394 506 391 426 543 445 420 544 536 531 413 425 510 458 542 462 488 436 519 352 439 483 546 492 484 367 451 455 400 508 396 387 493 521 353 452 481 557 495 432 570 422 496 374 555 362 449 372 350 460 485 363 469 415 366 497 498 376 533 385 491 408 545 507 446 558 487 398 480 490 419 412 535 465 520 503 528 405 540 479 361 388 433 562 430 349
352 485 383 469 377 568 397 530 357 474 541 421 424 448 410 435 457 354 372 554 477 519 459 504 396 447 454 468 486 516 380 571 518 381 549 198 563 543 403 369 443 463 510 405 450 478 562 348 534 546 355 361 522 407 531 528 413 458 572 429 359 351 389 480 453 551 501 390 401 564 555 481 570 476 34 427 426 498 557 349 449 364 441 509 455 489 418 505 445 173 399 393 539 547 558 382 470 425 386 433 540
353 530 568 571 383 372 562 382 504 358 377 489 411 433 361 472 468 477 485 470 356 435 533 34 449 552 399 410 481 543 359 528 396 547 443 474 447 546 441 448 450 426 464 351 510 466 531 380 173 393 198 403 534 522 354 454 384 476 541 350 572 429 518 405 355 505 529 453 379 425 357 564 364 501 381 554 397 369 421 407 459 549 422 570 457 551 455 469 418 498 486 519 555 535 390 557 424 437 362 499 478
354 536 569 540 480 486 404 465 494 349 534 379 430 462 368 387 427 561 526 511 503 352 487 484 34 416 512 398 400 408 375 508 498 420 541 495 423 552 502 505 538 411 381 440 496 464 449 514 407 492 421 491 173 532 446 415 468 554 369 378 537 551 490 443 525 424 456 417 451 478 409 444 520 394 384 516 425 357 457 439 535 419 469 473 374 447 392 362 479 518 435 442 567 453 414 565 459 434 365 356 477
355 379 34 380 486 536 173 383 505 457 551 511 377 424 440 509 467 435 571 508 381 541 427 356 358 368 404 572 198 518 393 352 451 443 386 459 501 401 411 444 554 477 448 445 357 539 371 439 545 498 387 512 462 564 420 430 453 447 394 414 472 400 415 532 442 419 540 399 469 560 385 503 495 529 365 549 522 526 389 375 408 461 421 353 406 487 454 494 369 514 413 398 409 468 542 364 446 480 476 417 566
356 541 430 537 421 506 545 450 530 508 570 484 423 444 385 425 566 395 404 422 402 500 458 370 452 439 503 363 388 497 368 417 523 542 491 507 489 463 557 445 511 387 517 544 456 465 432 434 471 488 376 416 436 372 536 547 353 496 461 462 546 355 366 367 428 360 562 479 493 442 470 504 440 392 359 460 524 390 514 565 413 397 374 515 349 520 396 569 362 394 534 481 483 449 478 403 451 540 400 560 354
357 359 489 511 410 361 352 560 535 500 481 422 530 382 450 529 521 548 418 562 436 547 488 568 366 504 555 470 372 390 482 512 408 502 556 514 367 517 365 405 374 490 403 491 466 570 558 508 522 396 371 375 394 446 387 539 445 427 463 545 519 420 452 388 354 360 428 524 413 173 368 455 355 566 417 385 484 440 432 391 412 493 464 404 503 536 474 520 392 496 409 448 434 475 414 456 542 525 557 552 444
358 396 385 546 442 353 512 508 479 523 395 538 500 519 570 537 541 506 400 471 370 397 409 536 387 422 416 458 394 421 545 428 355 438 436 488 388 548 560 544 517 465 439 360 402 460 444 507 555 423 510 511 432 359 487 350 528 503 474 542 425 434 430 539 363 367 366 414 456 515 531 563 482 569 497 376 534 558 412 495 417 420 493 372 530 404 473 450 354 452 561 489 547 483 470 446 494 543 462 415 463
359 518 485 357 459 551 435 381 369 430 457 415 383 554 508 424 420 509 449 569 409 486 511 377 533 540 516 414 385 471 467 505 480 512 477 427 493 503 451 406 472 526 379 536 444 389 411 461 440 442 380 437 445 544 538 507 523 521 439 448 495 469 532 34 408 375 394 563 419 541 494 465 386 387 556 514 397 400 499 362 473 436 520 356 407 425 484 537 535 545 487 350 416 552 173 353 559 525 462 438 371
360 380 529 571 435 34 468 481 522 472 429 466 367 499 505 173 477 467 554 569 453 448 356 457 485 405 539 443 357 440 358 518 568 509 498 572 532 534 369 381 379 541 433 459 424 476 411 437 562 399 198 486 530 361 490 382 359 349 551 418 533 469 516 470 531 425 555 447 455 564 422 416 386 474 403 348 462 426 396 501 375 368 389 393 504 441 478 401 390 434 372 450 442 407 454 557 350 494 563 519 549
361 536 569 378 459 516 495 407 381 505 424 561 502 369 551 486 419 357 528 421 512 350 471 494 525 420 565 457 490 461 480 492 526 563 375 540 389 518 509 462 508 552 538 436 430 487 408 456 409 400 385 537 380 435 398 440 479 415 434 484 374 469 426 353 394 533 387 511 544 549 521 433 527 417 507 365 554 392 427 414 406 363 384 379 559 449 416 397 423 566 496 373 553 514 442 465 411 517 446 524 352
362 478 449 485 454 407 396 350 455 529 464 427 440 426 571 406 516 504 533 466 474 397 562 382 522 349 468 546 554 531 405 462 435 572 568 472 534 505 549 536 389 547 369 429 359 433 457 530 480 555 569 499 453 564 419 490 519 354 422 384 424 356 467 381 552 361 518 470 367 491 532 380 403 476 173 437 481 458 540 379 523 528 469 510 509 541 351 551 386 390 563 357 358 416 451 368 399 450 372 375 411
363 405 562 472 572 568 470 372 468 356 435 411 447 571 530 382 478 406 427 564 379 541 480 554 361 198 453 459 443 501 505 383 454 516 457 399 476 437 533 551 563 477 529 410 393 358 549 485 543 173 349 450 403 467 518 498 364 359 433 351 486 380 426 458 474 466 522 377 407 499 365 350 509 504 425 354 539 448 546 531 441 532 357 429 469 534 424 369 490 555 491 557 440 508 34 502 381 401 528 396 489
364 397 541 536 421 394 511 425 470 519 409 506 442 512 440 426 557 493 560 570 400 545 458 349 500 546 543 451 483 396 534 569 487 367 555 485 449 482 361 450 544 521 444 478 376 452 462 432 375 461 352 548 436 513 363 496 417 469 566 488 420 388 556 446 398 385 372 502 390 439 422 495 562 497 510 366 391 370 537 374 547 414 507 418 474 350 355 438 498 404 471 387 480 565 484 503 479 509 353 413 518
365 485 569 534 563 477 481 421 397 541 418 434 429 349 425 422 478 522 529 443 453 516 509 499 435 416 555 531 554 369 424 557 390 440 449 455 466 504 437 357 518 361 468 462 539 457 467 523 396 469 474 381 498 486 571 551 34 489 494 372 490 380 450 389 439 409 568 354 458 410 540 530 442 562 521 572 505 371 374 382 419 368 480 355 519 459 547 403 532 430 363 413 570 493 367 433 414 420 446 392 537
366 485 435 433 472 498 468 572 443 571 453 383 541 357 449 504 377 406 480 477 467 356 426 476 437 389 411 530 552 399 532 466 528 499 543 350 448 384 459 522 486 450 516 510 469 429 568 531 533 455 551 562 372 369 358 34 441 407 518 470 558 457 424 454 464 397 564 536 505 379 445 529 198 173 351 364 447 401 535 549 354 440 563 386 501 425 489 413 381 390 554 393 365 405 396 452 546 421 380 569 534
367 518 485 377 509 480 541 34 486 369 415 383 508 413 564 173 380 427 535 360 516 464 389 435 357 533 408 505 381 424 387 549 356 447 371 440 536 459 551 437 468 448 552 554 384 568 442 487 449 409 411 495 453 540 472 469 364 512 393 543 406 362 198 501 467 351 462 558 441 439 358 556 572 454 477 498 445 404 428 390 560 532 450 399 443 386 571 401 350 460 421 521 542 365 405 444 407 425 563 457 478
368 383 485 377 474 489 543 354 372 504 466 568 449 350 562 407 356 530 519 470 480 541 472 522 433 355 459 546 429 531 481 361 427 357 413 490 396 403 448 426 529 418 571 478 435 359 440 563 450 547 570 422 528 410 34 349 405 365 468 411 382 533 508 455 539 362 510 173 540 380 552 463 551 369 534 458 457 360 384 447 496 476 518 548 390 441 393 424 516 469 491 558 381 495 442 453 464 549 486 477 443
369 562 405 470 530 359 448 361 489 478 401 463 481 519 410 422 387 386 382 568 367 491 490 462 466 434 535 349 555 365 547 437 474 557 548 445 496 428 500 532 403 354 352 432 371 413 560 362 522 539 570 396 556 377 471 499 375 444 508 558 440 452 520 415 360 571 572 450 385 521 427 406 404 534 372 541 418 510 446 517 366 546 408 504 402 545 513 390 525 482 436 512 388 511 536 529 537 409 429 395 414
370 572 472 571 429 466 529 522 407 356 433 411 405 382 372 562 533 358 539 467 499 455 532 350 481 530 361 568 489 173 504 34 531 379 386 470 359 447 437 552 476 393 468 364 403 390 410 441 443 401 564 440 399 435 384 396 454 547 474 464 351 453 450 528 486 354 543 380 554 498 457 512 198 365 452 519 383 478 406 518 369 490 424 510 501 427 505 381 463 536 426 367 349 549 459 371 377 375 408 509 462
371 396 478 405 435 455 534 457 541 470 450 349 505 397 459 426 486 554 531 372 474 529 466 519 381 504 469 546 485 424 429 421 568 510 383 388 518 539 491 481 516 533 350 551 380 377 446 528 536 403 530 458 369 389 387 489 357 569 367 555 442 407 547 449 430 496 509 433 490 382 563 359 570 522 355 419 410 502 468 434 444 562 556 365 440 452 354 361 443 472 427 173 545 453 385 401 438 526 540 498 420
372 406 378 467 420 516 436 434 496 394 440 430 477 461 499 540 353 526 572 363 368 471 513 398 437 385 483 527 352 451 371 392 524 448 511 542 525 479 533 425 567 502 559 509 508 419 485 357 389 404 512 409 370 386 484 373 486 518 538 565 563 356 379 553 534 503 517 532 454 505 551 537 349 407 569 456 561 535 34 413 507 465 472 383 442 433 431 424 365 469 544 492 478 426 375 494 381 490 387 399 395
373 568 405 522 372 472 382 458 562 530 470 361 541 555 551 396 529 477 531 481 422 571 424 429 359 356 435 569 466 380 427 459 354 518 547 379 403 389 411 358 410 486 504 521 383 505 485 377 478 457 509 418 447 449 501 350 351 173 369 198 454 508 442 440 510 549 34 365 455 421 533 357 516 476 554 364 489 384 399 441 375 469 433 552 564 494 349 393 474 381 534 352 536 539 401 499 519 467 464 480 426
374 522 466 429 546 568 474 562 470 361 350 477 382 539 529 518 531 530 472 357 467 454 410 572 499 571 547 437 403 557 504 411 356 354 498 393 450 459 468 453 435 532 380 396 389 519 505 485 365 351 405 481 489 502 359 457 406 372 491 509 551 383 198 364 486 441 424 440 443 490 407 555 541 422 426 463 564 390 549 543 516 554 501 448 381 447 449 455 377 399 34 173 369 401 552 433 478 533 476 386 384
375 530 382 396 485 377 571 383 397 405 453 518 468 433 477 443 361 562 413 354 448 510 458 478 533 463 543 522 519 516 568 531 422 490 435 359 424 426 442 491 541 403 504 532 547 357 509 466 534 498 411 563 480 401 459 469 481 486 389 528 489 407 390 369 540 482 535 549 555 529 399 372 508 406 558 523 470 507 474 472 449 457 34 570 364 450 546 564 569 502 454 381 386 455 425 476 387 393 447 551 355
376 449 453 472 480 468 571 356 411 198 564 433 476 440 437 406 467 505 540 407 435 572 364 441 443 358 401 533 501 350 498 504 532 393 499 399 486 466 554 386 351 528 529 454 551 543 424 518 477 509 485 562 516 379 372 427 522 455 377 389 447 552 459 383 457 549 494 173 357 569 384 535 371 429 464 381 510 541 34 382 470 416 352 521 526 369 469 445 380 536 421 512 422 375 448 462 539 534 409 365 415
377 352 546 368 350 433 375 466 569 512 434 458 425 455 563 560 531 479 349 359 534 528 536 384 367 478 547 522 407 378 353 515 552 456 496 429 462 355 504 519 510 511 419 173 491 538 521 543 400 490 426 366 371 446 414 409 422 555 529 539 502 391 432 505 541 480 428 494 369 549 481 385 394 442 557 398 403 464 460 452 470 503 484 500 506 526 509 566 471 551 415 416 404 537 408 475 565 486 427 34 489
378 361 372 530 543 350 377 396 539 383 449 571 504 354 552 562 429 522 437 474 481 499 401 384 540 529 472 485 568 489 448 519 464 466 572 477 433 555 480 359 498 435 531 463 569 450 547 356 532 418 411 422 386 467 173 365 455 393 441 541 470 382 355 557 528 447 518 453 533 476 405 501 459 389 510 406 486 357 34 554 536 421 399 457 546 410 535 468 451 462 516 509 349 413 198 478 564 469 381 358 487
379 425 396 422 534 397 355 523 478 434 349 546 528 354 387 530 436 402 531 442 444 506 385 359 543 570 421 568 542 474 372 363 405 537 463 361 423 507 428 439 558 403 563 496 541 519 497 487 450 350 413 414 515 360 555 544 455 412 513 460 452 392 407 456 540 545 433 508 362 548 520 504 410 388 512 445 461 370 409 395 400 489 458 366 470 373 449 481 415 446 353 524 547 377 538 493 500 482 479 416 471
380 489 360 562 432 470 355 535 420 511 382 471 450 569 463 521 500 361 545 367 352 388 530 557 385 359 451 560 371 390 404 410 465 547 452 513 555 405 493 504 422 533 543 502 474 402 507 466 448 522 455 438 494 387 365 418 570 548 514 510 526 462 434 374 529 517 428 558 426 556 478 362 520 540 444 536 503 436 571 495 491 456 546 413 373 353 512 487 392 490 481 429 519 408 445 372 566 568 412 440 363
381 562 470 361 405 359 422 530 489 478 382 463 371 568 560 535 349 354 434 508 403 440 448 352 355 452 367 432 547 385 548 539 455 415 494 365 500 466 418 511 504 410 546 396 413 570 510 445 387 555 428 534 556 362 372 360 531 388 427 519 481 462 450 404 521 409 520 444 557 522 392 542 495 506 474 545 533 402 558 408 496 375 426 517 513 436 451 491 482 465 480 529 541 492 507 429 490 526 460 493 543
382 375 534 425 384 439 349 508 414 34 552 427 539 538 448 480 536 421 419 513 436 492 569 430 496 464 353 369 357 381 490 560 484 523 509 380 428 478 477 173 563 469 473 424 391 415 444 544 449 409 540 404 545 370 494 551 434 459 389 493 570 440 451 374 400 503 479 363 505 362 511 413 537 461 554 373 395 417 442 549 460 516 388 518 541 526 488 468 398 487 423 535 385 462 528 567 495 416 407 371 483
383 434 349 352 546 368 534 458 512 466 478 425 359 455 433 350 375 480 547 531 515 563 536 353 422 519 496 462 569 543 528 426 479 557 355 407 522 560 384 366 456 367 400 511 371 415 510 452 552 414 490 378 555 504 521 538 429 500 432 491 481 409 470 545 446 173 428 566 394 385 404 460 526 539 541 403 562 549 408 372 363 537 471 502 391 529 565 418 484 540 503 419 474 494 506 542 489 482 464 398 523
384 382 443 405 495 470 502 377 548 410 446 383 411 474 491 490 478 458 444 471 425 568 462 530 541 482 349 361 515 473 354 545 421 534 367 423 415 396 477 555 535 366 362 378 523 558 481 556 465 450 409 492 489 390 531 420 453 385 559 434 430 432 397 445 388 359 557 372 569 418 463 387 514 540 438 561 353 521 511 440 485 402 479 539 537 566 403 449 426 553 507 503 529 394 472 404 429 493 356 542 439
385 568 572 530 541 348 467 447 405 468 472 499 411 358 356 437 562 372 543 453 359 429 477 407 547 361 532 554 466 522 379 555 401 443 529 571 380 485 504 403 519 531 469 462 498 564 173 396 381 410 557 474 418 34 505 383 427 546 406 386 422 377 454 478 382 481 448 350 441 549 457 357 369 501 393 518 464 384 413 486 528 489 540 496 539 433 490 450 509 355 533 491 426 198 364 552 442 371 516 349 569
386 480 563 422 458 510 449 369 451 502 490 546 397 548 440 442 372 543 541 491 433 432 545 483 507 426 359 459 470 489 425 411 407 446 494 385 477 495 557 530 355 523 450 528 350 503 482 423 471 455 474 547 556 403 415 558 354 452 396 536 420 559 416 521 370 362 534 361 367 539 375 456 376 444 569 555 566 430 419 405 568 421 533 352 542 508 435 535 371 479 484 360 357 439 438 404 519 366 382 448 538
387 551 433 411 470 459 429 403 379 354 435 546 369 505 571 455 539 472 516 554 547 356 389 477 361 480 528 424 358 530 350 407 522 474 541 173 466 367 371 359 405 504 357 441 549 457 531 486 381 380 489 509 469 372 519 521 562 419 399 563 355 449 351 555 426 529 450 384 198 569 375 552 458 410 534 454 535 34 501 440 490 481 349 382 543 533 518 364 447 464 482 478 442 418 413 422 557 448 510 568 508
388 505 541 485 554 356 472 433 468 173 34 371 453 380 464 411 467 435 543 568 466 571 407 572 396 477 382 455 358 552 425 443 522 469 499 457 486 357 504 449 429 441 399 447 509 381 551 516 359 530 389 372 459 437 424 403 384 498 480 406 369 379 361 397 454 350 364 508 393 458 383 510 562 532 518 377 546 549 401 405 564 351 476 529 198 536 386 555 528 422 427 354 531 426 539 421 418 501 355 569 481
389 489 478 562 349 405 557 361 548 410 560 511 428 422 530 539 556 359 470 504 382 372 448 413 387 535 500 367 534 546 533 568 463 490 452 455 394 362 371 403 566 541 481 466 366 415 474 375 396 434 558 420 414 365 409 508 529 543 352 390 445 465 440 491 427 522 520 432 547 495 374 569 388 451 354 471 408 521 480 570 426 528 402 510 479 512 494 436 519 429 502 444 355 462 373 385 496 545 513 514 482
390 510 470 533 504 480 459 455 570 518 562 435 422 477 568 551 472 357 540 509 534 458 563 419 505 449 365 349 407 380 416 571 485 405 496 478 421 508 494 466 356 448 469 375 515 396 523 414 552 451 503 549 411 372 359 389 404 526 460 542 397 541 433 384 352 559 545 408 382 438 445 512 560 432 403 394 553 369 367 511 173 516 555 536 354 198 482 412 362 530 364 413 535 429 538 385 399 486 418 537 428
391 382 435 571 485 522 477 377 568 541 504 351 454 449 383 350 562 481 529 533 472 357 407 406 466 437 450 356 372 426 405 564 401 433 572 543 447 467 486 531 510 453 361 354 198 399 480 499 468 530 364 410 501 518 369 551 397 463 422 418 557 411 429 421 498 358 386 455 476 552 509 424 569 371 379 535 390 489 443 532 387 554 549 441 474 393 381 546 516 540 415 413 384 34 462 528 547 355 396 534 558
392 572 372 571 504 541 530 405 361 543 531 481 356 485 490 568 472 505 411 354 429 396 477 466 34 522 350 554 422 379 357 539 406 381 433 380 486 474 546 518 519 551 407 437 173 457 443 455 468 449 467 453 516 510 369 435 562 358 359 529 384 464 447 426 401 547 365 450 499 410 383 555 528 533 491 390 469 478 459 489 382 442 498 351 403 552 389 364 424 564 476 532 454 386 377 534 480 448 509 521 441
393 541 409 397 458 394 546 536 512 442 421 482 426 569 544 493 521 511 355 506 432 531 500 396 557 452 503 560 422 374 398 462 425 367 519 487 537 513 534 400 385 363 507 497 455 483 349 353 479 415 570 538 566 461 376 436 434 470 565 403 446 352 388 408 484 555 478 375 471 372 526 370 523 496 491 449 495 488 548 450 439 444 561 481 474 510 420 556 445 412 438 360 465 419 402 456 515 404 502 440 533
394 429 568 530 531 372 481 485 476 405 522 393 543 466 364 399 571 477 361 418 433 441 541 529 350 504 359 501 443 358 450 389 411 357 468 489 435 351 455 354 383 198 377 570 564 459 486 356 453 449 562 397 472 426 407 447 490 410 382 510 355 563 448 390 572 534 396 421 509 518 401 552 422 551 547 463 413 533 173 384 498 539 362 528 406 557 474 454 516 546 491 569 467 558 464 381 532 34 386 499 437
395 429 356 411 358 466 529 568 455 382 504 543 522 485 571 472 407 549 350 372 531 562 433 447 435 396 509 530 533 572 468 426 481 449 453 379 450 443 369 459 476 499 359 470 490 399 354 389 528 427 510 440 498 357 383 454 401 441 364 516 546 410 539 386 551 198 34 422 437 519 480 393 547 367 351 501 173 569 361 377 518 474 467 405 557 418 424 502 469 457 532 462 477 540 555 554 406 487 564 486 505
396 379 371 375 415 34 477 437 358 480 511 448 549 572 462 427 411 496 467 362 430 406 352 378 540 559 173 556 501 516 449 503 564 495 508 525 532 512 440 517 348 419 454 539 408 404 473 498 484 451 198 443 499 436 524 551 552 485 505 526 388 400 357 571 457 385 413 365 486 369 447 494 569 465 464 389 381 535 459 468 393 479 554 424 373 390 384 544 509 453 493 356 518 472 407 353 392 364 502 435 560
397 379 352 364 454 365 462 501 427 375 371 441 403 351 491 401 494 173 549 393 512 564 399 511 448 386 408 198 489 533 362 476 358 34 508 468 411 532 464 539 447 529 535 445 428 359 560 361 437 569 356 502 537 566 478 568 406 548 467 412 556 530 404 552 394 382 390 450 536 499 493 410 503 470 434 384 495 522 490 366 372 466 526 388 572 440 488 349 517 443 409 521 431 474 383 423 558 472 377 391 429
398 530 568 531 549 474 372 450 481 354 489 361 410 519 485 173 562 427 546 405 448 543 480 455 429 382 501 377 435 504 572 34 508 393 447 468 490 539 571 449 441 547 433 383 356 411 478 522 470 407 564 443 399 198 364 359 396 472 510 466 477 358 351 355 476 548 563 357 570 367 445 459 557 528 533 350 463 349 491 442 397 390 454 534 558 362 418 518 426 540 453 552 384 464 401 421 406 458 467 379 555
399 409 544 421 415 426 397 511 493 519 452 500 394 541 546 536 560 444 521 512 455 537 442 543 545 404 353 400 366 432 570 495 531 375 487 503 388 372 363 506 492 387 510 479 425 465 540 557 556 360 462 445 355 491 565 558 402 508 367 398 470 352 408 502 422 376 450 548 390 350 526 391 461 446 458 362 439 385 482 396 507 419 417 513 566 542 395 518 539 370 473 407 436 480 485 466 365 420 474 481 534
400 568 572 571 504 361 354 383 562 382 485 358 448 377 433 468 530 411 396 476 407 489 359 405 477 470 399 364 541 447 437 472 356 435 531 198 350 426 393 441 410 351 505 406 454 453 528 481 355 501 463 403 379 498 522 429 543 467 499 380 443 546 533 422 449 455 535 510 554 551 459 564 357 519 518 509 534 486 389 173 469 532 516 371 34 466 381 384 413 474 552 401 386 372 425 547 367 478 424 369 480
401 480 563 369 458 502 546 510 397 451 449 440 433 432 541 442 385 426 483 411 422 407 490 446 507 528 548 459 425 494 503 470 350 543 521 491 423 375 536 495 479 355 489 513 378 420 372 456 477 359 471 559 533 436 439 538 352 545 419 455 482 556 376 409 484 525 430 557 474 569 547 391 523 403 394 435 367 450 371 497 452 539 534 357 366 566 354 396 416 415 488 542 511 535 370 475 530 444 388 392 360
402 466 529 34 539 472 468 173 379 356 429 435 411 568 562 522 505 453 459 427 554 474 481 407 450 447 380 509 426 549 470 571 358 531 359 449 480 516 486 551 533 369 433 485 350 424 519 572 389 399 443 381 499 532 504 464 410 440 384 498 489 477 455 467 361 534 448 457 540 405 476 552 469 349 382 518 441 393 454 390 546 375 564 364 569 541 357 198 501 547 386 403 490 502 437 510 352 557 528 478 422
403 480 449 543 508 509 440 387 397 424 435 407 477 486 540 518 563 448 487 442 457 529 421 511 419 485 551 34 572 516 381 443 385 495 498 541 453 357 445 371 369 352 569 375 558 459 437 444 415 389 425 414 535 560 561 379 383 539 468 526 374 377 427 549 534 552 467 349 426 356 571 503 413 499 368 493 446 537 433 420 501 362 460 406 350 514 536 386 173 451 464 465 411 462 554 472 416 390 388 532 363
404 568 354 474 433 531 533 34 356 429 571 504 411 472 510 382 485 522 372 173 468 464 396 380 541 457 516 443 453 543 466 481 405 355 455 435 530 410 476 399 383 529 350 528 489 534 426 572 449 502 546 422 552 547 397 390 357 369 381 554 459 501 407 562 377 424 469 441 518 358 367 361 427 564 491 549 359 563 490 470 349 477 448 198 486 447 458 384 551 505 467 478 569 364 509 386 393 548 351 389 425
405 369 540 449 363 350 552 569 371 381 536 486 543 528 457 505 480 385 384 445 433 413 440 421 545 571 375 507 469 394 389 495 516 373 424 430 537 502 420 494 464 460 370 414 471 409 559 503 535 443 422 459 554 392 419 483 453 524 362 357 398 379 511 556 561 431 512 390 498 435 551 352 438 506 439 404 473 454 387 380 484 407 360 34 416 458 400 444 461 437 446 565 415 546 563 436 417 412 558 560 408
406 372 489 546 415 350 480 510 446 541 396 422 359 563 450 455 557 362 569 474 502 534 426 432 482 458 547 363 535 452 451 459 434 519 366 361 433 555 442 490 481 483 522 531 349 539 385 543 548 470 530 471 515 420 521 428 528 376 466 397 545 375 504 367 413 418 369 566 473 391 425 495 478 403 400 416 392 414 173 487 523 496 388 560 479 494 407 448 529 488 469 491 568 552 556 429 423 449 430 445 374
407 530 361 450 470 427 482 545 446 555 495 428 403 489 458 377 362 370 496 383 558 474 415 462 385 511 460 478 491 368 542 548 417 440 517 448 430 173 349 401 535 390 451 354 471 473 409 434 565 34 445 387 503 444 388 452 479 431 372 449 540 400 418 413 553 405 515 410 371 386 490 359 508 402 536 420 375 432 425 395 352 539 396 382 547 422 436 523 506 521 520 532 541 391 461 463 570 524 567 376 394
408 530 568 531 485 571 361 470 474 354 562 443 455 429 453 449 477 397 450 504 357 433 480 468 396 546 359 367 426 534 510 547 516 383 459 498 490 34 435 522 549 457 405 427 390 369 410 372 478 554 377 389 382 349 509 481 543 380 519 418 501 467 491 551 381 541 563 399 393 502 529 355 411 528 351 350 447 569 505 472 476 489 407 425 173 437 356 557 441 466 469 198 442 572 555 521 486 406 386 464 401
409 530 562 568 399 571 474 393 501 359 470 504 485 564 448 198 547 489 522 468 351 450 429 466 454 361 476 433 441 34 348 405 382 418 481 349 529 372 443 463 549 516 531 453 364 358 407 377 477 383 435 457 354 410 173 422 519 557 458 505 563 478 459 426 546 367 389 554 449 365 541 490 447 569 427 480 455 552 384 502 381 551 464 424 572 357 491 350 543 486 401 534 498 558 539 555 379 369 548 356 397
410 477 357 526 569 552 480 369 352 440 389 350 415 384 485 34 528 398 494 419 505 449 496 508 464 462 518 536 451 424 509 534 459 380 516 523 457 563 484 349 425 420 511 492 551 540 566 539 385 374 409 510 407 559 404 353 381 442 421 520 439 487 507 427 521 468 549 414 434 443 554 371 433 490 444 503 498 495 486 365 435 426 400 469 543 537 363 173 560 567 394 397 408 453 428 533 368 456 379 558 478
411 450 541 421 537 387 425 430 530 444 508 385 422 570 396 566 404 493 353 402 545 547 462 370 434 384 363 395 512 418 481 359 436 497 445 496 484 439 452 565 523 562 542 491 354 500 455 401 470 417 442 388 506 504 560 489 503 428 463 416 465 350 546 397 400 568 515 394 555 458 412 488 375 511 376 414 386 366 536 361 529 544 349 478 374 415 355 392 423 367 548 557 413 563 534 519 531 558 390 540 419
412 485 572 468 454 411 518 477 448 509 498 405 551 562 397 357 379 459 424 453 443 541 568 486 554 358 449 516 380 390 490 457 530 549 361 480 435 351 426 198 356 393 382 349 474 469 410 519 381 472 505 447 173 364 476 540 359 437 377 34 425 458 478 535 371 427 534 501 413 445 389 383 502 440 564 399 441 546 470 571 499 451 354 386 464 396 521 365 401 522 543 421 372 489 557 491 415 384 467 463 450
413 466 529 536 435 429 405 427 470 531 522 568 554 375 569 549 367 455 454 389 505 426 382 462 369 494 533 396 407 478 424 350 447 481 571 457 372 518 381 433 356 458 551 496 357 351 546 368 379 469 411 352 521 491 419 474 403 472 416 442 406 511 563 555 547 516 504 385 512 477 380 486 564 422 490 528 459 519 501 548 359 539 446 390 480 394 450 441 198 507 541 502 562 173 526 365 509 355 476 561 485
414 568 382 477 531 359 529 470 405 485 443 572 486 383 571 454 472 377 499 450 510 541 361 539 351 516 551 411 489 403 429 447 389 466 504 410 390 379 354 505 445 458 481 501 356 554 433 426 502 358 396 418 533 406 357 355 491 455 474 453 457 490 462 519 467 530 555 369 364 512 421 437 365 435 407 473 441 509 548 528 562 518 547 468 557 446 522 381 498 459 564 469 425 532 399 380 449 401 432 372 397
415 571 396 359 533 490 406 568 468 437 485 472 433 499 476 498 572 522 350 440 429 399 410 407 367 173 382 478 361 383 467 481 474 504 555 453 552 427 532 458 354 469 529 34 454 562 449 464 447 403 541 470 381 348 389 426 443 424 446 384 411 489 505 405 569 369 547 501 435 531 528 536 377 521 512 372 534 441 356 518 386 442 355 530 393 448 491 539 418 462 502 540 509 486 549 455 477 351 358 379 349
416 472 489 522 354 433 448 365 447 510 453 356 474 411 443 358 390 470 458 568 454 361 405 468 543 562 466 359 382 427 533 429 34 413 572 530 558 541 478 481 450 426 377 372 406 531 552 383 498 403 463 386 532 539 425 362 396 360 571 449 446 401 496 485 504 546 349 379 480 467 437 519 464 380 434 384 534 564 535 364 418 173 397 529 491 462 407 570 476 355 502 410 424 477 422 490 501 457 442 528 555
417 571 429 568 485 531 356 433 562 407 481 411 361 489 350 382 472 477 504 354 572 466 522 447 405 357 359 173 470 468 474 34 519 450 435 478 358 546 364 480 528 533 448 530 476 449 549 547 534 384 453 399 355 518 464 459 396 501 437 541 403 499 552 441 467 397 454 551 516 498 422 393 380 529 540 410 564 543 351 509 198 379 443 505 426 389 349 469 510 427 555 369 418 424 413 381 455 486 491 401 554
418 480 518 365 505 433 453 449 491 459 357 516 468 411 409 572 498 486 443 350 394 540 549 173 495 554 536 533 440 407 34 385 381 551 490 543 435 424 419 437 380 383 445 464 457 532 406 456 368 467 472 552 369 487 414 502 447 427 503 528 384 408 352 451 508 509 360 415 511 448 493 423 539 442 390 446 499 484 382 421 364 563 460 496 477 378 444 482 358 377 391 379 375 556 373 389 561 356 455 198 485
419 562 448 361 504 530 382 422 531 470 522 568 571 478 489 410 372 474 403 377 463 390 533 452 396 405 466 359 349 539 547 437 519 529 535 434 429 555 418 354 498 362 510 450 508 546 371 413 543 383 502 411 387 445 548 558 481 401 443 472 534 355 570 365 541 426 467 455 356 499 386 521 433 34 351 532 557 415 572 491 399 468 406 476 393 447 556 460 560 364 453 490 512 441 427 569 520 528 367 173 480
420 530 372 568 359 572 361 380 522 477 562 571 466 467 429 474 529 405 455 450 534 354 481 504 539 472 485 498 426 350 509 443 499 489 463 410 478 433 448 532 468 518 357 407 453 351 389 406 531 533 505 401 546 349 396 437 470 403 547 457 382 447 355 464 384 356 543 454 422 358 449 552 386 424 421 364 34 564 198 516 554 551 411 371 369 435 490 393 383 377 486 365 501 381 557 427 399 413 491 441 519
421 476 478 411 474 356 472 470 365 427 361 382 352 572 464 489 501 405 441 450 399 198 531 173 437 564 440 533 548 351 433 364 546 522 371 508 403 496 393 447 379 467 34 466 552 565 354 448 429 430 453 358 480 454 491 555 571 468 390 446 519 463 384 410 348 349 536 471 458 529 502 534 452 504 549 443 562 498 359 442 510 432 420 481 394 532 540 383 568 350 499 482 541 426 355 406 367 490 513 386 547
422 486 379 381 516 554 419 386 411 383 365 467 495 498 457 477 572 357 369 532 356 502 509 469 390 424 430 406 389 505 468 518 447 426 405 485 462 454 401 451 446 435 459 375 437 358 551 441 564 377 501 472 443 499 433 409 478 482 465 380 385 453 539 549 448 491 393 442 407 535 362 511 445 198 404 540 427 373 173 392 464 471 476 524 420 368 521 526 351 513 413 508 487 541 394 522 556 399 425 364 440
423 571 472 356 481 533 485 447 354 504 499 350 467 490 173 531 34 572 379 361 519 401 382 348 384 411 427 543 358 562 547 552 396 386 464 546 468 429 466 407 529 437 470 372 455 474 522 458 555 433 406 528 418 518 403 383 448 530 397 569 532 510 489 453 380 410 359 486 365 509 501 377 557 364 539 357 450 435 463 426 449 516 369 198 476 443 440 399 355 424 564 568 549 551 441 405 381 459 554 422 351
424 463 530 361 489 359 562 352 448 403 568 452 405 510 422 500 455 539 382 371 470 445 555 542 355 533 365 410 387 481 511 491 570 375 474 560 557 512 367 466 354 504 547 558 548 413 546 432 495 520 429 535 531 521 494 415 418 396 478 460 372 362 426 522 482 436 471 529 428 412 541 373 514 508 543 409 360 519 404 462 388 402 493 450 569 490 366 502 420 545 465 349 544 451 556 484 506 437 434 473 390
425 379 571 382 34 173 411 383 377 540 365 533 429 356 464 454 572 481 529 372 470 364 562 494 569 455 564 549 519 547 522 552 427 198 504 447 384 546 548 401 466 410 350 487 386 403 489 501 541 388 557 441 359 348 450 539 354 472 532 437 530 407 499 502 351 393 453 406 555 358 433 452 467 510 426 399 443 526 480 495 446 531 440 498 476 448 568 445 521 360 422 416 375 458 352 493 449 512 491 536 363
426 549 462 427 572 530 499 446 371 481 441 383 173 501 560 399 443 554 453 362 198 422 475 361 565 401 515 406 440 460 536 547 393 496 476 413 467 526 377 491 420 375 535 564 558 437 408 34 364 450 508 451 493 386 494 448 537 366 489 478 532 463 351 516 519 415 482 402 555 430 512 409 404 492 372 464 424 403 490 471 447 428 368 380 400 394 410 548 524 414 425 416 474 353 542 469 352 438 387 391 480
427 407 535 445 382 421 455 397 426 481 531 413 557 354 519 396 429 560 473 433 463 545 477 485 359 439 362 504 367 510 398 425 415 363 555 547 361 489 533 430 355 530 402 448 541 536 568 484 357 465 543 385 528 537 487 410 493 518 456 403 486 469 502 471 470 368 423 416 466 452 483 503 444 381 474 570 539 422 369 409 389 408 509 542 569 372 521 352 462 546 495 505 383 418 373 377 457 404 554 525 512
428 485 571 407 443 382 435 389 499 433 481 562 486 572 505 498 457 453 449 568 468 411 369 546 472 554 516 358 467 509 397 356 474 429 383 455 377 477 450 379 551 357 406 381 459 502 426 469 380 533 424 528 470 437 529 410 531 367 466 458 518 350 390 519 522 530 448 541 490 354 540 489 504 557 359 396 539 447 361 491 555 480 386 416 421 454 532 401 440 418 442 547 445 403 476 462 569 535 422 364 399
429 394 558 413 508 387 374 365 480 570 523 395 460 370 425 430 420 479 404 427 417 544 458 487 415 402 483 520 445 385 448 502 409 451 360 434 536 377 526 535 371 449 471 408 527 517 545 495 482 349 511 538 439 465 515 383 566 553 436 516 491 421 518 567 496 521 556 432 461 488 507 431 537 362 540 542 368 428 470 456 398 414 424 419 513 559 378 477 444 469 494 524 505 478 563 565 392 459 416 388 366
430 356 472 359 448 411 530 34 467 372 562 382 354 519 429 490 489 405 361 396 422 450 173 443 407 572 466 421 522 437 571 531 427 433 533 350 453 481 499 463 480 546 371 470 464 426 552 358 455 547 498 355 534 468 384 564 543 539 349 401 532 449 557 477 502 406 504 386 478 410 510 365 474 491 549 528 377 380 555 362 434 403 390 357 351 446 568 447 413 393 452 364 476 441 415 535 367 440 399 529 198
431 530 477 447 468 405 407 429 481 531 485 433 571 543 490 372 34 562 453 450 361 443 455 396 510 522 568 572 519 359 356 383 350 489 546 354 466 357 369 397 467 504 377 509 448 358 529 382 472 463 411 498 459 528 516 427 173 435 539 380 401 470 480 437 426 389 478 474 355 508 499 384 547 518 555 410 541 442 551 424 349 534 406 422 486 533 554 464 457 469 549 381 386 532 557 365 413 379 552 449 364
432 499 467 572 532 380 457 440 468 34 498 453 466 349 485 401 516 443 437 406 477 529 522 356 505 383 386 539 448 369 381 429 377 478 472 530 424 393 564 454 399 407 534 490 554 464 358 359 198 486 357 173 462 501 502 389 435 455 509 364 481 384 372 351 390 434 421 441 476 489 350 549 447 382 518 560 552 551 450 568 411 536 528 354 495 445 463 361 531 425 459 491 474 375 535 433 427 379 394 558 470
433 462 377 387 511 536 444 383 526 405 478 487 418 349 556 404 415 545 440 375 366 500 493 482 535 530 427 370 401 416 388 421 559 428 409 353 565 494 474 532 503 450 517 525 557 537 417 540 408 479 394 515 495 361 555 386 451 465 400 560 568 514 490 489 558 566 406 483 430 508 368 420 473 422 538 491 436 362 461 520 456 499 547 443 431 371 376 481 413 506 496 372 519 446 498 471 512 382 463 524 521
434 562 383 571 443 453 372 377 379 468 435 437 365 572 445 481 530 533 429 411 551 472 361 369 535 350 382 381 552 356 498 463 459 541 407 406 531 536 486 543 419 450 521 518 389 504 447 470 547 554 499 410 467 442 380 509 354 433 371 358 539 529 489 384 397 532 357 462 432 505 557 464 34 448 510 393 564 495 466 451 568 540 359 424 452 390 560 522 375 413 546 454 430 352 421 455 386 485 362 512 360
435 491 489 371 359 560 446 436 463 413 434 511 366 520 360 521 403 387 352 490 535 502 390 503 402 450 452 448 428 479 363 365 361 519 391 445 556 508 530 542 422 355 388 367 375 500 462 512 513 362 548 481 482 478 409 405 353 566 526 517 349 488 404 394 418 558 398 555 473 495 514 537 396 408 354 494 374 400 539 474 415 492 456 410 524 432 506 376 368 525 395 461 373 417 538 515 465 570 487 484 493
436 372 435 572 382 486 568 543 379 530 562 466 361 459 357 571 554 411 450 429 356 531 551 485 396 477 457 505 358 359 433 348 522 453 504 472 509 499 447 541 405 407 468 350 424 467 173 443 351 529 401 549 501 518 380 476 516 364 369 563 442 455 389 547 481 393 34 454 410 381 462 510 354 198 564 437 384 470 464 386 441 399 489 463 469 557 474 552 546 427 532 519 480 498 449 421 539 397 383 377 426
437 458 396 434 415 510 563 541 482 385 372 421 546 497 534 523 488 558 432 545 369 359 349 455 442 365 422 440 491 430 502 426 565 544 548 403 474 495 480 450 528 439 446 419 366 397 459 367 490 469 374 405 378 569 515 521 400 425 568 543 444 531 418 478 511 530 449 522 376 513 452 552 451 556 363 420 483 519 494 539 496 489 391 350 508 433 471 360 473 362 428 423 388 566 503 547 466 438 538 507 370
438 572 571 350 504 543 562 358 405 531 466 481 380 441 359 467 429 552 447 532 354 541 486 390 426 382 433 411 437 448 453 472 477 384 564 568 455 498 518 435 356 371 499 464 34 443 396 516 407 489 364 389 554 372 386 393 528 459 468 522 509 198 397 401 476 361 173 533 355 510 357 530 470 535 365 351 480 454 519 551 403 549 463 424 505 450 457 529 415 399 501 379 546 432 425 381 445 458 410 569 369
439 382 472 450 568 350 572 356 427 411 474 429 499 529 34 173 359 519 533 571 466 530 437 405 379 348 410 358 354 470 447 489 455 481 501 464 365 547 198 351 367 467 355 401 361 433 372 453 468 407 562 454 543 549 510 539 364 564 552 490 522 406 399 393 384 532 386 441 505 485 440 504 463 426 422 491 443 546 452 498 462 548 448 396 377 371 540 478 403 557 476 435 551 383 528 555 349 518 536 502 554
440 530 491 571 470 562 568 443 452 372 405 442 403 453 531 432 433 555 498 454 410 421 415 477 401 474 362 546 361 386 359 481 570 382 407 355 468 426 547 396 446 365 354 510 535 381 532 466 437 351 504 455 469 364 502 533 521 418 356 367 34 522 549 544 459 558 360 499 369 376 554 556 472 528 357 551 457 519 389 429 464 564 458 368 486 411 463 569 425 495 371 516 447 500 444 450 451 548 380 397 505
441 541 421 397 426 536 557 500 409 511 442 394 506 544 512 422 569 387 425 521 458 519 560 546 444 513 385 438 495 452 470 388 349 534 482 526 396 367 485 461 400 537 353 558 398 556 376 366 570 415 479 543 404 555 352 450 507 432 503 493 463 487 483 545 474 462 563 413 510 548 372 509 370 455 374 488 566 439 363 539 478 402 414 355 382 360 471 481 408 518 350 561 484 440 436 498 531 403 359 445 491
442 454 572 448 571 440 447 489 498 358 449 379 351 403 453 401 443 393 386 499 564 562 359 468 441 470 411 198 437 364 375 536 348 511 406 382 472 530 399 532 540 356 463 371 467 361 410 462 474 377 510 372 367 501 481 422 485 541 354 522 349 533 434 413 535 568 502 490 514 365 421 519 476 383 415 491 355 480 446 436 557 450 445 504 494 466 558 173 520 385 418 546 427 552 503 390 465 548 458 493 362
443 552 350 434 440 384 349 534 541 563 508 478 496 428 375 544 464 512 366 365 542 511 426 479 560 408 546 538 442 414 432 405 385 458 430 409 418 403 502 545 523 519 471 416 510 394 396 555 536 456 537 420 404 547 422 352 354 543 515 489 513 451 557 488 482 388 415 360 433 504 363 355 483 522 503 521 494 500 173 410 548 528 566 568 465 559 484 436 421 353 412 570 526 452 569 431 425 359 376 419 407
444 34 173 572 433 411 528 356 464 379 481 382 359 472 533 399 499 477 552 384 516 478 476 549 407 571 403 569 354 405 502 489 350 467 505 510 429 369 470 437 501 441 355 358 427 486 198 466 522 519 410 371 529 381 364 485 447 380 448 532 564 554 440 468 357 453 568 450 469 386 389 551 454 435 393 367 508 458 490 418 401 555 390 361 462 351 459 406 498 491 424 509 455 443 541 420 518 562 457 474 546
445 478 470 427 405 434 490 496 466 522 505 534 429 541 485 571 477 350 34 516 435 173 411 424 356 554 349 359 529 519 472 481 369 549 502 555 491 403 407 568 464 528 397 572 454 518 546 357 551 469 531 453 351 474 504 547 468 563 381 355 455 422 418 458 543 476 361 414 389 509 548 419 354 396 498 521 390 510 447 384 536 367 433 382 399 552 380 379 198 352 562 442 425 486 366 406 569 459 457 565 449
446 435 407 485 426 533 543 552 406 510 562 384 532 480 504 477 440 449 467 422 468 401 554 354 472 377 371 350 470 571 383 437 357 421 386 361 415 557 405 572 551 518 499 534 433 528 509 464 521 382 448 454 455 403 498 453 535 369 546 563 356 411 425 545 569 459 442 469 452 489 358 364 393 413 541 568 418 530 481 379 399 507 351 416 198 564 355 389 447 34 429 508 463 365 516 570 445 549 397 558 430
447 523 385 546 456 506 442 479 545 352 422 416 423 363 421 537 483 471 425 570 497 431 534 541 415 536 367 397 482 517 525 500 538 458 560 413 396 402 400 414 439 473 434 436 515 543 354 511 417 484 449 461 388 519 398 426 438 372 507 409 524 569 493 394 555 353 561 420 395 444 512 462 521 418 355 526 528 350 349 450 440 445 558 502 478 494 508 452 548 567 520 530 391 495 563 370 566 360 547 432 451
448 529 466 536 563 442 369 430 419 458 554 382 455 551 396 352 424 409 505 528 569 556 372 457 491 469 454 462 435 429 543 403 416 470 397 375 546 459 545 568 450 565 511 486 389 407 547 400 359 381 512 541 421 537 351 516 432 398 494 451 426 360 427 350 420 531 474 522 526 471 507 549 367 390 412 422 385 366 478 380 509 539 566 355 548 433 561 523 446 368 532 502 378 452 353 497 493 357 444 394 555
449 405 403 521 560 359 466 481 494 539 362 482 386 376 418 532 442 401 368 529 548 382 429 491 572 410 522 396 542 408 492 490 512 366 555 390 378 502 446 479 34 365 536 354 568 428 557 524 463 499 544 537 452 500 487 415 519 361 407 511 465 353 535 371 454 470 571 173 462 488 517 391 531 388 455 367 437 489 541 447 409 404 356 527 394 402 458 364 398 461 504 387 562 475 478 375 547 464 569 352 533
450 411 407 540 569 533 494 518 371 462 541 356 472 571 510 421 505 551 439 398 512 409 357 349 435 380 430 420 534 406 521 459 433 486 532 408 448 482 436 468 509 496 572 492 563 414 516 394 490 426 552 455 352 528 437 469 538 428 543 434 454 425 402 536 477 451 485 511 386 458 508 461 542 379 476 365 366 457 419 374 559 545 524 497 453 369 504 198 381 502 558 471 564 554 384 478 397 364 431 391 416
451 568 474 522 531 530 455 532 466 386 372 401 504 429 359 490 481 529 499 491 382 547 489 422 410 380 407 433 396 472 406 571 426 539 448 354 546 443 533 355 450 467 361 457 364 572 534 390 356 510 437 498 351 519 509 454 389 543 403 462 468 485 34 453 463 418 405 440 478 447 434 424 362 377 381 449 470 535 452 445 383 528 367 352 505 357 411 350 562 349 512 521 516 413 397 570 384 464 551 496 552
452 477 486 440 480 516 505 424 554 472 518 457 356 435 485 399 411 541 383 419 551 478 534 406 467 449 389 381 407 532 380 454 522 349 357 393 173 508 549 536 499 369 377 476 427 441 421 350 528 437 501 539 453 552 379 569 198 425 509 564 443 448 468 529 364 466 351 563 386 371 572 447 494 358 571 429 446 401 498 459 464 34 375 568 462 490 434 405 390 512 451 558 397 384 469 514 445 439 430 570 504
453 534 434 349 478 482 440 512 418 541 375 458 538 376 432 385 508 365 366 545 490 426 489 548 442 546 542 408 537 388 570 511 350 502 479 483 409 515 428 415 552 560 544 416 402 405 403 536 456 421 360 474 471 496 404 363 430 557 526 445 436 495 494 422 503 563 566 528 420 523 484 455 547 525 362 396 568 555 543 524 497 367 513 374 354 493 394 450 425 359 491 510 452 539 488 352 519 531 412 446 431
454 442 397 539 482 560 508 440 362 425 448 409 352 512 535 569 531 413 422 455 519 496 495 396 481 414 412 421 372 415 374 534 543 416 349 405 445 452 558 493 449 460 450 391 385 432 363 480 542 511 478 536 570 465 541 446 497 555 526 500 544 506 487 510 490 557 451 367 458 400 473 350 361 420 521 439 520 483 366 429 528 546 388 375 353 565 461 466 436 463 523 491 444 530 387 548 355 563 376 489 484
455 471 371 383 535 377 427 477 448 451 495 390 469 549 362 496 517 420 424 387 349 479 406 408 413 515 540 462 498 502 520 454 411 516 425 554 437 365 475 399 499 440 488 395 508 523 389 532 490 509 518 450 381 459 404 542 388 558 394 34 428 398 370 556 453 467 439 567 460 449 380 476 538 551 478 357 445 548 491 480 527 366 458 379 470 446 560 482 173 545 409 386 405 430 468 512 351 559 562 432 572
456 562 34 571 447 468 530 377 361 383 485 356 173 453 568 443 470 354 474 504 372 433 429 522 472 572 519 427 541 401 418 435 359 481 358 379 380 564 357 396 531 382 410 448 466 467 463 533 386 529 450 405 549 464 406 498 437 499 411 393 486 539 384 518 489 551 399 490 509 476 454 351 547 477 441 501 510 381 442 364 548 413 552 543 469 407 369 516 397 350 403 452 198 459 532 424 458 389 426 558 480
457 562 463 359 371 489 405 481 432 422 361 352 470 530 448 452 355 403 500 504 428 535 508 533 519 462 560 436 410 520 404 365 396 409 360 568 466 539 362 521 478 413 387 388 354 511 557 491 548 547 513 522 542 451 555 450 531 385 363 418 440 408 506 556 420 496 460 375 382 569 366 427 494 414 529 546 429 482 544 517 374 474 445 412 392 490 538 415 402 406 487 512 507 510 558 368 367 570 437 349 537
458 480 498 34 437 383 572 540 448 532 377 467 468 173 401 499 386 530 453 407 429 535 356 464 393 571 466 198 529 375 543 443 390 522 549 406 384 487 541 415 564 358 371 416 373 411 462 539 501 405 447 409 552 494 493 472 441 364 450 413 465 504 421 476 526 477 351 352 445 449 455 414 560 534 365 533 440 568 454 528 489 558 362 512 423 481 379 428 536 474 495 348 425 387 363 388 508 349 399 427 404
459 489 530 361 359 481 462 387 511 390 562 491 371 512 555 463 418 522 352 474 436 539 547 448 450 504 382 519 546 405 422 434 410 402 548 406 466 401 529 403 570 478 386 517 520 368 558 521 455 500 363 367 437 375 440 470 396 355 532 408 409 498 494 366 568 394 464 510 557 429 499 374 490 428 531 572 484 354 412 565 542 493 360 404 388 552 446 373 503 413 524 372 502 427 365 467 445 395 452 556 536
460 481 485 568 529 466 429 405 407 426 522 469 554 571 350 382 356 454 383 472 490 516 424 358 455 505 377 474 379 390 403 548 551 457 354 359 450 470 478 518 351 504 367 539 468 447 459 533 361 435 411 476 418 562 477 380 499 34 546 410 501 381 491 437 419 458 510 389 480 528 530 534 375 557 427 349 433 555 509 453 393 519 399 396 440 441 397 547 541 502 564 532 464 416 572 486 198 173 443 569 364
461 530 372 361 359 562 382 356 468 531 350 429 472 433 571 405 470 568 572 450 447 564 407 396 549 543 441 522 449 489 435 364 476 455 379 393 486 466 454 504 474 501 198 528 478 173 555 541 427 355 399 554 477 411 440 546 529 516 453 443 357 499 426 354 351 480 358 533 384 552 485 369 467 547 457 410 424 401 509 510 557 462 518 490 464 551 519 418 367 469 481 380 534 421 532 437 539 498 403 349 389
462 433 546 350 459 173 541 502 397 34 450 426 510 354 396 383 563 528 361 448 516 407 571 411 377 369 480 535 489 464 455 410 508 552 422 543 568 539 530 519 457 365 435 362 384 534 547 413 356 504 570 385 458 485 518 558 442 449 549 482 198 382 522 349 477 481 359 351 393 380 548 381 470 469 551 486 432 474 367 372 355 491 447 533 364 531 472 529 427 405 403 399 424 451 434 555 490 429 478 415 414
463 457 554 424 551 435 369 469 516 480 518 459 427 563 381 380 505 534 496 356 540 375 419 464 409 509 485 569 434 349 449 411 389 486 379 420 352 511 552 533 430 442 491 426 357 549 421 536 472 477 502 478 545 173 433 528 490 407 566 440 400 384 451 416 350 441 501 456 508 556 358 394 454 494 455 34 541 368 378 447 510 458 523 446 391 439 471 374 537 431 425 432 398 559 521 436 525 564 484 423 503
464 470 421 541 495 444 382 425 443 545 477 458 405 534 362 462 531 410 478 463 388 473 367 404 354 349 490 548 474 515 535 569 415 445 397 568 530 481 502 471 396 430 507 555 512 432 377 439 426 459 446 562 418 485 537 361 557 372 357 489 465 423 411 523 409 440 491 420 422 385 506 383 482 378 449 403 429 353 493 509 540 539 559 561 366 521 434 503 479 359 529 536 402 558 547 492 466 452 566 438 551
465 474 562 354 568 510 468 470 472 356 429 571 530 549 433 411 552 380 350 531 359 490 504 505 546 449 485 422 427 533 361 358 572 396 522 372 476 543 458 454 443 489 389 384 541 464 478 466 509 399 481 403 516 407 435 453 551 501 348 499 405 491 198 424 529 447 554 462 528 381 369 450 351 442 357 382 393 406 477 548 365 457 502 371 364 521 386 355 564 410 173 518 547 349 539 390 534 437 441 379 440
466 413 448 383 377 374 402 508 449 460 487 370 445 480 483 451 420 469 565 368 436 545 371 432 521 409 540 495 536 471 394 385 458 369 360 542 482 526 566 559 362 395 516 520 430 535 421 365 440 419 544 502 537 439 527 459 388 475 357 387 511 424 425 517 554 515 404 518 375 389 479 417 381 438 457 488 390 570 514 491 366 553 416 556 494 414 496 380 427 406 558 392 505 444 551 391 549 538 509 465 477
467 510 372 541 385 545 458 432 482 471 430 422 420 396 546 359 489 415 530 474 355 421 446 426 388 503 568 543 423 495 488 360 452 513 470 497 374 569 366 370 428 539 365 563 491 548 442 480 558 507 523 350 502 444 528 535 490 451 455 521 403 362 434 565 438 566 436 397 376 367 515 433 439 418 511 538 425 534 483 537 544 473 496 363 557 450 570 547 456 555 419 408 504 449 354 531 559 487 391 414 459
468 512 482 434 458 385 536 415 560 456 537 511 402 545 360 515 479 432 555 375 363 542 409 366 538 570 519 471 352 502 483 547 418 422 523 388 465 489 508 524 544 541 440 525 442 496 376 497 450 353 546 408 404 493 446 526 362 428 500 365 350 412 397 354 431 487 400 461 548 534 495 488 475 478 421 394 349 382 416 420 367 503 556 473 396 403 410 445 561 436 563 484 374 398 507 517 371 566 455 417 452
469 489 352 562 530 463 539 405 455 494 466 422 531 535 481 448 470 504 382 529 371 521 361 474 533 500 522 478 359 460 546 440 415 547 508 385 450 365 445 388 493 375 437 390 429 526 354 560 542 427 519 372 487 413 387 366 367 349 491 557 462 558 428 472 512 410 426 404 511 480 548 568 362 520 355 364 446 572 360 569 351 406 377 571 444 570 536 396 534 543 517 402 499 490 411 540 503 532 412 363 383
470 486 369 381 464 440 569 407 445 173 508 390 34 387 421 371 552 409 384 518 380 363 413 419 509 457 516 469 487 408 535 541 414 523 563 554 448 374 543 425 495 389 424 357 465 529 364 350 484 520 442 511 411 368 542 485 477 539 492 572 353 505 549 446 467 416 383 536 534 456 512 494 386 401 415 537 473 373 356 533 503 429 526 522 449 400 198 406 459 461 430 564 439 402 434 349 444 427 502 551 493
471 455 530 472 568 467 529 361 522 372 531 34 359 380 481 468 572 562 405 466 429 571 489 356 447 358 499 407 533 384 443 350 509 173 453 504 547 552 477 448 464 369 406 383 421 427 518 433 424 532 426 401 543 450 386 377 498 422 437 389 539 396 348 505 382 354 528 393 411 535 490 449 440 534 508 364 349 463 379 441 410 351 485 549 435 198 474 554 470 365 399 501 478 457 371 564 418 459 486 445 355
472 541 491 430 421 530 508 471 537 363 385 416 415 370 450 490 557 423 439 402 523 366 565 404 452 566 388 489 360 376 497 359 547 390 542 570 506 387 434 546 444 502 353 515 465 496 349 558 540 484 507 483 445 420 373 451 368 544 374 414 446 428 362 511 545 417 514 549 422 442 475 432 548 492 461 520 478 562 395 392 458 463 488 495 436 456 556 500 460 425 524 372 535 396 569 503 367 482 440 391 400
473 350 427 173 382 549 485 530 464 572 396 568 407 478 571 562 433 405 384 470 359 543 468 447 354 510 34 435 546 552 406 522 499 454 437 504 467 490 358 555 547 521 519 361 377 533 541 349 481 383 449 518 532 356 455 564 453 422 424 531 372 458 491 414 403 516 440 399 528 496 357 476 477 410 411 389 457 367 480 472 469 501 486 369 393 450 540 474 401 429 505 498 386 351 441 534 462 509 466 198 379
474 544 421 451 409 352 368 508 465 477 404 560 398 569 34 420 511 374 371 536 407 509 459 440 494 537 384 408 559 518 487 433 406 419 415 469 496 439 558 467 362 552 350 505 486 369 545 542 379 416 532 424 464 387 453 543 437 535 173 510 456 567 448 428 563 365 402 385 572 541 513 528 506 389 445 380 516 442 497 484 498 378 507 503 480 492 495 566 551 427 571 460 521 413 383 435 523 462 358 353 411
475 522 571 529 426 477 485 455 466 518 472 468 433 429 453 449 486 383 357 377 505 407 405 562 435 564 530 504 532 551 406 437 509 350 528 568 356 401 467 384 454 421 501 411 552 424 173 358 34 361 389 386 510 569 397 351 372 443 480 464 543 393 533 539 478 380 364 534 441 447 541 481 198 427 379 549 572 457 459 554 448 369 516 381 499 476 540 354 413 535 498 399 445 508 536 365 371 469 570 404 470
476 421 415 511 394 544 558 409 541 519 536 570 543 426 397 546 512 493 500 557 444 503 483 542 366 400 404 495 487 465 506 376 455 556 458 450 452 545 537 445 363 560 470 548 362 482 491 360 422 352 442 480 479 436 425 461 396 513 361 432 566 349 502 353 485 375 370 492 417 372 539 395 540 403 410 561 507 521 547 534 402 497 369 462 398 413 385 531 408 518 460 526 355 484 419 530 382 388 535 473 565
477 452 410 365 491 547 536 511 396 489 455 548 372 474 422 420 414 403 375 521 481 352 482 552 464 440 427 514 359 390 512 382 385 173 562 500 445 488 490 408 394 530 555 374 539 475 387 432 446 529 519 444 565 470 492 353 502 360 431 535 517 409 436 520 366 417 391 504 558 388 560 540 484 471 546 400 428 386 463 429 450 412 493 496 384 522 462 487 355 458 392 373 525 401 537 354 503 363 466 494 568
478 421 371 445 552 383 379 540 350 369 389 433 487 381 453 362 365 443 535 486 377 505 382 554 521 543 495 419 407 415 571 375 464 533 560 481 469 539 384 452 498 363 536 444 34 473 514 435 494 561 459 432 420 569 354 468 352 528 422 557 413 390 426 502 472 457 510 542 385 411 463 429 409 424 448 519 437 509 455 454 372 551 541 356 397 546 499 504 503 489 522 572 500 450 465 416 516 380 406 368 364
479 571 530 562 485 377 468 429 383 447 358 372 435 443 455 361 568 504 543 453 433 449 382 480 481 34 407 533 531 572 466 356 348 350 529 498 401 396 173 354 510 399 411 441 405 549 472 476 426 547 528 359 564 393 541 474 389 406 551 464 540 427 501 357 384 519 478 522 486 552 450 437 499 386 379 422 351 516 364 518 467 490 489 457 198 397 470 410 418 509 448 454 546 424 381 532 477 442 380 440 554
480 403 418 458 386 529 494 401 354 405 532 499 382 539 396 383 560 390 429 452 547 410 463 406 522 568 466 361 517 555 489 367 572 481 519 491 512 359 511 462 502 548 376 504 446 408 387 490 536 479 497 368 571 363 421 366 521 437 398 430 377 375 467 541 362 488 520 454 570 525 474 531 455 482 524 402 527 409 352 562 557 545 478 425 476 426 500 469 389 433 442 533 510 388 530 484 417 523 544 565 365
481 460 349 459 536 365 534 449 563 369 559 549 457 502 427 394 357 506 495 434 426 360 508 477 423 480 520 513 469 398 471 425 551 428 444 451 511 411 545 409 558 505 420 415 440 486 417 517 478 523 496 516 371 521 454 527 424 445 540 479 544 514 518 482 510 383 542 435 483 392 491 389 404 541 406 430 488 494 431 464 402 413 554 377 556 375 368 567 438 353 566 433 497 552 385 378 439 462 442 370 537
482 571 407 468 572 467 562 453 454 350 504 522 449 437 433 477 540 429 466 568 532 357 498 393 351 450 406 499 564 501 34 546 481 485 529 489 530 435 384 447 518 422 443 552 426 462 375 361 386 534 472 424 198 480 441 531 455 543 364 383 476 464 173 358 401 563 528 554 369 486 505 377 510 570 390 457 421 533 551 380 381 509 399 389 379 418 541 470 425 387 354 547 372 459 405 356 469 397 367 410 452
483 466 372 429 568 529 468 522 401 564 453 447 572 472 530 405 386 476 433 481 498 406 531 571 443 382 364 427 356 543 351 437 359 501 504 467 450 198 393 454 533 532 455 441 383 358 407 470 478 350 377 499 411 549 562 528 396 510 519 426 379 34 480 365 173 464 390 551 384 459 361 410 552 540 435 546 485 399 554 449 354 462 486 508 355 380 490 457 547 521 505 477 424 516 474 403 381 469 452 534 357
484 356 354 382 531 530 361 411 562 470 489 372 472 396 410 568 34 405 477 427 510 571 359 547 474 453 447 348 383 528 468 549 357 377 443 459 351 522 533 198 401 435 466 504 407 480 534 501 433 393 519 424 478 418 454 564 481 429 543 386 358 518 467 173 476 390 364 442 422 441 455 369 380 399 450 397 463 421 381 529 509 540 485 572 546 569 554 555 551 403 563 532 437 449 379 349 355 426 521 457 448
485 365 352 428 560 536 359 460 368 375 535 512 542 489 366 521 479 415 446 367 488 409 495 511 494 502 547 408 394 362 388 548 412 427 445 417 491 432 452 500 410 538 371 414 423 404 456 372 173 398 492 558 422 403 473 400 463 475 565 496 530 385 470 420 353 436 482 391 390 396 462 561 465 360 503 395 490 515 392 524 431 526 566 450 545 544 442 549 517 464 493 364 562 556 378 570 441 552 474 520 444
486 422 470 562 530 489 405 361 452 354 359 436 546 355 478 371 403 367 548 560 568 547 428 352 349 500 450 481 448 533 555 414 418 372 474 463 496 508 434 520 511 490 396 570 388 365 375 556 504 521 557 517 427 487 387 366 394 534 444 507 545 493 432 506 402 462 535 410 412 440 494 438 475 385 360 409 523 539 413 377 392 491 482 513 542 461 510 363 415 445 538 376 391 382 519 404 426 390 537 479 515
487 571 562 531 522 541 534 478 433 466 354 429 361 470 403 474 547 528 529 458 489 349 504 468 449 350 530 572 568 425 505 198 543 382 410 476 173 427 359 367 486 501 379 564 477 469 399 364 549 393 358 491 472 418 454 485 411 510 453 406 396 519 380 435 422 407 455 481 441 467 357 554 551 426 355 405 440 457 443 555 351 563 508 552 371 372 384 356 518 532 34 381 389 448 533 516 546 447 390 369 558
488 572 485 531 571 568 437 357 477 530 499 356 467 455 518 429 468 435 411 358 481 443 382 466 472 449 480 543 372 351 541 453 564 407 361 504 562 546 519 359 549 498 364 377 406 383 354 397 447 433 393 516 198 459 441 522 401 490 454 532 350 173 501 551 529 450 547 528 34 476 410 405 421 474 396 540 426 463 355 369 470 539 380 399 486 418 489 464 379 389 442 386 510 384 558 422 563 557 415 505 371
489 518 469 459 505 551 554 435 486 357 509 406 516 389 369 457 380 569 424 477 485 381 368 496 541 421 492 536 442 407 416 409 480 493 498 430 353 563 472 537 398 453 419 467 468 462 533 356 532 484 471 451 397 545 411 487 506 544 417 549 427 482 433 420 371 511 386 426 443 400 425 499 394 414 558 444 375 534 404 439 415 365 401 387 449 512 540 494 465 542 370 478 464 521 503 495 437 384 559 383 538
490 415 533 552 562 472 445 361 430 435 382 543 569 541 386 453 451 551 369 532 511 384 477 508 449 512 350 383 480 401 375 377 521 464 389 357 433 450 423 518 455 465 354 542 495 486 406 510 504 485 407 570 418 392 494 437 571 509 460 467 531 432 408 431 371 549 362 568 365 368 372 459 426 409 398 507 558 463 410 535 442 526 394 454 540 356 34 498 470 411 173 536 473 563 546 397 499 500 380 424 360
491 472 435 440 533 477 459 551 397 541 552 418 509 480 448 510 485 369 384 407 521 449 356 451 371 350 535 411 518 377 386 429 354 424 383 426 437 543 375 445 357 421 540 532 481 467 433 494 549 529 463 499 401 563 571 198 507 466 557 457 422 536 382 496 569 455 413 469 361 34 453 362 487 508 562 389 554 464 462 476 512 409 380 560 414 442 486 531 399 498 173 415 404 408 534 385 465 406 427 522 542
492 382 489 361 562 504 546 572 449 485 568 477 354 450 470 571 531 410 472 543 552 426 372 474 528 399 350 351 530 435 384 499 396 505 518 359 547 383 433 357 481 555 476 464 411 198 532 377 557 519 437 516 455 458 501 358 541 454 380 533 522 429 390 407 381 529 486 467 397 173 406 424 466 356 457 564 447 355 386 459 393 441 401 369 389 453 422 443 534 510 468 554 480 509 34 569 463 478 440 551 405
493 571 562 504 433 489 34 411 359 568 541 399 382 522 510 501 468 476 393 426 530 173 364 350 554 380 356 454 469 458 427 477 505 528 396 470 361 546 509 549 453 534 486 485 543 357 403 564 348 447 474 198 459 397 407 351 448 555 464 349 424 358 405 435 472 466 516 552 441 531 418 519 491 425 369 443 518 406 354 384 478 365 490 551 533 572 379 558 389 442 547 383 381 429 498 422 480 355 449 457 410
494 480 450 530 568 354 361 449 485 397 469 405 474 531 541 410 519 554 433 382 425 505 546 516 522 540 359 571 401 448 413 498 426 478 470 543 491 481 381 390 377 509 386 458 453 396 490 424 429 528 443 466 365 459 496 380 372 435 489 532 534 383 570 518 437 477 562 486 502 572 468 535 504 508 447 452 403 457 406 389 349 357 555 442 358 510 463 355 467 362 407 551 547 499 445 415 369 455 356 434 360
495 504 361 531 407 384 485 571 499 562 350 422 464 481 455 552 405 528 519 541 466 568 478 529 470 429 354 396 534 572 173 546 454 433 547 359 403 467 418 349 198 437 490 468 496 424 453 476 386 472 532 401 399 382 555 441 435 474 367 410 406 489 516 389 522 477 554 498 380 425 397 427 358 440 351 356 381 557 518 533 449 540 501 564 530 450 447 355 563 510 458 34 505 364 434 539 393 443 491 549 432
496 571 530 372 562 489 504 382 383 445 443 522 396 407 455 377 421 410 463 411 474 350 572 546 468 481 454 485 472 543 426 354 498 528 450 369 356 429 486 453 390 519 361 495 539 371 379 477 557 433 466 494 413 533 531 491 518 529 34 437 457 359 357 385 406 467 568 364 351 505 569 535 381 570 499 380 393 389 532 551 510 435 470 521 416 403 564 418 397 547 362 473 554 409 462 368 447 501 415 173 459
497 571 437 356 472 572 411 468 480 522 447 467 34 499 562 474 533 481 568 379 498 453 450 454 173 564 429 531 530 448 443 358 393 541 361 549 535 502 351 501 401 364 485 477 377 504 382 466 476 539 406 426 407 470 410 569 383 354 390 532 198 359 540 405 489 386 372 433 529 441 543 399 362 427 563 449 519 435 528 357 464 552 371 547 546 491 384 463 486 457 369 518 459 445 548 478 557 516 495 554 413
498 458 510 422 415 442 440 432 366 489 563 534 508 523 354 428 455 482 418 478 434 496 349 396 403 420 545 350 548 494 512 405 385 483 555 375 538 560 365 525 547 479 507 569 474 419 408 459 374 360 541 497 502 433 533 412 521 543 546 570 359 552 511 451 537 410 481 421 446 355 471 430 445 407 495 490 519 352 367 559 513 425 416 557 504 501 409 363 388 515 503 491 376 556 531 488 542 449 544 372 438
499 432 510 541 480 523 385 372 458 495 426 415 545 502 428 365 563 546 451 558 534 442 423 439 444 482 543 488 508 471 360 507 449 455 396 414 513 420 535 497 422 556 559 370 359 430 489 521 491 374 565 388 433 369 436 366 362 544 440 349 434 446 452 378 425 530 459 522 478 403 569 405 397 473 492 474 566 528 490 511 465 350 402 376 548 542 411 421 419 553 496 450 483 438 400 391 418 363 549 503 479
500 516 571 357 505 554 433 356 551 424 380 485 441 477 399 457 486 358 348 518 501 469 411 389 383 468 476 435 369 198 449 447 509 381 459 393 472 443 364 564 429 377 478 454 453 572 541 529 480 490 440 528 534 491 407 504 426 406 349 379 466 34 498 427 543 351 173 397 464 549 522 434 467 533 562 540 552 448 419 390 405 350 422 495 539 458 384 442 510 437 508 421 470 413 532 362 403 569 530 386 558
501 409 397 421 541 426 506 396 543 493 500 546 482 544 570 394 422 425 458 560 512 521 536 398 363 513 519 355 511 444 557 442 487 439 470 545 452 415 533 548 367 385 432 483 352 414 569 403 436 404 555 498 376 400 537 465 408 495 407 558 528 413 463 372 479 507 461 484 503 534 497 542 462 455 485 391 387 520 510 523 566 492 562 359 433 563 350 360 354 420 488 417 440 508 460 349 366 535 450 369 353
502 562 361 462 481 401 485 384 533 422 386 532 552 435 405 530 429 551 499 468 372 480 354 406 472 453 455 357 568 504 518 449 521 443 477 466 445 437 531 377 440 522 478 464 444 534 555 467 380 463 397 509 427 383 510 470 498 421 396 425 536 173 404 371 428 419 450 545 442 432 554 409 448 557 569 508 414 526 433 34 529 494 571 418 350 447 541 424 505 543 375 528 476 407 459 564 489 415 403 399 549
503 354 562 435 571 356 549 359 568 530 405 396 433 531 382 467 411 476 372 407 401 543 350 485 470 453 468 528 443 393 386 474 510 572 472 361 399 427 390 377 429 403 383 410 481 478 547 358 489 477 357 504 173 519 380 397 533 546 437 509 198 418 498 534 459 441 355 464 34 501 552 448 554 449 384 499 502 458 455 522 426 442 351 469 541 518 364 422 564 454 447 466 558 532 457 371 563 463 369 424 521
504 495 540 565 419 390 409 482 496 493 400 368 353 404 515 451 559 352 521 551 542 469 371 536 537 392 566 492 377 438 457 427 556 480 357 389 459 479 362 423 561 408 446 420 415 502 383 366 558 385 411 365 425 394 487 440 378 526 462 554 349 477 395 465 375 471 417 553 424 456 387 380 549 490 356 391 520 381 443 436 486 445 505 434 374 388 414 398 458 511 524 382 512 421 406 450 478 527 567 370 503
505 489 361 530 405 418 533 546 500 371 448 452 450 562 387 388 557 445 548 478 359 355 535 531 422 463 410 539 481 428 354 555 413 494 569 390 560 474 402 382 432 547 360 558 519 470 367 362 508 372 396 436 349 465 487 377 568 385 444 544 392 504 521 363 429 493 409 415 520 460 420 466 534 376 414 556 522 513 570 529 512 400 374 383 511 523 427 517 365 426 492 542 475 434 490 502 352 366 482 537 496
506 356 447 481 530 501 379 472 173 564 571 358 411 364 441 489 34 405 554 351 393 572 474 198 476 433 361 516 407 547 399 486 377 383 457 354 454 435 464 429 450 381 522 568 466 372 529 562 477 380 396 382 519 424 427 467 551 533 549 539 491 357 410 468 552 499 485 350 480 384 359 448 531 449 505 453 401 518 543 509 437 369 470 390 403 478 512 555 469 459 389 386 546 540 367 528 422 443 440 419 535
507 568 530 405 522 572 356 34 359 472 361 401 499 533 571 386 564 173 429 350 379 448 467 410 498 491 372 474 380 464 358 516 486 490 447 468 529 532 411 552 382 375 393 554 509 441 466 407 437 443 453 501 450 539 562 413 551 446 351 384 476 396 364 457 421 399 478 555 549 455 381 433 406 454 569 531 481 508 427 435 469 389 546 198 505 349 369 462 418 535 352 487 371 383 504 541 557 519 518 425 528
508 470 562 547 403 359 382 472 466 429 474 411 356 443 454 481 453 530 361 498 358 533 571 367 554 421 354 372 468 522 435 410 490 462 396 557 457 381 540 555 499 355 397 455 505 426 469 357 486 433 539 572 546 390 407 519 528 369 450 452 529 398 536 516 419 375 389 532 491 534 512 351 502 437 424 548 350 379 494 447 422 531 569 489 418 399 388 34 463 368 458 568 510 477 386 535 349 543 487 444 467
509 489 403 359 530 367 470 422 491 361 382 474 365 548 372 390 562 560 463 355 410 450 546 539 535 471 519 420 556 455 428 547 521 511 375 500 494 371 490 402 436 570 502 396 412 360 448 478 387 536 568 446 493 388 481 566 434 445 405 377 569 558 466 427 452 451 465 432 395 464 555 507 383 503 362 408 352 522 385 531 394 418 557 173 415 429 537 552 520 374 354 349 363 441 413 533 482 504 475 545 528
510 467 390 498 499 532 536 437 462 406 386 450 401 446 540 424 491 572 530 465 404 377 371 349 375 571 383 493 173 427 416 537 440 443 481 414 352 474 562 34 490 410 484 408 478 511 444 567 442 539 526 512 529 381 473 502 503 419 361 557 366 459 351 358 380 451 453 479 399 369 545 454 425 554 421 487 560 445 431 353 394 541 551 362 524 389 480 548 466 482 486 434 495 535 357 439 561 391 564 494 547
511 357 530 433 477 459 435 396 359 485 531 468 354 476 380 474 571 372 389 480 443 350 551 399 547 407 355 543 490 397 481 383 377 364 429 403 453 562 356 348 448 516 441 470 361 541 382 424 351 34 554 518 405 472 466 442 463 564 410 449 489 486 509 411 568 393 381 521 510 457 450 528 519 501 447 454 437 546 504 198 422 522 358 498 549 413 467 540 534 532 572 533 505 469 499 369 390 173 418 384 563
