686 795 776 716 735 832 687 825 722 779 738 754 819 812 830 753 730 837 690 783 733 827 850 784 767 725 742 705 771 828 802 712 686
687 833 767 806 789 768 822 712 788 791 839 689 714 746 796 707 742 818 736 732 802 717 782 743 733 691 699 771 702 850 786 725 692 855 852 854 816 829 799 813 841 744 686 798 738 710 721 722 762 715 761 785 734 776 795 811 700 740 851 790 757 837 848 711 821 832 814 769 794 693 812 729 836 756 810 690 775 778 842 706 804 695 724 716 772 846 831 751 726 713 784 698 853 773 803 763 758 847 727 704 826
688 786 743 782 768 767 796 816 742 833 699 707 744 746 736 822 813 712 804 790 722 806 714 808 733 692 837 730 832 795 762 785 788 855 721 725 850 829 791 738 818 809 720 852 741 716 798 737 729 763 839 776 710 717 803 715 755 731 799 835 810 728 814 745 789 691 787 689 831 843 732 812 761 775 753 779 718 700 702 769 759 748 854 764 749 807 757 794 846 836 851 784 690 817 758 711 838 825 802 703 751
689 837 825 708 730 773 764 687 728 831 783 838 754 820 735 830 815 731 780 748 845 747 828 753 856 836 779 737 765 823 849 777 741 718 701 703 835 797 787 752 722 755 819 705 812 793 851 803 694 758 727 720 763 792 709 817 824 840 847 696 710 690 716 834 715 807 698 781 761 774 810 739 766 723 809 751 726 784 790 808 814 811 827 769 770 821 832 772 799 778 711 760 695 745 854 843 738 842 697 700 762
690 796 776 742 746 743 804 757 791 771 707 802 689 736 712 767 691 775 699 822 789 782 692 839 714 768 732 733 717 816 788 850 786 744 702 729 833 749 721 818 852 855 753 785 806 725 763 798 799 809 783 793 735 835 686 704 698 825 765 769 739 764 807 841 708 730 843 838 803 836 811 829 759 792 777 728 787 779 819 846 762 740 755 851 772 821 718 687 780 814 837 747 709 720 734 761 758 808 715 856 832
691 837 737 779 709 807 728 780 764 730 838 765 751 840 697 835 760 761 770 817 735 704 762 834 720 748 752 820 722 741 812 848 827 830 723 715 823 819 847 845 815 687 783 731 700 719 695 844 790 832 718 824 828 701 814 851 849 794 721 792 825 778 797 800 777 708 831 740 784 693 856 716 690 706 781 705 842 726 758 734 803 810 754 756 753 787 766 739 821 799 805 826 738 808 696 759 774 711 772 755 694
692 787 733 845 722 760 797 718 795 735 820 759 716 730 781 687 827 713 808 794 809 758 703 824 830 690 828 701 844 755 812 783 814 776 823 705 719 751 747 819 842 693 817 741 815 831 793 836 728 726 825 748 695 778 792 766 738 715 697 698 784 838 688 737 834 849 773 840 752 800 763 777 779 731 770 696 848 706 851 807 765 745 768 772 764 754 723 786 711 709 694 839 774 799 818 708 821 805 769 810 837
693 802 767 707 811 833 806 691 822 771 712 850 790 816 732 832 793 746 692 791 852 776 804 736 782 788 789 717 714 798 796 699 729 839 753 725 689 768 702 762 720 799 821 769 698 739 807 856 733 841 730 704 716 742 836 743 808 786 763 755 809 797 772 855 759 757 818 764 838 775 825 710 740 728 783 761 813 744 803 741 774 735 703 779 851 843 854 758 748 687 723 831 817 721 814 787 792 749 848 711 765
694 717 789 802 689 732 743 714 852 712 791 771 749 796 788 775 702 757 855 818 822 691 725 806 798 707 804 816 736 839 850 841 746 776 833 699 767 742 782 744 692 763 783 753 786 740 716 793 809 768 769 785 721 729 720 825 811 704 741 799 733 846 698 770 808 832 735 807 764 836 730 790 851 748 797 739 843 787 803 718 779 755 817 765 758 838 728 747 835 759 687 709 708 762 792 849 819 856 837 715 777
695 788 796 691 850 806 802 732 749 771 816 725 699 689 852 712 791 746 782 818 804 702 833 692 714 707 822 717 736 855 839 743 753 832 767 763 742 790 730 808 811 757 716 704 768 843 785 793 803 799 786 775 729 789 809 741 744 836 776 720 841 765 783 798 787 764 838 761 740 807 797 835 728 721 733 825 698 703 755 851 769 687 848 708 759 770 817 735 747 792 779 758 748 772 846 831 837 739 709 849 762
696 782 743 746 789 689 791 749 833 767 712 702 736 806 691 725 699 717 744 822 788 771 714 732 742 802 786 855 841 816 692 818 852 804 730 707 850 839 768 803 832 775 796 798 785 763 757 808 793 790 797 759 733 740 741 720 776 851 835 799 811 704 843 761 836 729 837 779 728 829 809 838 769 748 821 735 764 787 825 693 762 831 721 770 716 753 783 703 765 755 807 708 718 715 817 698 846 734 856 758 773
697 743 691 782 796 736 816 746 822 742 833 707 841 768 712 771 786 767 689 744 740 806 813 757 850 793 733 692 791 763 775 790 702 714 788 732 699 839 809 808 789 804 725 795 749 776 831 710 799 832 720 730 802 729 704 803 797 716 836 762 770 718 748 787 829 739 764 855 703 717 783 785 755 843 851 759 715 722 738 852 814 741 817 773 758 811 753 711 810 846 854 698 807 728 756 734 821 853 700 747 798
698 699 833 714 725 791 702 806 786 736 850 742 795 767 822 789 788 704 839 689 818 816 707 732 775 757 796 829 733 749 768 744 712 771 841 721 793 799 746 692 846 785 691 821 813 740 831 693 724 734 716 802 851 808 706 738 797 783 690 855 842 779 755 727 777 722 817 756 782 809 812 715 751 773 754 717 835 826 723 711 762 739 770 836 700 701 748 694 853 743 852 758 815 766 794 781 765 784 792 764 695
699 776 856 819 779 739 698 807 836 765 825 777 821 730 800 772 838 747 719 703 735 756 780 753 701 823 687 759 716 849 827 737 845 781 835 814 763 688 799 728 764 842 840 830 803 769 834 690 805 843 762 705 783 773 811 704 770 718 778 794 708 695 748 820 754 797 828 720 787 741 734 751 696 722 837 729 793 760 832 810 774 790 715 795 792 826 709 761 808 758 847 693 831 745 804 812 757 721 726 784 700
700 691 742 746 763 771 707 803 850 836 733 767 786 689 704 793 808 852 804 768 716 802 822 789 712 839 806 783 816 797 809 743 699 729 720 714 818 732 717 855 757 787 775 791 782 833 796 721 730 736 725 770 747 811 776 753 709 702 687 748 798 825 788 785 739 764 755 817 759 799 792 708 772 749 728 849 840 848 735 765 710 698 741 777 820 829 734 740 688 779 856 780 832 703 837 769 758 841 819 744 843
701 746 806 689 714 699 788 786 691 702 818 768 725 796 808 707 822 782 791 776 732 717 692 712 797 839 833 743 767 789 802 804 761 852 855 733 736 749 816 757 742 832 850 763 710 716 771 730 790 775 720 741 799 764 846 783 795 793 798 762 825 809 803 838 841 785 837 811 740 813 753 708 759 722 787 744 831 769 843 851 703 817 721 755 698 829 729 835 814 737 748 735 792 758 718 770 826 690 715 807 848
702 753 823 730 754 840 848 747 698 825 836 773 764 705 729 748 739 838 803 718 776 845 821 720 856 783 817 777 854 831 737 728 837 780 772 830 847 835 797 701 834 687 763 758 711 792 708 704 703 738 716 849 752 820 809 804 819 709 774 779 827 726 828 787 843 832 722 727 770 710 793 696 814 741 694 765 810 735 784 812 807 724 715 761 824 755 800 762 751 815 805 769 723 695 799 778 731 842 690 844 745
703 786 742 788 767 712 714 789 833 818 725 771 736 796 689 791 806 699 768 855 746 732 839 802 852 707 702 782 733 822 710 692 816 795 717 829 743 691 813 749 850 799 721 724 757 851 762 785 704 798 790 854 713 751 711 847 832 734 775 848 744 841 722 826 738 693 701 761 735 772 778 769 715 821 842 756 794 697 811 727 716 846 706 700 695 770 844 726 810 729 837 777 688 723 834 825 804 784 765 774 740
704 746 804 793 691 816 782 822 808 755 743 850 725 806 736 712 818 839 698 702 768 833 788 767 707 751 710 798 714 699 753 771 776 837 722 809 786 715 851 843 733 700 742 791 758 769 789 729 811 831 796 784 720 689 812 787 731 738 844 706 732 726 815 800 764 713 813 745 834 757 805 735 752 741 748 695 794 693 825 737 827 854 708 842 730 703 802 856 690 790 711 817 847 841 819 778 838 763 717 855 774
705 771 788 749 850 725 802 702 822 789 806 689 732 839 712 798 767 717 818 746 791 816 736 691 699 796 855 743 742 833 852 714 768 692 782 841 786 740 707 733 729 765 785 825 838 811 775 757 744 721 769 753 777 804 790 795 704 779 756 735 851 832 846 686 856 792 688 708 843 821 701 776 807 710 783 794 716 709 826 793 840 778 723 812 848 854 734 698 687 819 813 730 837 780 842 774 727 847 700 824 751
706 802 712 749 767 789 852 691 721 717 855 804 757 796 850 798 743 839 782 744 771 775 788 707 806 791 732 725 736 729 746 704 702 753 822 768 692 816 818 825 777 742 833 779 689 714 763 811 698 783 786 699 790 841 856 776 809 803 793 765 764 832 730 797 785 843 720 740 808 770 758 709 716 748 787 708 838 848 739 703 792 769 687 733 799 835 735 807 755 780 747 849 846 772 741 759 836 762 795 840 837
707 825 748 755 809 779 790 797 856 840 843 849 819 716 832 838 735 687 770 793 817 720 730 708 764 783 741 763 803 830 758 820 787 831 810 690 760 853 754 740 693 756 723 765 824 703 737 780 688 845 784 747 701 837 777 709 811 827 728 704 815 700 697 698 774 773 807 836 781 826 800 715 734 799 753 769 718 847 766 761 835 729 851 821 727 808 721 794 694 731 776 739 842 772 848 823 751 706 805 722 695
708 689 822 771 712 725 833 850 707 788 767 768 791 806 796 839 782 702 691 789 714 743 816 813 736 732 733 699 802 746 740 818 786 841 742 717 785 855 852 721 704 775 759 722 692 741 744 710 795 829 846 690 799 854 757 701 821 754 779 738 772 751 770 700 715 837 836 792 773 812 737 761 734 723 844 706 777 804 831 832 711 756 727 847 790 835 798 695 851 749 793 815 776 842 843 693 716 853 845 762 748
709 691 725 806 822 712 839 796 714 768 771 782 818 732 791 767 689 746 816 786 736 802 789 707 702 850 733 788 762 833 710 699 855 804 717 793 790 841 813 742 757 740 795 852 743 810 692 749 716 832 700 715 775 798 836 755 787 783 781 829 756 814 808 720 799 772 741 773 711 734 706 831 722 730 718 776 759 761 729 744 690 809 851 854 751 842 811 738 763 769 803 726 794 719 853 693 770 766 825 745 797
710 712 767 789 799 779 736 689 744 757 732 714 742 782 839 796 825 703 775 743 806 704 702 768 850 739 765 785 709 788 716 833 804 807 822 725 816 838 793 809 797 746 771 749 791 733 786 691 843 707 717 856 701 759 817 808 835 758 687 818 777 802 755 762 741 849 729 845 728 735 783 753 715 855 754 798 697 721 699 814 730 708 787 763 688 740 693 848 852 841 813 764 719 751 821 692 718 747 836 844 781
711 771 743 789 702 717 804 852 802 744 818 749 757 775 689 855 732 691 714 746 793 712 736 730 788 806 798 763 725 850 808 841 742 776 740 809 761 787 729 720 816 782 791 767 699 837 833 785 797 839 692 822 754 783 796 704 770 843 792 753 716 748 825 836 764 835 851 703 821 765 707 811 739 687 759 755 741 772 709 768 758 721 832 779 698 777 849 769 799 817 728 790 840 693 786 747 708 807 803 856 845
712 728 735 783 730 748 817 737 687 764 840 755 763 825 836 849 720 779 758 703 797 831 803 747 819 838 830 809 808 708 709 754 710 772 837 824 843 828 753 823 706 718 739 716 810 787 799 727 704 827 769 705 741 765 845 774 820 790 821 847 832 759 851 815 834 690 826 842 770 756 780 781 723 856 807 722 693 766 835 694 800 751 846 745 853 761 812 696 731 701 773 697 805 848 688 778 784 854 814 729 738
713 743 692 855 757 775 717 763 732 749 802 852 689 744 716 798 841 739 796 832 691 704 785 804 843 721 712 720 702 825 790 730 741 767 839 779 811 703 822 753 740 771 809 725 782 807 714 764 791 729 821 808 759 806 836 733 707 765 799 835 788 786 783 846 797 769 856 803 699 776 768 756 849 758 728 770 715 793 795 710 789 838 755 709 837 687 761 831 734 735 690 736 723 813 754 718 854 701 700 820 792
714 730 728 763 779 754 687 735 836 698 764 823 856 703 747 755 831 748 837 737 741 716 845 819 709 765 720 769 835 753 770 701 825 840 797 828 777 773 827 811 718 783 774 854 803 809 787 843 727 849 817 821 708 830 710 851 776 694 772 780 758 838 814 832 834 760 794 704 722 723 690 807 726 705 820 729 739 824 731 800 815 781 848 761 847 842 766 812 790 853 751 792 759 711 734 844 724 715 693 695 784
715 771 691 782 732 788 850 804 806 689 716 789 802 743 775 725 707 839 749 851 702 833 729 704 791 721 822 753 816 714 807 699 837 730 736 757 712 692 765 825 803 786 735 818 848 793 742 763 832 783 838 811 717 785 792 728 812 746 779 841 768 687 733 710 767 856 817 843 798 709 821 799 770 769 790 740 744 720 797 808 796 845 852 688 846 698 777 748 739 727 776 820 835 708 764 754 795 759 703 747 741
716 788 767 816 822 736 707 742 791 802 818 806 746 714 796 725 841 712 744 785 768 850 699 833 692 689 732 771 782 702 789 715 691 721 757 798 761 775 811 717 686 776 855 759 710 756 846 722 713 821 700 852 769 839 729 854 843 805 743 847 740 701 780 698 851 753 695 807 844 693 790 837 838 786 829 688 834 709 711 815 792 745 735 765 778 779 848 694 754 772 826 800 777 825 734 824 724 812 731 697 856
717 694 755 815 722 760 687 795 813 792 838 773 730 705 764 711 738 752 728 719 824 745 726 737 853 832 805 803 804 812 733 782 701 706 761 783 759 784 716 703 754 766 713 845 837 829 828 794 809 765 793 751 696 827 830 690 780 820 847 790 734 708 849 720 843 777 693 810 762 850 817 781 840 695 807 709 819 825 774 747 710 808 743 779 724 823 826 770 833 729 758 700 834 831 731 842 848 715 718 835 814
718 822 788 806 771 689 725 839 732 702 802 712 791 818 789 714 782 736 692 742 691 796 768 786 833 733 816 743 699 707 749 767 746 795 721 850 851 729 855 829 811 798 775 717 724 769 785 757 852 825 804 821 848 813 846 735 854 761 710 843 697 826 856 847 709 744 738 690 722 792 765 704 727 688 693 841 756 751 753 701 772 711 777 715 694 700 794 723 838 778 754 760 776 835 853 737 824 832 819 780 698
719 788 743 699 802 691 796 852 717 855 850 757 841 782 833 692 806 736 798 791 771 732 804 825 793 767 749 746 744 816 775 712 818 714 822 702 740 785 761 838 783 763 707 821 832 809 729 789 790 710 765 769 779 836 854 725 689 835 742 811 748 813 721 803 715 735 741 851 739 758 772 709 755 797 776 808 792 831 843 837 764 730 690 716 753 754 704 807 856 812 839 770 701 777 786 768 723 846 700 844 724
720 742 712 818 767 796 833 691 736 839 707 791 714 789 782 702 725 786 788 732 768 813 689 771 851 746 806 822 829 816 795 699 743 733 821 777 848 812 778 825 785 717 852 721 802 704 815 765 850 740 855 772 842 693 700 799 835 727 766 841 701 711 819 754 724 753 734 713 729 856 814 688 722 810 804 697 826 838 847 726 756 846 854 715 773 805 735 779 723 761 709 695 751 694 738 731 834 759 737 741 853
721 804 793 735 730 771 782 762 746 821 691 733 808 850 716 755 773 706 839 787 759 783 768 725 814 781 743 742 741 838 831 707 698 833 799 715 718 845 753 810 836 752 720 728 689 789 776 815 763 690 816 778 699 809 786 729 837 779 770 764 767 745 813 726 822 703 687 758 834 817 736 702 713 792 832 803 737 688 714 731 708 769 842 756 732 788 700 740 856 790 798 748 829 751 812 825 843 853 824 710 802
722 749 771 717 850 691 692 689 802 788 775 789 855 852 736 806 833 757 732 793 816 712 739 702 714 798 791 725 765 704 699 838 746 782 804 688 716 743 825 707 843 686 742 818 785 783 822 776 841 839 792 764 730 767 687 790 729 740 763 835 755 803 779 799 720 753 832 708 748 770 836 851 698 735 769 701 809 856 807 786 759 808 744 846 741 796 797 811 840 721 703 817 768 709 754 849 772 718 761 762 728
723 788 691 822 850 791 707 782 839 767 732 789 796 742 816 806 689 712 802 771 746 804 736 714 833 702 725 729 733 768 757 775 786 818 743 793 730 808 831 692 821 776 749 799 841 855 699 803 761 843 852 795 717 814 762 720 763 811 798 744 836 829 698 716 825 693 832 765 809 708 710 813 741 755 772 769 735 787 740 753 715 835 764 797 790 748 785 837 721 807 703 718 704 728 779 783 781 724 758 722 851
724 776 802 791 725 818 841 702 808 732 803 714 809 771 769 822 763 836 796 717 689 852 798 691 804 729 703 698 855 740 775 718 806 764 748 720 832 790 707 843 757 741 797 839 807 817 765 787 743 753 789 728 837 799 737 785 730 767 835 735 716 759 783 699 749 811 838 758 825 856 851 779 710 840 733 793 692 755 831 721 687 761 739 850 722 762 833 709 792 744 768 849 712 746 723 770 821 747 788 816 704
725 709 797 848 753 730 763 754 747 741 774 799 739 845 703 698 821 776 803 849 817 761 823 705 764 708 718 728 840 716 856 773 748 720 758 704 835 836 787 819 777 828 814 772 687 701 854 783 770 729 735 820 737 738 755 834 837 831 765 827 715 812 838 830 825 695 844 752 724 762 792 804 721 809 722 696 832 769 807 694 779 745 843 723 726 727 760 824 710 780 815 808 766 778 711 793 751 810 811 706 847
726 789 802 742 822 852 717 749 771 691 796 855 768 702 689 767 732 839 746 714 804 788 806 712 692 850 832 725 791 757 786 743 808 790 699 763 775 704 833 721 816 803 782 818 736 798 733 799 783 841 811 825 793 729 787 707 720 764 843 748 761 730 740 776 809 797 744 758 716 836 753 710 795 755 739 769 851 807 785 741 759 856 835 735 709 817 765 792 715 846 703 698 838 848 687 772 747 770 779 829 708
727 802 712 689 788 732 796 742 714 767 771 839 822 789 746 743 702 768 818 804 806 782 733 707 850 833 816 725 691 776 736 775 791 836 749 808 757 720 821 699 786 717 811 729 763 841 852 698 825 730 803 799 728 790 832 855 715 797 798 764 744 843 795 762 829 761 837 740 735 835 769 851 753 779 809 704 703 718 793 708 739 693 807 838 716 765 814 856 755 792 748 831 787 741 759 722 783 687 813 758 754
728 712 714 742 691 789 767 736 806 833 771 689 791 816 732 746 818 839 725 788 768 796 855 757 702 822 802 699 717 786 852 707 775 782 813 692 733 850 740 798 721 729 785 846 841 761 795 829 743 756 825 715 804 826 854 710 851 734 814 811 727 724 778 808 753 693 738 772 794 769 842 776 690 688 700 744 800 799 711 735 704 749 713 766 695 722 847 698 762 805 848 696 856 844 793 701 760 812 748 810 784
729 781 702 851 733 850 725 822 767 766 751 846 793 855 770 714 795 791 707 712 814 806 829 843 768 715 699 734 848 786 833 831 821 808 785 732 723 742 799 771 818 792 842 704 836 690 789 693 777 784 756 716 718 796 706 805 738 779 689 816 728 748 721 812 839 773 852 700 717 724 834 809 835 758 790 711 764 722 837 754 741 853 736 826 802 775 813 710 720 787 761 824 727 844 783 794 705 740 744 828 695
730 714 796 789 767 712 788 691 768 689 802 732 702 806 791 771 725 839 822 746 699 736 833 818 707 733 850 721 829 813 786 851 742 717 816 692 785 855 852 798 841 738 810 795 756 711 715 782 740 821 761 794 846 688 812 743 853 769 701 778 848 762 695 722 723 744 854 696 693 842 686 826 700 704 734 713 775 697 710 751 757 727 726 847 784 690 777 834 772 724 706 799 805 776 731 844 811 781 800 735 814
731 689 757 691 850 802 775 771 743 816 732 749 712 841 714 742 782 806 707 796 791 702 822 789 818 746 839 804 767 704 736 692 852 768 717 793 833 721 725 744 788 799 808 803 740 855 699 832 720 729 730 785 790 797 786 688 716 733 739 776 763 783 764 753 770 825 809 811 843 698 758 765 748 848 755 787 817 772 792 761 798 851 777 795 779 708 835 829 735 836 807 821 709 747 687 769 741 754 718 734 837
732 730 845 831 764 797 823 754 840 737 800 763 728 759 747 824 779 819 834 765 735 758 780 718 687 748 849 817 739 836 827 777 794 854 709 705 835 820 720 715 808 703 787 727 753 751 773 752 694 784 716 830 755 803 723 741 778 710 842 837 695 783 781 848 722 821 738 807 814 760 770 828 745 701 708 731 698 726 812 772 844 774 693 847 762 711 713 690 724 815 810 766 729 856 719 776 832 761 769 793 851
733 832 757 772 790 748 764 739 761 836 779 783 744 793 692 753 730 809 835 687 740 775 729 807 849 763 821 811 755 856 817 808 803 721 825 843 797 758 827 754 703 749 747 718 735 785 852 741 804 838 841 848 854 717 837 846 708 709 798 769 776 800 698 700 792 855 727 840 765 720 812 787 851 690 704 831 728 723 780 799 701 697 823 688 770 710 778 810 845 705 815 693 844 819 726 828 826 777 774 737 756
734 746 804 790 691 833 832 707 807 850 767 699 816 729 714 717 808 689 806 796 769 793 852 753 835 836 732 776 782 702 765 698 798 838 712 720 839 771 809 821 789 792 856 730 768 687 802 788 779 742 825 743 728 725 754 799 818 811 822 763 736 803 739 703 855 741 716 692 817 735 747 791 772 758 797 748 757 851 761 843 749 709 762 813 759 708 755 764 848 786 841 775 840 700 819 831 690 810 780 774 837
735 744 833 712 816 796 767 714 791 736 768 691 746 689 707 822 732 818 771 786 850 789 782 699 721 839 806 742 692 785 802 725 743 733 788 841 793 702 775 686 761 757 813 740 795 715 809 754 821 829 832 790 831 787 704 770 808 846 799 773 710 836 690 797 738 837 748 756 716 763 817 762 722 755 720 718 759 783 803 758 764 724 739 734 812 693 730 848 703 700 827 727 777 728 814 694 842 820 719 751 723
736 728 776 764 787 716 737 840 735 753 779 799 748 758 720 730 763 739 703 838 687 819 698 741 759 836 754 797 755 821 704 761 803 747 718 781 722 817 697 830 710 832 690 709 762 837 809 807 828 705 845 831 808 849 843 772 825 708 688 783 765 723 769 835 696 790 834 826 774 766 820 770 812 756 719 815 805 853 693 745 773 848 856 844 827 727 711 694 784 715 760 777 701 842 695 706 811 740 751 847 780
737 691 788 789 712 746 802 771 736 833 850 732 782 714 689 806 791 742 822 743 816 702 699 768 707 839 725 757 717 855 818 841 767 775 796 798 811 692 804 744 852 786 749 813 825 721 776 740 704 733 799 785 793 688 729 769 724 720 763 783 832 851 797 808 708 762 701 715 795 759 779 716 814 698 772 836 739 809 734 730 838 854 807 755 790 770 741 856 787 821 843 718 735 829 753 846 748 764 758 761 803
738 775 802 771 852 788 757 717 702 749 725 855 732 798 791 818 691 789 746 689 744 712 785 730 767 836 776 692 850 763 793 729 806 809 714 783 704 839 740 687 753 803 841 804 765 835 686 816 736 769 832 770 779 811 698 688 838 837 742 707 761 822 797 764 735 699 808 792 748 721 755 856 846 790 796 787 817 708 743 848 728 821 840 825 799 720 759 703 843 849 772 747 819 741 782 807 718 758 833 768 739
739 818 742 786 699 768 788 767 733 833 822 839 851 725 746 736 806 796 789 702 732 791 712 816 782 743 802 829 689 855 722 691 771 714 813 798 710 707 776 795 852 810 713 850 693 762 799 825 854 837 847 690 804 800 770 769 761 711 846 734 721 717 785 805 700 735 832 715 811 853 772 812 731 790 698 697 794 729 842 773 726 706 765 841 815 716 740 738 719 727 749 778 737 694 724 760 766 844 751 752 692
740 786 768 733 833 707 782 795 691 829 819 839 850 776 837 767 742 843 762 746 807 796 789 818 708 792 753 697 763 848 835 689 804 728 712 813 836 761 735 822 765 760 771 832 838 806 730 720 794 736 738 716 725 705 702 788 714 711 698 781 784 816 799 722 724 824 803 709 823 779 769 812 766 754 840 737 719 810 721 751 826 731 790 745 791 741 732 780 729 759 774 757 830 844 793 773 828 701 713 715 687
741 822 742 806 767 791 839 818 788 725 768 802 850 796 714 786 833 691 689 789 707 771 736 712 732 816 790 733 746 829 702 795 699 692 721 749 813 782 756 785 855 798 841 743 701 832 704 729 761 710 775 744 825 757 765 717 777 740 688 724 713 852 708 811 695 812 847 762 814 846 854 780 734 709 799 722 693 711 794 694 720 840 805 838 754 696 769 759 738 778 810 700 834 723 715 842 844 826 719 821 726
742 739 728 763 741 849 838 703 797 720 809 836 748 779 831 776 753 787 716 807 825 783 764 687 690 770 755 843 737 698 754 747 735 758 718 793 730 688 727 811 845 837 700 769 812 726 821 803 828 710 832 772 697 765 723 820 830 817 856 705 759 840 761 827 740 766 835 819 731 790 799 721 815 848 784 805 704 708 808 810 729 781 823 780 756 696 798 760 853 757 701 774 844 722 841 846 800 824 715 711 785
743 848 697 827 761 781 719 713 688 819 755 769 690 831 817 760 764 704 838 737 687 814 711 840 762 696 847 772 812 753 808 805 739 810 797 758 845 828 694 766 708 731 820 735 843 836 710 705 748 715 754 727 830 774 718 783 849 824 853 856 777 793 721 807 787 720 835 701 821 834 815 706 826 779 703 770 842 851 756 811 800 752 722 784 844 798 747 726 802 695 809 745 776 794 700 852 717 716 730 723 795
744 735 733 825 776 819 716 795 710 838 688 769 711 765 753 807 853 847 738 698 772 774 815 697 820 856 696 713 706 800 690 764 752 687 760 824 719 840 737 835 783 759 794 770 828 810 779 851 842 845 730 766 843 741 848 761 731 784 781 829 830 802 694 805 811 839 762 780 729 751 756 792 708 827 799 812 715 695 705 793 803 755 701 818 722 850 813 693 817 723 778 703 763 773 823 726 728 797 725 727 771
745 816 802 771 789 749 717 791 775 732 746 712 689 788 818 782 850 757 822 806 725 736 852 839 767 833 702 699 707 743 851 768 855 691 714 721 841 704 692 798 740 786 742 796 804 716 765 785 733 763 688 846 825 744 835 811 730 843 770 821 838 836 776 777 848 729 761 753 764 741 807 754 709 756 769 792 799 779 735 797 793 693 772 748 856 837 710 687 783 701 808 734 831 803 720 728 845 832 759 819 840
746 779 704 825 838 807 737 687 765 754 735 766 728 739 730 701 716 690 790 843 759 853 748 831 830 758 770 809 734 756 703 820 797 780 817 721 832 696 783 836 776 720 849 840 709 697 764 821 819 705 845 688 777 700 834 751 741 727 784 745 723 828 747 760 769 785 755 726 740 811 824 856 693 846 823 803 738 812 842 847 708 835 787 718 848 795 774 815 800 695 711 799 722 805 837 826 698 827 794 710 763
747 768 714 725 791 839 712 702 689 732 822 802 699 786 833 789 818 742 788 736 806 771 767 733 707 749 829 816 795 796 746 692 855 691 743 717 813 775 852 782 757 799 785 798 851 700 841 762 846 850 704 734 761 710 744 751 738 756 721 811 740 715 812 690 759 711 790 716 794 722 695 810 843 706 693 726 854 847 776 769 766 765 778 832 708 724 723 844 826 772 784 842 727 731 694 760 735 834 853 697 825
748 768 707 822 712 786 839 788 733 789 742 818 689 771 833 802 736 691 714 702 746 732 796 782 806 850 725 816 767 791 813 799 743 699 795 829 692 729 769 749 785 776 855 704 724 765 721 798 711 722 735 738 792 726 790 811 717 847 700 812 751 774 851 854 821 852 832 778 810 757 766 715 761 775 825 840 804 843 734 844 846 697 848 826 772 693 744 762 706 698 719 794 716 760 701 834 823 688 856 837 777
749 722 776 793 705 758 767 836 752 759 706 787 696 738 821 745 733 747 695 726 792 755 815 711 781 731 847 773 820 694 810 768 715 718 698 809 784 814 829 796 713 837 830 828 741 808 795 822 794 805 812 703 690 710 701 719 818 853 827 727 817 774 842 834 845 763 748 761 778 737 714 799 850 854 813 712 772 697 819 831 762 760 751 839 723 709 823 849 824 844 707 771 766 753 848 754 804 791 800 826 729
751 691 802 796 788 771 732 789 852 791 689 746 704 806 712 729 850 818 776 775 753 767 692 757 804 717 699 714 793 702 782 707 855 725 833 736 816 798 822 841 742 799 811 749 785 740 743 721 768 744 730 809 761 836 703 759 839 748 755 803 787 769 763 797 720 832 764 698 807 710 808 843 708 825 783 786 838 747 765 835 733 821 790 837 831 735 709 779 772 718 756 792 758 770 687 716 739 848 688 849 741
752 802 789 691 749 689 791 771 732 757 717 818 702 796 775 788 822 806 725 852 782 855 712 839 804 833 743 721 714 744 850 692 707 736 742 704 816 746 767 699 798 786 825 776 729 768 793 841 843 753 785 808 730 733 811 790 803 769 832 763 783 851 836 809 716 735 740 799 797 739 720 688 698 708 759 787 758 764 777 761 807 770 821 765 779 792 838 754 755 772 734 856 693 741 817 748 687 849 846 835 837
753 702 786 725 742 822 833 736 850 767 689 788 733 839 818 714 712 771 768 791 699 813 806 802 732 743 816 789 796 829 744 704 770 691 751 707 851 795 740 715 841 721 746 782 831 693 766 734 695 756 738 706 690 793 781 854 812 821 826 790 761 842 716 720 686 775 805 808 792 779 710 762 836 846 722 757 799 700 711 794 759 784 713 853 694 765 749 701 724 773 728 832 855 785 752 817 754 705 843 692 726
754 822 714 806 788 818 839 802 702 689 732 746 725 712 796 791 798 767 852 742 833 736 768 707 855 733 850 771 743 782 691 717 785 699 789 808 786 804 757 775 811 841 816 735 825 790 686 799 729 720 795 740 762 692 763 710 711 769 776 832 846 755 734 749 756 716 708 851 829 783 698 814 854 761 753 741 715 803 817 722 813 770 764 810 744 759 787 800 772 793 690 797 856 745 809 718 843 805 719 700 721
755 707 822 712 717 768 816 855 767 714 796 839 743 852 742 798 788 802 786 704 782 689 736 733 732 771 721 725 749 791 789 833 776 746 692 777 769 850 691 702 813 806 829 846 778 765 818 785 792 795 759 779 835 699 848 780 710 807 843 722 761 775 693 851 812 841 698 754 738 709 811 844 735 757 751 744 847 688 711 729 838 700 804 799 856 825 740 690 701 756 854 726 734 826 794 837 772 723 803 805 697
756 833 699 746 707 767 850 712 782 691 768 816 736 813 822 804 788 825 793 716 796 743 730 802 806 792 789 776 742 765 729 714 741 786 832 769 753 839 803 790 808 689 763 818 843 732 728 836 791 835 721 779 733 702 851 762 807 811 744 795 799 720 735 698 797 754 709 725 856 717 852 771 704 837 841 809 749 838 855 787 798 810 747 755 687 703 692 774 713 814 740 761 820 708 715 758 718 722 705 777 751
757 829 733 795 776 786 773 832 731 781 690 728 790 839 820 821 738 803 752 812 710 768 810 737 837 769 722 847 716 802 774 822 713 843 800 792 856 698 711 719 706 853 765 845 694 818 840 828 770 751 735 782 791 830 745 838 697 760 834 726 825 850 811 831 715 794 754 823 842 723 779 835 815 701 796 742 771 699 762 691 732 784 813 806 772 851 824 767 727 725 788 712 747 703 743 700 709 704 819 789 766
758 788 712 786 822 736 732 839 749 771 818 746 707 725 789 768 689 806 742 702 796 733 743 833 802 714 691 816 791 767 692 829 782 850 813 795 704 699 798 785 710 855 717 765 729 721 769 811 835 852 843 841 846 778 854 851 735 776 780 812 847 711 734 775 838 837 724 777 856 825 693 726 804 706 832 799 844 761 803 698 738 790 713 792 690 756 719 701 716 848 826 774 700 757 770 751 722 688 731 760 772
759 732 806 746 796 788 736 789 816 699 749 851 818 692 712 855 791 837 742 721 802 804 717 850 821 691 782 716 714 795 786 835 833 798 852 822 848 707 832 725 813 702 744 710 769 755 841 775 767 840 743 771 836 761 825 839 790 843 808 812 811 757 708 740 693 753 773 829 770 729 735 794 751 768 803 701 722 711 689 713 838 772 724 690 696 774 704 778 720 781 700 792 738 854 799 793 741 734 733 809 715
760 691 743 717 771 852 692 802 707 788 806 782 732 850 833 714 746 841 816 689 822 767 855 699 775 712 757 796 725 839 804 736 740 744 702 742 798 768 791 776 789 799 818 749 793 790 836 808 803 786 832 809 729 772 763 720 761 721 785 704 748 843 769 698 762 730 779 787 733 739 811 716 758 797 728 753 710 718 821 835 825 848 783 831 807 735 851 817 792 703 747 755 765 759 715 813 764 709 837 741 770
761 839 743 768 691 786 733 789 725 782 791 736 795 796 829 822 767 689 813 850 716 712 742 717 771 798 707 714 818 816 702 735 825 777 855 793 701 804 824 779 833 841 806 769 740 732 699 788 730 790 851 821 794 802 749 728 843 778 711 753 792 741 759 785 744 842 780 846 838 729 797 812 783 687 755 738 837 719 746 836 723 807 765 811 809 751 726 803 774 847 739 720 832 757 852 808 693 718 835 747 748
762 691 804 743 802 782 771 721 792 818 736 788 850 699 825 816 725 740 822 732 839 712 702 709 806 689 791 764 798 833 779 717 777 786 807 757 789 768 852 693 838 775 707 855 730 714 843 848 710 841 688 739 749 754 742 687 703 819 808 746 701 753 796 840 733 744 763 756 851 832 747 729 803 831 821 837 735 765 793 741 723 767 783 836 795 856 776 697 812 769 698 690 727 748 785 734 790 720 824 737 835
763 742 822 806 714 839 816 791 712 725 796 771 732 833 767 768 818 736 707 789 788 850 733 785 689 829 699 702 802 700 841 795 786 713 740 825 846 691 778 738 711 838 746 721 724 697 851 777 798 726 692 701 784 749 715 695 769 756 690 843 813 722 706 765 812 826 782 805 853 754 727 794 848 855 824 693 694 762 854 688 704 719 735 757 815 774 775 717 790 780 810 847 842 710 852 723 696 734 751 821 792
764 767 786 768 691 789 736 788 833 839 712 689 733 771 732 714 806 850 816 742 822 782 725 702 707 796 743 818 791 813 717 746 699 855 852 802 799 851 829 762 821 744 798 785 721 795 704 778 722 729 701 724 692 769 738 841 726 690 693 711 812 713 794 848 776 845 804 706 757 751 775 710 735 800 847 700 811 773 810 844 727 715 846 695 854 842 740 697 731 754 734 825 832 772 694 790 698 814 853 688 759
765 789 691 746 699 833 822 767 689 732 714 839 768 808 796 806 813 791 771 816 712 707 742 744 725 736 782 775 757 776 702 836 855 717 786 802 722 733 710 852 755 715 740 756 818 788 720 787 831 841 795 738 743 798 758 785 799 832 804 734 829 850 692 763 748 809 741 778 854 817 853 814 690 761 705 821 826 724 753 762 716 745 711 790 706 797 848 783 794 695 793 812 719 811 849 713 770 827 721 846 700
766 746 788 767 806 850 816 743 689 791 712 789 822 729 771 839 691 717 742 833 707 714 736 768 802 796 732 782 852 692 725 786 804 753 793 808 699 841 818 720 702 832 757 744 740 776 775 855 798 790 749 811 733 803 831 748 825 809 836 769 807 795 843 698 730 835 728 829 763 837 735 716 792 799 709 704 821 739 721 761 755 783 797 747 779 772 762 787 764 817 838 785 710 813 758 741 765 701 708 754 851
767 825 783 764 687 730 728 741 772 716 735 703 739 840 803 849 797 800 720 780 819 856 770 755 753 763 836 823 817 765 832 831 807 779 710 708 766 688 754 790 811 749 824 827 787 698 851 748 809 837 838 693 709 705 769 776 774 747 830 727 808 820 723 706 761 843 756 848 778 815 690 828 729 812 704 847 758 696 726 805 835 784 777 740 785 751 799 697 792 737 734 760 718 700 845 793 701 846 826 738 773
768 809 783 748 825 764 687 730 817 739 838 831 761 832 755 747 849 807 735 836 741 779 790 688 763 740 793 770 845 803 797 709 728 780 765 708 753 856 837 811 772 800 823 716 703 720 758 819 821 828 754 737 718 701 827 704 835 774 840 843 757 787 846 778 848 775 799 726 804 844 808 697 784 727 769 815 785 690 721 841 749 705 776 710 756 698 766 729 812 824 805 777 723 700 814 851 792 854 834 760 830
769 743 714 712 833 767 771 839 742 822 850 793 699 783 757 744 789 775 782 746 768 736 689 816 733 707 806 813 809 818 817 755 725 808 795 702 829 704 788 691 724 791 786 761 732 716 734 796 785 797 787 821 756 759 748 730 836 763 841 770 773 693 799 738 777 758 831 740 718 721 792 832 802 805 764 790 779 754 781 690 854 842 715 849 692 780 739 737 846 722 751 694 804 837 728 701 705 827 848 719 814
770 691 767 707 768 816 742 806 714 850 746 818 789 782 822 833 725 712 839 796 776 732 802 788 699 753 729 689 702 791 843 757 736 743 775 733 851 771 786 744 717 721 692 769 798 852 735 738 808 813 700 711 811 722 715 759 855 739 810 838 835 804 821 792 774 812 708 807 836 697 765 795 706 698 785 790 773 825 819 694 829 754 745 794 710 779 784 731 761 832 848 713 703 720 709 856 695 844 701 758 814
771 705 728 831 737 764 828 730 722 797 763 703 817 715 748 827 708 718 835 848 735 854 741 753 709 784 758 825 745 823 807 760 738 752 830 711 781 687 690 773 765 851 721 800 751 783 842 720 820 808 762 815 769 779 747 836 810 840 787 812 824 727 778 716 844 755 819 799 731 693 695 726 856 837 700 754 838 723 766 843 849 777 794 694 704 761 774 814 697 739 834 780 847 698 776 803 832 719 772 790 729
772 767 733 786 699 712 822 796 839 768 791 702 743 725 782 850 795 742 789 714 736 788 806 833 732 689 785 775 691 816 744 707 771 813 793 720 757 802 855 746 843 749 692 790 717 837 818 829 693 779 851 846 817 841 716 792 808 812 730 798 708 728 709 763 759 809 797 832 734 711 760 700 836 739 773 807 852 738 748 710 703 690 826 722 787 753 764 835 755 723 783 740 737 794 844 751 719 777 687 754 853
773 689 789 757 702 802 725 818 714 806 771 775 717 798 732 841 721 788 699 822 707 749 791 712 839 855 833 825 852 782 767 736 850 691 804 692 729 768 790 816 742 769 785 746 832 743 796 735 846 759 740 808 838 720 753 779 811 698 776 733 704 764 744 709 837 795 772 792 708 761 770 739 813 803 783 799 817 856 848 797 756 780 730 840 854 734 786 826 687 845 843 765 697 748 755 688 835 738 809 741 710
774 725 789 714 712 839 767 806 822 782 768 775 689 702 816 757 791 707 743 818 732 771 850 736 691 786 744 802 746 833 699 796 788 787 717 742 749 841 804 852 855 733 692 740 763 704 761 748 770 759 693 835 809 799 785 783 716 846 836 756 721 793 762 758 779 734 798 851 817 797 808 829 730 849 825 837 715 741 710 848 772 832 703 795 790 777 803 729 755 778 776 813 812 831 728 700 723 792 718 838 737
775 829 776 832 795 786 738 733 722 773 847 731 790 774 782 690 781 745 768 710 728 842 752 803 810 715 716 769 839 821 698 711 713 812 765 751 838 694 830 792 735 825 845 856 800 820 737 772 834 811 760 853 822 843 796 727 706 794 823 770 828 784 791 802 754 840 723 837 697 818 824 719 831 691 726 804 747 712 788 783 762 767 742 743 759 813 836 850 701 806 835 815 809 700 718 854 741 779 724 699 753
776 699 749 736 833 775 850 786 742 757 725 690 744 724 702 816 851 795 788 767 746 806 841 714 817 789 770 740 755 701 793 818 808 686 751 785 733 831 765 716 692 768 782 813 704 839 846 771 779 693 777 712 707 821 835 689 822 829 809 727 732 738 739 826 848 756 842 797 783 721 849 694 743 760 854 853 722 711 855 691 734 791 815 825 799 845 748 836 737 766 784 802 814 794 830 697 723 687 843 780 700
777 699 689 732 714 702 788 725 833 691 806 791 855 746 818 707 771 767 816 802 755 808 822 743 804 761 720 796 776 850 839 782 712 852 717 768 793 832 736 762 729 854 763 692 798 841 790 789 710 809 706 769 787 836 733 741 742 775 851 757 783 698 811 799 810 795 730 740 803 716 715 813 690 831 800 758 814 711 786 837 785 705 735 744 700 708 825 797 745 817 722 753 748 843 772 756 738 693 718 759 781
778 802 691 771 732 767 768 822 789 850 699 689 832 712 796 788 806 791 790 720 782 839 702 833 755 763 692 818 843 714 725 721 786 803 733 730 841 749 808 799 761 804 764 816 743 742 793 765 707 825 811 852 704 758 736 716 746 729 797 728 775 757 748 836 831 855 744 759 740 809 717 783 795 835 807 741 838 703 856 776 821 762 687 787 753 792 739 798 710 772 813 779 718 827 817 769 698 848 837 814 709
779 691 816 746 833 707 714 699 789 742 712 786 813 736 768 733 782 788 732 689 839 767 791 818 806 822 850 802 710 771 702 790 804 725 776 795 743 796 761 762 757 832 729 851 692 686 785 717 855 755 721 852 799 744 846 706 775 740 738 810 793 715 753 756 722 808 734 769 848 811 772 829 698 841 713 821 716 720 708 773 853 719 690 763 749 711 693 798 800 854 814 849 794 826 727 842 724 770 834 688 737
780 691 796 767 689 768 732 806 833 791 699 702 822 746 855 788 707 818 712 808 714 852 789 771 839 717 785 733 725 804 742 786 802 782 736 850 841 836 755 716 816 757 798 761 851 743 776 740 744 775 831 769 763 813 829 799 729 741 758 811 787 793 692 797 690 762 700 814 821 854 853 810 734 722 749 715 795 748 773 753 770 706 843 817 738 708 721 848 809 693 718 846 720 759 790 735 704 703 730 832 710
781 743 729 802 757 782 771 850 736 699 788 692 689 839 822 691 732 712 775 749 707 852 816 714 721 841 833 825 818 806 791 811 789 804 742 717 798 702 796 785 725 767 753 746 740 768 744 855 769 786 709 704 776 838 790 730 759 783 846 710 733 792 765 803 832 716 698 817 735 843 797 764 837 763 848 807 856 761 777 779 739 809 840 813 808 687 723 835 820 819 756 708 722 793 688 780 799 851 844 727 830
782 704 688 737 779 764 843 697 797 735 761 817 720 715 696 748 840 755 814 687 709 770 798 819 781 783 718 823 721 830 848 762 831 723 739 852 740 708 774 772 827 716 837 703 775 855 825 710 810 701 836 835 785 849 808 690 760 845 756 717 754 765 769 838 728 815 851 809 828 844 820 727 719 776 811 758 731 794 803 752 745 759 757 790 705 773 842 846 799 812 777 695 693 805 778 826 793 824 832 787 722
783 767 768 712 796 689 786 813 839 742 788 791 733 818 707 816 702 822 806 829 833 714 691 782 771 851 746 789 725 769 732 699 736 743 717 721 692 821 795 776 848 700 738 855 744 835 799 722 775 785 811 852 715 802 701 810 854 794 690 726 706 812 761 850 710 798 698 729 711 686 777 841 694 719 784 757 709 844 762 735 754 853 693 765 843 695 724 749 781 751 840 737 774 804 778 713 834 815 731 825 837
784 771 802 852 789 788 732 691 707 689 746 767 768 717 702 749 712 818 806 804 850 791 855 742 839 822 816 782 736 714 743 796 775 704 692 729 725 699 757 763 808 740 786 841 744 833 776 798 793 803 753 783 832 730 721 825 837 790 797 811 733 792 765 836 809 843 761 770 785 698 799 686 769 720 716 688 759 856 772 687 835 821 748 709 735 728 787 703 777 764 817 718 710 747 829 708 848 779 741 819 838
785 825 716 792 803 795 837 763 836 735 832 730 804 733 807 782 839 746 808 767 768 776 838 851 772 754 816 786 850 710 738 793 789 729 720 831 780 712 708 790 812 820 707 755 769 722 741 781 698 714 828 856 779 758 742 690 764 822 815 728 783 809 797 765 819 713 688 794 748 773 715 835 840 761 813 718 829 747 695 711 751 833 703 799 849 699 687 702 719 821 796 834 737 848 705 725 689 701 696 827 736
786 764 739 748 703 688 753 740 779 772 776 783 797 793 758 761 757 840 841 843 741 790 817 735 775 832 747 698 755 787 720 825 836 701 730 837 803 807 792 821 819 811 687 838 718 728 835 709 856 809 846 845 810 849 808 815 763 827 697 831 785 774 765 854 805 700 704 848 708 729 820 759 754 798 690 812 823 830 705 726 844 769 766 828 723 800 780 715 710 756 762 778 696 799 770 721 851 737 804 784 852
787 736 788 742 692 839 689 822 786 707 767 712 802 791 806 725 714 732 789 833 850 771 749 818 816 768 813 702 829 795 721 691 699 746 851 743 733 782 811 796 854 774 765 769 704 841 798 856 711 855 700 847 735 848 777 852 717 729 775 846 812 726 837 710 724 709 785 757 792 825 738 794 701 751 790 815 780 838 695 690 761 756 824 697 688 832 835 706 772 840 693 826 843 819 834 744 778 740 723 821 722
788 836 737 716 730 703 719 764 748 687 754 808 739 758 705 787 797 741 820 817 783 718 779 723 821 844 766 753 695 708 728 759 763 755 803 751 837 845 722 720 834 747 701 849 847 715 727 776 738 777 831 828 698 814 809 824 784 781 760 780 819 830 810 704 823 762 772 856 840 773 807 853 752 770 800 735 794 694 827 826 799 815 838 709 726 745 778 848 690 756 710 696 693 774 769 812 832 805 843 706 835
789 730 765 728 687 737 764 807 779 748 797 703 825 820 817 773 752 761 836 803 774 854 741 735 739 838 720 710 810 763 747 705 849 694 759 770 718 758 722 831 784 698 835 726 787 828 815 856 753 711 696 783 706 745 812 843 708 723 716 823 751 844 709 799 727 842 809 845 772 690 715 840 848 832 776 755 819 790 814 766 769 824 853 780 827 778 847 834 800 738 821 740 792 793 830 754 701 805 837 785 811
790 707 733 768 746 786 767 757 691 712 833 775 829 821 741 851 734 812 816 789 825 689 839 693 795 736 742 779 822 714 796 782 717 778 699 688 771 791 835 850 785 819 697 702 726 709 761 828 824 844 788 732 804 777 798 756 773 754 826 695 701 842 729 807 799 735 848 722 836 753 815 852 845 843 855 805 856 772 759 797 716 818 713 721 724 846 814 817 760 725 847 769 740 704 813 743 827 706 703 766 806
791 845 687 763 735 730 741 819 823 716 830 747 728 797 820 827 698 783 720 849 817 836 737 754 703 848 779 753 837 856 718 780 708 752 739 835 800 761 787 709 764 765 690 772 808 854 748 723 794 696 705 777 766 815 751 724 759 745 825 755 758 701 774 834 738 840 814 803 694 773 770 847 828 722 831 851 729 810 832 799 778 693 807 757 784 826 695 715 781 762 719 809 731 824 704 726 812 844 792 790 793
792 785 717 762 689 786 691 702 749 841 757 725 775 855 767 733 789 796 839 740 714 811 712 791 729 692 699 756 804 852 798 768 808 755 746 854 722 814 732 707 833 846 813 853 721 761 715 795 742 797 831 769 734 753 829 818 806 799 771 782 711 743 851 744 716 810 738 794 748 776 787 836 772 802 821 763 788 770 736 690 704 759 700 817 809 822 708 773 781 842 784 827 800 693 718 849 758 698 706 701 778
793 749 704 786 829 707 768 733 798 839 721 689 742 795 769 840 722 818 848 776 729 846 702 735 855 852 693 743 789 717 767 699 692 751 700 761 698 822 785 782 835 756 697 851 796 777 711 791 813 799 712 854 841 732 710 719 725 772 856 738 734 709 802 811 833 714 824 847 766 715 838 753 723 823 800 746 731 771 779 806 794 701 760 695 778 690 788 784 843 834 812 737 842 825 726 844 740 775 826 762 805
794 802 732 796 691 791 852 850 692 806 714 771 841 788 699 717 818 782 804 707 689 797 775 749 757 789 843 746 712 822 855 702 743 740 730 744 761 808 767 837 835 809 725 785 736 833 704 783 793 825 776 763 729 803 838 798 753 792 816 759 839 799 787 764 836 832 721 765 742 728 807 811 741 768 720 817 687 716 739 790 856 846 748 779 770 755 703 831 769 698 747 772 709 688 848 851 718 758 735 821 840
795 852 757 798 775 843 698 717 836 744 776 761 785 692 811 793 740 772 817 837 747 841 686 763 787 790 855 703 729 835 720 741 753 748 808 803 746 718 809 779 769 832 759 851 758 804 730 749 699 838 739 783 825 735 856 755 821 765 850 743 691 846 819 728 764 688 697 754 707 823 796 788 792 709 701 816 844 831 807 840 848 815 687 736 791 756 723 771 708 806 802 721 777 812 704 767 762 818 789 773 782
796 845 730 783 735 797 823 820 837 780 690 763 687 840 720 755 741 754 709 759 739 703 849 772 764 716 751 728 748 809 819 765 851 827 825 688 708 697 761 794 817 695 800 718 856 727 808 830 807 719 758 812 832 831 701 723 752 753 843 710 770 803 726 705 747 836 835 848 834 694 698 706 740 815 792 778 790 777 749 737 844 847 731 779 766 760 854 775 774 756 793 853 784 787 693 704 734 805 838 769 729
797 707 742 796 725 732 786 767 788 789 712 839 771 818 791 806 802 833 850 822 782 768 689 816 714 736 692 746 702 813 829 691 733 743 701 699 794 776 710 700 769 852 855 851 785 835 798 717 792 790 711 761 735 698 738 724 693 848 729 826 821 832 842 715 756 847 721 778 854 812 765 775 751 837 706 846 697 696 800 772 726 704 731 727 810 722 734 757 744 784 811 795 737 780 713 749 841 799 695 753 762
798 795 793 755 754 782 705 773 829 813 716 817 738 704 761 733 730 722 809 739 833 694 737 706 839 832 719 786 818 845 808 762 759 850 836 799 728 812 804 849 693 712 711 831 781 792 827 713 743 742 758 760 687 803 815 764 763 741 751 777 767 816 821 714 724 790 842 765 838 787 847 718 770 734 853 797 848 736 745 690 805 780 726 691 835 747 768 689 701 791 814 796 822 830 707 784 837 721 752 699 783
799 850 725 736 851 710 712 699 804 822 771 789 818 839 806 802 768 748 816 691 689 707 788 767 742 764 841 791 687 843 782 721 746 702 807 729 817 798 733 793 698 855 837 732 808 825 714 786 838 783 833 831 720 779 829 751 693 743 703 778 832 812 760 805 749 765 754 790 796 701 747 740 776 769 824 836 811 690 739 726 856 731 826 847 735 785 852 722 723 737 792 695 692 697 844 753 757 756 715 777 744
800 767 732 802 699 839 806 791 768 771 796 691 712 757 822 818 788 833 707 789 714 733 775 702 746 782 744 743 689 850 786 742 692 816 725 736 704 793 832 837 841 739 749 790 716 809 785 764 797 730 761 720 721 777 779 838 808 728 795 803 792 804 829 740 817 821 717 754 783 812 799 835 831 843 729 763 787 855 848 836 755 693 756 852 718 703 813 748 758 765 759 776 770 687 709 701 846 825 807 715 724
802 836 730 834 737 754 823 828 854 831 716 800 837 752 741 748 797 817 835 808 727 705 747 827 815 751 745 781 819 794 706 755 718 820 842 738 719 773 693 687 784 814 778 722 694 787 845 724 760 753 762 779 690 703 849 726 735 731 728 763 826 810 824 695 807 844 739 711 830 709 758 757 812 799 715 770 723 853 764 759 813 777 821 708 851 765 766 804 774 713 701 840 847 843 756 700 775 720 856 809 696
803 767 851 712 725 789 768 702 788 707 785 818 833 689 736 714 839 786 757 733 813 829 732 742 699 796 806 717 775 691 791 825 700 822 746 782 795 816 724 771 842 846 855 715 814 798 826 778 802 821 854 738 756 850 726 810 740 721 743 852 731 812 695 722 696 784 841 701 794 723 834 762 761 760 727 766 827 706 759 799 697 751 735 704 690 777 688 734 744 693 769 844 831 807 754 853 800 692 753 758 765
804 704 721 762 851 690 715 799 711 846 834 785 818 734 855 847 815 702 733 842 853 717 768 723 852 848 759 706 727 726 843 725 831 777 779 751 784 817 812 802 826 824 794 806 835 701 756 693 688 805 761 752 695 700 795 781 740 722 710 694 760 754 719 780 798 789 792 766 709 767 699 773 731 791 737 775 827 796 814 790 738 786 837 724 829 850 778 765 696 810 713 774 697 714 822 841 844 828 830 728 689
805 743 833 699 717 767 816 712 691 786 736 789 702 804 782 742 746 839 768 788 689 749 707 796 852 729 771 716 850 714 732 799 704 790 798 806 763 753 802 769 822 855 744 725 836 692 832 791 793 720 733 775 825 821 739 730 757 776 741 811 808 721 765 841 795 755 813 803 728 835 740 779 797 735 851 762 856 777 754 809 838 807 708 701 785 787 723 687 783 794 748 709 854 759 698 820 837 812 770 758 845
806 687 763 741 728 845 754 709 823 730 764 830 821 831 716 797 817 819 824 759 718 737 770 701 849 739 703 698 800 705 780 840 779 748 837 735 783 765 766 704 708 787 753 773 836 758 747 722 774 695 715 820 776 828 834 760 856 693 720 815 777 723 772 803 799 710 751 794 844 825 827 752 727 854 696 842 769 848 810 731 843 784 729 719 778 812 808 814 694 781 804 726 755 826 762 697 745 807 734 838 847
807 691 789 746 699 818 839 768 822 742 767 833 771 816 733 813 786 796 802 689 736 785 841 712 732 788 855 744 707 714 852 734 740 850 702 743 725 791 829 806 799 710 715 782 717 762 832 790 693 755 692 716 821 795 854 842 761 756 724 846 814 831 690 845 713 722 847 798 704 794 808 851 751 836 770 772 749 803 721 778 695 738 729 810 766 849 694 726 711 853 775 812 688 727 706 763 793 701 776 817 804
808 788 704 712 802 765 813 850 791 732 771 822 733 743 796 767 721 701 692 780 736 839 782 816 776 786 821 689 768 829 785 691 818 777 806 724 795 707 769 754 700 729 734 742 798 749 848 725 699 688 855 711 815 799 838 833 792 854 714 726 851 812 717 789 825 710 766 794 702 727 756 697 778 841 835 784 723 695 842 846 698 819 770 735 856 731 753 746 852 762 759 693 779 811 760 738 837 773 824 853 832
809 768 707 742 712 822 813 839 796 733 746 714 767 788 816 736 702 789 786 689 851 692 829 850 818 833 782 798 769 725 749 855 717 852 691 704 795 791 776 724 771 854 710 802 806 738 811 700 743 735 721 732 697 848 785 826 711 729 777 812 794 775 821 690 734 835 765 688 701 804 757 693 819 847 761 751 695 846 713 719 706 699 698 694 856 722 800 760 810 756 726 772 841 778 774 838 766 792 824 799 828
810 789 712 707 771 802 788 743 689 757 782 839 786 775 691 749 702 850 806 791 816 730 732 699 822 841 742 717 721 725 739 733 736 855 744 852 804 803 768 783 779 740 767 714 833 818 796 709 720 798 792 777 763 704 746 692 770 843 729 748 785 809 793 808 764 797 848 688 776 817 756 811 741 687 807 846 754 832 837 825 836 849 735 734 780 693 698 819 795 765 821 747 703 790 753 761 728 840 710 829 755
811 767 818 768 714 733 795 693 742 786 833 707 850 835 699 689 716 746 782 816 817 737 712 813 792 775 789 781 743 757 787 704 839 702 725 793 809 754 736 812 836 771 783 718 822 691 842 715 695 799 848 706 821 751 738 732 806 758 829 727 845 726 744 796 759 700 779 808 687 815 770 756 778 761 831 777 713 701 728 766 827 741 755 748 791 705 734 711 826 820 834 837 740 723 690 780 849 773 694 794 764
812 691 689 852 743 771 855 789 796 757 742 850 832 822 767 790 802 717 839 833 712 732 725 775 692 818 702 714 746 736 804 806 733 768 782 720 841 786 791 788 798 749 785 699 704 811 808 729 707 730 836 799 753 809 843 816 686 740 763 715 803 783 761 759 721 787 793 755 825 741 744 764 748 797 795 698 772 758 765 735 776 716 770 829 817 762 739 710 848 846 769 687 708 688 747 821 856 849 807 814 779
813 779 783 821 809 852 836 730 808 765 753 717 720 764 807 797 803 825 761 708 798 748 787 843 855 802 838 769 776 688 739 817 735 687 756 755 811 728 697 856 758 832 772 741 793 740 703 837 818 849 819 747 759 757 709 848 840 698 775 721 737 704 702 792 749 763 771 841 770 785 729 791 725 689 796 790 823 850 732 804 701 718 851 846 780 847 831 710 744 693 777 692 714 822 806 734 754 839 789 719 723
814 802 782 743 691 788 725 699 816 714 732 789 689 791 818 850 771 702 692 721 749 843 712 729 806 768 833 841 803 839 707 804 792 822 717 775 736 798 786 776 790 720 757 746 765 728 710 767 807 832 723 741 796 709 742 740 733 754 769 846 688 821 852 687 855 785 730 777 825 848 838 779 704 759 693 735 690 835 701 826 837 756 763 813 753 737 744 764 780 795 851 812 727 793 820 770 698 811 697 854 847
815 689 717 802 822 691 855 771 789 839 852 712 806 767 791 749 804 707 782 768 786 816 788 714 796 742 744 833 692 743 732 736 746 702 725 850 720 721 757 808 798 785 704 832 733 818 790 776 775 841 699 795 811 716 763 729 740 829 787 843 799 821 783 809 730 793 739 715 769 698 836 846 803 797 755 708 825 710 770 734 759 813 741 772 748 761 851 807 753 758 764 738 817 762 814 777 848 724 831 735 765
816 779 825 735 716 763 838 755 764 704 728 745 770 836 783 819 797 776 748 688 807 737 739 759 856 849 843 765 753 820 697 730 709 766 787 809 827 741 705 814 708 723 731 830 747 835 758 718 774 722 790 831 808 698 832 837 720 842 817 703 777 695 805 762 693 769 840 823 760 815 799 848 785 834 821 781 811 761 826 772 756 687 734 803 828 810 727 690 853 784 715 845 710 694 824 701 729 700 721 719 751
817 712 768 822 691 788 771 789 806 725 707 802 767 791 786 743 782 732 702 796 829 733 736 746 689 818 714 795 833 776 855 798 742 839 816 769 811 813 692 804 799 717 852 850 749 710 721 699 832 821 790 765 704 715 724 735 698 772 729 738 843 744 837 734 851 700 753 812 792 722 701 810 761 754 794 757 856 693 711 777 781 842 775 803 716 800 773 854 825 835 848 838 726 695 774 807 688 785 819 762 780
818 739 754 807 748 720 741 703 797 716 845 728 821 763 730 735 687 783 753 836 856 823 779 758 811 764 747 770 718 854 773 709 803 704 759 831 817 701 787 780 762 705 820 752 804 849 777 799 711 793 698 776 809 800 819 751 814 727 843 774 737 724 738 757 769 808 812 761 834 694 794 784 745 828 837 740 781 708 830 848 826 824 840 827 695 835 798 853 729 778 731 755 813 765 832 749 775 690 722 715 847
819 699 707 822 791 767 712 833 806 743 732 714 802 816 744 736 691 796 689 839 850 782 768 725 786 788 746 771 841 740 702 855 789 818 742 692 790 717 831 813 795 785 757 686 720 733 808 852 749 762 832 775 821 809 704 793 799 836 829 721 690 798 738 854 770 716 710 804 761 787 734 755 810 843 851 700 846 763 817 783 758 722 759 741 715 730 756 751 772 718 781 711 748 853 797 773 842 723 814 825 784
820 689 796 822 788 791 789 691 802 707 732 746 771 712 757 816 692 806 850 767 818 725 702 743 742 833 749 714 782 699 839 775 736 717 744 786 855 852 785 768 841 838 804 821 811 776 729 721 733 798 715 835 832 710 829 851 846 769 825 700 735 762 756 793 779 813 740 843 753 799 814 790 698 761 734 854 704 720 808 772 781 809 739 693 765 764 688 759 783 758 794 754 755 810 836 842 748 805 837 787 856
821 806 725 818 699 788 813 833 702 839 736 768 733 721 786 757 712 825 746 714 749 742 790 732 822 808 775 689 691 816 846 759 789 850 802 707 720 743 855 843 729 776 835 767 764 782 838 783 716 832 796 730 769 791 698 803 852 761 795 798 735 693 727 841 753 809 717 817 734 811 807 723 771 785 837 819 765 692 715 797 779 719 718 762 854 740 799 711 804 708 820 763 748 792 713 738 770 687 851 805 710
822 741 754 748 763 687 755 817 716 709 708 819 807 845 739 753 730 820 758 704 718 765 764 836 735 849 809 747 797 772 705 825 831 837 737 787 823 815 779 835 783 723 827 856 698 728 808 780 774 838 761 697 851 840 770 799 843 693 726 844 769 781 727 701 812 729 690 703 720 854 830 832 757 766 824 821 752 800 773 848 778 688 762 803 828 760 777 790 694 826 745 756 834 793 810 775 696 715 784 776 710
823 702 796 806 802 714 732 791 850 767 725 689 839 818 691 712 771 822 699 768 782 789 788 816 692 746 841 786 707 742 775 833 733 757 717 736 793 743 855 795 740 749 813 790 851 832 785 744 852 808 704 721 829 748 720 804 831 755 710 799 716 734 763 761 758 770 809 798 821 690 762 783 817 797 722 738 715 776 836 846 794 756 826 700 711 811 735 854 853 759 778 727 751 769 772 730 812 803 825 814 849
824 732 806 712 767 691 788 689 707 850 771 802 717 692 822 839 789 743 746 714 702 804 818 833 768 761 782 791 841 725 816 855 852 744 775 793 742 790 736 757 832 799 699 740 796 729 763 721 749 733 776 808 704 785 786 716 836 720 809 787 798 753 811 762 825 730 698 769 843 755 741 783 851 846 831 795 772 803 759 718 758 817 797 813 770 710 748 821 735 765 814 722 690 848 734 715 849 854 728 747 737
825 707 767 816 768 746 689 712 699 789 742 833 744 702 785 714 822 771 796 786 832 691 733 821 813 782 848 710 791 736 839 850 790 762 836 855 806 803 725 852 775 773 781 761 720 763 756 692 757 719 722 715 795 717 686 799 732 808 846 829 754 737 818 706 802 776 728 741 759 704 837 739 794 713 752 701 721 726 778 690 734 793 718 727 705 788 812 711 787 700 693 826 853 716 831 805 835 694 738 845 854
826 802 712 850 707 736 788 691 816 804 822 767 818 791 806 743 782 689 832 771 699 776 714 746 789 732 803 839 796 717 790 852 809 841 742 753 833 768 729 763 799 733 728 730 740 786 720 797 793 765 716 836 811 749 831 825 835 855 721 702 843 698 703 808 744 748 821 704 718 725 772 755 798 779 761 814 787 692 785 769 775 741 710 762 758 851 735 701 829 837 757 783 764 848 773 807 708 687 709 817 795
827 743 850 771 791 839 802 691 796 767 732 822 714 712 699 768 782 733 816 692 833 707 702 725 789 742 689 806 788 786 717 852 818 855 736 746 798 749 804 841 704 790 775 785 744 811 803 832 776 729 769 721 765 740 686 821 735 792 825 795 710 757 837 829 851 813 779 720 701 799 759 778 716 777 843 770 812 753 838 726 754 698 709 807 739 846 840 763 693 793 835 690 728 854 738 722 730 856 734 848 700
828 771 802 689 712 714 768 788 691 789 725 806 839 743 742 736 767 732 702 746 692 850 833 782 791 822 717 757 699 818 816 855 749 775 841 786 832 796 790 785 707 744 852 804 733 729 740 799 704 793 808 720 798 846 809 829 783 759 730 795 763 764 710 762 761 803 715 765 825 787 716 755 836 686 748 776 753 821 721 708 688 811 758 843 722 831 813 777 734 756 687 735 711 738 701 727 724 794 747 854 700
829 775 757 793 730 783 817 761 832 763 797 790 803 739 740 798 747 809 753 720 741 787 808 836 852 703 698 717 758 749 831 687 729 748 849 807 843 764 769 755 855 776 835 856 838 718 825 699 841 735 799 804 765 728 848 837 845 854 688 785 744 802 811 792 721 840 716 691 772 779 850 759 816 708 709 754 780 819 815 690 692 723 746 812 704 851 820 697 702 727 743 770 701 710 828 762 700 846 833 823 800
830 806 689 791 712 691 746 707 771 782 702 736 767 796 788 833 732 714 802 699 816 742 855 822 692 743 850 725 775 839 789 757 717 818 749 852 841 786 768 686 804 798 744 776 740 733 729 761 811 832 808 836 813 790 721 799 720 710 793 763 821 730 769 716 851 762 795 755 831 803 829 704 785 809 748 741 715 753 758 843 787 764 698 783 797 779 734 781 772 700 825 814 854 735 770 807 693 739 724 773 703
831 768 771 732 689 742 802 712 806 714 767 833 743 746 822 707 789 702 788 818 782 850 691 796 736 839 816 725 791 776 786 804 829 721 855 692 733 729 785 757 704 798 699 819 852 753 765 775 799 698 717 735 723 769 749 792 795 832 697 838 851 811 780 762 807 837 835 840 813 826 856 766 843 701 825 778 790 848 777 803 846 821 744 709 688 693 794 844 751 708 734 720 715 724 756 716 779 823 772 761 727
832 733 768 707 757 775 767 851 786 825 691 829 746 833 712 736 796 785 839 812 742 789 822 714 717 816 702 689 734 693 843 778 725 791 699 771 798 813 795 726 782 686 788 826 777 732 821 846 806 779 818 740 759 828 701 842 756 852 695 815 844 688 713 715 855 807 799 824 835 765 735 741 766 856 841 721 738 800 773 817 836 724 743 769 819 850 831 853 848 697 754 854 722 762 709 696 731 784 814 797 805
833 735 687 779 776 728 764 838 856 698 737 739 753 703 765 763 720 825 748 819 836 835 797 730 741 831 708 849 821 756 843 747 807 780 754 783 803 840 740 844 769 688 716 832 787 790 693 704 811 777 837 718 722 830 770 758 845 697 805 817 827 842 755 696 760 820 772 812 705 828 809 734 800 766 834 719 848 701 773 781 847 723 715 815 798 774 727 824 729 709 721 710 761 759 752 778 695 854 762 846 853
834 802 691 732 788 850 702 689 806 804 712 699 746 725 791 714 796 736 789 833 816 771 839 818 743 775 822 757 692 782 768 767 749 729 717 704 721 841 707 793 852 716 785 742 803 776 733 786 798 855 740 730 811 832 720 790 763 799 769 808 783 848 825 741 843 761 787 779 748 753 836 744 792 838 809 797 710 770 698 807 703 772 764 765 837 739 795 759 709 851 755 754 835 728 747 817 758 821 813 735 846
835 839 691 833 802 771 714 689 791 822 733 725 732 789 702 699 768 786 816 782 712 796 767 811 736 742 795 707 746 743 841 804 740 759 818 793 776 821 829 788 790 806 854 757 744 783 710 755 734 738 720 808 729 832 794 797 775 717 785 722 798 756 852 809 849 758 690 855 711 721 831 850 770 851 842 826 724 825 853 761 774 698 688 715 820 713 716 745 696 778 769 704 787 751 836 719 727 846 701 772 814
836 788 802 742 714 699 712 768 733 822 767 789 833 689 839 702 816 791 818 749 732 736 813 786 725 795 806 785 850 746 771 743 841 782 796 825 829 707 700 765 846 692 691 838 798 738 721 729 740 727 843 724 811 780 812 769 734 775 790 776 799 759 756 832 757 777 693 840 735 856 854 842 760 753 855 761 844 722 851 805 711 709 852 751 704 695 792 819 826 794 762 690 778 713 837 723 824 717 807 848 719
837 691 689 796 839 802 714 712 791 768 822 788 806 785 702 767 786 742 833 782 736 732 757 707 771 759 725 795 816 740 733 717 704 818 699 850 789 841 749 855 746 715 813 799 852 775 688 854 721 804 743 794 729 711 829 825 772 738 798 846 739 800 716 686 761 821 856 851 735 701 808 787 762 831 843 687 724 793 776 769 692 797 756 811 817 836 842 773 784 758 708 777 727 744 720 783 751 755 690 810 814
838 742 691 746 833 768 816 689 707 712 855 699 736 789 702 743 767 717 822 852 786 839 850 744 714 733 771 782 725 785 775 813 851 788 721 757 722 841 836 806 821 795 710 763 796 740 692 808 829 799 802 793 762 846 791 798 715 732 734 818 761 738 716 701 854 794 831 719 820 720 704 790 773 693 705 690 770 781 759 787 755 756 758 741 832 809 724 751 800 695 814 778 749 853 706 745 783 797 842 817 727
839 835 761 748 764 687 763 754 741 807 730 783 837 739 797 747 720 728 755 836 779 827 709 800 753 718 823 787 765 809 793 758 772 735 819 849 843 840 821 705 708 704 703 757 774 803 698 844 723 838 815 769 737 856 727 828 832 781 845 851 710 770 810 808 831 799 825 740 817 721 824 812 785 790 775 848 766 690 726 773 715 701 854 820 834 830 776 792 762 780 752 784 777 798 706 778 805 760 745 694 846
840 707 712 691 767 736 702 732 796 786 725 714 806 782 839 743 833 850 771 746 689 768 822 699 789 793 788 791 742 816 757 733 818 802 841 717 775 692 855 744 813 759 852 785 740 836 795 829 762 851 831 738 804 808 748 722 741 799 783 700 821 798 787 853 711 734 846 724 716 854 809 715 749 690 763 773 758 704 770 810 794 781 755 710 814 817 761 756 706 842 718 843 790 797 826 727 726 812 705 720 827
841 786 716 776 773 819 836 807 763 733 795 792 760 697 794 731 735 719 737 724 768 843 823 781 730 799 698 835 708 837 705 812 838 810 824 848 840 830 753 761 687 793 828 767 844 694 814 713 850 742 711 709 754 787 765 780 777 738 722 829 759 766 827 774 728 751 696 778 741 820 845 826 769 808 821 720 745 762 834 832 804 693 813 784 789 815 782 839 715 727 726 723 847 803 849 747 818 764 755 706 691
842 802 771 699 732 850 712 789 691 833 775 804 816 806 714 746 692 689 782 707 743 803 702 729 776 822 736 757 788 725 791 832 749 720 852 798 767 790 811 717 744 808 753 730 761 721 818 704 836 807 839 793 698 742 841 769 797 796 763 835 768 728 855 843 837 740 764 792 739 786 703 848 741 779 735 825 709 817 687 838 765 759 748 783 785 809 716 787 799 708 856 831 733 710 821 851 840 755 747 819 772
843 707 786 746 782 742 833 712 795 839 816 714 733 789 767 822 768 796 743 699 736 702 771 757 813 818 770 740 832 804 841 689 814 806 729 704 799 821 829 725 850 775 717 802 788 778 794 836 722 791 852 710 716 855 691 761 762 756 812 713 763 744 790 772 695 755 732 759 793 845 724 776 758 721 723 711 715 726 837 690 849 810 817 831 752 783 851 847 815 701 848 826 751 854 718 842 748 706 734 692 738
844 788 691 833 839 771 802 822 789 806 768 732 692 782 725 850 796 714 689 791 712 736 786 702 743 841 742 704 790 832 707 746 733 804 816 716 795 729 767 818 799 836 793 740 749 699 783 755 776 721 757 852 730 764 808 717 748 803 855 710 720 821 775 758 744 708 798 761 825 741 753 831 848 811 779 809 762 772 763 759 703 813 770 843 849 787 807 728 739 785 698 835 765 797 829 735 792 769 700 690 718
845 796 791 806 732 822 725 818 689 768 714 692 702 691 788 802 712 699 742 707 746 743 839 833 789 736 786 782 717 757 775 767 850 852 798 816 721 771 855 733 749 841 744 790 776 829 710 843 811 807 715 764 825 785 729 832 720 808 761 795 813 740 753 769 804 809 730 803 711 837 779 698 765 708 851 693 700 773 836 763 728 793 838 835 704 738 690 748 783 759 741 846 792 756 735 787 722 739 745 831 821
846 804 768 786 712 729 733 793 821 746 836 776 767 782 763 716 755 822 833 803 839 832 856 850 698 742 789 730 825 714 838 795 796 728 816 732 702 792 779 808 771 802 701 743 761 736 725 735 790 689 837 806 753 787 691 773 754 707 772 758 807 747 720 699 809 818 738 708 813 718 769 741 851 739 715 788 722 797 814 811 781 748 745 764 831 690 791 765 798 812 774 713 820 828 694 740 799 835 794 710 810
847 691 788 743 775 702 712 689 757 804 767 749 791 789 732 707 714 744 746 771 833 852 717 796 802 782 806 850 699 725 839 793 736 818 716 768 816 798 855 787 822 799 790 841 704 742 776 739 809 720 729 741 730 703 763 797 748 761 740 813 808 807 786 843 755 721 832 764 758 825 718 769 733 692 728 803 708 698 785 753 715 762 836 848 835 783 765 795 747 779 814 770 687 792 811 709 735 838 837 851 772
848 743 725 702 771 691 791 850 782 767 825 732 789 768 793 733 839 822 796 804 816 712 833 855 806 714 746 788 742 786 729 720 818 740 689 841 707 736 808 776 759 783 715 813 699 809 802 730 692 755 762 790 798 717 829 811 744 787 763 795 832 779 797 785 718 749 716 757 764 687 710 765 738 799 852 703 843 769 831 810 836 735 700 748 812 814 834 734 706 842 775 693 844 745 846 835 851 770 758 753 773
849 742 707 712 768 767 725 850 822 806 689 833 791 796 732 789 839 733 788 816 699 802 691 746 714 702 818 736 782 786 771 743 852 829 717 798 851 813 855 776 692 710 785 835 841 749 769 740 843 775 790 811 821 765 700 795 738 832 711 779 722 761 757 792 807 713 704 810 744 812 721 844 838 698 774 701 848 724 777 706 715 751 690 709 726 825 729 753 735 794 803 837 759 737 762 772 819 847 831 773 754
850 854 776 737 799 764 753 705 827 823 722 849 741 797 708 735 763 730 770 698 748 819 779 704 834 848 781 723 808 716 856 715 840 836 731 787 766 695 687 820 831 824 838 721 772 729 761 812 756 754 842 794 769 719 762 826 809 825 740 760 693 811 709 751 828 830 814 778 700 759 810 734 807 774 755 821 727 845 784 844 745 710 785 706 777 837 758 726 690 843 697 728 798 773 757 717 718 847 738 694 853
851 739 803 804 832 799 729 796 776 689 771 767 730 759 783 720 691 822 712 714 839 790 809 782 785 791 838 715 753 707 802 787 733 704 764 795 743 793 718 732 768 849 770 763 808 779 745 806 757 761 786 797 789 692 744 703 716 698 788 747 780 755 756 777 728 772 792 762 837 831 836 722 840 725 711 687 813 852 846 754 758 823 748 835 740 818 816 843 775 821 721 807 817 701 850 833 736 734 742 710 829
852 795 755 813 754 760 738 784 812 722 703 782 794 838 815 711 719 706 728 726 751 733 694 687 780 764 804 829 730 705 807 752 825 781 793 695 849 809 853 773 847 693 827 701 700 713 765 830 777 845 720 745 766 759 792 817 739 837 716 824 820 805 831 734 843 690 832 797 743 850 762 839 821 747 737 724 729 779 842 833 828 708 826 783 731 696 810 854 770 840 790 786 789 736 819 709 774 818 835 787 803
853 746 707 717 804 788 789 712 802 757 743 744 852 714 736 775 691 816 818 796 767 833 791 689 850 782 742 749 776 730 768 822 699 702 725 798 792 855 729 763 832 839 721 765 806 753 732 704 808 771 799 783 825 786 790 835 692 779 720 739 793 803 716 698 838 761 840 843 769 807 764 787 780 709 841 772 797 856 785 836 809 740 848 811 708 687 718 755 837 728 735 819 821 758 777 733 748 754 697 747 741
854 850 802 789 771 818 732 714 702 791 725 822 733 806 839 687 689 712 786 691 796 833 793 809 787 835 777 746 768 808 716 776 803 837 792 753 816 707 852 749 782 730 775 736 788 742 783 767 829 704 717 739 728 804 836 807 765 838 703 832 757 763 769 720 821 798 758 708 797 741 748 855 718 825 790 843 754 719 759 764 693 819 779 799 729 755 856 795 699 709 715 840 744 851 780 817 811 688 761 735 743
855 755 838 728 703 722 815 754 780 812 719 759 782 764 687 738 777 739 804 730 830 817 726 705 819 713 807 825 729 813 737 706 795 793 792 848 716 711 765 809 694 733 773 760 752 761 784 831 747 821 820 828 837 829 827 701 803 751 799 708 709 824 808 849 794 695 839 783 845 718 696 720 840 843 741 690 818 745 797 779 776 810 850 758 762 832 789 847 724 700 772 823 787 833 748 853 790 856 688 714 743
856 699 707 833 714 767 689 725 818 768 791 702 822 850 816 733 796 789 806 786 839 691 771 788 712 742 757 746 775 743 744 813 732 736 829 846 793 802 795 710 785 787 693 832 855 790 799 808 734 720 721 717 704 836 715 837 782 841 706 738 740 809 722 756 831 852 762 716 755 758 724 817 761 718 794 778 692 821 713 854 726 700 797 812 748 773 690 770 803 711 783 727 835 763 853 784 728 754 759 848 781
