513 628 660 657 611 625 575 588 643 618 662 621 677 663 599 595 577 681 598 583 632 674 648 627 616 658 638 675 584 619 661 640 682 597 635 684 596 650 655 631 579 622 665 607 576 615 626 603 670 592 664 612 578 685 600 582 647 659 680 574 668 672 605 617 623 639 653 678 679 573 594 654 633 173 589 636 667 630 649 427 666 620 590 480 34 593 673 422 644 652 671 656 586 558 609 676 556 107 587 629 374
514 657 588 625 661 577 616 621 619 598 684 682 647 658 578 662 628 643 675 583 660 681 672 626 650 595 640 599 573 648 600 627 677 631 611 635 615 665 655 659 679 618 622 605 678 579 582 596 584 623 685 663 636 670 576 632 575 574 639 654 592 617 680 603 589 674 597 664 612 607 633 630 653 638 668 173 422 414 620 649 594 644 667 609 673 34 652 427 590 480 666 634 593 587 629 107 586 656 601 637 646
515 662 577 647 660 670 661 650 628 615 658 583 684 616 578 600 635 599 643 598 665 632 657 640 681 595 677 582 627 625 663 621 675 626 588 603 597 623 618 576 611 619 659 622 605 575 584 636 655 631 685 638 682 633 679 579 674 574 664 639 648 678 596 173 589 592 573 649 680 612 653 607 594 668 422 617 666 590 630 644 672 673 652 480 34 667 609 427 671 634 593 587 656 586 646 610 601 676 604 556 629
524 657 598 684 660 626 605 628 655 663 623 647 616 621 670 596 625 599 576 611 589 643 577 661 665 618 615 675 627 583 662 682 681 664 574 579 658 600 659 635 672 677 597 619 631 575 573 636 622 679 592 595 648 640 582 588 638 632 678 650 578 685 603 674 607 630 584 639 668 654 680 649 653 612 173 617 422 667 594 620 480 427 633 609 644 34 629 666 107 652 593 673 601 671 586 634 656 558 587 637 641
542 599 662 647 628 643 598 595 657 681 670 661 684 665 658 640 675 627 600 583 577 615 611 616 605 623 677 632 663 650 635 659 682 589 576 625 578 618 582 588 672 631 607 621 660 619 674 584 685 575 592 597 648 679 636 574 626 573 664 579 596 622 603 617 655 680 639 678 654 668 630 612 633 414 638 594 653 667 649 173 620 644 422 609 666 590 480 427 34 593 634 629 586 671 107 601 587 673 637 563 676
544 616 684 636 598 623 677 682 657 679 685 588 647 650 622 584 625 597 621 643 658 577 619 661 618 670 631 665 605 589 611 628 595 575 672 675 578 662 659 660 576 678 663 579 582 640 681 630 599 680 627 600 603 592 635 664 632 626 674 573 583 574 612 639 617 596 615 654 648 655 173 607 653 668 649 594 633 620 638 667 644 422 34 427 666 590 609 480 593 629 652 634 587 601 586 673 637 656 107 671 641
34 603 611 605 575 625 621 592 678 648 663 588 631 589 672 619 573 579 677 622 653 654 598 664 612 679 685 623 618 574 682 639 616 617 647 638 636 597 627 662 582 633 584 626 675 578 596 599 643 595 628 632 681 600 577 658 650 630 659 680 576 661 665 684 670 640 609 615 660 657 667 635 644 666 583 422 590 674 668 620 671 594 607 673 655 414 593 500 676 637 629 634 558 461 652 610 601 506 431 604 645
553 661 643 684 599 628 595 662 660 611 615 670 625 577 658 583 582 675 576 616 621 647 659 650 677 635 665 619 584 579 649 578 627 682 640 648 674 594 623 681 588 575 598 600 597 622 574 632 678 679 596 668 607 636 603 657 605 667 685 631 592 173 617 663 639 626 589 612 672 638 618 573 680 630 633 654 664 655 644 427 590 34 653 656 652 480 629 673 107 593 601 586 671 610 637 587 641 580 394 606 676
556 623 657 663 616 682 648 621 598 575 625 684 584 636 588 677 655 617 592 631 685 579 605 618 647 678 595 596 600 589 622 661 630 664 659 603 635 639 576 643 640 577 658 665 597 633 615 672 599 650 578 632 654 612 611 662 619 670 627 679 675 653 628 681 583 680 582 660 574 607 649 626 573 667 674 422 594 620 666 590 173 644 609 638 668 629 671 593 656 34 107 601 427 610 637 480 586 641 496 634 587
558 598 655 588 621 618 657 584 597 660 579 623 616 622 685 625 589 663 605 603 636 672 631 574 626 650 684 678 648 679 599 592 680 173 596 682 611 575 670 675 617 662 578 665 654 630 633 677 659 661 640 658 583 639 647 619 674 576 600 607 643 681 632 635 612 627 649 644 664 582 594 595 615 638 577 573 668 653 422 628 667 620 34 107 590 480 427 593 656 610 609 394 666 629 652 601 363 641 637 673 634
559 626 657 662 628 598 621 648 627 643 660 600 599 661 588 605 640 582 632 577 675 650 670 647 583 595 578 635 677 681 658 672 625 615 576 663 665 592 659 616 664 655 619 622 573 630 597 575 589 574 623 684 617 603 685 611 638 636 607 678 654 674 682 579 639 596 631 618 649 668 680 584 633 679 612 594 653 667 173 620 422 644 590 609 480 593 629 666 34 427 634 601 107 586 656 673 652 610 641 587 671
561 575 598 599 684 626 592 611 583 605 648 621 577 595 660 672 576 625 622 623 670 664 647 619 682 681 588 616 579 662 628 618 589 677 675 657 640 643 665 635 584 615 685 578 631 654 600 658 573 597 636 661 663 659 680 603 627 630 574 617 649 607 594 632 679 582 650 596 612 678 674 633 653 173 655 667 639 638 668 644 620 609 480 593 427 666 590 34 629 107 656 586 587 634 637 601 652 673 558 641 394
563 657 672 616 588 612 575 597 636 626 598 621 625 678 611 664 618 623 655 573 684 660 685 592 589 648 574 584 622 643 619 582 632 677 579 600 605 661 654 635 631 630 615 659 675 663 599 670 679 627 640 665 576 577 603 583 578 658 682 650 681 595 680 617 653 674 662 620 668 633 639 594 607 596 638 649 647 644 628 667 590 173 666 656 609 422 34 427 629 601 671 107 637 586 641 394 593 610 558 363 646
566 657 685 605 618 682 598 664 575 625 626 616 576 588 595 660 643 640 611 603 579 578 655 623 670 684 677 672 675 650 600 622 632 621 597 574 662 636 573 631 661 628 619 678 635 681 658 599 663 577 627 592 583 665 615 584 582 647 612 679 680 659 589 596 648 654 639 630 653 617 594 633 667 173 668 674 638 607 649 644 620 666 427 422 590 34 652 609 673 656 671 586 629 480 587 556 601 646 610 634 558
567 663 682 598 583 616 670 681 574 595 628 605 660 647 643 576 662 658 679 650 599 640 659 635 675 657 632 661 631 578 577 627 600 584 611 684 582 588 615 678 665 630 618 626 674 622 592 621 655 623 672 625 607 573 638 677 639 596 597 579 575 636 173 685 619 664 589 648 668 654 649 667 653 594 603 617 680 620 422 612 666 34 480 427 633 629 652 644 609 593 673 107 637 601 556 641 656 558 586 634 676
573 173 649 665 480 670 578 615 34 650 576 659 577 640 599 675 582 661 643 632 635 628 662 600 676 658 107 681 593 667 634 583 595 594 652 496 563 427 627 647 514 506 671 374 438 378 614 610 566 645 604 465 400 391 669 651 434 394 428 559 348 673 412 423 656 475 587 561 544 492 524 641 638 542 431 373 586 629 591 363 436 376 370 567 500 606 556 580 601 513 646 637 668 483 558 683 461 674 515 655 395
574 634 675 34 656 658 374 577 615 595 627 391 412 610 583 640 632 567 673 600 563 652 647 681 586 676 659 582 378 423 506 599 635 661 587 558 670 650 578 628 465 606 376 427 173 662 671 665 643 651 576 566 480 649 373 669 496 348 524 646 514 394 438 593 434 461 428 107 559 667 363 604 553 544 542 580 500 492 638 475 645 556 513 561 614 431 436 370 666 590 515 400 601 648 594 633 668 591 641 664 607
575 173 652 34 428 427 586 673 634 667 600 506 556 563 632 582 650 610 604 645 578 594 436 662 107 394 561 643 635 661 627 647 658 681 659 438 566 376 348 671 670 628 480 676 587 665 675 475 423 615 640 646 391 649 513 614 576 583 599 577 544 378 465 591 580 651 370 637 558 374 496 595 514 373 601 515 483 400 542 395 553 492 559 524 412 461 500 669 593 606 683 434 656 431 363 567 641 607 629 638 674
576 666 648 655 609 644 617 639 671 596 422 612 573 653 633 620 603 618 631 682 584 588 654 680 579 622 677 678 630 592 611 637 672 395 597 625 590 589 679 348 641 684 619 683 370 623 685 492 656 483 461 626 614 664 500 593 657 636 663 394 669 374 586 673 480 566 567 363 605 601 616 604 428 575 475 598 610 556 431 378 436 606 591 376 412 553 400 524 561 559 676 574 542 651 646 544 629 506 434 621 515
577 609 666 644 620 589 637 573 611 603 612 633 596 678 655 653 605 685 656 630 428 597 395 641 618 671 654 625 422 394 677 590 617 431 579 639 636 610 586 592 374 514 515 629 107 348 574 672 461 622 664 682 680 684 580 683 496 601 648 591 623 370 631 646 598 669 588 434 651 614 483 373 604 559 593 544 584 626 400 606 542 363 553 679 378 616 673 475 561 663 500 556 575 376 667 436 587 594 492 645 423
578 620 603 596 648 611 666 612 589 644 639 609 573 671 592 630 678 617 625 422 597 622 590 654 619 653 677 579 664 685 588 629 656 633 684 598 680 626 584 623 641 655 575 682 637 636 618 631 593 621 616 683 514 496 649 395 475 363 394 679 515 480 672 606 580 378 669 412 428 663 370 434 574 400 483 34 673 348 605 107 559 601 427 566 604 586 652 374 651 544 556 567 376 542 614 492 591 610 465 461 553
579 634 635 582 34 658 615 640 600 659 681 665 650 583 576 632 599 578 662 670 661 676 647 173 643 675 627 577 595 558 434 496 587 628 669 428 556 348 423 645 427 649 391 394 563 378 438 480 673 671 566 652 604 431 374 514 614 586 593 544 506 553 561 524 580 667 594 646 412 591 107 513 610 376 465 651 363 606 656 370 542 492 373 436 400 515 559 638 567 475 461 641 601 674 629 607 668 637 500 683 483
580 628 660 640 647 577 661 616 595 662 681 598 643 578 657 600 583 682 672 665 626 663 650 582 670 635 621 599 575 627 619 648 615 632 611 576 675 659 658 579 622 685 678 588 618 679 664 592 623 584 684 638 574 617 654 625 674 596 677 655 573 639 605 631 607 653 589 603 636 668 612 633 680 173 597 594 620 667 666 630 480 34 649 427 590 593 422 673 586 634 652 671 609 644 558 610 676 646 587 556 645
582 609 644 596 612 666 589 603 620 623 684 579 617 654 622 630 685 680 639 636 653 664 677 573 422 637 641 671 618 633 616 619 597 648 625 575 348 592 611 588 631 107 656 593 605 655 590 649 496 683 678 669 34 395 672 621 480 682 431 574 394 475 559 629 601 563 584 363 646 610 663 604 400 428 626 586 679 591 434 580 553 515 376 614 427 652 378 514 412 651 542 374 544 606 483 598 373 461 567 370 492
583 671 666 639 596 609 664 612 584 633 622 644 631 682 680 620 370 630 579 625 637 655 618 617 598 610 592 616 648 590 603 605 653 589 685 636 678 656 573 597 679 606 677 623 611 588 641 567 663 363 683 422 669 626 574 483 492 400 621 515 461 619 412 514 591 651 684 657 629 646 436 428 496 561 654 580 542 559 394 475 672 395 575 506 553 107 645 378 500 431 593 423 604 374 434 601 376 586 673 438 513
584 600 583 480 593 576 628 673 615 627 675 634 632 659 558 658 599 578 662 556 665 647 652 650 670 661 595 586 635 681 594 646 667 656 544 34 374 563 428 423 577 582 587 434 412 640 643 676 475 514 567 553 391 431 668 461 438 173 542 614 427 513 436 566 561 649 604 465 506 683 515 580 645 373 107 378 376 607 638 394 591 496 370 363 524 606 590 500 348 601 669 414 400 651 641 674 492 559 629 626 648
586 575 626 660 599 598 657 636 611 665 681 616 655 605 588 577 662 684 630 680 663 584 623 619 685 618 653 643 672 650 594 658 576 574 621 654 678 675 597 638 631 612 670 582 648 603 674 578 628 595 635 659 677 632 414 589 679 667 664 627 661 579 682 615 583 625 617 600 607 592 596 640 668 480 633 639 647 573 622 644 422 620 173 666 593 649 427 590 609 652 629 601 656 34 107 394 676 641 428 363 556
587 660 663 597 657 599 616 621 598 588 596 589 623 679 672 594 592 605 579 636 667 631 619 678 575 682 643 625 677 648 622 574 639 685 584 611 662 670 577 654 655 628 630 638 618 607 684 661 650 583 632 658 635 414 649 576 681 617 668 659 600 612 680 664 626 595 627 674 573 615 665 582 422 653 480 675 578 640 173 603 633 593 644 427 620 647 666 609 652 601 629 590 394 34 676 656 107 637 671 428 641
588 656 480 34 665 652 628 576 558 635 675 600 599 563 645 634 632 658 578 650 659 514 423 582 496 627 661 587 593 431 475 586 669 556 438 583 671 670 615 427 434 595 173 436 647 681 640 428 544 506 577 646 107 348 676 604 614 559 378 391 566 643 394 513 673 412 667 591 374 465 515 594 542 492 561 373 567 649 376 580 638 662 400 553 651 370 668 683 363 607 500 641 524 655 601 674 629 657 483 395 606
589 650 640 615 582 643 658 578 595 577 681 34 635 647 632 661 628 173 600 662 665 652 673 659 649 583 576 646 675 670 627 587 634 558 563 436 492 667 427 556 599 651 594 506 676 544 374 378 438 656 423 586 542 376 431 524 107 348 683 606 604 363 614 428 671 561 412 370 391 475 480 559 645 669 465 566 591 434 641 514 373 610 500 593 400 496 394 657 637 629 515 638 553 513 483 461 580 567 601 668 395
590 600 665 627 599 650 681 675 640 578 647 659 635 661 632 583 670 576 662 577 595 582 643 628 658 173 615 657 655 649 638 427 667 480 660 674 594 652 631 596 593 663 607 584 574 34 679 668 107 682 639 616 634 556 621 563 673 671 637 672 586 678 641 629 394 422 622 558 676 598 630 601 496 515 604 656 645 614 620 587 348 492 434 611 618 391 513 506 553 400 431 566 363 428 561 423 623 626 438 376 412
591 628 662 577 583 650 658 665 660 681 595 611 670 597 616 599 640 643 675 582 576 621 600 647 588 661 657 636 575 627 635 578 619 684 598 659 685 623 622 618 682 626 632 579 672 663 615 592 589 603 654 678 625 605 596 573 584 664 631 638 679 674 677 594 655 648 607 667 574 173 668 639 653 649 617 680 612 630 633 422 620 480 427 644 666 652 34 673 609 593 556 629 601 107 558 656 676 563 671 586 394
592 34 578 640 634 173 676 652 649 675 658 661 576 583 604 647 427 665 615 659 673 582 667 650 635 670 577 632 681 643 506 556 627 587 563 107 438 561 662 594 348 646 600 480 595 599 374 423 614 669 610 428 645 558 559 671 496 586 434 651 566 544 376 436 465 628 431 391 412 567 378 542 580 461 500 514 513 591 593 524 656 363 373 492 394 400 475 553 641 683 601 515 668 637 483 629 606 657 370 638 674
593 682 667 660 594 626 664 584 643 658 603 675 650 611 573 588 679 619 582 618 578 662 597 576 595 659 598 640 625 605 668 647 631 623 670 627 661 632 577 674 653 615 685 635 657 681 677 414 628 672 654 616 633 684 583 607 599 579 678 673 665 636 649 639 644 630 638 600 574 612 173 680 596 592 575 590 666 671 589 617 648 622 621 587 652 656 427 586 34 637 428 646 609 376 655 629 634 620 423 610 663
594 605 598 666 664 480 593 631 672 678 630 617 618 655 656 648 679 628 627 575 573 634 587 584 682 675 625 610 586 665 592 600 643 639 615 589 657 645 599 637 616 633 653 632 603 595 611 661 577 671 620 677 681 685 673 622 588 680 647 636 663 626 659 635 623 578 684 670 553 422 579 640 582 654 576 590 619 612 107 652 376 583 596 658 621 662 597 669 609 646 561 465 558 461 563 604 591 348 34 370 513
595 666 644 609 589 603 596 655 620 612 654 680 622 395 597 653 678 630 633 637 639 671 648 618 428 631 636 623 625 664 617 601 590 573 579 611 641 685 574 619 584 496 422 588 475 672 677 614 542 593 629 604 652 400 567 483 553 679 610 363 663 605 621 556 370 580 461 656 514 436 348 591 480 673 592 646 684 626 683 394 682 559 566 598 107 561 669 515 586 544 427 34 594 434 374 376 513 412 651 378 616
596 640 583 582 578 615 634 675 576 595 600 599 632 659 681 627 577 658 635 647 662 661 650 643 673 670 665 587 628 610 656 556 374 646 506 34 524 652 514 558 676 423 173 394 651 586 373 427 683 465 614 376 431 378 667 674 513 391 438 645 594 434 593 566 668 475 590 412 492 591 544 370 436 542 553 580 480 496 649 500 607 567 363 107 669 561 559 563 348 428 461 400 515 606 633 638 601 629 648 641 664
597 640 634 587 578 676 647 671 595 615 582 577 635 681 604 576 563 673 600 650 558 659 583 423 627 675 643 34 646 438 593 632 665 661 658 628 614 645 492 376 431 599 544 652 586 591 436 475 465 434 670 506 107 373 662 556 566 378 363 651 515 348 400 649 480 412 173 513 683 524 542 561 559 496 667 553 370 610 638 500 391 656 374 594 641 483 606 427 514 567 607 668 394 669 657 395 461 637 580 655 629
598 173 614 594 667 438 649 558 645 676 651 671 34 634 628 427 635 500 428 583 586 556 348 640 423 650 652 578 563 632 363 662 587 665 480 615 431 643 376 647 670 524 496 659 378 610 374 561 544 514 567 559 661 394 542 627 599 566 675 681 370 658 593 683 577 600 373 107 434 580 515 436 475 506 646 595 576 604 391 492 513 412 669 465 582 395 637 591 673 656 601 483 400 553 668 606 641 461 674 638 607
599 666 671 620 609 639 682 596 622 590 637 573 612 654 646 655 605 395 651 610 579 652 586 618 588 678 685 587 664 606 617 656 633 653 542 677 669 363 657 636 370 603 584 683 611 648 644 483 630 436 684 679 672 631 561 673 428 680 621 598 461 663 431 553 506 434 623 641 496 559 422 616 400 625 412 492 597 514 515 574 589 604 592 591 348 614 376 626 594 567 667 34 374 619 575 524 645 475 580 558 513
600 666 639 682 609 584 644 630 671 631 422 648 637 618 590 617 596 603 679 612 680 653 626 620 579 664 655 589 633 622 575 588 605 677 573 611 654 610 678 685 597 619 641 636 625 370 683 483 623 363 651 684 400 574 616 496 598 395 559 606 594 629 515 592 556 492 514 652 656 580 461 542 669 428 563 431 614 646 374 480 604 663 348 500 376 107 591 373 566 621 667 672 412 601 567 378 673 434 586 649 34
601 628 595 647 577 576 582 661 660 578 681 640 643 615 670 635 627 600 583 650 665 621 659 658 611 622 632 675 598 575 599 672 663 625 618 662 685 648 616 588 638 626 682 573 574 619 677 639 654 584 674 579 684 678 617 653 679 480 592 633 623 589 664 668 607 657 596 612 173 603 673 631 680 605 636 666 586 34 597 671 655 590 594 634 620 652 587 667 630 593 427 556 649 434 646 563 558 610 604 676 374
603 34 173 635 578 681 582 480 659 632 670 595 640 427 600 627 661 576 577 634 650 647 658 610 643 615 649 675 593 665 583 599 662 628 438 558 652 348 506 667 556 645 566 586 412 594 434 646 515 606 107 676 656 492 563 544 378 376 671 373 394 513 391 496 374 607 673 591 514 674 423 559 651 436 400 561 475 604 614 542 524 637 553 431 641 428 587 370 657 483 638 461 580 668 629 669 601 363 683 567 395
604 672 628 597 592 681 575 650 662 661 595 636 670 659 682 588 648 664 643 665 684 577 599 647 654 576 685 658 623 582 615 675 598 578 579 619 600 627 605 611 583 677 573 589 622 660 621 678 625 657 635 173 626 680 674 631 584 640 618 574 632 617 612 616 649 663 603 638 607 679 633 644 620 630 594 653 668 667 639 655 666 34 427 590 652 609 656 480 107 629 601 673 593 610 394 556 641 634 586 515 348
605 173 594 34 634 427 652 667 348 649 640 599 577 635 656 628 651 600 378 583 480 394 665 492 650 671 586 582 566 670 627 506 615 681 587 645 659 632 556 567 107 558 412 593 595 661 524 669 662 673 559 576 496 643 658 561 563 676 578 542 683 647 544 428 604 514 675 436 646 438 374 423 434 606 638 370 373 363 515 614 475 431 607 391 376 668 400 465 591 610 674 483 513 500 461 553 580 395 641 637 629
606 599 665 675 647 583 657 660 672 643 628 655 681 650 670 600 658 661 662 640 578 627 616 577 632 615 663 659 574 576 611 621 589 605 603 635 582 623 595 631 622 173 618 598 664 679 579 636 682 575 626 654 607 625 674 619 630 584 597 573 612 685 684 648 649 678 668 588 596 592 638 422 617 680 639 653 620 594 677 633 667 427 480 34 593 666 609 644 652 601 629 107 590 673 556 394 656 634 676 637 587
607 610 666 652 655 637 620 626 374 645 395 593 587 634 631 609 542 678 586 646 641 480 422 605 614 513 669 630 588 363 683 370 603 483 496 617 671 584 558 679 400 606 590 438 656 556 567 677 604 673 561 553 524 559 676 654 653 596 391 506 618 597 664 373 461 563 680 348 657 629 633 648 651 580 612 636 376 34 514 682 436 500 492 685 378 644 591 412 672 639 394 544 579 622 601 598 575 574 423 611 619
609 582 632 650 577 635 643 681 640 670 628 600 595 661 599 675 583 576 627 665 658 659 578 647 662 615 173 638 607 667 668 34 649 674 414 594 480 427 673 660 671 679 652 682 657 655 556 676 593 634 586 348 631 423 584 563 621 587 645 651 434 506 639 656 561 374 604 376 107 363 475 431 663 574 648 610 614 669 558 606 524 514 436 378 391 616 461 394 438 515 465 542 678 646 641 544 559 566 598 588 400
610 611 657 628 607 638 621 603 675 599 674 583 665 600 658 650 575 655 684 672 577 598 630 414 615 626 574 627 635 668 594 596 643 595 659 654 661 670 681 647 648 660 667 582 632 576 612 636 664 663 592 640 662 677 573 616 578 623 625 682 685 617 579 619 622 653 597 618 680 173 589 605 422 678 649 633 427 588 679 620 480 631 639 584 652 34 644 593 629 558 609 656 394 556 666 673 590 641 671 601 107
611 34 173 649 634 610 578 506 577 676 428 635 107 640 650 576 496 681 643 600 586 670 582 394 599 652 593 627 583 436 465 563 595 659 480 658 632 641 400 412 661 645 373 561 675 647 553 651 665 615 348 646 591 662 513 483 587 363 514 500 542 431 427 566 544 671 370 606 475 594 438 604 423 524 378 376 556 391 628 492 567 558 515 580 601 629 434 673 395 614 667 656 637 559 669 683 461 374 668 607 655
612 582 650 635 578 640 173 647 583 595 576 600 632 665 577 658 34 675 599 661 681 643 659 628 662 670 563 480 427 627 652 634 667 649 615 586 610 391 376 673 556 645 107 506 676 587 566 594 465 593 544 671 348 513 374 604 438 558 394 428 492 423 614 434 606 638 651 656 561 607 436 475 514 378 496 637 668 542 431 412 674 483 400 500 553 646 580 641 524 669 601 363 515 559 370 373 591 657 655 629 461
614 598 657 627 636 677 576 595 616 597 660 647 588 662 577 643 628 663 599 661 681 650 670 621 575 665 600 625 582 592 658 573 579 684 632 578 626 675 635 685 619 640 618 589 674 605 622 584 596 630 583 611 615 653 680 607 655 654 659 682 678 173 638 648 649 623 668 603 574 617 612 633 631 679 672 664 639 422 644 620 480 594 666 34 590 593 427 609 667 656 629 107 652 601 634 671 673 610 563 641 646
615 666 639 620 589 596 622 573 671 637 678 579 618 422 636 617 630 654 609 644 682 603 584 621 685 664 597 631 679 655 653 677 592 623 680 598 483 672 641 619 610 616 574 625 588 605 648 395 684 663 652 515 590 656 612 683 611 633 553 669 400 363 575 496 434 594 667 480 376 431 593 542 428 645 461 606 651 514 604 492 412 107 394 559 370 563 601 556 626 427 646 586 524 348 580 475 657 506 660 373 567
616 634 647 556 563 544 582 587 673 583 652 34 675 465 586 374 656 658 676 506 514 558 615 376 423 640 567 578 436 659 461 681 614 373 600 496 428 480 627 662 391 515 378 580 566 599 635 661 438 650 670 500 606 524 591 576 107 492 363 434 412 427 646 542 577 173 594 553 593 348 683 632 431 628 595 645 643 610 400 669 559 394 370 561 667 475 513 671 649 641 665 601 604 651 629 638 483 668 590 657 395
617 632 670 665 576 647 650 600 582 662 578 661 681 659 658 635 675 615 173 627 427 652 628 667 583 599 643 594 634 640 34 595 577 556 480 649 638 673 656 586 674 671 438 558 587 394 610 348 475 563 646 645 428 514 436 637 544 604 607 559 676 506 580 668 391 561 542 614 513 593 566 423 669 376 465 434 651 412 107 553 363 683 601 431 378 641 492 500 496 373 660 374 400 679 591 606 370 524 567 574 483
618 600 628 576 634 649 661 615 480 673 662 173 627 582 635 599 583 632 34 659 594 595 652 558 577 658 676 650 667 640 593 566 578 681 563 670 586 675 645 665 647 394 656 556 475 643 427 431 646 423 506 544 434 513 374 438 514 587 496 376 542 524 641 436 428 515 614 378 391 561 591 348 668 580 107 651 567 683 363 629 373 601 604 412 669 606 674 610 400 671 483 492 500 607 638 465 395 414 559 370 461
107 677 611 622 628 647 672 660 573 582 626 575 577 621 654 592 625 684 605 588 650 598 619 658 661 616 662 643 578 595 670 632 623 653 679 615 583 600 597 663 636 678 659 627 589 665 675 603 599 612 681 640 635 620 674 666 618 685 631 579 594 576 574 657 414 584 638 682 680 648 633 664 596 639 617 667 590 668 652 607 655 673 558 480 671 630 634 422 593 609 556 586 434 604 506 644 676 587 461 423 524
619 34 173 635 578 649 650 582 652 656 600 593 640 427 615 576 514 645 632 595 667 586 661 665 675 658 480 676 659 583 348 634 587 496 627 374 681 107 563 544 647 599 643 604 394 423 628 506 651 671 577 670 580 391 566 500 553 556 561 412 673 591 646 363 373 515 542 614 376 465 370 559 428 513 662 431 594 378 434 641 524 610 492 438 475 683 558 436 657 638 400 629 606 601 655 483 668 567 637 674 669
620 578 628 599 615 661 577 627 675 640 635 643 582 665 658 659 670 595 650 632 576 600 647 583 681 662 649 638 667 673 607 173 652 594 668 480 671 506 107 414 656 427 563 674 660 676 634 436 604 637 34 586 556 610 378 657 465 438 669 423 475 428 587 558 651 646 606 682 500 679 431 434 374 593 580 376 514 373 614 544 584 567 461 348 629 492 645 561 496 542 601 591 559 363 633 391 524 412 631 641 566
621 34 634 391 610 673 615 556 558 587 506 656 563 640 647 438 669 465 676 514 173 107 374 436 559 578 599 373 378 583 348 659 582 595 586 681 428 675 658 632 376 670 544 461 423 661 427 475 412 524 652 646 614 500 394 561 431 662 363 513 496 591 434 650 580 645 665 553 600 515 566 649 577 606 671 627 492 370 480 641 643 576 601 542 604 400 635 651 567 628 683 667 594 483 593 629 637 668 590 666 657
622 634 615 582 583 640 658 34 599 647 635 659 627 595 578 600 643 661 576 632 107 681 670 650 675 662 673 558 348 577 628 665 667 676 652 378 374 173 649 427 544 563 376 465 656 587 373 438 556 423 428 500 514 671 566 646 496 391 561 594 436 604 669 506 412 641 461 480 629 515 601 645 580 614 591 475 431 559 567 513 492 610 394 553 606 370 524 586 434 542 651 683 593 657 363 668 483 638 607 400 414
623 582 556 634 640 480 34 635 615 595 628 650 578 173 676 583 645 652 558 632 576 587 681 643 586 563 600 673 544 647 431 659 373 428 658 661 378 438 577 436 599 627 675 646 524 593 662 465 423 670 363 604 492 671 427 542 506 348 665 107 566 374 391 669 370 683 412 561 514 515 649 610 496 594 667 606 434 475 500 591 553 376 641 651 580 656 567 394 559 614 483 638 513 400 657 461 395 601 629 668 655
625 34 640 634 649 650 578 348 173 681 412 506 427 583 480 658 656 645 627 632 647 582 556 576 635 659 514 577 428 563 595 670 600 661 676 675 558 615 646 667 363 652 683 643 594 566 107 665 376 593 599 662 544 587 496 438 513 423 370 553 436 374 628 475 524 431 671 378 559 614 394 515 561 669 391 542 586 500 651 610 492 434 604 483 461 465 601 673 373 641 400 591 567 580 606 395 668 629 638 637 607
626 643 600 593 173 656 586 665 559 647 628 671 632 563 578 650 635 658 438 427 627 107 670 391 659 610 576 583 645 394 640 561 480 675 348 651 566 649 524 662 667 496 506 434 378 514 34 363 577 595 661 599 558 676 582 607 580 637 652 646 431 634 423 681 515 615 475 436 461 669 400 614 376 500 594 412 492 465 483 674 591 567 544 604 587 374 513 542 373 606 601 370 556 428 673 641 683 668 553 679 638
627 666 620 609 603 590 648 644 596 637 622 617 639 422 618 682 631 654 685 625 584 680 641 630 678 579 671 612 588 594 653 633 683 614 655 611 395 626 597 589 605 664 679 684 574 636 575 669 492 610 592 598 34 400 434 573 667 559 363 677 616 475 427 672 623 428 619 483 606 593 431 496 514 652 542 348 651 656 370 673 629 604 480 663 515 412 646 436 586 601 107 567 621 649 394 580 374 391 591 524 563
628 666 620 644 609 641 671 422 637 580 656 483 610 618 655 363 589 680 629 588 598 400 584 679 612 636 496 639 630 604 617 573 605 107 653 631 626 591 542 594 513 623 395 601 603 669 394 683 500 596 657 646 492 412 648 559 664 633 685 461 428 622 434 590 376 370 682 606 515 597 579 553 506 514 645 567 575 524 614 654 374 651 574 677 625 593 586 436 378 672 667 544 373 587 619 678 616 438 465 34 475
629 628 578 647 665 640 681 577 661 672 650 595 670 635 583 600 582 638 674 643 659 627 632 662 675 658 576 599 611 622 615 668 660 618 573 654 619 685 616 588 480 684 621 607 173 653 589 639 579 633 623 679 594 625 592 680 626 575 678 584 596 605 663 603 598 636 677 597 667 574 673 648 556 593 631 590 34 664 586 682 666 634 427 657 617 652 612 620 671 655 676 587 610 646 563 461 506 669 423 348 567
630 673 662 600 658 661 578 675 582 635 665 681 615 583 650 647 659 628 634 576 595 577 594 632 627 652 670 643 640 599 610 586 480 173 391 667 556 427 676 563 587 423 646 434 544 506 34 412 593 376 461 567 614 559 645 374 558 607 438 638 669 668 656 428 373 561 348 606 524 683 566 436 604 363 674 671 651 492 431 378 542 649 514 475 370 500 465 513 394 483 496 553 591 400 107 580 590 672 633 515 601
631 600 34 634 583 656 576 659 594 427 627 650 480 615 628 662 595 673 173 676 658 667 582 670 665 599 646 675 635 649 578 640 556 647 436 577 587 423 681 661 632 593 558 643 652 461 475 514 434 586 544 412 563 373 374 567 638 566 391 465 607 668 428 542 376 496 506 606 683 107 645 431 414 561 513 604 363 378 524 438 590 515 348 370 591 400 669 614 553 651 580 500 394 492 559 641 674 671 601 483 610
632 666 609 617 654 644 648 603 596 620 589 612 653 664 573 684 636 579 685 622 639 671 618 590 625 588 630 584 575 677 626 637 633 678 680 652 673 682 598 422 496 641 592 623 672 619 395 683 611 597 574 655 605 400 679 370 631 348 621 434 559 593 515 563 651 606 610 542 492 107 629 663 657 594 567 586 436 566 483 616 363 656 428 556 614 676 480 34 376 506 513 580 669 587 646 475 500 461 649 431 374
633 583 661 640 576 577 650 670 600 647 659 635 675 582 658 173 595 599 643 652 578 632 681 627 665 480 628 34 668 615 662 649 657 427 667 655 594 593 556 656 676 674 645 634 586 558 641 671 423 673 563 500 515 107 434 604 638 496 614 637 475 436 660 607 587 651 428 610 514 574 513 394 542 412 465 561 376 601 629 596 363 580 438 483 506 400 395 683 566 639 669 559 492 348 378 422 553 646 431 391 584
634 660 616 684 611 625 622 579 682 605 663 596 574 621 597 648 623 631 603 618 598 575 592 678 654 672 636 630 588 657 584 617 685 680 639 679 573 594 589 612 664 674 638 677 655 668 619 667 173 626 653 649 607 422 633 644 414 620 643 427 662 665 590 576 599 666 675 595 628 577 632 600 582 635 658 681 670 661 609 615 650 593 578 34 583 629 659 107 601 640 627 656 480 671 676 637 641 363 652 428 515
635 666 609 653 603 620 612 579 685 644 589 630 648 619 422 622 617 596 611 636 680 588 573 605 633 598 677 618 590 664 597 683 625 623 678 682 626 400 475 679 641 592 654 639 631 575 363 584 610 684 436 616 669 629 673 637 376 461 515 672 434 574 370 496 652 593 671 514 556 559 655 395 374 656 492 567 431 506 542 563 580 586 601 646 428 500 483 553 591 348 566 394 480 606 378 614 412 587 423 594 107
636 582 635 615 628 632 640 634 673 643 586 681 676 563 599 595 675 658 583 600 650 656 661 578 659 556 577 544 652 614 645 627 34 506 671 438 665 587 662 576 604 667 558 173 649 670 427 475 646 480 610 431 378 434 647 107 391 591 566 514 376 465 594 423 593 370 412 683 436 500 492 348 374 515 373 524 542 638 496 561 428 651 606 669 461 559 553 668 363 641 567 607 400 394 637 580 513 483 674 629 395
637 628 600 577 615 662 599 627 661 650 643 582 670 583 665 658 576 595 675 681 632 659 578 640 647 635 607 594 626 674 638 657 575 598 668 648 680 617 611 664 173 603 677 633 684 620 667 621 653 660 672 573 612 589 619 654 636 588 592 605 663 623 685 655 480 579 597 625 593 590 34 574 427 622 673 596 649 616 652 666 618 634 556 644 587 609 630 656 558 567 461 422 563 586 374 631 610 676 646 682 683
638 610 620 34 634 666 617 646 586 629 656 655 590 637 422 609 587 677 631 652 641 605 395 173 645 394 678 513 593 648 588 376 653 682 483 685 680 580 636 644 573 654 630 597 679 614 107 584 480 515 619 374 574 524 639 604 601 559 623 672 633 423 567 591 684 363 612 400 579 618 475 651 427 669 500 438 558 506 348 603 373 496 664 616 563 378 589 647 436 626 625 542 622 598 492 596 461 553 391 370 428
639 647 583 600 615 599 675 665 658 576 670 578 681 659 582 661 650 662 673 627 628 632 595 34 634 577 173 635 640 652 643 480 594 587 556 649 427 667 434 373 646 436 593 656 423 391 514 475 586 428 461 465 558 544 668 566 374 638 563 394 513 567 378 542 376 580 107 645 506 412 559 601 676 674 348 524 515 683 431 400 641 553 629 438 651 590 669 666 607 614 496 363 370 591 561 633 606 626 500 492 664
640 666 609 596 589 625 620 677 684 612 597 603 644 592 622 633 623 573 579 605 653 664 590 422 611 641 685 636 671 654 598 648 680 617 621 496 630 683 618 619 629 475 673 678 348 639 637 400 616 428 631 363 580 574 626 588 480 652 593 370 656 434 394 461 514 559 606 672 575 542 649 378 515 591 567 556 566 374 412 373 663 601 395 436 610 669 584 431 655 500 376 544 563 682 492 483 107 553 614 679 586
641 628 662 647 640 661 582 675 643 670 577 665 627 600 578 635 615 576 632 583 595 681 611 658 650 599 659 672 660 674 638 621 618 622 663 653 607 623 414 668 619 633 616 573 625 654 589 588 685 598 678 680 597 603 684 636 682 677 657 575 592 579 679 626 639 617 631 574 605 584 648 612 596 173 664 480 594 590 667 655 652 673 593 620 666 427 649 34 422 671 634 610 586 609 644 556 558 656 587 645 676
643 666 609 644 589 620 653 626 654 671 648 612 685 622 422 573 603 637 596 655 480 395 593 636 617 633 611 641 656 579 677 630 598 680 672 673 575 483 623 592 400 597 590 652 363 542 553 461 682 684 639 606 625 586 412 683 559 610 370 514 567 394 434 374 664 646 678 348 496 492 669 604 618 428 373 594 614 587 563 605 580 631 663 376 544 588 515 500 513 651 679 629 107 475 431 645 591 34 556 566 619
644 643 582 628 647 650 595 600 577 632 661 576 578 665 640 635 670 583 627 681 659 615 658 675 599 662 173 667 480 674 593 668 657 673 671 638 634 676 652 586 34 655 558 604 649 594 607 563 660 587 669 427 556 348 645 614 423 434 574 651 374 363 438 506 475 621 436 679 683 431 561 610 663 646 596 639 566 544 553 378 376 514 542 631 373 515 656 496 584 412 616 682 524 672 591 391 559 428 465 500 370
645 598 660 657 625 588 684 575 677 685 623 619 636 648 672 664 618 626 611 605 680 628 597 682 678 579 662 594 649 603 615 643 654 599 583 658 621 577 607 592 665 650 616 573 612 675 663 600 679 670 414 622 638 668 633 578 661 681 595 667 659 674 632 631 576 630 596 617 589 584 582 627 655 640 635 653 574 647 639 173 644 427 422 620 34 609 590 480 666 652 593 656 629 107 673 601 394 641 676 363 556
646 599 674 589 675 670 628 662 631 682 625 668 597 678 584 577 659 655 588 660 643 684 665 583 592 623 638 611 663 648 575 677 595 657 636 618 582 598 679 596 621 616 414 672 600 626 627 622 661 635 603 615 576 605 630 649 653 632 619 639 681 607 574 650 654 685 579 658 617 578 640 680 594 667 480 647 573 664 173 612 422 593 620 633 644 427 629 666 671 652 601 34 609 676 590 394 107 556 656 558 673
647 639 644 666 617 648 655 612 609 431 589 671 620 616 622 684 656 603 641 596 669 633 475 597 590 630 649 653 370 395 348 683 626 107 625 629 592 677 400 542 664 579 606 652 34 483 672 598 584 621 680 496 427 515 575 654 623 651 514 631 492 428 580 573 588 601 618 685 673 412 363 567 614 574 556 544 637 611 461 593 394 663 480 676 524 610 604 434 559 657 506 619 422 605 465 679 636 374 682 553 391
648 427 650 665 173 576 652 578 632 600 647 658 34 670 634 675 662 681 627 635 348 643 659 661 667 556 582 428 583 640 595 594 599 649 628 656 645 674 615 559 414 577 563 676 671 423 604 669 506 587 376 646 514 438 683 610 480 561 673 436 586 558 394 374 370 580 434 363 496 513 378 637 553 638 391 475 651 668 542 412 566 601 400 524 492 614 431 107 373 679 593 544 500 606 607 574 515 591 465 461 483
649 611 653 625 573 598 672 654 605 618 592 647 680 620 603 619 677 666 679 589 678 648 663 631 655 582 664 578 685 626 612 617 622 684 636 681 575 579 682 633 657 640 659 645 639 590 675 652 621 634 658 574 627 646 600 623 553 632 577 593 588 587 650 597 643 635 576 584 616 673 423 661 595 670 609 628 614 438 604 662 391 556 506 671 558 561 665 492 373 596 431 610 412 644 660 370 461 599 583 630 606
650 666 609 589 648 644 612 625 617 671 653 620 573 603 590 639 685 654 677 633 680 684 637 579 630 611 596 619 678 631 622 664 588 598 610 575 597 618 592 593 623 626 636 605 584 604 422 655 672 669 656 515 629 480 682 641 586 606 107 475 544 483 514 591 616 400 679 434 492 461 431 673 663 378 683 614 559 574 348 395 376 558 567 496 542 580 370 621 566 428 556 412 500 553 645 438 651 601 373 436 587
651 598 599 657 605 661 647 600 677 626 681 577 583 611 665 672 589 628 685 643 632 627 662 663 615 670 675 655 574 658 664 578 619 659 576 595 650 575 582 654 597 625 573 596 684 592 680 678 621 648 618 635 588 653 623 682 679 579 636 603 640 616 674 622 612 617 638 668 631 633 607 630 660 639 584 422 480 620 649 644 666 594 173 609 593 667 427 34 590 673 652 107 656 629 671 558 601 556 586 634 676
652 575 648 664 605 672 588 657 663 592 599 589 617 619 616 633 618 598 632 630 647 611 607 612 584 677 636 623 655 682 653 573 643 639 625 615 595 622 640 685 662 574 681 665 603 661 631 597 680 600 627 675 659 621 635 654 596 579 620 626 578 678 649 674 684 582 577 668 670 638 658 576 650 590 679 583 594 660 414 667 644 666 422 628 173 671 593 609 107 656 586 610 34 629 641 587 427 676 601 604 669
653 173 635 649 661 643 658 650 600 576 632 427 34 662 582 640 665 578 577 647 659 670 595 681 599 628 615 675 583 627 652 586 673 667 593 107 594 676 634 480 646 656 434 431 556 641 496 394 638 614 651 671 668 610 563 587 645 465 391 436 566 513 607 423 637 604 674 348 373 601 629 475 580 428 558 561 438 524 660 412 542 544 376 514 500 378 363 591 683 483 506 515 567 606 559 655 669 657 492 374 370
654 632 173 643 649 595 582 675 34 659 662 681 650 615 599 670 576 578 634 627 665 640 600 661 577 658 635 427 480 107 647 610 586 628 583 673 604 652 436 645 563 587 593 506 671 556 651 667 348 465 646 394 676 594 656 558 423 561 374 614 514 438 638 641 591 376 492 378 566 580 669 674 606 391 434 629 496 373 400 483 431 607 559 544 412 428 475 601 542 461 370 363 513 668 524 637 567 500 655 660 553
655 576 662 673 595 647 628 423 558 600 577 599 670 658 643 583 659 681 665 594 675 615 610 506 578 586 627 652 582 376 676 650 656 661 556 391 563 649 434 607 667 632 475 606 634 646 414 374 524 438 668 590 635 400 436 638 378 566 514 674 633 412 587 651 373 640 496 363 492 683 559 173 431 461 513 394 567 614 515 428 427 645 666 588 542 644 580 544 348 619 370 669 591 671 34 465 623 685 637 561 573
656 588 628 660 662 631 647 626 661 605 625 670 577 682 657 599 578 681 643 574 594 621 619 679 582 616 583 636 663 665 655 648 650 576 685 658 659 615 667 618 640 596 584 675 595 622 600 677 664 627 635 638 678 674 589 684 632 633 617 653 672 603 680 598 639 654 573 414 480 623 620 422 611 597 630 579 592 173 607 575 612 593 666 673 668 652 649 563 676 586 34 427 634 556 609 590 558 644 604 394 610
657 391 610 556 376 475 506 563 394 514 434 374 566 614 652 673 645 524 662 587 423 651 683 656 496 586 634 412 559 436 599 558 400 373 438 628 606 370 461 378 665 513 576 542 544 480 670 431 583 427 590 173 681 580 646 515 647 594 649 676 363 593 348 633 492 632 567 637 675 591 428 465 659 643 600 667 615 595 627 561 604 644 500 577 107 669 650 34 658 619 671 483 582 635 661 553 623 588 622 607 641
658 666 630 609 589 639 620 648 653 671 622 579 617 612 596 603 678 655 644 592 625 677 633 664 637 685 588 593 610 573 618 584 631 636 680 616 574 626 654 422 682 400 611 679 683 590 575 514 656 370 623 619 597 641 598 480 515 672 586 684 606 395 483 363 621 591 542 394 669 663 567 376 605 544 378 107 475 604 374 461 348 431 553 492 559 496 556 645 614 434 629 651 436 673 649 500 373 438 412 587 34
659 666 603 609 620 639 596 573 685 648 654 631 617 579 644 622 671 612 633 422 630 653 590 677 678 655 618 589 682 664 584 588 625 592 637 597 680 679 636 598 672 611 626 623 683 616 575 483 593 605 646 619 395 610 656 604 663 621 673 669 574 376 480 641 500 684 652 649 556 629 436 660 461 606 567 394 514 542 586 363 563 348 428 553 412 107 651 559 657 544 370 431 667 601 475 374 594 515 427 492 580
660 634 587 593 656 412 645 586 363 480 107 580 423 558 373 669 391 606 374 428 515 513 370 563 461 500 524 496 559 614 567 646 553 514 378 400 506 591 671 610 566 601 641 659 561 465 438 676 483 683 376 673 544 604 395 394 542 675 665 615 590 650 576 681 647 629 595 492 640 583 582 475 348 600 34 652 434 556 627 658 578 628 620 431 436 670 662 635 632 599 661 577 649 633 637 672 651 609 667 643 594
661 666 620 609 671 644 653 630 664 633 589 603 617 639 618 648 612 573 656 637 596 641 680 622 592 590 363 579 553 654 677 400 395 588 514 685 636 370 625 651 604 575 629 655 584 683 598 619 678 682 515 623 611 597 461 580 422 434 631 483 684 605 616 679 496 559 606 542 669 610 412 373 475 374 652 378 431 574 593 107 621 614 544 626 556 436 601 563 673 492 348 394 567 672 376 594 646 591 586 465 524
662 666 630 655 671 609 617 637 656 648 641 653 639 654 596 620 612 589 422 395 618 664 657 363 348 475 573 579 679 631 542 682 683 622 669 598 400 590 515 603 584 677 575 559 644 483 434 591 646 685 604 586 678 431 370 593 506 376 636 496 680 34 514 616 378 652 684 553 592 436 626 605 580 480 492 614 412 606 625 423 567 611 623 633 107 645 651 587 621 513 663 629 373 574 597 461 500 610 394 566 672
663 634 34 673 556 587 652 423 376 567 391 427 436 675 656 173 649 394 583 586 665 599 615 438 576 465 676 558 595 659 374 373 506 431 647 378 524 658 646 643 428 650 614 461 578 582 400 651 606 577 681 670 542 580 662 632 640 600 667 610 513 627 107 669 515 559 563 544 514 475 661 348 645 594 434 566 363 641 628 412 500 601 635 370 683 496 591 561 671 668 604 492 590 553 637 480 629 483 674 666 638
664 583 480 594 173 667 652 661 34 593 600 582 640 675 632 662 615 635 599 658 578 670 681 650 659 427 647 595 665 627 628 563 645 577 634 576 649 566 348 506 643 604 391 656 556 434 610 586 651 428 376 561 483 374 559 524 673 676 492 671 378 544 438 587 580 423 394 436 400 513 668 606 637 475 496 542 591 558 674 373 107 412 515 607 614 514 669 646 638 363 500 567 679 601 574 660 683 465 431 461 395
665 666 648 671 617 609 639 573 620 644 590 588 630 612 579 422 653 589 682 395 680 685 677 626 654 637 610 655 603 606 592 641 596 683 629 586 598 605 679 428 584 678 664 656 631 633 496 663 622 618 619 597 657 636 431 492 483 625 594 672 684 646 575 611 374 604 652 542 394 591 370 669 436 376 651 500 515 461 412 580 614 544 400 514 673 623 373 574 363 556 506 475 621 559 645 667 348 378 434 524 553
666 635 643 627 662 650 659 640 600 661 632 681 665 583 599 628 675 595 615 577 658 576 670 582 578 594 647 667 607 668 649 674 414 173 638 107 480 427 593 655 34 652 574 673 556 639 660 586 634 656 657 621 428 394 663 648 676 563 596 601 348 629 580 604 587 671 436 651 616 614 682 363 515 506 623 684 431 603 423 434 678 566 641 374 611 496 606 637 376 645 584 561 513 597 626 646 378 567 622 683 679
667 598 593 664 605 480 666 648 575 617 631 592 618 573 678 684 620 619 625 622 655 612 587 627 584 672 656 636 680 634 626 630 589 682 685 679 615 653 610 681 603 599 633 663 628 577 675 586 588 644 677 665 600 643 639 654 659 590 661 616 595 657 422 623 579 647 609 645 670 596 673 611 632 578 597 635 621 574 671 662 583 658 576 34 582 640 652 637 556 553 646 496 107 370 660 400 173 591 650 348 376
668 666 646 422 610 634 593 633 655 480 620 652 395 631 348 678 645 637 584 587 644 586 618 374 629 609 641 605 679 588 648 653 684 598 664 596 492 630 461 677 639 617 682 563 663 496 614 370 513 553 412 685 636 423 683 597 651 363 34 680 619 542 431 573 524 672 590 574 612 622 654 626 606 378 657 558 107 592 616 625 373 621 438 400 580 623 601 559 591 394 376 567 579 611 673 506 669 428 603 676 589
669 647 599 675 662 681 628 588 621 660 650 627 670 583 579 577 576 582 684 605 635 659 648 643 661 615 658 665 578 600 678 595 672 592 663 623 640 625 626 632 616 598 622 574 685 573 607 589 618 657 630 575 674 654 173 636 677 594 611 679 617 631 596 638 682 584 655 664 619 597 680 667 639 644 612 668 620 603 633 649 653 422 427 480 34 652 593 609 629 666 590 673 107 601 656 394 556 641 610 634 586
670 609 666 617 603 639 573 620 648 671 644 672 633 654 395 655 612 637 682 683 653 656 622 579 664 641 590 596 483 611 630 492 625 678 363 646 677 598 592 631 589 605 584 626 588 618 685 669 567 515 679 673 542 422 604 434 374 575 680 606 431 629 500 657 376 684 370 621 610 553 400 616 378 636 593 591 394 574 559 623 544 614 524 586 496 651 475 107 663 348 597 580 566 436 587 601 428 461 619 652 412
671 583 599 665 628 675 661 600 681 576 578 650 658 662 670 615 643 647 598 659 597 582 632 640 672 595 626 577 627 605 588 636 685 575 648 684 680 660 573 173 635 623 579 611 625 574 678 622 594 654 619 621 592 617 620 616 589 664 603 677 644 653 633 612 667 674 607 657 663 593 618 649 414 34 630 480 427 655 652 631 609 422 668 590 638 682 673 679 666 107 556 601 629 584 394 596 634 646 641 428 639
672 649 34 173 652 670 563 676 604 594 634 673 671 107 576 610 647 506 615 643 599 659 632 480 577 587 650 645 629 496 595 606 374 586 667 658 665 436 582 627 514 423 558 578 373 635 640 675 651 378 641 681 583 580 434 646 561 559 427 628 669 593 566 544 661 348 370 556 376 438 600 662 475 542 656 431 412 363 465 601 492 524 400 591 391 500 461 428 567 513 638 483 614 674 683 660 637 668 607 394 553
673 630 655 575 663 639 657 618 621 584 672 636 589 616 596 631 422 597 632 592 677 622 643 678 640 599 623 682 670 653 620 574 647 684 679 659 635 576 605 650 595 654 588 648 578 627 661 577 579 681 665 685 675 612 658 660 594 617 583 600 619 593 662 664 680 598 611 582 573 644 649 615 667 625 603 633 173 607 674 480 626 609 666 628 34 414 427 668 638 656 601 590 629 496 107 671 637 394 641 515 428
674 610 646 666 648 634 395 374 412 629 593 480 655 586 422 637 641 656 652 513 496 617 633 644 614 506 542 553 590 461 107 500 626 645 567 391 596 604 587 544 436 609 483 563 678 373 428 558 671 603 618 475 669 620 370 654 376 680 580 606 465 651 605 524 588 514 394 664 559 515 673 591 682 630 34 438 672 378 653 556 639 601 492 676 679 431 561 579 619 363 598 612 631 573 423 434 685 400 348 584 683
675 666 671 609 620 639 596 422 630 648 654 590 573 677 617 612 685 664 588 610 592 633 683 603 641 644 574 584 637 622 655 669 606 653 616 579 636 593 483 680 589 646 679 663 395 480 631 625 684 597 496 682 618 431 619 598 594 626 348 363 370 514 611 394 621 575 623 656 475 672 586 412 678 34 378 542 492 559 652 434 400 604 591 567 649 651 373 629 428 553 566 667 461 673 544 438 657 605 563 515 427
676 598 611 672 597 592 573 579 636 618 631 616 682 623 678 625 684 621 655 680 622 619 663 677 648 685 574 588 575 647 589 657 605 626 660 653 630 576 584 633 632 670 596 603 628 643 664 654 627 679 612 675 599 661 665 577 583 681 658 650 644 617 635 620 615 659 578 600 640 582 607 662 595 639 674 594 667 422 427 668 638 609 173 649 34 666 590 656 652 629 480 587 634 586 107 395 646 601 673 610 593
677 173 640 681 34 107 675 650 582 578 635 576 427 658 665 649 659 600 599 632 647 615 506 661 643 673 577 662 670 583 645 652 423 556 614 348 438 544 651 595 634 676 627 465 587 646 374 656 391 514 563 628 559 593 542 492 378 376 515 513 586 566 412 428 638 370 594 667 610 683 553 604 480 363 496 434 394 475 561 500 671 524 483 558 373 414 431 436 668 400 669 607 580 637 567 591 641 601 395 461 629
678 173 34 578 615 577 658 634 594 595 480 576 599 650 659 600 632 635 627 649 583 670 665 563 676 667 681 427 673 662 640 661 646 582 556 587 643 434 645 586 675 423 496 438 374 669 558 428 652 656 671 514 373 107 647 628 378 544 593 566 506 391 607 475 668 604 580 638 567 651 431 376 363 465 412 674 614 591 436 553 524 641 348 610 400 559 542 683 513 461 370 394 657 601 515 561 606 500 629 492 483
679 600 173 480 628 34 662 615 594 649 576 427 656 665 659 634 593 635 583 675 681 599 587 627 658 434 670 428 544 595 632 578 661 673 650 667 567 643 646 577 582 514 107 647 465 558 586 423 563 645 412 475 556 640 431 370 676 683 652 461 566 668 542 580 436 373 374 651 524 638 606 607 506 378 391 553 496 669 604 561 515 376 648 591 614 363 394 513 590 641 674 438 601 626 500 664 629 610 400 609 348
680 582 600 628 583 595 650 635 576 661 649 665 627 640 632 578 634 675 658 615 659 643 647 676 586 599 577 173 662 645 681 670 667 652 671 480 558 363 594 431 434 376 544 656 673 651 391 34 438 587 423 604 348 556 614 566 593 563 637 638 514 496 506 561 610 107 646 513 674 641 394 542 436 427 374 465 378 483 607 500 668 400 412 475 492 669 373 524 629 559 580 515 683 606 591 553 601 428 395 567 660
681 666 609 603 671 589 639 677 596 648 630 617 590 644 579 654 620 612 625 653 622 422 363 655 611 597 664 656 685 636 637 395 604 633 586 573 669 475 679 678 400 629 623 592 618 641 483 461 684 584 605 575 431 567 616 588 542 598 683 651 682 680 631 606 574 652 514 348 621 580 376 610 591 619 492 657 649 496 614 672 423 428 667 370 593 515 673 601 663 480 559 374 412 436 378 500 626 394 594 513 434
682 600 593 634 599 480 583 576 556 615 665 670 627 656 34 427 659 662 632 173 567 635 475 578 676 652 658 646 675 514 643 566 496 661 577 594 628 673 544 650 681 436 604 645 434 587 582 683 667 649 580 465 595 461 412 373 542 647 431 428 586 391 374 558 524 561 640 376 370 423 553 610 591 563 513 638 348 400 378 651 506 394 614 438 107 363 668 606 515 500 601 559 674 641 669 607 590 609 483 492 620
683 670 675 657 647 635 662 665 599 640 627 628 600 576 661 583 632 658 659 578 625 577 681 643 598 582 615 682 648 650 595 605 660 616 623 677 589 655 596 636 684 631 679 618 663 597 588 584 621 607 619 575 611 685 630 622 678 668 672 617 592 626 639 573 649 173 674 574 664 633 680 579 653 638 603 594 644 667 612 34 620 422 480 666 629 427 593 609 107 590 656 601 671 634 637 610 586 652 641 673 587
684 634 640 582 647 650 632 544 578 438 506 610 465 645 556 599 576 676 667 586 675 627 514 681 563 524 553 643 615 577 561 600 635 500 515 107 673 662 658 661 669 665 646 374 394 583 670 604 649 412 542 363 671 391 659 595 376 431 378 480 558 373 566 370 656 593 652 483 461 614 475 587 628 423 567 591 651 428 594 683 492 436 496 173 34 513 580 668 348 434 400 427 559 638 629 606 637 641 601 395 657
173 605 611 603 575 598 653 648 573 677 678 654 664 612 672 619 625 679 626 589 617 592 685 618 609 633 631 579 682 623 639 663 621 666 588 644 630 590 680 622 636 657 671 634 616 620 574 558 647 596 638 431 655 584 597 684 604 627 412 422 593 461 606 582 614 610 438 578 669 673 656 506 637 500 632 587 675 640 645 595 659 553 643 391 576 629 400 567 652 658 681 600 492 646 515 475 513 577 586 667 544
685 635 582 659 650 675 643 34 173 640 665 615 632 577 599 627 658 578 681 600 634 583 566 661 427 645 662 576 558 595 628 434 670 586 656 671 563 556 649 647 544 652 465 676 667 587 391 651 604 593 480 506 378 496 673 475 594 348 514 438 669 614 492 580 591 376 374 542 646 610 107 561 373 423 638 601 436 513 431 515 412 641 400 394 559 524 683 428 629 606 668 414 483 500 553 370 363 567 607 674 655
348 605 625 648 662 647 598 582 576 577 640 622 677 626 664 575 621 675 579 619 588 643 681 632 592 603 595 611 599 627 650 578 623 657 658 670 600 661 616 672 659 665 685 589 615 628 654 635 663 597 668 574 618 573 680 617 682 636 660 684 612 583 631 678 630 607 655 584 596 594 653 639 638 667 674 679 644 633 609 666 620 590 629 656 673 634 652 671 601 586 610 593 649 587 558 646 637 641 604 676 645
363 628 660 662 681 661 599 598 670 635 583 643 625 640 600 627 675 647 578 595 658 576 615 684 626 616 582 611 623 577 657 621 659 665 680 632 597 655 648 677 650 619 589 605 663 672 678 618 631 588 574 607 579 682 573 592 584 638 596 630 679 636 575 622 668 685 617 654 674 664 594 633 639 667 653 612 603 173 644 666 422 620 427 609 480 652 593 34 649 590 673 634 586 558 629 394 556 601 610 587 645
370 583 647 599 661 600 657 576 662 660 628 658 598 577 643 675 632 640 595 670 665 635 578 625 627 681 611 684 650 615 672 677 623 659 648 575 621 616 682 605 636 619 679 582 589 663 588 597 607 622 596 579 674 631 668 626 584 574 573 649 685 678 594 655 603 654 667 618 630 592 638 639 617 173 612 680 664 653 422 480 620 633 644 34 593 427 652 609 629 673 656 590 107 601 586 637 634 641 394 563 587
373 657 660 623 621 616 611 598 663 643 661 672 577 622 640 665 684 675 682 662 628 631 597 600 655 678 599 574 658 650 681 583 639 619 588 582 605 576 596 670 632 615 627 575 595 647 618 685 603 578 677 636 679 659 625 674 584 626 573 635 589 630 654 579 592 648 649 664 607 653 638 680 414 668 617 422 612 173 620 594 667 633 644 427 34 593 480 609 666 629 107 601 656 652 673 671 586 676 394 610 641
374 657 616 577 574 598 660 621 672 670 576 622 643 655 663 684 665 619 584 661 596 674 677 592 628 658 678 625 573 635 640 599 600 618 589 623 681 578 647 579 631 607 595 588 583 627 605 682 648 582 662 664 659 575 632 685 650 668 615 630 654 636 675 626 679 603 597 638 612 639 680 414 611 422 649 594 617 667 620 653 644 173 633 609 666 427 593 34 480 590 629 601 652 634 107 656 637 673 586 671 587
376 657 663 598 655 616 628 662 575 625 597 670 659 621 681 635 622 665 643 648 658 599 615 684 650 612 677 574 577 576 582 600 661 589 595 660 672 578 618 675 583 611 664 632 640 636 627 626 680 682 631 619 647 588 685 592 623 630 596 678 603 638 605 594 579 584 654 674 573 679 617 639 607 633 667 649 173 668 653 422 593 620 644 480 609 427 666 34 590 629 656 652 601 671 558 641 394 428 363 496 669
378 605 598 657 621 623 622 662 616 660 626 588 663 574 670 661 658 650 675 578 672 579 684 640 577 576 685 655 573 677 636 625 628 589 583 643 681 575 582 647 597 611 678 595 665 600 627 599 635 648 618 632 603 615 664 596 619 592 682 631 659 584 654 679 639 680 674 612 630 617 668 607 638 620 653 173 633 422 649 594 644 667 666 609 427 34 652 590 480 593 673 586 601 556 634 107 629 656 587 671 610
391 657 621 663 660 626 655 574 616 630 588 664 684 575 677 685 579 612 598 623 647 636 625 622 682 627 631 619 611 577 584 678 573 661 643 650 618 680 578 648 639 592 605 595 681 674 589 596 672 640 603 635 599 628 615 582 658 675 600 597 576 665 632 670 654 679 649 662 617 653 583 607 659 173 594 638 422 668 633 667 620 427 34 590 644 609 666 593 629 671 480 656 652 107 673 586 587 646 634 601 558
394 657 611 605 577 628 575 663 598 626 576 618 578 643 675 640 684 647 665 582 658 588 670 579 595 583 621 659 615 661 625 619 662 681 648 627 650 635 600 596 616 660 638 677 654 573 574 653 617 632 655 603 664 622 599 682 623 685 584 612 639 680 674 592 679 678 589 631 636 597 633 607 672 668 173 630 594 666 649 590 667 673 671 34 427 587 656 652 558 480 586 610 609 422 644 593 634 646 604 363 645
395 599 595 662 670 665 643 647 577 576 681 628 661 675 627 632 615 674 659 578 600 582 658 650 635 583 640 607 668 660 638 598 611 575 625 618 588 623 605 677 684 597 594 626 633 619 573 664 648 616 657 636 589 649 173 667 680 603 672 685 592 584 679 654 631 653 663 612 617 622 682 639 480 593 621 579 596 427 590 676 34 656 666 655 634 673 644 609 107 558 671 434 652 610 563 587 496 394 586 629 363
400 628 647 657 662 661 635 681 658 643 640 627 611 600 583 595 632 599 660 670 615 650 577 578 675 663 655 582 665 576 626 616 573 597 621 659 588 575 672 598 605 682 664 684 625 677 648 618 685 603 619 607 654 631 589 579 678 623 638 592 574 680 173 636 639 596 667 584 612 674 668 679 622 633 617 594 649 422 480 427 630 653 34 620 590 593 644 609 107 673 666 652 656 634 586 671 629 646 587 601 558
412 660 625 657 628 574 611 643 647 583 605 662 661 599 684 675 578 674 616 621 665 584 640 631 655 682 615 576 588 603 681 677 627 659 650 595 582 600 577 670 623 598 619 658 622 679 635 626 672 630 636 663 589 597 579 573 592 173 632 618 678 575 648 596 685 668 649 664 639 654 617 680 633 612 607 414 653 594 638 667 620 34 427 644 673 422 652 590 666 629 107 586 587 601 480 634 656 556 610 637 671
414 610 666 648 655 646 593 586 480 645 587 641 631 656 677 620 634 107 652 609 496 685 671 374 461 618 584 542 412 373 34 673 622 684 514 578 670 643 632 414
422 628 600 675 576 578 635 615 640 665 643 662 659 582 627 681 673 632 577 650 658 583 595 668 661 670 599 647 674 638 667 634 594 607 173 656 587 610 652 34 586 556 374 434 649 423 651 506 676 558 427 475 614 646 606 391 373 671 376 378 633 436 664 514 400 431 590 660 669 438 515 524 645 567 496 563 363 370 591 107 559 544 461 575 465 672 542 626 612 683 428 492 598 588 605 566 603 611 625 412 641
423 655 663 657 598 588 660 677 597 616 631 648 579 672 575 662 574 621 584 625 678 623 618 681 622 592 589 611 619 626 643 577 583 630 599 605 679 596 650 684 628 636 635 682 670 627 658 639 578 640 680 600 615 649 654 573 685 665 664 595 632 633 582 576 603 661 659 675 612 638 617 653 668 647 594 674 422 173 607 620 667 644 609 480 593 666 427 34 590 629 107 656 652 601 610 673 394 641 671 496 676
427 648 605 575 603 653 617 625 598 631 677 682 612 592 664 663 679 685 678 626 619 647 654 588 573 627 622 657 618 589 636 579 621 616 630 611 623 578 633 639 574 672 595 582 675 615 590 643 681 628 600 662 659 596 577 632 584 661 640 670 658 650 666 655 620 684 576 599 665 583 680 634 635 597 609 638 671 610 660 593 422 673 644 587 676 586 506 637 668 629 400 431 674 669 645 656 558 604 606 652 461
428 575 611 598 577 648 595 625 665 599 628 660 640 647 623 616 679 588 579 627 621 643 583 584 663 578 600 681 576 615 582 605 678 675 622 677 650 659 592 670 682 664 657 632 635 631 618 658 662 661 589 684 619 573 574 639 617 655 674 636 672 630 612 685 626 603 654 596 633 653 638 668 620 607 593 597 666 680 480 649 422 673 173 656 652 644 590 671 634 586 587 34 610 676 556 637 629 646 363 376 645
431 647 598 577 588 662 623 675 681 599 665 670 657 597 663 582 661 650 627 618 615 684 611 643 621 576 600 636 635 658 625 579 626 682 589 583 640 616 659 628 680 595 672 584 578 173 632 653 605 679 655 678 622 592 596 619 631 677 573 685 660 648 574 575 649 654 603 668 630 674 617 639 612 664 607 638 633 594 620 422 667 427 644 34 666 609 590 480 656 629 671 593 107 652 673 601 586 587 634 637 610
434 657 662 579 588 685 628 655 679 627 599 670 661 577 643 640 598 682 626 678 632 615 650 635 616 578 647 631 584 675 618 664 672 597 582 621 636 603 595 658 583 665 681 605 648 600 639 630 576 680 663 592 653 611 677 623 573 625 574 619 659 596 660 684 589 622 654 575 633 612 617 422 649 674 173 638 607 594 668 644 620 667 609 666 590 427 107 34 601 652 656 629 480 673 634 586 671 593 395 394 646
436 657 663 575 599 611 621 616 588 631 635 623 682 589 672 662 583 595 665 598 597 625 661 648 659 654 655 576 628 670 632 577 640 681 627 658 675 605 626 650 622 618 600 578 643 639 615 592 636 584 684 674 647 679 664 617 677 582 685 619 678 603 660 596 573 579 653 620 574 630 680 633 612 607 649 638 594 173 668 422 667 644 666 609 427 593 34 480 590 629 107 656 671 586 601 610 637 641 676 587 558
438 598 684 657 626 621 588 597 677 575 636 592 663 603 623 616 625 648 622 655 678 579 573 660 618 589 611 675 672 650 605 628 583 685 658 662 599 670 617 643 576 584 600 574 680 664 681 577 582 596 627 661 631 630 654 619 635 595 682 647 659 615 640 649 173 665 612 607 632 674 638 578 679 639 668 653 633 620 594 667 422 644 427 34 652 666 609 590 629 656 673 601 480 593 107 586 587 671 641 637 580
461 657 628 577 681 643 576 599 660 616 661 583 647 595 640 635 631 621 650 600 663 665 682 615 658 659 675 662 670 684 626 627 632 582 622 578 584 674 630 625 679 655 574 173 592 639 575 668 672 598 636 611 605 623 594 607 649 678 414 579 596 654 648 573 603 589 588 667 638 619 618 677 597 664 685 617 680 620 34 612 427 422 480 593 629 609 644 633 652 107 601 637 666 394 673 641 634 656 586 558 676
465 684 616 621 611 663 677 685 622 623 682 597 574 660 647 679 575 657 661 588 628 631 636 654 573 650 598 578 595 577 619 665 672 626 592 681 596 625 612 584 678 640 643 670 589 627 579 662 658 639 605 583 576 582 632 635 653 674 600 659 594 599 617 615 680 618 675 648 633 173 655 620 664 630 607 667 668 603 649 638 422 480 34 593 644 427 609 590 666 586 656 634 652 610 587 646 673 671 107 645 629
475 657 647 662 682 635 681 588 640 595 655 627 578 618 650 575 661 582 675 631 636 598 597 658 621 583 576 643 577 625 670 611 599 665 584 685 626 684 672 628 663 632 659 600 615 679 678 616 677 605 623 622 648 639 617 573 660 589 619 596 674 664 574 603 633 638 592 579 654 612 680 653 173 630 422 620 649 668 594 607 644 667 609 666 427 590 34 593 480 671 586 107 652 601 587 629 637 634 656 673 610
480 664 588 603 573 594 682 667 584 679 618 623 625 660 643 678 631 612 605 598 675 633 611 672 654 630 650 626 619 617 658 640 616 575 657 639 662 576 582 578 659 592 647 595 615 648 636 579 680 685 684 674 668 681 600 627 653 574 620 632 670 677 621 644 635 414 622 590 583 597 661 607 665 577 586 666 589 656 599 587 638 628 596 629 673 609 646 671 649 601 637 651 663 610 655 641 400 107 614 428 423
483 628 670 675 647 615 599 662 600 643 681 576 583 659 595 665 661 658 650 627 577 611 578 660 632 684 635 664 582 640 598 626 625 575 677 638 674 607 657 621 623 605 654 618 597 685 672 588 680 619 594 573 603 648 612 589 616 592 622 636 633 679 574 682 653 678 667 631 579 668 173 663 630 617 584 655 620 649 427 652 644 34 590 673 666 586 480 634 609 587 556 593 656 676 558 646 629 614 394 423 428
492 670 605 628 576 627 647 583 665 597 589 643 662 599 600 650 681 675 616 623 615 677 657 635 632 661 658 577 598 621 655 578 611 588 640 659 625 603 685 626 684 582 664 595 672 636 660 575 622 619 573 668 596 654 648 574 663 579 592 612 649 618 674 630 631 607 173 680 617 638 679 678 584 633 682 639 653 667 594 620 590 422 34 427 644 666 480 609 593 634 673 652 656 586 671 107 601 629 587 610 646
496 628 657 611 588 640 598 632 647 573 675 579 665 595 682 672 578 577 616 662 600 660 582 599 643 626 661 619 605 615 625 583 627 681 635 678 670 650 658 685 621 622 655 618 592 648 574 674 623 575 631 677 576 653 684 663 659 597 603 680 636 607 664 668 654 584 679 596 633 414 589 667 612 638 639 594 617 673 630 173 649 422 620 590 652 666 427 644 34 609 656 586 556 634 480 587 646 671 558 107 593
500 598 628 576 660 684 670 616 665 659 643 611 621 577 622 600 583 662 681 658 650 647 640 635 625 675 619 599 632 595 626 627 661 623 674 663 615 677 636 578 657 582 592 575 597 672 588 574 589 633 682 573 173 605 596 618 685 648 584 638 680 631 607 664 678 679 612 617 653 655 579 630 654 649 668 639 34 620 603 594 427 667 480 644 666 590 593 422 609 634 652 586 671 673 656 587 610 646 434 629 558
506 611 657 625 575 677 655 684 621 672 616 605 636 592 662 599 664 628 588 626 663 660 648 574 573 618 598 603 589 647 596 623 685 583 635 597 665 619 654 661 632 576 579 678 622 630 643 615 620 670 595 674 631 627 612 681 675 584 682 658 680 659 617 600 679 582 650 640 173 577 649 639 607 638 578 422 633 668 594 653 667 427 644 34 666 609 480 590 629 593 656 107 652 673 601 634 671 556 637 558 394
