3980 4006 4020 4011 3993 3996 4017 4001 4012 3980
3981 4012 3987 4011 594 4031 3991 3989 4001 4006 4033 3992 4032 4016 4000 4029 4027 4025 4017 3995 4007 3983 3985 4037 3993 3990 3988 4002 4020 4015 3984 4035 4010 4036 3986 4008 4028 4014 4024 3999 4004 4038 4026 4013 3996 4021 4005 3982 4034 4030 4003 3981
3982 3989 4012 4011 594 3991 4033 3987 4029 4001 3990 4025 4007 3999 4016 4031 4036 4000 4006 3992 4032 4005 4010 4017 3983 4027 4015 3984 3985 4008 4028 3996 4002 4004 4038 3993 4035 3995 4034 4024 4013 4020 4023 3981 3997 4018 4019 4030 3982
3983 4031 4011 594 3989 3991 4038 4032 4029 4006 4002 4016 3999 4013 3996 4027 4020 4004 4001 4028 4025 3993 3988 4009 4034 4003 3997 4007 4005 4036 3994 3981 3990 3998 4037 4018 4008 4012 4023 3995 3985 3982 4019 3987 4021 4010 4030 4024 4015 3984 4033 4014 3986 4026 4035 4000 3992 3983
3984 3996 3993 4001 4021 4023 3985 4011 4029 4006 4026 4004 4028 3989 3986 4027 4038 3995 3982 4031 4020 3981 3994 3998 3997 3988 4009 4012 4013 4030 4014 3987 4018 4003 4017 594 3991 4002 4037 4019 3983 4000 4032 4033 4034 3999 3992 4005 4036 4025 4007 3990 4016 4010 4035 4015 4008 4024 3984
3985 4006 4001 4011 4029 4031 4032 4012 3989 4005 4027 4007 3999 594 3996 4002 4010 4020 3987 3991 4036 3990 4037 3986 4025 4016 4026 4028 4013 4019 4033 4038 3998 4024 4034 4003 3981 3984 4017 4000 4008 3983 3997 4021 4009 4023 3992 4018 3994 4015 3982 4035 4030 3988 3985
3986 3989 4011 4016 4006 4012 4034 594 4001 3991 4007 4025 4029 4027 4031 3985 4038 3996 3993 3999 4002 4032 4013 4004 3987 4036 4028 3990 4010 4023 4020 4015 4033 4008 3984 4019 4005 3995 4009 4003 3981 3997 3998 4018 3994 4037 4024 4000 3992 4035 3983 4014 3988 3986
3987 4031 4011 3989 4006 4020 594 4002 3996 3991 4017 4038 4027 4014 3982 3981 4019 4026 4009 4004 3998 3985 3995 4000 3988 4030 3994 3999 4037 4016 3993 4001 4018 3990 3997 4007 3986 4029 4028 4033 4023 4013 4005 3992 4003 4032 4036 4021 4025 3983 4008 3984 4034 4010 4035 4024 4015 3987
3988 4011 3989 3991 594 4001 4029 4007 4031 4006 4010 4012 4027 3987 3999 4016 4038 4025 3983 3990 4036 4034 4002 4013 3996 4032 4023 4005 4028 4033 4020 4019 4017 4024 3981 3992 3998 4035 4003 3984 4015 4037 3994 4008 4018 4009 4000 3997 3986 4026 4014 3985 4004 3988
3989 3988 3993 3995 3992 4026 3987 4001 3986 4017 4004 4021 3983 4000 4033 3982 4012 3985 4007 4028 4009 3997 4005 4029 3999 3996 4030 3990 4016 4003 4025 4006 3998 3981 4023 4014 4036 3994 4019 4037 4032 4018 4020 4024 4002 4034 4027 4010 4015 3984 4008 4013 4035 4031 3989
3990 4027 4006 3993 4020 3996 4002 4031 4038 594 4028 4011 3991 4012 4001 4017 4021 3989 4004 4014 3995 4026 3982 4000 4023 3985 4037 4033 3992 3994 4003 4009 3997 4029 3987 3988 4032 3999 4013 4030 4005 3986 4036 3983 3981 4018 4034 3998 4019 4035 4015 4008 4024 4010 3984 4025 3990
3991 3993 3988 4026 4029 3992 3987 4005 3982 4012 3983 4021 4017 4030 4001 4000 3990 4004 4036 3998 4009 3997 4019 3986 4007 3981 4016 3995 3985 4028 3999 3996 4006 4023 4003 4025 4037 4018 4014 4033 3994 4032 4010 4020 4002 4034 4027 4024 4013 4015 4008 3984 4035 4038 4011 594 3991
3992 4011 3989 4031 594 4006 4029 4038 4020 3991 4013 4001 4027 4025 4007 3999 4002 4009 4016 4037 4023 3996 4003 3990 4012 4018 3998 3981 4028 3994 4032 4005 4036 3997 4034 3987 3982 4019 3993 4004 4030 3988 3985 4010 4024 4021 3995 3986 4008 4026 4015 3984 4014 4035 4033 3983 3992
3993 4011 3989 4031 4006 3991 4001 3990 594 4012 4029 4007 4010 3999 4027 4038 4032 4005 4013 4025 4036 4033 4002 4016 3983 3987 3998 3986 4034 4037 4028 4017 3980 4015 4008 3984 3996 4024 3981 4026 4020 3992 4000 4019 4035 4003 4018 4009 3994 4023 4021 3997 3982 4014 3993
3994 4012 4016 4011 4006 3987 3989 4031 3990 4000 4007 594 4001 4029 4032 3992 4036 4025 3991 3983 4033 3999 4027 4017 4010 3985 4002 3993 3984 4015 4020 4037 4035 4038 4008 3988 3986 3995 4014 4024 4026 4005 4004 4013 4028 4021 4034 3998 4003 3994
3995 4006 4011 3989 4031 4029 4001 4012 4007 4038 4016 3990 4010 594 4027 3987 4032 3991 3996 3999 4002 4005 4034 4020 4037 4013 4025 4036 4028 3981 4003 4026 3998 4019 3983 4018 4009 4015 3986 3984 4023 3997 4024 4017 4035 4033 3982 3994 4008 3992 4030 4021 3995
3996 4012 3990 4016 3987 4001 3984 4000 4029 3989 3999 4025 3985 4007 4011 4036 4017 3983 3992 4006 3995 4033 3991 4014 3986 4032 4013 594 4024 3988 4031 3993 4027 4035 4026 4004 3980 4038 4021 4005 4008 4010 4023 4037 4020 4034 3982 4015 3998 4030 4003 3997 4019 4009 3981 4018 3996
3997 4011 594 3989 4031 3991 4001 4012 4029 3990 3987 4036 4025 4027 3983 4016 4007 4006 3992 4017 4032 3999 4000 3985 4033 4010 4037 4002 4038 4015 3984 3986 4035 3995 4020 4024 3993 4008 3988 4028 4005 3996 4014 4026 4004 4013 3982 4034 4003 3997
3998 4012 594 4011 3991 3987 3989 4031 4016 4017 4001 3992 3993 4007 4032 4025 4000 4029 4033 3985 4027 3995 4006 3983 4028 4004 3990 4010 3988 4014 4037 4008 3984 4035 3986 4024 4015 4026 4020 4038 3996 4013 4034 4036 4003 4030 4023 3994 4019 3998
3999 4011 4033 4006 4027 4037 4031 3993 4017 4000 594 4004 3989 4028 4013 3996 4025 3985 4020 4029 3992 4032 3983 4002 4001 4026 4012 4030 4038 4014 3988 3995 3991 3987 4016 3982 4023 3986 3990 4021 4007 4003 4010 3994 4009 4034 3997 4019 4018 4015 3981 4024 4008 4035 3984 3999
4000 4011 4029 4031 4001 3989 4007 4006 4003 4038 594 4027 4025 4034 3996 4016 3999 3991 4013 4012 4020 4023 3990 4037 3987 4009 4036 3994 4005 4028 4002 3981 3998 3982 4018 4019 4010 4032 4004 3985 3997 3993 4024 4015 3988 4008 4026 4035 3986 3984 4014 3983 4000
4001 4020 3985 4011 3993 4006 4014 4027 4004 3989 4000 3988 4017 4037 4038 3995 4032 3996 4002 3992 3991 4021 4012 4028 4031 3990 4016 3986 4023 4009 4018 594 3982 4036 4033 4026 3999 4034 3981 4030 3983 4019 4015 3998 3997 3987 4008 3994 4025 4003 4013 4005 3984 4007 4035 3980 4024 4010 4001
4002 3990 4012 3987 4001 4025 4016 4007 3983 4036 3985 3992 3999 4029 4033 3995 3993 4004 4034 3986 4021 4017 4000 3988 4026 4005 4014 3989 3991 4009 4023 4035 4008 4003 4010 4024 4011 3981 4019 3997 4013 3994 594 3982 4018 4015 3984 4028 4038 4030 4006 4032 4037 4002
4003 4000 4011 4033 3989 594 4006 4007 4036 4016 3992 4012 3990 3991 3999 4001 3983 4032 4031 4029 4025 4017 3995 4027 3987 3985 4002 3993 3988 3986 4008 4028 4010 4005 3984 4020 4035 4014 4004 4021 4015 4026 3996 4037 4024 4038 4013 3998 4018 3981 3997 4034 4019 3994 4003
4004 4006 4011 4027 4007 4001 3989 4012 4032 4031 3999 4029 3991 4037 3990 594 4016 3987 4036 3983 4002 4010 4025 3986 4005 4020 4033 4024 4000 4008 4038 3996 4017 4026 3998 3984 4035 3992 4028 4015 4013 4021 3982 4019 3981 4009 4034 4003 4018 3994 3997 3988 4014 4004
4005 4011 4006 4031 4027 3985 594 3991 3989 4020 4016 4032 4025 4017 3993 4033 3995 4007 4037 4000 4038 4004 4002 4012 3990 3992 3983 4014 4001 3987 3988 4028 4013 3996 4030 3982 3986 4029 4026 4010 4023 4034 4021 4003 4015 4035 3994 4008 3997 4018 4019 4009 3984 4024 3981 4036 4005
4006 3985 3995 3993 4004 4017 4001 4025 4007 3990 4021 3999 3992 4029 4005 3987 4033 4000 4008 4010 4016 4012 3986 4026 4014 4036 3988 4034 3983 3980 4015 4003 3989 3996 3994 4009 3991 3981 4028 4035 4024 3997 4013 3982 4018 3998 4019 4011 3984 594 4023 4038 4031 4030 4037 4002 4020 4032 4006
4007 4006 4020 4004 4038 4027 4031 4000 4014 3993 3989 3995 3988 4021 3985 594 4011 4028 4002 4033 3992 3996 4023 4017 4012 3986 3991 4003 3982 4036 4005 4026 4013 3994 3998 4009 4037 3987 4032 3999 4030 3997 3983 4029 3981 4019 4001 4018 4034 4015 4035 4024 4008 4010 3984 4016 4007
4008 4006 4020 4029 4001 4027 4017 4011 4038 4026 3993 4004 3983 4037 3985 4023 4002 3996 4031 3986 3989 4014 594 3998 4003 4013 3982 3981 4019 4030 4021 4018 4012 3987 3994 3988 3997 3991 4028 4009 4000 3999 3995 4032 4005 4036 3992 4007 3990 4033 4034 4025 4010 4016 3984 4024 4015 4035 4008
4009 3989 4011 4017 4031 4001 594 3992 3991 3987 4032 4016 4012 4033 4000 4006 4025 3990 4007 3983 4029 4027 4010 3999 4002 4020 3985 3995 4036 4037 3986 3993 4035 4038 4015 4014 3984 4026 4028 4024 4008 3988 4004 4021 4013 3996 4005 4034 4030 4018 4009
4010 4006 3993 3995 4027 3985 3988 4011 4014 4004 4020 4023 3999 4031 4017 4000 3986 4038 3991 4021 4032 594 4030 4009 3989 4037 4026 4036 4002 3996 3982 3997 3998 4018 3994 4012 3981 4005 3992 4003 3983 4033 4019 4013 3987 4028 4034 4016 4007 4008 3990 4001 4025 3984 4035 4029 4015 4024 4010
4011 3988 3992 3993 4017 4000 3995 4005 4001 4026 3985 3983 4004 3987 4029 4033 4028 4021 4012 4036 3999 3997 3986 3982 4014 4007 4030 4009 3998 3990 4016 4003 3996 3981 4019 4025 4010 3994 4024 4034 4023 4018 4008 4015 3980 4037 4035 4032 3984 4006 4013 4002 4020 4027 4038 3991 594 4011
4012 4020 4014 3996 4011 4017 4031 3993 4038 3985 3989 3981 3995 3982 4002 4006 3998 4004 594 4027 4016 3991 3986 4030 4001 4019 3990 4033 4026 4000 4037 4021 4018 3994 4007 3988 4009 3999 4003 3992 3997 4028 4029 4025 4013 4036 4023 4005 3983 4032 4034 4010 3984 4008 4035 3980 4015 4024 4012
4013 3992 4000 3999 3993 3983 4033 4028 4017 4036 4007 4016 3996 3986 4012 3990 3985 3995 4029 3988 4032 4001 4026 4006 3987 594 4005 4011 4025 4035 4002 4004 3989 4008 3991 4027 3984 4010 4031 4021 4024 4014 4020 4037 4015 4009 3982 4019 3998 3994 3981 4030 4018 4003 3997 4034 4013
4014 4029 4001 4012 4007 4006 4011 4032 3987 3990 4036 594 4016 3999 3989 4025 4031 4027 4010 3996 4028 3991 4002 4005 4024 4033 4008 4034 3998 4020 4009 3981 3984 4015 4019 4037 4023 4035 4003 3994 4018 4013 4000 3997 3983 3986 3992 4026 3993 3988 4004 4014
4015 4006 4001 4011 3993 4029 4027 3989 3986 4020 4026 4031 4017 4021 594 4004 3995 3982 3981 3985 4009 3997 4023 4032 3988 4000 3994 3999 3998 4030 3991 4019 4014 4018 4002 4038 4036 4005 3996 4007 3983 4003 4013 4037 4016 4028 4012 3990 3992 4033 4025 3987 4034 4010 3984 4024 4035 4008 4015
4016 4027 4020 3996 4006 4017 3986 4012 4000 594 4028 4011 4031 4021 4038 4029 4002 4001 3995 3983 4005 3989 4004 4023 3992 4009 3994 3991 4014 4036 4003 4026 4033 3998 3988 3999 3993 3985 3987 4013 3982 4037 3981 4030 4018 3997 4019 4032 4034 4015 4010 4035 4024 4008 3984 4007 4016
4017 4011 4006 4012 3989 4001 4025 4029 4016 594 4027 3999 3987 3991 4023 4028 4009 4031 3990 4005 4007 4036 3996 4013 4034 4038 3998 4008 4020 4018 4002 4032 3993 4037 3981 4019 4003 4010 3997 3994 3985 4004 4015 3988 3980 3982 4024 4035 3995 3984 4021 4033 4017
4018 4001 4012 4029 3992 594 3987 4017 4011 4032 3991 4033 4016 3989 4000 4031 4006 4007 4036 3983 4025 3990 3995 3999 4035 3985 4010 3993 4027 3986 4008 4024 3984 4015 3988 4037 4002 4026 4038 4020 4014 4028 4004 4005 4021 3996 4013 3982 4034 4003 4019 4009 4018
4019 4012 594 3987 4011 3991 4001 3989 4029 4031 3985 4000 4017 4032 4016 4007 4027 4006 3995 4033 3992 4025 4036 3988 3993 3999 3990 3986 4002 3983 4008 4028 4038 4010 4035 4015 4014 4004 4037 4020 3984 4024 4026 4013 3996 4005 4021 4034 3982 4023 4003 3998 4018 4019
4020 4001 4012 4007 4029 3990 4025 4016 3987 3992 4008 4033 4005 4036 3999 4000 3985 3983 4035 3995 4017 4010 3980 4034 4004 4024 3989 3993 4026 3991 3986 4015 3988 4009 4028 4021 3981 3984 4014 3994 3997 594 3996 4011 4003 4023 4019 4018 3998 4013 4032 4031 3982 4006 4020
4021 4011 4006 3989 594 4007 4029 3991 4001 4025 4016 4031 3990 4012 4027 4028 3999 4002 4032 4010 3984 3987 4036 3996 3985 4034 4015 4020 4038 3983 4004 4037 4008 4005 3993 4033 4013 4024 4035 3992 4023 4003 4009 4017 3995 4018 3981 4019 3994 4030 4021
4023 4017 4001 4007 4033 4016 4000 594 3990 3992 3989 4029 3991 4025 4011 3999 4010 4012 4031 3987 3988 4028 4032 3984 3986 4036 3983 4002 4008 3985 3996 3995 4006 4027 4015 3993 4005 4037 4026 4024 4035 4014 4020 4021 3982 3998 4019 4023
4024 4011 4006 3996 4020 3985 3993 4014 4038 4004 3989 4027 4031 594 3988 4002 3991 4026 4001 4030 4000 4017 4037 3981 3998 3995 4023 4018 3997 3983 4009 3999 4033 4013 4028 4021 4029 3986 3992 3994 3982 4019 4003 4032 4012 4007 4016 4005 3987 4036 3990 4034 4025 4010 4015 4008 3984 4035 4024
4025 4006 4027 4020 4038 4017 4031 4000 4026 4002 4021 3999 3992 3996 4005 4036 4033 594 3989 3986 3993 4011 3982 4014 3985 4028 4009 3983 4023 3988 3991 4037 4012 4004 4001 4032 4030 3997 3998 3994 3995 3981 4029 4003 4018 4019 3987 4013 4034 4035 4015 3984 4008 4024 4010 3990 4025
4026 4011 594 3989 3991 4031 4006 4025 4012 3987 3990 4001 3999 4027 4028 4016 4029 4036 4007 3985 4002 4032 4008 4013 4034 3995 4033 3993 3996 4020 4038 4010 4004 4015 3984 4005 4024 4023 4009 4018 3998 4000 3981 3994 4037 4019 4003 4035 3997 3983 3992 3988 4014 4026
4027 3990 4025 4004 4001 4016 4007 3999 4005 4029 4017 3985 4000 3993 4012 3992 4036 3987 4028 4010 4021 3995 3986 3983 3988 4026 4033 4014 4008 4035 3997 3981 4009 3996 4003 4019 3998 3994 4015 3989 4024 4034 3991 3982 3984 4023 4018 4013 594 4011 4030 4037 4027
4028 4011 3989 4031 4029 4016 4007 4017 4001 3990 3999 4036 4027 4038 594 4013 4026 3991 4032 4025 3983 4006 4012 3992 3993 4000 3985 4014 4021 3987 3995 3986 4037 4033 4023 4005 3988 3998 3984 4020 4030 4034 4004 4003 3981 3982 4019 4009 4035 4008 4024 3997 4018 4010 4015 4002 3994 4028
4029 4014 4000 4011 4020 3985 4006 3992 4017 3995 3993 4027 3988 3991 4037 4021 4028 3989 4033 3996 4038 4016 3983 4004 3999 3982 4032 3986 4002 4018 4031 4023 4030 4026 4008 4034 4012 594 3997 3990 3994 4019 4009 4013 3987 3998 3981 4025 4015 4003 4007 4036 3984 4005 4035 4024 4010 4029
4030 4012 3991 4011 3989 594 3999 3987 4029 4001 4036 4025 4016 4007 3990 4033 4010 4031 4005 4028 3992 4035 4024 4008 3984 4015 3983 4034 4006 3996 4032 3985 3995 4027 4038 4013 4002 4021 3998 4037 3981 4009 3982 4030
4031 3993 3983 3992 3987 4000 4012 4007 3995 4026 3985 4005 3990 3999 4025 4004 4028 3988 4016 4001 4021 4009 3997 4017 3981 4033 4036 3986 4029 3998 4014 3994 3982 4019 4023 4003 4010 3996 4018 4030 4034 4015 4024 4008 4035 3984 4037 4013 4006 4032 4020 3989 4031
4032 3985 4001 4004 4014 3983 3993 4005 4029 4009 3999 3995 4028 4036 3996 3994 3990 3998 3981 3986 4007 3989 4018 4025 3992 4017 4013 4003 4026 4019 3988 4034 4021 3987 4033 3991 4000 4010 4023 4011 3982 3997 4012 4016 4015 594 4038 4008 4031 4030 4037 4024 4035 3984 4020 4002 4006 4032
4033 4011 3999 4006 3989 4020 4038 4029 3982 4003 4012 4007 4023 4005 4037 4025 4001 4013 4031 4036 4009 4002 3993 4027 3990 3996 4016 594 3981 3991 4018 4004 3985 3987 3998 4034 4030 3994 4032 4028 4026 4019 3988 3997 3986 4014 4010 4021 3995 4024 4035 3983 3984 4017 4015 4008 3992 4033
4034 4000 3986 4006 4001 4017 4011 4029 3995 4002 3993 594 4037 3988 4020 3983 4033 4026 3985 3992 4032 4036 3989 3991 4007 3999 3990 4031 4027 4021 4028 4016 4014 4012 4005 4025 3996 3987 4004 3982 4030 4010 4038 3998 3984 4035 4008 4024 3994 4019 4015 4009 3997 3981 4018 4013 4003 4034
4035 4020 4006 4027 3996 4011 4001 4038 4002 4004 4037 4018 3993 4013 4031 3988 4009 4030 3981 3998 4029 3997 3985 3989 4017 4023 3994 4019 594 3995 4028 4012 3982 4014 4003 4000 3987 3999 4021 3990 4005 3986 3991 4007 4033 4026 4025 4036 4032 3983 4016 4034 3992 4010 3984 4015 4008 4024 4035
4036 4011 4006 4037 4027 4028 4020 4002 3991 4025 4017 4004 4001 3996 594 4014 4033 4031 3993 3985 4003 3989 4000 4038 4013 4016 4007 4026 4032 4030 3982 3997 3988 3994 4012 3986 3995 3983 3992 3990 4034 3987 4021 4018 4023 4029 4019 4010 4009 3981 4015 4008 4035 3984 3998 4024 4005 4036
4037 4001 3999 4029 4036 4004 4012 4033 4000 3992 3990 3985 3987 4005 4016 4025 3993 3995 4007 3991 3989 4034 4017 594 4011 4028 3981 3983 4008 4010 4035 3997 4009 3998 3996 4024 4023 4021 3994 3988 4031 4014 4018 4019 3984 3986 4026 4013 4003 4015 4032 4006 4038 4027 4030 4002 4037
4038 4007 4025 4001 4012 3992 4000 3990 3995 3993 3983 3987 4033 4029 4016 4028 3999 4017 4036 3988 3986 4005 4008 3985 4010 4024 4004 4026 3996 4035 4021 3984 4009 3997 4019 4032 3994 4006 3982 3981 4015 4018 3998 3991 4034 4003 594 4030 4002 4011 4037 4038
594 4026 3992 3988 3983 3993 4021 3987 4017 4000 3998 3982 4005 4012 4007 3990 3997 4016 3999 3986 4019 3985 4009 4004 4001 3995 3981 4030 4003 4025 4023 4036 4028 4014 4033 4029 4018 3994 4034 3996 4037 4013 4010 4006 4024 4015 4008 4020 4032 4027 4002 4035 3984 4038 4011 3991 594
