34

512 514 516 517 521 522 523 528 529 530 531 533 534 537 539 540 543 544 545 554 555 557 562 563 565 569 570 353 354 355 356 357 359 360 361 362 366 369 372 380 381 386 388 389 390 395 397 398 401 402 404 405 407 416 418 419 420 421 422 424 426 429 430 431 432 433 435 439 440 442 444 445 446 449 450 451 452 455 457 458 462 463 466 469 470 472 480 481 486 487 488 489 490 494 495 497 504 507 509 510 

173

512 514 517 521 523 525 526 529 530 532 533 535 536 537 539 540 543 544 545 546 548 555 557 560 562 568 569 570 353 354 355 356 357 359 360 361 362 366 372 376 382 386 387 388 390 395 396 397 398 401 402 403 405 407 408 410 413 418 422 424 426 429 430 431 433 435 437 440 442 444 445 446 449 450 451 452 455 458 460 462 463 466 470 472 473 474 480 481 487 489 490 491 495 497 499 502 504 507 510 511 

198

519 520 523 524 528 533 534 535 536 539 540 543 544 545 546 547 552 555 557 559 563 565 567 568 570 350 354 355 357 360 362 363 366 367 369 371 375 376 378 382 384 387 390 396 397 398 403 404 405 407 409 410 413 414 415 416 418 419 420 421 422 425 426 428 430 431 432 433 434 435 440 442 444 445 450 451 455 460 461 463 469 470 474 475 477 478 481 485 488 489 490 491 492 493 495 496 497 500 508 510 

348
390 395 539 540 416 420 551 557 559 431 434 435 563 565 567 440 441 444 451 453 454 455 460 461 470 473 475 477 480 353 481 355 356 357 486 487 497 369 375 380 382 
384 386 552 464 401 348 

349

512 514 519 521 522 526 528 529 530 531 533 535 538 539 540 543 545 546 547 548 551 552 554 555 557 562 565 568 570 571 350 351 355 356 357 359 361 362 363 367 368 369 372 374 375 380 381 382 384 386 388 389 390 391 396 397 403 405 407 410 413 416 418 419 420 421 422 424 426 429 433 435 438 446 450 451 452 454 455 457 463 466 469 470 471 473 474 475 481 482 486 487 489 491 502 503 504 505 510 511 

350

512 517 522 526 530 532 534 535 536 539 540 541 544 34 548 549 556 557 558 560 562 564 568 569 571 572 198 349 351 353 354 358 359 360 361 362 364 365 367 371 372 376 377 379 382 383 388 390 393 396 399 402 403 405 409 410 411 413 415 422 434 437 440 441 442 444 445 446 447 448 450 452 453 454 460 462 463 466 467 468 470 474 476 477 478 480 481 482 487 489 490 491 495 498 499 501 502 507 508 511 

351

512 514 517 520 523 531 534 535 536 539 540 541 542 543 544 545 546 547 548 552 553 555 556 557 558 559 560 563 565 568 569 570 349 350 355 360 362 363 366 367 371 372 373 376 383 384 387 388 390 391 392 396 397 398 402 403 404 410 412 413 414 415 417 419 421 422 425 428 431 432 433 434 435 440 442 444 445 450 451 455 458 460 461 463 473 474 475 477 478 481 482 484 488 489 490 495 496 497 508 510 

352

516 518 519 522 528 529 530 531 533 535 539 540 541 543 544 546 547 548 34 551 552 554 555 557 558 562 563 564 568 570 571 351 354 355 356 357 358 359 361 362 367 369 371 372 377 380 381 382 383 389 390 393 396 397 399 403 405 406 407 410 411 418 422 424 425 427 429 433 435 442 448 449 450 452 453 454 455 457 458 459 463 466 468 469 470 472 474 476 477 480 481 485 486 490 491 501 502 504 505 510 

353
348 
516 518 519 521 522 528 529 530 531 533 534 535 543 546 547 34 551 552 554 555 558 562 563 564 568 570 571 173 350 354 355 356 357 358 359 361 364 367 369 371 372 377 379 380 381 382 383 384 389 390 393 396 397 399 403 405 407 410 411 413 422 424 425 426 427 429 433 435 447 448 449 450 452 453 455 457 458 459 464 466 467 468 470 472 474 477 480 481 485 486 489 490 499 501 502 504 505 509 510 

354

512 517 518 524 525 527 528 530 533 534 536 538 539 540 545 34 549 551 552 554 558 560 561 563 564 565 567 569 571 572 173 350 352 357 362 363 365 368 369 371 375 378 380 381 383 384 385 387 389 390 391 393 394 399 400 402 406 407 409 415 417 419 421 424 425 427 430 431 432 438 440 442 444 445 446 447 448 451 453 455 457 459 460 462 464 465 467 471 477 479 480 484 486 493 495 501 505 508 509 511 

355
528 348 
521 525 526 532 533 534 536 540 34 549 551 552 554 556 561 564 566 567 569 571 572 173 198 349 351 352 353 356 357 358 362 364 365 368 371 375 377 379 380 381 383 384 385 386 387 389 391 392 393 399 401 406 407 409 411 414 415 419 425 427 430 431 433 437 440 441 445 447 448 453 454 457 459 462 464 467 468 469 471 472 476 477 478 482 484 485 486 490 491 494 495 498 499 501 502 505 508 509 

356

512 517 519 521 522 523 529 530 531 534 535 539 540 541 543 544 34 546 547 548 555 557 558 560 562 563 565 568 569 570 571 173 349 352 353 355 359 360 361 362 367 369 371 372 379 380 381 382 388 390 396 397 403 406 407 409 413 414 416 418 419 421 422 424 425 426 427 429 432 435 442 446 448 449 450 455 457 458 460 463 466 469 470 474 478 480 481 485 489 490 491 496 498 499 502 504 505 507 508 509 

357

517 519 521 522 523 524 526 529 530 531 532 535 536 539 544 34 546 547 555 556 557 558 560 562 568 570 571 173 198 349 352 354 358 359 360 361 364 365 367 372 377 382 383 385 386 387 390 393 394 396 401 403 405 406 408 409 410 411 413 414 415 417 418 426 428 429 434 436 437 441 442 444 445 446 450 452 453 454 458 460 462 463 465 466 468 470 474 476 478 481 489 490 493 495 496 498 501 502 504 511 

358

513 514 515 517 519 520 523 524 525 538 539 540 542 544 545 546 549 553 557 558 559 560 561 563 565 566 567 568 569 350 352 353 354 355 357 360 367 370 374 376 378 387 388 390 391 394 395 397 398 402 403 408 409 412 415 416 418 420 421 422 425 428 430 431 432 434 435 436 438 439 440 442 444 446 450 451 455 456 458 460 461 465 471 473 475 479 480 481 482 484 487 488 489 494 496 497 503 506 508 511 

359

514 516 517 518 520 523 524 525 526 528 533 534 536 537 538 540 541 542 544 545 552 554 556 558 560 563 565 567 571 173 349 350 352 353 356 357 362 363 365 366 368 371 375 377 381 383 384 385 387 392 394 395 397 400 402 404 408 409 412 414 415 417 419 420 421 423 425 427 428 430 431 436 439 440 444 448 449 451 460 462 464 471 472 477 478 479 480 484 485 487 488 493 494 495 496 505 507 508 509 511 

360

516 518 519 522 528 529 530 532 536 539 540 541 34 551 552 554 562 563 564 568 569 571 572 173 198 349 350 351 354 356 357 358 359 361 364 366 367 369 375 378 379 380 381 382 384 386 389 390 393 394 397 399 401 403 404 405 406 407 410 411 414 416 419 424 427 429 430 434 435 437 440 441 447 450 453 454 455 457 459 462 464 466 467 468 469 472 476 477 478 481 485 486 490 494 498 499 501 502 505 509 

361

512 514 515 516 518 520 525 527 528 533 534 536 537 538 540 541 544 545 34 549 551 552 553 554 556 558 559 560 563 565 567 569 571 173 349 350 353 356 357 365 366 368 370 375 377 378 383 384 385 387 391 392 397 398 400 404 406 407 408 411 412 414 416 419 420 421 423 427 430 431 432 433 436 438 440 442 444 449 451 459 462 464 465 469 472 478 479 480 482 483 484 485 494 496 497 502 503 506 508 510 

362
482 
516 518 519 521 522 528 530 533 534 541 546 34 548 551 552 554 555 562 563 568 569 571 173 198 349 350 351 352 354 355 356 357 359 364 367 369 377 379 381 382 383 384 385 390 396 397 403 405 406 407 410 411 418 420 422 424 426 427 429 433 435 440 441 449 450 451 452 453 454 455 457 458 459 462 464 466 467 468 469 470 472 474 477 478 480 481 485 486 489 490 494 498 501 502 504 505 509 510 511 

363

516 518 519 522 528 529 530 531 532 533 534 539 540 541 543 546 547 552 554 555 558 562 563 564 568 570 571 572 198 349 351 354 356 357 358 359 361 364 365 369 372 377 379 380 381 382 383 386 389 393 396 399 401 403 405 406 407 410 411 421 424 425 426 427 429 433 435 437 441 442 447 448 449 453 454 457 458 459 462 466 467 468 469 470 472 474 476 477 480 485 486 489 490 491 498 499 501 505 508 509 

364

512 521 526 528 534 535 536 537 538 540 541 542 543 544 545 546 547 548 552 555 557 558 563 565 568 569 571 350 352 354 355 357 362 363 366 367 369 370 373 375 376 382 384 387 390 391 397 398 403 404 407 409 410 413 414 415 416 419 420 421 422 425 426 430 432 433 434 435 440 442 444 450 451 452 455 458 460 462 469 470 471 474 475 477 478 480 481 484 485 490 491 492 493 494 497 500 504 508 510 511 

365

518 519 521 522 523 528 529 530 531 532 533 534 535 536 541 543 545 546 547 551 552 555 557 558 562 565 568 569 570 572 350 354 355 357 359 361 363 367 369 372 379 380 381 382 384 386 389 390 396 397 401 403 405 407 410 411 413 418 421 422 427 429 432 433 435 437 442 448 449 450 451 452 453 455 457 458 459 462 463 464 466 467 468 469 470 471 474 478 480 481 489 490 494 495 498 499 502 504 509 510 

366
555 
516 518 519 521 522 528 529 530 531 532 535 541 543 34 546 547 549 551 552 554 557 558 562 563 564 568 570 571 173 198 351 354 355 356 357 358 359 360 361 364 367 369 372 377 380 381 382 383 384 389 393 396 397 399 405 406 407 410 416 418 421 422 424 425 426 427 429 433 435 437 441 442 444 448 449 453 454 455 457 459 463 464 466 467 468 469 470 474 476 477 480 481 485 489 501 504 505 509 510 

367

512 516 522 528 529 530 532 533 534 535 540 541 542 543 544 545 549 551 552 554 558 560 562 564 565 570 571 572 198 349 351 353 356 357 358 362 364 365 369 371 372 377 379 380 381 383 384 386 389 393 394 399 401 402 404 406 407 408 411 413 415 421 424 427 429 431 433 437 441 442 444 445 447 448 449 453 457 459 462 464 466 467 468 472 473 476 477 478 486 493 495 496 498 499 501 505 507 508 509 510 

368
521 
516 518 519 522 528 529 530 531 532 533 534 535 539 543 34 547 546 548 552 555 562 563 568 571 572 198 349 351 354 355 356 358 359 361 365 369 372 377 379 380 382 383 386 387 389 390 393 396 397 401 403 405 406 407 410 411 421 424 425 426 427 429 433 434 435 437 442 447 448 449 450 452 453 455 457 458 459 464 466 467 468 469 470 472 476 477 478 480 481 485 489 490 491 498 502 504 505 509 510 

369
442 
512 517 519 520 521 523 525 526 529 530 531 532 534 535 536 539 544 545 34 547 548 555 556 557 558 560 562 568 570 571 349 352 354 359 360 362 365 366 367 368 371 375 379 382 385 386 387 388 390 392 394 396 398 403 404 408 409 410 411 413 414 415 417 418 423 428 432 436 438 440 444 445 450 452 454 460 462 463 466 468 470 473 474 475 478 481 482 483 487 489 491 492 494 495 500 503 507 508 511 

370

519 521 522 528 529 530 531 532 533 534 535 536 539 541 543 34 547 546 554 557 558 562 564 568 570 571 572 198 349 351 355 356 358 359 361 362 364 365 371 372 377 379 380 382 383 384 386 390 393 396 399 401 405 406 407 410 411 418 421 424 425 426 427 429 433 435 437 440 441 442 445 446 447 449 450 453 454 455 459 462 463 466 467 468 470 472 474 476 477 478 481 489 490 491 498 499 501 502 504 510 

371

516 518 519 522 528 529 530 531 532 533 534 539 540 541 543 544 546 547 548 551 552 554 555 557 561 562 563 568 571 350 354 355 356 359 361 367 369 377 381 382 383 384 385 386 389 390 396 397 401 403 405 406 407 411 418 420 422 426 429 431 432 433 434 435 436 437 438 439 440 444 449 450 451 452 453 455 457 458 459 464 466 468 469 470 475 477 478 480 481 484 485 486 487 489 490 499 504 507 510 511 

372

515 516 518 520 521 524 525 533 534 540 542 544 34 551 552 554 556 561 565 566 567 572 173 349 352 353 356 357 363 366 370 373 374 375 376 377 378 379 384 385 389 390 391 392 394 395 404 406 407 408 409 414 416 419 420 423 424 425 426 427 428 430 431 434 435 436 439 440 446 448 451 453 456 458 459 461 462 464 465 469 471 472 478 483 484 485 486 490 491 492 494 496 498 502 503 506 507 508 509 510 

373
546 565 413 
516 518 519 521 522 529 530 531 532 533 535 536 540 541 34 547 549 551 554 555 557 562 564 568 571 572 173 198 349 351 354 356 357 358 359 361 364 365 369 371 372 377 379 380 381 382 383 386 389 393 396 399 401 403 405 406 407 409 410 416 418 422 424 426 429 433 435 437 441 442 447 448 449 452 454 455 459 462 466 467 468 469 470 472 474 476 480 481 486 489 494 499 501 505 508 509 510 

374

518 519 522 529 530 531 532 533 534 539 540 541 543 546 547 34 548 552 554 555 562 564 568 571 572 173 349 351 354 355 357 358 359 361 364 367 369 372 377 379 380 381 382 383 384 386 389 390 393 396 397 399 401 403 405 406 407 410 411 421 424 425 427 429 433 437 440 441 447 448 449 450 453 454 455 457 459 462 464 466 467 468 470 474 476 477 478 480 481 485 486 489 490 491 498 499 502 505 508 509 

375

518 519 522 528 529 530 531 532 534 539 541 543 544 546 547 551 554 555 557 562 563 564 568 570 571 572 349 354 355 359 360 361 364 367 369 372 377 379 380 381 382 383 386 389 390 396 397 399 401 403 405 406 407 410 411 413 418 422 424 425 426 427 429 433 435 437 442 448 449 450 452 453 455 457 458 459 466 467 468 469 470 474 477 478 480 481 485 486 489 490 491 496 498 499 501 502 504 505 509 510 

376
390 
516 518 521 522 528 529 530 532 533 534 535 536 539 540 541 543 34 549 551 552 554 558 562 564 568 569 571 572 173 198 349 350 351 352 356 357 358 362 364 365 369 371 372 375 377 379 380 381 383 384 386 389 393 399 401 404 406 407 409 411 421 424 425 427 429 433 437 440 441 447 448 449 453 454 455 457 459 462 464 466 467 468 469 472 474 476 477 478 480 485 486 494 498 499 501 504 505 508 509 

377

515 517 519 521 522 527 530 536 538 539 540 543 546 547 552 553 555 557 562 563 568 352 355 357 359 361 362 363 367 368 371 372 373 374 375 376 382 384 385 388 390 395 396 397 398 402 403 405 409 413 416 420 421 422 423 425 426 430 432 434 435 438 439 440 444 446 448 449 450 451 452 455 456 458 461 463 464 470 471 473 474 475 477 479 480 481 484 487 488 489 491 492 494 496 497 502 503 504 507 510 

378
482 
512 519 521 522 523 529 530 531 532 533 534 539 540 541 543 545 546 547 34 549 554 555 557 558 562 564 568 570 571 572 198 349 351 354 356 358 359 360 361 364 365 371 372 377 379 382 383 386 390 393 396 397 399 401 405 406 407 410 411 413 415 418 421 422 424 429 433 435 437 440 441 442 444 447 448 449 450 453 454 455 458 463 466 467 468 470 472 474 476 480 481 489 498 499 501 504 505 508 510 

379

512 513 514 515 517 519 520 522 523 524 526 528 529 531 533 536 538 539 540 541 543 546 547 552 557 559 560 561 563 568 570 350 355 356 360 362 363 365 367 368 369 372 374 375 376 384 390 391 394 396 397 398 405 407 408 409 410 412 416 417 418 422 423 426 428 429 433 434 435 438 439 440 442 444 446 449 450 451 455 456 458 460 461 464 465 466 471 473 474 475 480 481 492 496 497 502 504 508 510 511 

380

512 517 519 521 522 523 524 525 526 529 531 536 537 539 541 543 544 545 546 547 34 548 552 553 555 556 557 558 559 560 567 568 569 570 571 352 353 354 355 356 360 365 367 372 375 382 383 384 386 387 390 392 394 401 402 403 404 408 409 410 412 413 417 418 420 426 429 432 434 438 440 442 444 446 449 450 451 460 462 463 464 465 466 472 474 478 481 482 487 489 492 493 494 495 496 503 504 507 508 511 

381

512 513 517 519 520 521 523 524 525 526 529 530 531 534 535 539 541 543 544 545 34 547 548 549 546 553 555 556 558 562 568 570 349 352 354 359 360 361 362 365 366 367 371 372 373 375 382 388 390 392 394 396 398 402 403 404 405 408 410 413 414 415 417 418 423 428 429 432 434 438 442 444 445 446 450 451 452 458 460 463 465 466 470 473 474 481 482 487 489 490 491 492 495 500 502 504 507 508 510 511 

382

513 516 518 523 524 525 526 528 533 534 536 537 539 540 541 542 543 544 549 551 552 554 556 560 561 563 564 565 567 569 571 173 349 352 353 356 357 362 364 365 369 373 375 377 380 381 383 385 387 389 394 398 399 400 402 404 406 407 408 415 416 417 419 421 424 425 426 427 430 431 432 433 436 439 440 441 442 444 449 451 457 462 464 469 471 472 477 478 480 482 485 486 493 494 495 496 498 508 509 511 

383

512 515 516 518 521 522 526 527 530 531 536 538 539 540 543 545 546 552 557 560 562 563 566 568 569 351 352 354 355 357 359 361 362 363 367 368 371 372 374 375 376 382 384 385 388 390 396 397 398 403 405 409 413 416 418 420 421 423 425 429 430 432 435 439 440 446 448 449 450 451 452 454 455 456 458 460 461 466 470 471 473 474 475 477 479 480 481 484 485 487 488 491 492 494 496 497 502 503 504 507 

384

512 514 521 522 524 526 530 533 534 535 537 539 540 541 544 545 548 549 555 556 557 558 562 564 566 568 569 198 348 349 351 353 354 355 359 361 362 364 365 366 367 371 372 376 377 379 380 382 383 388 390 393 396 399 402 405 408 410 413 416 417 418 420 422 424 430 431 440 441 442 444 445 446 448 449 450 451 454 455 462 463 466 469 472 474 476 480 481 482 485 487 489 490 491 495 499 502 505 507 508 

385

516 518 519 522 528 530 531 533 534 539 541 543 546 547 548 549 551 552 554 555 557 558 562 563 568 569 570 571 173 354 355 356 357 359 361 362 365 369 371 372 377 380 381 382 383 384 389 390 397 403 404 405 406 407 410 411 415 416 421 422 424 425 427 429 433 435 437 440 449 450 451 452 453 455 457 458 459 462 464 466 468 469 470 472 474 477 480 481 485 486 490 491 494 496 498 502 504 505 508 510 

386

513 515 516 517 518 520 521 522 523 524 536 539 540 541 544 546 34 549 551 553 554 556 558 559 561 563 565 566 567 568 569 173 349 354 355 357 360 365 367 368 369 370 371 374 375 376 380 390 394 397 398 402 405 408 409 414 416 419 421 422 424 425 427 428 430 434 435 438 439 440 442 444 449 450 455 457 458 460 461 464 465 469 471 474 475 477 478 480 481 482 485 486 489 496 505 507 508 509 510 511 

387

516 518 519 521 522 528 529 530 531 532 533 534 539 540 541 546 547 551 552 554 555 557 562 563 568 571 173 198 351 354 355 356 357 358 359 361 364 367 368 369 371 372 379 380 381 382 384 386 389 390 393 396 397 398 401 403 405 407 409 410 418 421 424 427 429 433 434 435 441 446 447 448 449 450 452 454 455 457 458 459 464 466 469 470 474 477 480 481 485 486 489 490 491 494 499 502 504 505 509 510 

388

516 518 522 528 529 530 532 533 534 536 540 541 34 546 551 552 554 562 563 564 568 571 572 173 198 349 350 351 354 355 356 357 358 359 364 365 369 371 372 377 379 380 381 382 383 384 386 389 393 396 397 399 403 405 406 407 410 411 418 422 424 425 426 427 429 433 435 437 441 442 447 448 449 453 454 455 457 458 459 464 466 467 468 469 470 472 476 477 478 480 481 485 486 498 499 502 505 508 509 510 

389

512 517 519 520 521 522 523 524 525 529 530 531 534 535 539 541 543 545 546 547 34 548 553 555 556 558 562 566 567 568 569 570 571 349 354 355 360 361 363 365 366 367 371 372 375 382 385 387 388 390 392 394 396 402 403 405 408 410 413 414 415 417 420 425 426 428 429 432 438 440 442 444 446 450 452 460 463 465 466 470 474 475 481 482 487 488 489 490 491 492 495 496 500 502 504 506 507 508 510 511 

390
348 
516 518 528 532 533 534 535 536 540 541 543 34 546 547 549 551 554 555 556 558 564 570 572 173 198 349 351 354 356 357 358 359 360 362 364 365 369 371 372 375 377 379 380 381 382 383 384 387 389 393 397 399 402 403 404 406 407 413 415 416 419 422 424 426 427 432 435 437 440 441 442 444 445 447 448 449 454 458 459 460 462 464 467 469 470 472 476 477 480 485 486 495 499 501 505 507 508 509 510 

391
359 
516 518 519 521 522 529 530 531 532 533 534 535 541 543 34 547 555 557 562 564 568 569 570 571 572 173 198 349 351 354 355 357 358 361 364 365 369 371 372 377 379 380 381 382 383 386 389 393 396 397 399 401 403 405 406 410 411 418 422 424 425 426 429 433 435 437 441 447 448 449 450 452 453 454 455 457 459 463 466 467 468 470 474 476 477 478 480 481 485 486 489 498 499 501 504 505 508 509 510 

392

516 518 519 521 522 528 529 530 531 532 533 534 543 546 34 547 551 552 554 555 557 558 562 564 568 571 572 173 198 351 354 355 357 358 359 360 361 364 367 369 371 372 380 381 382 383 384 386 389 396 397 399 401 405 406 407 410 411 413 424 426 427 429 433 435 437 441 447 448 449 450 452 453 454 455 457 458 459 463 464 466 467 468 469 470 474 476 477 480 481 485 486 489 490 498 499 502 504 509 510 

393

512 517 525 526 533 534 537 539 540 541 544 545 546 547 552 555 557 559 563 565 566 567 568 569 570 350 354 355 357 360 362 366 367 369 373 376 378 384 387 390 391 394 396 397 398 400 403 404 405 407 408 409 410 413 415 416 418 419 420 421 422 425 426 428 430 431 432 433 434 435 438 440 444 446 450 451 455 458 462 463 469 471 474 477 478 481 484 485 487 488 490 491 492 493 496 497 502 508 510 511 

394

518 519 522 528 529 530 531 532 533 534 535 541 543 546 547 34 551 554 555 557 562 563 564 568 569 570 571 572 351 354 355 357 358 359 360 361 364 367 369 371 372 377 379 380 381 382 383 386 389 393 396 397 399 401 403 406 407 410 411 413 422 424 426 427 429 433 435 437 447 448 449 450 453 454 455 457 458 459 463 466 467 468 469 470 474 477 480 481 485 486 489 490 491 498 499 501 502 504 505 509 

395
348 463 
516 518 519 521 522 528 529 530 531 532 533 539 541 543 34 546 548 547 551 552 554 555 557 562 568 571 572 173 349 350 351 354 355 358 359 361 365 367 369 372 377 379 380 381 382 383 384 386 389 396 397 401 403 405 406 407 410 411 418 424 427 429 433 435 437 442 447 449 450 453 454 455 457 458 459 462 464 466 467 468 469 470 474 477 480 481 485 486 489 490 498 499 501 502 504 505 509 510 

396

513 515 516 518 520 521 524 525 526 527 528 533 536 538 540 541 542 544 551 552 554 558 559 561 563 565 566 567 571 173 198 350 351 352 353 356 357 365 369 371 374 375 377 378 381 383 384 389 391 394 395 398 400 402 404 406 407 408 409 411 413 415 419 420 421 424 426 427 428 431 433 439 440 444 445 448 449 451 457 462 464 465 468 469 471 472 473 477 479 480 484 485 486 492 493 498 505 507 509 511 

397
546 
512 521 522 525 526 529 530 532 533 534 535 536 537 538 539 34 548 549 552 558 560 562 564 569 571 572 173 198 349 352 353 356 358 359 360 361 362 364 365 366 368 371 375 377 379 383 385 386 388 390 393 394 398 399 401 403 405 406 408 409 410 411 413 414 417 429 434 437 438 441 442 445 446 447 452 453 454 462 463 464 466 467 468 472 473 474 476 478 482 484 490 491 494 495 496 499 501 502 511 

398

516 518 519 522 529 531 532 539 540 541 543 34 547 548 546 549 551 552 554 555 558 562 564 568 571 173 349 351 356 357 358 359 361 364 367 369 372 377 379 380 381 382 383 386 387 390 393 396 397 399 401 403 405 406 407 410 411 418 424 426 427 429 433 435 437 442 447 448 449 450 452 453 455 457 458 459 463 464 466 467 468 470 474 477 478 480 481 485 486 489 490 491 498 499 502 504 505 508 509 510 

399

512 517 519 521 523 524 525 531 534 535 536 540 544 545 546 547 548 552 555 556 557 560 563 565 568 350 352 353 354 355 357 359 360 363 366 367 374 375 376 378 382 384 388 390 394 396 397 398 403 404 405 407 408 409 410 413 415 416 418 421 425 426 430 432 433 434 435 440 442 445 450 451 452 455 458 460 461 462 463 470 474 475 477 478 481 484 485 487 488 489 490 492 493 494 496 497 506 507 510 511 

400

516 518 519 521 522 528 529 530 531 532 533 534 535 541 543 546 547 548 549 551 554 555 557 562 564 568 569 571 572 351 354 355 356 357 358 359 361 364 365 369 371 372 377 379 380 382 383 386 389 393 396 397 399 405 407 410 411 413 418 422 424 427 429 433 435 437 441 442 447 448 449 450 452 453 454 455 457 458 459 463 466 467 468 470 474 477 480 481 485 486 489 490 491 499 501 502 504 505 509 510 

401

513 516 517 518 520 521 523 524 533 534 536 539 540 541 543 544 546 34 549 551 553 554 556 558 561 563 565 566 567 568 569 570 173 349 355 357 360 365 367 368 370 371 374 375 376 380 387 394 396 397 398 402 405 408 409 412 414 416 419 421 422 423 424 425 427 428 430 434 435 438 439 440 442 444 449 450 455 458 460 461 464 465 469 474 475 477 478 480 482 485 486 489 495 496 505 507 508 509 510 511 

402

516 519 521 522 528 529 530 531 532 533 539 540 34 547 546 551 552 554 557 560 562 564 568 571 572 173 198 350 351 354 356 357 358 359 367 369 371 372 377 379 380 381 382 383 384 386 389 390 396 401 403 405 406 407 410 411 418 419 424 426 427 429 433 435 440 441 447 449 450 452 454 455 457 459 462 464 466 467 468 469 470 472 474 476 480 481 485 486 489 490 491 494 498 499 501 502 504 505 509 510 

403

512 514 516 517 518 520 525 526 528 534 535 536 539 540 541 544 549 551 554 556 560 561 563 564 565 569 571 572 173 349 352 356 357 358 362 363 365 368 369 371 372 375 377 380 381 383 385 387 388 389 390 393 399 404 406 408 411 412 413 415 417 419 420 421 425 427 429 431 433 436 437 440 442 444 445 447 448 449 451 453 456 457 460 467 472 477 478 480 484 485 486 487 493 494 495 501 505 507 508 509 

404

516 518 519 522 523 528 529 530 531 532 539 541 543 34 547 546 549 551 554 555 558 562 563 564 568 570 571 572 173 198 351 354 355 358 359 361 364 367 369 372 379 380 381 382 384 385 386 390 393 396 397 399 401 403 405 406 407 410 411 418 422 424 425 426 427 429 433 435 437 441 442 447 448 449 450 453 454 455 457 459 463 466 467 468 470 474 476 477 480 481 485 486 489 491 498 499 501 502 504 509 

405
478 
518 520 521 526 527 528 532 535 536 542 543 544 545 34 552 556 558 565 569 570 571 572 173 350 352 353 357 362 363 366 368 370 371 373 375 377 378 379 381 383 384 385 386 387 388 389 392 393 397 398 401 402 404 408 409 411 413 414 415 416 419 421 425 431 434 438 439 440 444 445 446 448 451 453 457 458 461 462 464 465 467 468 469 473 477 482 483 486 493 494 495 496 498 499 503 504 505 507 509 

406

512 515 516 518 521 522 526 531 533 534 536 538 539 540 541 545 546 547 551 557 558 559 562 563 565 566 568 569 354 355 356 357 359 361 362 363 366 367 368 371 372 374 375 376 382 388 390 394 396 397 398 403 404 409 410 413 420 421 422 423 430 431 434 435 436 439 440 444 445 446 449 450 451 455 460 461 466 470 471 472 473 474 475 477 480 481 482 485 487 490 491 492 495 496 500 502 503 504 507 510 

407

512 519 520 521 523 530 531 532 535 536 537 538 539 540 34 547 556 557 558 560 566 567 568 570 572 173 349 352 353 354 355 361 362 363 365 367 368 371 372 375 379 382 385 387 388 390 394 396 398 400 404 408 409 410 413 414 416 417 418 419 420 421 425 428 436 437 440 442 444 445 448 450 451 452 454 460 461 462 463 465 466 467 470 473 474 476 478 479 481 483 484 487 488 493 495 496 500 503 508 511 

408

516 518 519 521 522 528 529 530 531 532 533 535 541 543 546 547 551 552 554 555 557 558 562 563 568 571 572 173 354 355 356 357 358 359 361 367 369 371 372 377 379 380 381 382 384 386 389 390 393 396 397 399 401 403 405 407 410 411 424 426 427 429 433 435 437 441 442 447 448 449 452 453 455 457 459 463 464 466 467 468 469 470 472 474 476 477 478 480 481 485 486 489 490 491 498 499 504 505 509 510 

409

516 518 519 522 528 529 531 533 534 539 540 541 543 546 34 547 549 548 551 552 554 555 557 558 562 563 564 568 569 570 571 349 350 354 355 356 357 358 359 361 369 372 377 379 380 381 382 383 386 387 389 390 393 396 397 399 401 403 405 406 407 410 418 424 426 427 429 433 435 441 447 449 450 455 457 458 459 464 466 467 469 470 471 472 474 476 477 478 480 481 485 486 489 490 491 498 499 502 505 509 

410

512 516 517 518 520 523 524 525 526 528 533 534 536 537 540 544 549 551 552 554 560 561 563 564 565 566 567 569 571 349 350 352 353 357 365 369 373 375 380 381 384 385 387 389 394 397 398 400 404 406 407 408 409 414 416 419 420 421 424 425 426 427 430 431 432 433 434 436 438 439 440 442 449 451 456 457 459 462 464 465 469 471 472 477 478 480 482 484 485 488 492 493 494 496 498 505 507 509 510 511 

411

512 513 514 515 517 519 520 521 522 523 524 529 530 531 539 540 543 546 548 553 555 557 559 560 563 565 566 567 568 569 570 571 350 353 355 359 360 361 365 367 368 369 375 376 382 394 396 397 398 402 403 405 408 410 412 415 416 419 420 421 422 423 424 425 428 429 431 434 435 438 439 440 444 445 449 450 451 452 455 456 458 460 461 463 466 469 470 471 473 477 480 481 484 489 492 495 496 500 503 510 

412
529 452 558 
516 518 519 521 522 530 531 532 534 535 541 543 546 34 551 552 554 557 562 568 570 571 572 173 198 349 351 354 356 357 358 359 361 364 369 371 372 377 379 380 381 382 384 385 386 389 390 393 396 399 401 403 405 406 407 410 411 413 424 425 426 427 429 435 437 447 448 449 450 453 454 457 458 459 463 464 466 467 468 469 470 474 476 477 478 480 485 486 489 491 498 499 501 502 505 509 510 

413

516 518 519 521 522 528 529 530 531 533 534 539 540 541 543 545 548 549 551 552 554 562 563 564 568 569 571 173 349 350 351 356 357 359 365 367 369 372 375 377 380 381 382 383 384 389 390 393 396 397 399 403 405 406 407 411 416 418 419 420 422 424 426 427 429 433 434 435 440 441 442 449 450 454 455 457 459 462 464 466 469 472 476 477 478 480 482 485 486 491 494 496 497 499 501 502 505 508 509 510 

414
480 422 
516 518 519 521 522 529 530 531 532 533 535 539 540 541 543 546 547 549 551 554 555 557 562 568 569 570 571 572 198 351 354 355 356 357 359 360 361 364 367 369 371 372 377 380 381 382 383 386 389 390 393 396 397 401 403 405 407 410 413 418 424 429 433 435 437 440 441 444 445 447 448 449 450 452 453 455 457 458 459 462 463 466 467 468 469 470 472 477 481 486 489 491 498 499 504 505 509 510 

415
563 
516 518 519 521 522 528 529 530 531 533 536 539 540 541 546 547 551 552 554 555 557 562 564 568 571 173 350 351 354 355 356 357 358 359 361 364 367 369 380 381 382 384 385 386 389 390 393 396 397 399 401 403 405 407 410 411 416 418 422 424 426 427 429 433 434 435 440 441 446 447 449 450 452 454 455 457 459 462 466 467 470 472 474 476 477 478 480 481 485 486 490 491 494 499 502 504 505 509 510 

416
348 
512 519 521 522 523 529 530 531 532 533 534 535 539 543 34 552 558 562 564 568 571 572 173 198 349 350 351 354 355 356 358 359 360 361 362 364 366 371 372 377 379 380 382 383 384 385 386 390 393 396 399 401 403 405 406 407 410 411 413 415 418 421 425 426 429 433 437 441 442 444 445 446 447 448 450 453 454 457 458 460 463 464 466 467 468 470 472 476 478 481 489 490 495 498 499 501 504 508 510 

417

516 518 519 521 522 528 529 530 531 532 533 543 546 547 34 551 552 554 555 562 563 564 568 571 572 173 350 351 354 355 357 358 359 361 367 369 372 377 379 380 381 382 384 386 389 390 393 396 397 399 401 403 405 406 407 410 411 418 424 425 426 427 429 433 435 437 442 447 448 450 452 453 454 455 457 458 459 463 464 466 467 468 469 470 472 474 477 480 481 485 486 489 491 498 499 502 504 505 509 510 

418

512 516 518 530 532 533 534 535 536 540 543 545 34 551 552 554 558 563 572 173 198 349 352 356 357 358 362 365 366 369 371 375 377 379 380 381 383 384 386 387 388 389 390 391 393 398 399 401 402 404 406 407 409 411 413 415 419 421 425 427 428 433 434 437 438 440 444 445 446 447 448 449 451 453 457 459 462 464 468 469 472 477 478 479 480 482 484 485 486 490 491 495 498 499 501 502 505 508 509 511 

419

519 521 522 523 528 529 530 531 532 533 534 535 539 541 543 545 34 547 546 548 552 555 557 558 562 564 568 570 571 173 198 349 351 354 355 356 358 359 360 361 364 372 377 379 382 383 384 385 386 390 393 396 399 401 402 403 405 406 407 410 411 413 415 418 425 426 427 429 433 434 437 441 442 445 446 449 450 453 454 458 463 464 466 467 468 470 472 474 476 481 489 490 491 498 499 501 502 504 510 511 

420
348 
516 518 519 521 522 528 529 530 531 532 533 534 535 539 543 546 547 34 551 552 554 555 562 564 568 570 571 572 173 198 349 354 357 358 359 361 362 364 369 371 372 377 379 380 381 382 383 384 389 390 393 396 403 406 407 410 411 413 424 427 429 433 435 437 441 442 447 448 449 450 453 454 455 457 458 459 463 464 466 467 468 469 470 474 476 478 480 481 486 489 490 491 498 499 501 502 504 505 509 

421

519 521 522 524 529 531 532 533 534 540 541 34 547 546 549 551 552 555 557 562 564 565 568 569 572 173 198 349 351 354 356 358 359 361 364 365 367 376 377 379 382 383 385 386 387 393 396 399 401 403 405 406 407 410 411 418 424 426 427 431 433 434 435 436 437 440 441 442 446 447 448 452 453 454 458 461 462 464 466 467 470 472 474 476 478 481 482 486 488 489 490 491 494 496 498 499 501 502 508 510 

422
449 414 
517 518 521 526 528 529 532 533 534 535 539 540 541 542 544 34 549 552 556 559 563 569 572 173 198 349 350 351 352 353 356 358 362 364 365 366 371 375 377 379 383 384 385 386 388 389 390 393 394 400 401 404 405 406 407 411 413 415 426 427 431 433 434 437 439 440 445 446 447 448 451 453 454 457 459 462 464 465 467 468 469 471 472 478 480 484 485 486 487 490 492 493 494 496 498 499 501 508 

423

516 519 522 528 529 530 531 532 533 535 539 541 543 546 547 551 554 555 557 562 563 568 571 572 198 349 351 354 355 357 358 359 361 369 371 372 377 379 380 381 382 383 386 389 393 396 397 399 401 403 405 406 407 410 411 424 426 427 429 433 435 437 447 448 449 450 452 453 454 455 457 458 459 462 463 466 467 468 469 470 474 476 477 478 480 481 485 486 489 490 491 498 499 501 502 504 505 508 509 510 

424

512 517 519 521 522 523 524 525 526 529 531 533 535 536 537 539 541 543 545 34 547 546 549 552 553 556 557 558 562 567 568 571 173 349 352 353 354 356 360 363 366 367 372 375 382 383 384 385 386 387 390 394 396 398 401 404 408 409 410 413 414 415 417 420 426 427 429 434 438 440 442 445 449 450 451 453 455 460 462 463 464 466 468 472 474 478 479 480 481 487 489 493 494 495 496 498 503 504 508 511 

425

519 521 522 526 529 530 531 533 535 539 540 541 546 547 548 551 555 556 557 562 564 565 568 198 351 352 353 354 355 356 358 359 363 364 367 371 372 375 377 379 381 382 383 385 386 389 393 401 403 404 405 406 407 410 411 413 416 418 419 424 429 432 433 441 445 446 447 448 449 450 452 454 455 462 463 465 466 467 468 469 470 472 474 475 476 480 481 482 486 487 489 490 491 492 493 494 498 499 504 510 

426

512 516 518 519 526 532 534 535 536 539 540 545 34 547 548 549 551 557 558 560 568 570 572 173 198 349 356 357 362 364 366 371 372 375 377 379 380 382 383 384 388 389 390 392 393 396 398 399 403 404 406 408 410 412 413 415 422 424 427 428 430 435 437 440 441 444 445 446 447 449 450 452 453 457 459 460 463 467 468 469 470 473 474 477 480 481 482 486 490 491 493 494 495 496 498 499 501 502 505 511 

427

512 517 519 521 525 526 529 530 531 535 536 539 541 543 544 545 546 547 548 555 556 557 562 568 570 571 353 354 355 356 359 360 361 362 363 365 367 368 372 374 375 376 377 379 382 386 388 390 396 398 401 402 403 408 409 410 413 417 418 419 421 422 424 426 429 430 431 432 435 440 442 444 445 446 450 452 455 460 462 463 466 470 471 472 473 474 481 482 487 489 490 491 492 493 495 497 500 502 503 511 

428
427 452 405 
516 518 519 522 528 529 530 531 532 533 539 540 541 543 546 547 551 552 554 555 562 564 568 569 571 572 198 351 354 355 356 357 358 359 361 364 367 369 371 372 377 379 380 381 382 383 386 389 390 393 396 399 401 403 406 407 410 411 418 424 426 429 433 435 437 441 447 449 450 453 454 455 457 459 462 464 466 467 468 469 470 474 476 480 481 485 486 489 491 494 498 499 502 504 505 509 510 

429

513 515 516 517 518 520 523 524 526 527 534 536 537 538 540 544 34 551 556 558 561 566 567 349 352 353 356 357 365 366 368 370 371 373 375 376 378 383 387 389 394 395 398 402 404 408 409 413 414 415 416 417 419 420 423 424 425 427 428 430 431 434 435 436 438 439 440 448 451 456 458 459 461 465 469 471 475 477 478 479 480 482 483 484 485 486 487 488 490 491 492 493 495 496 503 505 507 508 510 511 

430

518 519 521 522 529 530 531 532 533 534 535 539 543 34 547 546 552 555 557 562 564 568 570 571 572 173 198 349 350 354 355 356 358 359 360 361 362 364 371 372 377 379 382 383 384 386 389 390 393 396 399 401 403 405 406 407 410 413 415 421 424 426 427 429 433 437 441 442 445 447 448 449 450 452 453 454 457 458 459 463 464 466 467 468 470 472 474 476 481 485 489 490 491 498 499 501 502 504 509 510 

431
348 
518 519 521 522 529 530 531 532 535 539 541 543 34 547 546 552 555 557 558 562 564 568 570 571 572 173 198 351 354 355 358 359 361 364 365 367 371 372 377 379 380 381 382 383 384 386 390 393 396 397 399 401 403 405 406 407 410 411 413 421 422 424 427 429 435 437 441 442 447 448 449 450 452 453 454 455 457 459 463 464 466 467 468 469 470 474 476 480 481 485 489 491 498 499 501 502 504 505 510 

432

516 518 519 522 529 530 531 532 533 534 535 539 543 34 551 552 554 558 564 568 572 173 198 349 351 354 355 356 358 359 361 364 365 369 371 372 377 380 381 382 383 384 389 390 393 396 399 401 405 406 407 410 411 424 425 426 427 429 433 435 437 440 441 445 446 447 448 449 450 453 454 457 458 459 463 464 466 467 468 469 470 472 474 476 477 478 480 481 485 486 489 490 491 498 499 501 502 505 508 509 

433

512 515 517 519 520 524 530 535 536 537 540 542 34 548 556 557 558 560 568 570 173 349 352 353 355 361 362 363 364 365 366 367 368 371 375 376 382 385 388 392 394 395 396 400 402 403 404 408 409 410 413 414 415 416 419 420 421 422 423 425 430 434 435 436 440 442 444 445 446 448 450 452 456 458 460 461 463 465 467 470 471 473 474 476 478 481 482 484 485 487 489 491 492 493 495 500 502 503 508 511 

434
348 
516 518 521 522 528 529 530 531 532 535 539 540 541 543 546 547 551 554 557 558 562 564 568 570 571 572 198 350 351 356 357 358 359 361 362 364 365 367 369 371 372 377 379 380 381 382 383 384 386 387 389 393 397 399 401 405 406 410 411 413 415 418 419 421 422 424 429 433 437 441 445 447 449 452 453 454 455 457 459 460 462 463 466 467 468 469 470 474 476 480 481 486 498 499 501 502 504 505 509 

435
348 
517 521 524 525 526 528 529 530 532 535 539 541 542 543 545 34 549 556 558 560 564 571 572 173 198 349 351 352 353 356 358 362 363 364 365 368 371 372 373 375 377 379 383 385 386 387 388 390 393 394 399 401 402 404 406 408 411 413 414 415 417 420 421 426 429 437 439 440 441 444 445 446 447 448 449 453 454 460 462 463 465 466 467 468 472 476 479 480 483 487 491 498 499 500 501 502 504 508 511 

436

516 518 519 521 522 528 529 530 531 532 533 535 539 540 541 543 34 547 548 551 554 555 558 562 568 570 572 198 351 354 355 357 358 359 360 361 364 367 369 371 372 377 379 380 381 382 383 386 389 393 397 399 401 403 405 406 407 410 411 421 424 427 429 433 435 437 446 447 448 449 450 452 453 454 455 457 458 459 462 466 467 468 469 470 474 476 477 480 481 485 486 489 498 499 501 502 504 505 509 510 

437

512 515 516 519 520 521 522 524 526 533 536 538 539 540 541 543 544 546 548 551 552 556 558 559 563 565 566 567 569 173 350 355 357 363 365 366 367 368 370 375 376 378 385 390 392 394 395 397 398 403 404 407 408 412 414 416 419 420 421 422 423 426 428 430 432 434 435 436 438 439 440 442 444 446 449 451 452 455 458 461 465 466 470 471 475 477 480 485 487 490 491 492 495 497 502 503 506 507 509 511 

438

516 518 519 522 528 529 530 531 532 533 534 535 539 540 541 34 547 551 554 557 562 568 569 571 572 173 198 349 351 354 355 356 357 358 359 361 367 369 371 372 377 379 380 381 382 383 384 386 389 390 393 396 397 401 405 406 410 411 418 421 424 426 427 429 433 435 437 440 447 449 450 453 454 455 457 458 459 462 464 466 467 468 469 470 472 474 477 478 480 481 485 486 489 494 498 499 501 502 505 509 

439
442 570 
519 521 522 528 529 530 531 532 536 539 540 541 543 34 546 547 548 551 555 557 562 564 568 569 571 572 173 349 351 354 355 356 358 359 361 364 367 371 372 377 379 380 381 382 383 384 386 389 393 396 399 401 405 406 407 410 411 413 418 422 424 427 429 433 435 437 440 441 447 448 449 452 453 454 455 459 462 466 467 468 474 476 478 480 481 489 490 491 494 498 499 501 502 504 505 508 509 510 

440

519 521 522 523 528 529 530 531 532 535 544 546 34 548 547 552 555 557 558 562 564 565 568 570 571 173 198 351 354 355 359 360 361 362 364 369 371 372 377 379 380 382 383 384 386 389 390 393 396 399 401 403 405 406 407 410 411 413 414 415 418 421 424 426 427 429 433 435 437 442 448 450 452 453 454 455 458 459 463 464 466 467 468 469 470 474 476 477 481 485 489 490 491 495 498 499 501 502 504 510 

441

512 517 519 521 525 534 535 536 539 540 541 543 544 545 546 547 548 552 555 556 558 563 565 568 350 354 355 357 359 361 362 363 366 367 370 373 375 376 382 384 387 388 390 396 397 402 403 404 408 409 410 413 414 415 416 419 420 421 425 426 428 430 431 432 434 435 440 442 444 445 446 450 451 452 455 458 460 463 469 470 474 475 477 478 484 485 487 489 490 491 492 493 494 495 496 497 502 507 508 511 

442
369 563 
516 518 519 522 528 530 532 533 536 539 540 541 34 546 551 552 554 557 562 568 569 173 351 352 354 356 357 358 359 361 364 365 367 373 375 378 379 380 381 382 384 386 389 390 397 398 401 403 404 407 410 411 413 416 419 420 421 424 427 431 433 435 437 440 445 446 447 449 450 452 453 454 455 457 458 459 462 464 468 469 471 472 474 477 479 480 485 486 489 490 491 494 498 499 502 505 509 510 

444
504 348 
516 518 519 522 528 529 532 533 534 539 34 551 552 555 557 562 563 564 568 569 571 572 173 198 350 351 354 355 357 358 359 361 364 367 369 371 377 378 379 380 381 382 383 384 386 389 390 393 396 401 403 405 406 407 410 411 416 418 424 426 427 429 433 435 437 441 447 450 452 453 454 455 457 459 462 464 466 467 468 469 470 472 474 477 478 480 481 485 486 489 490 491 498 499 501 502 505 509 

445

518 519 521 522 528 529 530 532 533 541 546 34 548 551 552 554 555 562 563 564 568 569 571 572 173 198 349 350 351 354 355 357 359 367 369 377 380 381 382 383 384 389 390 396 397 399 403 405 406 407 411 416 418 422 424 425 426 427 429 432 433 434 435 437 440 441 442 449 452 453 454 455 457 458 459 462 464 466 467 468 469 470 471 472 474 477 478 480 481 485 486 490 491 494 498 499 502 504 509 510 

446

518 519 521 522 528 529 530 531 532 533 534 535 536 541 543 545 34 546 549 551 552 554 557 562 563 564 565 568 569 570 571 572 173 349 350 354 355 356 357 358 365 369 372 377 379 380 381 382 383 384 387 389 393 397 403 405 406 410 411 416 418 421 422 424 425 426 427 429 433 435 437 441 442 447 448 449 451 452 453 455 457 459 464 466 467 468 470 472 477 478 480 485 486 489 499 504 505 508 509 510 

447

512 513 514 517 519 520 523 524 525 526 528 538 540 543 544 545 546 547 552 553 555 557 559 561 563 565 566 567 569 570 350 353 354 355 360 361 363 367 370 373 374 376 382 388 390 391 392 394 395 397 398 402 403 409 412 415 416 418 420 422 426 428 430 432 433 434 435 436 439 442 444 446 449 450 451 455 456 458 461 462 465 470 471 473 475 479 480 481 487 488 489 490 492 494 496 497 503 507 510 511 

448

517 519 521 522 525 528 529 530 531 533 534 536 537 539 541 543 546 548 552 553 555 557 562 563 565 568 350 352 353 354 355 356 359 361 365 367 369 372 375 377 382 383 384 387 388 390 394 396 398 400 403 405 406 407 408 410 412 416 418 420 421 422 429 430 433 435 439 440 446 449 450 451 452 455 456 458 462 464 466 470 471 472 474 475 477 480 481 484 485 487 490 493 494 497 500 502 503 504 510 511 

449
422 
512 513 515 519 521 524 525 526 530 531 532 533 535 536 538 542 34 547 552 555 558 561 568 572 173 352 356 359 361 362 363 365 366 367 368 371 374 375 376 377 378 379 380 382 383 384 386 387 388 390 392 394 395 396 398 403 406 408 409 410 411 413 414 415 424 425 426 428 431 434 435 437 438 442 446 448 450 453 460 462 463 465 467 468 470 474 475 482 487 489 491 492 494 497 498 499 502 506 511 

450

512 516 518 524 525 526 532 533 534 535 536 538 540 541 543 545 34 549 551 552 554 558 561 563 564 569 571 572 173 198 349 350 351 352 353 356 357 358 365 368 369 371 374 375 377 379 380 381 383 384 386 387 389 393 399 400 401 404 406 407 411 414 419 420 424 425 426 427 428 430 432 433 440 441 448 449 451 454 455 457 459 460 462 464 471 472 477 478 479 480 484 485 494 495 499 501 505 508 509 511 

451
348 
516 519 522 528 529 530 531 532 533 534 535 539 540 34 547 546 551 552 554 555 558 562 564 568 570 571 572 173 198 349 351 354 357 358 359 361 362 364 365 367 369 371 372 377 379 380 381 382 383 384 393 396 399 403 405 406 407 410 411 422 424 427 429 433 435 437 440 441 446 447 448 450 453 454 455 457 459 462 463 464 466 467 468 469 470 474 476 481 486 489 490 491 496 498 499 501 502 505 509 

452
412 460 
512 516 518 520 522 526 528 530 532 534 535 536 539 540 541 543 34 549 551 552 554 556 558 560 563 564 568 569 570 571 572 173 349 350 352 357 358 362 365 369 371 372 375 377 380 381 383 387 389 390 391 397 398 399 402 407 411 414 415 421 425 426 427 429 430 431 433 434 437 439 440 442 445 446 448 449 455 457 462 464 466 467 469 473 477 478 479 482 485 486 490 495 496 499 502 505 508 509 

453

512 519 520 526 529 531 538 539 540 541 543 544 546 548 551 553 554 556 558 559 560 563 565 566 567 569 354 355 357 363 365 367 368 370 371 372 375 376 385 392 394 395 396 397 398 403 404 405 408 412 416 418 419 420 422 423 424 426 428 430 431 432 434 435 439 440 442 444 445 446 449 451 455 456 460 465 466 469 471 472 473 475 477 480 481 482 484 485 487 490 491 492 493 495 502 503 504 505 507 509 

454

512 514 517 518 520 523 524 534 535 536 539 540 541 542 543 544 545 546 552 553 554 556 558 559 560 563 565 568 569 570 571 349 350 355 357 360 362 363 365 366 367 369 372 376 377 383 384 387 390 391 392 397 402 404 407 413 415 416 419 420 421 422 424 425 428 430 432 433 434 435 439 440 442 444 445 448 450 451 455 457 458 460 461 463 469 473 474 477 478 481 482 484 485 489 490 495 496 497 508 510 

455

512 519 521 532 534 535 538 540 542 544 34 548 552 556 562 567 572 173 198 349 351 352 353 354 356 358 360 361 362 365 366 368 371 375 376 377 379 382 383 384 385 386 387 393 394 395 398 399 402 404 406 408 409 411 413 414 415 423 424 425 428 434 436 437 438 440 442 444 445 446 448 450 451 452 453 454 460 461 462 464 467 468 470 472 479 484 485 487 488 489 491 492 494 495 498 499 501 502 503 511 

456

516 518 519 521 522 529 530 531 532 533 535 539 541 543 34 547 546 551 554 555 558 562 568 571 572 173 198 351 354 355 356 357 358 359 361 364 367 369 371 372 377 379 380 381 382 383 386 389 393 396 397 399 401 403 405 406 407 410 411 413 418 421 424 426 429 433 435 437 447 448 450 452 453 454 455 457 458 459 463 466 467 468 470 474 476 477 480 481 485 486 489 490 491 498 499 501 504 505 509 510 

457

512 517 519 520 521 523 524 525 526 529 530 531 535 536 538 539 541 545 34 547 548 553 555 556 557 558 560 562 568 569 570 349 353 354 355 356 359 360 362 365 367 368 371 372 375 376 382 385 386 392 394 396 398 403 405 408 409 410 413 417 420 423 426 428 429 430 432 434 436 442 444 446 450 451 452 458 460 462 463 466 470 472 474 478 482 483 487 489 490 491 492 494 495 496 500 502 503 508 510 511 

458

512 518 521 522 525 529 530 531 532 534 536 537 538 539 540 541 34 546 549 554 560 561 564 568 571 572 173 351 352 353 356 357 358 362 365 368 369 371 372 375 377 379 380 381 383 384 385 386 387 388 390 394 398 401 405 406 411 412 416 417 419 421 423 429 430 432 433 437 438 440 441 442 445 447 448 449 450 453 454 455 457 459 462 466 467 468 472 480 484 486 487 491 493 494 495 498 499 505 508 511 

459

512 513 517 519 521 524 525 526 529 530 531 535 536 537 539 542 543 547 548 553 558 559 560 568 570 571 352 353 354 355 359 360 361 362 363 365 366 367 368 371 372 373 374 375 376 382 385 387 388 390 392 394 395 396 398 400 404 408 409 410 412 413 414 415 417 418 420 422 426 429 434 440 442 444 445 446 450 458 460 461 462 463 465 466 471 473 474 475 481 482 487 492 493 495 496 502 503 504 508 511 

460
521 452 348 
516 518 519 522 528 529 530 532 533 546 551 552 554 555 562 564 568 569 571 572 173 198 350 351 354 356 357 358 359 364 367 369 377 379 380 381 382 383 384 386 389 390 393 396 397 399 401 403 405 406 407 411 416 424 426 427 429 433 434 435 437 441 447 449 450 453 454 455 457 458 459 462 464 466 467 468 469 470 472 474 476 477 480 481 485 486 489 490 491 498 499 501 502 504 505 509 510 

461
348 
516 518 519 522 528 529 530 531 532 533 539 540 541 543 34 547 546 551 555 558 562 564 568 569 571 572 173 198 349 351 354 355 357 358 359 361 364 367 369 372 377 379 380 381 382 383 386 389 393 396 397 399 401 403 405 406 407 410 411 421 424 427 429 433 435 437 441 447 449 450 453 454 455 457 459 462 466 467 468 470 474 476 477 478 480 481 485 486 489 490 491 494 498 499 501 502 504 505 509 

462

516 518 519 520 522 523 528 529 531 533 534 535 539 541 546 34 547 549 551 552 554 558 562 563 568 570 571 173 350 354 355 357 359 360 361 362 364 365 367 369 372 380 382 384 390 393 396 397 405 407 410 413 414 415 418 421 422 423 424 425 427 428 429 433 434 435 442 444 445 447 448 449 450 452 455 457 458 459 460 461 464 466 473 474 475 476 477 478 480 481 485 486 489 495 496 502 504 505 508 510 

463

512 516 518 521 525 526 528 533 534 536 537 538 540 541 34 549 551 552 554 559 561 563 566 569 571 173 198 349 350 351 352 356 357 358 365 369 375 377 380 381 383 384 389 391 393 394 397 398 399 404 405 407 408 411 414 416 419 420 424 425 426 427 430 431 433 434 435 440 441 442 446 449 451 454 455 457 459 462 464 469 471 472 477 478 480 482 485 486 487 490 494 496 497 501 502 505 508 509 510 511 

464

512 514 517 521 522 523 526 529 530 531 532 535 536 537 539 540 541 544 545 547 548 555 556 557 558 568 569 570 571 348 353 354 355 359 360 361 362 365 366 367 371 372 376 377 379 380 382 383 386 388 390 392 396 397 398 405 408 410 413 418 419 420 421 422 424 429 430 431 435 440 442 444 445 446 448 449 450 451 452 455 460 462 463 466 470 471 472 474 480 481 482 487 489 490 491 495 499 502 505 507 

465

516 518 519 521 522 528 529 530 531 532 533 534 539 541 543 546 547 548 551 552 554 555 562 568 571 572 349 354 357 358 359 361 364 365 367 369 371 372 377 379 380 381 382 384 386 389 390 393 396 397 399 401 403 405 406 407 410 411 422 424 425 427 429 433 435 437 441 447 449 450 453 454 455 457 458 459 462 464 466 467 468 469 470 474 477 478 480 481 485 486 489 490 498 499 501 502 504 505 509 510 

466

513 514 516 517 518 520 523 524 526 534 536 537 538 540 544 551 561 563 566 567 572 349 352 353 356 357 366 368 369 370 371 374 375 376 378 379 380 381 383 384 387 389 394 395 397 398 402 404 409 413 415 416 417 419 424 427 428 430 431 434 435 436 438 440 448 451 453 458 459 460 461 462 465 467 469 471 472 477 478 479 483 484 485 486 487 488 491 492 493 494 495 496 497 498 503 505 507 508 509 511 

467

515 520 521 522 524 526 528 531 536 539 540 541 543 545 546 556 558 559 560 561 562 563 565 566 567 569 350 355 359 360 363 365 366 367 368 370 373 374 375 376 378 388 390 392 394 395 397 398 403 405 407 408 414 416 417 419 420 421 422 426 428 429 430 432 433 434 435 438 439 440 444 445 446 449 451 452 455 456 458 461 465 466 470 471 475 479 480 481 492 493 495 496 497 502 503 506 507 508 510 511 

468

512 514 516 517 519 520 524 526 538 539 540 542 544 546 547 548 549 551 553 554 555 556 557 559 560 563 565 566 567 569 570 571 355 357 359 365 367 368 369 370 371 374 375 376 391 392 394 395 396 397 405 408 412 416 418 419 420 422 423 424 426 428 430 431 432 434 435 436 439 440 442 444 446 449 451 455 456 460 461 465 469 470 471 473 475 477 480 481 482 484 485 487 490 491 492 495 502 503 505 509 

469

512 517 519 521 522 523 524 525 529 530 531 532 533 534 535 536 539 541 543 545 546 547 34 549 552 555 558 562 568 570 571 198 349 352 355 356 359 360 361 362 364 365 368 371 372 375 382 384 385 386 387 388 390 393 396 401 402 403 405 409 410 411 413 414 417 418 426 429 433 434 440 442 444 445 452 453 454 460 462 463 466 468 470 472 474 475 478 481 487 489 490 491 495 496 498 500 501 502 504 511 

470
348 
513 516 517 518 520 523 524 525 533 534 536 537 540 541 543 544 549 551 554 556 558 559 560 563 567 569 571 572 173 349 352 356 357 362 365 366 368 371 373 375 377 381 383 385 387 388 389 391 394 395 398 400 404 406 407 411 414 415 416 417 419 420 421 423 425 426 427 430 431 432 433 434 436 437 440 444 445 446 447 448 449 455 460 465 467 469 472 477 478 480 484 485 486 493 494 502 505 508 509 

471

516 518 519 521 522 528 529 530 531 532 533 534 535 539 540 541 543 546 547 548 34 555 558 562 564 568 570 572 173 349 354 355 358 359 361 362 364 365 367 371 372 377 379 380 381 382 383 384 386 389 393 396 399 401 403 406 407 409 410 411 415 421 422 424 427 429 433 435 437 442 445 447 448 449 450 453 454 459 463 464 466 467 468 469 470 474 476 477 478 480 481 489 490 498 499 501 502 504 505 508 

472

518 519 521 522 523 529 530 531 534 535 539 540 541 543 545 34 546 547 548 555 557 558 561 562 565 568 569 570 571 173 353 355 359 360 361 362 367 372 380 382 384 385 388 390 396 397 403 405 406 409 410 413 414 415 416 418 419 421 422 424 425 427 429 432 435 438 442 445 446 448 450 453 455 457 458 459 460 463 464 466 468 469 470 474 477 478 480 481 485 489 490 491 496 498 499 502 504 505 508 509 

473
348 
516 518 519 521 522 528 529 530 531 532 533 534 540 541 543 34 546 547 548 551 554 555 562 563 568 569 571 572 173 349 351 354 355 357 358 359 361 367 369 372 377 379 380 381 382 383 384 386 389 396 397 401 403 405 406 407 410 411 416 422 424 426 427 429 433 435 437 442 447 449 450 452 453 454 455 457 459 462 466 467 468 469 470 474 477 478 480 481 485 486 490 491 496 498 499 504 505 509 510 

474

512 514 515 516 518 520 521 523 524 526 528 532 533 536 537 540 542 543 544 545 549 551 552 554 559 560 561 563 565 569 198 349 351 352 356 362 365 369 374 375 380 381 383 384 387 394 395 397 399 402 404 407 408 415 419 420 421 424 425 426 427 430 431 433 434 439 440 441 444 445 448 449 451 456 457 459 461 462 464 465 469 472 473 477 478 479 480 484 485 486 488 493 494 495 506 507 508 509 510 511 

475
442 348 
512 516 518 522 528 529 530 532 533 534 535 540 541 543 34 549 551 554 558 564 569 570 571 572 173 198 349 350 351 352 357 358 362 364 365 369 371 372 377 379 380 381 383 384 386 387 389 393 397 399 401 405 406 407 411 413 415 421 424 425 426 427 429 433 435 437 440 441 447 448 449 453 454 455 457 459 462 464 466 467 468 469 470 476 477 478 480 485 486 494 495 498 499 501 504 505 508 509 

476

512 514 518 519 523 525 526 528 534 536 537 538 540 541 543 544 546 547 552 555 557 559 563 565 567 568 569 173 350 352 354 355 357 360 363 366 367 369 373 374 375 376 382 384 390 396 397 398 403 404 405 407 408 409 410 412 413 415 416 419 420 421 425 426 430 431 432 433 434 435 440 442 450 451 455 459 460 462 464 469 470 471 474 475 477 478 481 482 485 487 489 490 492 493 494 496 497 500 506 510 

477

512 515 517 519 521 522 524 525 526 529 530 531 535 536 537 539 546 547 555 557 560 562 564 568 571 198 352 353 354 359 360 362 364 366 367 368 371 374 375 377 382 383 385 386 387 388 390 392 394 396 398 401 403 406 409 410 411 413 417 418 426 429 432 436 437 438 440 441 442 446 448 450 452 453 454 462 463 465 466 468 470 474 476 482 484 488 489 491 492 493 494 496 497 501 502 503 504 506 508 511 

478
405 
512 519 521 522 526 528 529 530 531 533 539 540 543 546 547 548 551 554 555 557 558 562 564 568 570 571 198 350 351 355 356 357 359 360 361 362 364 365 367 368 369 371 372 375 380 381 382 386 388 391 396 397 398 399 401 403 407 410 413 415 418 420 421 422 424 429 433 435 438 441 446 449 450 452 454 455 457 462 463 466 469 470 471 472 474 476 480 481 482 486 487 489 490 491 502 504 505 510 511 

479

516 518 519 521 522 528 529 530 531 532 533 539 540 543 34 547 548 546 551 555 557 558 562 563 564 568 569 571 173 198 349 351 354 355 357 358 359 361 367 369 372 377 379 380 381 382 383 386 389 390 393 396 397 401 403 407 410 411 418 421 424 426 427 429 433 435 437 442 447 449 450 452 454 455 457 458 459 463 466 467 468 469 470 474 476 477 478 480 481 485 489 490 491 498 499 502 504 505 509 510 

480
348 414 
515 519 521 522 523 525 526 529 530 532 533 535 539 542 34 547 552 555 561 562 564 565 568 570 571 572 173 352 354 356 358 359 361 362 363 365 366 371 374 375 377 378 379 382 383 384 385 386 387 390 392 396 398 401 403 406 408 409 410 411 413 415 418 422 425 426 428 429 431 434 435 437 439 445 447 450 453 458 462 463 467 468 470 471 472 474 475 478 479 481 487 489 492 493 495 498 499 502 

481

516 518 520 524 525 528 532 534 536 540 541 543 545 34 549 551 552 554 556 558 559 561 563 566 569 572 173 349 350 351 352 353 356 357 358 365 368 369 371 375 377 379 380 381 383 384 387 389 393 394 398 402 406 407 409 411 414 415 416 417 419 421 424 425 426 427 428 431 434 438 440 444 445 447 448 451 453 459 464 465 468 471 472 478 480 483 485 486 492 493 495 496 498 499 501 505 507 508 509 511 

482
362 
516 518 519 521 522 528 529 530 531 532 533 534 540 541 543 546 547 551 552 554 555 557 558 562 563 568 570 571 572 349 350 351 355 357 358 359 361 367 369 371 372 377 380 381 382 383 384 386 389 390 396 397 398 401 405 406 407 410 411 413 416 418 421 424 425 426 427 429 433 437 442 447 449 450 452 453 454 457 459 463 464 466 467 468 474 476 477 478 480 481 485 486 489 498 499 501 504 505 509 

483
463 557 367 
518 519 521 522 528 529 530 531 532 533 534 539 541 543 546 547 34 551 552 554 555 558 562 564 568 570 571 572 173 350 351 354 355 357 358 359 361 364 369 371 372 377 379 380 381 382 383 384 386 389 390 393 396 399 403 405 406 407 410 411 424 427 429 433 435 437 441 447 448 449 450 453 454 455 457 459 464 466 467 468 469 470 474 476 477 480 481 485 486 489 499 501 502 504 505 509 510 

484

516 518 519 521 522 529 530 531 532 535 541 543 34 547 546 551 554 555 557 558 562 564 568 570 571 572 173 198 351 354 355 356 357 358 359 361 364 369 371 372 377 379 380 381 382 383 389 390 393 396 397 399 403 405 406 407 410 411 413 418 422 424 426 427 429 433 435 437 441 442 447 448 449 450 452 453 454 455 457 458 459 463 466 467 468 470 474 476 477 481 485 486 489 498 499 501 504 505 509 510 

485

512 513 515 517 519 521 522 524 525 526 529 530 531 533 535 536 537 539 546 547 553 555 557 558 560 561 562 564 565 568 570 359 360 361 362 364 368 371 372 375 382 383 385 386 387 396 401 403 404 406 408 409 410 412 413 415 417 418 422 429 433 437 438 440 441 444 445 446 448 452 453 454 455 460 462 463 465 466 468 470 473 474 476 481 482 484 488 489 490 491 493 494 496 497 501 502 503 504 510 511 

486

512 517 519 521 522 523 524 525 529 531 535 536 539 544 545 34 546 547 548 549 552 553 555 556 558 560 561 562 565 568 570 571 349 354 355 359 360 361 362 367 371 372 375 382 383 385 386 387 390 392 396 401 403 404 405 408 409 410 413 414 415 417 418 422 425 426 428 429 432 442 444 446 450 451 455 458 460 462 463 466 468 470 473 474 478 481 482 483 487 489 490 491 493 495 498 502 504 507 508 511 

487
348 
516 518 519 522 523 528 529 530 531 533 534 541 543 546 34 547 551 552 554 555 557 558 562 563 564 568 570 571 173 349 350 351 354 356 357 358 359 361 367 369 371 377 379 380 381 382 383 384 389 393 396 399 403 405 406 407 410 411 413 422 424 425 427 429 433 435 437 441 442 447 448 449 453 455 457 458 459 463 464 466 467 468 469 470 472 474 476 477 478 480 481 486 489 499 501 504 505 509 510 

488

516 518 519 522 529 530 531 533 535 539 541 543 34 547 548 549 546 551 554 555 562 563 564 568 570 571 173 198 351 354 355 356 357 358 359 361 362 367 369 371 372 377 379 380 381 382 383 386 389 393 396 397 399 401 403 405 406 407 410 411 416 421 422 424 427 429 433 435 437 442 447 448 449 450 453 454 455 457 459 464 466 467 468 470 472 474 477 480 481 485 489 490 491 498 501 502 504 505 509 510 

489

512 513 516 518 520 524 525 526 527 528 533 534 536 537 538 539 540 541 544 34 549 551 552 554 558 560 561 563 564 565 566 173 349 350 351 353 356 357 362 365 368 369 371 375 377 380 381 383 384 386 387 389 392 394 400 404 408 409 411 414 416 417 419 420 421 423 424 427 430 431 432 433 436 440 442 449 451 454 455 457 461 462 464 465 469 471 472 477 480 483 484 485 486 487 493 498 505 508 509 511 

490

512 513 516 518 521 522 524 526 529 530 531 535 540 541 544 545 34 549 551 552 558 560 562 564 565 568 569 570 571 572 173 198 351 352 355 356 357 362 364 365 368 371 372 374 375 377 382 384 385 387 393 395 397 398 399 406 409 415 416 418 419 420 421 422 426 427 429 437 440 441 442 444 445 448 451 452 453 454 457 460 463 464 466 468 469 471 476 478 479 480 485 486 494 495 501 504 505 507 508 509 

491

518 521 522 523 526 528 529 531 532 533 534 536 540 541 543 544 34 549 551 552 554 558 563 568 569 570 571 572 173 349 350 352 355 356 369 372 375 377 381 382 383 384 385 387 389 393 394 397 398 402 404 406 408 409 410 413 415 418 419 421 425 426 427 428 429 432 433 435 437 440 442 445 449 451 453 455 457 458 464 466 468 469 472 473 477 478 480 485 486 494 495 496 501 504 505 506 507 508 509 510 

492

516 518 519 522 528 529 530 531 532 533 541 543 34 547 546 551 552 554 555 558 562 563 564 568 571 572 173 198 350 351 354 355 356 357 358 359 361 364 365 367 369 372 377 379 380 381 382 383 384 387 389 390 393 396 397 399 405 406 407 410 411 422 424 425 427 429 433 435 437 441 447 449 450 453 454 455 457 458 459 464 466 467 468 469 470 474 476 477 480 481 485 486 489 498 499 501 502 504 505 509 

493

516 518 519 522 523 528 529 530 531 532 533 534 535 543 34 547 546 548 551 552 554 555 558 562 563 564 568 571 572 173 198 349 351 354 356 357 359 361 364 367 369 372 377 379 380 381 382 383 384 385 389 393 396 397 399 403 405 406 407 410 411 422 424 425 426 427 429 433 435 437 441 442 448 449 453 455 457 458 459 464 466 467 468 469 470 472 474 476 477 480 481 485 486 489 499 501 502 505 509 510 

494

516 518 519 521 522 528 529 530 531 534 539 541 543 544 34 546 547 548 554 555 558 562 568 571 173 349 355 356 358 359 360 361 362 364 365 369 372 377 379 380 382 383 385 389 390 396 397 399 403 405 406 410 413 415 421 422 424 425 426 427 429 433 435 438 439 442 445 446 447 448 449 450 452 453 455 457 458 459 463 466 468 470 474 476 477 480 481 485 486 489 490 491 495 502 504 505 507 508 509 510 

495

516 518 519 521 522 528 529 530 531 532 533 536 540 541 34 546 547 551 552 554 555 557 562 563 568 571 572 173 198 350 351 354 355 357 358 359 361 365 367 369 372 380 381 382 384 389 390 397 401 403 405 406 407 410 411 416 418 424 426 427 429 433 435 437 440 449 450 452 453 454 455 457 458 459 462 464 466 467 468 469 470 472 474 477 480 481 485 486 489 490 491 494 496 498 499 502 504 505 509 510 

496

516 518 519 521 522 529 530 531 532 533 535 536 539 540 543 546 547 548 554 556 557 558 562 564 568 571 572 198 351 356 357 358 359 361 365 367 369 371 372 375 377 379 380 381 382 383 385 386 389 393 396 397 399 401 405 406 407 410 411 413 421 422 424 426 429 435 441 447 448 449 451 452 453 454 457 459 462 463 466 467 468 469 470 472 474 476 477 480 481 485 486 489 491 495 498 499 502 504 505 509 

497
355 348 
516 518 522 528 529 530 531 532 533 534 535 539 541 543 34 547 548 549 552 554 558 562 564 568 571 572 173 198 351 356 358 359 361 362 364 365 367 371 372 377 379 380 381 383 385 386 390 393 399 401 405 406 407 410 411 413 421 425 427 429 433 437 440 441 442 445 447 448 449 453 454 457 463 464 466 467 468 470 472 474 476 477 480 481 485 486 489 490 491 495 498 499 501 502 504 505 508 509 

498

512 513 514 517 519 520 522 523 529 530 531 533 535 536 539 540 543 546 547 551 554 555 556 557 559 560 562 563 565 568 569 570 571 350 355 356 357 359 360 362 365 367 368 369 372 375 376 382 394 396 398 405 409 410 412 416 419 420 421 422 424 425 426 428 429 432 435 438 439 440 442 444 445 449 451 455 458 461 466 469 471 472 473 474 475 477 480 481 482 484 486 489 490 492 495 503 504 506 507 510 

499

513 514 515 520 521 522 524 527 531 533 537 538 539 541 544 546 547 551 552 553 555 556 557 559 561 563 565 566 567 568 569 350 355 356 360 363 365 367 370 371 374 375 376 378 384 387 388 390 391 394 397 402 404 405 408 412 413 414 416 417 418 419 420 421 422 423 426 428 430 431 432 435 438 439 440 442 444 446 449 450 451 452 455 460 461 465 471 472 473 475 480 481 493 495 503 504 506 508 510 511 

500

512 516 518 522 528 529 532 533 534 539 540 541 543 551 552 554 558 562 564 568 570 571 572 198 349 350 351 356 357 358 362 364 365 369 371 377 379 380 381 383 384 385 386 387 389 390 393 397 399 401 405 406 407 411 413 415 422 424 425 426 427 429 433 435 437 441 442 446 447 448 449 453 454 457 458 459 462 464 466 467 468 469 472 476 477 480 481 485 486 490 491 494 496 498 499 501 502 505 509 510 

501

512 518 525 526 528 534 536 539 540 541 543 545 546 547 548 552 555 557 558 559 563 565 568 570 350 352 353 354 355 357 359 360 362 363 366 367 369 370 373 375 376 382 384 390 391 394 396 397 403 404 405 407 409 410 413 416 418 419 420 421 422 425 426 430 431 432 434 435 440 442 444 446 450 451 455 460 461 463 469 470 474 475 477 478 480 481 484 485 487 488 489 490 491 492 493 495 497 502 508 510 

502

516 518 519 521 523 524 526 530 531 532 535 540 543 544 545 549 551 552 554 557 558 562 563 565 570 571 572 349 350 352 353 355 356 357 361 362 365 372 375 377 379 381 383 384 385 387 389 394 397 398 402 403 404 406 409 413 418 419 420 426 427 430 432 433 434 435 437 440 442 444 445 448 449 453 455 457 459 462 463 464 467 468 469 470 472 477 478 480 485 486 493 494 495 496 497 505 507 508 509 510 

503
539 
516 518 519 521 522 528 529 530 531 532 533 534 540 541 543 34 546 547 548 551 554 555 558 562 568 570 571 572 173 198 349 354 355 357 358 359 361 364 369 371 372 377 379 380 381 382 383 389 393 396 397 403 405 406 407 410 411 413 424 426 427 429 433 435 437 442 447 448 449 450 453 455 457 458 459 464 466 467 468 470 474 476 477 478 480 481 485 486 489 490 491 498 499 501 502 504 505 509 510 

504
541 
515 516 517 518 520 523 526 532 534 535 536 537 540 542 34 551 554 556 558 559 566 567 572 173 349 352 353 356 357 362 365 368 371 375 376 377 378 379 380 381 383 385 389 392 394 395 398 400 402 405 406 408 414 415 417 419 420 423 424 425 427 428 430 431 434 435 436 440 445 446 448 453 456 459 462 465 469 472 477 478 479 485 486 487 488 490 491 492 494 495 496 497 498 499 503 505 508 509 511 

505

512 513 517 519 521 522 523 524 525 526 529 530 531 533 535 536 537 539 543 545 546 547 548 552 553 555 557 558 561 562 567 568 569 352 353 354 356 359 360 361 366 367 375 383 384 385 386 387 390 394 396 398 401 402 403 405 406 409 410 413 414 417 420 426 428 429 432 433 434 438 442 444 450 451 452 453 460 462 463 464 466 468 470 472 474 475 478 481 487 489 490 491 493 494 495 496 502 504 510 511 

506

516 518 522 529 530 531 532 533 535 539 540 541 543 34 547 548 551 554 555 562 564 568 569 570 571 572 173 198 351 354 356 357 358 359 361 362 364 365 369 371 372 377 379 380 381 382 383 386 389 390 393 396 399 401 403 405 406 407 410 411 421 424 427 429 433 435 437 441 447 448 449 450 453 454 457 458 459 462 463 466 467 468 469 470 474 476 477 480 481 485 486 489 490 491 498 499 501 502 505 509 

507

518 519 522 529 530 531 532 533 534 535 539 540 541 546 34 547 548 551 552 554 564 568 571 572 173 349 350 352 355 356 357 358 359 361 367 369 371 372 375 377 379 380 381 382 383 384 386 389 390 394 396 399 401 403 405 406 407 410 411 414 418 421 424 427 429 435 437 440 441 442 447 448 450 453 455 457 459 462 464 466 467 468 469 472 474 476 478 480 481 486 489 490 491 494 498 499 501 502 505 509 

508

518 519 521 522 528 529 530 531 532 533 535 539 543 546 547 548 551 552 554 555 557 558 562 569 571 198 350 351 354 355 356 357 358 359 361 364 367 369 372 379 380 381 382 384 385 386 389 390 393 396 398 401 403 405 406 407 410 411 413 418 421 424 429 433 435 437 446 447 450 452 453 454 455 457 458 459 462 463 466 467 468 469 470 472 474 477 481 485 486 489 490 491 494 499 501 502 504 505 509 510 

509

512 517 519 521 523 524 525 526 529 530 531 535 536 539 541 546 547 548 34 553 556 557 558 559 560 562 568 570 571 353 355 356 359 360 362 365 366 367 372 373 375 382 386 387 390 392 394 396 398 401 402 403 405 410 412 413 414 415 417 418 420 429 434 436 437 438 442 444 445 446 450 451 452 453 460 463 465 466 468 470 473 474 475 481 482 483 484 487 489 490 491 492 493 494 496 500 502 504 508 511 

510

517 518 522 525 529 530 531 532 534 535 536 537 539 540 541 542 34 548 549 554 556 558 559 560 568 569 572 173 198 349 351 352 353 361 362 364 365 367 371 372 375 377 379 381 383 385 386 387 389 390 392 393 400 401 406 408 410 411 413 414 415 416 419 421 423 425 429 440 442 445 446 447 448 456 457 460 462 463 465 467 473 474 476 477 478 480 484 485 487 491 493 494 495 498 499 501 502 505 508 511 

511

516 518 519 521 522 529 530 531 532 533 534 535 539 541 543 546 547 551 552 554 555 557 558 562 564 568 569 570 571 572 173 349 350 354 355 356 357 358 359 361 362 364 369 371 372 377 379 380 381 382 386 389 390 396 397 399 401 403 407 410 418 419 424 426 427 429 433 435 437 441 442 447 448 449 450 453 455 457 458 459 463 466 467 469 470 474 477 478 480 481 485 486 489 490 498 499 504 505 509 510 

512

516 518 519 521 522 529 530 531 532 534 535 541 543 34 547 546 551 552 554 555 557 562 563 564 568 569 570 571 173 349 350 351 354 356 357 358 359 361 364 367 369 372 377 379 380 381 382 383 384 389 393 396 397 399 403 405 406 407 410 411 416 424 426 427 429 433 435 437 447 449 450 452 453 454 455 457 458 459 463 464 467 468 469 470 474 476 477 478 480 485 486 489 490 498 501 502 504 505 509 510 

513
365 557 452 397 
516 518 519 521 522 528 529 530 531 532 534 535 539 540 541 543 546 547 34 548 551 554 555 558 562 564 568 570 571 572 173 198 351 354 355 357 358 359 361 364 367 369 371 372 377 379 380 381 382 383 384 386 389 393 396 401 403 410 411 413 421 424 429 433 435 437 447 448 449 450 453 454 455 457 458 459 462 466 467 468 469 470 474 477 480 481 485 486 489 490 491 498 499 502 505 509 

514
458 541 397 
516 518 519 521 522 529 530 531 532 534 535 539 543 34 547 546 552 554 555 557 562 564 568 571 572 173 198 349 351 354 355 358 359 361 364 365 369 371 372 377 379 380 381 382 383 384 386 389 390 393 396 399 401 403 405 406 407 410 411 424 425 426 427 429 433 437 441 447 448 449 453 454 455 457 459 462 464 466 467 468 470 474 476 477 480 481 485 486 489 490 491 498 499 501 502 505 509 

515
548 519 
516 518 521 522 528 529 530 531 532 533 534 535 540 541 543 34 547 549 551 554 558 562 563 568 570 571 572 173 349 350 354 356 357 358 359 361 365 367 369 371 372 377 379 380 381 382 383 386 389 390 396 397 401 405 406 407 410 411 422 424 427 429 433 435 437 440 442 447 449 450 452 453 454 455 457 459 462 466 467 468 469 472 474 477 478 480 481 485 486 489 490 494 498 499 504 505 509 510 

516

512 517 519 521 522 523 524 525 526 529 530 531 532 535 536 537 539 545 546 34 547 552 553 555 557 558 560 562 568 570 571 572 352 353 359 360 361 362 366 367 371 372 375 382 383 385 386 387 388 390 396 398 400 401 402 403 404 405 406 408 410 413 414 415 417 426 429 436 437 438 442 450 451 452 453 456 460 462 463 466 468 470 471 473 474 481 482 484 487 489 490 492 493 494 495 496 502 503 504 511 

517

516 518 519 522 528 529 530 531 532 533 534 541 543 34 546 547 551 552 554 555 557 558 562 564 568 571 572 173 198 350 351 354 356 357 358 359 361 364 367 369 372 377 379 380 381 382 383 384 386 389 393 396 397 399 401 403 405 407 410 411 418 422 424 425 427 429 433 435 441 447 448 449 453 454 455 457 459 464 466 467 468 469 470 472 474 476 477 480 481 485 486 489 498 499 501 502 504 505 509 510 

518

512 513 515 517 519 522 523 524 525 526 529 530 531 535 539 543 546 547 548 553 555 556 557 558 559 560 562 568 353 354 359 360 361 362 365 366 371 372 375 376 382 383 385 387 390 392 394 396 398 403 405 406 408 409 410 413 414 415 417 418 420 426 429 434 436 438 442 444 446 450 452 458 460 462 463 465 466 468 470 474 475 481 482 484 487 488 489 490 491 492 493 494 495 496 497 502 503 504 508 511 

519
515 
512 514 516 518 523 524 525 526 528 532 533 534 536 537 540 541 544 545 549 551 554 556 558 559 560 563 565 569 571 572 349 357 362 363 365 368 371 374 375 377 379 380 381 385 387 391 394 395 407 408 409 411 413 415 419 421 424 425 427 430 431 432 433 440 442 444 445 446 447 448 449 453 455 457 459 462 468 469 471 472 477 478 479 480 482 483 484 485 486 487 488 495 496 498 505 507 508 509 511 

520

516 518 519 521 522 528 529 530 531 532 533 539 540 541 543 34 547 546 551 552 554 555 557 562 564 568 571 572 173 198 351 354 355 357 358 359 361 367 369 372 379 380 381 382 384 386 389 390 393 396 397 399 401 403 405 406 407 410 411 418 421 424 426 429 433 435 437 441 447 449 450 452 453 454 455 457 458 459 462 463 464 466 467 468 469 470 472 474 480 481 486 489 490 491 498 499 502 504 505 509 

521
460 
512 515 516 518 522 530 534 535 537 539 540 541 543 34 547 548 549 551 552 554 556 558 560 563 568 569 570 173 349 355 356 357 359 362 364 365 369 371 372 377 380 381 383 384 386 389 396 397 399 401 405 406 407 411 413 415 416 419 420 421 422 424 425 427 430 434 435 437 440 445 448 449 450 455 457 458 459 462 463 464 467 469 471 473 474 477 478 480 485 486 490 491 494 495 499 502 505 508 509 

522

512 513 514 516 517 518 520 523 524 525 526 527 532 533 534 535 536 538 542 544 545 556 559 561 563 566 567 572 349 352 353 357 360 365 366 368 370 373 374 375 376 378 379 380 388 392 394 395 397 398 402 404 406 408 409 411 412 414 416 417 419 420 424 425 428 430 431 434 437 439 451 458 460 461 462 465 467 471 477 478 479 483 484 485 486 487 488 490 491 492 493 494 495 496 503 505 506 508 510 511 

523
490 563 
516 518 519 522 528 529 530 532 533 535 539 540 541 34 547 548 549 551 552 554 555 557 562 568 569 571 173 198 351 354 356 357 358 359 361 365 367 369 371 372 379 380 381 382 386 389 390 396 399 401 403 404 405 407 410 411 413 416 419 424 426 429 433 440 447 449 452 453 454 455 457 459 462 463 464 466 467 468 469 470 472 474 476 477 480 481 485 486 487 489 491 493 498 499 502 504 505 509 

524

516 518 519 521 522 528 529 530 531 532 533 534 535 536 539 541 543 34 547 548 546 551 552 554 555 557 562 568 571 572 173 198 351 354 355 356 357 358 359 361 367 369 371 372 377 379 380 381 382 384 386 389 390 393 396 399 401 403 405 407 410 411 421 424 427 429 433 435 437 447 449 450 452 453 454 457 459 462 464 466 467 468 469 470 472 474 477 480 481 485 486 489 490 491 498 499 502 504 505 509 

525

516 518 519 521 522 528 529 530 531 533 535 539 541 543 34 546 547 551 552 554 555 557 558 562 568 570 571 572 173 198 349 354 355 356 357 358 359 361 362 364 365 369 372 377 379 380 381 382 383 384 389 390 393 396 397 399 403 405 406 407 410 411 424 427 429 433 435 437 441 442 447 448 449 450 452 453 455 457 458 459 463 464 466 468 469 470 476 477 478 480 481 485 486 489 499 501 504 505 509 510 

526

516 518 519 522 529 530 531 532 534 535 541 543 546 547 548 551 552 554 555 557 558 562 563 568 571 572 173 349 350 354 355 356 357 358 359 361 364 369 372 377 379 380 381 382 383 384 385 390 393 396 397 403 405 406 407 410 411 413 422 424 425 426 427 429 433 435 437 447 449 450 452 453 455 457 458 459 463 464 466 467 468 470 474 476 477 478 480 481 485 486 489 490 491 498 499 501 502 504 505 509 

527

516 518 519 522 529 530 531 532 533 534 540 541 543 34 547 546 551 554 555 557 558 562 563 568 570 571 572 349 351 354 355 358 359 361 364 369 372 377 379 380 381 382 383 386 389 393 396 397 399 401 403 405 406 407 410 411 421 422 424 426 427 429 433 435 437 442 447 448 449 450 452 453 454 455 457 458 459 462 463 466 467 468 470 474 476 477 478 480 481 485 489 490 491 498 499 501 504 505 509 510 

528
355 
512 519 521 522 523 530 532 534 535 536 539 540 541 542 544 34 548 555 556 557 564 568 572 198 349 352 353 354 359 361 362 363 364 365 367 368 371 375 376 377 379 382 383 385 387 388 390 396 398 403 404 405 406 408 409 410 413 415 419 420 422 434 435 440 442 444 445 446 447 448 450 451 452 458 460 462 463 467 469 470 471 473 474 476 478 481 482 487 489 491 492 493 494 495 500 501 502 508 511 

529

513 515 516 517 518 520 523 524 525 526 534 536 538 544 545 34 551 556 558 561 563 566 567 349 352 353 356 357 360 366 367 369 371 374 375 376 378 379 380 389 394 395 397 398 402 408 409 413 414 415 416 417 419 420 423 424 425 427 428 430 431 434 435 438 439 440 448 451 456 458 459 460 461 465 469 471 477 478 479 480 483 484 485 486 487 488 490 492 493 494 495 496 497 503 505 507 508 509 510 511 

530

512 514 516 518 520 521 533 534 536 537 540 541 544 34 549 551 552 553 558 559 560 561 563 565 566 567 569 173 349 350 356 357 363 366 367 370 373 374 375 377 378 383 384 385 387 392 394 395 397 400 404 407 412 414 415 416 418 419 420 423 425 427 428 430 431 432 434 435 436 439 440 448 449 451 456 457 458 459 461 464 465 469 471 472 477 478 480 482 483 485 488 493 494 496 497 502 506 507 508 510 

531

514 516 518 525 526 533 536 538 541 542 545 551 556 561 565 566 572 349 352 353 356 357 365 366 368 370 373 374 375 378 379 380 381 383 387 389 391 392 394 395 398 400 402 404 406 407 408 411 414 415 417 419 420 421 424 425 427 430 431 434 439 440 446 448 449 451 456 458 461 462 465 469 471 472 477 478 479 482 483 484 485 486 487 488 490 491 492 494 495 496 498 499 502 503 505 507 508 509 510 511 

532

512 513 516 519 520 522 523 524 531 533 538 539 540 541 543 546 547 549 551 552 556 557 559 563 565 566 567 568 569 173 350 354 355 357 359 360 363 365 367 369 370 371 374 375 376 378 388 390 391 392 394 395 397 398 403 405 407 412 414 416 418 420 421 422 430 433 434 435 436 438 439 440 442 444 449 450 451 452 455 458 461 464 465 466 469 471 474 475 477 480 481 482 491 495 496 502 504 508 510 511 

533

515 519 520 522 523 530 531 532 535 536 539 540 541 544 34 546 547 548 555 557 558 560 565 568 570 571 173 349 352 354 355 359 361 362 363 365 367 368 371 372 376 379 382 384 385 388 390 396 400 402 406 408 409 410 413 414 415 416 419 420 421 422 424 425 432 435 436 437 442 444 445 448 449 450 460 462 463 469 470 471 473 474 478 480 482 485 487 488 489 491 493 495 497 498 499 500 505 507 508 511 

534

512 519 521 522 526 529 530 531 533 535 537 539 540 543 34 547 546 548 551 552 555 556 557 558 560 562 565 568 350 351 354 355 356 359 361 362 363 364 365 367 368 369 371 372 374 375 381 382 384 385 388 389 390 391 394 397 403 406 409 410 413 418 419 420 421 422 426 429 430 435 446 448 450 451 452 454 455 458 462 463 466 469 470 472 473 474 475 476 481 482 487 489 491 493 494 503 504 507 510 511 

535

512 516 518 519 521 522 526 528 533 534 536 539 540 541 543 546 34 549 551 552 554 558 562 563 564 568 569 571 173 198 349 350 351 352 356 357 359 365 367 368 369 372 377 380 381 382 383 384 389 390 394 397 399 403 405 407 414 416 419 420 422 424 425 426 427 429 433 434 435 440 441 446 449 450 451 452 454 455 457 459 462 464 466 469 470 472 477 480 485 486 490 497 498 502 504 505 507 509 510 511 

536

516 519 522 529 530 531 533 535 539 540 541 543 546 547 548 34 551 552 554 555 557 558 562 563 564 568 571 572 173 198 350 351 354 355 357 359 361 364 365 369 377 379 380 381 382 383 384 386 390 396 397 399 401 403 405 406 407 410 418 424 426 427 429 433 435 437 442 446 448 449 450 453 455 457 458 459 463 464 466 467 469 470 474 476 477 480 481 485 486 489 490 491 495 498 499 501 504 505 509 510 

537

516 518 519 521 522 528 529 530 531 532 533 534 535 541 543 34 547 548 546 551 552 554 555 558 562 564 568 570 571 572 173 198 350 351 354 355 358 359 361 364 369 371 372 380 381 382 383 384 389 393 396 397 403 405 406 407 410 411 424 426 427 429 433 435 437 442 447 448 449 452 453 454 455 457 458 459 463 464 466 467 468 470 474 476 477 480 481 485 486 489 490 491 498 499 501 502 504 505 509 510 

538

516 518 519 522 529 530 531 532 534 535 539 541 543 34 546 547 548 551 554 555 558 562 564 568 570 571 572 173 198 349 354 358 359 361 364 365 367 369 372 377 379 380 381 383 386 393 396 397 399 401 403 405 406 407 410 411 415 424 425 426 427 429 433 435 437 441 447 448 449 450 453 455 457 458 459 463 466 467 468 469 470 474 476 477 478 480 481 485 486 489 490 491 498 499 501 502 504 505 509 510 

539

516 518 520 521 523 524 525 532 533 534 536 541 34 549 551 552 554 557 558 562 563 566 571 572 173 349 350 351 352 354 356 357 358 360 361 368 369 371 374 375 377 379 380 381 382 383 384 387 389 393 397 398 403 406 407 409 411 413 414 415 416 419 424 426 427 428 431 432 434 435 437 444 448 451 452 453 457 458 459 461 462 464 467 469 471 472 477 478 480 485 486 489 494 498 499 501 505 509 510 511 

540
348 
519 521 522 523 529 530 531 532 533 534 535 541 34 546 547 548 552 555 562 564 568 569 570 571 572 173 198 350 351 352 354 355 356 358 359 360 361 364 367 371 372 373 377 379 382 383 384 386 390 393 396 399 401 403 405 406 407 409 410 411 413 418 422 425 426 429 433 434 437 441 442 447 450 451 452 453 454 455 463 464 466 467 468 470 472 474 475 476 478 481 482 489 490 491 498 501 502 504 510 

541
504 514 
512 517 519 521 523 530 531 532 533 535 536 539 540 545 548 551 552 555 560 561 562 564 565 570 571 572 350 351 352 356 359 360 361 362 364 367 371 375 376 378 379 381 382 384 385 386 388 389 390 391 394 396 400 401 403 404 406 408 409 413 415 419 421 424 425 427 435 436 437 442 445 446 448 450 452 453 454 456 457 458 461 462 463 464 467 470 472 473 481 482 484 488 489 490 491 495 510 511 

542

516 518 519 521 522 528 529 530 531 532 533 539 541 543 546 547 551 554 555 557 562 563 564 568 569 571 572 173 350 351 354 355 357 358 359 361 364 367 369 372 377 379 380 381 382 383 384 386 389 393 396 397 399 401 403 405 406 407 410 411 418 422 424 427 429 433 435 437 441 442 447 449 450 452 453 454 455 457 458 459 466 467 468 470 472 474 476 477 480 481 485 486 489 490 499 501 502 504 509 510 

543

512 513 517 518 521 524 525 526 532 534 535 536 34 551 556 564 565 566 568 572 173 349 351 352 356 359 363 364 365 366 367 368 371 374 375 377 378 379 380 381 382 383 385 390 391 394 400 405 408 409 411 413 414 417 418 419 420 423 424 427 428 430 431 432 434 435 436 437 439 446 447 448 450 452 453 459 467 470 471 472 473 474 475 478 479 481 482 483 487 488 491 492 493 494 498 500 502 503 505 508 

544

516 519 522 528 529 530 532 533 535 536 539 543 546 34 547 551 552 554 562 564 568 572 173 198 350 351 352 354 356 357 358 359 361 364 367 369 371 372 375 377 379 380 381 382 383 384 386 389 390 393 396 399 401 403 405 406 407 410 411 413 422 424 427 429 433 435 437 440 441 447 449 450 453 454 455 457 458 459 463 464 466 467 468 469 470 472 474 476 477 486 489 490 491 494 498 499 501 502 505 509 

545

516 518 519 521 522 529 530 531 533 539 540 541 34 547 548 546 551 552 554 555 557 562 564 568 571 572 173 198 349 350 351 354 355 356 357 358 359 361 364 365 367 369 371 377 379 380 381 382 383 384 386 389 393 396 399 405 406 407 410 411 413 418 424 426 427 429 433 435 437 440 441 446 447 448 449 450 454 457 459 464 466 467 469 470 472 474 477 478 481 485 486 489 490 501 502 504 505 508 509 510 

546
397 
513 516 517 518 526 532 533 534 535 536 540 544 549 551 554 556 558 564 566 572 198 349 351 352 353 356 357 358 362 363 364 365 366 371 375 377 379 380 381 383 386 387 388 389 390 394 398 399 400 401 404 406 407 408 409 411 414 415 417 419 420 421 424 425 427 434 437 439 440 441 445 446 448 451 453 454 462 467 468 469 471 472 476 477 478 482 483 485 486 487 495 496 498 499 501 505 507 508 509 

547

512 515 516 517 518 520 521 524 526 532 533 534 536 540 544 545 549 551 554 560 563 564 565 566 567 569 198 349 352 353 356 357 363 365 366 368 369 371 375 377 379 380 381 383 385 387 389 393 394 398 399 400 404 406 407 408 415 419 420 421 424 425 426 427 430 431 434 436 439 440 441 447 449 451 457 459 462 464 468 469 471 472 477 478 480 482 483 484 485 486 492 493 496 498 499 505 507 508 509 511 

548

516 518 521 522 523 526 528 530 532 533 534 535 536 537 540 541 543 545 549 551 552 554 560 563 564 568 569 572 173 349 350 351 352 356 357 358 362 364 368 369 371 372 375 379 380 381 384 385 386 389 395 397 398 399 401 405 406 407 409 411 413 419 424 425 426 427 429 433 437 440 441 445 448 449 451 453 455 457 459 462 464 466 467 468 471 472 477 478 479 485 486 494 496 498 499 501 505 508 509 510 

549

515 519 521 522 523 529 530 531 532 535 536 539 546 547 548 552 554 555 556 557 562 568 570 571 350 352 354 355 356 358 359 361 362 366 367 369 371 372 375 376 379 380 381 382 384 385 386 389 390 396 397 398 400 401 403 404 407 409 410 411 413 414 418 421 422 424 426 435 437 440 446 450 452 453 454 455 457 458 462 463 466 468 469 470 472 474 475 481 482 486 488 489 490 491 498 502 504 505 509 510 

551

512 517 519 521 523 529 530 531 532 534 535 539 541 543 544 545 546 547 553 555 558 562 568 570 571 349 352 353 354 355 359 360 361 365 366 367 371 372 375 382 385 386 388 390 392 396 398 400 401 402 403 404 405 406 408 409 410 413 414 415 417 421 426 429 434 437 438 442 445 446 450 451 452 453 460 462 463 465 466 468 470 473 474 478 481 482 487 489 490 491 492 493 495 498 499 500 502 504 508 511 

552

512 517 521 522 526 530 532 534 535 536 539 540 541 544 545 548 549 555 556 557 558 564 568 569 570 571 198 348 349 351 353 354 355 359 360 361 362 364 365 367 371 372 376 377 379 380 382 383 388 392 393 396 399 405 408 410 413 418 422 424 430 435 437 440 441 442 444 445 446 447 448 449 450 452 454 455 460 462 463 466 467 469 470 474 476 480 481 482 485 487 489 490 491 495 499 501 502 505 507 508 

553
452 469 
516 518 522 529 530 531 532 533 534 535 536 539 540 541 34 547 551 554 557 562 563 564 568 571 572 173 198 349 351 354 356 357 358 359 361 364 365 369 371 372 377 379 380 381 382 383 386 389 390 393 396 397 399 401 405 406 410 411 413 424 429 435 437 440 441 446 447 448 449 450 453 454 457 459 462 463 466 467 468 470 472 474 476 477 478 480 485 486 489 490 491 498 499 501 502 505 508 509 

554

512 517 519 520 521 523 524 526 529 530 535 536 537 539 543 544 546 547 34 553 555 557 558 560 561 562 568 569 571 349 352 353 354 355 359 360 361 362 366 367 371 372 375 382 386 387 388 390 394 396 398 402 403 404 409 410 413 414 415 417 418 428 434 438 442 445 446 450 451 452 453 454 458 460 462 463 465 466 468 470 474 478 481 482 487 489 490 492 493 494 495 496 498 502 503 504 507 508 510 511 

555
366 
512 516 517 518 520 523 524 525 526 528 533 534 536 537 538 539 540 541 542 34 549 551 552 554 559 561 563 564 569 571 173 198 349 351 352 353 356 357 362 365 368 369 371 375 377 380 381 383 384 385 387 389 390 393 394 398 399 404 408 409 411 415 419 421 425 427 430 431 440 441 444 445 447 448 449 451 457 460 464 468 469 472 477 478 479 480 484 485 486 487 488 493 494 495 498 499 505 508 511 

556
563 
518 519 521 522 528 529 530 531 532 533 534 536 539 543 546 549 551 552 554 555 562 564 568 569 571 572 350 351 355 357 358 359 361 367 369 371 372 379 380 381 382 384 386 389 390 393 396 397 399 401 403 405 407 410 411 413 422 424 425 426 427 429 433 434 435 437 441 447 448 449 450 452 453 454 455 457 458 459 464 466 467 468 469 470 472 474 477 480 481 485 486 489 496 498 499 504 505 509 510 

557
348 
512 516 518 520 521 525 526 528 529 532 533 534 536 539 540 545 34 549 552 554 558 560 561 564 565 571 572 173 198 349 351 356 357 358 364 365 369 371 372 375 377 379 380 381 383 384 385 386 387 389 391 393 394 399 400 406 407 408 409 411 414 415 419 421 424 425 426 427 433 437 439 440 442 447 448 453 457 459 464 467 468 472 476 477 478 479 480 485 486 495 496 498 499 501 502 505 508 509 511 

558

516 518 519 521 522 525 526 529 530 533 534 535 536 539 541 546 551 552 554 557 562 563 571 572 350 351 352 353 354 356 357 358 359 361 365 366 367 369 380 381 384 385 386 389 390 396 398 401 404 405 406 407 408 409 416 418 419 424 426 429 431 433 434 435 437 440 449 450 451 452 453 454 457 459 462 464 466 467 469 470 472 474 477 478 479 481 485 486 489 490 491 494 497 500 502 504 505 508 509 511 

559
452 348 
516 518 519 521 522 529 530 531 532 533 539 541 543 34 547 546 548 551 554 555 557 562 564 568 570 571 572 198 351 354 356 357 358 359 361 364 369 372 377 379 380 381 382 383 384 386 389 393 396 397 399 401 403 405 406 407 410 411 422 424 425 427 429 433 435 437 441 447 448 449 450 453 454 455 457 458 459 463 466 467 468 470 474 476 477 481 485 486 489 490 491 498 499 501 504 505 509 510 

560

516 518 519 521 522 529 530 531 532 533 534 541 546 547 34 548 551 552 554 555 557 558 562 563 564 568 571 572 173 349 350 351 354 355 356 357 358 359 361 364 367 369 372 377 379 380 381 382 383 384 389 396 397 399 403 405 406 407 410 411 416 424 426 427 429 433 434 435 437 447 449 450 452 453 454 457 458 459 464 466 467 468 470 472 474 476 477 478 485 486 489 490 491 498 499 501 504 505 509 510 

561
369 455 
516 518 519 522 529 530 531 532 533 534 539 541 543 546 547 34 551 554 555 557 562 563 568 571 572 173 349 351 354 355 356 357 358 359 361 364 367 371 372 377 379 380 381 382 383 386 389 393 396 397 399 401 403 405 406 407 410 411 421 424 427 429 433 435 437 441 447 448 449 450 452 453 454 457 458 459 463 466 467 468 470 472 474 476 477 480 481 485 486 489 490 491 498 499 502 504 505 509 

562

516 517 520 523 525 527 534 536 537 539 540 541 542 34 549 551 554 556 558 559 563 566 567 568 569 173 349 350 352 353 357 362 363 365 366 369 370 371 373 375 377 381 383 385 387 388 389 391 392 394 397 398 400 404 408 412 414 415 416 417 419 420 421 423 425 428 430 431 434 440 442 444 445 446 455 456 457 460 462 465 467 469 471 472 473 477 478 484 485 486 487 490 493 494 495 496 502 503 505 508 

563
442 556 415 
512 515 519 521 522 526 529 530 532 535 536 539 34 547 548 555 558 560 562 564 565 568 570 571 572 198 351 352 354 356 358 359 360 361 362 363 364 365 366 367 371 372 375 377 379 382 383 385 386 387 388 393 394 396 399 401 403 404 406 408 409 410 411 413 418 422 429 437 441 445 446 447 448 450 452 453 454 462 463 466 467 468 470 473 474 476 481 482 487 488 489 491 495 498 499 501 502 

564

512 517 519 520 528 534 535 536 537 539 540 541 543 544 545 546 547 548 552 555 556 557 559 563 565 566 350 352 353 354 355 357 359 361 362 363 366 367 375 376 378 382 384 388 390 394 396 397 398 402 403 404 407 409 410 413 415 416 419 420 421 425 426 430 431 433 434 435 440 444 445 446 449 450 451 452 458 460 469 470 471 474 475 477 478 480 481 484 485 487 489 490 492 493 496 497 500 508 510 511 

565
355 348 
516 518 519 522 529 530 531 532 533 534 539 541 543 34 547 546 548 552 554 555 557 562 563 564 568 571 572 173 198 349 351 354 356 358 359 361 364 365 367 369 371 372 377 379 380 381 382 383 384 386 393 396 397 399 401 403 405 406 410 411 413 421 424 425 426 429 437 440 441 446 447 448 449 450 452 453 454 457 463 466 467 468 470 472 474 476 477 480 481 485 486 489 490 498 499 501 502 504 

566

516 518 519 521 522 528 529 530 531 532 533 535 539 541 543 546 547 34 551 552 554 555 558 562 564 568 570 571 572 173 198 354 355 356 357 358 359 361 364 369 371 372 377 379 380 381 382 383 384 386 389 390 393 396 397 399 401 403 406 407 410 411 421 422 424 427 429 433 435 437 441 442 447 448 449 453 455 457 458 459 463 464 466 467 468 470 472 474 477 480 481 486 489 490 498 499 504 505 509 510 

567
348 
516 518 519 521 522 529 530 531 532 534 535 539 541 543 34 547 546 548 554 555 562 564 568 570 571 572 173 198 349 351 354 355 358 359 361 364 365 367 369 371 372 379 380 381 382 384 386 389 393 396 399 401 403 405 406 407 410 411 421 424 427 429 433 435 437 441 442 447 448 449 450 452 453 454 455 457 458 459 463 466 467 468 470 474 476 480 481 486 489 490 491 498 499 501 502 504 505 509 510 

568

514 520 521 523 525 526 528 532 533 535 536 537 538 540 545 551 552 556 561 562 565 566 567 571 350 351 352 353 356 362 365 368 370 371 373 374 375 379 380 381 384 388 391 392 394 398 404 406 407 408 409 412 413 414 415 416 419 420 421 424 425 426 428 431 432 433 434 438 439 440 448 451 454 456 458 459 461 464 465 469 471 472 477 480 483 484 485 486 487 488 490 494 495 499 503 506 507 509 510 511 

569

512 516 518 519 521 523 530 531 532 533 535 539 540 34 547 548 551 552 554 555 556 562 570 571 572 173 350 351 354 355 356 358 359 361 362 364 365 369 372 377 379 380 381 382 383 384 385 386 389 393 394 396 397 401 403 405 406 409 410 411 413 414 421 427 429 435 437 442 444 446 447 448 449 450 452 453 454 457 459 463 464 466 467 468 470 472 473 474 476 481 486 489 490 491 498 499 505 508 510 511 

570
439 
512 515 516 521 525 527 533 536 539 540 541 34 549 551 552 554 559 562 563 566 567 569 173 198 349 351 352 353 356 357 358 359 363 365 366 367 369 375 377 378 379 380 381 382 383 384 386 389 390 391 393 394 401 404 405 407 409 411 414 419 420 424 426 427 433 434 435 440 446 447 451 452 453 454 455 457 459 462 464 468 469 470 471 472 477 478 480 482 485 486 487 490 491 498 501 502 505 509 511 

571

512 515 516 519 520 523 524 526 530 533 535 536 539 540 541 545 552 555 556 558 560 561 563 565 568 352 354 355 356 357 359 360 361 362 366 367 368 369 370 371 373 375 376 380 382 387 388 389 392 395 396 397 398 402 403 404 405 410 413 417 424 427 428 431 435 439 440 446 450 451 452 458 459 460 462 463 464 465 468 469 470 472 473 475 477 479 480 482 483 486 487 490 491 493 495 496 497 502 508 511 

572

515 516 519 522 524 526 528 529 531 533 538 539 540 541 543 545 546 553 556 557 558 559 562 563 565 566 568 569 354 355 359 360 363 365 367 368 370 372 374 375 376 382 388 390 392 394 397 402 403 405 407 408 412 416 417 418 420 421 422 423 426 428 429 430 433 434 435 438 439 444 445 449 450 451 452 455 458 461 465 466 470 471 473 475 477 480 481 490 491 492 493 495 497 500 502 503 504 507 510 511 

