34

558 573 574 575 576 577 578 579 582 583 584 588 589 590 592 593 594 595 596 597 598 599 600 601 603 604 605 607 609 610 611 612 615 616 617 618 619 620 621 622 623 625 626 627 628 629 630 631 632 633 634 635 636 637 638 639 640 643 644 645 647 648 650 652 653 654 655 657 658 659 660 661 662 663 664 665 666 667 668 670 671 672 673 674 675 676 677 678 679 680 681 682 684 685 414 422 431 461 500 506 

107
414 
524 556 558 573 574 575 576 577 578 579 582 583 584 586 587 588 589 590 592 593 594 595 596 597 598 599 600 603 604 605 607 609 611 612 615 616 617 618 619 620 621 622 623 625 626 627 628 630 631 632 633 634 635 636 638 639 640 643 644 647 648 650 652 653 654 655 657 658 659 660 661 662 663 664 665 666 667 668 670 671 672 673 674 675 676 677 678 679 680 681 682 684 685 422 423 434 461 480 506 

173

513 515 544 553 558 567 573 574 575 576 577 578 579 582 584 586 587 588 589 590 592 593 595 596 597 598 600 603 604 605 606 609 610 611 612 614 616 617 618 619 620 621 622 623 625 626 627 629 630 631 632 633 634 636 637 638 639 640 643 644 645 646 647 648 652 653 654 655 656 657 658 659 663 664 666 667 669 671 672 673 675 677 678 679 680 681 682 684 685 391 400 412 422 431 438 461 475 492 500 506 

348
558 
573 574 575 576 577 578 579 582 583 584 586 587 588 589 590 592 593 594 595 596 597 598 599 600 601 603 604 605 607 609 610 611 612 615 616 617 618 619 620 621 622 623 625 626 627 628 629 630 631 632 633 634 635 636 637 638 639 640 641 643 644 645 646 647 648 649 650 652 653 654 655 656 657 658 659 660 661 662 663 664 665 666 667 668 670 671 672 673 674 675 676 677 678 679 680 681 682 684 685 

363

34 556 558 573 574 575 576 577 578 579 582 583 584 586 587 588 589 590 592 593 594 595 596 597 598 599 600 601 603 605 607 609 610 611 612 615 616 617 618 619 620 621 622 623 625 626 627 628 629 630 631 632 633 634 635 636 638 639 640 643 644 645 647 648 649 650 652 653 654 655 657 658 659 660 661 662 663 664 665 666 667 668 670 672 673 674 675 677 678 679 680 681 682 684 685 173 394 422 427 480 

370
563 
34 573 574 575 576 577 578 579 582 583 584 586 587 588 589 590 592 593 594 595 596 597 598 599 600 601 603 605 607 609 611 612 615 616 617 618 619 620 621 622 623 107 625 626 627 628 629 630 631 632 633 634 635 636 637 638 639 640 641 643 644 647 648 649 650 652 653 654 655 656 657 658 659 660 661 662 663 664 665 667 668 670 672 673 674 675 677 678 679 680 681 682 684 685 173 394 422 427 480 

373
680 641 414 
34 573 574 575 576 577 578 579 582 583 584 586 588 589 592 593 594 595 596 597 598 599 600 601 603 605 607 609 610 611 612 615 616 617 618 619 620 621 622 623 107 625 626 627 628 629 630 631 632 633 635 636 638 639 640 643 644 647 648 649 650 652 653 654 655 656 657 658 659 660 661 662 663 664 665 666 667 668 670 671 672 673 674 675 676 677 678 679 681 682 684 685 173 394 422 427 480 

374
414 
34 573 574 575 576 577 578 579 582 583 584 586 587 588 589 590 592 593 594 595 596 597 598 599 600 601 603 605 607 609 611 612 615 616 617 618 619 620 621 622 623 107 625 626 627 628 629 630 631 632 633 634 635 636 637 638 639 640 643 644 647 648 649 650 652 653 654 655 656 657 658 659 660 661 662 663 664 665 666 667 668 670 671 672 673 674 675 677 678 679 680 681 682 684 685 173 422 427 480 

376
394 363 428 652 496 669 
34 558 573 574 575 576 577 578 579 582 583 584 588 589 590 592 593 594 595 596 597 598 599 600 601 603 605 607 609 611 612 615 616 617 618 619 620 621 622 623 625 626 627 628 629 630 631 632 633 635 636 638 639 640 641 643 644 647 648 649 650 653 654 655 656 657 658 659 660 661 662 663 664 665 666 667 668 670 671 672 674 675 677 678 679 680 681 682 684 685 173 422 427 480 

378

34 556 573 574 575 576 577 578 579 582 583 584 586 587 588 589 590 592 593 594 595 596 597 598 599 600 601 603 605 607 609 610 611 612 615 616 617 618 619 620 621 622 623 107 625 626 627 628 629 630 631 632 633 634 635 636 638 639 640 643 644 647 648 649 650 652 653 654 655 656 657 658 659 660 661 662 663 664 665 666 667 668 670 671 672 673 674 675 677 678 679 680 681 682 684 685 173 422 427 480 

391

34 558 573 574 575 576 577 578 579 582 583 584 586 587 588 589 590 592 593 594 595 596 597 598 599 600 601 603 605 607 609 611 612 615 616 617 618 619 620 621 622 623 107 625 626 627 628 629 630 631 632 633 634 635 636 638 639 640 643 644 646 647 648 649 650 652 653 654 655 656 657 658 659 660 661 662 663 664 665 666 667 668 670 671 672 673 674 675 677 678 679 680 681 682 684 685 173 422 427 480 

394

34 558 573 574 575 576 577 578 579 582 583 584 586 587 588 589 590 592 593 594 595 596 597 598 599 600 603 604 605 607 609 610 611 612 615 616 617 618 619 621 622 623 625 626 627 628 630 631 632 633 634 635 636 638 639 640 643 644 645 646 647 648 649 650 652 653 654 655 656 657 658 659 660 661 662 663 664 665 666 667 668 670 671 672 673 674 675 677 678 679 680 681 682 684 685 173 363 422 427 480 

395

34 558 563 573 575 576 577 578 579 582 583 584 586 587 588 589 590 592 593 594 595 596 597 598 599 600 603 605 607 609 610 611 612 615 616 617 618 619 107 621 622 623 625 626 627 628 629 631 632 633 634 635 636 638 639 640 643 644 647 648 649 650 652 653 654 655 656 657 658 659 660 661 662 663 664 665 666 667 668 670 671 672 673 674 675 676 677 679 680 681 682 684 173 685 363 394 427 434 480 496 

400
601 
34 558 573 574 575 576 577 578 579 582 583 584 586 587 588 589 590 592 593 594 595 596 597 598 599 600 603 605 607 609 611 612 615 616 617 618 619 620 621 622 623 107 625 626 627 628 629 630 631 632 633 634 635 636 638 639 640 643 644 646 647 648 649 650 652 653 654 655 656 657 658 659 660 661 662 663 664 665 666 667 668 670 671 672 673 674 675 677 678 679 680 681 682 684 685 173 422 427 480 

412
422 414 
34 556 573 574 575 576 577 578 579 582 583 584 586 587 588 589 590 592 594 595 596 597 598 599 600 601 603 605 607 610 611 612 615 616 617 618 619 620 621 622 623 107 625 626 627 628 629 630 631 632 633 634 635 636 637 638 639 640 643 644 647 648 649 650 652 653 654 655 656 657 658 659 660 661 662 663 664 665 666 667 668 670 671 672 673 674 675 677 678 679 680 681 682 684 173 685 427 480 

414
641 514 643 655 666 412 542 670 677 684 685 578 584 461 609 618 107 620 622 496 373 374 631 632 
480 673 610 34 645 646 648 586 587 652 656 593 634 414 671 

422
412 438 614 
514 515 524 542 544 34 556 558 559 563 566 567 575 576 577 578 582 583 586 587 588 590 591 594 595 598 599 600 603 605 606 607 610 611 612 615 107 625 626 627 628 632 633 634 635 638 640 641 643 645 646 647 649 650 651 652 656 658 659 660 661 662 664 665 667 668 669 670 671 672 673 674 675 676 681 683 173 363 370 373 374 376 378 391 400 423 427 428 431 434 436 461 465 475 492 496 506 

423

34 573 574 575 576 577 578 579 582 583 584 588 589 590 592 593 594 595 596 597 598 599 600 601 603 605 607 609 610 611 612 615 616 617 618 619 620 621 622 623 107 625 626 627 628 629 630 631 632 633 635 636 638 639 640 641 643 644 647 648 649 650 652 653 654 655 656 657 658 659 660 661 662 663 664 665 666 667 668 670 671 672 673 674 675 676 677 678 679 680 681 682 684 685 173 394 422 427 480 496 

427

558 573 574 575 576 577 578 579 582 583 584 586 587 588 589 590 592 593 595 596 597 598 599 600 603 604 605 606 609 610 611 612 615 616 617 618 619 620 621 622 623 625 626 627 628 629 630 631 632 633 634 635 636 637 638 639 640 643 644 645 647 648 650 652 653 654 655 656 657 658 659 660 661 662 663 664 665 666 668 669 670 671 672 673 674 675 676 677 678 679 680 681 682 684 685 400 422 431 461 506 

428
376 34 676 
556 573 574 575 576 577 578 579 582 583 584 586 587 588 589 590 592 593 595 596 597 598 599 600 603 605 607 610 611 612 615 616 617 618 619 620 621 622 623 625 626 627 628 629 630 631 632 633 634 635 636 637 638 639 640 643 644 645 646 647 648 649 650 652 653 654 655 656 657 658 659 660 661 662 663 664 665 666 668 670 671 672 673 674 675 677 678 679 680 681 682 684 685 173 363 422 480 

431

34 573 574 575 576 577 578 579 582 583 584 586 587 588 589 590 592 593 594 595 596 597 598 599 600 601 603 605 607 609 610 611 612 615 616 617 618 619 620 621 622 623 107 625 626 627 628 629 630 631 632 633 634 635 636 637 638 639 640 643 644 647 648 649 650 652 653 654 655 656 657 658 659 660 661 662 663 664 665 666 667 668 670 671 672 673 674 675 677 678 679 680 681 682 684 173 685 422 427 480 

434

34 573 574 575 576 577 578 579 582 583 584 586 588 589 590 592 593 594 595 596 597 598 599 600 601 603 605 607 609 611 612 615 616 617 618 619 620 621 622 623 107 625 626 627 628 629 630 631 632 633 634 635 636 638 639 640 643 644 646 647 648 649 650 652 653 654 655 656 657 658 659 660 661 662 663 664 665 666 667 668 670 671 672 673 674 675 677 678 679 680 681 682 684 685 173 394 395 422 427 480 

436
635 637 
34 558 573 574 575 576 577 578 579 582 583 584 586 587 588 589 590 592 593 594 595 596 597 598 599 600 601 603 605 607 609 610 611 612 615 616 617 618 619 620 621 622 623 107 625 626 627 628 629 630 631 632 633 636 638 639 640 641 643 644 647 648 649 650 653 654 655 656 657 658 659 660 661 662 663 664 665 666 667 668 670 671 672 674 675 676 677 678 679 680 681 682 684 685 173 422 427 480 

438
596 422 
34 573 574 575 576 577 578 579 580 582 583 584 586 587 588 589 590 592 593 594 595 597 598 599 600 601 603 605 607 609 611 612 615 616 617 618 619 620 621 622 623 107 625 626 627 628 629 630 631 632 633 635 636 637 638 639 640 641 643 644 647 648 649 650 652 653 654 655 656 657 658 659 660 661 662 663 664 665 666 667 668 670 671 672 673 674 675 677 678 679 680 681 682 684 685 173 427 480 

461
414 
34 558 573 574 575 576 577 578 579 582 583 584 586 588 589 592 593 594 595 596 597 598 599 600 601 603 605 607 609 611 612 615 616 617 618 619 620 621 622 623 107 625 626 627 628 629 630 631 632 633 634 635 636 637 638 639 640 641 643 644 647 648 649 650 652 654 655 656 657 658 659 660 661 662 663 664 665 666 667 668 670 672 673 674 675 676 677 678 679 680 681 682 684 173 685 394 422 427 480 

465

34 573 574 575 576 577 578 579 582 583 584 586 587 588 589 590 592 593 594 595 596 597 598 599 600 603 605 607 609 610 611 612 615 616 617 618 619 620 621 622 623 107 625 626 627 628 629 630 631 632 633 634 635 636 638 639 640 643 644 645 646 647 648 649 650 652 653 654 655 656 657 658 659 660 661 662 663 664 665 666 667 668 670 671 672 673 674 675 677 678 679 680 681 682 684 685 173 422 427 480 

475
107 
34 573 574 575 576 577 578 579 582 583 584 586 587 588 589 590 592 593 594 595 596 597 598 599 600 601 603 605 607 609 610 611 612 615 616 617 618 619 620 621 622 623 625 626 627 628 629 630 631 632 633 634 635 636 637 638 639 640 643 644 647 648 649 650 652 653 654 655 656 657 658 659 660 661 662 663 664 665 666 667 668 670 671 672 673 674 675 677 678 679 680 681 682 684 685 173 422 427 480 

480

573 574 575 576 577 578 579 582 583 584 586 587 588 589 590 592 594 595 596 597 598 599 600 601 603 605 607 609 610 611 612 614 615 616 617 618 619 620 621 622 623 107 625 626 627 628 629 630 631 632 633 635 636 637 638 639 640 641 643 644 646 647 648 649 650 651 653 654 655 656 657 658 659 660 661 662 663 664 665 666 667 668 670 671 672 673 674 675 677 678 679 680 681 682 684 685 400 414 423 428 

483
614 
34 556 558 573 574 575 576 577 578 579 582 583 584 586 587 588 589 590 592 593 594 595 597 598 599 600 603 605 607 609 611 612 615 616 617 618 619 620 621 622 623 625 626 627 628 629 630 631 632 633 634 635 636 638 640 643 644 646 647 648 649 650 652 653 654 655 656 657 658 659 660 661 662 663 664 665 666 667 668 670 672 673 674 675 676 677 678 679 680 681 682 684 685 173 394 423 427 428 480 

492

34 573 574 575 576 577 578 579 582 583 584 586 587 588 589 590 592 593 594 595 596 597 598 599 600 601 603 605 607 609 610 611 612 615 616 617 618 619 620 621 622 623 107 625 626 627 628 629 630 631 632 633 634 635 636 638 639 640 643 644 646 647 648 649 650 652 653 654 655 656 657 658 659 660 661 662 663 664 665 666 667 668 670 671 672 673 674 675 677 678 679 680 681 682 684 685 173 422 427 480 

496
427 414 
34 556 558 573 574 575 576 577 578 579 582 583 584 586 587 588 589 590 592 593 594 595 596 597 598 599 600 603 605 607 609 611 612 615 616 617 618 619 620 621 622 623 107 625 626 627 628 630 631 632 633 634 635 636 638 639 640 643 644 646 647 648 649 650 652 653 654 655 656 657 658 659 660 661 662 663 664 665 666 667 668 670 671 672 673 674 675 677 678 679 680 681 682 684 685 173 422 480 

500

34 558 573 574 575 576 577 578 579 582 583 584 586 587 588 589 590 592 593 594 595 596 597 598 599 600 603 605 607 609 610 611 612 615 616 617 618 619 620 621 622 623 625 626 627 628 629 630 631 632 633 634 635 636 638 639 640 643 644 646 647 648 649 650 652 653 654 655 656 657 658 659 660 661 662 663 664 665 666 667 668 670 671 672 673 674 675 677 678 679 680 681 682 684 173 685 422 427 434 480 

506

34 556 558 573 574 575 576 577 578 579 582 583 584 588 589 590 592 593 594 595 596 597 598 599 600 601 603 605 607 609 611 612 615 616 617 618 619 620 621 622 623 107 625 626 627 628 629 630 631 632 633 634 635 636 637 638 639 640 643 644 647 648 649 650 652 653 654 655 656 657 658 659 660 661 662 663 664 665 666 667 668 670 671 672 673 674 675 677 678 679 680 681 682 684 685 173 394 422 427 480 

513
374 
34 556 558 573 574 575 576 577 578 579 582 583 584 586 587 588 589 590 592 593 594 595 596 597 598 599 600 603 605 607 609 611 612 615 616 617 618 619 620 621 622 623 107 625 626 627 628 629 630 631 632 633 635 636 638 639 640 643 644 647 648 649 650 652 653 654 655 656 657 658 659 660 661 662 663 664 665 666 667 668 670 671 672 673 674 675 676 677 678 679 680 681 682 684 685 173 422 427 480 

514
414 
34 573 574 575 576 577 578 579 582 583 584 586 587 588 589 590 592 593 594 595 596 597 598 599 600 601 603 605 607 609 611 612 615 616 617 618 619 620 621 622 623 107 625 626 627 628 629 630 631 632 633 634 635 636 637 638 639 640 643 644 646 647 648 649 650 652 653 654 655 656 657 658 659 660 661 662 663 664 665 666 667 668 670 672 673 674 675 677 678 679 680 681 682 684 685 173 422 427 480 

515

34 556 573 574 575 576 577 578 579 582 583 584 586 587 588 589 590 592 593 594 595 596 597 598 599 600 601 603 604 605 607 609 610 611 612 615 616 617 618 619 621 622 623 625 626 627 628 629 630 631 632 633 634 635 636 638 639 640 643 644 646 647 648 649 650 652 653 655 656 657 658 659 660 661 662 663 664 665 666 667 668 670 671 672 673 674 675 676 677 678 679 680 681 682 684 685 173 422 427 480 

524
637 
34 558 573 574 575 576 577 578 579 582 583 584 586 587 588 589 592 593 594 595 596 597 598 599 600 601 603 605 607 609 611 612 615 616 617 618 619 620 621 622 623 107 625 626 627 628 629 630 631 632 633 634 635 636 638 639 640 641 643 644 647 648 649 650 652 653 654 655 656 657 658 659 660 661 662 663 664 665 666 667 668 670 671 672 673 674 675 677 678 679 680 681 682 684 685 173 422 427 480 

542
414 
34 563 573 574 575 576 577 578 579 582 583 584 586 587 588 589 590 592 593 594 595 596 597 598 599 600 601 603 605 607 609 611 612 615 616 617 618 619 620 621 622 623 107 625 626 627 628 629 630 631 632 633 634 635 636 637 638 639 640 643 644 647 648 649 650 653 654 655 657 658 659 660 661 662 663 664 665 666 667 668 670 671 672 673 674 675 676 677 678 679 680 681 682 684 685 173 422 427 480 

544

34 573 574 575 576 577 578 579 582 583 584 586 587 588 589 590 592 593 594 595 596 597 598 599 600 601 603 605 607 609 611 612 615 616 617 618 619 620 621 622 623 107 625 626 627 628 629 630 631 632 633 634 635 636 637 638 639 640 641 643 644 647 648 649 650 652 653 654 655 656 657 658 659 660 661 662 663 664 665 666 667 668 670 671 672 673 674 675 677 678 679 680 681 682 684 685 173 422 427 480 

553
644 
34 573 574 575 576 577 578 579 580 582 583 584 586 587 588 589 590 592 593 594 595 596 597 598 599 600 601 603 605 606 607 610 611 612 615 616 617 618 619 107 621 622 623 625 626 627 628 629 630 631 632 633 635 636 637 638 639 640 641 643 647 648 649 650 652 653 654 655 656 657 658 659 660 661 662 663 664 665 667 668 670 671 672 673 674 675 676 677 678 679 680 681 682 684 685 173 394 427 480 

556

34 573 574 575 576 577 578 579 582 583 584 586 587 588 589 590 592 593 594 595 596 597 598 599 600 601 603 605 607 609 610 611 612 615 616 617 618 619 620 621 622 623 107 625 626 627 628 629 630 631 632 633 634 635 636 637 638 639 640 641 643 644 647 648 649 650 653 654 655 656 657 658 659 660 661 662 663 664 665 666 667 668 670 671 672 674 675 677 678 679 680 681 682 684 685 173 422 427 480 496 

558

34 573 574 575 576 577 578 579 582 583 584 588 589 590 592 593 594 595 596 597 598 599 600 601 603 605 607 609 610 611 612 615 616 617 618 619 620 621 622 623 107 625 626 627 628 629 630 631 632 633 634 635 636 637 638 639 640 641 643 644 647 648 649 650 652 653 654 655 656 657 658 659 660 661 662 663 664 665 666 667 668 670 672 673 674 675 677 678 679 680 681 682 684 685 173 363 394 422 427 480 

559

34 573 574 575 576 577 578 579 582 583 584 586 587 588 589 590 592 593 594 595 596 597 598 599 600 601 603 605 607 609 610 611 612 615 616 617 618 619 620 621 622 623 107 625 626 627 628 629 630 631 632 633 634 635 636 638 639 640 641 643 644 647 648 649 650 652 653 654 655 656 657 658 659 660 661 662 663 664 665 666 667 668 670 671 672 673 674 675 677 678 679 680 681 682 684 685 173 422 427 480 

561

34 558 573 574 575 576 577 578 579 582 583 584 586 587 588 589 590 592 593 594 595 596 597 598 599 600 601 603 605 607 609 611 612 615 616 617 618 619 620 621 622 623 107 625 626 627 628 629 630 631 632 633 634 635 636 637 638 639 640 641 643 644 647 648 649 650 652 653 654 655 656 657 658 659 660 661 662 663 664 665 666 667 668 670 672 673 674 675 677 678 679 680 681 682 684 685 173 394 427 480 

563
594 427 
34 558 573 574 575 576 577 578 579 582 583 584 586 588 589 590 592 593 595 596 597 598 599 600 601 603 605 607 609 610 611 612 615 616 617 618 619 620 621 622 623 107 625 626 627 628 629 630 631 632 633 635 636 637 638 639 640 641 643 644 646 647 648 649 650 653 654 655 656 657 658 659 660 661 662 663 664 665 666 667 668 670 671 672 674 675 677 678 679 680 681 682 684 685 173 363 394 422 

566

34 556 558 573 574 575 576 577 578 579 582 583 584 586 587 588 589 590 592 594 595 596 597 598 599 600 601 603 605 607 609 610 611 612 615 616 617 618 619 620 621 622 623 625 626 627 628 629 630 631 632 633 634 635 636 638 639 640 643 644 646 647 648 649 650 652 653 654 655 656 657 658 659 660 661 662 663 664 665 666 667 668 670 671 672 673 674 675 677 678 679 680 681 682 684 685 173 422 427 480 

567

34 556 558 573 574 575 576 577 578 579 582 583 584 586 588 589 592 593 594 595 596 597 598 599 600 601 603 605 607 609 611 612 615 616 617 618 619 620 621 622 623 107 625 626 627 628 629 630 631 632 633 634 635 636 637 638 639 640 641 643 644 647 648 649 650 652 653 654 655 656 657 658 659 660 661 662 663 664 665 666 667 668 670 672 673 674 675 676 677 678 679 680 681 682 684 173 685 422 427 480 

573

513 514 515 524 542 544 34 556 558 559 561 563 566 567 576 577 578 580 582 583 586 587 591 593 594 595 599 600 601 604 606 610 614 615 107 627 628 629 632 634 635 637 638 640 641 643 645 646 647 649 650 651 652 655 656 658 659 661 662 665 667 668 669 670 671 673 674 675 676 681 683 173 348 363 370 373 374 376 378 391 394 395 400 412 423 427 428 431 434 436 438 461 465 475 480 483 492 496 500 506 

574

513 514 515 524 542 544 34 553 556 558 559 561 563 566 567 576 577 578 580 582 583 586 587 590 591 593 594 595 599 600 601 604 606 607 610 614 615 107 627 628 632 633 634 635 638 640 641 643 645 646 647 648 649 650 651 652 656 658 659 661 662 664 665 666 667 668 669 670 671 673 675 676 681 173 348 363 370 373 374 376 378 391 394 400 412 423 427 428 431 434 436 438 461 465 475 480 492 496 500 506 

575

513 514 515 524 542 544 34 553 556 558 559 561 563 566 567 576 577 578 580 582 583 586 587 591 593 594 595 599 600 601 604 606 607 610 614 615 107 627 628 629 632 634 635 637 638 640 641 643 645 646 647 649 650 651 652 656 658 659 661 662 665 667 669 670 671 673 674 675 676 681 683 173 348 363 370 373 374 376 378 391 394 395 400 412 423 427 428 431 434 436 438 461 465 475 480 483 492 496 500 506 

576

515 524 542 544 553 556 559 561 566 567 573 574 575 579 584 586 588 589 590 591 592 593 596 597 598 601 603 604 605 606 609 610 611 612 614 616 617 618 619 620 621 622 623 625 626 629 630 631 633 636 637 639 641 644 646 648 651 653 654 655 656 657 663 664 666 669 671 672 673 676 677 678 679 680 682 683 684 685 348 363 370 374 376 378 394 395 400 412 422 428 431 434 436 461 475 480 483 492 500 506 

577

514 515 542 544 553 556 559 561 573 574 575 579 580 584 586 587 588 589 590 591 592 593 594 596 597 598 601 603 604 605 606 609 610 611 612 614 616 617 618 107 620 622 623 625 626 629 630 631 633 636 637 639 641 644 645 646 648 651 653 654 655 656 663 664 666 667 669 671 672 673 677 678 679 680 682 683 684 685 348 363 370 373 374 376 378 394 395 400 422 423 428 431 434 436 461 475 483 492 496 500 

578

514 515 542 544 34 553 556 559 566 567 573 574 575 579 580 584 586 588 589 590 591 592 593 596 597 598 601 603 604 605 606 609 610 611 612 614 616 617 618 619 620 621 622 623 107 625 626 629 630 631 633 636 637 639 641 644 648 649 651 652 653 654 655 656 663 664 666 669 671 672 673 677 678 679 680 682 683 684 685 348 363 370 374 376 378 394 395 400 412 422 427 428 434 461 465 475 480 483 492 496 

579

513 514 515 524 542 544 34 553 556 558 559 561 563 566 567 576 577 578 580 582 583 586 587 591 593 594 595 599 600 601 604 606 607 610 614 615 107 627 628 629 632 634 635 637 638 640 641 643 645 646 647 649 650 651 652 656 658 659 661 662 665 667 668 669 670 671 673 674 675 676 681 683 173 348 363 370 373 374 376 378 391 394 400 412 423 427 428 431 434 436 438 461 465 475 480 483 492 496 500 506 

580

34 556 558 573 574 575 576 577 578 579 582 583 584 586 587 588 589 590 592 593 594 595 596 597 598 599 600 603 605 607 609 610 611 612 615 616 617 618 619 620 621 622 623 625 626 627 628 630 631 632 633 634 635 636 638 639 640 643 644 645 646 647 648 649 650 652 653 654 655 657 658 659 660 661 662 663 664 665 666 667 668 670 671 672 673 674 675 676 677 678 679 680 681 682 684 685 173 422 427 480 

582

514 515 542 544 34 553 559 563 567 573 574 575 579 580 584 586 588 589 590 591 592 593 596 597 598 601 603 604 605 606 609 610 611 612 614 616 617 618 619 620 107 622 623 621 625 626 629 630 631 633 636 637 639 641 644 646 648 649 651 652 653 654 655 656 663 664 666 669 671 672 677 678 679 680 682 683 684 685 348 363 370 373 374 376 378 394 395 400 412 422 427 428 431 434 461 475 480 483 492 496 

583

513 514 515 542 553 559 561 567 573 574 575 579 580 584 586 588 589 590 591 592 593 596 597 598 601 603 604 605 606 609 610 611 612 616 617 618 619 620 621 622 623 107 625 626 629 630 631 633 636 637 639 641 644 645 646 648 651 653 654 655 656 657 663 664 666 669 671 672 673 677 678 679 680 682 683 684 685 363 370 374 376 378 394 395 400 412 422 423 428 431 434 436 438 461 475 483 492 496 500 506 

584
414 
513 514 515 524 542 544 34 553 556 558 559 561 563 566 567 576 577 578 580 582 583 586 587 590 591 593 594 595 599 600 601 604 606 607 614 615 107 626 627 628 629 632 634 635 638 640 641 643 645 646 647 648 649 650 651 652 656 658 659 661 662 665 667 668 669 670 673 674 675 676 681 683 173 348 363 370 373 374 376 378 391 394 400 412 423 427 428 431 434 436 438 461 465 475 480 492 496 500 506 

586

34 556 573 574 575 576 577 578 579 582 583 584 588 589 590 592 593 594 595 596 597 598 599 600 601 603 605 607 609 611 612 615 616 617 618 619 620 621 622 623 107 625 626 627 628 629 630 631 632 633 635 636 638 639 640 641 643 644 647 648 649 650 652 653 654 655 656 657 658 659 660 661 662 663 664 665 666 667 668 670 672 674 675 676 677 678 679 680 681 682 684 685 173 363 394 414 422 427 428 480 

587

34 573 574 575 576 577 578 579 582 583 584 588 589 590 592 593 594 595 596 597 598 599 600 601 603 605 607 609 611 612 615 616 617 618 619 620 621 622 623 107 625 626 627 628 629 630 631 632 633 635 636 637 638 639 640 641 643 644 647 648 649 650 652 653 654 655 656 657 658 659 660 661 662 663 664 665 666 667 668 670 671 672 674 675 676 677 678 679 680 681 682 684 685 173 394 414 422 427 428 480 

588

513 514 515 524 542 544 34 553 556 558 559 561 563 566 567 576 577 578 580 582 583 586 587 591 593 594 595 599 600 601 604 606 607 614 615 107 627 628 629 632 634 635 638 640 641 643 645 646 647 649 650 651 652 655 656 657 658 659 661 662 665 667 668 669 670 671 673 674 675 676 681 683 173 348 363 370 373 374 376 378 391 394 395 400 412 423 427 428 431 434 436 438 465 475 480 483 492 496 500 506 

589

513 514 515 524 542 544 34 553 556 558 559 561 563 566 567 576 577 578 580 582 583 586 587 591 593 594 595 599 600 601 604 606 610 614 615 107 627 628 629 632 634 635 637 638 640 641 643 645 646 647 649 650 651 652 656 657 658 659 661 662 665 667 668 669 670 671 673 675 676 681 683 173 348 363 370 373 374 376 378 391 394 395 400 412 423 427 428 431 434 436 438 461 465 475 480 483 492 496 500 506 

590
623 
513 515 34 553 556 558 561 563 566 574 576 577 578 582 583 584 586 587 593 594 595 596 598 599 600 601 604 607 611 614 615 616 618 107 620 621 622 626 627 628 629 630 631 632 634 635 637 638 639 640 641 643 645 647 649 650 652 655 656 657 658 659 660 661 662 663 665 667 668 670 671 672 673 674 675 676 678 679 681 682 173 348 363 376 391 394 400 412 422 423 427 428 431 434 438 480 492 496 506 

591

34 556 558 563 573 574 575 576 577 578 579 582 583 584 586 588 589 592 593 594 595 596 597 598 599 600 601 603 605 607 609 611 612 615 616 617 618 619 620 621 622 623 107 625 626 627 628 629 630 631 632 633 635 636 638 639 640 643 644 647 648 649 650 652 653 654 655 656 657 658 659 660 661 662 663 664 665 666 667 668 670 671 672 673 674 675 676 677 678 679 680 681 682 684 685 173 394 422 427 480 

592

513 514 515 524 542 544 34 553 556 558 559 561 563 566 567 576 577 578 580 582 583 586 587 591 593 594 595 599 600 601 604 606 610 614 615 107 627 628 629 632 634 635 637 638 640 641 643 645 646 647 649 650 651 652 656 657 658 659 661 662 665 667 668 669 670 671 673 674 675 676 681 683 173 348 363 370 373 374 376 378 391 394 400 412 423 427 428 431 434 436 438 461 465 475 480 483 492 496 500 506 

593

34 573 574 575 576 577 578 579 582 583 584 586 587 588 589 590 592 594 595 596 597 598 599 600 603 605 607 609 610 611 612 615 616 617 618 619 620 621 622 623 625 626 627 628 629 630 631 632 633 634 635 636 637 638 639 640 643 644 646 647 648 649 650 652 653 654 655 656 657 658 659 660 661 662 663 664 665 666 667 668 670 671 672 673 674 675 677 678 679 680 681 682 684 685 173 376 414 423 427 428 

594
563 
513 34 553 558 561 573 575 576 577 578 579 582 583 584 586 587 588 589 590 591 592 593 595 596 597 598 599 600 603 604 605 609 610 611 612 615 616 617 618 619 620 107 622 623 621 625 626 627 628 630 631 632 633 634 635 636 637 639 640 643 645 646 647 648 652 653 654 655 656 657 658 659 661 662 663 664 665 666 669 670 671 672 673 675 677 678 679 680 681 682 684 685 348 370 376 422 461 465 480 

595

513 514 515 542 544 34 553 556 559 561 566 567 573 574 579 580 584 586 588 589 590 591 592 593 594 596 597 598 601 603 604 605 609 610 611 612 614 616 617 618 619 620 621 622 623 107 625 626 629 630 631 633 636 637 639 641 644 646 648 651 652 653 654 655 656 663 664 666 669 671 672 673 677 678 679 680 682 683 684 685 348 363 370 374 376 378 394 395 400 412 422 427 428 434 436 461 475 480 483 496 

596
438 
513 514 515 524 542 544 34 553 556 558 559 561 563 566 567 576 577 578 580 582 583 586 587 590 591 593 594 595 599 600 601 606 607 610 614 615 107 627 628 629 632 633 634 635 638 640 641 643 645 646 647 648 649 650 651 652 656 658 659 661 662 664 665 667 668 669 670 673 674 675 676 681 683 173 348 363 370 373 374 376 378 391 394 400 412 423 427 428 431 434 436 461 465 475 480 492 496 500 506 

597

513 514 515 524 542 544 34 553 556 558 559 561 563 566 567 576 577 578 580 582 583 586 587 591 593 594 595 599 600 604 606 607 610 614 615 107 627 628 629 632 634 635 637 638 640 641 643 645 646 647 649 650 651 652 655 656 657 658 659 661 662 665 667 668 669 670 671 673 675 676 681 683 173 348 363 370 373 374 376 378 391 394 395 400 412 423 427 431 434 436 438 461 465 475 480 483 492 496 500 506 

598

513 514 515 524 542 544 34 553 556 558 559 561 563 566 567 576 577 578 580 582 583 586 587 591 593 594 595 599 600 601 604 606 607 610 614 615 107 627 628 632 634 635 637 638 640 641 643 645 646 647 649 650 651 652 656 658 659 661 662 665 667 668 669 670 671 673 674 675 676 681 683 173 348 363 370 373 374 376 378 391 394 395 400 412 423 427 428 431 434 436 438 461 465 475 480 483 492 496 500 506 

599

513 514 515 524 542 34 553 558 559 561 567 573 574 575 579 580 584 586 587 588 589 590 591 592 594 596 597 598 603 604 605 606 609 610 611 612 614 616 617 618 619 620 621 622 623 625 626 630 631 633 636 637 639 641 644 645 646 648 651 652 653 654 655 656 657 663 664 666 667 669 671 672 673 677 678 679 680 682 683 684 685 348 363 370 374 376 395 400 412 422 428 431 434 436 461 475 483 492 496 506 

600

514 515 542 34 556 559 563 566 567 573 574 575 579 580 584 586 588 589 590 591 592 594 596 597 598 601 603 604 605 606 609 610 611 612 614 616 617 618 619 620 107 622 623 621 625 626 629 630 631 633 636 637 639 641 644 646 648 649 651 652 653 654 655 656 663 664 666 667 669 671 672 673 677 678 679 680 682 683 684 685 348 363 370 373 374 376 378 395 400 412 422 428 431 434 461 480 483 492 496 500 

601
630 
34 556 558 563 573 574 575 576 577 578 579 582 583 584 586 587 588 589 590 592 593 594 595 596 597 598 599 600 603 604 605 607 610 611 612 615 616 617 618 619 620 621 622 623 625 626 627 628 631 632 633 634 635 636 638 639 640 643 646 647 648 649 650 652 653 654 655 657 658 659 660 661 662 663 664 665 666 667 668 670 671 672 673 674 675 676 677 678 679 680 681 682 684 685 173 374 427 434 480 

603

513 514 515 524 542 544 34 553 556 558 559 561 563 566 567 576 577 578 580 582 583 586 587 591 593 594 595 599 600 601 604 606 607 610 614 615 107 627 628 629 632 634 635 637 638 640 641 643 645 646 647 649 650 651 652 656 657 658 659 661 662 665 667 668 669 670 671 673 674 675 676 681 683 173 348 363 370 373 374 376 378 391 394 395 400 412 423 427 428 431 434 436 438 461 475 480 483 492 496 506 

604

515 34 556 573 574 575 576 577 578 579 582 583 584 586 588 589 590 592 593 594 595 597 598 599 600 601 603 605 607 609 610 611 612 615 616 617 618 619 620 621 622 623 107 625 626 627 628 629 630 631 632 633 634 635 636 638 639 640 641 643 644 647 648 649 650 652 653 654 655 656 657 658 659 660 661 662 663 664 665 666 667 668 670 672 673 674 675 677 678 679 680 681 682 684 685 173 348 394 427 480 

605

513 514 515 524 542 544 34 553 556 558 559 561 563 566 567 576 577 578 580 582 583 586 587 591 593 594 595 599 600 604 606 607 610 614 615 107 627 628 629 632 634 635 637 638 640 641 643 645 646 647 649 650 651 652 656 658 659 661 662 665 667 668 669 670 671 673 674 675 676 681 683 173 348 363 370 373 374 376 378 391 394 395 400 412 423 427 428 431 434 436 438 461 465 475 480 483 492 496 500 506 

606

34 556 573 574 575 576 577 578 579 582 583 584 587 588 589 590 592 593 594 595 596 597 598 599 600 601 603 605 607 609 611 612 615 616 617 618 619 620 621 622 623 107 625 626 627 628 629 630 631 632 633 634 635 636 637 638 639 640 643 644 647 648 649 650 652 653 654 655 656 657 658 659 660 661 662 663 664 665 666 667 668 670 672 673 674 675 676 677 678 679 680 681 682 684 173 685 394 422 427 480 

607

513 514 524 542 544 34 553 556 558 559 561 563 567 574 575 579 580 584 586 587 588 590 591 593 596 597 598 601 603 604 605 606 609 610 611 612 614 617 618 619 620 622 626 629 630 631 633 634 636 637 639 641 644 645 646 648 651 652 653 654 655 656 657 664 666 669 671 672 673 676 677 678 679 680 682 683 685 348 363 370 373 374 376 378 391 394 395 400 412 422 423 436 438 461 480 483 492 496 500 506 

609
598 414 
514 515 524 542 544 34 556 558 559 561 563 566 574 576 577 578 582 583 584 586 587 588 593 594 595 599 600 604 606 607 610 614 615 616 107 621 627 628 631 632 634 635 638 639 640 641 643 645 646 647 648 649 650 651 652 655 656 657 658 659 660 661 662 663 665 667 668 669 670 671 673 674 675 676 678 679 681 682 173 348 363 374 376 378 391 394 400 423 427 431 434 436 438 461 465 475 480 506 

610

34 556 558 573 574 575 576 577 578 579 582 583 584 588 589 590 592 593 594 595 596 597 598 599 600 601 603 605 607 609 611 612 615 616 617 618 619 620 621 622 623 107 625 626 627 628 629 630 631 632 633 635 636 638 639 640 641 643 644 647 648 649 650 652 653 654 655 656 657 658 659 660 661 662 663 664 665 666 667 668 670 671 672 673 674 675 677 678 679 680 681 682 684 685 173 394 414 422 427 480 

611

513 514 515 524 542 544 34 553 556 558 559 561 563 566 567 576 577 578 580 582 583 586 587 591 593 594 595 599 600 601 604 606 607 610 614 615 107 627 628 629 632 634 635 637 640 641 643 645 646 647 649 650 651 652 655 656 658 659 661 662 665 667 668 669 670 671 673 675 676 681 683 173 348 363 370 373 374 376 378 391 394 395 400 412 423 427 428 431 434 436 438 461 465 475 480 483 492 496 500 506 

612

513 514 515 524 542 544 34 553 556 558 559 561 563 566 576 577 578 580 582 583 586 587 591 593 594 595 599 600 601 604 606 607 610 614 615 107 627 628 629 632 634 635 637 638 640 641 643 645 646 647 649 650 651 652 655 656 657 658 659 661 662 665 667 668 669 670 671 673 674 675 676 681 173 348 363 370 373 374 376 378 391 394 400 412 423 427 428 431 434 436 438 461 465 475 480 483 492 496 500 506 

614
422 
34 563 573 574 575 576 577 578 579 582 583 584 588 589 590 592 593 594 595 596 597 598 599 600 601 603 605 607 609 610 611 612 615 616 617 618 619 620 621 622 623 107 625 626 627 628 629 630 631 632 633 634 635 636 638 639 640 641 643 644 646 647 648 649 650 652 653 654 655 656 657 658 659 660 661 662 663 664 665 666 667 668 670 671 672 673 674 675 677 678 679 680 681 682 684 685 173 427 480 

615

514 515 524 542 553 556 559 563 567 573 574 575 579 580 584 586 588 589 590 592 593 594 596 597 598 601 603 604 605 606 609 610 611 612 616 617 618 619 620 621 622 623 107 625 626 630 631 633 636 637 639 641 644 645 646 648 651 652 653 654 655 656 657 660 663 664 666 667 669 671 672 677 678 679 680 682 683 684 685 348 363 370 373 376 394 395 400 412 422 427 428 431 434 461 475 480 483 492 496 506 

616
657 
513 514 515 524 542 544 34 553 556 558 559 561 563 566 567 576 577 578 580 582 583 586 587 590 591 593 594 595 599 600 601 604 606 610 614 615 107 627 628 629 632 634 635 638 640 641 643 645 646 647 649 650 651 652 656 658 659 661 662 665 667 668 669 670 671 673 675 676 681 683 173 348 363 370 373 374 376 378 391 394 395 400 412 423 427 428 431 434 436 438 461 465 475 480 483 492 496 500 506 

617

513 514 524 542 544 34 553 556 558 559 561 563 566 567 574 576 577 578 580 582 583 586 587 591 593 594 595 599 600 601 604 606 607 610 614 615 107 627 628 632 634 635 637 638 640 641 643 645 646 647 649 650 651 652 656 658 659 660 661 662 665 667 668 669 670 671 673 674 675 676 679 681 683 173 348 363 370 373 374 376 378 391 394 400 412 423 427 428 431 434 436 438 465 475 480 483 492 496 500 506 

618
414 
513 514 515 524 542 544 34 556 558 559 561 563 566 567 576 577 578 580 582 583 586 587 591 593 594 595 599 600 601 604 606 607 610 614 615 107 627 628 629 632 634 635 638 640 641 643 645 646 647 649 650 651 652 656 658 659 661 662 665 667 668 669 670 671 673 674 675 676 681 683 173 348 363 370 373 374 376 378 391 394 395 400 412 423 427 428 431 434 436 438 461 465 475 480 483 492 496 500 506 

619

513 514 515 524 542 544 34 553 556 558 559 561 563 566 567 576 577 578 580 582 583 586 587 591 593 594 595 599 600 601 604 606 610 614 615 107 627 628 629 632 634 635 637 638 640 641 643 645 646 647 649 650 651 652 655 656 657 658 659 661 662 665 667 668 669 670 671 673 674 675 676 681 683 173 348 363 370 373 374 376 378 391 394 400 412 423 427 428 431 434 436 438 465 475 480 483 492 496 500 506 

620
414 
514 524 542 544 34 556 558 559 561 563 566 567 576 577 578 580 582 583 584 586 587 591 593 594 595 599 600 601 604 606 607 610 614 615 107 627 628 629 631 632 633 634 635 637 638 640 641 643 645 646 647 649 650 651 652 656 657 658 659 660 661 662 665 667 668 669 670 671 673 674 675 676 679 681 682 173 348 363 373 374 376 378 391 412 423 427 428 431 434 436 438 461 465 475 480 492 496 500 506 

621

513 514 515 524 542 544 34 553 556 558 559 561 563 566 567 576 577 578 580 582 583 586 587 590 591 593 594 595 599 600 601 604 606 610 614 615 107 627 628 629 632 634 635 637 640 641 643 645 646 647 649 650 651 652 656 657 658 659 661 662 665 666 667 668 669 670 671 673 675 676 681 683 173 348 363 370 373 374 376 378 391 394 400 412 423 427 428 431 434 436 438 461 465 475 480 483 492 496 500 506 

622
414 
513 514 515 524 542 544 34 553 556 558 559 561 563 566 567 576 577 578 580 582 583 586 587 591 593 594 595 599 600 601 604 606 607 610 614 615 107 627 628 629 632 634 635 638 640 641 643 645 646 647 649 650 651 652 656 657 658 659 661 662 665 667 668 669 670 671 673 675 676 681 683 173 348 363 370 373 374 376 378 391 394 400 412 423 427 428 431 434 436 438 461 465 475 480 483 492 496 500 506 

623

513 514 515 524 542 544 34 553 556 558 559 561 563 566 567 576 577 578 580 582 583 586 587 591 593 594 595 599 600 601 604 606 610 614 615 107 627 628 629 632 634 635 638 640 641 643 645 646 647 649 650 651 652 655 656 657 658 659 661 662 665 667 668 669 670 671 673 675 676 681 683 173 348 363 370 373 374 376 378 391 394 395 400 412 423 427 428 431 434 436 438 461 465 475 480 483 492 496 500 506 

625

513 514 515 524 542 544 34 553 556 558 559 561 563 566 567 576 577 578 580 582 583 586 587 591 593 594 595 599 600 601 604 606 607 610 614 615 107 627 628 629 632 634 635 637 638 640 641 643 645 646 647 649 650 651 652 656 658 659 661 662 665 667 668 669 670 671 673 675 676 681 683 173 348 363 370 373 374 376 378 391 394 395 400 412 423 427 428 431 434 436 438 461 465 475 480 483 492 496 500 506 

626

513 514 515 524 542 544 34 553 556 558 559 561 563 566 567 576 577 578 580 582 583 586 587 591 593 594 595 599 600 601 604 606 607 610 614 615 107 627 628 632 634 635 637 638 640 641 643 645 646 647 649 650 651 652 656 658 659 661 662 665 667 668 669 670 671 673 674 675 676 679 681 683 173 348 363 370 373 374 376 378 391 394 400 412 423 427 428 431 434 436 438 461 465 475 480 483 492 496 500 506 

627

514 515 524 542 34 559 563 567 573 574 575 579 580 584 586 588 589 590 591 592 593 594 596 597 598 601 603 604 605 606 609 610 611 612 614 616 617 618 619 620 107 622 623 621 625 626 629 630 631 633 636 637 639 641 644 646 648 649 651 652 653 654 655 656 663 664 666 667 669 671 672 673 677 678 679 680 682 683 684 685 348 363 370 374 391 394 395 400 412 422 427 428 431 434 436 475 480 483 492 496 

628

513 514 515 524 542 544 34 553 559 567 573 574 575 579 580 584 586 587 588 589 590 591 593 594 596 597 598 601 603 604 605 606 609 610 612 614 616 617 618 107 620 619 622 623 625 626 629 630 631 633 636 637 639 641 644 645 646 648 651 653 654 655 656 657 664 666 667 669 671 672 677 678 679 680 682 683 685 363 370 373 374 376 378 394 395 400 412 422 428 434 436 438 461 465 475 483 492 496 500 506 

629

34 556 563 567 573 574 575 576 577 578 579 582 583 584 586 587 588 589 590 592 593 594 595 596 597 598 599 600 603 605 607 610 611 612 615 616 617 618 619 620 621 622 623 625 626 627 628 631 632 633 634 635 636 638 639 640 643 646 647 648 650 652 653 654 655 657 658 659 660 661 662 663 664 665 666 667 668 669 670 671 672 673 674 675 676 677 678 679 680 681 682 684 685 173 348 423 427 461 480 506 

630
672 601 
513 514 515 524 542 544 34 553 556 558 559 561 563 566 567 576 577 578 580 582 583 586 587 590 591 593 594 595 599 600 604 606 607 610 614 615 107 627 628 632 633 634 635 638 640 643 645 646 647 649 650 651 652 656 658 659 661 662 665 667 668 669 670 671 673 674 675 676 681 683 173 348 363 370 373 374 376 378 391 394 400 412 423 427 428 431 434 436 438 461 465 475 480 483 492 496 500 506 

631
414 
513 514 515 524 542 544 34 553 556 558 559 561 563 566 567 576 577 578 580 582 583 586 587 590 591 593 594 595 599 600 601 604 606 607 610 614 615 107 627 628 632 634 635 638 640 641 643 645 646 647 649 650 651 652 656 658 659 661 662 665 667 668 669 670 671 673 674 675 676 681 683 173 348 363 370 373 374 376 378 391 394 400 412 423 427 428 431 434 436 438 461 465 475 480 483 492 496 500 506 

632

513 515 542 34 556 559 563 566 567 573 574 575 579 580 584 586 587 588 589 590 592 593 594 596 597 598 603 605 606 609 610 611 612 614 616 617 618 107 619 620 621 622 623 625 626 629 630 631 633 636 637 639 641 644 646 648 649 651 652 653 654 655 656 657 663 664 666 669 671 672 673 676 677 678 679 680 682 683 684 685 348 363 370 374 376 395 400 422 428 431 434 436 461 475 480 483 492 496 500 506 

633

513 514 515 542 34 553 556 558 559 561 563 566 574 576 577 578 580 582 583 584 586 587 593 594 595 596 599 600 601 604 607 610 614 615 107 627 628 629 632 634 635 637 638 639 640 641 643 645 646 647 649 650 651 652 655 656 657 658 659 660 661 662 665 667 668 669 670 671 673 674 675 676 681 683 173 348 363 376 378 391 394 395 400 412 422 423 427 428 431 434 436 438 465 475 480 483 492 496 500 506 

634

515 34 573 574 575 576 577 578 579 582 583 584 588 589 590 592 593 594 595 596 597 598 599 600 601 603 605 607 609 611 612 615 616 617 618 619 620 621 622 623 107 625 626 627 628 629 630 631 632 633 635 636 637 638 639 640 641 643 644 648 649 650 652 653 654 655 656 657 658 659 660 661 662 663 664 665 666 667 668 670 671 672 674 675 676 677 678 679 680 681 682 684 685 173 363 414 422 427 428 480 

635
436 
514 515 542 553 556 559 563 566 567 573 574 575 579 580 584 586 587 588 589 590 591 592 593 594 596 597 598 601 603 605 606 609 610 611 612 614 616 617 618 619 620 107 622 623 625 626 629 630 631 633 636 637 639 641 644 646 648 652 653 654 655 656 664 666 669 671 672 673 677 678 679 680 682 683 684 685 348 363 370 374 376 378 394 395 400 412 422 423 428 431 434 461 475 480 483 492 496 500 506 

636

513 514 515 524 542 544 34 553 556 558 559 561 563 566 567 576 577 578 580 582 583 586 587 591 593 594 595 599 600 604 606 607 610 614 615 107 627 628 629 632 634 635 637 638 640 641 643 645 646 647 649 650 651 652 656 658 659 661 662 665 667 668 669 670 671 673 674 675 676 681 683 173 348 363 370 373 374 376 378 391 394 395 400 412 423 427 428 431 434 436 438 461 465 475 480 483 492 496 500 506 

637

34 556 558 563 567 573 574 575 576 577 578 579 582 583 586 587 588 589 590 592 593 594 595 596 597 598 599 600 603 605 607 609 610 611 612 615 616 617 618 619 620 621 622 623 625 626 627 628 630 631 632 633 634 635 636 638 640 643 644 646 647 648 649 650 652 653 654 655 656 657 658 659 660 661 662 663 664 665 666 667 668 670 672 673 674 675 676 677 680 681 682 683 684 173 685 374 422 427 461 480 

638

513 515 524 542 34 553 558 559 563 567 573 574 579 580 584 586 587 588 589 590 591 593 596 597 598 601 603 604 605 609 610 612 614 616 617 618 107 620 619 622 623 625 626 629 630 631 633 634 636 637 639 641 644 645 646 647 648 651 652 653 654 655 656 664 666 669 672 677 678 679 680 682 684 173 685 348 363 370 373 374 376 378 391 394 395 400 422 423 427 428 436 438 461 475 480 483 492 496 500 506 

639

513 514 515 524 542 544 34 553 556 558 559 561 563 566 567 576 577 578 580 582 583 586 587 590 591 593 594 595 599 600 601 606 607 614 615 107 626 627 628 629 632 633 634 635 638 640 641 643 645 646 647 649 650 651 652 656 658 659 661 662 664 665 666 667 668 669 670 673 674 675 676 681 683 173 348 363 370 373 374 376 378 391 394 400 412 423 427 428 431 434 436 438 461 465 475 480 492 496 500 506 

640

514 515 542 544 553 556 559 563 566 567 573 574 575 579 580 584 586 588 589 590 591 592 593 596 597 598 601 603 605 606 609 610 611 612 614 616 617 618 619 620 621 622 623 107 625 626 629 630 631 633 636 637 639 641 644 648 649 652 653 654 655 656 663 664 666 669 671 672 673 677 678 679 680 682 683 684 685 348 363 370 373 374 376 378 394 395 400 412 422 428 431 434 436 461 475 480 483 492 496 500 

641
414 
34 556 558 573 574 575 576 577 578 579 582 583 584 586 587 588 589 590 592 593 594 595 596 597 598 599 600 603 605 607 609 610 611 612 615 616 617 618 619 620 621 622 623 625 626 627 628 631 632 633 634 635 636 638 639 640 643 644 645 647 648 649 650 652 653 654 655 656 657 658 659 660 661 662 663 664 665 666 667 668 670 671 672 673 674 675 676 677 678 679 680 681 682 684 685 173 422 427 480 

643

513 514 515 542 544 34 553 556 559 563 566 567 573 575 579 580 586 587 588 589 590 591 592 593 594 596 597 598 603 604 605 606 609 610 611 612 614 617 618 107 620 619 622 623 625 626 629 630 631 633 636 637 639 641 644 645 646 648 651 652 653 654 655 656 663 664 666 669 671 672 673 677 678 679 680 682 683 684 685 348 363 370 373 374 376 394 395 400 412 422 428 431 434 461 475 480 483 492 496 500 

644
553 
514 515 524 542 544 34 556 558 559 561 563 566 574 576 577 578 582 583 584 586 587 591 593 594 595 596 599 600 604 607 610 614 615 616 621 627 628 631 632 634 635 638 639 640 643 645 646 647 649 650 651 652 655 656 657 658 659 660 661 662 663 665 667 668 669 670 671 672 673 674 675 676 679 681 682 683 173 348 363 370 373 374 376 378 391 412 423 427 428 431 434 436 438 465 475 480 496 500 506 

645

34 556 573 574 575 576 577 578 579 582 583 584 588 589 590 592 593 594 595 596 597 598 599 600 601 603 605 607 609 611 612 615 616 617 618 619 620 621 622 623 107 625 626 627 628 629 630 631 632 633 635 636 638 639 640 641 643 644 647 648 649 650 652 653 654 655 656 657 658 659 660 661 662 663 664 665 666 667 668 670 672 673 674 675 676 677 678 679 680 681 682 684 685 173 363 394 414 422 427 480 

646

34 556 558 573 574 575 576 577 578 579 582 583 584 588 589 590 592 593 594 595 596 597 598 599 600 601 603 605 607 609 611 612 615 616 617 618 619 620 621 622 623 107 625 626 627 628 629 630 631 632 633 635 636 638 639 640 643 644 647 648 649 650 652 653 654 655 656 657 658 659 660 661 662 663 664 665 666 667 668 670 671 672 673 674 675 676 677 678 679 680 681 682 684 685 173 394 414 422 427 480 

647

514 515 524 542 544 34 553 556 559 567 573 574 575 579 580 584 588 589 590 592 593 596 597 598 601 603 604 605 606 609 610 611 612 614 616 617 618 107 620 621 622 623 619 625 626 629 630 631 633 636 637 639 641 644 648 649 651 652 653 654 655 656 657 663 664 666 669 671 672 673 676 677 679 680 682 683 684 685 348 363 370 374 391 394 395 400 412 422 427 428 431 434 461 465 475 480 483 492 496 506 

648

513 514 515 524 542 544 34 553 556 558 559 561 563 566 574 576 577 578 580 582 583 586 587 591 593 594 595 599 600 601 604 606 607 610 614 615 107 627 628 632 634 635 637 638 640 643 645 646 647 649 650 651 652 656 658 659 661 662 665 667 668 669 670 671 673 674 675 676 679 681 683 173 348 363 370 373 374 376 378 391 394 400 412 414 423 427 428 431 434 436 438 461 465 475 480 483 492 496 500 506 

649

553 556 558 561 573 574 575 576 577 578 579 582 583 584 587 588 589 590 592 593 595 596 597 598 599 600 603 604 605 606 609 610 611 612 614 616 617 618 619 620 621 622 623 625 626 627 628 630 631 632 633 634 635 636 639 640 643 644 645 646 647 648 650 652 653 654 655 657 658 659 660 661 662 663 664 665 666 670 671 672 673 675 677 678 679 680 681 682 684 685 370 373 391 412 423 431 438 461 492 506 

650

514 515 542 544 553 556 558 559 566 567 573 574 575 579 580 584 586 587 588 589 590 591 592 593 596 597 598 601 603 604 605 606 609 610 611 612 614 616 617 618 619 620 107 622 623 621 625 626 629 630 631 633 636 637 639 641 644 645 648 651 653 654 655 656 663 664 666 669 671 672 673 677 678 679 680 682 683 684 685 348 370 373 376 378 395 400 412 422 428 431 434 436 438 461 475 480 483 492 496 500 

651
634 
34 556 558 573 574 575 576 577 578 579 582 583 584 586 588 589 590 592 593 594 595 596 597 598 599 600 601 603 605 607 609 611 612 615 616 617 618 619 620 621 622 623 107 625 626 627 628 629 630 631 632 633 635 636 638 639 640 643 644 647 648 649 650 652 653 654 655 656 657 658 659 660 661 662 663 664 665 666 667 668 670 671 672 673 674 675 676 677 678 679 680 681 682 684 685 173 422 427 480 

652

34 573 574 575 576 577 578 579 582 583 584 586 587 588 589 590 592 593 594 595 596 597 598 599 600 601 603 604 605 607 609 610 611 612 615 616 617 618 619 620 621 622 623 107 625 626 627 628 629 630 631 632 633 635 636 638 639 640 641 643 644 647 648 649 650 653 654 655 656 657 658 659 660 661 662 663 664 665 666 667 668 669 670 671 672 674 675 676 677 678 679 680 681 682 684 685 173 414 422 427 

653

513 514 515 524 542 544 34 556 558 559 561 563 566 567 576 577 578 580 582 583 586 587 591 593 594 595 599 600 601 604 606 607 610 614 615 107 627 628 629 632 634 635 637 638 640 641 643 645 646 647 649 650 651 652 655 656 657 658 659 660 661 662 665 667 668 669 670 671 673 674 675 676 681 683 173 348 363 370 373 374 376 378 391 394 412 423 427 428 431 434 436 438 465 475 480 483 492 496 500 506 

654

513 514 524 542 544 34 553 556 558 559 561 563 566 567 576 577 578 580 582 583 586 587 591 593 594 595 599 600 601 604 606 607 610 614 615 107 627 628 629 632 634 635 637 638 640 641 643 645 646 647 649 650 651 652 655 656 658 659 660 661 662 665 667 668 669 670 671 673 674 675 676 681 173 348 363 370 373 374 376 378 391 394 400 412 423 427 428 431 434 436 438 461 465 475 480 483 492 496 500 506 

655
414 
513 514 515 524 542 544 34 556 558 559 561 563 566 567 573 576 577 578 580 582 583 586 587 588 590 591 594 595 599 600 606 607 610 614 615 619 623 627 628 632 633 634 635 637 638 640 643 644 645 646 647 649 650 651 652 656 658 659 661 662 665 666 667 668 669 670 671 673 674 675 676 681 683 173 685 348 363 370 373 374 376 378 391 394 400 412 423 427 428 431 434 436 438 461 465 475 492 496 506 

656

34 556 558 563 573 574 575 576 577 578 579 582 583 584 586 588 589 590 592 593 594 595 596 597 598 599 600 603 604 605 607 609 610 611 612 615 616 617 618 619 620 621 622 623 625 626 627 628 630 631 632 633 634 635 636 638 639 640 643 644 647 648 649 650 652 653 654 655 657 658 659 660 661 662 663 664 665 666 667 668 670 672 673 674 675 676 677 678 679 680 681 682 684 685 173 394 414 422 427 480 

657

513 514 515 524 542 544 34 553 556 558 559 561 563 566 567 576 577 580 582 583 586 587 588 590 591 593 594 595 599 600 604 606 607 610 614 615 107 619 622 623 627 628 632 633 634 635 637 641 643 644 645 646 647 649 650 651 652 656 658 659 661 662 665 667 669 670 671 673 675 676 681 683 173 348 363 370 373 374 376 378 391 394 400 412 423 427 428 431 434 436 438 461 465 475 480 483 492 496 500 506 

658

514 515 542 544 34 553 556 559 567 573 574 575 579 584 586 587 588 589 590 591 592 593 596 597 598 603 604 605 606 609 610 611 612 614 616 617 618 619 620 621 622 623 107 625 626 629 630 631 633 636 637 639 641 644 645 648 649 651 653 654 655 656 663 664 666 669 671 672 673 677 678 679 680 682 683 684 685 348 363 370 373 374 376 378 394 395 400 412 422 431 434 436 438 461 475 480 483 492 496 500 

659

514 515 542 544 553 556 559 563 567 573 574 575 579 580 584 586 588 589 590 592 593 594 596 597 598 601 603 604 605 606 609 610 611 612 616 617 618 619 620 621 622 623 107 625 626 629 630 631 633 636 637 639 641 644 646 648 649 651 652 653 654 655 656 657 660 663 664 666 667 669 671 672 673 677 678 679 680 682 683 684 685 348 363 370 374 376 394 395 412 422 427 428 431 436 461 475 480 483 492 500 

660

513 514 515 524 542 544 34 553 556 558 559 561 563 566 567 576 577 578 580 582 583 586 587 590 591 593 594 595 599 600 601 604 606 609 610 614 615 107 620 627 628 629 632 633 634 635 637 640 641 643 645 646 647 649 650 651 652 656 658 659 661 662 665 667 669 670 671 672 673 675 676 681 683 348 363 370 373 374 376 378 391 394 395 400 412 423 428 431 434 436 438 461 465 475 480 483 492 496 500 506 

661

514 515 524 542 544 553 556 559 563 567 573 574 575 579 580 584 586 588 589 590 591 592 593 594 596 597 598 601 603 604 605 606 609 610 611 612 614 616 617 618 619 620 107 622 623 621 625 626 629 630 631 633 636 637 639 641 644 646 648 651 652 653 654 655 656 664 666 669 671 672 673 677 678 679 680 682 683 684 685 348 363 370 373 374 376 378 394 395 400 412 422 431 434 436 461 465 475 483 492 496 

662

513 514 515 542 34 553 559 566 567 573 574 575 579 580 584 586 587 589 590 591 592 593 596 597 598 603 604 605 606 609 610 611 612 614 616 617 618 107 620 621 622 623 625 626 629 630 631 633 636 637 639 641 644 645 646 648 651 652 653 654 655 656 657 663 664 666 669 671 672 677 678 679 680 682 683 684 685 348 363 370 373 376 378 394 395 400 412 422 423 431 434 436 461 475 480 483 492 496 500 506 

663

513 514 515 524 542 544 34 553 556 558 559 561 563 566 567 576 577 578 580 582 583 586 587 590 591 594 595 599 600 601 604 606 610 614 615 107 627 628 629 632 634 635 637 638 640 641 643 645 646 647 649 650 651 652 656 658 659 661 662 665 666 667 668 669 670 671 673 674 675 676 681 683 173 348 363 370 373 374 376 378 391 394 400 412 423 427 428 431 434 436 438 461 465 475 480 483 492 496 500 506 

664

513 514 515 524 542 544 34 556 558 559 561 563 566 567 574 576 577 578 580 582 583 586 587 591 593 594 595 599 600 601 604 606 607 610 614 615 107 627 628 632 634 635 637 638 640 643 645 646 647 649 650 651 652 656 658 659 660 661 662 665 667 668 669 670 671 673 674 675 676 679 681 683 173 348 363 373 374 376 378 391 394 395 400 412 423 427 428 431 434 436 438 461 465 475 480 483 492 496 500 506 

665

514 515 524 542 544 553 556 559 573 574 575 579 580 584 586 588 589 590 591 592 594 596 597 598 603 604 605 606 609 610 611 612 614 617 618 619 620 621 622 623 625 626 629 630 631 633 636 637 639 641 644 645 646 648 651 652 653 654 655 656 657 663 664 666 667 669 671 672 673 677 678 679 680 682 683 684 685 348 363 370 373 374 376 378 394 395 400 412 422 428 431 434 436 461 475 483 492 496 500 506 

666
414 
513 515 34 556 561 563 566 567 574 576 577 578 580 582 583 584 586 587 593 594 595 596 597 599 600 601 603 604 606 607 611 614 615 616 107 621 622 623 626 627 628 629 632 634 635 637 638 639 640 641 643 645 646 647 648 649 650 651 652 655 656 657 658 659 660 661 662 663 665 667 668 670 671 673 674 675 676 678 679 681 682 683 684 173 348 363 374 376 378 394 423 427 428 431 434 436 480 496 506 

667

34 553 556 573 574 575 576 577 578 579 582 583 584 586 587 588 589 590 591 592 593 595 596 597 598 599 600 603 605 609 610 611 612 615 616 617 618 619 620 621 622 623 107 625 626 627 628 630 631 632 633 634 635 636 637 639 640 643 644 645 646 647 648 650 652 653 654 655 656 657 658 659 660 661 662 663 664 665 666 670 671 672 673 675 677 678 679 680 681 682 684 685 173 348 370 376 400 422 480 496 

668

513 524 542 34 553 558 559 563 567 573 574 579 580 584 586 587 588 589 590 591 592 593 596 597 598 601 603 605 606 609 610 611 612 614 616 617 618 619 620 107 622 621 623 625 626 629 630 631 633 634 636 637 639 641 644 645 646 648 651 652 653 654 655 657 663 664 666 669 672 673 676 677 678 679 680 682 683 684 685 348 363 370 373 374 376 378 394 395 400 412 422 423 428 431 438 461 480 492 496 506 

669

34 556 573 574 575 576 577 578 579 582 583 584 586 588 589 590 592 593 594 595 596 597 598 599 600 601 603 605 607 609 610 611 612 615 616 617 618 619 620 621 622 623 107 625 626 627 628 629 630 631 632 633 634 635 636 638 639 640 641 643 644 647 648 649 650 652 653 654 655 656 657 658 659 660 661 662 663 664 665 666 667 668 670 672 673 674 675 677 678 679 680 681 682 684 685 173 394 422 427 480 

670

515 524 542 544 553 559 566 567 573 574 575 579 580 584 586 587 588 589 590 591 592 593 596 597 598 601 603 604 605 606 609 610 611 612 614 616 617 618 107 620 621 622 623 619 625 626 629 630 631 633 636 637 639 641 644 646 648 651 652 653 654 655 656 657 663 664 666 669 671 672 673 677 678 679 680 682 683 684 685 348 363 370 374 376 378 394 395 400 412 422 428 431 434 436 461 475 483 492 496 500 

671

34 556 573 574 575 576 577 578 579 582 583 584 588 589 590 592 593 594 595 596 597 598 599 600 601 603 605 607 609 611 612 615 616 617 618 619 620 621 622 623 107 625 626 627 628 629 630 631 632 633 634 635 636 638 639 640 641 643 644 646 647 648 649 650 652 653 654 655 657 658 659 660 661 662 663 664 665 666 667 668 670 672 673 674 675 677 678 679 680 681 682 684 685 173 394 414 422 427 428 480 

672

513 514 524 542 544 34 553 556 558 559 561 563 566 567 576 577 578 580 582 583 586 587 591 593 594 595 599 600 601 604 606 607 610 614 615 107 627 628 629 632 634 635 637 638 640 641 643 645 646 647 649 650 651 652 656 658 659 660 661 662 665 667 668 669 670 671 673 674 675 676 681 683 173 348 363 370 373 374 376 378 391 394 400 412 423 427 428 431 434 436 438 461 465 475 480 483 492 496 500 506 

673

515 34 573 574 575 576 577 578 579 582 583 584 588 589 590 592 593 594 595 596 597 598 599 600 601 603 605 607 609 611 612 615 616 617 618 619 620 621 622 623 107 625 626 627 628 629 630 631 632 633 635 636 637 638 639 640 641 643 644 647 648 649 650 653 654 655 656 657 658 659 660 661 662 663 664 665 666 667 668 670 671 672 674 675 677 678 679 680 681 682 684 685 173 394 414 422 427 428 480 496 

674

513 514 515 524 542 544 34 553 556 558 559 561 563 567 573 579 580 584 586 587 588 590 591 593 596 598 601 603 604 605 606 609 610 612 614 617 618 107 620 619 626 629 630 631 633 634 637 639 641 644 645 646 648 651 652 653 654 655 656 664 666 669 671 672 673 676 678 679 680 682 683 685 348 363 370 373 374 376 378 391 394 395 400 412 422 423 428 431 434 436 438 461 465 475 480 483 492 496 500 506 

675

514 515 542 544 34 553 559 563 566 567 573 574 575 579 584 586 588 589 590 591 592 593 594 596 597 598 603 604 605 606 609 610 611 612 616 617 618 619 620 621 622 623 625 626 629 630 631 633 636 637 639 641 644 646 648 649 651 652 653 654 655 656 657 663 664 666 667 669 671 672 673 677 678 679 680 682 683 684 685 348 363 370 373 378 394 395 400 412 422 427 428 431 434 438 461 475 480 483 492 496 

676

34 573 574 575 576 577 578 579 582 583 584 586 587 588 589 590 592 593 594 595 596 597 598 599 600 601 603 605 607 609 610 611 612 615 616 617 618 619 620 621 622 623 107 625 626 627 628 629 630 631 632 633 634 635 636 638 639 640 643 644 646 647 648 649 650 652 653 654 655 656 657 658 659 660 661 662 663 664 665 666 667 668 670 672 673 674 675 677 678 679 680 681 682 684 685 173 395 422 427 480 

677
414 
513 514 515 524 542 544 34 553 556 558 559 561 563 566 567 576 577 578 580 582 583 586 587 591 593 594 595 599 600 601 604 607 610 614 615 107 627 628 629 632 634 635 637 638 640 641 643 645 646 647 649 650 651 652 656 658 659 661 662 665 667 668 669 670 671 673 675 676 681 683 173 348 363 370 373 374 376 378 391 394 395 400 412 423 427 428 431 434 436 438 461 465 475 480 483 492 496 500 506 

678

513 514 515 524 542 544 34 553 556 558 559 561 563 566 567 576 577 578 580 582 583 586 587 591 593 594 595 599 600 601 604 606 607 610 614 615 107 627 628 629 632 634 635 638 640 641 643 645 646 647 649 650 651 652 656 657 658 659 661 662 665 667 668 669 670 671 673 674 675 676 681 683 173 348 363 370 373 374 376 378 391 394 400 412 423 427 428 431 434 436 438 461 465 475 480 483 492 496 500 506 

679

513 514 515 524 542 544 34 553 556 558 561 563 566 567 576 577 578 580 582 583 586 587 590 591 593 594 595 599 600 601 604 606 607 609 610 614 615 107 626 627 628 629 632 634 635 638 640 641 643 645 646 647 648 649 650 651 652 656 658 659 661 662 664 665 667 668 669 670 673 674 675 676 681 683 173 348 363 370 373 374 376 378 391 394 400 412 423 427 428 431 434 436 438 461 465 475 480 496 500 506 

680
373 
513 514 515 524 542 544 34 553 556 558 559 561 563 566 567 576 577 578 580 582 583 586 587 591 593 594 595 599 600 601 604 606 607 610 614 615 107 627 628 629 632 634 635 637 638 640 641 643 645 646 647 649 650 651 652 656 658 659 660 661 662 665 667 668 669 670 671 673 674 675 676 681 683 173 348 363 374 376 378 391 394 395 400 412 423 427 428 431 434 436 438 465 475 480 483 492 496 500 506 

681

513 514 515 542 559 567 573 574 575 579 580 584 586 588 589 590 591 592 593 594 596 597 598 601 603 604 605 606 609 610 611 612 614 616 617 618 619 620 621 622 623 625 626 629 630 631 633 636 637 639 641 644 648 649 651 652 653 654 655 656 657 663 664 666 667 669 671 672 673 677 678 679 680 682 683 684 685 348 363 370 374 376 378 394 395 400 412 422 423 428 431 434 436 461 475 480 483 492 496 500 

682

513 514 515 524 542 544 34 553 556 558 559 561 563 566 567 576 577 578 580 582 583 586 587 590 591 593 594 595 599 600 601 604 606 607 609 610 614 615 107 620 627 628 632 634 635 638 640 641 643 645 646 647 649 650 651 652 656 658 659 661 662 665 667 668 669 670 673 674 675 676 681 683 173 348 363 370 373 374 376 378 391 394 400 412 423 427 428 431 434 436 438 461 465 475 480 483 492 496 500 506 

683

34 573 574 575 576 577 578 579 582 583 584 586 587 588 589 590 592 593 594 595 596 597 598 599 600 601 603 605 607 609 610 611 612 615 616 617 618 619 620 621 622 623 107 625 626 627 628 629 630 631 632 633 634 635 636 637 638 639 640 641 643 644 647 648 649 650 652 653 655 656 657 658 659 660 661 662 663 664 665 666 667 668 670 671 672 673 674 675 677 678 679 680 681 682 684 685 173 422 427 480 

684

513 514 515 524 542 544 34 553 556 558 559 561 563 566 567 576 577 578 580 582 583 586 587 591 593 594 595 599 600 601 604 606 610 614 615 107 627 628 629 632 634 635 637 638 640 641 643 645 646 647 649 650 651 652 656 657 658 659 661 662 665 667 668 669 670 671 673 675 676 681 683 173 348 363 370 373 374 376 378 391 394 395 400 412 423 427 428 431 434 436 438 461 465 475 480 483 492 496 500 506 

685
414 
513 514 515 524 542 544 34 553 556 558 559 561 563 566 567 576 577 578 580 582 583 586 587 591 593 594 595 599 600 601 604 606 607 610 614 615 107 627 628 629 632 634 635 638 640 641 643 645 646 647 649 650 651 652 655 656 658 659 661 662 665 667 668 669 670 671 673 674 675 676 681 683 173 348 363 370 373 374 376 378 391 394 400 412 423 427 428 431 434 436 438 465 475 480 483 492 496 500 506 

