34

556 573 574 575 576 577 578 579 581 582 583 584 586 588 589 590 592 593 594 595 596 597 598 599 600 602 603 605 607 609 610 611 612 615 616 617 618 619 620 621 622 623 625 626 627 628 629 630 631 632 633 634 635 636 637 638 639 640 642 643 644 645 647 648 650 652 653 654 655 656 657 658 659 660 661 662 663 664 665 666 667 668 670 671 672 673 674 675 677 678 679 680 681 682 683 684 685 395 414 422 

107

556 558 573 574 575 576 577 578 579 581 582 583 584 586 588 589 590 592 593 594 595 596 597 598 599 600 602 603 605 607 610 611 612 615 616 617 618 619 620 621 622 623 625 626 627 628 631 632 633 634 635 636 638 639 640 642 643 644 645 646 647 648 650 652 653 654 655 657 658 659 660 661 662 663 664 665 666 667 668 669 670 671 672 673 674 675 676 677 678 679 680 681 682 683 684 685 370 422 438 480 

173
414 
556 573 574 575 576 577 578 579 581 582 583 584 586 587 588 589 590 592 593 594 595 596 597 598 599 600 602 603 605 607 609 610 611 612 615 616 617 618 619 620 621 622 623 625 626 627 628 630 631 632 633 634 635 636 638 639 640 642 643 644 646 647 648 650 652 653 654 655 656 657 658 659 660 661 662 663 664 665 666 667 668 670 671 672 673 674 675 677 678 679 680 681 682 683 684 685 422 436 480 

348
107 422 414 
573 574 575 576 577 578 579 581 582 583 584 586 587 588 589 590 592 593 594 595 596 597 598 599 600 601 602 603 605 607 609 610 611 612 615 616 617 618 619 620 621 622 623 625 626 627 628 629 630 631 632 633 634 635 636 637 638 639 640 642 643 644 646 647 648 650 652 653 654 655 656 657 658 659 660 661 662 663 664 665 666 667 668 670 671 672 673 674 675 677 678 679 680 681 682 684 685 

363

34 573 574 575 576 577 578 579 581 582 583 584 586 588 589 590 592 593 594 595 596 597 598 599 600 601 602 603 605 607 609 610 611 612 615 616 617 618 619 620 621 622 623 625 626 627 628 629 630 631 632 633 634 635 636 638 639 640 642 643 644 646 647 648 649 650 652 653 654 655 657 658 659 660 661 662 663 664 665 666 667 668 670 671 672 673 674 675 677 678 679 680 681 682 684 685 173 422 427 480 

370
666 
34 573 574 575 576 577 578 579 581 582 583 584 588 589 590 592 593 594 595 596 597 598 599 600 601 602 603 605 607 609 610 611 612 615 616 617 618 619 620 621 622 623 107 625 626 627 628 629 630 631 632 633 634 635 636 637 638 639 640 642 643 644 647 648 649 650 652 653 654 655 656 657 658 659 660 661 662 663 664 665 667 668 670 671 672 673 674 675 677 678 679 680 681 682 684 685 173 422 427 

373
634 
34 573 574 575 576 577 578 579 581 582 583 584 586 588 589 592 593 594 595 596 597 598 599 600 601 602 603 605 607 609 610 611 612 615 616 617 618 619 620 621 622 623 107 625 626 627 628 629 630 631 632 633 635 636 638 639 640 642 643 644 647 648 649 650 652 653 654 655 657 658 659 660 661 662 663 664 665 666 667 668 670 671 672 673 674 675 676 677 678 679 681 682 684 685 173 394 422 427 480 

374

34 573 574 575 576 577 578 579 581 582 583 584 586 588 589 590 592 593 594 595 596 597 598 599 600 601 602 603 605 607 609 610 611 612 615 616 617 618 619 620 621 622 623 107 625 626 627 628 629 630 631 632 633 634 635 636 637 638 639 640 642 643 644 647 648 649 650 653 654 655 657 658 659 660 661 662 663 664 665 666 667 668 670 671 672 674 675 677 678 679 680 681 682 684 685 173 394 422 427 480 

376
610 107 414 394 
34 573 574 575 576 577 578 579 581 582 583 584 588 589 590 592 593 594 595 596 597 598 599 600 601 602 603 605 607 609 611 612 615 616 617 618 619 620 621 622 623 625 626 627 628 629 630 631 632 633 635 636 638 639 640 641 642 643 644 647 648 649 650 653 654 655 656 657 658 659 660 661 662 663 664 665 666 667 668 670 671 672 674 675 677 678 679 680 681 682 684 685 173 422 427 480 

378

34 573 574 575 576 577 578 579 581 582 583 584 586 588 589 590 592 593 594 595 596 597 598 599 600 601 602 603 605 607 609 610 611 612 615 616 617 618 619 620 621 622 623 625 626 627 628 629 630 631 632 633 634 635 636 638 639 640 642 643 644 647 648 649 650 652 653 654 655 656 657 658 659 660 661 662 663 664 665 666 667 668 670 671 672 673 674 675 677 678 679 680 681 682 684 685 173 422 427 480 

391

34 573 574 575 576 577 578 579 581 582 583 584 586 588 589 590 592 593 594 595 596 597 598 599 600 601 602 603 605 607 609 610 611 612 615 616 617 618 619 620 621 622 623 107 625 626 627 628 629 630 631 632 633 634 635 636 638 639 640 642 643 644 646 647 648 649 650 652 653 654 655 657 658 659 660 661 662 663 664 665 666 667 668 670 671 672 674 675 677 678 679 680 681 682 684 685 173 422 427 480 

394

558 573 574 575 576 577 578 579 581 582 583 584 586 587 588 589 590 592 593 594 595 596 597 598 599 600 602 603 605 607 609 610 611 612 615 616 617 618 619 621 622 623 625 626 627 628 630 631 632 633 634 635 636 638 639 640 642 643 644 646 647 648 649 650 652 653 654 655 656 657 658 659 660 661 662 663 664 665 666 667 668 669 670 671 672 673 674 675 677 678 679 680 681 682 684 685 173 422 427 480 

395
428 
34 558 563 573 575 576 577 578 579 581 582 583 584 586 587 588 589 590 592 593 594 595 596 597 598 599 600 602 603 605 607 609 610 611 612 615 616 617 618 619 107 621 622 623 625 626 627 628 631 632 633 634 635 636 638 639 640 642 643 644 646 647 648 649 650 652 653 654 655 656 657 658 659 660 661 662 663 664 665 666 667 668 670 671 672 673 674 675 677 679 680 681 682 684 685 173 427 480 496 

400

34 558 563 573 574 575 576 577 578 579 581 582 583 584 586 588 589 590 592 593 594 595 596 597 598 599 600 602 603 605 607 609 610 611 612 615 616 617 618 619 620 621 622 623 625 626 627 628 630 631 632 633 634 635 636 638 639 640 642 643 644 646 647 648 649 650 653 654 655 656 657 658 659 660 661 662 663 664 665 666 667 668 670 671 672 673 674 675 677 678 679 680 681 682 684 685 173 422 427 480 

412
593 
34 573 574 575 576 577 578 579 581 582 583 584 586 588 589 590 592 594 595 596 597 598 599 600 601 602 603 605 607 610 611 612 615 616 617 618 619 620 621 622 623 107 625 626 627 628 629 630 631 632 633 634 635 636 638 639 640 642 643 644 646 647 648 649 650 652 653 654 655 656 657 658 659 660 661 662 663 664 665 666 667 668 670 671 672 673 674 675 677 678 679 680 681 682 684 685 173 427 480 

414
514 649 660 542 678 553 683 428 173 558 427 574 578 590 597 348 611 612 614 615 620 621 632 626 627 500 631 376 633 506 
480 673 610 34 642 645 646 581 648 586 587 652 656 593 634 414 671 

422
620 685 653 348 636 
513 514 515 524 544 34 556 559 563 566 567 573 575 576 577 578 580 582 583 586 587 588 589 590 594 595 598 599 600 602 603 606 607 610 611 612 615 107 623 626 627 628 632 633 634 635 638 640 643 645 646 647 648 649 650 651 652 656 658 659 661 662 664 665 666 667 668 669 670 671 672 673 674 675 676 681 684 173 363 370 373 374 376 378 394 423 427 428 431 434 436 461 465 496 506 

423
637 
34 573 574 575 576 577 578 579 581 582 583 584 588 589 590 592 593 594 595 596 597 598 599 600 601 602 603 605 607 609 610 611 612 615 616 617 618 619 620 621 622 623 107 625 626 627 628 629 630 631 632 633 635 636 638 639 640 642 643 644 647 648 649 650 653 654 655 656 657 658 659 660 661 662 663 664 665 666 667 668 670 671 672 673 674 675 677 678 679 680 681 682 684 685 173 394 422 427 480 

427
414 
556 573 574 575 576 577 578 579 581 582 583 584 586 587 588 589 590 592 593 595 596 597 598 599 600 601 602 603 605 607 609 610 611 612 615 616 617 618 619 620 621 622 623 625 626 627 628 629 630 631 632 633 634 635 636 637 638 639 640 642 643 644 646 647 648 650 652 653 654 655 656 657 658 659 660 661 662 663 664 665 666 668 670 671 672 673 674 675 677 678 679 680 681 682 683 684 685 395 422 

428
641 34 601 667 414 
573 574 575 576 577 578 579 581 582 583 584 586 588 589 590 592 593 595 596 597 598 599 600 602 603 605 607 610 611 612 615 616 617 618 619 620 621 622 623 625 626 627 628 629 630 631 632 633 634 635 636 637 638 639 640 642 643 644 646 647 648 649 650 653 654 655 656 657 658 659 660 661 662 663 664 665 666 668 670 671 672 673 674 675 677 678 679 680 681 682 684 685 394 422 480 

431

34 573 574 575 576 577 578 579 581 582 583 584 586 588 589 590 592 593 594 595 596 597 598 599 600 601 602 603 605 607 609 610 611 612 615 616 617 618 619 620 621 622 623 107 625 626 627 628 629 630 631 632 633 634 635 636 638 639 640 642 643 644 647 648 649 650 652 653 654 655 656 657 658 659 660 661 662 663 664 665 666 667 668 670 671 672 674 675 677 678 679 680 681 682 684 685 173 422 427 480 

434

34 573 574 575 576 577 578 579 581 582 583 584 586 588 589 590 592 593 594 595 596 597 598 599 600 601 602 603 605 607 609 610 611 612 615 616 617 618 619 620 621 622 623 107 625 626 627 628 629 630 631 632 633 634 635 636 637 638 639 640 642 643 644 646 647 648 649 650 653 654 655 657 658 659 660 661 662 663 664 665 666 667 668 670 671 672 673 674 675 677 678 679 680 681 682 684 685 173 422 480 

436
652 646 604 
34 573 574 575 576 577 578 579 581 582 583 584 586 588 589 590 592 593 594 595 596 597 598 599 600 601 602 603 605 607 609 610 611 612 615 616 617 618 619 620 621 622 623 107 625 626 627 628 629 630 631 632 633 636 638 639 640 642 643 644 647 648 649 650 653 654 655 656 657 658 659 660 661 662 663 664 665 666 667 668 670 671 672 674 675 677 678 679 680 681 682 684 685 173 422 427 480 

438
634 
34 573 574 575 576 577 578 579 581 582 583 584 586 588 589 590 592 593 594 595 597 598 599 600 601 602 603 605 607 609 610 611 612 615 616 617 618 619 620 621 622 623 107 625 626 627 628 629 630 631 632 633 635 636 637 638 639 640 642 643 644 647 648 649 650 652 653 654 655 656 657 658 659 660 661 662 663 664 665 666 667 668 670 671 672 673 674 675 677 678 679 680 681 682 684 685 173 427 480 

461

34 563 573 574 575 576 577 578 579 581 582 583 584 586 588 589 592 593 594 595 596 597 598 599 600 601 602 603 605 607 609 610 611 612 615 616 617 618 619 620 621 622 623 107 625 626 627 628 629 630 631 632 633 635 636 637 638 639 640 642 643 644 647 648 649 650 654 655 656 657 658 659 660 661 662 663 664 665 666 667 668 670 671 672 673 674 675 677 678 679 680 681 682 684 685 173 394 422 427 480 

465

34 563 573 574 575 576 577 578 579 581 582 583 584 586 587 588 589 590 592 593 594 595 596 597 598 599 600 602 603 605 607 609 610 611 612 615 616 617 618 619 620 621 622 623 625 626 627 628 630 631 632 633 634 635 636 638 639 640 642 643 644 646 647 648 649 650 652 653 654 655 656 657 658 659 660 661 662 663 664 665 666 667 668 670 671 672 673 674 675 677 678 679 680 681 682 684 685 422 427 480 

475
563 
34 573 574 575 576 577 578 579 581 582 583 584 586 588 589 590 592 593 594 595 596 597 598 599 600 601 602 603 605 607 609 610 611 612 615 616 617 618 619 620 621 622 623 625 626 627 628 629 630 631 632 633 634 635 636 638 639 640 642 643 644 647 648 649 650 653 654 655 656 657 658 659 660 661 662 663 664 665 666 667 668 670 671 672 673 674 675 677 678 679 680 681 682 684 685 173 422 427 480 

480

573 574 575 576 577 578 579 581 582 583 584 588 589 590 592 595 596 597 598 599 600 602 603 605 607 609 610 611 612 614 615 616 617 618 619 620 621 622 623 107 625 626 627 628 629 630 631 632 633 635 636 637 638 639 640 642 643 644 647 648 649 650 652 653 654 655 656 657 658 659 660 661 662 663 664 665 666 667 668 669 670 671 672 674 675 677 678 679 680 681 682 683 684 685 173 363 414 428 436 461 

483
639 
34 558 573 574 575 576 577 578 579 581 582 583 584 586 587 588 589 590 592 593 594 595 597 598 599 600 602 603 605 607 609 610 611 612 615 616 617 618 619 620 621 622 623 625 626 627 628 630 631 632 633 634 635 636 638 640 642 643 644 645 646 647 648 649 650 652 653 654 655 656 657 658 659 660 661 662 663 664 665 666 667 668 670 672 673 674 675 676 677 678 679 680 681 682 684 685 173 427 480 

492

34 573 574 575 576 577 578 579 581 582 583 584 586 588 589 590 592 593 594 595 596 597 598 599 600 601 602 603 605 607 609 610 611 612 615 616 617 618 619 620 621 622 623 625 626 627 628 629 630 631 632 633 634 635 636 638 639 640 642 643 644 646 647 648 649 650 652 653 654 655 657 658 659 660 661 662 663 664 665 666 667 668 670 671 672 673 674 675 677 678 679 680 681 682 684 685 173 422 427 480 

496

556 573 574 575 576 577 578 579 581 582 583 584 586 588 589 590 592 593 594 595 596 597 598 599 600 601 602 603 605 607 609 610 611 612 615 616 617 618 619 620 621 622 623 625 626 627 628 629 630 631 632 633 634 635 636 638 639 640 642 643 644 646 647 648 649 650 653 654 655 657 658 659 660 661 662 663 664 665 666 667 668 670 671 672 673 674 675 676 677 678 679 680 681 682 684 685 394 395 422 480 

500
414 
34 573 574 575 576 577 578 579 581 582 583 584 586 588 589 590 592 593 594 595 596 597 598 599 600 602 603 605 607 609 610 611 612 615 616 617 618 619 620 621 622 623 625 626 627 628 630 631 632 633 634 635 636 638 639 640 642 643 644 646 647 648 649 650 652 653 654 655 656 657 658 659 660 661 662 663 664 665 666 667 668 670 671 672 673 674 675 677 678 679 680 681 682 684 685 173 422 427 480 

506
414 
34 573 574 575 576 577 578 579 581 582 583 584 586 588 589 590 592 593 594 595 596 597 598 599 600 601 602 603 605 607 609 611 612 615 616 617 618 619 620 621 622 623 107 625 626 627 628 629 630 631 632 633 635 636 637 638 639 640 642 643 644 647 648 649 650 652 653 654 655 656 657 658 659 660 661 662 663 664 665 666 667 668 670 672 673 674 675 677 678 679 680 681 682 684 685 173 422 427 480 

513

34 556 558 573 574 575 576 577 578 579 581 582 583 584 586 588 589 590 592 593 594 595 596 597 598 599 600 602 603 605 607 609 611 612 615 616 617 618 619 620 621 622 623 107 625 626 627 628 630 631 632 633 635 636 638 639 640 642 643 644 647 648 649 650 652 653 654 655 656 657 658 659 660 661 662 663 664 665 666 667 668 670 671 672 673 674 675 676 677 678 679 680 681 682 684 685 173 422 427 480 

514
414 
34 573 574 575 576 577 578 579 581 582 583 584 586 588 589 590 592 593 594 595 596 597 598 599 600 601 602 603 605 607 609 610 611 612 615 616 617 618 619 620 621 622 623 107 625 626 627 628 629 630 631 632 633 634 635 636 638 639 640 642 643 644 647 648 649 650 653 654 655 657 658 659 660 661 662 663 664 665 666 667 668 670 671 672 673 674 675 677 678 679 680 681 682 684 685 173 422 427 480 

515
637 
34 558 573 574 575 576 577 578 579 581 582 583 584 586 588 589 590 592 593 594 595 596 597 598 599 600 601 602 603 605 607 609 610 611 612 615 616 617 618 619 107 621 622 623 625 626 627 628 629 630 631 632 633 634 635 636 638 639 640 642 643 644 646 647 648 649 650 653 655 656 657 658 659 660 661 662 663 664 665 666 667 668 670 671 672 674 675 677 678 679 680 681 682 684 685 173 422 427 480 

524

34 573 574 575 576 577 578 579 581 582 583 584 586 588 589 592 593 594 595 596 597 598 599 600 601 602 603 605 607 609 610 611 612 615 616 617 618 619 620 621 622 623 107 625 626 627 628 629 630 631 632 633 634 635 636 638 639 640 642 643 644 647 648 649 650 652 653 654 655 656 657 658 659 660 661 662 663 664 665 666 667 668 670 671 672 673 674 675 677 678 679 680 681 682 684 685 173 422 427 480 

542
414 
34 563 573 574 575 576 577 578 579 581 582 583 584 586 588 589 590 592 593 594 595 596 597 598 599 600 601 602 603 605 607 609 610 611 612 615 616 617 618 619 620 621 622 623 107 625 626 627 628 629 630 631 632 633 634 635 636 638 639 640 642 643 644 647 648 649 650 653 654 655 657 658 659 660 661 662 663 664 665 666 667 668 670 671 672 674 675 677 678 679 680 681 682 684 685 173 422 427 480 

544

34 573 574 575 576 577 578 579 581 582 583 584 586 588 589 590 592 593 594 595 596 597 598 599 600 601 602 603 605 607 609 611 612 615 616 617 618 619 620 621 622 623 107 625 626 627 628 629 630 631 632 633 634 635 636 637 638 639 640 642 643 644 647 648 649 650 652 653 654 655 657 658 659 660 661 662 663 664 665 666 667 668 670 671 672 673 674 675 677 678 679 680 681 682 684 685 173 422 427 480 

553
666 620 414 
34 563 573 574 575 576 577 578 579 581 582 583 584 588 589 590 592 593 594 595 596 597 598 599 600 601 602 603 605 607 610 611 612 615 616 617 618 619 107 621 622 623 625 626 627 628 629 630 631 632 633 635 636 637 638 639 640 642 643 647 648 649 650 652 653 654 655 656 657 658 659 660 661 662 663 664 665 667 668 670 671 672 673 674 675 677 678 679 680 681 682 684 685 173 394 427 480 

556

34 573 574 575 576 577 578 579 581 582 583 584 586 588 589 590 592 593 594 595 596 597 598 599 600 602 603 605 607 609 610 611 612 615 616 617 618 619 620 621 622 623 107 625 626 627 628 629 630 631 632 633 634 635 636 637 638 639 640 641 642 643 644 647 648 649 650 653 654 655 656 657 658 659 660 661 662 663 664 665 666 667 668 670 671 672 674 675 677 678 679 680 681 682 684 685 173 422 427 480 

558
414 
573 574 575 576 577 578 579 581 582 583 584 586 588 589 590 592 593 594 595 596 597 598 599 600 601 602 603 605 607 609 610 611 612 615 616 617 618 619 620 621 622 623 107 625 626 627 628 629 630 631 632 633 634 635 636 637 638 639 640 641 642 643 644 647 648 649 650 653 654 655 656 657 658 659 660 661 662 663 664 665 666 667 668 670 672 673 674 675 677 678 679 680 681 682 684 685 394 422 480 

559

34 573 574 575 576 577 578 579 581 582 583 584 586 588 589 590 592 593 594 595 596 597 598 599 600 601 602 603 605 607 609 610 611 612 615 616 617 618 619 620 621 622 623 107 625 626 627 628 629 630 631 632 633 634 635 636 638 639 640 642 643 644 646 647 648 649 650 653 654 655 657 658 659 660 661 662 663 664 665 666 667 668 670 671 672 673 674 675 677 678 679 680 681 682 684 685 173 422 427 480 

561

34 563 573 574 575 576 577 578 579 581 582 583 584 586 588 589 590 592 593 594 595 596 597 598 599 600 601 602 603 605 607 609 610 611 612 615 616 617 618 619 620 621 622 623 107 625 626 627 628 629 630 631 632 633 634 635 636 638 639 640 642 643 644 647 648 649 650 653 654 655 656 657 658 659 660 661 662 663 664 665 666 667 668 670 671 672 673 674 675 677 678 679 680 681 682 684 685 173 427 480 

563

558 561 573 574 575 576 577 578 579 581 582 583 584 588 589 590 592 593 595 596 597 598 599 600 601 602 603 605 607 609 610 611 612 615 616 617 618 619 620 621 622 623 107 625 626 627 628 629 630 631 632 633 635 636 637 638 639 640 641 642 643 644 647 648 649 650 652 653 654 655 656 657 658 659 660 661 662 663 664 665 666 667 668 670 671 672 674 675 677 678 679 680 681 682 684 685 394 395 422 461 

566
593 
34 558 573 574 575 576 577 578 579 581 582 583 584 586 588 589 590 592 594 595 596 597 598 599 600 601 602 603 605 607 609 610 611 612 615 616 617 618 619 620 621 622 623 625 626 627 628 629 630 631 632 633 634 635 636 638 639 640 642 643 644 646 647 648 649 650 653 654 655 657 658 659 660 661 662 663 664 665 666 667 668 670 671 672 673 674 675 677 678 679 680 681 682 684 685 173 422 427 480 

567
610 590 
34 573 574 575 576 577 578 579 581 582 583 584 588 589 592 593 594 595 596 597 598 599 600 601 602 603 605 607 609 611 612 615 616 617 618 619 620 621 622 623 107 625 626 627 628 629 630 631 632 633 634 635 636 637 638 639 640 642 643 644 647 648 649 650 652 653 654 655 657 658 659 660 661 662 663 664 665 666 667 668 670 671 672 673 674 675 677 678 679 680 681 682 684 685 173 422 427 480 

573

513 514 515 524 542 544 34 553 556 558 559 561 563 566 567 576 577 578 580 582 583 586 587 591 593 594 595 599 600 601 602 604 606 610 614 615 107 627 628 629 632 634 635 637 638 640 641 643 645 646 647 649 650 651 652 656 658 659 661 662 665 667 669 670 671 673 674 675 676 681 683 173 348 363 370 373 374 376 378 391 394 395 400 412 423 427 428 431 434 436 438 461 465 475 480 483 492 496 500 506 

574
414 
513 514 515 524 542 544 34 553 556 558 559 561 563 566 567 576 577 578 580 582 583 586 587 591 594 595 599 600 602 604 606 607 610 614 615 107 627 628 632 634 635 638 640 641 643 644 645 646 647 648 649 650 651 652 656 658 659 661 662 665 667 668 669 670 671 673 674 675 676 681 683 173 348 363 370 373 374 376 378 391 394 400 412 423 427 428 431 434 436 438 461 465 475 480 483 492 496 500 506 

575

513 514 515 524 542 544 34 553 556 558 559 561 563 566 567 576 577 578 580 582 583 586 587 591 593 594 595 599 600 601 604 606 607 610 614 615 107 627 628 629 632 634 635 637 638 640 641 643 645 646 647 649 650 651 652 656 658 659 661 662 665 667 668 669 670 671 673 674 675 676 681 683 173 348 363 370 374 376 378 391 394 395 400 412 422 423 427 428 431 434 436 438 465 475 480 483 492 496 500 506 

576

513 515 524 542 544 34 558 563 566 573 574 575 579 580 584 587 588 589 590 591 592 593 596 597 598 601 603 604 605 606 609 610 611 612 614 616 617 618 619 620 621 622 623 625 626 629 630 631 633 636 637 639 641 644 645 646 648 649 651 652 653 654 655 656 657 660 663 664 666 671 672 677 678 679 680 682 683 684 173 373 374 376 378 391 394 395 400 412 422 427 428 438 461 465 475 480 483 496 500 506 

577

513 515 524 542 544 34 553 558 559 563 573 574 575 579 580 584 587 588 589 590 591 592 593 596 597 601 603 604 605 606 609 611 612 614 616 617 618 107 620 621 622 623 619 625 626 629 630 631 633 636 637 639 641 644 645 646 648 649 652 653 654 656 663 664 666 669 671 672 673 676 677 678 679 680 682 683 685 173 348 373 374 376 378 391 394 395 400 412 422 427 428 438 461 465 475 480 483 492 496 500 

578

513 524 544 34 553 558 561 563 573 574 575 579 580 584 587 588 589 590 591 592 593 596 597 598 601 603 604 605 606 609 611 612 614 616 617 618 619 620 621 622 623 107 625 626 629 630 631 633 636 637 639 641 644 646 648 651 652 653 654 655 656 657 660 663 664 666 669 671 672 677 678 679 680 682 683 684 173 685 348 373 374 376 378 391 394 395 400 412 422 427 428 438 461 465 480 483 492 496 500 506 

579

513 514 515 524 542 544 34 553 556 558 559 561 563 566 567 576 577 578 580 582 583 586 587 591 593 594 595 599 600 601 602 604 606 607 610 614 615 107 627 628 629 632 634 635 637 638 640 641 643 645 646 647 649 650 651 652 656 658 659 661 662 665 667 668 669 670 671 673 674 675 676 681 683 173 348 363 370 374 376 378 391 394 400 412 423 427 428 431 434 436 438 461 465 475 480 483 492 496 500 506 

580

34 558 573 574 575 576 577 578 579 581 582 583 584 586 588 589 590 592 593 594 595 596 597 598 599 600 602 603 604 605 607 609 610 611 612 615 616 617 618 619 620 621 622 623 625 626 627 628 630 631 632 633 634 635 636 638 639 640 642 643 644 645 646 647 648 649 650 653 654 655 657 658 659 660 661 662 663 664 665 666 667 668 670 671 672 673 674 675 677 678 679 680 681 682 684 685 173 422 427 480 

581

513 514 515 524 542 544 34 553 556 558 559 561 563 566 567 576 580 586 587 590 591 593 594 596 601 602 604 606 607 610 614 107 626 628 629 633 634 635 637 638 639 641 644 645 646 647 648 649 650 651 652 655 656 657 661 662 664 665 667 668 669 670 671 673 674 676 679 682 683 173 348 363 370 373 374 376 378 391 394 395 400 412 414 422 423 427 428 431 434 436 438 461 465 475 480 483 492 496 500 506 

582

513 524 544 34 553 558 561 563 566 573 574 575 579 584 586 587 588 589 590 591 592 593 596 597 598 601 603 604 605 606 609 611 612 614 616 617 618 107 620 621 622 623 619 625 626 629 630 631 633 636 637 639 641 644 645 646 648 652 653 654 655 656 657 660 663 664 666 671 673 676 677 678 679 680 682 683 684 173 685 348 373 374 376 378 391 394 395 400 412 422 427 428 438 461 465 480 483 492 496 500 

583

513 514 524 544 34 553 563 566 573 574 575 579 580 584 586 587 588 589 590 591 592 593 596 597 598 601 603 604 605 606 609 611 612 614 616 617 618 619 620 621 107 623 622 625 626 629 630 631 633 636 637 639 641 644 645 646 648 651 652 653 654 655 656 657 660 663 664 666 673 676 677 678 679 680 682 683 684 685 173 348 370 373 374 376 378 391 394 395 400 422 427 431 434 438 461 465 475 480 483 500 

584

513 514 515 524 542 544 34 553 556 558 559 561 563 566 567 576 577 578 580 582 583 586 587 590 591 594 595 599 600 604 606 607 609 610 614 615 107 627 628 632 634 635 638 640 641 643 645 646 647 648 649 650 651 652 656 658 659 661 662 665 667 668 669 670 671 673 674 675 676 680 681 683 173 348 363 370 373 374 376 378 391 394 400 412 423 427 428 431 434 436 438 461 465 475 480 483 492 496 500 506 

586

34 556 573 574 575 576 577 578 579 581 582 583 584 588 589 590 592 593 594 595 596 597 598 599 600 601 602 603 605 607 609 610 611 612 615 616 617 618 619 620 621 622 623 107 625 626 627 628 629 630 631 632 633 635 636 637 638 639 640 642 643 644 647 648 649 650 653 654 655 656 657 658 659 660 661 662 663 664 665 666 667 668 670 671 672 674 675 677 678 679 680 681 682 684 685 173 394 414 422 427 

587

34 573 574 575 576 577 578 579 581 582 583 584 588 589 590 592 593 594 595 596 597 598 599 600 601 602 603 605 607 609 610 611 612 615 616 617 618 619 620 621 622 623 107 625 626 627 628 629 630 631 632 633 635 636 637 638 639 640 642 643 644 647 648 649 650 653 654 655 656 657 658 659 660 661 662 663 664 665 666 667 668 670 671 672 674 675 677 678 679 680 681 682 684 685 173 394 414 422 427 480 

588

513 514 515 524 542 544 34 553 556 558 559 561 563 566 567 576 577 578 580 582 583 586 587 591 593 594 595 599 600 601 604 606 607 610 614 615 107 627 628 632 634 635 637 638 640 641 643 645 646 647 649 650 651 652 656 658 659 661 662 665 667 668 669 670 671 673 674 675 676 681 683 173 348 363 370 373 374 376 378 391 394 395 400 412 423 427 428 431 434 436 438 461 465 475 480 483 492 496 500 506 

589

513 514 515 524 542 544 34 556 558 559 561 563 566 567 576 577 578 580 582 583 586 587 591 593 594 595 599 600 601 602 604 606 607 610 614 615 107 627 628 629 632 634 635 637 638 640 641 643 645 646 647 649 650 651 652 656 658 659 661 662 665 667 668 669 670 671 673 674 675 676 681 683 173 348 363 370 373 374 376 378 394 395 400 412 423 427 428 431 434 436 438 461 465 475 480 483 492 496 500 506 

590
414 567 
513 514 515 544 34 556 558 559 563 566 574 576 577 578 580 582 583 584 586 593 594 595 599 600 601 602 604 607 610 615 107 627 628 629 631 632 634 635 637 638 639 640 641 643 645 646 647 649 650 652 655 656 657 658 659 660 661 662 663 665 667 668 669 670 671 672 673 674 675 676 678 679 681 682 683 173 348 363 370 378 391 394 395 400 412 422 427 428 431 434 436 465 475 480 483 492 496 500 

591
637 
34 573 574 575 576 577 578 579 581 582 583 584 586 588 589 592 593 594 595 596 597 598 599 600 601 602 603 605 607 609 610 611 612 615 616 617 618 619 620 621 622 623 107 625 626 627 628 629 630 631 632 633 635 636 638 639 640 642 643 644 647 648 649 650 653 654 655 656 657 658 659 660 661 662 663 664 665 666 667 668 670 671 672 673 674 675 677 678 679 680 681 682 684 685 173 394 422 427 480 

592

513 514 515 524 542 544 34 553 556 558 559 561 563 566 567 576 577 578 580 582 583 586 587 591 593 594 595 599 600 602 604 606 607 610 614 615 107 627 628 632 634 635 637 638 640 641 643 645 646 647 649 650 651 652 656 658 659 661 662 665 667 668 669 670 671 673 674 675 676 681 683 173 348 363 370 373 374 376 378 391 394 395 400 412 423 427 428 431 434 436 438 461 465 475 480 483 492 496 500 506 

593

514 515 524 542 34 559 561 573 575 576 577 578 579 580 582 583 588 589 590 594 595 597 598 599 600 602 603 607 609 610 611 612 614 615 617 618 619 620 107 622 623 625 626 627 628 632 633 635 636 637 638 639 640 643 644 645 647 648 649 650 651 652 653 654 656 658 659 661 662 664 665 666 667 668 669 670 671 672 674 675 676 677 678 680 681 683 684 685 173 363 376 394 414 423 428 431 436 461 465 496 

594

514 515 524 553 559 561 573 574 575 576 577 578 579 582 583 584 586 587 588 589 590 592 595 596 597 598 599 600 601 603 605 609 611 612 615 616 617 618 619 620 621 622 623 625 626 628 629 630 631 632 633 634 635 636 637 639 640 641 643 644 646 647 648 649 652 653 654 655 656 657 658 659 660 661 663 664 666 670 672 675 676 677 678 679 680 681 682 683 684 685 363 376 394 395 400 436 438 465 483 496 

595

513 514 515 524 544 34 558 559 563 566 573 574 575 579 580 584 586 587 588 589 590 591 592 593 596 597 598 601 603 604 605 606 609 611 612 614 617 618 619 620 107 623 625 626 629 630 631 633 636 637 639 641 644 645 646 648 649 652 653 654 656 660 663 664 666 671 672 673 676 677 678 679 680 682 683 173 685 348 363 373 374 376 378 391 394 395 400 412 422 427 428 431 438 461 465 475 480 483 492 506 

596

513 514 515 524 542 544 34 553 556 558 559 561 563 566 567 576 577 578 580 582 583 586 587 591 594 595 599 600 601 602 606 607 610 614 615 107 626 627 628 629 632 633 634 635 637 638 640 641 643 644 645 646 647 649 650 651 652 656 658 659 661 662 665 667 668 669 670 671 673 674 675 676 681 683 173 348 363 370 373 374 376 378 391 394 400 412 423 427 428 431 434 436 461 465 475 480 492 496 500 506 

597

513 514 515 524 542 544 34 553 556 558 559 561 563 566 567 576 577 578 580 582 583 586 587 591 593 594 595 599 600 602 604 606 607 610 614 615 107 627 628 632 634 635 637 638 640 641 643 645 646 647 649 650 651 652 656 658 659 661 662 665 667 668 669 670 671 673 674 675 676 681 683 173 348 363 370 373 374 376 378 391 394 395 400 412 423 427 428 431 434 436 438 461 465 475 480 483 492 496 500 506 

598

513 514 515 524 542 544 34 553 556 558 559 561 563 566 567 576 577 578 580 582 583 586 587 591 593 594 595 599 600 601 604 606 607 610 614 615 107 627 628 629 632 634 635 637 638 640 643 645 646 647 649 650 651 652 656 658 659 661 662 665 667 668 669 670 671 673 674 675 676 681 683 173 348 363 370 373 374 376 378 391 394 395 400 412 423 427 428 431 434 436 438 461 465 475 480 483 492 496 500 506 

599

514 515 524 544 34 553 559 561 563 566 573 574 575 579 580 584 587 588 589 590 591 592 593 596 597 598 601 603 604 605 606 609 611 612 614 616 617 618 619 620 621 622 623 625 626 629 630 631 633 636 637 639 641 644 646 648 651 652 653 654 655 656 657 660 663 664 666 671 673 677 678 679 680 682 683 684 173 685 370 373 374 376 391 394 395 412 422 427 428 431 434 438 461 465 475 480 483 496 500 506 

600

513 514 515 524 544 34 558 559 561 563 566 567 573 574 575 579 584 587 588 589 590 591 592 593 594 596 597 598 601 603 604 605 606 609 611 612 614 616 617 618 619 620 621 622 623 625 626 629 630 631 633 636 637 639 641 644 645 648 651 652 653 654 656 660 663 664 666 667 671 676 677 678 679 680 682 683 684 173 685 363 373 374 378 391 394 395 400 412 422 427 428 431 438 461 465 475 483 492 500 506 

601
428 644 
34 563 573 574 575 576 577 578 579 581 582 583 584 586 587 588 589 590 592 593 594 595 596 597 598 599 600 602 603 605 607 610 611 612 615 616 617 618 619 620 621 622 623 625 626 627 628 631 632 633 634 635 636 638 639 640 642 643 645 646 647 648 650 652 653 654 655 656 657 658 659 660 661 662 663 664 665 666 667 668 670 671 672 673 674 675 677 678 679 680 681 682 684 685 370 427 434 480 

602

513 514 515 542 544 556 558 567 573 574 578 579 580 582 583 586 587 589 590 591 593 595 596 597 598 601 603 604 605 606 609 610 611 612 614 616 617 619 620 621 622 623 625 626 627 629 630 631 632 633 634 635 636 637 639 644 645 646 647 648 649 650 653 654 656 658 660 663 664 666 671 672 673 677 678 679 680 681 682 683 684 685 363 373 374 376 394 395 422 423 431 434 436 461 465 480 483 492 500 506 

603

513 514 515 542 544 34 553 556 558 559 561 563 566 567 576 577 578 580 582 583 586 587 591 593 594 595 599 600 601 602 604 606 607 610 614 615 107 627 628 629 632 634 635 637 638 640 641 643 645 646 647 649 650 651 652 656 658 659 661 662 665 667 668 669 670 671 673 674 675 676 681 683 173 348 363 370 374 376 378 391 394 395 400 412 423 427 428 431 434 436 438 461 465 475 480 483 492 496 500 506 

604
436 
34 573 574 575 576 577 578 579 581 582 583 584 586 588 589 590 592 593 594 595 597 598 599 600 601 602 603 605 607 609 610 611 612 615 616 617 618 619 620 621 622 623 107 625 626 627 628 629 630 631 632 633 634 635 636 638 639 640 642 643 644 647 648 649 650 652 653 654 655 656 657 658 659 660 661 662 663 664 665 666 667 668 670 672 673 674 675 677 678 679 680 681 682 684 685 173 394 427 480 

605

513 514 515 524 542 544 34 553 556 558 559 561 563 566 567 576 577 578 580 582 583 586 587 591 593 594 595 599 600 602 604 606 607 610 614 615 107 627 628 632 634 635 637 638 640 641 643 645 646 647 649 650 651 652 656 658 659 661 662 665 667 668 669 670 671 673 674 675 676 681 683 173 348 363 370 373 374 376 378 391 394 395 400 412 423 427 428 431 434 436 438 461 465 475 480 483 492 496 500 506 

606

34 563 573 574 575 576 577 578 579 581 582 583 584 588 589 590 592 593 594 595 596 597 598 599 600 601 602 603 605 607 609 610 611 612 615 616 617 618 619 620 621 622 623 107 625 626 627 628 629 630 631 632 633 634 635 636 638 639 640 642 643 644 647 648 649 650 653 654 655 656 657 658 659 660 661 662 663 664 665 666 667 668 670 672 673 674 675 677 678 679 680 681 682 684 685 173 394 422 427 480 

607

513 514 515 524 542 544 34 553 556 558 559 566 573 574 575 579 580 584 586 587 588 589 590 592 593 596 597 598 601 603 606 609 611 612 614 616 617 107 620 619 621 623 622 625 626 629 630 631 633 634 636 637 639 644 645 646 648 649 651 653 654 656 660 663 664 666 671 672 673 676 677 678 679 680 683 684 685 173 348 363 370 373 376 378 394 395 422 423 427 428 431 436 438 461 465 483 492 496 500 506 

609

514 515 542 544 34 556 558 559 561 563 566 567 574 576 577 578 580 582 583 584 586 587 588 591 593 594 595 599 600 602 606 607 610 614 615 616 621 627 628 631 632 634 635 637 638 639 640 643 645 646 647 649 650 651 652 655 656 657 658 659 660 661 662 663 665 667 668 669 670 671 673 674 675 676 679 681 682 683 173 348 363 370 373 374 376 378 391 394 395 423 427 431 434 436 438 475 480 492 496 506 

610

34 556 573 574 575 576 577 578 579 581 582 583 584 587 588 589 590 592 593 594 595 596 597 598 599 600 602 603 605 607 609 611 612 615 616 617 618 619 620 621 622 623 107 625 626 627 628 629 630 631 632 633 635 636 637 638 639 640 642 643 644 647 648 650 652 653 654 655 656 657 658 659 660 661 662 663 664 665 666 667 668 670 672 673 674 675 676 677 678 679 680 681 682 684 685 173 414 422 427 480 

611

513 514 515 524 542 544 34 553 556 558 559 561 563 566 567 576 577 578 580 582 583 586 587 591 593 594 595 599 600 601 604 606 607 610 614 615 107 627 628 629 632 634 635 637 638 640 641 643 645 646 647 649 650 651 652 656 658 659 661 662 665 667 668 669 670 671 673 674 675 676 681 683 173 348 363 370 374 376 378 391 394 395 400 412 423 427 428 431 434 436 438 461 465 475 480 483 492 496 500 506 

612
414 
513 514 515 542 544 34 553 556 558 559 561 563 566 567 576 577 578 580 582 583 586 587 591 593 594 595 599 600 601 602 604 606 607 610 614 615 107 627 628 632 634 635 638 640 641 643 645 646 647 649 650 651 652 656 658 659 661 662 665 667 668 669 670 671 673 674 675 676 679 681 683 173 348 363 370 374 376 378 391 394 395 400 412 423 427 428 431 434 436 438 461 465 475 480 483 492 496 500 506 

614
414 
34 573 574 575 576 577 578 579 581 582 583 584 586 588 589 590 592 593 594 595 596 597 598 599 600 601 602 603 605 607 609 610 611 612 615 616 617 618 619 620 621 622 623 107 625 626 627 628 629 630 631 632 633 634 635 636 638 639 640 642 643 644 647 648 649 650 652 653 654 655 656 657 658 659 660 661 662 663 664 665 666 667 668 670 671 672 674 675 677 678 679 680 681 682 684 685 173 427 480 

615

513 514 515 524 544 34 558 559 561 563 566 567 573 574 575 579 580 584 586 587 588 589 590 591 592 593 596 597 598 601 603 604 605 609 611 612 614 617 618 107 620 619 621 623 625 626 629 630 631 633 636 637 641 644 645 646 648 649 652 653 654 655 656 657 660 663 664 666 671 673 677 678 679 680 682 684 173 685 348 373 374 376 378 391 394 395 400 412 422 427 431 438 461 465 475 480 483 492 500 506 

616

513 514 515 524 542 544 34 553 556 558 559 561 563 566 567 576 577 578 580 582 583 586 587 591 593 594 595 599 600 601 602 604 606 607 610 614 615 107 627 628 629 632 634 635 637 638 640 641 643 645 646 647 649 650 651 652 656 658 659 661 662 665 667 668 669 670 671 673 675 676 681 683 173 348 363 370 373 374 376 378 391 394 400 412 423 427 428 431 434 436 438 461 465 475 480 483 492 496 500 506 

617

513 514 515 542 544 34 553 556 558 559 561 563 566 567 576 577 578 580 582 583 586 587 591 593 594 595 599 600 601 602 604 606 607 610 614 615 107 627 628 629 632 634 635 637 638 640 641 643 645 646 647 649 650 651 652 656 658 659 661 662 665 667 668 669 670 671 673 674 675 676 681 683 173 348 363 370 374 376 378 391 394 395 400 412 423 427 428 431 434 436 438 461 465 475 480 483 492 496 500 506 

618

513 514 515 524 542 544 34 553 556 558 559 561 563 566 567 576 577 578 580 582 583 586 587 591 593 594 595 599 600 604 606 607 610 614 615 107 627 628 629 632 634 635 638 640 641 643 645 646 647 648 649 650 651 652 656 658 659 661 662 665 667 668 669 670 671 673 674 675 676 681 683 173 348 363 370 373 374 376 378 391 394 395 400 412 423 427 428 431 434 436 438 461 465 475 480 483 492 496 500 506 

619

513 514 515 524 542 544 34 553 556 558 559 561 563 566 567 576 577 578 580 582 583 586 587 591 593 594 595 599 600 602 604 606 607 610 614 615 107 627 628 629 632 634 635 637 638 640 641 643 645 646 647 649 650 651 652 656 658 659 661 662 665 667 668 669 670 671 673 674 675 676 681 683 173 348 363 370 373 374 376 378 391 394 395 400 412 423 427 428 431 434 436 438 465 475 480 483 492 496 500 506 

620
553 414 
513 514 524 542 544 34 556 558 559 561 563 566 567 576 577 578 580 582 583 586 587 591 593 594 595 599 600 601 602 604 606 607 610 614 615 107 627 628 632 634 635 637 638 640 641 643 645 646 647 649 650 651 652 655 656 657 658 659 661 662 665 667 668 669 670 671 673 674 675 676 681 683 173 348 363 370 373 374 376 378 391 412 423 427 428 431 434 436 438 461 465 475 480 483 492 496 500 506 

621

513 514 515 524 542 544 34 553 556 558 559 561 563 566 567 576 577 578 580 582 583 586 587 591 594 595 599 600 601 602 604 606 607 610 614 615 107 627 628 629 632 634 635 637 638 640 641 643 645 646 647 649 650 651 652 656 658 659 661 662 665 667 668 669 670 671 673 674 675 676 681 683 173 348 363 370 373 374 376 378 391 394 400 412 423 427 428 431 434 436 438 461 465 475 480 483 492 496 500 506 

622

513 514 515 524 542 544 34 553 556 558 559 561 563 566 567 576 577 578 580 582 583 586 587 591 593 594 595 599 600 601 602 604 606 607 610 614 615 107 627 628 629 632 634 635 637 638 640 641 643 645 646 647 649 650 651 652 656 658 659 661 662 665 667 668 669 670 671 673 675 676 681 683 173 348 363 370 373 374 376 378 391 394 400 412 423 427 428 431 434 436 438 461 465 475 480 483 492 496 500 506 

623

513 514 515 524 542 544 34 553 556 558 559 561 563 566 567 576 577 578 580 582 583 586 587 591 593 594 595 599 600 602 604 606 607 610 614 615 107 627 628 629 632 634 635 637 638 640 641 643 645 646 647 649 650 651 652 656 658 659 661 662 665 667 668 669 670 671 673 675 676 681 683 173 348 363 370 373 374 376 378 391 394 395 400 412 423 427 428 431 434 436 438 461 465 475 480 483 492 496 500 506 

625

513 514 515 524 542 544 34 553 556 558 559 561 563 566 567 576 577 578 580 582 583 586 587 591 593 594 595 599 600 602 604 606 607 610 614 615 107 627 628 632 634 635 637 638 640 641 643 645 646 647 649 650 651 652 656 658 659 661 662 665 667 668 669 670 671 673 674 675 676 681 683 173 348 363 370 373 374 376 378 391 394 395 400 412 423 427 428 431 434 436 438 461 465 475 480 483 492 496 500 506 

626
414 
513 514 515 524 542 544 34 553 556 558 559 561 563 566 567 576 577 578 580 582 583 586 587 591 593 594 595 599 600 602 606 607 610 614 615 107 627 628 629 632 634 635 637 638 640 643 645 646 647 649 650 651 652 656 658 659 661 662 665 667 668 669 670 671 673 674 675 676 679 681 683 173 348 363 370 374 376 378 391 394 395 400 412 423 427 428 431 434 436 438 461 465 475 480 483 492 496 500 506 

627

524 542 34 553 556 558 559 561 563 566 573 574 575 579 580 584 588 589 590 591 592 593 596 597 598 601 603 604 605 606 609 611 612 614 616 617 618 619 620 621 622 623 625 626 629 630 631 633 636 637 639 641 644 646 648 649 651 652 653 654 655 656 657 660 663 664 666 673 676 677 678 679 680 682 683 684 173 685 348 370 373 374 378 391 394 395 400 412 422 427 428 431 438 461 465 475 480 483 492 500 

628

513 514 515 524 544 34 553 556 559 561 563 566 567 573 574 575 579 580 587 588 589 590 591 592 596 597 598 601 603 604 605 606 609 610 611 612 614 616 617 618 619 620 107 621 623 625 626 629 630 631 633 636 637 641 644 645 646 648 651 652 653 654 656 660 664 666 669 671 673 676 677 678 679 680 683 684 685 173 370 373 374 376 378 391 394 395 400 412 427 431 438 461 465 475 480 483 492 496 500 506 

629

34 556 558 563 573 574 575 576 577 578 579 581 582 583 584 586 588 589 590 592 593 594 595 596 597 598 599 600 602 603 605 607 610 611 612 615 616 617 618 619 620 621 622 623 625 626 627 628 631 632 633 634 635 636 638 639 640 642 643 644 646 647 648 650 653 654 655 657 658 659 660 661 662 663 664 665 666 667 668 670 671 672 673 674 675 677 678 679 680 681 682 683 684 685 348 370 427 428 461 480 

630
672 653 
513 514 515 524 542 544 34 553 556 558 559 561 563 566 567 576 577 578 580 582 583 586 587 590 591 593 594 595 599 600 602 604 606 607 610 614 615 627 628 632 633 634 635 638 639 640 643 645 646 647 649 650 651 652 656 658 659 661 662 665 667 668 669 670 671 673 674 675 676 681 683 173 348 363 370 373 374 376 378 391 394 412 423 427 428 431 434 436 438 461 465 475 480 483 492 496 500 506 

631
414 
513 514 515 524 542 544 34 553 556 558 559 561 563 566 567 576 577 578 580 582 583 586 587 590 591 594 595 599 600 602 603 604 606 607 609 610 614 615 107 627 628 632 634 635 638 640 641 643 645 646 647 648 649 650 651 652 656 658 659 661 662 665 667 668 669 670 671 673 674 675 676 681 683 173 348 363 370 373 374 376 378 391 394 400 412 423 427 428 431 434 436 438 461 465 475 492 496 500 506 

632

513 515 524 34 553 558 561 563 567 573 574 575 579 580 584 586 587 588 589 590 591 592 593 596 597 598 601 603 604 605 609 611 612 616 617 618 619 620 621 622 623 625 626 629 630 631 633 636 637 639 641 644 645 646 648 649 651 652 653 654 655 656 657 660 663 664 666 672 676 677 678 679 680 682 683 684 173 685 348 370 373 374 376 378 391 394 395 412 422 427 428 438 461 465 475 480 483 492 496 500 

633
414 
513 514 515 542 544 34 556 558 559 561 563 566 567 576 577 578 580 582 583 586 587 591 593 594 595 599 600 601 602 604 606 607 610 614 615 107 627 628 629 632 634 635 637 638 640 641 643 645 646 647 649 650 651 652 655 656 658 659 661 662 665 667 669 670 671 673 674 675 676 681 683 173 348 363 370 373 374 376 378 391 394 395 400 412 423 427 428 431 434 436 438 465 475 480 483 492 496 500 506 

634

34 573 574 575 576 577 578 579 580 581 582 583 584 588 589 590 592 593 594 595 596 597 598 599 600 601 602 603 605 607 609 611 612 615 616 617 618 619 620 621 622 623 107 625 626 627 628 629 630 631 632 633 635 636 637 638 639 640 642 643 644 648 649 650 653 654 655 656 657 658 659 660 661 662 663 664 665 666 667 668 670 671 672 673 674 675 677 678 679 680 681 682 684 685 173 394 414 422 427 480 

635

513 514 515 524 544 34 553 558 563 566 573 574 575 579 580 584 586 587 588 589 590 591 592 593 596 597 598 601 603 604 605 606 609 611 612 614 616 617 618 619 620 621 622 623 107 625 626 629 630 631 633 636 637 639 641 644 645 646 648 649 652 653 654 655 656 657 660 663 664 666 669 671 672 673 676 677 678 679 680 682 684 685 173 373 374 376 378 391 395 400 412 422 427 438 461 465 480 483 492 500 

636

513 514 515 524 542 544 34 553 556 558 559 561 563 566 567 576 577 578 580 582 583 586 587 591 593 594 595 599 600 602 604 606 607 610 614 615 107 627 628 632 634 635 637 638 640 641 643 645 646 647 649 650 651 652 656 658 659 661 662 665 667 668 669 670 671 673 674 675 676 681 683 173 348 363 370 373 374 376 378 391 394 395 400 412 423 427 428 431 434 436 438 461 465 475 480 483 492 496 500 506 

637
515 
34 553 556 558 563 573 574 575 576 577 578 579 581 582 583 586 587 588 589 590 592 593 594 595 596 597 598 599 600 602 603 605 607 609 610 611 612 615 616 617 618 619 620 621 622 623 625 626 627 628 632 633 634 635 636 638 640 642 643 644 646 647 648 649 650 652 653 654 655 657 658 659 660 661 662 663 664 665 666 667 668 670 671 672 673 674 675 677 680 681 684 685 173 348 422 427 428 461 480 

638

513 514 515 542 544 34 553 556 558 563 566 567 573 574 575 579 580 584 586 587 589 590 592 593 596 597 598 601 603 604 605 606 609 610 611 612 614 617 618 619 620 107 623 626 629 630 631 633 634 636 637 641 644 645 646 648 649 652 653 654 656 660 664 666 669 671 672 673 676 677 678 680 682 683 684 173 685 348 363 373 374 376 394 395 400 422 423 427 428 434 436 438 461 465 475 480 483 492 500 506 

639
483 
513 514 515 524 542 544 34 553 556 558 559 561 563 566 567 576 577 578 580 582 583 586 587 591 593 594 595 599 600 602 604 606 607 610 614 615 107 627 628 632 634 635 638 640 641 643 644 645 646 647 648 649 650 651 652 656 658 659 661 662 665 667 668 669 670 671 673 675 676 681 683 173 348 363 370 373 374 376 378 391 394 395 400 412 423 427 428 431 434 436 438 461 465 475 480 492 496 500 506 

640

513 514 515 524 542 544 34 553 558 559 563 566 573 574 575 579 580 584 587 589 590 591 592 593 596 597 601 603 604 605 606 609 611 612 616 617 618 619 620 621 622 623 107 625 626 629 630 631 633 636 637 639 641 644 646 648 649 652 653 654 656 657 660 663 664 666 671 673 676 677 678 679 680 682 683 684 173 685 348 370 373 374 376 378 391 394 395 400 412 422 427 428 438 461 465 475 480 496 500 506 

641

34 556 558 563 573 574 575 576 577 578 579 581 582 583 584 586 588 589 590 592 593 594 595 596 597 598 599 600 602 603 605 607 609 610 611 612 615 616 617 618 619 620 621 622 623 625 626 627 628 631 632 633 634 635 636 638 639 640 642 643 644 646 647 648 649 650 653 654 655 657 658 659 660 661 662 663 664 665 666 667 668 670 671 672 673 674 675 676 677 678 679 680 681 682 683 684 685 422 427 480 

642

513 514 515 524 542 544 34 553 556 558 559 561 563 566 567 576 580 586 587 590 591 593 594 596 601 602 604 606 607 610 614 107 626 628 629 630 633 634 635 637 638 639 641 644 645 646 647 648 649 650 651 652 655 656 657 661 662 664 667 668 669 671 673 674 676 679 680 682 683 173 348 363 370 373 374 376 378 391 394 395 400 412 414 422 423 427 428 431 434 436 438 461 465 475 480 483 492 496 500 506 

643

514 515 524 542 544 34 553 556 558 559 566 573 574 575 579 580 584 586 587 588 589 590 592 593 596 597 601 603 604 605 606 609 611 612 614 616 617 618 107 620 621 622 623 619 625 626 629 630 631 633 636 637 639 641 644 645 646 648 649 651 652 653 654 655 656 657 660 663 664 666 673 676 677 678 679 680 682 683 684 173 685 373 376 378 391 394 395 400 412 422 427 428 438 461 465 475 480 483 492 500 

644
601 
513 514 515 544 34 556 558 559 561 563 566 567 574 576 577 578 580 582 583 584 586 587 593 594 595 596 599 600 602 604 607 610 614 615 107 627 628 629 631 632 634 635 637 638 639 640 641 643 645 646 647 649 650 651 652 655 656 657 658 659 661 662 663 665 667 668 669 670 671 673 674 675 676 679 681 682 683 173 348 370 376 378 394 395 400 412 423 427 431 434 436 438 465 480 483 492 496 500 506 

645
671 
34 573 574 575 576 577 578 579 581 582 583 584 588 589 590 592 593 594 595 596 597 598 599 600 601 602 603 605 607 609 610 611 612 615 616 617 618 619 620 621 622 623 107 625 626 627 628 629 630 631 632 633 635 636 638 639 640 642 643 644 647 648 649 650 653 654 655 656 657 658 659 660 661 662 663 664 665 666 667 668 670 672 673 674 675 677 678 679 680 681 682 684 685 173 394 414 422 427 480 

646

34 573 574 575 576 577 578 579 581 582 583 584 588 589 590 592 593 594 595 596 597 598 599 600 601 602 603 605 607 609 610 611 612 615 616 617 618 619 620 621 622 623 107 625 626 627 628 629 630 631 632 633 635 636 638 639 640 642 643 644 647 648 649 650 653 654 655 656 657 658 659 660 661 662 663 664 665 666 667 668 670 671 672 673 674 675 677 678 679 680 681 682 684 685 173 394 414 422 427 480 

647

514 524 542 544 34 556 559 561 566 573 574 575 579 580 584 588 589 590 592 593 594 596 597 598 601 603 604 605 606 609 611 612 614 616 617 618 619 620 621 622 623 107 625 626 629 630 631 633 636 637 639 641 644 648 649 652 653 654 655 656 657 660 663 664 666 667 672 673 676 677 678 679 680 682 683 684 685 173 348 373 374 378 391 394 395 400 412 422 427 428 431 438 461 465 475 480 483 496 500 506 

648

513 514 515 524 542 544 34 553 556 558 559 561 563 566 567 576 577 578 580 582 583 586 587 591 593 594 595 599 600 602 604 606 607 610 614 615 107 627 628 632 634 635 637 638 640 641 643 645 646 647 649 650 651 652 656 658 659 661 662 665 667 669 670 671 673 674 675 676 679 681 683 173 348 363 370 373 374 376 378 394 395 400 412 414 423 427 428 431 434 436 438 461 465 475 480 483 492 496 500 506 

649
414 
556 561 573 574 575 576 577 578 579 581 582 583 584 586 587 588 589 590 592 593 594 595 596 597 598 599 600 602 603 605 607 609 611 612 614 615 616 617 618 619 620 621 622 623 625 626 627 628 630 631 632 633 634 635 636 638 639 640 642 643 644 647 648 650 651 653 654 655 656 657 658 659 660 661 662 663 664 665 666 667 668 670 671 672 673 674 675 677 678 679 680 681 682 683 684 685 422 436 480 

650

513 524 544 34 553 558 561 566 573 574 575 579 580 584 586 587 588 589 590 591 592 593 596 597 598 601 603 604 605 606 609 611 612 614 616 617 618 619 620 621 622 623 625 626 629 630 631 633 636 637 639 641 644 645 646 648 649 651 652 653 654 655 656 657 660 663 664 666 671 673 676 677 678 679 680 682 683 684 685 173 348 373 374 376 391 394 395 400 412 422 427 428 438 461 465 475 480 483 492 500 

651
634 
34 573 574 575 576 577 578 579 581 582 583 584 588 589 590 592 593 594 595 596 597 598 599 600 601 602 603 605 607 609 610 611 612 615 616 617 618 619 620 621 622 623 107 625 626 627 628 629 630 631 632 633 635 636 638 639 640 642 643 644 647 648 649 650 652 653 654 655 656 657 658 659 660 661 662 663 664 665 666 667 668 670 671 672 673 674 675 677 678 679 680 681 682 684 685 173 422 427 480 

652

34 563 573 574 575 576 577 578 579 581 582 583 584 588 589 590 592 593 594 595 596 597 598 599 600 601 602 603 605 607 609 610 611 612 615 616 617 618 619 620 621 622 623 107 625 626 627 628 630 631 632 633 635 636 638 639 640 642 643 644 647 648 649 650 653 654 655 657 658 659 660 661 662 663 664 665 666 667 668 670 671 672 674 675 677 678 679 680 681 682 683 684 685 173 348 394 414 422 427 480 

653

513 514 515 524 542 34 553 556 558 559 561 563 566 567 576 577 578 580 582 583 586 587 591 593 594 595 599 600 601 602 604 606 607 610 614 615 107 627 628 629 632 634 635 637 638 640 641 643 645 646 647 649 650 651 652 655 656 658 659 661 662 665 667 668 669 670 671 673 674 675 676 681 683 173 348 363 370 373 374 376 378 391 394 400 412 423 427 428 431 434 436 438 465 475 480 483 492 496 500 506 

654

513 514 524 542 544 34 553 556 558 559 561 563 566 567 576 577 578 580 582 583 586 587 591 593 594 595 599 600 601 602 604 606 607 610 614 615 107 627 628 629 632 634 635 637 638 640 641 643 645 646 647 649 650 651 652 656 658 659 661 662 665 667 668 669 670 671 673 674 675 676 681 173 348 363 370 373 374 376 378 391 394 395 400 412 423 427 428 431 434 436 438 461 465 475 480 483 492 496 500 506 

655

513 514 515 524 542 544 34 553 556 558 559 561 563 566 567 576 577 578 580 582 583 586 587 590 591 594 595 599 600 604 606 607 609 610 614 615 620 627 628 632 633 634 635 637 640 643 645 646 647 649 650 651 652 653 656 658 659 661 662 665 667 668 669 670 671 672 673 674 675 676 681 683 173 348 363 370 373 374 376 378 391 394 395 400 412 423 427 428 431 434 436 438 461 465 475 483 492 496 500 506 

656

34 558 573 574 575 576 577 578 579 581 582 583 584 586 588 589 590 592 593 594 595 596 597 598 599 600 602 603 605 607 609 610 611 612 615 616 617 618 619 620 621 622 623 625 626 627 628 630 631 632 633 634 635 636 638 639 640 642 643 644 646 647 648 649 650 653 654 655 657 658 659 660 661 662 663 664 665 666 667 668 670 671 672 674 675 676 677 678 679 680 681 682 684 685 173 414 422 427 428 480 

657

513 514 515 524 542 544 34 553 556 558 559 561 563 566 567 576 577 578 580 582 583 586 587 590 591 594 595 599 600 604 606 607 609 610 614 615 107 627 628 632 633 634 635 637 640 641 643 644 645 646 647 649 650 651 652 656 658 659 661 662 665 667 668 669 670 671 672 673 675 676 681 683 173 348 363 370 373 374 376 378 391 394 400 412 423 427 428 431 434 436 438 461 465 475 480 483 492 496 500 506 

658

513 514 524 544 34 558 559 563 573 574 575 579 580 584 586 587 588 589 590 591 592 593 594 596 597 598 601 603 604 605 606 609 610 611 612 614 616 617 618 107 620 621 619 623 622 625 626 629 630 631 633 636 637 639 641 644 645 646 648 649 651 652 653 654 656 660 663 664 666 671 672 677 678 679 680 683 684 173 685 348 373 376 378 391 394 395 400 422 427 428 431 438 461 465 475 480 483 492 496 500 

659

514 524 544 34 553 558 559 563 573 574 575 579 580 584 586 587 588 589 590 591 592 593 596 597 598 601 603 604 605 606 609 611 612 614 616 617 618 619 620 621 622 623 625 626 629 630 631 633 636 637 639 641 644 645 646 648 649 652 653 654 655 657 660 663 664 666 671 673 676 677 678 679 680 682 683 173 685 348 370 373 374 376 378 391 394 395 400 412 422 427 428 434 438 461 465 475 480 483 492 496 

660
414 
513 514 515 524 542 544 34 553 556 558 559 561 563 566 567 576 577 578 580 582 583 586 587 591 594 595 599 600 602 604 606 607 609 610 614 615 107 627 628 632 634 635 638 640 641 643 645 646 647 649 650 651 652 656 658 659 661 662 665 667 668 669 670 671 672 673 674 675 676 681 683 173 348 363 370 373 374 376 378 391 394 400 412 423 427 428 431 434 436 438 461 465 475 480 483 492 496 500 506 

661

514 515 524 542 544 34 558 559 563 566 573 574 575 579 580 584 586 587 588 589 590 591 592 593 594 596 597 598 601 603 604 605 606 609 611 612 614 616 617 618 619 620 621 107 623 622 625 626 629 630 631 633 636 637 639 641 644 645 646 648 649 652 653 654 655 656 657 660 663 664 666 671 672 677 678 679 680 682 683 684 173 685 370 373 376 378 391 395 412 422 427 428 434 438 465 480 483 492 496 500 

662

513 515 524 542 544 553 556 558 559 561 566 567 573 574 575 579 580 584 587 588 589 590 591 592 593 596 597 598 601 603 604 605 606 609 611 612 614 616 617 618 619 620 621 622 623 107 625 626 629 630 631 633 636 637 641 644 646 648 651 652 653 654 655 656 660 663 664 666 671 672 673 676 677 678 679 680 682 683 684 685 363 370 373 374 376 378 391 394 395 400 412 422 428 461 465 475 480 483 492 500 

663

513 514 515 524 542 544 34 553 556 558 559 561 563 566 567 576 577 578 580 582 583 586 587 591 594 595 599 600 602 604 606 607 610 614 615 107 627 628 629 632 634 635 637 638 640 641 643 644 645 646 647 648 649 650 651 652 656 658 659 661 662 665 667 668 669 670 671 673 674 675 676 681 683 173 348 363 370 373 374 376 378 391 394 400 412 423 427 428 431 434 436 438 461 465 475 483 492 496 500 506 

664

513 514 515 524 542 544 34 553 556 558 559 561 563 566 567 576 577 578 580 582 583 586 587 591 593 594 595 599 600 602 604 606 607 610 614 615 107 627 628 632 634 635 637 638 640 641 643 645 646 647 649 650 651 652 656 658 659 661 662 665 667 668 669 670 671 673 674 675 676 679 681 683 173 348 363 370 373 374 376 378 391 394 395 400 412 423 427 428 431 434 436 438 465 475 480 483 492 496 500 506 

665

514 515 524 542 544 553 559 561 563 566 573 574 575 579 580 584 586 587 588 589 590 591 592 593 596 597 598 601 603 604 605 606 609 611 612 614 616 617 618 619 620 621 107 623 625 626 629 630 631 633 636 637 639 641 644 645 646 648 651 652 653 654 655 656 657 660 663 664 666 671 673 676 677 678 679 680 682 683 684 685 348 373 374 376 378 391 394 395 400 412 422 427 438 461 465 475 480 483 492 500 

666
553 370 
513 514 515 524 542 544 34 556 558 559 561 563 566 567 576 577 578 580 582 583 586 587 591 593 594 595 599 600 601 602 604 606 607 610 614 615 107 627 628 632 634 635 637 638 640 641 643 645 646 647 649 650 651 652 656 658 659 661 662 665 667 668 669 670 671 673 674 675 676 681 683 173 348 363 373 374 376 378 391 394 400 412 423 427 428 431 434 436 438 461 465 475 480 483 492 496 500 506 

667

514 515 542 553 558 559 561 566 573 575 576 577 578 579 580 582 584 586 587 588 589 590 592 595 596 597 598 599 600 601 603 604 609 610 611 612 615 616 617 618 619 620 621 622 623 625 626 629 630 631 633 634 635 636 637 639 640 641 644 646 647 648 649 652 653 654 655 656 657 658 659 660 661 664 666 670 672 677 680 681 682 683 684 685 363 373 376 394 395 400 412 422 423 434 436 438 461 465 483 496 

668

513 514 515 524 542 544 34 553 556 558 559 561 563 566 567 574 575 579 580 586 587 588 589 590 591 592 593 596 597 598 601 603 604 606 609 612 614 617 619 620 621 623 626 629 630 631 634 636 637 639 641 644 645 646 649 652 654 655 656 657 660 663 664 666 671 673 676 677 679 680 682 683 685 173 348 363 370 373 374 376 394 395 400 412 422 423 427 428 431 434 436 438 461 465 475 480 483 492 496 500 

669

34 573 574 575 576 577 578 579 581 582 583 584 586 588 589 590 592 593 594 595 596 597 598 599 600 601 602 603 605 607 609 610 611 612 615 616 617 618 619 620 621 622 623 107 625 626 627 628 629 630 631 632 633 634 635 636 638 639 640 642 643 644 647 648 649 650 652 653 654 655 656 657 658 659 660 661 662 663 664 665 666 667 668 670 672 673 674 675 677 678 679 680 681 682 684 685 173 394 422 480 

670

513 524 34 558 563 567 573 574 575 579 580 584 587 588 589 590 591 592 593 596 597 598 601 603 604 605 606 609 611 612 614 616 617 618 619 620 621 622 623 107 625 626 629 630 631 633 636 637 639 641 644 645 646 648 649 652 653 654 655 656 657 660 663 664 666 671 672 673 676 677 678 679 680 682 683 684 173 685 348 370 373 374 376 378 391 394 395 422 427 428 431 438 461 465 475 480 483 496 500 506 

671

34 553 556 573 574 575 576 577 578 579 581 582 583 584 586 588 589 590 592 593 594 595 597 598 599 600 602 603 605 607 609 611 612 615 616 617 618 619 620 621 622 623 107 625 626 627 628 630 631 632 633 634 635 636 638 639 640 642 643 644 647 648 649 650 652 653 654 655 656 657 658 659 660 661 662 663 664 665 666 667 668 670 672 673 674 675 677 678 679 680 681 682 684 685 173 394 414 422 427 480 

672

513 514 524 542 544 34 553 556 558 559 561 563 566 567 576 577 578 580 582 583 586 587 591 593 594 595 599 600 601 602 604 606 607 610 614 615 107 627 628 629 632 634 635 637 638 640 641 643 645 646 647 649 650 651 652 655 656 657 658 659 661 662 665 667 669 670 671 673 675 676 681 683 173 348 363 370 373 374 376 378 391 394 400 412 422 423 427 428 431 434 436 438 465 475 480 483 492 496 500 506 

673

513 34 573 574 575 576 577 578 579 581 582 583 584 588 589 590 592 593 594 595 596 597 598 599 600 601 602 603 605 607 609 610 611 612 615 616 617 618 619 620 621 622 623 107 625 626 627 628 629 630 631 632 633 634 635 636 637 638 639 640 641 642 643 644 647 648 649 650 653 654 655 657 658 659 660 661 662 663 664 665 666 667 668 670 671 672 674 675 677 678 679 680 681 682 684 685 173 414 422 427 

674

513 514 524 542 544 34 553 556 558 559 563 566 573 574 575 579 584 586 587 588 589 590 592 593 596 597 598 601 603 604 605 609 610 611 612 614 617 618 107 620 619 621 625 626 630 631 633 634 636 637 644 645 646 648 649 652 653 654 655 656 660 663 664 666 672 673 676 677 678 679 680 682 683 173 685 348 370 373 374 376 378 394 395 400 412 422 423 427 428 434 436 438 461 465 475 480 483 492 500 506 

675

513 514 515 524 542 544 34 553 558 561 566 573 574 575 579 580 584 587 588 589 590 591 592 593 596 597 598 601 603 604 605 606 609 611 612 614 616 617 618 619 620 621 622 623 625 626 629 630 631 633 636 637 641 644 645 646 648 652 653 654 655 656 657 660 663 664 666 671 673 676 677 678 679 680 682 683 684 685 173 373 374 376 378 391 394 395 400 412 422 427 428 431 465 475 480 483 492 496 500 506 

676

34 573 574 575 576 577 578 579 581 582 583 584 586 588 589 590 592 593 594 595 596 597 598 599 600 601 602 603 605 607 609 610 611 612 615 616 617 618 619 620 621 622 623 107 625 626 627 628 629 630 631 632 633 634 635 636 638 639 640 641 642 643 644 647 648 649 650 653 654 655 656 657 658 659 660 661 662 663 664 665 666 667 668 670 671 672 674 675 677 678 679 680 681 682 684 685 173 422 427 480 

677

513 514 515 524 542 544 34 553 556 558 559 561 563 566 567 576 577 578 580 582 583 586 587 591 593 594 595 599 600 604 606 607 610 614 615 107 627 628 629 632 634 635 637 638 640 641 643 645 646 647 649 650 651 652 656 658 659 661 662 665 667 668 669 670 671 673 674 675 676 681 683 173 348 363 370 373 374 376 378 391 394 395 400 412 423 427 428 431 434 436 438 461 465 475 480 483 492 496 500 506 

678
414 
513 514 515 524 542 544 34 553 556 558 559 561 563 566 567 576 577 578 580 582 583 586 587 591 593 594 595 599 600 602 604 606 607 610 614 615 107 627 628 629 632 634 635 638 640 641 643 645 646 647 649 650 651 652 656 658 659 661 662 665 667 668 669 670 671 673 674 675 676 681 683 173 348 363 370 373 374 376 378 391 394 400 412 423 427 428 431 434 436 438 461 465 475 480 483 492 496 500 506 

679

513 514 515 524 542 544 34 553 556 558 559 561 563 566 567 576 577 578 580 582 583 586 587 590 591 594 595 599 600 603 604 606 607 609 610 614 615 107 626 627 628 632 634 635 638 640 643 645 646 647 648 649 650 651 652 656 658 659 661 662 664 665 667 668 669 670 671 673 674 675 676 681 683 173 348 363 370 373 374 376 378 391 394 400 412 423 427 428 431 434 436 438 461 465 475 480 492 496 500 506 

680

513 514 515 542 544 34 553 556 558 559 561 563 566 567 576 577 578 580 582 583 584 586 587 591 593 594 595 599 600 601 602 604 606 607 610 614 615 107 627 628 629 631 632 634 635 637 638 640 641 643 645 646 647 649 650 651 652 656 658 659 661 662 665 667 668 669 670 671 673 674 675 676 681 683 173 348 363 370 374 376 378 394 395 400 412 423 427 428 431 434 436 438 465 475 480 483 492 496 500 506 

681

513 515 524 544 34 558 559 561 563 566 573 574 575 579 580 584 587 588 589 590 591 592 593 596 597 598 601 603 604 605 606 609 611 612 614 616 617 618 619 620 621 622 623 107 625 626 629 630 631 633 636 637 639 641 644 645 648 652 653 654 656 657 663 664 666 669 671 672 673 676 677 678 679 680 682 684 173 685 348 370 373 374 376 391 394 395 400 412 422 427 428 438 465 475 480 483 492 496 500 506 

682

513 514 515 524 542 544 34 553 556 558 559 561 563 566 567 576 577 578 580 582 583 586 587 590 591 594 595 599 600 602 604 606 607 610 614 615 107 627 628 632 634 635 638 640 641 643 644 645 646 647 648 649 650 651 652 656 658 659 661 662 665 667 668 669 670 671 673 674 675 676 681 683 173 348 363 370 373 374 376 378 391 394 400 412 423 427 428 431 434 436 438 461 465 475 480 483 492 496 500 506 

683
414 
34 573 574 575 576 577 578 579 581 582 583 584 586 588 589 590 592 593 594 595 596 597 598 599 600 602 603 605 607 609 610 611 612 615 616 617 618 619 620 621 622 623 107 625 626 627 628 629 630 631 632 633 634 635 636 638 639 640 642 643 644 647 648 649 650 652 653 655 656 657 658 659 660 661 662 663 664 665 666 667 668 670 671 672 673 674 675 677 678 679 680 681 682 684 685 173 422 427 480 

684

513 514 515 524 542 544 34 553 556 558 559 561 563 566 567 576 577 578 580 582 583 586 587 591 593 594 595 599 600 601 602 604 606 607 610 614 615 107 627 628 629 632 634 635 637 638 640 641 643 645 646 647 649 650 651 652 656 658 659 661 662 665 667 669 670 671 673 675 676 681 683 173 348 363 370 373 374 376 378 391 394 395 400 412 423 427 428 431 434 436 438 461 465 475 480 483 492 496 500 506 

685

513 514 515 524 542 544 34 553 556 558 559 561 563 566 567 576 577 578 580 582 583 586 587 591 593 594 595 599 600 601 602 604 606 607 610 614 615 107 627 628 632 634 635 637 638 640 641 643 645 646 647 649 650 651 652 656 658 659 661 662 665 667 668 669 670 671 673 674 675 676 681 683 173 348 363 370 373 374 376 378 391 394 395 400 412 423 427 428 431 434 436 438 465 475 480 483 492 496 500 506 

