686 706 799 836 807 794 814 792 785 700 809 704 759 758 845 793 708 718 693 781 805 695 848 800 842 773 829 847 745 787 770 768 720 852 746 732 749 686
687 714 833 796 839 699 691 822 768 743 802 806 767 789 813 782 725 689 791 712 818 775 816 771 786 733 788 732 702 825 821 707 852 757 722 746 837 736 790 690 850 749 744 729 750 721 855 794 715 854 704 742 756 717 776 812 829 832 795 773 751 841 798 799 738 801 762 710 700 848 814 711 826 785 692 836 737 734 811 804 698 723 694 740 693 842 735 761 810 706 784 803 745 713 853 778 753 760 726 688 724
688 818 691 712 791 707 788 767 714 786 782 742 732 736 822 702 806 725 746 833 743 721 839 733 789 768 689 796 813 802 852 776 692 816 771 699 790 744 809 850 759 829 717 855 737 832 722 804 716 741 848 820 762 825 720 775 729 831 801 798 797 808 763 799 715 735 730 764 704 749 757 787 851 718 835 837 810 814 843 753 755 793 728 795 750 817 700 841 687 854 769 761 836 783 807 779 738 698 803 703 794
689 794 695 785 807 706 704 745 751 774 698 823 838 777 819 824 738 700 842 779 724 795 708 828 830 769 762 810 778 844 737 760 696 765 798 759 845 693 754 717 840 756 770 747 687 799 803 694 820 729 772 843 709 800 784 703 808 846 764 715 856 826 722 787 809 814 790 805 758 761 718 734 847 726 739 835 848 728 853 741 705 837 831 713 716 688 773 748 731 755 834 804 811 701 752 763 711 797 720 719 815
690 804 799 749 792 835 765 729 757 691 775 733 763 788 782 702 779 741 732 771 699 791 818 839 808 776 747 811 687 728 716 725 743 837 689 730 712 793 755 759 746 786 769 833 720 692 850 796 852 698 809 806 797 707 789 855 841 744 739 817 718 807 856 843 768 717 708 764 849 714 787 801 814 802 742 703 758 767 753 748 838 832 783 750 736 825 740 798 790 829 822 840 772 761 735 777 836 780 816 770 721
691 704 718 808 820 715 745 787 693 807 706 774 724 764 785 856 793 832 687 748 703 726 763 751 790 836 770 809 830 688 705 849 730 758 755 783 837 728 695 777 844 708 824 834 719 773 799 697 709 815 738 847 803 823 720 798 710 817 700 772 765 800 794 814 828 747 760 819 855 696 759 739 812 740 840 845 690 797 781 701 827 762 848 750 769 831 727 846 843 795 752 731 835 805 737 698 825 780 810 716 779
692 836 773 737 821 845 708 709 814 759 696 745 815 695 795 794 752 722 700 726 843 703 781 800 738 731 799 716 751 793 792 809 807 834 742 820 838 715 758 826 697 849 727 743 706 853 805 840 688 719 810 797 842 856 787 835 728 837 828 782 741 823 690 777 778 723 705 784 766 693 844 769 772 760 848 780 783 694 724 754 824 808 763 819 830 748 812 774 811 827 813 762 734 847 785 804 721 755 718 713 831
693 699 833 691 789 839 767 822 744 732 768 743 689 855 702 806 796 788 757 733 771 782 725 749 714 786 850 712 852 791 717 776 825 721 746 798 811 804 736 707 841 775 802 816 801 698 741 818 716 703 750 769 740 813 692 797 817 739 729 799 759 765 836 851 686 730 742 761 720 762 755 843 735 790 831 748 793 807 710 728 764 783 787 758 779 772 763 753 792 808 829 856 809 704 832 709 745 687 814 835 722
694 712 816 802 732 818 833 850 771 689 788 736 806 791 822 782 702 746 743 699 789 768 742 767 839 790 786 733 691 714 707 796 725 749 801 804 721 825 716 753 776 817 799 730 832 740 775 729 692 735 792 808 813 835 757 841 843 770 811 851 763 787 739 720 807 779 759 718 750 741 687 793 814 764 728 829 797 748 783 769 704 761 809 755 838 765 708 777 840 709 785 856 836 713 762 758 772 700 723 744 849
695 689 788 789 806 850 732 771 691 702 816 822 736 725 776 791 692 714 712 833 802 721 743 767 768 735 699 818 707 746 741 782 801 839 804 744 742 855 796 717 757 740 769 852 798 750 775 786 841 817 733 716 811 753 832 729 792 813 730 720 808 763 799 686 759 809 783 764 708 698 790 749 825 836 704 848 843 772 793 765 835 797 703 728 821 755 787 761 831 837 770 807 820 758 748 803 687 747 851 718 854
696 789 806 732 689 788 714 692 833 699 782 852 746 771 691 712 743 767 850 791 855 702 717 816 802 707 776 744 721 750 801 736 839 818 841 796 799 768 804 725 832 790 822 741 740 798 753 729 704 716 835 735 825 817 786 757 793 749 733 730 763 769 813 775 759 765 742 770 803 797 787 811 755 808 851 837 762 703 698 821 783 814 728 764 792 836 718 758 720 809 748 772 710 737 761 831 843 812 708 687 849
697 699 833 839 782 789 806 691 768 714 725 796 733 767 702 776 822 732 841 707 850 775 710 791 786 743 813 816 750 746 749 771 692 712 689 788 801 757 740 762 802 832 742 790 792 852 821 803 855 717 736 843 737 799 837 722 763 716 829 795 738 808 793 756 720 715 761 854 741 704 836 794 812 810 804 744 700 825 831 826 770 730 784 773 787 807 690 798 797 809 851 711 718 817 755 759 734 751 752 785 846
698 806 714 689 702 850 802 699 771 839 791 742 712 767 816 818 822 789 732 775 796 768 792 851 833 829 725 704 722 707 691 821 790 715 736 727 746 693 837 721 743 788 795 757 854 733 832 763 760 750 734 786 826 690 813 749 793 803 776 740 817 812 820 738 799 737 794 759 741 700 756 711 836 764 726 842 841 781 784 766 835 785 701 809 843 807 782 797 739 787 695 720 716 770 728 814 846 761 778 710 834
699 730 693 820 785 763 834 747 697 836 844 778 823 819 687 787 848 800 764 827 849 698 856 773 705 752 719 797 708 766 738 795 840 696 793 831 783 718 765 780 731 741 812 807 704 772 706 830 720 748 703 755 759 694 814 728 774 824 735 817 727 777 761 779 709 845 826 803 716 815 756 769 734 798 794 695 758 805 751 722 770 846 837 828 809 739 847 700 760 690 724 853 737 855 781 838 711 808 792 784 688
700 725 776 788 732 791 689 806 789 744 712 833 768 850 691 714 811 801 816 782 822 771 786 721 802 736 839 702 746 742 729 692 852 707 855 733 804 741 818 825 730 792 699 704 796 767 716 821 753 769 817 720 793 798 728 717 772 763 757 848 686 765 749 779 797 750 740 807 832 836 759 843 761 841 743 708 808 775 698 739 809 735 748 814 831 764 812 758 755 687 783 856 762 803 837 790 710 703 845 770 747
701 789 768 767 782 750 802 691 796 833 714 822 804 776 806 689 746 818 743 712 791 790 729 771 744 707 733 732 839 717 759 699 716 850 816 736 703 702 725 721 813 825 852 798 855 832 741 722 841 803 837 799 808 786 704 762 730 848 763 797 793 710 769 692 787 836 698 740 742 775 758 753 817 737 811 821 764 835 788 735 757 748 792 801 843 749 708 770 720 690 809 718 854 812 831 728 761 826 810 765 739
702 785 819 709 800 698 745 754 820 840 765 828 856 815 758 835 807 747 772 838 718 824 735 704 703 849 764 717 695 830 803 848 844 753 708 693 845 779 808 706 843 761 809 793 739 769 842 853 694 724 823 728 831 697 688 729 777 700 759 755 748 763 737 794 826 687 795 774 752 778 720 836 696 716 731 817 738 797 805 804 723 846 770 837 741 705 814 734 751 726 710 690 787 773 811 781 711 827 757 798 834
703 725 712 839 691 707 816 788 702 789 743 721 746 786 742 689 714 768 833 782 802 850 818 736 822 699 733 806 732 771 801 767 692 796 854 852 813 791 776 775 794 829 693 749 744 704 722 701 841 715 757 790 756 785 710 690 713 717 826 727 784 760 855 762 750 778 738 734 848 834 751 700 724 846 812 711 821 729 740 851 842 731 695 726 795 837 810 832 761 735 696 706 811 753 737 723 773 798 847 825 719
704 691 743 771 689 742 749 796 707 855 789 757 746 852 804 850 798 775 761 818 702 782 759 791 712 717 833 732 765 768 802 839 851 822 714 699 792 735 815 725 736 816 769 733 813 698 856 753 812 805 837 786 728 780 788 807 800 700 819 729 809 846 773 797 716 793 806 821 829 751 730 825 843 764 703 686 767 715 779 710 835 831 687 737 752 838 755 836 817 776 795 739 722 731 706 696 834 827 808 701 720
705 714 712 789 788 767 691 746 699 707 806 816 732 850 782 725 822 768 729 742 839 833 743 721 689 801 736 791 818 802 702 717 825 733 776 753 796 771 786 811 749 692 750 757 813 744 798 804 775 759 854 735 852 855 848 841 769 698 851 722 704 792 785 794 772 790 740 856 700 690 837 756 766 761 800 708 711 826 727 795 751 838 784 765 832 821 762 687 835 846 688 741 820 710 812 752 731 734 840 695 777
706 689 771 806 732 691 802 791 788 850 714 789 839 833 725 818 707 743 702 736 776 822 767 782 841 686 721 804 746 699 729 796 816 744 750 825 852 801 717 768 753 692 712 720 749 740 855 851 733 786 792 835 742 832 757 799 704 735 716 811 763 798 775 765 741 769 793 787 817 809 797 837 759 808 730 790 728 761 708 755 843 783 772 848 698 803 779 748 807 821 709 687 703 770 747 856 739 758 813 829 849
707 807 785 770 723 856 735 763 772 827 840 836 800 704 718 779 703 758 805 824 756 793 688 769 705 734 739 823 783 837 803 747 738 706 764 762 828 819 748 820 780 710 826 830 730 774 847 778 708 777 719 766 812 720 727 753 754 755 709 799 716 726 797 849 722 815 761 711 835 845 843 792 794 810 687 798 697 846 700 814 795 715 838 737 760 842 728 695 698 696 781 740 809 853 751 808 821 844 693 787 741
708 796 802 806 771 714 767 822 839 850 833 732 712 689 791 692 816 742 782 691 789 746 818 699 702 788 707 743 725 736 733 813 854 757 768 751 722 786 749 737 775 721 801 841 852 740 829 717 711 792 710 790 686 690 776 831 700 744 821 738 837 855 713 704 778 794 851 795 826 770 695 750 848 773 817 756 777 759 812 706 820 727 726 785 799 825 843 842 701 724 832 804 741 762 834 754 766 715 693 807 734
709 806 789 702 850 725 732 768 791 788 822 796 692 712 691 839 714 767 689 733 771 707 782 699 786 833 816 746 802 762 801 736 750 841 813 743 763 852 818 821 742 710 776 854 829 716 855 804 717 836 720 740 810 832 775 770 790 783 741 798 817 722 757 759 797 773 737 734 820 704 792 795 751 785 749 711 729 814 721 761 718 756 693 794 803 846 812 831 842 719 760 700 715 726 706 837 730 808 690 735 755
710 721 746 712 759 743 850 691 714 742 753 707 802 816 736 799 818 791 768 729 782 725 822 789 786 767 851 788 733 697 835 716 702 806 817 728 771 732 839 833 844 804 811 740 755 769 820 709 751 741 704 689 779 750 708 825 796 757 783 735 845 856 838 699 809 819 776 722 848 713 775 717 744 826 703 787 764 701 843 715 808 798 797 794 814 726 813 693 855 687 739 747 765 849 698 748 738 836 829 719 778
711 788 816 792 818 707 850 721 712 804 791 746 725 825 691 789 689 729 702 743 806 699 832 740 835 796 761 730 749 736 802 757 776 716 817 714 753 732 839 741 708 790 744 822 801 833 767 797 852 765 782 728 771 808 793 763 807 855 769 811 843 841 772 698 704 775 779 755 809 750 848 837 748 798 764 692 799 735 717 687 783 803 739 844 759 786 733 840 787 703 709 718 713 838 849 768 821 836 758 742 856
712 772 803 720 815 793 785 809 735 800 778 705 828 770 819 837 774 694 703 824 758 805 708 688 812 710 826 763 761 718 773 752 836 755 723 704 797 709 730 832 838 808 783 834 762 700 698 820 780 787 845 807 769 754 687 716 827 739 799 835 781 847 853 728 823 764 696 842 856 741 695 693 765 811 749 766 747 748 779 821 760 734 843 711 745 726 798 777 731 830 840 750 849 753 727 794 795 757 844 715 724
713 749 757 775 763 720 841 776 801 689 741 729 798 767 843 753 837 835 832 716 855 702 790 852 725 714 783 797 825 769 839 750 730 793 836 717 796 786 768 812 791 809 739 737 728 807 804 710 699 765 811 732 755 708 740 692 808 703 722 854 761 764 821 803 802 799 735 691 748 733 770 822 771 856 789 758 711 718 759 849 806 792 723 833 846 851 829 744 838 779 687 795 704 756 715 700 727 820 738 780 826
714 751 807 809 758 687 718 745 777 705 769 724 698 708 808 797 799 772 747 770 800 845 783 838 844 706 856 779 814 834 815 785 842 755 753 828 738 819 765 794 826 849 696 715 688 793 795 737 697 836 846 710 719 709 760 748 734 700 704 717 835 703 764 792 830 803 840 787 774 693 739 723 695 847 741 827 762 761 848 817 720 778 831 735 781 722 726 701 763 823 773 824 804 752 756 798 728 790 727 780 820
715 767 691 804 782 759 791 850 753 714 743 788 742 833 733 818 746 839 689 729 796 822 769 771 786 736 725 768 721 806 798 732 785 707 750 825 802 712 841 717 698 692 757 735 852 792 740 702 749 811 816 704 699 855 789 687 832 775 703 744 716 856 803 797 801 770 777 837 813 730 765 835 710 829 849 779 728 840 831 764 793 846 790 812 739 821 756 727 737 763 844 720 843 688 741 807 845 848 747 836 838
716 829 839 794 767 732 712 850 725 786 768 833 707 796 717 791 816 806 733 738 813 699 702 799 812 771 742 689 822 736 818 710 692 691 722 802 792 724 700 784 777 746 704 776 713 852 788 714 690 757 811 848 760 785 693 729 855 711 837 744 701 789 756 825 798 795 775 854 694 751 778 853 769 727 709 734 695 715 721 754 782 752 731 706 743 805 842 761 749 826 726 696 688 773 739 772 835 735 779 790 840
717 836 799 779 781 792 770 803 702 771 754 704 689 718 837 763 730 714 722 741 793 820 834 832 787 716 762 802 693 821 815 766 814 696 767 838 745 739 768 817 727 726 733 715 723 734 780 845 705 706 840 806 725 789 835 807 829 822 691 842 790 732 751 737 783 839 849 752 830 695 777 800 850 701 764 811 818 827 700 847 712 797 848 826 794 708 778 719 785 720 742 713 738 786 791 709 805 846 756 823 721
718 691 839 714 768 789 822 736 796 767 855 733 798 818 707 782 833 816 725 806 702 850 729 712 721 746 791 852 717 742 699 732 743 786 802 788 689 771 801 813 749 825 775 753 776 757 821 735 854 811 750 722 744 794 690 751 829 769 835 686 826 841 724 792 692 843 795 704 804 837 778 785 848 698 737 694 840 761 774 700 727 844 709 812 851 711 790 846 713 740 688 773 759 756 853 701 738 693 715 820 723
719 749 691 699 757 714 818 707 788 736 775 801 841 816 833 791 790 776 732 796 806 746 850 689 802 692 771 822 852 740 825 765 721 792 717 753 729 798 851 832 804 855 712 725 741 767 793 743 750 838 742 789 716 782 821 702 843 735 769 744 739 710 839 720 811 797 831 807 803 730 709 808 779 763 835 837 754 812 704 728 761 809 836 780 703 748 701 687 747 777 715 751 758 813 778 723 700 844 846 856 693
720 782 743 712 771 816 721 802 789 746 733 839 788 822 833 736 691 725 806 818 767 850 796 707 699 794 714 813 702 713 852 727 768 724 756 826 742 848 829 732 791 855 804 689 786 700 750 854 744 842 706 753 799 690 761 717 798 772 820 729 722 785 795 773 784 759 778 853 841 775 765 709 704 821 693 740 695 726 737 824 766 801 846 856 792 831 688 731 751 698 825 694 779 810 800 835 812 845 757 723 715
721 828 720 723 799 807 710 783 728 763 718 797 815 780 779 703 812 803 784 826 842 837 843 745 832 706 808 700 838 688 756 738 715 705 785 730 695 793 790 770 755 752 794 777 711 739 849 836 693 835 800 751 795 847 722 734 809 765 810 819 778 856 827 758 781 821 696 760 853 761 846 786 735 740 762 750 773 825 764 737 824 829 724 798 772 814 698 749 845 747 708 748 729 805 766 787 687 719 792 769 726
722 765 852 855 850 818 717 746 769 736 689 743 740 791 707 804 749 735 798 714 732 692 825 761 730 753 835 698 721 788 699 764 771 757 792 816 779 716 687 797 843 729 841 708 793 801 691 833 817 802 703 718 775 772 811 806 748 725 803 739 720 782 754 741 787 837 809 851 819 838 758 808 728 799 704 807 710 701 821 780 777 750 744 712 836 848 688 849 856 713 832 742 783 776 755 763 796 840 790 759 709
723 707 742 721 733 788 712 746 736 816 782 822 850 791 725 714 818 776 802 732 759 767 789 702 768 855 717 833 852 729 786 839 798 699 796 691 806 753 692 743 811 765 761 817 771 813 744 689 829 804 764 851 790 848 854 841 728 741 737 720 762 832 769 831 740 825 801 687 814 730 808 821 797 698 837 713 775 792 735 835 715 757 807 810 749 843 836 718 793 710 805 722 812 703 716 787 708 773 809 820 739
724 714 691 732 689 791 806 776 802 771 818 833 789 702 850 750 743 767 792 736 822 725 720 712 788 716 749 740 804 699 763 721 746 741 816 757 796 782 735 852 841 707 855 797 730 744 692 801 825 839 837 729 775 799 765 790 817 811 718 768 851 728 753 835 772 843 832 783 803 848 793 798 748 717 703 769 698 808 704 759 787 708 807 764 710 737 770 809 761 762 831 813 733 755 856 747 820 751 687 779 812
725 703 758 809 823 793 807 700 856 785 800 835 709 748 754 795 838 819 770 779 815 745 787 803 817 747 763 772 718 799 764 739 773 814 836 820 755 741 844 778 845 706 831 853 735 765 737 751 761 759 687 705 720 808 830 697 842 827 805 728 695 716 738 708 797 794 762 804 693 840 824 774 769 821 834 783 849 837 723 688 790 734 704 832 848 731 760 729 715 730 710 826 843 828 698 792 752 711 847 724 781
726 691 822 796 768 788 767 806 833 782 707 736 789 839 732 689 712 714 692 791 802 804 733 717 702 850 852 818 801 786 771 855 799 790 749 725 816 699 721 743 757 746 811 825 735 832 742 841 775 750 792 716 813 740 720 776 769 698 817 710 753 798 787 808 765 741 729 730 744 704 797 807 843 814 708 759 803 739 779 793 755 703 770 829 763 835 783 709 747 772 854 728 764 761 836 762 809 687 848 748 722
727 746 796 736 788 850 707 742 816 699 818 691 767 743 822 720 833 789 732 712 806 835 717 714 740 825 749 782 814 692 698 791 725 771 757 817 839 799 730 689 768 790 729 841 832 759 792 837 753 733 801 716 728 821 802 750 804 811 735 737 786 793 769 721 741 843 798 813 775 702 808 851 809 855 765 852 703 779 787 763 776 803 758 747 748 797 704 739 715 829 764 708 836 718 700 807 762 744 831 770 761
728 786 833 721 691 822 768 767 782 789 806 733 725 788 712 702 816 839 791 699 802 732 775 743 689 746 707 813 744 796 714 736 704 818 794 829 710 825 749 756 852 690 757 850 700 692 841 771 785 846 742 762 790 854 727 711 751 722 848 826 735 717 821 713 778 740 801 738 734 753 724 855 798 731 760 715 729 795 847 693 812 706 698 804 761 842 723 810 837 784 811 776 844 834 777 853 750 772 745 770 695
729 799 742 792 718 759 767 805 781 689 705 820 773 738 836 690 817 789 715 834 737 702 706 835 795 814 843 771 710 725 741 850 732 794 700 803 847 827 806 815 768 822 764 762 787 809 818 713 821 731 808 831 796 756 784 739 748 707 851 722 704 723 751 711 760 826 701 763 778 730 846 770 775 812 797 839 716 780 788 758 790 746 721 793 842 687 853 727 816 783 807 848 766 749 837 736 802 720 740 719 714
730 699 813 833 806 816 789 691 736 743 796 839 768 822 791 712 802 818 788 717 746 767 707 850 771 733 782 725 732 721 722 829 854 742 700 786 714 756 855 852 711 729 775 702 704 689 690 727 757 744 751 713 812 841 825 750 848 694 795 738 724 826 794 778 842 798 715 701 693 821 695 737 749 853 845 773 784 776 792 706 761 811 726 696 760 844 800 810 846 785 753 740 766 688 731 799 734 710 801 805 843
731 782 804 802 788 833 699 767 791 850 806 725 822 702 712 691 746 776 732 729 689 692 743 741 818 733 707 825 771 742 789 796 757 839 736 775 768 832 799 803 792 855 790 753 801 808 744 816 714 721 717 704 750 716 786 798 852 829 749 765 763 728 720 841 813 809 811 797 759 703 730 793 751 835 817 740 770 779 787 698 848 783 755 748 735 851 837 807 758 843 836 769 722 764 761 849 739 762 708 821 814
732 807 828 706 836 840 700 709 835 844 745 724 708 774 695 778 824 693 838 763 779 770 751 761 696 834 785 815 827 856 795 794 705 826 694 737 704 800 777 809 765 758 772 849 747 845 734 754 842 783 762 739 688 716 773 698 819 718 803 848 823 837 738 787 735 830 790 703 832 687 781 748 730 760 729 728 820 726 697 784 722 715 753 723 764 799 752 756 797 812 810 814 846 793 727 821 731 759 843 719 847
733 835 809 735 831 718 807 843 723 720 805 758 748 815 793 832 754 851 808 693 819 765 821 779 764 709 697 728 769 715 803 838 792 762 740 800 848 797 753 708 751 703 773 823 840 687 837 688 836 730 812 763 783 757 774 737 790 704 817 716 755 844 741 830 772 710 700 747 824 690 847 799 766 761 787 739 726 770 717 694 780 826 745 828 759 705 775 810 820 827 731 750 798 834 849 701 785 778 749 744 856
734 707 789 746 732 714 736 725 855 788 689 757 767 712 798 742 825 699 852 833 749 822 721 776 743 811 818 702 717 791 802 839 806 691 816 850 768 775 771 817 759 804 808 796 698 741 716 740 801 843 753 782 729 835 748 851 692 744 761 728 779 739 769 841 733 755 809 836 703 765 709 797 848 758 735 687 720 792 786 793 813 730 715 790 831 737 772 807 764 708 838 747 814 856 787 805 821 837 800 812 799
735 707 712 742 733 839 759 702 782 773 725 818 789 786 829 802 777 751 704 737 850 767 732 699 714 722 746 762 799 808 768 695 822 816 833 736 796 770 803 843 836 721 788 771 821 779 715 806 814 776 847 844 812 832 689 792 718 738 763 794 854 820 724 750 837 790 842 745 726 791 765 710 810 727 781 758 764 848 728 813 749 754 694 741 706 793 804 849 851 780 787 757 756 705 784 760 700 693 744 696 716
736 800 718 763 764 810 770 807 793 827 730 832 760 783 847 784 720 723 819 834 706 769 752 761 758 836 803 828 809 694 727 754 799 695 837 838 756 688 779 845 710 762 815 797 734 708 812 856 738 777 700 722 703 748 719 773 826 747 824 755 780 854 772 704 781 715 835 853 726 741 823 840 766 820 774 795 794 843 787 745 808 785 705 790 750 830 849 735 724 842 716 805 765 728 846 778 693 709 814 749 737
737 822 692 767 786 796 740 816 791 689 802 732 725 714 841 771 818 806 744 789 729 746 753 735 850 788 702 733 707 839 776 691 804 712 782 742 768 736 833 699 721 785 825 708 717 832 761 811 798 779 827 769 829 777 743 704 844 848 765 727 713 793 764 813 755 698 808 852 826 688 756 748 739 801 730 800 720 759 770 792 790 751 787 775 809 851 758 778 856 738 797 763 701 766 830 854 855 722 846 709 757
738 689 746 714 788 691 699 771 707 782 801 729 822 725 818 789 736 732 802 852 791 816 850 804 721 716 833 750 806 702 692 767 749 855 757 743 835 837 798 796 712 744 839 825 735 841 799 753 792 717 811 779 768 775 769 730 740 832 698 790 772 708 742 765 817 759 733 728 770 786 704 741 848 797 687 807 737 763 703 793 803 710 762 748 697 815 856 739 821 777 776 813 849 840 843 845 720 787 844 780 764
739 743 802 782 788 833 813 789 742 725 707 839 852 768 822 732 702 712 791 691 714 746 806 689 771 721 816 717 855 799 733 699 729 786 796 767 825 736 810 818 850 750 741 837 762 848 854 722 756 795 690 751 693 820 713 842 704 826 759 812 744 761 773 753 700 737 785 716 804 835 734 794 798 790 710 694 698 715 811 719 727 801 821 776 711 760 692 735 766 784 763 832 726 738 829 851 770 834 800 814 831
740 759 742 737 743 782 768 829 733 752 691 833 746 722 813 780 842 760 852 826 707 855 727 837 773 724 848 721 799 839 834 771 835 805 744 786 774 843 711 785 732 845 792 736 802 715 795 710 714 816 719 706 695 762 708 846 818 832 810 712 702 789 822 693 697 729 699 798 700 812 784 853 840 694 745 696 790 761 801 698 778 756 824 769 836 738 734 806 753 766 709 754 820 779 741 791 765 794 728 725 796
741 850 816 746 725 788 785 798 839 855 743 852 717 699 753 818 791 714 712 806 833 729 736 733 851 689 813 825 782 700 771 794 713 854 702 768 775 695 707 777 690 757 822 802 732 731 796 742 786 693 724 789 751 826 846 749 767 784 692 799 837 739 711 721 847 710 762 841 734 752 844 792 812 772 722 744 696 756 829 727 759 691 824 790 701 776 740 735 698 810 769 719 842 750 704 760 688 706 745 795 738
742 750 704 803 735 841 772 832 836 723 769 729 783 770 748 740 807 739 708 757 698 837 744 801 754 847 812 840 800 718 856 715 710 688 749 705 765 793 703 763 780 835 761 799 762 844 838 758 846 727 823 747 779 824 798 810 827 809 766 756 700 751 787 825 797 764 819 826 734 849 815 775 694 716 755 843 845 730 831 820 720 745 737 692 853 792 753 741 785 695 811 808 852 784 805 790 848 804 817 830 778
743 739 704 720 844 827 793 807 748 764 832 820 836 843 687 787 763 758 730 773 693 803 710 805 800 777 747 848 849 765 715 823 740 706 703 774 755 797 752 792 770 741 790 840 708 819 799 718 694 766 772 722 705 696 759 688 817 778 785 847 751 724 831 761 812 695 728 808 749 727 780 834 856 779 734 837 814 697 731 783 830 738 750 824 811 701 809 711 692 798 781 709 841 760 762 757 690 698 853 815 810
744 796 751 693 768 829 700 807 742 797 759 792 778 799 790 737 814 842 836 835 794 785 706 843 728 777 850 761 856 696 819 837 791 755 849 695 773 817 793 740 745 701 834 738 783 758 733 818 809 846 752 822 720 808 815 813 805 804 716 687 802 703 688 765 838 821 784 780 743 718 730 767 711 845 702 764 803 748 712 786 851 812 699 690 715 741 789 774 827 787 760 724 731 782 763 781 828 839 831 753 736
745 714 689 691 702 818 732 771 725 767 822 692 791 839 789 721 816 802 806 850 796 788 782 746 712 736 841 717 852 757 742 733 744 750 775 707 855 792 749 776 833 851 786 801 699 759 768 743 735 729 740 807 798 753 848 704 837 765 741 854 804 785 769 756 843 821 761 686 812 693 728 825 779 811 763 727 730 846 826 687 829 835 716 856 836 797 764 710 739 783 778 803 838 726 701 690 754 844 770 708 831
746 770 783 793 828 803 738 748 704 755 752 772 705 727 836 741 710 815 720 708 723 763 718 799 753 800 819 756 820 760 734 761 807 812 824 769 797 849 730 703 854 814 826 715 779 832 810 696 758 811 722 694 780 706 764 737 798 747 853 688 750 794 700 739 740 808 805 809 766 834 765 777 735 773 838 781 787 745 843 709 837 847 728 693 784 795 711 827 785 731 695 846 856 845 823 754 831 719 749 687 697
747 822 771 699 818 789 839 850 714 802 725 702 833 796 743 768 707 816 767 689 732 791 691 788 806 742 746 736 712 813 733 690 721 829 821 776 786 782 756 775 790 852 757 749 855 794 854 704 727 837 692 710 751 801 737 761 700 784 812 715 744 792 722 826 842 750 799 717 785 762 832 851 726 693 841 734 706 760 738 795 724 773 759 778 711 695 740 766 825 834 814 719 723 847 694 835 843 729 805 701 798
748 725 743 691 746 833 742 839 733 768 771 707 714 782 788 776 822 786 736 699 806 813 702 732 712 816 818 796 689 789 801 729 767 854 802 852 753 791 794 785 837 721 756 775 790 850 722 744 855 829 826 812 792 757 749 692 734 717 737 759 825 690 811 848 700 760 693 795 784 711 735 832 843 727 804 798 713 704 710 750 724 810 701 774 698 738 751 769 834 821 803 842 773 715 706 778 752 694 772 800 835
749 799 713 704 842 850 759 813 810 719 751 690 785 848 742 816 835 693 794 756 827 817 762 712 722 795 844 743 826 802 734 854 752 770 718 782 768 738 806 829 727 724 746 764 807 765 697 736 761 800 833 814 788 708 797 755 753 728 711 687 726 721 784 796 733 812 781 820 715 694 779 832 706 741 786 703 745 803 822 811 834 707 856 729 705 773 853 700 823 698 836 805 818 791 763 830 760 735 732 808 819
750 742 761 814 821 805 782 813 701 827 746 809 842 724 691 788 738 715 792 773 712 793 736 706 836 817 830 795 762 852 696 709 816 743 697 721 798 855 794 745 733 786 759 802 808 850 764 752 778 810 720 834 755 739 707 829 848 815 718 713 687 732 765 780 693 771 819 735 698 800 695 710 839 807 766 756 846 826 758 833 779 700 781 705 730 753 844 727 751 847 702 777 754 853 787 726 731 791 722 689 768
751 714 689 801 767 691 806 771 744 789 749 852 839 732 725 791 786 775 798 782 757 818 802 735 855 733 788 743 833 742 804 721 769 699 822 707 692 850 768 702 753 729 736 712 816 708 717 765 746 793 741 776 704 848 796 783 710 835 730 716 841 814 750 739 728 718 811 790 763 843 792 832 854 836 758 687 808 803 755 797 817 779 785 737 807 813 740 787 799 759 720 703 747 764 709 809 772 825 831 748 829
752 746 712 841 699 789 816 736 833 743 852 806 740 692 757 786 802 702 801 721 782 855 771 788 767 725 822 732 714 691 749 775 804 776 850 689 790 707 839 750 717 791 744 741 818 704 796 825 763 798 851 716 817 832 729 742 733 768 779 792 837 735 799 835 803 813 848 787 769 797 783 831 758 753 814 748 821 846 808 720 762 793 761 739 843 755 770 807 698 718 836 737 811 809 703 777 697 730 715 756 709
753 714 715 746 771 702 759 710 839 850 829 790 796 741 707 737 733 832 843 762 802 799 821 763 813 837 767 794 732 722 791 836 822 712 704 792 789 768 795 818 751 820 713 809 787 718 833 691 736 742 748 773 816 706 700 749 848 689 805 705 725 817 826 756 699 810 720 806 757 711 738 784 793 807 723 727 758 719 694 750 770 842 786 788 731 831 812 808 775 740 734 814 853 695 744 781 696 761 766 845 778
754 768 725 702 788 789 806 767 717 796 689 839 742 733 732 712 736 833 786 707 782 791 816 855 852 822 850 746 802 818 798 771 825 714 841 691 804 743 699 759 722 797 716 750 692 740 735 790 776 829 775 813 801 753 762 785 809 814 811 836 769 721 755 763 795 761 749 783 817 756 720 729 757 808 854 715 708 690 821 741 730 810 799 738 719 787 832 704 794 843 793 770 698 710 772 711 846 831 718 826 778
755 746 691 725 714 712 782 816 788 767 822 743 802 818 806 833 771 850 707 699 736 702 789 792 733 839 721 742 791 837 689 744 796 732 786 749 801 768 813 851 775 710 750 690 776 812 841 848 835 829 852 759 855 704 757 729 737 834 821 713 778 843 692 751 693 756 838 826 711 815 854 700 722 734 784 794 735 754 798 706 825 779 846 765 807 717 726 696 695 805 777 773 795 856 842 804 785 731 780 828 709
756 707 746 818 689 811 791 736 759 749 833 721 802 742 806 850 790 835 788 817 699 732 789 714 816 804 720 729 836 712 851 825 822 730 768 702 728 757 753 748 743 792 691 808 801 716 796 797 771 855 750 852 832 739 786 747 725 787 793 782 741 765 769 767 740 717 687 776 814 843 809 703 798 841 737 698 772 856 775 735 779 733 755 839 799 763 764 837 758 708 715 813 745 829 820 754 697 815 709 777 783
757 799 759 713 704 842 742 835 719 693 848 817 785 813 850 751 810 690 768 762 752 806 733 734 802 794 827 829 816 795 708 712 687 834 722 854 765 745 844 818 770 738 786 782 741 800 797 715 702 832 718 856 788 826 807 732 796 743 728 716 833 756 736 772 839 711 763 803 698 727 695 761 773 700 753 830 822 697 784 724 767 823 730 760 820 791 731 726 814 707 855 792 710 746 779 703 771 787 781 705 838
758 725 714 788 712 839 702 707 743 691 833 806 733 796 816 732 736 789 767 771 822 746 801 742 802 791 818 768 689 776 782 786 852 699 850 721 692 855 759 837 744 729 813 825 753 848 750 686 854 811 829 735 722 704 812 798 717 690 751 832 790 792 700 794 785 769 701 775 727 737 756 693 784 835 749 710 734 846 795 826 780 713 778 711 752 698 843 851 765 834 757 803 804 841 774 760 773 844 810 738 828
759 841 801 740 757 775 749 735 715 776 710 729 704 813 689 725 692 753 804 744 839 691 756 833 782 769 702 699 743 790 761 789 852 806 767 786 810 723 732 836 771 827 778 832 733 840 855 821 762 837 798 802 758 846 763 803 750 848 791 768 712 701 796 690 770 734 745 826 727 714 850 792 772 686 854 754 825 793 794 777 755 788 811 766 720 799 700 822 814 688 741 739 693 721 698 760 829 842 844 785 705
760 736 689 771 746 714 802 850 691 788 833 804 791 822 725 732 767 712 816 740 707 782 818 721 825 789 699 817 806 729 743 716 855 841 839 757 798 698 792 796 801 852 692 702 744 797 749 717 768 759 741 735 765 748 703 750 769 753 856 728 742 793 776 733 730 775 811 808 832 739 835 763 843 764 779 709 809 787 813 790 836 807 848 720 758 831 838 803 747 687 821 755 840 837 799 849 786 704 718 737 851
761 788 789 806 750 839 768 704 712 732 725 736 746 702 742 767 782 770 714 833 790 707 689 850 759 816 743 699 799 786 722 832 791 813 822 744 733 852 721 803 763 771 749 691 801 773 769 711 804 737 855 757 851 785 836 837 802 825 835 798 720 848 775 821 796 729 824 740 723 841 794 700 793 753 739 818 808 716 734 838 792 820 693 777 812 840 843 854 713 730 717 706 815 698 728 690 809 778 795 718 747
762 767 786 689 801 712 768 806 707 791 732 789 839 798 736 742 725 733 796 792 714 749 757 717 753 850 691 771 735 855 841 822 769 802 788 729 709 775 750 818 852 782 843 721 759 765 743 702 838 740 804 825 739 741 832 833 812 728 856 851 766 746 697 840 845 699 811 831 790 816 780 701 835 692 837 848 846 693 807 777 854 744 754 821 819 820 688 703 687 844 700 704 803 779 738 698 776 770 824 723 800
763 850 699 816 707 736 833 806 691 768 796 743 725 732 791 712 818 721 822 839 746 782 789 798 771 788 855 717 802 852 742 702 733 713 753 767 813 714 786 690 689 761 724 729 759 709 757 805 735 700 854 775 698 769 811 851 844 752 744 749 826 810 751 692 711 792 794 706 701 848 825 829 776 731 695 727 722 694 801 841 834 785 812 804 756 737 799 738 777 696 846 772 779 835 842 774 784 693 754 715 688
764 833 852 789 691 736 767 743 839 699 782 725 802 806 786 855 702 788 796 707 816 822 771 733 768 714 689 791 746 818 712 813 742 732 798 729 801 821 722 825 749 721 750 850 717 704 775 848 804 744 829 735 690 737 837 795 799 776 794 710 757 698 854 700 811 723 772 713 715 695 711 756 693 778 785 701 845 773 751 812 769 727 790 753 826 841 688 760 694 846 724 842 738 734 740 810 784 766 726 792 696
765 767 702 833 789 722 802 791 714 689 822 725 743 796 732 775 768 771 704 733 691 806 690 742 699 821 813 818 839 788 825 712 746 816 786 721 736 841 757 790 707 749 829 812 762 851 751 848 794 782 795 744 719 750 832 700 826 735 711 811 836 723 770 756 737 785 854 720 810 693 713 740 784 846 715 850 842 724 727 738 814 731 706 760 776 745 778 717 726 729 710 734 837 853 845 755 695 696 763 772 787
766 782 699 776 707 743 833 816 742 712 746 736 717 733 768 767 790 852 775 804 813 841 855 798 788 822 786 796 832 721 825 729 750 725 762 692 806 759 839 757 740 808 753 702 843 769 691 818 829 851 744 850 811 835 698 837 704 720 749 737 789 732 807 739 799 814 803 741 730 791 716 809 763 714 787 812 793 710 728 708 802 821 817 848 764 777 689 774 755 722 797 718 801 794 700 687 751 747 836 779 735
767 823 762 715 765 814 718 773 737 708 856 764 800 751 809 845 769 793 772 693 836 821 787 840 745 842 705 830 794 844 754 687 729 819 728 688 701 747 698 846 716 848 755 826 709 807 720 783 837 730 779 758 706 697 817 726 834 797 824 761 785 778 808 731 849 815 795 803 735 820 843 696 774 838 810 831 760 753 734 695 763 759 805 828 724 781 804 827 710 727 717 752 703 723 777 784 847 694 853 798 811
768 718 754 844 779 836 709 800 856 763 823 840 809 687 807 815 761 744 819 792 693 803 701 772 730 769 728 835 747 780 848 748 762 697 700 785 726 740 765 705 778 704 739 808 805 764 698 812 824 703 793 716 831 852 757 710 798 777 821 758 774 832 855 849 715 694 830 826 773 827 797 834 735 688 695 783 847 851 837 842 729 810 828 720 811 749 843 708 770 717 723 753 814 817 781 741 751 795 787 838 766
769 714 742 767 850 802 816 689 789 707 768 839 736 771 788 746 712 733 702 722 792 725 782 759 715 822 818 704 806 691 833 699 751 762 829 821 791 813 796 700 761 832 776 770 836 817 710 743 848 786 713 695 721 790 690 799 787 737 693 763 716 854 738 692 756 853 727 740 732 779 718 795 805 711 749 766 803 837 741 820 781 843 794 808 726 701 773 793 706 842 775 760 734 758 826 835 834 841 754 757 780
770 746 852 707 816 855 712 725 736 818 714 742 691 717 850 732 782 689 798 806 786 771 743 833 839 825 788 761 822 721 776 802 749 791 775 699 702 768 733 796 811 757 735 767 789 729 769 804 759 843 805 753 765 813 715 821 709 801 790 792 738 694 737 708 838 744 817 698 829 819 762 713 807 780 690 700 856 722 696 774 739 728 686 810 726 812 800 731 701 720 773 724 837 710 844 727 695 706 853 835 836
771 708 704 706 747 720 828 844 790 811 843 777 745 751 798 824 795 698 810 695 774 838 840 717 760 738 794 753 827 825 694 763 769 748 814 737 765 845 770 764 800 785 693 846 724 709 772 758 730 799 809 696 700 856 755 812 819 842 687 778 787 779 803 715 832 729 820 815 703 718 823 762 807 739 783 836 804 752 831 826 716 797 808 848 855 741 830 722 837 759 821 847 690 835 735 697 740 761 781 710 701
772 822 712 833 707 742 714 767 818 839 746 725 702 789 768 790 802 732 689 691 850 771 791 796 699 743 786 816 736 806 843 788 837 733 813 721 854 832 757 782 851 700 795 775 829 722 759 773 720 741 692 792 807 836 738 821 749 756 841 711 716 794 812 779 826 803 724 764 809 817 784 835 808 690 693 763 852 776 737 831 751 797 695 717 824 834 765 706 728 710 744 777 730 846 848 793 705 740 734 847 842
773 692 791 767 776 699 725 743 712 735 691 788 801 796 818 839 850 732 729 804 822 833 736 733 816 789 746 768 782 832 841 806 714 750 689 702 740 790 707 811 721 753 775 744 704 802 761 771 786 757 742 855 798 772 749 825 779 720 717 852 817 856 835 687 739 716 769 730 813 708 709 686 764 792 783 838 851 797 793 846 748 808 799 698 814 755 718 770 826 840 787 809 765 829 807 758 848 777 803 710 727
774 789 689 691 788 712 732 802 771 839 822 806 850 743 707 786 818 714 725 796 791 833 768 699 767 733 702 736 816 804 782 740 746 721 813 742 841 744 799 852 692 750 749 829 801 817 757 821 837 717 775 831 825 763 776 803 748 814 855 718 729 808 846 836 770 704 751 848 710 787 797 832 761 790 793 758 722 715 849 854 741 851 762 812 792 844 809 766 772 835 827 716 783 756 700 755 730 753 779 734 795
775 759 817 704 844 850 799 848 765 713 751 698 687 823 827 719 728 835 690 856 792 742 797 697 752 842 770 762 832 788 802 741 834 718 814 806 732 693 810 794 733 800 813 703 773 766 786 785 807 768 796 745 855 708 729 730 822 818 839 838 755 816 734 819 763 843 772 748 702 722 791 830 764 803 787 795 716 695 804 852 731 805 736 790 761 715 738 779 811 829 746 782 840 783 854 721 833 712 694 753 747
776 836 700 773 759 778 724 785 794 820 819 706 815 795 845 814 766 748 695 697 807 800 853 847 797 758 817 693 723 713 844 770 799 719 737 731 809 734 696 849 752 831 834 793 701 777 830 718 827 810 703 688 690 829 716 735 838 823 705 769 787 751 711 745 755 848 842 709 747 784 856 694 798 840 824 698 781 780 704 756 835 826 710 741 821 808 792 687 708 843 768 783 805 754 846 764 726 763 765 722 727
777 833 714 689 771 789 788 806 691 743 732 791 707 736 735 702 850 768 746 818 822 699 721 816 712 802 767 744 839 776 741 725 813 716 796 852 801 717 836 855 825 782 692 821 737 804 759 733 750 715 841 832 722 798 843 775 790 811 729 761 762 757 742 749 753 763 708 740 769 809 854 690 820 814 837 795 698 728 785 738 756 710 848 772 803 755 851 793 704 730 810 799 787 720 817 831 773 700 711 766 808
778 699 712 822 806 732 689 776 788 725 833 789 768 791 744 707 850 767 839 771 802 743 714 702 782 721 796 855 736 792 759 816 818 852 729 691 746 750 733 801 742 832 825 717 804 692 716 835 786 813 798 740 720 775 757 730 851 728 753 755 708 749 843 848 793 817 783 811 765 790 741 737 704 703 779 807 764 718 769 698 841 799 761 710 814 763 762 808 758 787 803 854 836 748 820 797 805 809 715 687 821
779 788 789 768 717 725 689 707 714 806 732 813 839 796 833 702 721 733 782 767 802 736 746 821 771 742 852 791 790 712 699 822 816 743 722 691 690 855 818 735 854 850 785 798 841 749 801 737 786 704 825 710 738 700 750 757 773 775 829 784 769 820 740 729 794 795 810 734 756 727 751 716 772 711 811 715 752 814 744 832 778 693 720 694 836 763 809 762 853 776 812 804 842 755 848 808 753 826 726 761 760
780 813 788 721 768 822 712 707 791 742 699 802 746 782 818 833 736 806 740 796 816 743 767 691 714 841 789 717 704 850 733 825 702 725 839 732 729 786 744 794 750 814 785 692 776 790 804 722 762 771 689 854 735 799 848 759 811 817 795 793 852 855 769 698 798 690 770 775 757 843 758 821 829 832 809 738 808 755 810 836 741 851 763 831 756 801 761 708 751 826 713 711 749 720 700 827 719 797 710 716 715
781 717 788 816 852 729 855 712 839 791 818 736 789 691 732 825 714 746 796 767 692 707 725 768 802 801 721 833 798 822 782 702 771 743 699 786 749 733 689 806 742 750 850 757 804 735 776 744 775 753 837 841 769 686 698 740 792 741 790 759 848 813 835 807 851 710 832 812 704 765 763 716 737 799 803 821 843 709 811 854 846 856 779 770 693 756 838 761 785 820 780 727 778 777 687 819 766 700 690 797 754
782 720 731 790 832 739 843 715 697 764 718 827 766 708 847 704 735 805 808 793 783 763 755 705 728 687 770 797 740 831 803 738 701 837 800 807 688 828 836 723 824 779 750 748 706 696 834 693 700 694 751 703 819 853 761 815 844 759 726 823 787 769 835 851 780 809 754 799 812 710 821 730 709 758 745 773 752 810 741 749 760 814 830 778 795 792 737 690 762 695 811 826 757 727 781 840 820 848 849 774 845
783 746 796 833 742 818 721 714 816 788 691 736 782 802 707 712 850 813 732 699 767 806 725 822 852 733 791 771 768 839 789 837 743 855 825 811 801 717 744 713 786 702 798 729 751 829 689 710 794 812 775 843 692 757 848 776 805 854 690 749 840 722 835 709 778 695 792 821 724 785 700 790 693 853 842 711 735 810 737 773 844 698 769 754 706 784 756 704 832 815 826 752 753 761 799 726 731 715 750 846 694
784 788 736 721 689 802 791 818 825 850 732 816 746 767 789 729 707 798 712 714 716 782 742 855 804 771 699 817 839 806 792 749 822 725 691 741 702 757 744 753 776 796 833 801 692 852 740 790 841 797 720 779 835 832 793 765 775 808 768 735 703 811 698 848 748 772 730 755 717 743 758 759 763 728 809 739 856 747 704 783 733 836 786 838 831 787 799 687 769 807 750 761 708 764 821 803 709 718 840 814 777
785 702 689 707 712 699 788 725 833 691 789 714 732 741 776 816 768 749 818 771 757 806 767 850 839 855 743 802 796 822 721 744 852 715 736 746 851 811 742 791 775 841 737 740 748 733 779 716 817 761 782 686 728 801 717 797 786 825 835 831 720 812 780 848 765 821 798 814 792 843 837 759 703 692 807 838 845 739 754 751 758 698 763 753 813 790 783 804 729 764 793 718 808 745 836 750 687 709 730 787 710
786 728 737 762 764 848 835 770 751 688 817 703 774 735 716 808 700 748 754 793 821 792 831 693 772 809 687 718 715 843 823 815 752 765 758 820 709 710 761 807 759 799 763 805 812 694 697 838 802 704 836 730 851 757 826 818 721 797 739 824 723 755 837 849 834 775 828 832 841 740 708 811 840 750 741 726 781 720 844 705 856 800 773 766 783 749 769 780 745 690 842 825 803 855 810 830 819 779 747 795 698
787 806 691 699 833 725 767 791 743 822 802 788 839 712 818 796 801 816 714 689 771 782 813 732 717 789 855 850 852 746 742 736 729 733 707 768 702 753 854 811 692 776 721 775 769 829 722 757 756 812 744 750 826 798 786 841 690 749 710 735 835 727 794 706 825 701 792 726 737 694 751 698 848 693 795 824 846 844 834 752 785 711 761 842 821 843 686 851 804 828 696 765 800 766 774 810 700 724 695 688 778
788 779 826 761 695 843 785 795 700 800 774 838 739 758 784 754 705 706 828 777 849 703 783 709 807 823 731 847 778 723 764 720 799 835 780 688 738 773 787 696 781 741 805 715 755 797 711 856 824 834 827 693 694 842 763 840 730 837 815 769 708 803 748 727 726 845 819 728 760 747 794 770 831 765 719 737 793 718 751 772 846 745 687 810 853 734 812 756 750 836 752 809 808 710 820 830 762 722 844 811 775
789 774 823 709 695 779 840 718 844 807 838 761 856 764 747 693 705 704 819 754 720 785 765 700 777 730 739 751 696 769 824 697 843 706 795 800 772 701 703 708 812 815 752 687 848 734 809 763 828 827 778 728 803 794 762 758 698 834 831 735 835 745 738 737 729 724 830 837 799 793 755 694 787 781 773 688 759 726 845 849 826 710 805 808 811 756 723 727 814 810 797 784 753 783 748 790 832 825 780 798 760
790 782 771 691 821 772 848 753 743 744 850 798 725 689 732 761 800 759 756 839 826 779 733 721 804 719 820 828 823 822 736 694 714 789 836 698 816 855 856 712 795 818 765 811 807 752 773 766 852 701 802 717 687 746 806 768 814 742 726 788 713 819 844 835 767 845 729 829 688 854 727 794 853 748 769 824 711 843 812 735 791 840 728 708 696 775 702 784 740 731 831 810 805 786 780 703 741 751 796 838 846
791 773 845 840 848 706 820 700 843 830 709 807 815 844 708 688 787 765 724 715 795 737 763 803 847 698 704 730 794 718 836 824 823 838 745 799 751 762 834 777 747 778 687 756 780 800 835 772 694 804 846 810 856 739 764 849 723 695 710 738 774 781 741 758 784 814 731 728 760 754 779 722 811 716 693 696 831 783 828 837 719 821 819 711 726 761 705 853 753 770 797 697 809 798 755 793 826 812 769 855 827
792 825 717 729 768 813 690 852 855 808 743 854 841 744 714 698 733 769 798 704 786 762 711 844 811 755 707 831 725 795 794 775 750 724 753 722 782 820 716 700 692 712 778 767 742 810 827 736 818 814 699 740 715 745 735 686 784 842 801 732 839 756 836 799 721 821 848 727 738 833 719 788 708 760 759 702 829 789 741 757 746 809 689 802 706 731 772 691 804 748 796 816 797 776 751 763 826 695 694 726 846
793 725 712 743 746 833 691 767 816 736 707 733 782 714 699 822 813 796 702 742 839 818 768 717 786 802 788 789 850 852 721 855 848 750 732 806 791 776 801 854 692 794 744 722 771 704 751 689 700 829 690 729 753 713 811 798 759 825 698 756 812 837 727 686 761 711 737 842 844 735 784 826 719 701 851 835 795 843 769 778 706 792 693 760 696 715 780 724 738 785 846 820 840 710 695 762 775 734 841 697 726
794 689 767 801 716 714 732 791 771 776 789 804 691 806 802 725 850 788 749 746 692 720 702 818 744 729 852 808 707 816 736 832 721 753 757 792 699 855 797 712 741 833 728 796 793 775 822 703 750 782 748 686 839 798 768 841 825 765 735 717 790 809 780 687 811 718 817 786 856 759 783 743 835 761 730 849 733 763 740 698 836 742 843 807 799 769 764 779 821 704 708 710 772 787 747 837 739 758 755 803 848
795 788 725 689 801 771 850 791 789 732 816 714 699 818 776 767 822 692 729 832 749 702 736 833 707 792 839 746 691 721 757 712 799 750 782 753 768 796 790 806 802 804 825 852 808 835 740 698 765 798 733 772 855 716 775 786 843 743 817 720 856 739 730 704 838 769 764 811 742 840 841 819 687 744 779 759 793 803 809 718 741 708 717 748 837 728 780 821 735 787 709 761 754 844 697 836 814 758 777 797 703
796 708 848 840 820 845 718 830 687 744 704 783 737 763 821 800 856 819 836 709 823 811 730 847 727 773 747 754 779 765 764 815 758 809 726 693 793 844 838 787 697 849 698 772 753 720 843 762 774 715 797 817 745 846 716 824 785 706 814 701 808 780 748 807 781 855 826 803 728 688 703 799 778 834 719 729 770 735 795 794 827 837 739 828 700 755 741 694 769 825 738 775 711 798 757 777 832 835 705 723 696
797 714 833 839 712 699 721 788 782 744 743 746 816 850 767 736 725 822 806 796 733 707 776 691 768 742 818 812 813 732 775 771 852 791 702 794 789 837 722 786 829 855 689 757 704 749 692 729 713 802 717 756 785 711 700 690 854 693 724 801 784 848 754 821 825 799 760 715 792 835 826 753 701 798 751 710 811 790 750 738 706 834 842 698 737 851 709 727 734 688 726 805 824 735 731 772 847 810 762 695 719
798 718 771 704 829 689 799 802 770 763 691 741 850 762 751 818 792 790 817 746 835 768 742 834 836 832 722 715 805 806 707 734 712 699 693 833 764 767 791 714 816 842 713 789 781 784 754 738 702 759 814 736 743 750 813 733 822 796 721 766 803 723 794 779 700 821 837 782 795 848 826 737 783 760 773 839 695 761 716 807 720 725 786 793 740 776 778 719 854 788 701 838 853 752 696 732 785 844 727 787 820
799 717 749 757 714 729 841 721 852 801 725 788 690 691 746 798 775 791 689 855 736 822 839 744 816 742 771 712 743 806 710 707 789 782 686 753 735 761 716 818 786 732 776 850 833 733 739 796 795 844 692 825 821 804 831 813 768 740 812 726 767 802 702 854 696 727 848 738 741 846 792 720 769 731 829 694 774 759 693 722 797 826 706 836 701 699 698 824 764 811 724 794 800 834 840 687 780 695 756 851 807
800 736 839 725 712 788 702 850 816 767 707 833 768 699 714 806 796 822 789 743 746 732 802 742 782 771 791 691 689 813 733 818 776 790 721 692 757 704 775 749 852 841 717 786 808 801 832 750 855 821 792 804 803 740 851 799 829 737 835 837 744 686 730 720 817 843 722 762 710 759 787 770 729 739 809 793 700 836 748 854 797 690 848 831 785 756 812 758 763 779 693 814 764 734 728 713 711 718 783 795 798
801 814 759 836 751 799 795 794 807 762 773 742 738 787 700 821 817 758 842 810 703 719 718 809 752 713 705 764 781 793 709 748 706 695 696 837 812 828 849 783 761 726 693 722 829 755 777 824 778 697 835 792 708 800 779 756 745 826 827 694 834 785 711 727 784 853 808 844 848 760 805 797 740 731 734 724 715 831 690 770 728 845 815 823 838 737 754 856 704 843 818 774 819 847 720 763 687 782 820 840 739
802 708 739 828 807 706 720 819 823 747 698 774 769 765 687 731 764 694 821 787 737 809 838 783 847 772 730 843 798 844 724 800 760 831 824 763 837 704 755 710 779 845 830 784 794 703 836 780 849 834 745 700 738 735 793 758 751 778 718 856 701 814 728 756 785 812 826 695 717 853 753 840 752 757 723 749 846 762 808 848 770 777 726 803 709 696 715 811 820 810 705 786 781 775 716 754 688 795 741 734 693
803 712 742 833 746 818 816 725 839 791 850 768 717 743 702 806 691 707 782 689 789 736 721 788 733 732 714 767 771 855 822 729 699 796 802 735 761 852 851 804 813 825 759 811 798 757 829 749 786 775 722 854 744 731 843 698 817 715 701 848 769 800 841 826 740 751 795 753 819 772 727 697 724 713 814 700 794 738 762 856 711 774 752 845 776 801 766 726 810 696 709 748 820 838 719 706 834 844 690 777 799
804 690 715 704 731 805 759 794 791 773 725 706 760 738 832 722 851 807 751 771 790 854 767 711 714 700 726 701 702 752 774 756 737 844 693 812 689 799 835 732 724 843 795 834 789 695 720 822 766 768 848 803 806 821 784 847 850 761 742 710 754 837 814 839 828 818 820 744 770 826 762 842 734 802 694 696 778 853 764 775 721 777 796 709 727 781 788 819 792 827 699 719 780 757 831 836 713 824 852 735 705
805 712 707 782 733 833 743 788 804 729 825 750 768 725 839 746 689 816 798 767 789 841 699 691 786 702 736 704 822 732 740 692 806 813 742 753 714 855 763 744 721 775 770 801 757 717 790 749 811 769 716 771 821 776 852 850 783 802 836 686 735 820 808 832 741 799 698 791 797 848 722 730 720 831 755 796 812 849 787 795 756 803 778 772 826 851 748 723 856 785 751 794 734 711 845 700 708 765 715 738 758
806 709 840 708 787 698 695 706 838 730 761 763 819 823 778 849 824 700 751 800 777 828 754 856 718 835 844 779 696 807 687 846 764 758 827 705 697 815 845 724 803 774 836 693 762 830 770 814 728 720 808 737 765 694 783 755 794 809 785 834 726 752 799 831 847 745 747 797 688 848 748 812 703 772 826 757 731 756 837 741 780 769 739 715 716 759 810 820 798 842 738 773 729 793 727 832 749 719 701 775 717
807 707 714 689 732 818 725 833 802 789 691 743 839 736 721 852 791 702 768 742 733 788 801 806 744 746 782 767 712 699 776 841 771 816 855 804 796 786 822 825 850 686 704 790 692 749 717 813 775 757 848 854 753 729 798 750 700 690 772 745 821 722 713 837 711 832 812 794 814 785 762 693 799 751 738 698 851 778 740 810 846 842 694 737 826 766 726 769 829 735 770 715 755 710 808 761 719 727 844 795 845
808 691 714 839 782 712 702 725 733 806 768 792 689 816 850 767 786 837 721 746 822 833 794 796 735 743 789 736 788 802 771 811 729 707 732 829 855 791 690 742 699 795 852 750 818 812 744 800 848 756 734 841 801 851 813 834 753 722 731 711 854 757 776 766 749 692 835 700 701 694 826 704 737 761 727 846 784 769 804 751 775 695 713 710 825 798 810 838 706 726 828 815 805 717 772 785 760 688 693 824 779
809 714 725 839 712 822 733 767 768 691 818 802 789 816 796 732 736 702 833 806 771 689 786 782 750 855 742 746 801 852 811 850 788 791 776 721 729 707 699 753 692 704 743 829 812 825 744 794 686 688 813 690 837 792 722 713 854 710 756 727 848 798 749 700 757 835 841 795 775 840 754 717 711 706 695 772 698 737 734 826 761 779 777 751 731 851 784 799 693 828 846 766 785 759 844 800 769 760 842 724 773
810 736 850 749 771 689 818 746 791 816 757 801 742 833 767 788 806 707 782 759 768 732 789 721 802 691 839 712 776 775 733 822 792 835 739 692 714 750 817 753 743 699 740 786 725 848 796 735 841 790 837 702 763 765 729 838 717 709 741 804 744 779 832 808 704 807 855 720 730 728 783 748 716 843 820 797 852 803 851 856 849 844 703 770 787 813 836 846 688 821 777 723 687 825 697 772 780 754 798 793 758
811 771 839 796 818 756 700 829 746 831 822 850 791 712 792 809 789 808 768 767 693 802 852 788 785 734 689 770 782 702 790 707 743 773 848 736 742 783 837 786 690 787 803 846 732 716 737 806 833 715 710 725 717 705 718 832 733 816 699 749 826 722 726 794 793 738 723 763 758 721 765 759 775 813 727 820 751 805 835 762 695 757 817 821 855 851 854 711 795 692 706 713 799 744 777 724 714 847 691 812 748
812 816 712 789 850 742 721 746 818 768 699 736 707 771 691 806 802 733 782 788 743 833 822 716 797 732 786 704 839 791 804 767 817 714 799 801 765 735 809 702 689 729 808 749 813 755 725 790 762 730 814 741 785 713 744 740 793 783 787 753 748 796 698 739 687 807 692 758 757 856 759 825 761 775 811 750 772 700 848 763 843 728 829 715 823 708 720 836 792 764 831 779 717 841 819 820 703 855 747 718 745
813 730 739 749 780 792 779 759 687 783 793 800 838 765 757 840 856 750 787 708 836 764 748 720 740 753 763 747 716 741 843 704 797 849 718 817 728 761 823 772 837 835 848 819 688 697 703 799 709 769 775 807 798 766 828 714 777 832 805 803 841 831 755 744 851 827 812 758 818 820 774 809 693 698 815 701 830 808 844 778 811 796 846 770 802 814 845 735 705 737 689 791 715 727 695 723 821 692 824 694 726
814 801 767 714 725 692 750 806 771 776 746 691 744 689 791 729 699 850 802 825 796 833 707 717 816 822 732 789 818 782 743 768 702 854 788 846 775 736 852 839 855 727 841 798 749 735 792 790 721 686 848 837 804 851 712 838 757 812 751 832 733 780 759 813 756 742 753 785 690 786 843 765 807 710 700 835 754 844 779 704 821 740 803 824 687 698 722 741 778 726 777 774 826 769 709 795 766 723 840 693 694
815 712 839 725 702 791 768 746 714 732 806 733 789 850 822 833 691 721 816 796 818 788 776 692 736 782 767 704 707 771 786 717 699 742 729 689 855 852 743 802 744 750 813 841 829 798 801 755 808 854 740 848 761 804 832 811 769 763 738 753 790 756 775 722 821 814 720 783 836 759 825 757 843 716 831 741 698 797 770 787 807 785 826 809 715 817 810 799 749 793 739 851 762 764 758 730 735 713 708 774 803
816 763 770 720 800 819 856 836 793 803 845 730 812 703 783 718 769 694 741 737 708 827 705 849 695 752 809 795 755 815 758 747 840 764 785 781 723 698 837 749 797 710 828 700 799 808 787 810 847 687 745 711 835 728 738 843 772 766 727 831 820 773 704 754 846 716 765 761 748 706 805 807 719 794 824 830 838 709 739 853 760 854 814 779 777 784 757 780 774 696 735 834 756 798 722 790 697 823 750 832 778
817 725 775 852 691 786 757 767 801 729 798 796 749 714 743 699 776 733 829 756 702 813 855 750 717 768 833 812 760 710 839 744 789 837 707 700 722 689 784 753 825 782 742 769 785 810 727 711 848 734 732 854 794 826 795 694 695 846 690 693 851 803 704 818 746 723 811 698 802 752 824 835 773 832 822 724 840 738 712 771 726 791 751 696 706 780 778 692 709 721 853 774 799 772 821 788 770 701 735 816 708
818 807 845 747 820 836 745 803 770 772 718 783 688 847 704 846 763 809 811 708 856 810 706 694 773 756 815 838 730 719 826 795 720 698 787 737 785 821 735 722 830 755 812 687 823 715 724 849 774 793 765 738 798 824 710 764 800 703 751 741 780 758 840 723 781 784 711 769 828 794 827 727 777 748 843 819 797 799 695 814 832 760 705 729 700 716 734 762 757 753 831 853 728 848 790 786 754 779 701 778 726
819 702 699 712 816 689 725 822 806 789 802 839 833 796 768 714 767 746 736 776 733 707 788 732 691 743 782 771 818 791 742 721 744 813 704 790 821 775 852 786 750 829 850 837 722 804 710 749 692 757 795 855 792 717 762 803 832 801 841 851 848 759 854 770 812 836 729 737 740 831 799 690 820 751 794 763 715 711 730 808 842 716 720 700 773 755 810 798 738 783 787 741 843 734 753 793 825 846 826 784 809
820 796 691 699 818 791 702 743 850 725 746 712 776 689 707 729 839 717 833 767 822 816 771 732 786 736 806 852 790 788 851 855 841 802 714 792 753 742 789 825 782 692 733 768 749 804 710 735 757 835 813 720 811 739 832 775 740 779 698 798 769 761 829 688 762 856 805 840 801 837 709 756 708 777 793 812 759 799 810 843 821 803 785 721 854 700 847 808 715 817 778 819 814 751 718 765 695 836 807 846 838
821 692 790 767 796 802 835 750 733 818 801 765 779 725 786 850 768 782 753 717 687 712 822 791 832 764 732 729 769 707 698 799 721 806 771 735 759 700 838 829 848 718 804 704 798 819 709 833 747 744 840 714 855 746 839 789 792 852 777 816 843 743 702 761 727 856 788 691 800 797 785 689 807 825 811 776 736 728 742 722 805 770 813 708 772 720 755 730 757 831 794 830 844 762 697 854 783 713 719 814 699
822 737 772 840 747 718 823 845 830 809 838 708 819 778 687 848 693 787 709 800 856 824 846 835 720 763 745 815 728 730 844 765 726 774 836 780 764 793 849 705 739 755 706 695 799 704 698 723 694 738 758 688 700 847 832 748 797 843 715 773 697 795 834 811 703 769 820 783 760 826 785 808 770 777 803 731 821 710 779 837 812 762 754 735 814 752 727 790 729 734 753 701 828 761 751 716 724 807 827 831 741
823 767 725 789 822 699 689 833 806 768 802 839 788 796 707 743 691 791 818 732 702 712 742 775 782 733 850 786 771 736 790 714 813 746 816 776 832 692 757 852 749 717 829 801 841 855 837 799 812 821 721 750 740 798 722 756 825 710 704 762 761 836 808 741 735 804 851 785 720 744 770 835 854 690 759 737 794 700 751 715 716 795 826 803 846 793 763 842 810 727 711 755 724 809 817 814 729 738 831 734 811
824 689 712 806 850 771 732 707 702 789 691 822 791 833 788 746 802 782 768 767 725 818 742 736 699 796 839 816 714 733 743 786 852 721 801 855 790 841 761 776 740 741 692 817 804 799 717 813 749 836 720 825 798 832 814 753 787 729 797 762 775 808 772 735 757 750 829 811 851 730 759 716 821 763 769 783 831 765 715 718 698 722 710 793 755 748 744 700 751 704 708 809 758 785 856 747 800 854 803 687 711
825 792 850 771 805 834 770 765 835 784 814 826 781 687 693 742 722 734 741 829 715 691 807 854 848 764 706 700 799 718 789 711 760 727 847 768 756 783 820 705 836 795 739 721 842 728 796 806 737 803 754 731 846 780 837 702 809 817 738 794 704 712 689 713 746 719 778 786 762 818 761 766 716 779 777 694 767 758 839 726 785 725 822 710 759 730 816 773 793 845 701 838 752 732 797 844 699 821 827 791 724
826 788 712 714 732 767 818 721 707 746 839 689 850 736 806 822 802 825 768 702 725 790 789 699 749 742 796 771 740 791 832 720 786 782 733 691 692 729 855 852 757 816 753 833 741 804 717 798 801 759 811 698 765 750 817 831 730 743 739 728 748 776 763 841 848 787 799 792 744 835 808 718 793 797 737 716 710 803 775 703 755 772 837 708 735 843 769 704 845 836 809 687 807 838 856 814 758 840 779 764 829
827 743 707 839 699 782 833 736 816 732 806 771 789 788 725 712 714 749 750 775 742 818 691 768 850 729 767 757 746 822 721 791 759 796 776 702 733 792 717 813 801 737 689 802 852 837 744 855 786 804 825 790 704 692 753 841 851 798 848 829 835 700 832 821 765 843 722 740 854 812 785 769 751 811 710 803 795 770 807 774 780 693 720 698 735 794 728 739 846 838 778 779 799 688 777 754 752 711 773 734 690
828 732 802 721 771 712 746 702 788 689 806 850 714 789 707 736 782 691 816 833 818 791 725 767 839 790 768 822 699 733 796 801 786 813 832 804 742 692 841 743 744 729 704 852 740 808 716 825 836 717 817 855 741 848 809 750 763 787 776 761 797 749 720 814 710 755 831 757 715 843 803 811 762 758 799 785 775 798 821 748 820 793 722 730 700 783 735 854 690 844 794 753 827 765 795 810 778 840 701 745 695
829 852 716 855 848 798 744 740 753 841 811 735 698 817 757 825 769 730 843 835 749 856 720 797 728 717 765 808 809 721 832 703 776 801 821 844 704 793 747 790 750 803 708 772 819 787 707 755 737 799 792 709 783 831 748 836 729 764 779 775 758 741 718 743 845 688 689 699 815 837 823 714 830 687 759 849 723 754 816 766 820 800 731 763 774 715 838 850 804 802 692 833 851 736 690 812 840 710 770 686 788
830 822 796 791 691 767 839 689 702 806 725 707 818 802 714 833 699 789 732 768 816 733 788 712 736 850 771 782 750 743 776 746 717 742 757 775 786 813 852 841 749 692 829 744 721 855 821 729 704 737 790 804 837 759 740 832 843 851 801 792 799 798 762 825 741 710 814 722 854 769 763 720 836 761 794 812 785 773 795 803 770 700 811 735 826 784 716 808 810 756 783 730 793 715 787 835 738 817 753 690 809
831 733 725 782 699 850 802 789 806 839 702 768 811 786 788 833 816 714 767 791 743 691 792 771 689 822 729 776 818 742 732 746 799 835 736 712 832 813 796 704 785 829 826 854 790 753 707 762 846 775 744 801 708 804 837 855 749 821 721 750 851 692 693 700 735 715 759 720 852 774 840 825 688 757 772 812 841 751 723 794 719 819 756 722 709 769 843 805 734 784 807 752 803 761 842 856 727 739 695 698 711
832 782 742 691 743 736 712 733 746 721 822 804 725 848 771 768 717 732 753 833 795 798 794 773 845 821 761 818 775 806 826 789 855 816 852 759 767 757 714 854 786 829 689 713 711 813 839 769 831 735 796 828 737 772 802 749 823 811 778 702 834 766 740 698 800 699 727 762 765 850 715 731 696 856 707 756 726 700 814 694 719 706 820 701 843 791 788 738 784 695 777 697 807 752 709 751 844 846 817 687 688
833 777 764 772 693 849 840 807 687 844 763 785 697 793 823 730 800 787 765 803 783 708 739 748 728 718 827 819 747 797 758 706 856 778 805 836 815 845 720 704 694 779 700 834 824 696 731 752 715 838 809 754 770 755 847 828 703 705 724 760 726 759 830 820 774 773 831 766 848 698 716 688 740 695 780 761 756 810 832 741 814 808 751 719 709 769 738 701 812 837 795 843 798 734 727 735 799 794 842 723 781
834 699 839 714 732 691 712 833 736 788 791 850 825 789 782 767 806 802 729 717 725 822 798 746 768 841 743 816 757 796 689 776 775 692 804 707 740 786 855 702 733 744 818 750 742 832 771 749 801 852 721 808 843 704 755 799 759 790 797 763 792 753 769 821 848 703 698 817 787 720 728 735 811 748 716 772 739 793 803 730 708 835 758 741 837 779 765 813 783 836 809 831 709 851 807 840 849 846 710 764 747
835 733 725 732 702 806 852 757 788 822 821 768 786 839 690 791 714 742 789 712 749 855 816 782 729 798 744 825 736 707 756 775 689 721 722 691 850 854 710 848 836 767 727 813 829 804 738 717 853 771 713 740 810 833 831 711 818 746 796 841 842 795 790 692 801 802 761 820 751 704 755 785 778 847 706 794 811 776 718 784 797 808 734 826 817 846 762 694 773 715 696 793 809 787 800 739 716 766 783 814 698
836 692 717 776 801 699 852 732 707 818 768 816 742 855 767 691 743 796 746 725 839 712 833 791 806 822 714 736 782 729 850 802 744 798 813 733 771 788 721 702 753 686 750 835 851 759 790 786 756 735 789 825 848 854 769 689 777 761 792 713 844 837 829 841 749 765 704 709 700 740 757 804 693 799 794 772 722 751 838 698 775 805 824 832 701 843 754 846 734 828 826 840 779 695 710 812 785 811 845 690 687
837 712 691 707 742 717 816 782 788 850 802 767 736 721 808 732 725 789 733 806 772 839 791 833 822 746 768 689 755 702 743 699 783 813 704 797 771 744 740 713 796 738 801 687 786 759 811 817 758 714 698 825 855 690 848 748 814 798 804 692 716 761 854 741 739 818 735 727 729 836 809 819 722 852 793 827 841 810 829 715 856 807 701 831 764 781 724 769 708 785 775 762 745 800 823 826 794 766 795 845 706
838 789 822 689 725 806 852 788 714 702 771 732 802 712 850 791 839 818 796 833 855 736 813 733 742 721 767 746 816 707 717 786 768 691 692 782 699 821 776 762 775 841 743 744 814 704 825 757 722 710 798 790 795 810 761 832 740 801 836 785 729 690 750 755 854 719 829 808 811 770 749 773 826 837 737 794 711 759 803 756 715 842 812 784 738 787 831 713 734 760 716 751 700 693 849 793 727 720 694 753 820
839 718 800 809 840 747 708 807 687 703 764 761 697 693 827 735 815 808 772 758 819 834 830 823 811 716 797 751 748 803 706 843 730 698 836 720 763 848 779 774 844 769 754 856 787 709 835 838 739 741 745 773 762 753 704 759 845 799 793 705 715 826 770 805 781 831 765 778 820 785 849 700 728 688 853 837 790 726 755 824 828 795 737 783 777 694 812 842 810 814 695 740 817 734 690 696 723 752 851 832 710
840 822 806 796 789 833 839 791 707 732 702 768 850 767 771 689 699 816 742 788 743 813 714 725 691 818 733 802 736 712 852 717 782 759 746 692 841 786 855 821 790 776 854 740 775 762 798 795 817 750 761 799 783 809 741 716 715 722 851 820 836 757 829 749 690 831 801 718 721 793 711 735 826 837 700 808 737 814 797 738 804 773 842 794 756 728 832 812 755 720 710 770 693 784 729 787 785 760 694 846 834
841 759 742 799 752 737 848 792 829 706 807 719 697 773 713 834 762 745 805 820 765 715 780 693 709 746 722 768 814 785 786 853 743 766 840 813 845 754 835 696 794 800 779 738 708 838 728 842 760 782 843 844 755 824 727 808 703 741 724 828 707 730 733 695 751 818 774 690 691 836 833 830 784 810 850 761 837 726 720 816 815 700 826 771 721 777 701 732 787 822 718 790 795 704 756 781 736 712 711 823 803
842 749 689 767 757 714 788 732 725 721 702 744 771 801 712 750 740 806 855 768 707 852 775 736 833 798 850 839 789 746 717 825 692 822 835 792 720 841 729 804 776 786 742 791 691 735 753 818 848 739 816 699 793 730 782 796 843 759 716 765 741 704 698 733 769 832 790 797 686 807 783 817 856 728 763 802 779 811 703 787 743 737 748 837 709 836 851 838 708 747 687 831 809 755 764 840 799 772 808 803 849
843 788 791 771 782 743 733 789 839 802 702 689 721 796 822 816 767 729 753 786 772 707 818 725 850 712 746 736 833 813 691 744 692 768 732 742 829 713 714 735 762 722 804 806 852 740 704 775 699 841 790 770 821 795 846 803 855 848 783 690 700 832 757 834 734 756 727 776 751 845 777 842 766 814 785 711 794 769 755 844 847 710 793 694 693 761 778 718 801 724 826 750 836 698 812 748 749 825 799 719 697
844 743 768 789 833 699 771 732 791 714 806 775 767 691 725 689 839 822 702 802 796 742 782 792 733 749 776 788 712 799 757 804 707 850 736 735 746 786 829 710 790 816 818 841 741 836 801 750 737 692 813 763 825 793 798 832 759 843 851 821 740 811 717 814 852 855 762 730 716 783 711 787 715 728 722 795 720 718 837 810 835 817 808 698 769 807 809 803 738 826 770 831 758 797 739 772 761 774 729 755 690
845 791 796 822 818 767 816 714 692 725 806 833 689 702 732 850 771 712 776 839 802 788 736 691 707 789 699 832 746 742 717 852 782 740 841 768 721 790 743 733 744 855 786 825 710 686 762 829 729 775 813 843 753 804 792 851 801 785 837 730 750 757 826 759 749 835 764 769 798 720 836 803 854 715 765 700 735 794 817 821 807 808 738 704 793 799 739 722 711 811 690 763 761 779 718 810 709 805 698 716 741
846 806 818 822 767 714 850 771 689 791 742 796 788 816 707 691 802 732 746 702 699 736 814 721 704 759 833 825 729 712 811 744 782 741 839 740 799 768 728 733 750 843 848 817 813 743 717 831 855 790 852 789 792 832 835 725 765 808 798 776 762 753 786 692 841 757 720 735 749 715 716 836 804 807 737 698 722 763 730 769 787 829 793 703 755 758 809 774 761 700 709 773 718 837 764 772 775 810 752 713 783
847 818 788 782 791 796 736 802 691 742 707 833 816 822 712 806 714 776 743 689 729 850 768 746 721 767 725 733 732 699 825 789 771 735 839 804 702 717 741 835 750 786 692 811 744 843 801 753 798 855 704 740 728 716 841 813 749 759 686 852 763 769 797 792 720 757 790 775 832 848 761 817 765 730 820 772 708 698 829 851 808 793 715 703 809 779 807 799 783 739 755 836 831 687 821 747 838 787 837 758 737
848 796 791 699 822 829 851 786 839 789 790 702 743 775 768 767 749 757 841 732 733 806 833 832 725 714 691 850 689 793 802 771 825 835 813 818 720 740 855 811 782 804 836 712 753 821 742 759 814 716 837 751 765 769 799 808 750 717 798 700 776 817 807 792 788 755 810 729 746 764 739 758 761 801 846 730 737 852 816 692 843 842 797 785 728 735 710 826 783 803 745 701 722 856 809 763 762 748 778 780 688
849 833 806 699 788 691 702 816 714 743 850 732 822 746 796 818 802 791 767 725 839 707 768 789 721 742 813 712 736 776 852 855 744 782 692 786 801 733 717 771 851 689 794 690 735 829 798 790 704 722 750 715 835 811 841 710 775 825 759 843 792 729 749 837 757 737 854 700 810 711 751 761 762 812 738 713 832 848 795 805 821 753 765 769 774 842 838 693 773 698 799 784 760 778 834 706 779 724 701 731 694
850 763 709 800 825 698 747 708 749 810 741 695 820 706 840 769 824 704 828 795 775 770 718 803 715 812 815 705 838 710 694 700 783 774 849 845 831 846 837 834 798 720 753 722 797 772 773 730 716 760 836 853 723 757 790 808 778 727 794 785 703 755 826 738 724 777 735 811 693 737 745 731 823 821 814 696 787 793 756 762 761 729 784 848 843 711 827 847 697 856 809 754 799 835 758 744 830 807 751 752 842
851 848 733 704 698 782 804 741 710 768 785 820 836 786 756 729 853 803 839 765 755 814 772 761 813 745 788 849 706 691 850 762 744 808 763 818 722 806 719 817 752 811 721 778 693 734 845 735 712 727 800 832 724 798 793 844 831 771 766 736 708 792 753 742 799 694 819 723 796 829 737 716 767 840 807 797 825 852 856 790 827 746 773 707 705 802 809 830 843 822 732 789 703 689 810 718 816 787 855 739 854
852 770 764 836 829 838 799 807 704 722 751 835 718 792 781 817 739 752 741 763 696 738 768 779 693 783 793 787 759 794 820 809 758 785 700 687 734 720 754 740 842 797 811 849 745 840 767 761 750 762 706 726 850 814 703 832 723 803 824 688 748 766 845 790 795 826 843 778 742 730 802 691 716 715 728 800 808 709 815 791 777 713 796 853 719 699 708 821 819 823 695 834 724 854 775 690 755 756 711 771 784
853 725 702 850 712 782 746 776 736 839 788 802 689 816 855 791 767 707 732 818 721 835 714 742 851 789 699 833 692 841 743 852 822 790 729 733 804 768 716 801 749 796 740 691 786 769 798 720 750 753 757 806 771 832 730 817 775 735 825 717 799 759 783 737 779 837 704 765 744 728 848 797 792 811 813 812 698 718 772 687 843 787 770 739 741 808 809 814 763 807 838 793 758 748 755 856 708 762 764 844 709
854 746 792 736 804 816 749 708 835 741 825 757 730 814 703 793 748 787 779 832 836 850 772 855 712 720 698 799 718 763 707 837 790 735 788 807 852 716 687 782 739 803 709 817 759 769 728 743 758 797 742 840 721 699 822 831 798 775 729 689 809 808 765 811 780 751 789 767 705 833 791 783 771 762 753 691 764 806 786 838 761 713 755 732 856 768 740 821 747 818 702 839 815 723 737 745 750 733 819 714 796
855 770 718 836 704 829 764 693 799 741 763 722 792 781 838 691 835 785 751 734 809 803 768 787 793 807 696 762 752 754 796 700 842 794 853 817 771 740 820 739 778 723 738 791 790 849 832 767 779 783 797 848 814 759 720 758 833 699 834 826 808 750 730 802 850 713 784 775 745 766 726 815 837 854 840 695 805 824 761 716 760 777 773 706 822 795 821 714 687 786 715 689 818 756 782 845 742 757 843 748 709
856 707 725 789 767 691 816 768 702 796 806 714 699 833 822 818 732 839 788 742 813 791 689 771 736 712 802 850 775 704 743 746 744 721 790 829 757 692 786 733 749 762 832 776 794 821 795 852 710 690 715 782 837 773 812 848 756 722 801 760 854 820 720 737 700 842 803 841 851 799 750 826 808 713 693 784 770 843 738 810 836 717 855 761 792 793 831 755 740 711 787 785 706 734 751 727 763 805 705 724 814
