697
800 713 747 753 890 
774 776 798 803 804 810 811 825 697 703 857 858 859 729 861 862 863 864 865 866 867 868 869 870 871 872 873 874 875 876 877 878 879 880 881 882 883 884 885 886 887 888 889 893 894 895 

698
708 871 776 878 880 886 825 
769 869 811 798 819 698 890 859 861 894 703 

703
880 828 
769 772 774 776 798 800 803 804 810 811 825 698 697 830 703 708 840 713 753 857 858 859 729 861 862 863 864 865 866 867 868 869 870 871 872 873 874 875 876 877 878 879 745 881 882 883 884 885 886 887 888 889 890 893 894 895 

708
856 698 747 823 
772 776 798 803 804 805 745 810 825 703 708 857 858 859 729 861 862 863 864 865 866 867 868 870 871 872 873 874 875 876 877 878 879 880 881 882 883 884 885 886 887 888 889 893 894 895 

713
830 697 774 823 
769 776 798 803 804 811 825 703 713 856 857 858 859 729 861 862 863 864 865 866 867 868 869 870 871 872 873 874 875 876 877 878 879 880 881 882 753 884 885 886 887 888 889 890 883 893 894 895 

719
800 
769 776 798 803 804 811 825 719 856 857 729 858 859 861 862 863 864 865 866 867 868 869 870 871 872 873 874 875 876 877 878 879 880 881 882 753 884 885 886 887 888 889 890 883 893 894 895 

729
878 886 
769 772 774 776 798 800 803 805 810 811 819 823 697 825 828 830 703 708 840 713 719 857 858 859 729 862 864 865 866 867 868 869 870 871 872 873 874 745 875 877 747 879 880 881 883 884 885 887 890 893 894 895 

745
774 
769 772 776 798 803 804 745 811 819 825 703 708 840 856 857 858 859 729 861 862 863 864 865 866 867 868 869 870 871 872 873 874 875 876 877 878 879 880 881 882 753 884 885 886 887 888 889 890 883 893 894 895 

747
880 697 800 708 
772 776 798 811 825 857 858 859 729 861 862 863 864 865 866 867 868 869 870 871 872 873 874 875 876 877 878 879 747 881 882 883 884 885 886 887 888 889 890 893 894 895 

753
856 889 697 861 
772 774 776 798 800 803 804 805 745 810 811 825 828 830 703 840 713 719 857 858 859 862 863 864 865 866 867 868 869 870 871 872 873 874 875 876 877 878 879 880 881 882 883 884 885 886 887 888 753 893 894 895 

769
890 774 
769 772 776 803 804 745 805 810 819 823 825 698 830 703 840 713 719 857 858 859 729 861 862 863 864 865 866 867 868 870 871 872 873 874 875 876 877 878 879 880 881 882 883 884 885 886 887 888 889 893 894 895 

772
800 828 
769 772 774 776 798 803 804 745 810 811 747 819 823 825 830 703 708 840 857 858 859 729 861 862 863 864 865 866 867 868 869 870 871 872 873 874 875 876 877 878 879 880 881 882 753 884 885 886 887 888 889 890 883 893 894 895 

774
769 745 810 713 823 856 830 
772 774 776 798 803 804 825 697 703 890 857 858 859 729 861 862 863 864 865 866 867 868 870 871 872 873 874 875 876 877 878 879 880 881 882 883 884 885 886 887 888 889 753 893 894 895 

776
873 698 
769 772 774 776 798 800 803 804 805 810 811 819 823 825 697 828 830 703 708 840 713 719 856 857 729 858 859 861 862 863 864 865 866 868 869 870 871 745 747 876 875 878 879 880 753 882 881 884 883 886 888 889 890 893 894 895 

798

772 774 776 798 800 803 804 745 805 810 811 747 819 823 825 698 697 828 830 703 708 840 713 753 719 856 857 858 859 729 861 862 863 864 865 866 867 868 869 870 871 872 873 874 875 876 877 878 879 880 881 882 883 884 885 886 887 888 889 890 893 894 895 

800
772 747 719 697 828 
776 798 800 803 804 819 825 703 840 890 857 858 859 729 861 862 863 864 865 866 867 868 869 870 871 872 873 874 875 876 877 878 879 880 881 882 883 884 885 886 887 888 889 753 893 894 895 

803

769 772 774 776 798 800 803 804 805 810 811 819 823 825 697 828 830 703 708 713 719 856 857 858 859 729 861 862 863 864 865 866 867 868 869 870 871 872 873 874 875 876 877 878 879 745 881 882 753 884 885 886 887 888 889 890 883 893 894 895 

804
888 889 
769 772 774 776 798 800 803 804 805 810 811 819 823 697 825 828 830 703 708 840 713 719 857 858 859 862 864 865 866 867 868 869 870 871 872 873 874 875 745 877 879 880 881 753 883 884 885 887 890 893 894 895 

805
828 
769 776 798 803 804 805 811 825 708 856 857 858 859 729 861 862 863 864 865 866 867 868 869 870 871 872 873 874 875 876 877 878 879 881 882 753 884 885 886 887 888 889 890 883 893 894 895 

810
856 774 
769 772 776 798 803 804 810 811 819 825 697 830 703 708 840 857 858 859 729 861 862 863 864 865 866 867 868 869 870 871 872 873 874 875 876 877 878 879 880 881 882 753 884 885 886 887 888 889 890 883 893 894 895 

811

772 776 798 803 804 805 745 810 811 747 819 823 825 698 697 828 830 703 840 713 719 857 858 859 729 861 862 863 864 865 866 867 868 870 871 872 873 874 875 876 877 878 879 880 881 882 883 884 885 886 887 888 889 753 893 894 895 

819
880 
769 772 776 798 800 803 804 810 811 819 825 698 857 858 859 729 861 862 863 864 865 866 867 868 869 870 871 872 873 874 875 876 877 878 879 745 881 882 883 884 885 886 887 888 889 890 893 894 895 

823
708 774 840 713 880 
769 772 776 798 803 804 811 823 825 857 858 859 729 861 862 863 864 865 866 867 868 869 870 871 872 873 874 875 876 877 878 879 881 882 883 884 885 886 887 888 889 890 893 894 895 

825
698 884 
769 772 774 776 798 800 803 804 805 810 811 819 823 876 697 825 828 830 703 708 840 713 719 857 858 859 729 861 862 863 865 866 867 868 869 870 871 872 745 874 873 747 877 875 879 880 753 881 878 883 885 886 887 888 882 890 893 894 895 

828
800 772 805 703 
776 798 803 804 811 825 828 857 858 859 729 861 862 863 864 865 866 867 868 869 870 871 872 873 874 875 876 877 878 879 881 882 753 884 885 886 887 888 889 890 883 893 894 895 

830
713 774 
769 772 776 798 803 804 810 811 825 830 703 753 857 858 859 729 861 862 863 864 865 866 867 868 869 870 871 872 873 874 875 876 877 878 879 880 881 882 883 884 885 886 887 888 889 890 893 894 895 

840
823 
769 772 776 798 800 804 745 810 811 825 703 840 857 858 859 729 861 862 863 864 865 866 867 868 869 870 871 872 873 874 875 876 877 878 879 880 881 882 753 884 885 886 887 888 889 890 883 893 894 895 

856
708 774 810 753 888 861 
776 798 803 805 713 719 856 857 858 859 862 865 866 867 868 870 871 872 873 874 875 745 877 879 880 881 883 884 885 886 887 890 894 895 

857
865 
769 772 774 776 798 800 803 804 805 810 811 819 875 823 825 697 828 830 703 708 879 840 713 719 881 856 729 858 859 857 861 863 864 866 867 869 870 872 873 874 745 876 877 878 747 880 753 882 883 884 885 886 887 888 889 890 893 894 895 

858
871 
769 772 774 776 798 800 803 804 805 810 811 819 875 823 825 697 828 830 703 708 879 840 713 719 856 729 857 859 858 861 862 863 864 865 866 867 868 869 872 873 745 747 876 877 878 874 880 753 882 883 884 885 886 887 888 889 890 893 894 

859

769 772 774 776 798 800 803 804 805 873 810 811 819 823 825 697 698 828 877 830 703 708 840 713 719 856 857 858 729 859 861 862 863 864 865 866 867 868 869 870 871 872 745 874 747 876 875 878 879 880 881 753 882 884 883 886 887 888 889 890 893 894 895 

861
856 753 863 
769 772 774 776 798 800 803 805 810 811 819 823 697 698 825 828 830 703 708 840 713 719 857 858 859 861 862 864 865 866 867 868 869 870 871 872 873 874 745 875 877 747 879 880 881 882 883 884 885 886 887 890 893 894 895 

862

769 772 774 776 798 800 803 804 805 810 811 819 875 823 825 697 828 830 703 708 879 840 713 719 881 856 729 858 859 861 862 863 864 866 867 869 870 871 872 873 745 747 876 877 878 874 880 753 882 883 884 885 886 887 888 889 890 893 894 895 

863
861 878 
769 772 774 776 798 800 803 805 810 811 819 823 697 825 828 830 703 708 840 713 719 857 858 859 862 863 864 865 866 867 868 869 870 871 872 873 874 745 875 877 747 879 880 881 753 883 884 885 887 890 893 894 895 

864
893 
769 772 774 776 798 800 803 804 805 810 811 819 875 823 697 828 830 703 708 840 713 719 857 858 859 729 861 862 863 864 865 866 867 868 869 870 871 872 745 874 747 873 877 878 879 880 753 881 876 882 885 886 887 888 889 890 883 894 895 

865
857 
769 772 774 776 798 800 803 804 805 810 811 819 875 823 825 697 828 830 703 708 840 713 719 881 856 729 858 859 861 863 864 865 866 867 869 870 871 872 873 745 874 876 877 878 747 880 753 882 879 884 885 886 887 888 889 890 883 893 894 895 

866

769 772 774 776 798 800 803 804 805 810 811 819 823 825 697 828 830 703 708 840 713 719 856 729 857 859 858 861 862 863 864 865 866 867 868 869 870 871 872 873 745 747 876 877 878 874 880 753 882 875 884 885 886 887 888 889 890 883 893 

867
874 887 
769 772 774 798 800 803 804 805 810 811 819 823 825 697 828 830 703 708 840 713 719 856 857 729 858 859 861 862 863 864 865 866 867 868 869 870 871 745 747 876 875 878 879 880 881 882 753 884 883 886 888 889 890 893 894 895 

868

769 772 774 776 798 800 803 804 805 810 811 819 875 823 825 697 828 830 703 708 879 840 713 719 881 856 729 858 859 861 863 864 866 867 868 869 870 871 872 873 874 747 876 877 878 745 880 753 882 883 884 885 886 887 888 889 890 893 894 895 

869
890 
772 776 798 800 803 804 745 805 810 747 819 823 825 698 697 828 830 703 840 713 719 857 858 859 729 861 862 863 864 865 866 867 868 869 870 871 872 873 874 875 876 877 878 879 880 881 882 883 884 885 886 887 888 889 753 893 894 895 

870
881 879 895 
769 772 774 776 798 800 803 804 805 810 811 819 823 697 825 828 830 703 708 840 713 719 856 729 857 859 861 862 863 864 865 866 867 868 869 870 872 873 745 747 876 877 878 874 880 753 882 875 884 885 886 887 888 889 890 883 893 

871
698 858 
769 772 774 776 798 800 803 804 805 810 811 819 823 825 697 828 830 703 708 840 713 719 856 729 859 861 862 863 864 865 866 867 868 869 871 872 873 874 747 876 877 878 745 880 753 882 875 884 885 886 887 888 889 890 883 893 894 

872

769 772 774 798 800 803 804 805 810 811 819 823 825 697 828 877 830 703 708 840 713 719 856 729 857 858 859 861 862 863 864 865 866 868 869 870 871 872 745 747 876 875 878 879 880 753 882 881 884 883 886 888 889 890 893 894 895 

873
776 
769 772 774 798 800 803 804 805 810 811 819 823 825 697 828 877 830 703 708 840 713 719 856 857 858 729 859 861 862 863 864 865 866 868 869 870 871 745 873 747 876 875 878 879 880 753 882 881 884 883 886 887 888 889 890 893 894 895 

874
867 
769 772 774 798 800 803 804 805 810 811 819 823 825 697 828 877 830 703 708 840 713 719 856 857 729 858 859 861 862 863 864 865 866 868 869 870 871 745 874 747 876 875 878 879 880 753 882 881 884 883 886 888 889 890 893 894 895 

875

769 772 774 776 798 800 803 804 805 810 811 874 819 875 823 825 697 828 830 703 708 840 713 719 856 729 858 859 857 861 862 863 864 865 866 867 868 869 870 871 872 745 873 747 876 877 878 879 880 753 882 881 884 885 886 887 888 889 890 883 893 894 895 

876

769 772 774 776 798 800 803 805 810 811 819 823 876 697 825 828 830 703 708 840 713 719 857 858 859 862 864 865 866 867 868 869 870 871 872 873 874 745 875 877 747 879 880 881 753 883 884 885 887 890 893 894 895 

877

769 772 774 798 800 803 804 805 810 811 874 819 823 825 697 828 877 830 703 708 840 713 719 856 857 729 858 859 861 862 863 864 865 866 868 869 870 871 872 745 873 747 876 875 878 879 880 753 882 881 884 883 886 887 888 889 890 893 894 895 

878
729 888 889 698 863 
769 772 774 776 798 800 803 805 810 811 819 823 697 825 828 830 703 878 708 840 713 719 857 858 859 862 864 865 866 867 868 869 870 871 872 873 874 875 745 877 747 879 880 881 753 883 884 885 882 887 890 893 894 895 

879
870 
769 772 774 776 798 800 803 804 805 810 811 819 823 825 697 828 830 703 708 879 840 713 719 856 729 857 859 858 861 862 863 864 865 867 868 869 872 873 874 747 876 877 878 745 880 753 882 875 884 885 886 887 888 889 890 883 893 895 

880
747 819 823 698 703 
769 772 774 776 798 800 804 810 811 825 697 830 708 840 713 880 719 856 857 858 859 729 861 862 863 864 865 866 867 868 869 870 871 872 873 874 875 876 877 878 879 745 881 882 753 884 885 886 887 888 889 890 883 893 894 895 

881
870 
769 772 774 776 798 800 803 804 805 810 811 819 823 697 825 828 830 703 708 840 713 719 881 856 729 857 859 861 862 863 864 865 867 868 869 872 745 873 747 876 877 878 874 880 753 882 875 884 885 886 887 888 889 890 883 893 894 

882

769 772 774 776 798 800 803 805 810 811 819 823 697 825 828 830 703 708 840 713 719 857 858 859 861 862 864 865 866 867 868 869 870 871 872 873 874 875 745 877 747 879 880 881 753 883 884 885 878 887 888 882 890 893 894 895 

883

769 772 774 776 798 800 803 804 805 810 811 819 875 823 825 697 828 830 703 708 840 713 719 856 857 858 729 859 861 862 863 864 865 866 867 868 869 870 871 872 745 874 873 876 877 878 879 880 881 882 753 747 885 886 887 888 889 890 884 883 893 894 895 

884
825 893 
769 772 774 776 798 800 803 804 805 873 810 811 819 823 697 828 830 703 708 840 713 719 856 857 858 859 729 861 862 863 865 866 867 868 869 870 871 872 745 874 747 876 877 878 879 880 753 881 882 875 885 886 887 888 889 890 883 884 894 895 

885

769 772 774 798 800 803 804 805 810 811 819 823 825 697 828 830 703 708 840 713 719 856 857 858 729 861 862 863 864 865 866 868 869 870 871 745 747 876 875 878 879 880 753 882 881 884 883 886 885 888 889 890 893 894 895 

886
729 698 
769 772 774 776 798 800 803 805 810 811 819 823 697 825 828 830 703 708 840 713 719 856 857 858 859 861 862 864 865 866 867 868 869 870 871 872 873 874 745 875 877 747 879 880 881 753 883 884 885 886 887 888 890 893 894 895 

887
867 
769 772 774 798 800 803 804 805 810 811 819 823 825 697 828 877 830 703 708 840 713 719 856 857 729 858 859 861 862 863 864 865 866 868 869 870 871 745 873 747 876 875 878 879 880 753 882 881 884 883 886 887 888 889 890 893 894 895 

888
856 804 878 
769 772 774 776 798 800 803 805 810 811 819 823 697 825 828 830 703 708 840 713 719 857 858 859 862 864 865 866 867 868 869 870 871 872 873 874 745 747 877 875 879 880 881 753 883 884 885 882 887 886 888 890 893 894 895 

889
753 804 878 
769 772 774 776 798 800 803 805 810 811 819 823 697 828 830 703 708 840 713 719 857 858 859 862 864 865 866 867 868 869 870 871 872 873 874 745 747 877 875 879 880 881 883 884 885 887 889 890 893 894 895 

890
697 869 769 
772 774 776 798 800 803 804 805 745 810 747 819 823 825 698 828 830 703 840 713 719 856 857 858 859 729 861 862 863 864 865 866 867 868 870 871 872 873 874 875 876 877 878 879 880 881 882 883 884 885 886 887 888 889 890 893 894 895 

893
864 884 
769 772 774 776 798 800 803 804 805 810 811 819 875 823 825 697 828 830 703 708 840 713 719 857 858 859 729 861 862 863 865 866 867 868 869 870 871 872 873 874 745 876 877 878 879 880 881 882 753 747 885 886 887 888 889 890 883 893 894 895 

894

769 772 774 776 798 800 803 804 805 810 811 819 823 825 697 698 828 830 703 708 840 713 719 881 856 729 857 859 858 861 862 863 864 865 867 868 869 871 872 873 874 747 876 877 878 745 880 753 882 875 884 885 886 887 888 889 890 883 893 894 895 

895
870 
769 772 774 776 798 800 803 804 805 810 811 819 823 825 697 828 830 703 708 879 840 713 719 856 729 857 859 861 862 863 864 865 867 868 869 872 873 745 747 876 877 878 874 880 753 882 875 884 885 886 887 888 889 890 883 893 894 895 

