34

514 516 518 519 523 527 531 532 535 536 539 541 543 546 547 548 551 552 555 556 557 562 568 570 350 352 354 355 359 360 362 365 367 368 369 372 375 376 380 382 384 385 387 388 389 390 396 397 398 402 403 406 407 408 409 410 412 418 419 420 421 423 426 432 437 439 440 442 445 446 450 452 457 458 462 463 467 469 470 471 475 477 479 481 482 484 487 488 489 490 491 494 495 497 499 502 503 505 507 510 

173

512 514 516 519 521 522 528 531 532 535 536 539 540 541 543 547 548 552 555 556 557 568 570 572 350 352 354 355 356 359 360 361 362 365 367 368 369 371 372 375 382 384 385 386 387 388 396 397 403 406 407 408 409 410 411 412 418 420 421 422 426 429 433 437 439 440 442 444 445 449 450 452 455 458 461 462 463 467 469 470 471 472 474 479 481 482 484 487 489 491 494 495 498 499 502 504 507 508 510 511 

198

515 519 521 525 526 531 535 536 537 539 540 541 543 544 545 546 548 552 555 556 557 558 560 350 352 353 354 355 360 361 362 363 365 366 367 368 369 370 372 382 387 388 395 396 397 398 400 403 404 406 407 408 409 413 415 417 419 420 421 422 423 426 430 431 432 435 439 440 442 444 445 446 449 450 451 452 455 458 460 462 463 465 469 470 475 479 481 482 487 489 490 493 494 495 502 504 507 508 510 511 

348
514 516 389 510 402 404 532 406 535 408 412 414 420 423 427 556 559 433 436 567 440 456 463 470 350 479 353 482 355 376 357 486 356 489 366 367 499 372 504 508 382 511 
384 386 552 464 443 348 

349

518 519 521 526 528 531 532 533 535 536 539 540 543 546 547 548 551 552 554 555 556 557 558 562 569 571 350 352 354 355 357 359 362 365 368 369 370 371 372 375 380 382 384 386 389 390 391 396 397 398 403 405 407 409 410 413 415 418 419 420 421 422 424 429 432 433 435 443 444 445 449 450 451 452 457 459 462 463 465 466 469 471 474 480 481 482 486 487 489 491 493 494 498 499 502 503 504 505 509 510 

350
531 348 519 
512 521 522 529 530 532 534 535 536 539 540 34 547 548 549 555 558 562 564 568 570 572 173 349 352 354 358 361 362 365 366 367 368 371 372 375 376 377 379 382 383 386 387 390 393 396 399 403 405 406 410 411 413 414 415 416 427 429 434 435 437 439 441 443 445 446 447 448 450 451 452 453 454 460 462 463 464 466 467 468 469 470 474 476 478 480 481 485 487 489 491 495 498 499 501 502 508 

351

512 514 515 519 521 525 526 535 536 537 539 540 541 545 547 548 552 555 556 557 558 559 560 568 571 352 353 355 361 363 365 366 367 368 370 372 374 375 382 388 395 396 397 400 402 403 404 406 407 409 413 414 415 416 417 419 420 421 422 423 430 431 432 438 439 440 442 444 445 446 449 451 452 458 460 463 465 469 470 471 473 475 479 480 482 484 487 489 490 491 493 494 496 497 502 504 507 508 510 511 

352

516 518 519 522 528 529 530 531 533 534 535 539 541 543 34 547 548 549 546 551 552 554 555 557 562 563 565 568 569 570 571 173 198 349 351 354 355 357 358 359 361 364 367 369 372 381 382 384 389 390 393 396 397 399 403 405 407 410 413 415 418 421 424 427 429 432 433 435 441 442 448 449 450 455 457 458 459 464 466 468 469 470 474 476 477 478 480 481 485 486 489 490 491 501 502 504 505 508 509 510 

353
348 
516 518 519 522 528 529 530 531 532 533 534 535 541 543 546 547 34 549 551 552 554 555 562 564 568 571 572 173 198 349 351 354 355 356 358 359 361 362 364 365 367 369 371 372 377 379 380 382 383 385 386 390 393 396 399 403 405 406 407 410 411 418 422 425 427 429 433 435 437 441 443 447 448 449 450 453 454 455 457 459 464 466 467 468 470 472 474 476 477 481 485 489 498 499 501 504 505 509 510 

354
397 
516 518 525 526 527 534 536 538 540 541 544 545 34 549 552 554 556 558 560 563 567 569 570 571 173 350 352 353 356 357 366 368 369 371 373 375 377 379 380 381 383 384 387 389 394 398 400 402 407 408 409 411 413 414 416 420 423 425 427 430 434 436 439 443 444 445 446 448 451 453 456 457 459 462 464 468 469 471 472 473 477 479 480 483 484 485 486 487 490 494 495 496 498 502 503 505 508 509 511 

355
348 
512 514 518 520 525 526 529 532 536 538 539 540 542 544 34 549 551 554 556 560 563 564 571 572 173 349 351 352 353 357 358 362 365 366 368 371 375 377 378 379 380 381 383 385 387 389 390 392 393 394 398 400 404 408 409 414 419 423 425 427 428 430 431 434 436 439 440 441 442 443 444 445 447 448 453 454 456 457 459 462 464 465 468 469 473 477 478 480 484 486 488 492 493 494 495 498 505 508 511 

356

514 517 519 520 521 526 529 531 535 539 540 541 542 543 544 546 547 548 549 553 555 556 557 558 560 563 565 568 569 570 173 353 354 359 361 362 366 367 368 370 371 372 378 382 388 389 395 396 397 398 400 402 403 409 410 414 415 416 418 419 421 422 424 425 427 428 435 436 439 440 442 445 446 449 450 456 457 459 463 464 469 471 474 475 477 480 481 483 486 489 490 491 493 497 500 502 503 504 507 508 

357

514 519 521 526 528 529 530 531 532 533 535 536 538 34 547 548 552 553 555 556 557 558 562 565 568 570 571 572 349 352 354 355 356 359 360 361 362 363 365 367 368 371 372 375 377 382 383 384 385 386 387 388 390 394 396 398 403 404 405 406 409 410 412 415 417 418 422 426 429 437 445 448 450 452 454 455 460 461 462 463 467 470 473 474 475 481 482 489 490 491 493 494 495 499 502 504 507 508 510 511 

358

512 514 515 519 523 524 525 526 527 528 535 538 539 541 542 545 546 547 548 552 555 556 557 558 559 561 563 566 570 350 352 353 355 363 366 367 368 370 374 375 376 378 382 384 388 394 395 396 397 398 400 403 407 408 409 412 413 414 415 417 418 419 421 423 427 428 430 432 433 434 436 439 440 450 452 455 456 458 460 473 475 479 482 484 487 488 489 493 494 496 497 500 502 503 504 506 507 508 510 511 

359

514 516 521 525 526 532 533 534 535 536 537 538 540 541 542 34 549 556 558 563 567 570 571 572 173 349 352 353 356 357 362 365 366 368 371 374 375 377 381 383 385 386 387 389 392 394 398 400 404 406 408 409 411 413 415 416 417 420 421 423 425 427 428 430 431 436 437 440 443 444 445 451 453 456 457 459 462 464 465 468 469 472 477 478 480 483 484 486 487 493 494 495 496 498 499 505 507 508 509 511 

360
442 543 
512 516 518 522 529 530 531 532 533 534 535 536 539 540 541 34 547 546 549 551 552 554 562 564 568 569 571 572 173 198 349 350 351 356 357 358 359 361 364 367 368 369 371 375 379 380 381 382 384 389 390 399 404 407 410 411 424 425 427 429 433 437 440 441 443 447 448 449 450 453 455 457 459 462 464 466 467 468 469 472 474 476 477 478 480 481 485 486 487 489 490 491 494 498 501 502 505 509 

361

513 516 518 524 526 528 533 536 538 540 542 543 544 545 549 551 552 554 558 559 560 561 563 564 567 350 352 353 357 368 369 370 371 375 378 380 381 384 385 387 389 391 392 393 394 397 398 400 402 404 407 408 409 414 417 419 420 421 423 424 425 426 427 428 430 431 432 433 439 443 445 448 449 451 454 455 456 457 459 465 468 469 471 472 480 482 484 485 486 487 488 490 492 493 494 495 496 505 509 511 

362
482 
516 518 522 528 530 531 533 534 541 543 546 547 548 549 34 551 552 554 555 557 562 563 564 565 568 569 571 572 173 198 349 350 354 355 356 357 359 361 367 369 380 381 382 384 389 393 397 403 405 406 407 410 411 416 419 420 424 426 427 429 432 433 434 435 440 443 446 447 449 450 452 453 454 455 457 458 459 462 464 466 467 468 469 470 471 472 474 477 478 480 485 486 487 490 491 496 502 505 510 

363
481 455 
512 516 518 522 529 530 531 532 534 535 539 541 543 546 547 34 549 551 554 557 562 563 564 568 570 571 572 173 198 349 351 354 356 357 358 359 361 365 369 372 377 379 380 381 382 383 384 386 387 389 390 393 396 397 405 406 407 410 411 418 421 424 425 427 429 433 435 437 441 443 445 447 448 449 450 453 454 457 459 466 467 468 469 470 472 474 477 480 485 486 489 490 491 498 499 501 505 509 

364

512 514 519 521 523 526 531 535 536 537 539 541 543 544 545 546 548 552 555 556 557 558 559 560 563 566 568 569 570 352 353 361 362 366 368 369 370 372 374 375 376 382 388 392 395 396 397 398 400 403 404 407 408 409 412 415 416 418 419 420 421 422 423 426 432 433 435 439 440 442 444 445 449 450 451 452 460 462 463 469 470 471 475 477 480 481 482 487 489 490 492 493 494 495 500 503 504 507 510 511 

365
556 
516 518 521 522 528 529 530 531 534 535 539 541 543 546 34 547 549 548 552 554 557 562 563 568 571 173 198 349 350 354 355 359 361 363 367 369 371 372 374 378 381 384 385 392 396 397 399 403 404 409 410 413 414 416 418 419 421 422 425 426 427 429 430 441 442 443 446 448 449 450 452 453 454 455 460 462 463 464 466 468 474 475 476 477 478 480 482 485 486 489 490 491 493 496 500 501 502 508 509 

366
555 348 
516 519 522 528 529 530 531 532 533 534 535 540 543 546 547 34 551 552 554 557 558 562 563 564 569 571 572 198 349 350 351 354 355 356 357 358 359 361 364 369 377 379 380 381 382 383 384 386 389 393 396 397 399 403 405 406 407 410 411 422 424 425 426 429 433 437 439 441 442 443 447 448 449 453 454 455 457 459 462 463 466 467 468 470 472 474 476 477 480 481 485 486 489 498 499 505 509 510 

367

512 516 518 521 532 533 536 538 540 543 34 549 551 552 554 558 560 563 569 570 571 572 173 198 350 351 352 353 356 357 358 362 365 368 369 371 377 379 380 381 383 384 386 387 389 390 392 394 397 398 402 404 405 406 408 409 411 413 415 421 424 425 427 428 433 436 437 439 441 444 445 447 448 451 453 457 459 462 464 467 468 469 472 473 476 477 480 485 486 488 494 495 496 498 499 501 505 508 509 511 

368

516 518 519 522 529 530 531 534 535 539 541 543 34 547 548 549 546 551 552 554 557 558 562 563 564 568 173 198 349 351 354 355 356 357 358 359 361 364 367 369 372 376 377 379 380 381 382 383 384 389 390 393 396 397 399 403 405 406 407 410 411 418 422 424 426 427 429 433 435 439 442 443 447 448 449 450 453 454 457 464 466 468 469 470 472 474 477 478 480 481 485 486 490 491 496 498 502 505 508 509 

369

512 514 519 520 521 522 525 532 534 535 536 539 542 545 34 547 548 555 556 557 558 559 560 562 566 568 569 570 571 173 349 352 354 361 362 365 366 367 368 371 372 373 375 377 382 383 385 386 387 388 390 394 398 399 400 404 405 406 408 410 413 414 415 416 417 427 428 429 431 434 436 437 438 440 445 446 448 450 451 452 458 462 463 464 467 470 476 479 482 489 490 491 492 493 495 503 506 507 508 511 

370

512 519 521 522 528 529 530 531 532 533 534 535 536 539 541 543 34 547 546 549 552 562 564 568 571 572 173 198 349 350 351 354 355 356 358 359 361 362 364 365 367 368 369 371 372 375 377 379 380 383 384 386 390 393 394 396 399 404 405 406 407 410 411 422 426 427 429 433 437 440 441 443 445 447 448 450 453 454 455 457 462 464 466 467 468 470 472 474 476 478 481 489 491 498 499 501 502 504 508 510 

371

513 515 516 519 525 528 530 531 533 534 537 539 540 541 543 546 547 548 551 552 554 555 557 563 568 569 571 349 350 353 354 355 356 357 359 361 365 367 369 372 377 380 382 383 384 387 388 389 390 394 396 397 403 405 406 407 410 418 420 421 422 424 426 432 433 436 439 440 444 446 449 450 452 455 457 458 459 466 469 470 471 472 474 475 477 478 480 481 482 485 487 490 491 496 502 504 505 507 508 510 

372

512 513 515 517 520 521 524 525 526 528 532 533 535 536 537 538 542 544 34 549 551 552 554 556 560 561 565 566 569 571 572 173 198 349 350 352 353 356 363 365 368 369 371 374 375 378 380 381 384 385 386 391 394 398 400 404 406 407 408 414 416 419 425 427 430 431 433 434 436 437 438 440 441 445 451 456 458 461 462 464 465 471 472 476 477 478 482 484 485 490 491 492 494 496 497 499 506 507 508 511 

373
498 563 
516 518 521 522 529 530 531 532 533 534 540 541 34 547 549 551 554 555 557 562 564 568 569 571 572 173 198 349 351 352 354 356 357 358 359 361 364 369 371 372 377 379 380 381 382 383 386 389 393 396 399 403 405 406 409 410 418 422 424 426 429 435 437 440 441 442 443 449 453 454 455 457 458 459 462 464 466 467 468 469 470 472 474 476 477 478 480 481 485 486 489 499 501 504 505 508 509 510 

374

516 518 519 522 529 530 531 532 533 534 539 541 543 34 547 546 549 548 551 554 557 562 564 568 572 198 349 351 354 356 357 358 359 361 364 365 367 369 371 372 377 379 380 381 382 383 384 386 389 390 393 396 399 403 405 406 407 410 411 422 424 429 433 435 437 440 441 443 447 448 449 450 453 454 455 457 459 462 466 467 468 469 470 472 474 476 477 478 480 481 485 486 490 498 499 501 502 505 508 509 

375

516 519 522 523 528 529 530 531 534 535 540 541 543 544 34 546 547 549 551 552 554 555 558 562 563 565 568 569 571 572 173 349 350 351 354 355 357 359 360 361 365 369 372 378 380 381 382 389 390 393 396 397 402 403 405 407 410 411 414 418 422 424 426 427 429 433 435 442 443 446 448 449 450 455 457 458 459 460 463 464 466 467 469 470 474 477 478 480 481 485 486 489 490 491 495 502 504 508 509 510 

376
487 426 538 410 348 
516 518 521 522 528 529 532 533 534 536 540 541 543 34 551 552 554 560 562 564 568 569 571 572 173 198 349 350 351 352 356 357 358 362 364 368 371 372 375 377 379 380 381 382 383 384 386 389 393 399 404 406 407 408 409 411 421 424 425 429 433 437 440 441 443 445 447 448 449 453 455 457 459 462 464 466 467 468 472 476 477 478 480 485 486 493 494 498 499 501 504 505 508 509 510 

377

512 516 517 518 519 521 526 528 531 535 536 543 545 546 551 552 554 555 556 557 561 563 565 566 567 350 353 354 355 357 359 363 366 367 368 369 371 374 378 380 381 382 384 385 388 389 391 394 396 397 398 403 404 405 407 409 413 414 415 418 419 420 421 424 426 432 433 435 442 445 449 451 452 455 456 457 459 463 465 469 471 475 477 484 485 486 487 488 489 491 493 494 496 502 504 505 507 509 510 511 

378

516 518 519 521 522 528 529 530 531 532 533 534 535 539 541 543 34 546 547 549 554 555 557 562 564 568 570 571 572 173 351 354 355 356 357 358 359 361 365 371 372 375 377 379 380 382 383 384 386 393 396 397 399 403 405 406 407 410 411 415 418 427 429 433 435 437 440 441 443 447 448 449 450 453 454 455 457 459 462 463 464 466 467 468 469 470 472 474 476 477 480 481 485 489 498 499 501 504 505 510 

379

513 514 515 517 519 521 523 524 525 526 527 528 531 533 535 537 538 539 542 545 546 547 552 555 557 558 559 561 565 566 567 350 353 354 355 359 361 363 366 367 368 370 373 374 376 378 382 384 388 391 395 396 404 407 409 412 413 414 415 417 418 419 420 423 428 431 432 433 434 436 438 440 442 445 452 455 456 458 460 461 465 470 471 475 482 484 487 488 489 491 493 494 495 502 504 506 507 508 510 511 

380

512 514 519 521 526 529 531 535 539 540 541 545 34 547 548 546 555 556 557 558 559 560 562 565 568 569 570 571 173 349 352 353 354 355 359 360 361 362 363 366 367 368 371 372 375 376 377 382 383 388 390 391 394 396 402 403 404 405 406 410 412 414 415 417 418 423 427 428 431 432 434 437 440 446 450 451 452 455 458 460 462 463 464 470 474 475 481 482 489 490 491 493 495 496 500 502 504 507 508 511 

381

512 514 519 521 529 533 535 539 541 542 545 546 547 548 553 555 556 557 558 559 560 562 566 568 569 570 571 349 352 354 355 359 360 361 362 365 366 367 368 372 373 374 375 377 382 383 385 386 388 390 391 394 396 398 402 404 405 406 408 410 412 413 414 415 417 426 427 431 432 433 437 444 445 446 448 450 451 452 458 460 461 462 463 466 470 475 479 482 489 490 491 493 495 502 503 504 507 508 510 511 

382
348 
512 513 516 517 518 523 525 526 529 532 533 534 536 537 538 544 34 552 554 561 567 569 570 572 173 349 351 352 353 356 357 362 366 368 369 371 375 377 378 379 380 381 383 384 385 387 389 390 391 394 398 400 406 408 411 413 414 416 417 419 420 425 427 428 431 439 440 443 445 446 448 451 453 454 461 462 464 465 468 471 472 473 477 478 483 484 485 486 488 492 494 496 499 502 503 505 508 509 511 

383

517 519 521 522 526 528 529 531 535 536 539 543 544 545 546 548 552 554 556 557 559 560 561 563 565 566 567 350 353 354 355 357 359 363 366 367 368 369 371 372 374 378 382 384 385 388 389 391 394 396 397 398 400 403 404 405 407 409 413 414 418 419 420 421 424 426 431 432 433 442 443 445 446 452 455 456 459 460 463 466 469 471 475 481 484 486 487 488 489 490 491 492 493 494 496 502 504 507 510 511 

384
464 
512 514 521 522 526 530 531 532 535 536 539 540 544 545 34 547 548 549 555 556 557 558 562 565 568 569 571 173 349 352 354 358 360 361 362 365 366 367 368 370 371 372 376 377 379 382 383 385 386 387 390 396 400 403 404 405 406 408 409 410 414 415 416 420 421 427 428 429 430 435 437 439 443 444 446 448 450 451 452 453 458 460 461 465 468 470 471 474 478 481 482 489 491 495 496 499 500 502 508 

385

512 516 518 519 521 522 529 530 531 532 533 539 540 541 543 545 546 547 34 549 551 554 555 557 562 563 568 569 571 572 173 354 355 357 359 361 365 369 372 377 381 382 383 384 386 389 390 396 397 398 403 404 405 406 407 409 410 411 415 419 421 422 424 425 427 429 435 437 440 443 444 445 450 452 453 455 457 458 462 466 467 469 470 472 474 477 480 481 485 489 490 491 493 494 498 499 502 504 505 510 

386

512 513 514 515 516 518 522 528 529 531 537 539 540 541 542 544 545 548 549 551 552 557 558 559 560 563 565 566 568 570 173 349 350 353 355 357 359 363 366 367 369 370 372 381 382 384 385 388 389 390 394 396 398 400 403 405 407 408 410 414 416 419 420 422 424 425 428 430 432 433 434 435 436 439 440 442 444 446 451 452 455 458 466 469 471 477 482 483 484 486 489 490 491 497 502 504 508 509 510 511 

387
415 
512 516 518 519 521 522 528 529 530 531 533 534 535 539 540 541 543 545 546 547 34 551 552 554 557 560 562 568 571 173 198 349 350 354 355 356 357 359 361 362 364 367 369 371 372 375 381 382 384 389 390 396 399 403 404 405 407 410 419 424 427 429 433 434 435 440 441 442 443 446 449 450 452 455 457 458 459 464 466 468 469 470 472 474 476 477 478 480 481 485 486 489 491 501 502 504 505 509 510 

388
450 
516 518 521 522 529 530 531 532 533 534 536 541 543 34 546 549 551 554 555 562 564 568 571 572 173 198 349 351 355 356 357 358 359 364 367 368 369 371 372 377 379 380 381 382 383 384 386 389 393 396 399 403 405 406 407 410 411 422 424 425 426 427 429 435 437 440 441 442 443 447 448 449 453 454 455 458 464 466 467 468 469 470 472 474 476 477 478 480 481 485 486 489 498 499 501 504 508 509 510 

389

512 514 519 521 522 528 529 530 531 533 534 535 539 34 547 548 553 555 556 557 558 560 562 566 568 569 570 571 173 349 352 354 355 356 359 360 361 362 363 367 368 371 372 375 377 382 383 385 386 387 390 394 396 404 405 406 408 410 412 414 415 420 426 427 429 432 433 434 437 444 445 446 450 451 452 454 455 458 460 462 463 464 465 466 467 470 472 474 478 481 482 487 490 491 493 495 504 508 510 511 

390

516 518 521 523 526 528 529 530 532 533 534 535 536 537 540 541 543 34 551 552 554 555 558 563 568 571 349 350 352 355 357 367 368 369 371 374 375 380 381 382 383 384 385 386 389 398 402 403 404 406 407 409 412 415 418 419 420 421 422 424 425 426 428 430 432 433 435 436 437 439 440 445 449 451 452 455 457 458 459 460 462 467 469 472 476 477 478 480 483 484 485 487 494 495 499 504 507 508 510 511 

391

516 518 522 528 529 530 531 532 533 534 535 536 540 541 543 34 547 546 549 551 554 555 557 562 568 570 571 572 198 349 351 354 355 356 357 358 361 362 364 365 369 371 372 377 379 380 381 382 383 386 389 393 396 397 405 406 407 410 411 415 418 424 425 426 427 429 433 435 437 440 442 447 448 449 450 455 457 459 463 464 467 468 469 470 472 474 476 477 478 480 481 485 486 489 498 499 505 508 509 510 

392

519 521 522 529 530 531 532 533 534 535 540 541 543 34 547 546 549 551 554 555 562 564 568 571 572 349 351 354 355 356 358 359 361 364 365 367 369 371 372 377 379 380 381 382 383 384 386 390 393 396 397 399 403 405 406 407 410 411 418 422 424 426 429 435 437 441 442 443 447 448 449 450 453 454 455 457 459 463 466 467 468 470 472 474 476 477 478 480 481 485 489 490 491 498 499 502 504 505 508 510 

393

512 514 515 517 519 521 523 525 526 531 535 536 537 539 540 541 544 548 552 555 556 557 558 559 560 570 350 352 353 355 361 362 363 365 366 367 368 369 370 371 372 374 375 382 388 395 398 400 402 403 404 407 408 409 412 413 414 415 417 420 421 422 423 426 432 433 435 436 438 439 440 442 444 445 446 450 451 452 458 460 463 470 473 475 479 480 482 487 489 490 492 493 495 500 503 504 507 508 510 511 

394

516 518 519 522 528 530 531 532 533 534 535 541 543 546 547 549 551 554 555 557 558 562 565 568 569 571 173 354 355 356 357 358 359 361 362 367 369 371 372 377 380 381 382 383 384 386 389 393 396 397 403 405 407 410 413 415 418 419 421 422 424 425 427 429 432 433 435 437 440 442 443 447 448 449 450 452 455 457 458 459 460 463 466 469 470 472 474 476 477 480 481 485 486 489 499 502 504 505 509 510 

395

516 519 522 528 529 530 531 532 533 534 539 541 543 546 547 34 549 551 555 557 562 563 564 568 571 572 173 198 349 351 354 355 356 358 359 361 364 369 372 377 379 381 382 383 384 386 390 393 396 397 399 405 406 407 410 411 418 424 427 429 433 435 437 440 441 442 443 447 448 449 450 453 454 455 457 458 459 464 466 467 468 470 472 474 476 478 480 481 485 486 489 490 496 498 499 501 504 505 508 510 

396

512 516 517 518 525 529 532 536 537 540 34 551 552 556 559 560 561 563 564 566 567 569 572 173 198 350 352 353 356 357 358 365 366 368 371 375 377 378 379 380 381 383 384 385 386 389 394 398 399 400 406 411 413 414 415 420 421 424 426 427 430 431 437 440 441 443 447 448 449 451 453 456 457 459 462 465 467 468 469 471 472 473 477 478 479 480 482 484 485 486 487 488 492 494 498 499 505 508 509 511 

397
481 354 
512 517 519 521 522 526 529 530 532 534 535 536 537 538 539 542 34 549 556 558 559 560 561 562 564 565 572 173 198 349 351 352 356 358 359 361 362 364 365 367 368 371 372 375 377 378 383 385 394 398 399 404 405 406 408 409 410 412 415 427 429 434 437 438 440 441 445 446 447 448 450 452 454 461 462 464 466 467 468 470 472 475 478 479 482 484 487 488 490 491 493 494 495 496 501 502 508 511 

398

516 518 519 522 523 528 529 530 531 533 534 535 541 543 546 547 548 549 34 552 554 562 563 564 568 569 571 572 173 198 349 354 355 356 357 358 359 361 364 367 369 372 377 381 382 383 384 385 386 390 393 396 397 399 405 406 407 410 411 413 418 421 424 426 427 429 433 437 442 443 446 448 449 450 452 453 454 455 457 458 459 463 464 466 467 468 470 472 474 477 478 481 485 489 490 491 498 502 504 508 

399

512 514 519 521 523 525 526 528 531 533 535 536 537 539 540 541 543 544 545 546 548 552 556 557 563 565 570 350 352 353 360 362 365 366 367 368 369 370 372 374 376 387 388 395 396 397 398 400 403 404 405 407 408 409 413 415 417 419 420 421 422 423 425 426 430 432 433 435 439 440 442 444 445 449 450 451 452 455 458 460 463 469 470 471 473 475 477 481 482 489 493 495 500 502 503 504 507 508 510 511 

400

516 519 522 528 529 530 531 532 533 534 535 541 543 546 547 34 549 551 554 555 562 568 570 571 572 173 198 349 351 354 355 356 358 359 361 364 367 369 371 372 377 379 381 382 383 384 386 389 390 393 396 399 403 405 406 407 410 411 418 422 426 427 429 433 435 437 441 442 443 447 448 449 453 454 455 457 459 463 464 466 467 468 469 470 472 474 476 477 478 480 481 485 489 498 499 501 502 504 509 510 

402
348 463 
519 522 529 530 531 532 533 534 535 536 539 34 547 546 549 551 552 554 555 557 560 562 564 568 569 571 572 173 198 351 352 354 356 358 359 361 364 365 367 369 371 375 377 379 380 381 382 384 386 390 393 399 403 405 406 407 409 410 411 419 424 426 427 429 435 437 441 442 443 446 447 450 453 454 455 462 464 466 467 468 470 472 474 478 480 481 486 487 489 490 491 494 498 499 501 502 504 510 

403

518 521 522 529 532 533 534 535 536 538 539 540 541 544 545 34 549 552 556 558 560 563 564 567 568 569 570 572 173 198 349 351 352 353 356 357 362 364 365 371 372 377 378 383 384 385 386 387 390 394 399 400 404 406 411 413 414 415 420 421 425 427 428 429 431 437 439 440 442 443 444 445 448 449 450 453 456 457 460 461 462 464 465 466 467 468 472 477 478 480 484 485 487 493 494 495 498 499 508 511 

404

516 518 519 521 522 528 529 530 531 533 534 541 543 546 547 548 549 551 554 555 557 562 564 568 569 570 572 198 351 354 355 356 357 358 359 360 361 364 365 367 369 371 372 377 379 380 381 382 383 384 385 389 390 393 396 397 399 403 405 407 410 411 422 424 426 429 433 435 441 442 443 448 449 450 454 455 457 459 461 466 468 469 470 472 474 476 477 481 485 486 489 490 491 498 501 502 504 505 509 510 

405
478 
512 516 517 518 521 524 527 528 532 536 537 538 540 552 554 556 559 560 566 570 571 349 350 352 353 362 363 366 367 368 369 370 371 373 375 377 378 380 381 383 385 387 389 392 394 395 397 398 400 404 406 407 408 409 412 413 416 419 420 421 422 424 425 426 430 440 445 448 449 451 453 456 458 459 462 465 469 471 479 480 482 483 484 486 487 488 492 493 494 495 496 497 501 502 503 505 507 509 511 

406

512 515 516 518 521 522 528 529 530 531 539 540 541 542 545 546 34 549 551 552 554 557 558 559 560 563 565 566 568 173 349 354 357 359 362 363 366 367 368 369 371 372 380 381 382 384 385 389 390 396 397 402 403 405 407 410 414 419 421 422 424 425 426 427 428 429 432 433 434 435 439 440 441 442 446 452 457 458 459 460 466 469 471 477 478 483 484 485 486 489 490 491 497 501 502 504 505 509 510 511 

407

514 517 526 532 535 536 537 539 540 545 34 547 548 549 556 557 558 559 560 564 566 567 569 173 198 349 351 352 353 354 361 362 364 366 368 371 372 375 376 377 379 383 386 387 388 390 393 394 398 399 404 405 406 409 413 414 415 416 418 420 427 428 430 432 437 441 443 444 445 448 450 451 453 454 456 462 463 464 465 467 468 473 474 476 478 479 481 484 489 491 492 493 494 495 496 499 500 501 506 508 

408
348 
519 521 522 529 530 531 532 534 543 546 547 34 549 548 551 555 557 562 563 564 565 568 570 571 173 198 351 354 355 356 358 359 361 364 367 369 371 372 381 382 384 385 386 389 393 396 397 399 403 405 410 411 413 414 418 422 424 425 426 427 429 432 433 435 437 441 442 443 447 448 449 453 454 455 457 459 460 463 464 466 467 468 469 470 472 474 476 480 481 486 489 490 491 498 501 504 505 509 510 

409
512 
516 519 522 528 530 531 533 534 535 540 541 543 34 547 546 549 554 555 557 558 562 563 564 568 569 570 173 198 349 350 351 354 355 356 357 358 359 361 364 365 367 369 372 377 379 382 383 384 385 390 393 396 397 399 402 403 405 407 410 411 415 418 424 426 427 429 433 435 441 442 443 445 447 448 449 450 453 455 457 458 459 464 466 468 470 472 474 476 477 478 480 481 485 489 490 491 502 508 509 

410

512 513 517 523 524 525 526 533 534 535 536 537 538 540 544 34 552 554 560 561 563 567 569 571 572 173 349 350 352 353 356 357 365 368 369 371 374 375 380 381 384 385 387 388 389 394 395 398 400 404 406 408 409 413 414 416 417 419 420 424 425 426 427 430 431 436 439 440 445 449 451 456 457 459 462 464 465 469 472 473 477 478 480 483 484 486 488 493 494 495 496 497 499 503 505 506 507 508 509 511 

411

512 514 519 520 524 526 529 535 539 540 541 542 544 546 547 548 549 552 553 555 556 557 558 559 560 563 565 566 569 570 173 353 354 359 360 361 363 366 367 370 374 375 376 378 382 388 392 395 396 400 402 403 404 410 414 415 416 418 419 425 427 428 430 432 434 435 436 439 440 442 445 446 449 450 451 452 456 458 459 463 464 469 470 471 475 480 481 482 483 484 489 490 491 496 497 500 503 504 507 508 

412
512 348 549 
516 518 519 522 530 532 534 535 539 540 541 543 34 546 551 554 562 564 568 571 572 173 198 349 351 354 356 357 358 359 361 364 365 372 377 379 380 381 382 383 384 386 389 390 393 396 397 399 403 405 406 410 411 421 424 425 427 429 435 437 440 441 443 445 446 447 448 449 450 451 453 454 457 458 459 464 466 467 468 469 470 474 476 477 480 485 486 489 490 491 498 499 501 502 505 508 509 

413

512 516 519 522 528 529 530 531 532 534 541 546 547 548 549 551 554 555 557 562 564 565 568 569 571 572 198 349 350 351 352 354 355 358 359 361 365 367 368 369 377 379 381 382 383 393 394 396 398 399 403 405 407 408 410 419 422 425 426 427 429 430 433 434 435 440 442 443 444 446 447 449 450 453 454 455 458 459 462 466 467 468 470 472 474 478 480 481 484 485 486 487 489 490 494 496 501 504 510 511 

414
348 
516 518 519 522 528 529 530 531 532 533 536 539 541 543 547 551 552 554 555 557 562 568 571 572 350 351 352 354 355 356 358 359 361 365 367 369 372 375 377 379 380 381 382 383 384 386 389 390 393 396 403 405 406 407 408 410 411 418 424 426 429 437 443 446 447 448 449 450 452 453 454 455 457 458 459 462 463 466 467 468 470 472 474 476 478 481 485 486 489 490 491 494 498 499 502 504 505 509 510 

415

516 518 522 528 529 530 531 533 534 536 539 541 543 546 547 548 551 552 553 554 557 562 564 568 569 571 198 349 350 351 352 355 356 357 358 359 364 367 369 372 377 379 380 381 383 384 385 389 390 393 396 397 399 403 406 407 410 411 419 422 424 426 429 433 434 435 440 443 446 447 449 453 454 455 458 462 466 467 468 469 470 472 474 476 478 480 481 482 485 486 488 490 491 501 502 504 505 509 510 511 

416
563 
512 519 522 523 528 529 530 531 532 533 534 535 536 543 545 34 547 546 549 548 551 552 555 558 562 564 568 572 173 198 349 350 351 354 355 356 358 359 362 364 365 369 371 372 379 380 382 383 384 385 386 390 397 403 405 406 407 410 411 413 422 425 426 427 429 433 434 435 437 442 443 446 447 448 449 450 453 454 455 457 458 459 463 464 466 467 470 472 477 478 481 485 489 490 498 501 504 508 510 

417

516 518 519 522 529 530 531 533 534 541 543 34 547 546 549 548 551 554 555 562 563 564 568 571 572 173 198 351 354 355 356 357 358 359 361 364 369 372 377 379 380 381 382 389 393 396 399 403 405 407 410 411 418 424 425 426 427 429 433 435 437 441 442 443 447 448 449 450 452 453 454 455 457 458 459 464 466 467 468 469 470 472 474 476 477 478 480 481 485 486 489 490 491 498 501 502 504 505 509 510 

418

512 516 518 521 528 532 533 534 536 537 540 542 543 545 34 549 551 552 554 556 558 565 572 173 349 351 352 353 356 357 358 362 364 365 368 369 371 373 375 377 379 380 381 383 384 385 390 391 394 398 400 406 407 408 409 411 414 415 419 421 424 425 426 427 431 433 438 440 443 444 445 447 448 449 453 455 457 459 462 464 467 469 471 472 473 477 478 480 486 487 491 493 494 495 498 499 502 505 508 511 

419

519 522 528 529 530 531 532 533 534 535 539 541 543 34 546 548 549 547 555 556 558 562 564 568 570 571 572 198 349 351 354 355 356 358 359 361 362 364 365 372 377 379 382 383 385 386 387 390 394 396 399 403 405 406 407 410 411 413 415 418 427 429 433 437 438 441 443 444 446 447 448 449 450 453 454 455 458 462 463 464 466 467 468 470 472 474 476 480 481 489 490 491 495 498 501 502 504 508 510 511 

420
348 
519 521 522 528 529 530 531 532 533 534 535 539 543 34 547 546 549 552 554 555 557 562 564 568 571 572 173 198 349 350 351 354 355 356 358 359 361 362 364 367 369 371 372 377 379 382 383 384 386 389 390 393 396 399 403 405 406 407 410 411 421 422 424 427 429 435 437 441 442 443 447 448 449 450 453 454 455 458 459 462 463 464 466 467 468 470 474 476 478 480 481 489 490 491 498 499 501 508 510 

421
504 
512 514 519 521 522 529 530 531 533 534 536 540 541 544 34 547 548 549 555 557 562 564 565 568 569 571 572 173 198 349 351 352 354 356 358 359 361 363 364 365 367 368 371 375 376 377 379 382 383 384 385 390 393 394 396 398 399 403 405 406 410 411 418 422 426 429 432 434 435 441 442 443 446 447 450 454 458 461 462 463 464 466 467 470 471 472 474 476 481 482 484 489 490 491 494 498 499 501 510 

422

512 521 532 533 534 535 537 539 540 542 549 552 554 556 560 563 564 569 572 173 198 349 351 352 353 356 357 358 364 365 368 371 375 379 382 385 386 388 390 392 393 394 399 404 405 406 407 408 411 413 415 416 420 421 427 430 433 434 435 437 439 441 443 445 446 447 448 451 453 457 459 461 462 463 464 465 467 468 469 471 472 473 476 477 478 484 485 487 490 492 493 494 498 499 501 502 503 505 508 511 

423
348 
516 518 519 521 522 529 530 531 532 533 534 535 539 541 543 34 547 549 551 554 555 557 562 564 568 571 572 173 198 349 351 354 355 356 357 358 359 361 364 367 372 377 379 380 382 383 386 389 390 393 396 399 403 405 406 407 410 411 418 424 427 429 433 435 437 441 443 447 448 449 450 453 454 455 457 459 464 466 467 468 470 472 474 476 477 478 480 481 485 486 489 490 499 501 504 505 508 509 510 

424

512 514 519 521 522 523 525 528 529 532 533 539 543 545 34 553 556 557 558 559 560 562 566 571 349 352 354 356 359 360 361 362 363 365 367 368 371 372 373 374 375 376 377 382 383 385 386 387 390 394 396 398 403 404 405 406 408 409 410 412 414 415 417 427 431 432 433 434 437 440 444 445 446 449 450 451 455 458 460 461 462 463 464 467 470 472 481 482 489 490 491 493 495 496 502 503 504 507 508 511 

425

512 514 519 521 522 525 526 529 531 532 533 535 537 539 540 543 546 547 548 555 557 560 562 564 568 571 572 353 354 355 356 359 360 361 363 365 366 367 369 371 372 382 384 385 386 388 390 391 394 396 399 403 405 406 407 408 410 411 412 413 416 418 426 429 430 432 435 437 443 446 447 449 450 452 453 454 458 459 462 463 466 467 469 470 472 474 480 481 484 487 489 491 493 494 495 498 499 501 502 510 

426

516 518 519 522 523 526 530 532 533 535 539 540 542 34 547 554 555 556 557 558 562 564 565 568 570 572 173 198 349 361 362 364 365 366 368 371 372 375 377 379 381 382 383 388 389 393 396 398 399 404 405 406 408 410 413 415 416 418 421 425 427 428 429 430 434 435 437 439 440 441 443 444 445 446 453 458 460 462 464 466 468 475 476 477 478 481 482 485 487 489 490 491 493 495 496 498 501 502 508 511 

427

512 516 519 522 528 530 531 532 533 535 536 537 538 539 540 541 543 547 548 551 552 555 557 560 562 568 571 572 350 352 354 355 356 358 359 361 362 365 367 368 369 372 375 382 384 385 389 396 397 398 403 406 407 408 409 410 411 416 418 419 420 422 424 426 429 431 433 437 440 445 447 450 452 455 458 462 466 467 469 470 471 472 474 481 482 484 487 488 489 491 494 495 498 499 502 503 504 507 510 511 

428
482 404 463 
516 518 519 521 522 528 529 530 531 532 533 534 535 536 539 541 543 546 547 548 552 554 555 557 562 568 569 571 572 349 350 351 352 354 355 356 358 359 361 367 369 372 375 377 379 380 381 382 384 386 390 396 403 406 407 409 410 411 424 426 429 433 437 443 445 447 449 450 453 455 457 458 459 462 466 467 468 470 472 474 477 478 480 481 485 487 489 490 491 494 498 499 502 504 505 509 510 

429

514 515 521 523 525 526 527 535 536 537 538 540 542 544 546 552 556 557 560 563 565 566 567 569 349 350 352 353 363 366 368 370 374 375 376 378 384 387 388 391 392 394 400 402 403 404 408 409 413 414 416 417 419 420 421 423 425 426 427 428 430 431 432 434 435 436 438 439 440 445 451 452 456 458 461 462 464 465 471 473 477 479 482 483 484 487 488 490 491 492 493 494 495 496 500 503 506 507 508 511 

430

519 521 522 528 529 530 531 532 533 534 535 539 543 546 547 548 549 552 555 562 564 568 570 572 198 349 350 351 354 355 356 358 359 361 362 364 365 367 369 371 372 377 379 382 383 384 385 386 387 390 393 396 399 405 406 407 410 411 413 415 421 422 425 426 429 433 437 441 446 447 448 449 450 453 454 457 459 460 462 463 464 466 467 470 472 474 476 480 481 485 489 490 491 495 498 499 501 502 504 510 

431

516 518 519 522 528 529 530 531 534 539 541 543 34 547 546 549 551 554 555 558 562 564 568 570 571 572 173 198 349 351 354 355 357 358 359 361 362 367 369 371 372 377 379 380 381 382 383 387 389 393 396 397 399 403 405 407 410 415 418 421 424 425 427 429 435 441 442 443 445 447 448 449 450 453 454 455 457 459 463 464 466 467 468 470 474 477 478 480 481 485 486 489 490 491 501 502 504 505 509 510 

432
455 
512 516 518 519 522 528 530 531 532 533 534 535 536 539 543 34 548 549 551 554 564 568 572 173 198 349 351 352 356 358 359 361 362 364 369 371 372 377 379 380 381 383 384 385 386 389 390 393 394 396 399 405 406 407 408 410 411 415 421 424 425 429 433 435 437 440 441 442 443 445 446 448 450 453 454 457 458 462 466 467 468 474 476 477 478 480 481 485 486 489 490 491 494 498 499 501 502 505 509 

433
348 
514 517 518 531 532 534 535 536 539 540 542 544 545 547 548 551 555 556 558 560 567 571 572 349 352 353 361 362 366 368 370 371 372 375 376 377 378 379 381 383 386 387 389 390 394 395 398 399 404 406 409 410 413 418 419 427 428 430 434 435 436 437 440 441 443 445 446 448 449 450 453 454 459 461 462 463 464 467 468 469 470 474 478 479 480 481 482 486 490 491 493 494 498 499 500 501 502 508 511 

434

516 518 519 521 522 526 528 529 530 531 532 533 535 539 540 543 547 551 554 557 562 564 568 569 571 350 351 354 355 356 358 359 361 362 365 369 371 372 375 379 380 381 382 383 384 385 386 387 389 393 396 397 405 406 410 411 413 415 416 421 422 424 426 429 432 433 435 437 443 445 447 448 449 450 453 455 457 459 462 463 466 467 468 472 473 474 477 480 481 485 486 489 495 498 499 501 504 505 509 510 

435

512 519 521 525 528 529 532 533 534 535 536 538 543 545 552 553 556 558 559 560 561 564 570 571 572 349 350 352 353 356 362 363 364 373 374 375 377 384 385 386 387 388 390 393 394 399 400 404 406 409 411 413 416 417 420 421 422 425 426 429 431 433 434 437 440 443 444 445 446 448 453 454 455 456 460 462 463 465 466 467 471 472 473 478 479 480 487 488 490 491 493 494 495 496 498 499 502 507 508 511 

436
348 478 
512 516 518 519 521 522 529 530 531 532 533 534 535 539 541 543 546 547 557 562 564 568 569 571 572 198 349 354 355 356 358 359 361 364 367 369 371 372 377 379 380 381 382 383 384 386 390 393 396 397 399 403 405 406 407 410 411 421 422 424 425 429 433 437 441 443 445 446 447 448 449 450 453 454 455 462 463 466 467 468 470 472 474 476 477 481 485 486 489 490 491 498 499 502 504 505 508 510 

437

513 515 516 520 525 526 528 531 539 540 541 544 545 34 546 549 551 552 553 557 558 559 563 565 566 567 569 570 173 350 357 359 363 366 367 369 370 372 382 384 385 389 390 396 397 402 403 405 407 408 414 416 419 420 422 423 424 425 426 427 428 432 433 435 436 439 440 442 444 455 456 457 458 459 460 461 464 469 471 473 474 477 480 482 483 484 486 488 489 490 491 495 497 502 503 504 505 507 508 510 

438
422 
516 518 519 522 528 529 530 531 532 533 534 535 540 541 543 34 549 551 552 554 562 564 568 569 570 571 572 173 349 350 351 354 355 356 358 359 361 369 372 377 379 380 381 382 383 384 386 389 390 393 396 397 399 403 405 407 410 411 418 419 421 424 426 427 429 433 437 442 443 447 448 449 450 453 454 455 457 458 462 466 467 468 469 470 472 474 476 477 478 480 481 485 486 489 498 499 501 505 509 

439
458 570 
519 522 528 529 532 533 534 535 536 539 540 543 34 547 546 549 548 552 557 560 562 564 568 571 572 173 198 349 350 351 352 354 355 356 358 359 361 364 366 367 368 371 372 377 379 382 383 384 386 390 393 396 398 399 403 406 407 410 411 418 422 426 427 429 433 435 437 441 443 446 447 448 450 453 454 455 462 463 464 466 467 468 470 472 474 476 480 481 489 490 491 493 494 498 499 501 504 510 

440
348 
515 521 522 528 529 530 531 532 533 535 539 546 547 548 549 34 552 553 555 558 562 564 568 569 570 571 572 173 198 351 355 356 358 359 360 361 362 364 369 371 372 376 377 379 380 382 386 387 390 393 396 399 403 405 406 407 410 411 413 415 418 426 427 429 432 433 435 437 441 442 443 444 446 447 448 453 454 455 457 458 464 466 467 468 470 472 474 476 481 485 488 489 490 491 498 501 502 504 510 

441

512 514 519 521 523 525 526 528 531 535 536 537 539 541 543 544 545 548 552 553 556 557 558 568 569 350 352 354 355 360 361 363 365 366 367 368 369 370 372 374 376 387 388 390 396 397 398 400 402 403 404 405 406 407 408 409 412 415 417 419 420 421 422 423 426 430 431 432 433 435 439 440 442 444 445 450 451 452 455 458 460 461 463 470 471 475 478 481 482 487 489 495 496 500 502 504 507 508 510 511 

442

512 514 515 522 526 528 532 535 536 538 539 540 541 34 552 560 571 572 173 198 349 351 352 354 355 356 361 364 365 368 372 375 377 379 382 383 385 386 388 390 393 395 396 398 399 400 403 404 406 408 410 411 413 416 417 421 427 429 431 432 433 437 438 440 441 443 445 446 448 449 450 451 453 454 458 462 463 464 466 467 468 470 471 472 476 479 480 484 490 491 493 495 497 498 499 501 502 503 510 511 

443

512 513 514 518 520 521 523 526 528 529 530 533 535 537 540 548 552 553 555 556 558 559 560 562 563 565 569 570 349 350 353 354 355 359 360 361 362 363 365 366 368 370 375 376 382 383 384 385 388 396 398 400 402 403 405 407 408 409 412 414 415 419 420 425 426 428 433 434 435 436 439 440 442 444 445 450 451 452 455 458 461 469 470 471 477 481 482 483 484 485 488 489 490 493 495 504 507 508 510 511 

444
504 449 
516 519 521 522 530 532 533 534 536 540 541 546 547 548 549 551 554 555 562 564 568 569 571 572 173 198 349 351 354 355 356 358 359 361 364 367 369 371 377 381 382 383 384 385 386 389 393 399 403 406 407 410 411 413 418 419 424 426 429 435 437 440 441 443 447 448 450 452 453 454 455 458 459 462 463 464 466 467 468 469 470 472 474 476 478 480 481 482 486 489 490 491 496 498 499 501 502 509 

445

518 521 522 528 529 530 531 533 534 540 541 543 545 546 547 34 549 548 551 552 554 555 557 562 564 565 568 571 173 198 349 350 351 354 355 356 357 359 361 364 367 369 372 377 379 381 382 383 384 385 389 390 393 396 397 399 403 405 407 410 411 418 422 424 426 427 429 433 434 435 436 441 443 446 447 450 453 454 455 458 464 466 467 468 469 470 471 472 474 476 478 481 482 485 486 490 501 504 509 510 

446

512 516 518 526 528 529 530 531 532 533 535 536 541 543 34 546 547 549 551 552 554 557 558 562 563 569 570 571 350 351 354 355 356 361 362 365 368 369 371 372 375 377 380 381 382 383 384 386 387 389 393 396 397 398 405 406 407 411 413 415 419 421 422 424 425 426 427 432 433 435 437 439 440 442 443 445 449 451 452 455 457 462 463 464 468 469 470 472 476 477 480 485 489 494 498 499 505 508 509 510 

447

514 519 523 525 526 528 531 535 539 541 542 543 545 546 552 553 556 557 558 559 561 563 565 566 567 569 570 350 353 355 359 361 362 363 366 367 368 370 374 382 384 388 391 395 396 397 400 403 405 408 409 413 414 415 416 417 418 420 421 422 423 425 427 428 430 431 433 434 436 439 440 445 451 452 455 456 458 460 463 470 471 475 479 482 487 489 490 491 492 493 495 496 500 502 504 506 507 508 510 511 

448

512 514 515 517 519 522 526 527 530 531 536 537 538 539 540 544 545 546 547 551 552 553 555 556 557 559 560 561 565 566 568 571 350 352 354 355 361 363 365 366 368 369 375 382 384 388 392 394 396 398 400 403 404 405 407 408 409 410 412 414 416 417 418 419 420 423 431 432 433 434 435 439 440 444 450 451 455 456 458 462 466 470 471 481 483 484 487 488 489 491 493 494 496 497 500 502 503 504 510 511 

449
444 
512 515 517 519 524 527 528 530 533 535 536 537 538 542 544 548 549 552 555 556 557 559 566 568 569 173 349 352 356 361 362 363 365 366 368 371 373 375 376 377 378 387 390 391 392 394 396 398 400 403 405 409 410 411 412 413 415 418 423 425 428 430 433 434 436 446 450 451 452 458 461 463 464 468 471 472 473 475 478 479 482 483 487 488 490 491 492 493 494 495 496 497 498 500 501 502 503 506 510 

450
388 
516 518 523 526 528 533 534 540 541 543 545 34 549 551 552 553 554 558 563 564 565 566 569 570 173 198 349 350 352 353 356 357 358 362 363 364 365 368 369 371 375 378 380 381 384 389 393 395 399 402 403 404 407 409 411 412 413 419 420 421 423 424 425 427 428 430 432 433 436 439 441 443 444 445 448 449 451 453 454 457 459 462 469 471 472 476 477 479 480 484 485 487 494 495 498 505 508 509 510 

451

516 519 521 522 528 529 530 531 532 533 534 535 536 539 543 546 547 551 555 557 562 564 568 570 571 572 198 349 350 351 354 355 356 359 361 362 364 367 369 372 377 379 380 381 382 383 384 385 386 389 390 393 396 399 403 405 407 410 411 422 424 429 437 441 442 443 446 447 448 449 450 453 454 455 458 459 462 463 466 467 468 470 472 474 476 478 480 481 486 489 490 491 498 499 501 502 504 508 509 510 

452

512 516 522 528 529 532 533 534 535 539 540 541 34 549 551 552 554 560 562 564 568 569 570 571 572 173 198 349 350 351 356 357 358 362 364 365 369 371 377 379 380 381 383 384 385 386 387 389 390 393 394 397 398 399 405 406 407 411 414 424 425 427 429 433 437 440 441 442 443 446 447 448 449 453 455 457 458 459 462 464 466 467 468 469 472 477 478 479 480 481 485 490 498 499 501 502 504 505 508 509 

453

512 513 514 520 521 526 528 529 530 533 535 537 540 544 545 552 553 555 556 557 558 559 560 561 562 563 566 567 569 570 350 353 354 355 359 360 361 362 363 365 366 367 368 370 374 376 382 384 388 396 398 400 402 403 405 407 408 409 412 414 415 419 420 422 425 426 428 432 433 434 435 436 439 440 442 444 445 449 450 451 452 455 458 463 469 470 471 480 481 482 484 488 489 490 493 495 504 507 508 510 

454

512 514 519 521 526 528 531 533 535 536 537 539 540 541 543 546 547 552 555 556 557 558 560 562 563 566 568 569 570 350 355 357 361 362 365 366 368 372 374 382 384 388 389 395 396 397 398 400 402 403 404 405 406 407 408 413 414 415 416 419 420 421 424 425 430 432 433 435 439 440 442 444 445 450 451 455 457 458 460 463 465 466 469 470 473 475 477 481 482 483 488 489 493 496 500 504 507 508 510 511 

455

512 518 520 523 524 525 532 535 536 537 538 540 542 544 545 548 549 556 558 559 564 567 572 173 198 352 353 354 356 357 361 362 365 366 370 371 375 376 377 379 380 383 385 386 387 388 390 391 392 394 395 398 399 413 414 415 419 424 427 428 431 434 435 437 438 439 440 441 444 445 446 447 448 451 453 454 459 462 463 464 467 469 476 477 478 479 480 482 484 485 491 494 495 496 499 501 507 508 509 511 

456
348 462 
516 518 519 522 529 530 531 532 533 535 539 541 543 34 547 548 546 549 551 554 555 557 562 568 570 571 572 173 198 351 354 355 356 357 358 359 361 364 369 372 377 379 381 382 383 384 386 390 393 396 397 399 403 405 406 407 410 411 413 424 427 429 433 435 437 441 443 446 447 448 449 450 453 454 455 458 463 466 467 468 470 472 474 476 478 480 481 485 486 489 498 499 501 502 504 505 509 510 

457

512 514 515 519 521 522 525 529 530 533 535 536 537 538 539 34 547 548 555 556 557 559 560 561 565 566 568 569 349 352 353 354 355 356 359 360 361 362 363 366 367 368 371 374 375 376 377 378 382 385 390 391 394 396 403 404 406 408 409 410 412 414 416 418 422 423 429 431 437 440 446 450 452 454 458 460 461 462 463 470 472 474 475 478 481 482 484 488 489 490 491 493 495 502 503 504 506 508 510 511 

458

521 522 526 529 530 531 532 536 537 539 541 542 544 34 549 552 554 558 560 563 564 570 571 572 173 198 351 352 358 362 369 371 372 375 377 379 380 381 384 385 386 388 390 393 394 399 405 406 409 411 415 416 419 421 424 425 426 427 429 437 440 441 442 443 445 447 448 449 450 452 453 454 457 459 460 462 463 464 465 466 467 468 473 474 476 477 481 484 485 486 487 494 495 498 499 501 505 508 509 511 

459

512 514 515 519 526 528 529 530 531 533 535 536 537 538 539 545 547 548 552 553 555 556 557 558 559 560 561 565 568 569 570 349 352 354 355 356 359 360 361 362 367 371 372 375 377 382 383 387 392 394 396 398 403 404 405 406 408 409 410 411 412 414 416 417 422 423 425 430 431 433 434 437 444 450 451 452 455 458 462 463 470 471 472 473 474 475 478 481 482 488 489 491 493 495 496 503 506 508 510 511 

460

512 516 518 519 522 528 529 530 531 532 533 534 539 541 34 549 551 552 554 555 556 557 562 564 568 569 571 572 173 198 349 350 351 354 356 357 358 359 361 364 365 375 377 379 380 381 382 383 384 386 389 390 393 394 398 399 403 405 406 407 408 411 424 426 429 430 433 435 437 440 441 443 447 449 450 451 454 455 457 458 459 462 464 466 467 468 472 478 480 485 486 487 494 498 499 501 502 505 509 510 

461

516 518 522 529 530 531 532 533 534 536 539 541 543 546 34 547 549 551 552 554 557 562 564 568 571 572 173 198 350 351 354 355 356 357 359 361 369 372 379 380 381 382 383 384 386 389 393 396 397 399 403 404 405 407 410 411 418 421 422 424 425 427 429 433 435 437 440 441 443 449 450 453 455 457 458 459 462 464 466 467 468 469 470 472 474 476 477 478 480 481 485 486 489 493 494 498 499 504 505 509 

462

516 518 519 522 523 528 529 530 531 535 539 541 543 34 547 549 551 552 554 555 557 558 563 565 568 570 571 173 349 350 354 355 357 359 360 361 362 365 366 367 369 370 372 374 376 380 381 382 385 389 390 396 397 403 405 407 410 413 418 420 422 424 425 426 427 428 429 433 435 436 439 442 448 450 452 455 457 458 459 461 464 466 470 474 477 478 481 485 486 489 490 491 495 502 504 505 507 508 509 510 

463
428 
516 518 528 529 533 534 538 540 541 543 545 34 549 551 552 554 563 564 566 568 569 173 198 349 350 351 356 357 358 364 365 369 372 375 377 378 380 381 383 384 389 393 394 398 399 407 408 411 414 416 419 420 421 422 424 425 427 430 431 433 435 439 440 441 442 443 444 446 447 449 451 453 454 455 457 458 459 464 465 468 469 472 476 477 478 479 480 482 484 485 486 487 490 502 503 505 508 509 511 

464
384 552 
512 514 516 518 519 522 525 528 531 533 535 536 537 539 540 541 543 546 547 548 551 555 557 562 568 350 352 353 354 355 356 359 360 361 362 365 367 368 369 372 375 378 382 388 389 396 397 398 402 403 407 408 409 410 411 412 418 419 420 421 422 424 426 429 433 435 437 439 440 442 445 446 449 455 458 462 467 469 470 471 472 479 481 482 484 485 487 489 490 491 494 495 502 504 505 507 510 511 

465

516 519 522 528 529 530 531 533 534 536 539 540 541 543 34 547 546 549 548 551 552 554 555 562 564 568 571 572 198 349 350 351 354 355 356 358 359 361 364 365 369 371 372 377 379 381 382 383 384 389 390 393 396 403 405 406 407 410 411 422 425 429 433 434 435 437 440 441 442 443 446 447 449 450 453 454 455 458 459 463 464 466 467 468 470 472 474 478 480 481 485 489 490 491 501 502 504 508 509 510 

466

514 516 517 518 523 525 526 527 532 535 536 537 538 542 544 545 556 557 558 563 565 566 567 570 349 350 352 353 360 362 365 368 370 371 374 375 376 378 383 386 387 388 392 394 395 402 403 404 406 408 409 413 414 415 416 417 419 420 423 425 426 427 428 430 432 434 435 436 438 439 440 442 445 451 452 456 458 461 462 465 471 473 477 479 482 483 484 485 490 491 492 493 494 495 499 503 506 507 508 511 

467

513 514 525 526 527 528 537 539 541 542 544 545 546 34 548 549 552 553 557 558 559 563 565 566 567 568 570 173 350 353 357 359 362 363 366 367 369 370 372 374 375 376 382 385 388 389 390 396 397 398 400 402 403 407 413 414 415 416 419 421 423 424 425 427 428 430 432 433 435 439 440 442 444 445 451 452 455 456 458 460 461 464 465 469 473 482 483 484 489 490 491 492 495 496 497 502 505 507 508 510 

468

514 519 520 521 523 524 525 526 528 531 533 535 536 538 540 544 548 552 553 555 558 559 560 561 565 567 569 570 350 352 353 354 355 359 360 361 362 363 365 366 367 368 370 374 382 384 388 395 396 398 403 405 407 408 409 412 413 415 417 419 420 422 423 426 431 432 433 435 436 439 440 442 444 445 446 449 451 452 455 458 460 463 470 471 473 474 475 481 482 483 484 488 489 490 493 495 504 507 508 510 

469

519 521 522 528 529 530 531 532 533 534 535 539 544 545 34 547 548 549 546 557 558 562 568 570 571 173 198 349 350 351 352 354 355 356 359 360 361 362 363 364 367 368 371 373 375 377 383 385 386 387 390 394 396 404 405 406 408 410 411 415 417 418 422 425 427 429 433 437 438 443 444 445 446 450 453 454 455 462 463 464 466 467 472 474 475 478 481 489 490 491 495 498 499 500 502 503 504 508 510 511 

470

512 513 516 517 518 524 526 527 536 537 538 540 541 542 544 545 34 549 552 554 556 558 560 561 564 566 567 569 173 350 351 352 353 357 366 369 371 378 379 380 381 384 385 389 391 394 397 398 400 404 408 409 413 414 419 420 421 424 425 427 428 430 433 439 442 443 444 445 446 448 451 453 454 456 457 459 462 464 465 468 471 473 477 478 479 483 484 485 486 488 492 494 495 498 503 505 506 508 509 511 

471

516 519 521 522 529 530 531 532 533 534 535 539 541 543 34 547 549 555 557 562 568 570 571 572 173 198 349 351 354 355 356 358 359 361 362 364 367 369 371 372 377 379 382 383 384 386 396 399 405 406 407 410 411 418 421 422 425 427 429 433 435 437 440 441 442 443 445 447 448 449 450 453 454 455 457 458 459 462 463 464 466 468 470 472 474 476 477 478 480 481 485 489 490 498 499 501 504 508 509 510 

472

517 519 520 521 526 531 535 536 539 540 541 542 543 544 545 546 547 548 549 554 555 556 557 559 560 563 568 173 354 359 361 362 366 367 368 371 372 376 382 385 387 388 389 390 394 395 396 397 398 400 403 409 410 413 414 415 416 417 418 419 421 422 425 427 428 435 436 439 440 442 445 446 449 450 456 457 459 460 463 464 469 471 474 475 477 480 481 486 489 490 491 494 495 497 500 502 503 504 508 509 

473

516 518 519 521 522 529 530 531 532 534 541 543 546 547 548 549 551 554 555 557 562 564 568 569 571 572 198 349 351 354 355 356 357 358 359 361 364 365 367 369 372 379 381 382 384 389 393 396 397 399 403 406 407 410 411 418 419 422 424 426 427 429 433 434 435 437 441 443 447 449 450 452 453 454 455 458 459 462 466 467 468 469 470 472 474 476 478 480 481 485 486 489 490 496 498 499 501 504 505 510 

474

512 513 514 517 525 526 528 533 534 536 537 538 540 542 544 545 552 558 559 560 561 563 567 569 570 571 349 350 352 353 356 357 360 362 363 365 368 371 374 375 380 384 385 387 388 394 395 398 400 402 404 407 408 409 413 414 415 417 420 421 423 425 427 428 430 431 432 433 434 438 439 440 445 451 456 457 459 461 462 465 468 469 471 472 473 478 479 484 487 488 490 492 493 494 495 496 505 506 507 511 

475

512 516 518 522 528 529 530 532 533 534 536 540 541 543 34 549 551 554 558 562 564 569 570 571 572 173 198 349 351 356 357 358 362 364 365 369 371 372 375 377 379 380 381 383 384 385 386 387 389 393 397 399 406 407 408 411 413 421 422 424 426 427 429 433 435 437 440 441 443 445 447 448 449 453 454 455 457 459 462 464 466 467 468 469 472 476 477 478 480 485 486 494 495 498 499 501 505 508 509 510 

476

512 515 519 521 523 528 529 531 535 536 537 539 540 541 543 544 545 548 552 556 557 563 568 569 350 352 353 355 359 360 362 365 366 367 369 372 376 387 388 390 394 395 396 397 400 403 404 405 406 407 408 409 414 415 417 419 420 421 422 423 425 426 429 432 433 435 439 440 442 444 445 446 449 450 451 455 458 461 463 470 471 473 475 478 480 481 482 487 489 490 491 493 500 502 503 504 507 508 510 511 

477

514 517 519 521 522 524 526 527 529 532 536 537 539 545 34 547 548 555 557 559 560 561 562 565 568 570 571 352 353 354 355 356 359 360 361 362 363 365 366 367 368 371 372 374 375 377 382 385 390 391 394 396 398 399 403 406 409 410 416 417 418 423 426 429 431 432 437 438 443 446 450 452 454 455 458 461 462 463 466 470 471 472 474 481 482 483 488 489 490 491 492 493 495 496 497 502 504 508 510 511 

478
436 405 
512 514 519 521 526 527 528 530 533 535 536 539 540 543 546 547 552 553 555 556 557 558 559 560 561 563 567 568 569 570 571 350 352 354 355 359 360 362 365 368 370 371 372 375 382 384 389 390 391 395 396 397 398 403 406 407 410 413 415 416 417 418 420 422 423 426 428 432 433 435 444 445 449 451 452 455 457 459 462 463 465 470 471 474 480 487 489 491 493 494 495 501 502 503 504 507 510 511 

479
348 
516 518 519 521 522 528 529 530 531 533 540 541 543 34 547 546 549 548 551 554 555 562 563 564 568 569 570 571 572 173 198 351 354 355 357 358 359 361 364 369 371 379 381 382 383 384 386 389 390 393 396 397 403 405 406 407 410 411 416 418 424 427 429 433 435 437 441 442 447 448 449 450 452 454 455 457 458 459 463 464 466 467 469 470 472 474 476 480 481 485 486 489 490 498 499 504 505 509 510 

480

514 517 519 520 521 522 524 526 528 530 533 534 535 536 538 539 541 542 545 546 547 548 552 555 556 557 566 568 569 349 351 352 354 355 356 359 360 361 362 363 364 365 366 367 368 371 373 374 375 382 385 388 390 396 402 403 405 409 410 411 415 418 420 423 425 430 433 434 435 437 442 444 446 450 451 455 461 463 470 471 472 473 475 478 479 481 482 484 488 489 491 492 494 496 498 502 503 506 508 510 

481
363 
512 516 521 526 527 533 537 538 540 541 542 544 545 34 549 552 556 558 559 563 566 567 569 173 198 350 352 353 356 357 368 370 371 375 378 383 384 385 387 392 394 395 398 400 402 404 407 408 409 411 413 414 415 416 417 419 420 421 423 424 425 427 428 430 431 432 433 438 439 440 441 444 445 448 451 454 456 457 462 464 465 469 471 472 473 476 477 479 484 487 490 492 493 494 495 496 497 508 511 

482
362 428 348 
512 516 518 521 522 529 530 531 532 533 534 535 540 541 543 34 546 547 549 554 557 562 563 564 568 570 571 572 173 198 349 351 354 356 357 358 359 361 364 365 369 371 372 377 379 380 381 383 384 386 389 393 396 397 399 405 407 411 415 421 424 426 427 429 433 437 441 443 445 447 448 449 453 454 455 457 459 463 464 466 467 468 470 476 477 480 481 485 486 489 495 498 501 504 505 509 510 

483
446 
519 521 522 528 529 530 531 532 533 534 541 543 546 547 34 549 551 555 562 564 568 571 572 173 198 349 351 354 355 356 357 358 359 361 364 365 369 371 372 377 379 381 382 383 384 386 390 393 396 399 403 405 406 407 410 411 424 426 427 429 433 435 437 441 442 443 447 448 449 450 453 454 455 457 458 459 462 464 466 467 468 469 470 472 474 477 478 480 481 485 489 490 491 498 499 504 505 508 510 

484

516 519 522 528 529 530 531 532 533 534 535 539 541 543 34 547 546 549 554 555 562 564 568 570 571 572 173 198 349 351 354 355 356 358 359 361 364 369 372 377 379 382 383 386 390 393 396 397 399 403 405 406 407 410 411 413 418 421 422 425 426 427 429 433 435 437 441 442 443 448 449 450 453 455 457 458 459 463 464 466 467 468 469 470 472 474 477 478 480 481 485 489 490 498 499 501 502 504 508 510 

485

513 514 515 517 519 521 522 524 525 526 527 529 535 536 538 539 540 545 546 547 548 555 557 558 559 560 562 565 571 349 352 353 354 355 359 360 361 362 363 365 367 368 371 372 373 374 375 377 382 385 388 390 391 395 396 398 403 404 406 409 414 416 417 423 426 428 429 431 432 438 440 443 446 450 452 455 458 460 461 462 463 466 470 479 481 482 488 489 490 491 492 493 494 495 497 500 502 508 510 511 

486

512 514 519 521 528 530 531 532 533 535 536 539 543 545 34 547 548 552 553 555 556 557 558 559 560 562 566 568 569 570 571 349 352 354 355 356 359 360 361 362 365 367 368 371 373 375 376 377 382 383 385 386 387 388 394 396 403 404 405 406 410 412 413 414 415 417 418 431 432 433 437 444 445 450 451 455 458 460 461 462 463 464 467 470 472 473 474 475 482 487 490 491 493 495 502 503 504 508 510 511 

487

516 519 522 523 528 530 531 534 535 539 541 543 546 34 547 549 551 552 555 557 562 563 568 569 571 173 198 349 350 351 354 355 356 358 359 360 361 362 364 369 371 372 377 379 381 382 383 384 385 389 390 393 396 397 403 405 407 410 411 413 418 422 425 426 427 429 432 433 435 441 443 447 448 449 450 453 454 455 458 459 463 464 466 468 469 470 472 474 476 478 480 481 486 489 490 502 504 508 509 510 

488

518 519 522 530 531 532 533 534 535 541 543 34 546 548 549 547 554 555 557 558 562 563 564 568 571 572 173 198 351 354 355 358 361 362 367 371 372 375 377 379 382 383 386 390 393 396 397 399 403 405 406 407 410 411 413 415 418 421 422 425 427 429 433 435 437 440 443 447 448 449 450 453 454 455 457 459 462 463 464 466 468 470 472 474 476 477 478 480 481 485 489 490 495 498 499 502 504 505 508 510 

489
348 
512 524 526 532 533 534 536 537 538 540 541 544 545 34 549 552 558 561 563 564 567 571 572 173 198 349 350 351 352 353 356 357 358 360 364 365 375 377 378 379 383 384 385 387 393 394 398 399 400 404 406 407 408 409 411 413 414 417 420 421 423 425 426 427 428 430 431 436 439 443 444 447 448 451 453 454 456 457 462 464 465 467 468 471 472 477 478 479 480 484 485 487 492 494 495 496 498 508 511 

490

512 516 518 521 522 526 529 530 531 532 535 536 540 541 34 546 551 554 556 557 568 569 570 571 572 351 352 354 356 357 361 362 365 368 369 371 372 375 380 381 382 383 385 386 389 392 395 398 404 406 409 411 413 414 415 420 421 424 426 429 430 431 432 433 435 437 440 443 444 449 451 452 453 457 462 463 464 465 466 467 468 469 471 472 474 477 481 485 486 487 494 498 499 500 503 505 508 509 510 511 

491

516 518 521 522 526 528 529 531 532 533 535 540 541 543 34 549 552 554 557 563 568 569 570 571 572 173 349 350 351 352 356 357 360 361 362 365 368 369 371 372 377 379 380 381 382 383 384 385 386 387 389 397 398 402 406 407 409 414 415 421 424 425 426 427 429 430 432 433 435 437 440 442 444 447 448 449 451 455 457 459 462 464 466 467 469 472 477 478 480 485 486 493 494 499 500 504 505 508 509 510 

492
445 
512 516 518 519 522 528 529 530 531 532 533 535 541 543 546 547 34 551 554 555 562 563 564 568 571 572 173 351 354 355 357 358 359 361 364 365 367 369 372 377 379 380 382 383 384 386 389 390 393 396 397 399 403 405 406 407 410 411 418 422 424 427 429 433 435 437 442 443 447 448 449 450 455 457 459 464 466 467 468 469 470 472 474 476 477 480 481 485 486 489 498 499 501 502 504 505 508 509 510 

493

516 518 521 522 528 529 530 531 533 534 541 543 546 547 548 549 551 552 554 555 562 563 564 568 570 571 198 349 351 354 355 356 357 358 359 361 364 365 369 372 377 379 380 381 382 383 384 385 389 393 396 397 399 403 405 406 407 410 413 418 422 424 425 426 427 429 433 435 439 441 442 443 447 448 449 453 454 455 457 459 466 468 469 470 472 474 476 477 478 481 485 486 489 490 491 502 504 505 509 510 

494

519 521 522 528 529 530 531 533 534 535 539 541 543 34 547 546 549 548 552 554 555 558 562 563 568 570 571 173 198 349 350 351 354 355 356 357 358 359 360 361 364 365 367 372 377 379 382 383 385 390 393 396 397 402 403 405 407 410 413 414 418 421 422 425 427 429 432 433 435 446 447 448 449 450 455 457 458 461 463 464 466 468 469 470 472 474 477 478 480 481 485 489 490 491 495 501 504 505 508 510 

495

516 518 522 528 529 530 531 532 534 536 539 540 541 543 546 547 34 549 548 551 552 554 557 562 563 564 568 571 572 173 198 349 350 354 355 356 357 359 361 364 367 369 372 375 379 380 381 382 384 389 390 393 396 397 399 403 405 407 410 418 424 425 426 427 429 433 435 437 442 443 449 450 453 455 457 458 459 462 464 466 467 468 469 470 472 474 477 478 480 481 485 486 489 498 499 502 504 505 509 510 

496

518 519 521 522 528 529 530 531 532 533 535 536 539 540 541 543 546 547 551 552 554 555 557 558 562 564 568 569 570 571 572 351 354 356 358 359 361 362 365 367 368 371 372 375 377 379 380 382 383 384 386 396 397 403 405 406 407 410 411 413 418 421 422 424 426 429 433 435 437 441 443 444 445 447 448 449 450 453 454 455 457 459 466 467 470 472 474 477 480 481 485 489 491 495 498 501 502 504 505 510 

497
450 460 354 
516 518 519 522 529 530 531 532 533 534 535 539 541 543 34 547 548 549 554 558 562 563 564 568 571 572 173 198 349 351 356 358 359 361 364 367 369 372 377 379 380 383 386 390 393 396 399 405 406 407 410 411 413 415 421 425 427 429 433 437 439 440 441 442 443 445 447 448 449 453 454 457 459 463 464 466 467 468 470 472 474 476 477 478 480 481 485 490 491 495 498 499 501 502 504 505 508 

498

512 513 514 520 521 523 526 527 528 529 531 539 540 541 544 545 548 549 552 553 555 556 557 558 559 560 561 563 566 569 570 173 349 350 353 354 355 359 360 363 366 367 370 374 376 382 384 385 388 396 398 400 402 403 408 412 414 418 419 422 425 426 427 428 432 433 434 435 436 439 440 442 444 446 449 450 452 458 461 469 470 471 475 480 482 483 484 488 489 490 495 496 497 502 503 504 507 508 510 511 

499

512 515 520 522 528 529 531 539 540 541 542 543 544 545 546 34 548 549 552 553 555 557 558 559 560 563 565 566 568 570 173 349 350 353 355 357 359 362 366 367 370 372 376 382 384 385 388 390 391 392 394 396 400 402 403 405 407 410 414 418 421 422 425 426 427 428 429 432 433 434 435 436 439 440 442 444 446 450 451 452 455 458 460 466 469 471 475 480 483 484 489 490 491 495 497 502 504 508 510 511 

500

512 516 518 522 528 529 530 533 534 535 536 539 540 541 543 545 34 549 551 552 554 558 562 564 570 571 572 173 198 349 350 351 356 357 358 359 364 365 369 371 377 379 380 381 383 384 386 387 389 390 393 397 399 405 406 407 411 413 418 422 424 425 429 433 437 441 442 443 446 447 448 449 451 453 454 457 458 459 466 467 468 469 472 476 477 478 480 481 485 486 490 491 498 499 501 502 504 505 509 510 

501

514 515 519 521 523 525 526 528 531 535 536 537 539 541 543 544 545 546 552 553 556 557 558 561 563 565 566 568 569 570 350 352 353 355 360 363 365 367 369 370 372 374 378 387 388 395 397 400 402 404 405 406 407 413 415 416 417 419 420 421 422 423 425 426 430 431 432 433 434 435 439 440 442 444 445 446 449 450 451 452 455 458 460 465 470 471 475 478 480 482 489 494 495 496 502 504 507 508 510 511 

502

512 518 521 528 529 530 531 532 533 534 535 540 541 543 34 549 552 554 557 558 562 563 564 569 570 572 173 198 349 350 351 354 356 357 358 362 365 368 371 375 377 379 381 382 383 384 385 386 387 397 398 399 402 404 405 406 407 409 411 414 415 418 424 425 426 427 428 429 430 432 433 435 437 440 442 444 447 448 449 451 457 462 463 464 467 469 472 476 477 478 480 485 493 496 498 499 506 508 509 510 

503

516 518 519 522 528 529 530 531 533 534 535 540 541 543 34 547 549 551 554 555 558 562 563 564 568 571 572 173 349 351 354 355 356 357 358 359 361 364 367 369 372 377 379 381 382 383 384 389 393 396 397 399 405 407 410 411 422 424 426 427 429 433 435 437 441 442 443 447 448 449 453 455 457 459 463 464 466 467 468 469 470 472 474 476 477 478 480 481 485 486 489 490 491 496 498 504 505 508 509 510 

504
444 421 
512 518 527 532 535 536 537 538 542 545 549 558 559 564 565 567 569 572 173 198 349 351 352 356 358 364 371 375 377 378 379 380 383 385 386 387 388 389 390 392 393 394 398 399 402 404 406 411 413 414 415 416 419 423 424 427 428 431 434 437 440 441 443 445 447 448 451 452 453 454 457 462 464 465 468 469 472 473 476 477 478 483 484 485 486 487 491 493 494 495 496 498 499 501 503 505 509 511 

505

512 514 517 519 521 523 528 529 530 531 533 535 536 538 539 541 545 34 547 548 552 555 556 557 558 559 560 562 566 567 568 569 349 352 354 355 359 360 361 362 363 366 367 368 371 372 373 375 376 377 382 385 387 394 396 398 404 405 406 408 410 412 414 415 417 418 422 423 427 432 434 436 437 440 446 450 452 458 462 463 464 467 470 474 475 478 481 482 489 490 491 493 494 495 496 500 504 507 508 511 

506
504 397 455 
516 518 522 528 529 530 531 533 539 540 541 543 546 547 34 549 551 554 555 562 564 568 571 572 198 351 354 355 356 357 358 359 361 362 364 367 369 371 372 377 379 380 381 382 383 384 389 390 393 396 399 403 405 407 410 411 421 422 424 426 429 433 435 437 441 442 443 445 447 449 450 453 454 457 458 459 462 466 467 468 469 470 474 477 478 480 481 485 486 489 490 498 501 502 505 509 510 

507

516 518 522 529 530 531 532 533 534 535 536 539 541 543 546 34 547 549 551 552 554 555 560 562 564 568 569 571 572 173 198 349 351 352 356 357 358 359 361 364 368 369 371 372 377 379 380 381 382 383 384 389 390 393 399 403 405 406 407 410 411 424 427 429 433 434 435 437 441 443 446 447 448 450 453 454 455 457 462 464 466 467 468 469 472 474 476 477 478 481 485 486 489 490 491 498 501 502 505 509 

508
348 
516 518 522 528 530 531 532 533 536 539 540 546 547 548 549 551 554 555 557 562 564 568 571 173 198 350 352 354 355 356 357 358 359 365 367 368 369 371 372 375 379 380 381 382 384 386 389 390 391 393 396 398 399 403 407 410 411 418 426 429 433 435 437 441 443 446 447 450 453 454 455 457 458 459 462 463 466 467 468 469 470 471 472 476 477 480 481 486 489 490 491 494 498 499 501 502 505 509 510 

509

514 515 519 521 529 531 533 535 536 539 544 545 546 547 548 553 555 556 557 558 560 562 566 568 569 570 571 349 352 353 354 355 356 359 360 361 363 365 366 367 368 371 372 374 375 377 382 383 386 387 390 394 396 400 404 405 406 409 410 412 415 426 427 431 432 433 434 437 438 444 445 446 450 451 452 455 458 461 462 463 464 470 472 474 481 482 487 489 490 491 493 495 502 503 504 506 507 508 510 511 

510
348 
512 518 520 526 532 534 535 536 537 539 540 542 34 549 556 560 564 569 572 173 198 349 351 352 358 362 364 371 375 377 378 379 383 385 386 387 390 391 392 393 394 399 404 406 413 414 415 416 419 421 423 425 427 428 434 437 439 440 441 442 443 445 446 447 448 449 450 453 454 456 462 464 467 468 469 471 473 476 477 478 480 482 483 484 485 486 487 490 491 493 494 495 498 499 501 502 508 509 511 

511
348 
516 518 519 522 528 529 530 531 532 533 534 535 540 541 543 546 547 549 551 554 555 562 564 568 569 571 173 198 351 354 355 358 359 361 364 367 369 371 372 377 379 380 381 382 383 386 389 390 393 396 397 399 403 405 406 407 410 413 419 422 424 426 427 429 433 435 437 441 442 443 447 448 449 455 457 458 459 463 464 466 469 470 474 476 477 478 480 481 485 486 489 490 498 499 501 504 505 509 510 

512

516 519 521 522 528 529 530 531 533 534 541 543 546 547 548 549 34 551 552 554 555 557 562 563 564 568 570 173 350 351 354 355 358 359 361 363 364 367 369 371 372 377 380 381 382 384 385 386 389 393 396 397 399 403 405 406 407 410 411 413 418 421 422 424 425 426 427 429 433 435 442 443 446 448 449 450 453 454 455 457 459 460 464 466 470 474 476 478 481 482 486 489 490 495 498 499 502 504 505 510 

513

518 519 522 529 530 531 532 533 534 535 541 543 546 547 34 549 548 562 564 568 571 572 173 198 349 351 354 355 356 358 359 361 362 364 367 369 371 372 377 379 381 382 383 384 386 390 393 396 399 403 406 410 411 413 422 424 425 427 429 433 435 437 440 441 442 443 445 447 448 449 450 453 454 455 457 458 459 462 463 464 466 467 468 470 472 474 476 477 478 480 481 485 489 491 494 498 499 501 502 508 

514
348 
516 518 522 528 530 531 532 533 534 535 536 543 34 546 549 551 552 554 562 564 568 572 173 349 351 354 355 356 357 358 359 361 364 369 371 372 377 379 380 381 382 383 384 386 389 390 393 396 399 403 405 406 407 410 411 421 422 424 425 427 429 433 435 437 441 442 443 445 447 448 449 450 453 454 455 457 459 462 464 466 467 468 472 474 476 477 478 480 481 485 486 490 491 498 499 501 505 509 510 

515
512 
516 518 521 522 529 530 531 532 533 535 541 543 546 34 549 554 558 562 563 564 568 569 570 571 572 198 351 354 357 358 359 361 362 364 369 371 372 377 379 380 381 382 383 384 386 389 390 393 397 399 405 406 407 411 413 418 421 424 426 427 429 433 437 440 441 442 443 445 447 448 449 453 454 455 457 459 462 463 464 466 467 468 469 470 474 476 477 480 481 485 486 495 498 499 501 504 505 509 510 

516

512 514 519 520 521 525 529 531 535 539 34 547 548 546 553 555 556 557 558 559 560 562 566 568 569 570 571 173 352 354 359 360 361 362 365 366 367 368 371 372 374 375 376 377 382 383 385 386 387 388 390 391 394 396 398 400 404 405 406 409 410 412 413 414 415 417 426 427 428 431 432 433 437 438 446 450 451 452 460 462 463 464 466 470 475 480 481 482 489 490 491 493 495 502 503 504 506 507 508 511 

517
439 
516 518 522 528 529 530 531 533 534 535 541 543 546 547 34 549 551 554 555 557 558 562 563 564 568 569 571 572 173 198 351 354 355 356 357 358 359 361 364 367 369 372 377 379 380 381 382 383 384 390 393 396 397 403 405 407 410 411 421 422 424 425 427 429 433 435 440 442 443 447 448 449 450 452 453 454 455 457 458 459 464 466 468 469 470 472 474 476 477 480 481 485 486 489 498 501 504 505 510 

518

519 521 522 524 525 528 529 531 535 539 545 546 34 548 547 552 555 556 557 558 560 562 566 568 569 571 349 352 354 355 359 360 361 362 363 365 367 368 371 372 373 374 377 382 384 385 386 387 388 390 391 394 396 398 403 405 406 410 412 414 415 417 418 423 426 427 428 429 432 433 434 440 443 445 446 450 455 461 462 463 464 466 470 475 478 481 482 489 490 491 493 495 496 500 502 504 507 508 510 511 

519
350 
512 516 518 521 526 533 534 536 540 541 545 34 549 551 554 556 558 563 564 566 567 569 571 173 198 349 351 352 356 357 358 364 368 369 371 375 377 379 380 381 383 389 392 393 394 397 398 399 400 402 404 409 411 413 414 416 419 421 424 425 426 427 428 430 432 435 436 439 441 444 448 449 451 454 457 459 462 464 465 468 469 471 472 473 476 477 478 479 480 484 485 486 487 488 496 501 505 509 511 

520

512 516 518 519 522 528 529 530 531 532 533 534 540 541 543 34 547 546 549 551 554 557 562 568 571 572 173 349 354 355 356 357 358 359 361 364 367 369 371 372 379 380 381 382 383 384 386 389 390 393 396 397 403 405 406 407 410 411 418 424 427 429 432 433 435 437 440 443 447 448 449 450 452 453 455 457 458 459 462 464 466 467 468 469 470 472 474 478 480 481 485 486 489 498 499 502 504 505 509 510 

521

512 516 518 519 529 530 534 537 539 540 541 543 545 549 551 552 554 556 558 560 564 568 569 572 173 198 349 351 355 356 357 359 364 365 367 369 372 373 376 377 379 380 381 383 384 385 387 389 390 393 397 399 403 404 405 406 408 410 411 420 421 424 425 429 430 434 435 437 440 441 443 445 451 453 454 457 458 466 467 468 469 470 471 472 476 477 478 480 481 482 485 489 490 491 494 498 501 502 505 509 

522

514 515 517 523 524 525 526 535 536 537 538 540 542 543 544 545 552 556 557 558 563 565 566 567 350 352 353 360 363 365 368 370 373 374 375 376 378 383 384 387 388 391 392 394 400 402 404 406 408 409 413 414 415 416 417 419 420 421 425 426 427 428 430 432 436 438 439 440 442 445 451 452 456 457 458 461 464 465 471 473 475 477 479 482 483 484 485 487 490 491 492 493 494 495 496 503 506 507 508 511 

523

512 521 522 528 529 530 532 533 535 536 539 540 541 34 546 548 549 547 556 560 562 564 568 569 571 572 173 198 351 352 354 355 356 358 359 361 362 364 367 375 377 379 380 381 382 383 384 385 389 390 393 396 398 399 403 404 407 408 409 410 411 415 416 419 424 426 429 433 435 437 440 441 443 447 448 450 453 455 459 462 463 466 467 468 469 470 472 474 476 480 486 487 489 491 498 501 502 504 505 510 

524

516 518 521 522 529 530 531 533 534 536 539 541 543 34 547 546 549 551 554 555 557 562 564 568 571 572 173 198 351 354 355 356 357 358 359 361 364 369 371 372 377 379 381 382 383 384 393 396 399 403 405 407 410 411 421 422 424 425 427 429 433 435 437 440 441 443 447 448 449 450 453 454 455 457 458 459 462 464 466 467 468 469 470 472 474 477 478 480 481 485 486 489 491 498 501 504 505 508 509 510 

525

516 518 522 528 529 530 531 532 533 534 540 541 543 34 547 549 551 554 555 557 562 564 568 571 572 173 198 349 351 354 355 356 357 358 359 361 364 369 371 372 377 379 381 382 383 384 386 389 393 396 397 399 403 405 407 410 411 418 422 424 425 427 429 433 435 437 441 442 443 447 448 450 453 454 455 457 458 459 464 466 467 468 470 472 474 476 477 478 480 481 485 486 489 490 498 501 504 505 509 510 

526

516 519 522 530 531 532 533 534 540 541 543 546 547 548 549 552 554 555 562 563 564 568 570 571 572 198 349 351 354 355 356 357 358 359 361 364 367 372 377 379 380 382 383 384 390 393 396 397 399 403 405 406 407 410 411 425 426 429 433 434 435 437 441 442 443 446 447 448 449 450 452 453 454 455 457 458 459 463 466 467 468 469 470 472 474 476 477 478 480 481 485 489 490 491 498 501 502 505 508 510 

527

516 518 519 522 529 530 531 532 533 534 535 540 541 543 34 547 548 549 551 554 555 557 562 563 564 568 569 571 572 173 349 351 354 355 356 357 358 359 361 364 367 369 371 372 377 379 380 381 382 383 386 393 396 397 399 405 406 407 410 411 422 424 427 429 435 437 440 442 443 447 448 449 450 453 455 457 458 459 462 464 466 467 468 469 470 472 474 476 477 478 480 481 485 489 490 498 499 504 509 510 

528

512 514 518 531 532 534 535 536 537 539 540 544 34 547 548 549 557 562 568 571 572 173 349 352 353 357 358 361 362 365 366 371 372 375 376 377 379 383 386 389 390 394 398 400 404 405 406 409 413 415 416 419 420 424 427 429 430 434 435 437 438 440 441 442 443 445 446 447 448 449 450 451 453 454 459 462 463 464 467 468 469 470 474 478 480 481 486 489 491 493 494 495 496 498 500 502 503 505 508 511 

529

512 516 518 523 524 530 532 535 536 540 543 545 551 554 557 558 565 566 350 353 355 356 357 360 365 368 370 373 375 376 380 381 382 383 385 387 388 389 390 392 395 396 397 402 403 404 406 407 411 413 414 415 416 417 419 420 421 423 424 425 428 431 435 436 438 440 445 446 448 452 453 457 458 459 460 462 463 465 469 471 475 477 482 485 490 491 492 493 494 495 496 498 499 500 502 505 506 507 509 511 

530

513 514 517 521 523 524 525 526 527 529 538 539 540 543 545 552 556 558 559 561 563 565 566 567 570 350 352 353 357 360 362 363 365 366 368 370 371 373 374 375 378 384 385 387 391 392 394 395 397 398 400 402 408 409 413 414 417 420 421 423 427 428 430 431 436 438 440 443 444 445 446 448 449 451 453 456 457 458 459 460 461 462 465 471 473 480 482 484 488 492 493 494 495 496 497 503 505 507 508 511 

531
570 350 
512 514 517 518 520 525 526 528 532 535 536 537 538 540 542 545 34 549 552 553 556 558 560 561 565 567 569 571 173 352 353 356 362 363 365 366 368 371 373 374 375 377 380 383 384 385 387 388 391 394 395 398 400 404 408 413 414 416 417 419 420 423 425 427 430 432 433 438 441 445 446 448 451 454 456 462 464 465 472 473 476 479 482 483 484 487 488 490 491 492 494 495 497 498 501 503 508 511 

532

513 515 520 522 528 529 531 534 539 541 544 545 546 34 548 549 551 552 553 555 557 558 559 560 563 565 566 567 568 569 570 173 349 350 353 355 357 359 363 366 367 369 370 372 376 382 384 385 390 394 396 397 403 405 407 410 413 414 418 419 422 424 425 426 427 429 430 432 433 434 435 436 439 440 442 444 446 451 452 455 458 460 466 469 471 477 478 482 483 486 489 490 491 495 497 502 504 508 510 511 

533

514 517 519 520 524 526 534 535 536 537 539 540 541 542 543 545 546 548 549 556 557 563 565 568 569 349 353 359 361 362 366 367 371 372 376 378 379 382 385 389 390 395 398 400 403 404 409 410 414 415 416 418 419 421 422 424 425 427 430 434 435 436 440 443 444 445 449 450 451 452 453 454 456 457 459 461 463 464 468 469 471 474 475 478 479 480 481 482 484 486 489 491 493 494 497 500 502 503 508 511 

534

512 514 519 521 525 526 527 528 533 535 536 537 538 539 540 547 548 555 556 557 558 559 560 565 569 571 350 352 353 354 355 359 360 362 363 365 366 368 369 370 371 372 375 376 382 384 389 390 391 392 395 396 397 398 400 403 404 407 408 409 410 413 415 417 418 419 420 421 423 432 433 435 438 444 445 450 451 452 460 461 463 465 469 471 473 474 480 482 484 487 488 489 493 494 495 502 503 507 510 511 

535
348 
516 522 528 529 531 533 534 536 541 543 34 549 551 552 554 556 562 563 564 566 568 569 571 173 198 349 351 352 356 357 358 359 360 364 365 369 372 377 379 381 383 384 389 390 393 394 398 399 402 403 407 409 410 411 419 420 422 425 426 427 429 432 433 434 435 438 440 441 442 443 446 447 449 452 453 454 455 457 459 462 464 466 468 469 471 472 478 480 484 485 486 490 491 496 502 504 509 510 511 

536

519 522 523 528 529 530 531 533 534 535 539 541 543 34 547 548 549 552 554 555 557 562 563 564 568 569 570 571 173 198 349 350 351 354 355 356 357 359 361 364 367 369 372 377 382 383 384 388 390 393 396 397 399 403 405 407 410 414 416 418 427 429 432 433 435 441 442 446 448 449 450 451 454 455 457 458 459 461 464 466 468 470 472 474 476 477 478 480 481 485 486 489 490 495 501 504 505 508 509 510 

537

519 521 522 528 529 530 531 532 533 534 535 541 543 546 547 34 549 548 552 555 562 564 568 570 571 572 173 198 349 351 354 355 356 358 359 361 364 369 371 372 377 379 382 383 384 385 386 390 393 396 397 399 403 405 406 407 410 411 413 418 422 425 426 427 429 433 435 437 441 442 443 447 448 449 453 454 455 457 458 459 463 464 466 467 468 470 474 476 477 480 481 485 489 490 491 498 501 504 508 510 

538
376 
516 518 519 522 528 529 530 531 534 535 541 543 546 547 34 549 551 554 555 557 562 563 564 568 571 572 173 198 351 354 355 357 358 359 361 364 367 369 372 377 379 380 381 382 383 389 393 396 397 403 405 407 410 411 413 415 418 422 424 425 426 427 429 433 435 441 442 443 447 448 449 450 453 455 457 458 459 463 464 466 467 468 469 470 474 477 478 480 481 485 486 489 490 491 502 504 505 509 510 

539

516 518 521 523 528 530 532 533 534 536 543 546 549 551 552 554 555 558 563 564 565 570 572 173 198 349 350 351 355 356 360 363 364 365 368 369 370 371 378 380 381 382 383 384 385 386 387 389 393 397 399 402 403 406 407 411 414 419 420 424 425 426 427 432 433 434 436 437 439 441 442 448 451 452 454 457 458 459 460 462 464 467 469 470 471 472 476 477 478 480 485 495 498 499 505 506 507 508 509 510 

540

519 521 522 528 529 530 531 533 534 535 541 543 546 547 548 549 552 555 557 558 562 563 564 568 569 570 173 349 350 351 354 355 356 359 361 367 371 372 373 375 376 377 379 380 382 384 385 386 387 390 393 396 403 405 406 407 410 411 418 421 425 426 427 429 433 434 437 439 442 443 444 445 448 450 452 453 454 455 457 462 463 464 466 468 470 472 474 475 476 478 481 485 489 490 491 498 502 508 510 511 

541

512 515 517 519 520 523 524 530 531 532 533 535 536 540 545 34 551 557 558 559 560 564 565 572 198 351 352 353 354 356 359 360 362 363 364 365 368 371 374 375 378 380 385 386 388 390 391 394 398 399 400 403 404 409 411 413 414 415 419 428 436 437 438 441 442 444 445 446 447 450 454 458 461 462 463 464 465 467 470 471 472 476 480 481 482 487 488 489 490 491 492 493 494 495 498 499 501 502 507 511 

542

516 518 519 522 528 529 530 531 532 533 534 539 540 541 543 546 547 34 549 551 554 555 562 564 568 569 571 572 354 355 356 357 358 359 361 365 367 369 372 377 379 381 382 383 384 386 389 390 393 396 397 399 403 405 406 407 410 411 418 422 424 426 427 429 433 435 437 443 447 449 450 453 454 455 457 458 459 462 464 466 467 468 469 470 472 474 480 481 485 486 489 490 491 498 499 502 504 505 509 510 

543
360 
512 513 514 517 520 522 525 526 530 533 535 536 537 538 539 540 544 34 548 556 559 560 562 567 569 571 173 198 349 352 353 356 361 362 363 364 365 366 367 368 371 374 375 376 377 378 383 385 388 390 392 394 395 398 400 404 408 409 412 414 415 416 418 420 423 428 430 431 434 435 438 439 446 447 450 461 462 464 465 471 473 475 478 479 482 483 484 488 489 491 492 495 496 497 501 502 503 507 511 

544

518 519 522 528 529 530 531 532 533 534 535 539 540 543 546 547 34 549 551 555 562 564 568 572 173 198 350 351 354 355 356 357 358 359 361 362 364 367 371 372 375 377 379 381 382 383 384 386 389 393 396 399 403 404 405 406 407 410 411 413 421 424 427 429 433 435 437 441 443 447 448 449 450 453 454 455 457 458 462 463 464 466 467 468 469 470 472 474 476 480 481 486 489 491 498 499 501 502 505 509 

545
458 
516 518 519 521 522 528 529 530 531 532 533 535 539 540 541 547 548 549 551 552 554 555 557 562 564 568 569 571 572 198 351 354 356 358 359 361 364 365 369 371 377 379 380 381 382 383 384 385 386 387 389 390 396 399 403 406 407 410 411 416 418 424 433 435 437 441 442 443 445 447 448 449 450 453 455 459 463 466 467 468 469 470 472 474 476 477 480 481 485 486 489 490 498 499 501 504 505 509 510 

546
522 
512 514 516 517 518 523 526 532 533 534 536 537 538 539 540 542 34 556 558 560 565 567 569 572 173 349 352 353 356 358 362 363 364 365 366 368 371 375 377 379 381 383 385 387 394 398 400 402 404 406 408 411 413 415 419 420 425 427 428 429 436 437 439 440 444 445 446 447 448 451 454 461 462 464 466 467 469 472 473 477 478 479 480 482 483 484 485 487 490 493 494 495 496 499 501 507 508 509 511 

547

512 516 525 526 528 534 536 537 538 540 542 545 34 549 552 558 560 561 563 567 569 572 173 349 350 351 352 353 356 357 362 365 368 369 371 374 375 379 380 381 384 385 387 389 392 394 395 398 400 402 404 407 408 409 411 413 414 415 417 420 421 423 425 426 427 430 431 433 439 440 444 445 448 449 451 456 457 459 462 464 465 469 471 472 473 477 478 479 480 484 485 486 493 494 495 496 505 508 509 511 

548

512 516 518 522 523 528 532 533 534 535 536 537 540 543 545 34 549 551 552 554 558 560 563 564 569 570 572 173 198 349 350 351 352 356 357 358 362 364 365 368 369 371 375 377 379 380 381 383 384 386 389 393 398 399 404 405 407 411 413 415 419 421 425 426 427 432 433 440 441 443 444 445 448 449 455 456 457 459 462 464 467 468 469 472 476 477 478 480 485 486 488 493 494 495 498 499 505 508 509 510 

549

512 519 521 525 528 531 532 533 535 536 537 538 539 540 547 552 556 557 560 562 572 350 352 354 355 356 359 361 362 363 365 367 368 372 375 378 384 385 388 394 396 397 398 400 403 404 406 407 408 409 411 413 416 417 418 419 420 421 422 431 432 437 439 440 445 446 449 450 452 455 458 460 462 463 467 469 470 472 473 474 475 479 481 482 487 488 489 491 493 494 495 498 499 502 503 504 507 508 510 511 

551

512 514 519 521 522 524 529 532 533 534 535 539 541 542 545 34 548 553 556 557 558 562 566 568 569 570 571 349 352 354 355 359 361 362 366 367 368 371 372 373 374 375 377 382 383 385 386 387 388 390 396 400 404 405 406 408 410 413 414 415 417 418 427 432 433 434 437 444 445 446 448 450 451 452 455 460 461 462 463 464 466 467 470 473 475 478 487 489 490 491 493 495 496 500 502 503 506 507 508 511 

552
464 
521 522 526 530 531 532 535 536 539 540 545 34 547 548 549 555 557 558 562 564 568 570 572 173 198 348 349 351 352 354 358 360 361 362 364 365 367 368 370 371 372 375 376 377 379 382 383 386 387 390 393 396 399 405 406 410 411 415 416 427 428 429 435 437 440 441 442 443 445 446 447 448 449 450 452 453 454 458 459 460 462 463 467 468 470 474 476 478 480 481 489 491 493 495 498 499 501 502 505 

553
469 
516 518 519 522 529 530 531 532 533 535 539 540 541 543 546 34 547 551 554 557 562 564 568 571 572 198 349 351 354 356 357 358 359 361 362 364 365 369 371 372 377 379 380 381 382 383 384 386 389 390 393 399 405 406 410 411 413 415 421 424 429 435 437 440 441 443 445 446 447 448 449 450 453 454 457 459 462 463 466 467 468 470 472 474 476 478 480 481 485 486 489 490 494 498 499 501 505 508 509 

554

512 514 517 519 521 529 533 535 536 538 539 545 34 547 548 553 555 556 557 558 559 560 561 562 566 568 570 571 349 352 354 355 356 359 360 361 362 363 365 366 367 368 371 372 374 375 376 377 382 383 385 387 388 390 396 398 402 404 405 406 409 410 413 414 415 417 418 426 428 431 432 433 434 438 445 446 450 452 458 460 461 462 463 464 470 472 475 482 489 490 491 493 495 496 500 502 506 507 508 511 

555

512 516 517 518 526 532 533 534 536 537 538 539 540 545 34 549 552 554 564 572 173 349 350 351 352 353 356 357 358 362 364 369 371 375 377 378 379 380 381 383 384 385 388 389 390 393 394 400 404 408 409 411 413 414 416 419 420 421 425 426 427 430 433 440 443 445 448 449 451 453 454 457 459 462 464 467 468 469 472 473 477 478 479 480 483 484 485 486 487 493 494 495 496 498 499 503 505 508 509 511 

556
348 365 
516 518 519 521 522 523 529 530 531 532 533 534 535 540 541 543 34 546 547 549 551 554 557 562 564 568 571 173 198 349 351 354 355 356 357 358 359 361 364 369 371 372 377 380 381 382 383 384 389 393 396 397 399 403 405 407 410 411 418 419 422 424 426 429 433 435 441 443 447 448 449 453 454 455 457 459 464 466 469 470 472 474 476 477 478 480 481 485 486 489 490 498 499 501 504 505 509 510 

557

512 518 522 528 529 532 533 534 535 536 540 541 543 34 549 551 552 554 556 558 563 564 572 173 198 349 351 352 356 358 362 364 365 368 369 371 377 379 380 381 383 384 385 386 387 393 399 404 406 407 408 411 413 414 415 420 421 423 424 425 426 427 429 433 437 441 445 446 447 448 449 451 453 456 457 459 462 464 466 467 469 472 473 477 478 480 482 485 486 487 490 491 495 498 499 501 502 505 508 509 

558

512 516 518 519 521 522 529 530 531 532 533 534 536 539 540 541 546 547 548 551 552 554 557 562 564 568 571 572 198 349 350 351 354 356 357 358 359 361 364 367 368 369 375 379 381 384 385 386 390 393 394 396 397 403 405 406 407 409 411 416 424 426 429 431 433 435 437 440 441 443 446 447 449 450 453 454 455 458 459 462 466 467 468 469 470 472 474 478 481 485 486 489 494 498 499 501 502 504 505 509 

559
348 
516 518 519 522 529 530 531 532 533 534 539 541 543 546 547 549 551 554 555 562 564 568 571 572 198 349 351 354 355 356 357 358 359 361 364 365 369 371 372 377 379 380 381 382 383 384 386 389 390 393 396 397 399 405 406 407 410 411 418 424 425 427 429 435 437 441 442 443 447 448 449 450 453 454 455 457 458 459 466 467 468 470 472 474 476 477 478 481 485 486 489 498 499 501 502 504 505 509 510 

560

516 518 521 522 528 529 530 531 532 533 534 541 543 546 547 548 549 34 554 557 562 563 564 568 571 572 198 349 351 354 355 356 357 358 359 361 364 367 369 372 377 380 381 382 383 384 386 387 389 393 396 397 403 405 406 407 410 411 422 424 425 426 427 429 433 435 437 442 443 447 448 449 452 453 454 455 457 458 459 464 467 468 470 472 474 477 478 481 485 486 489 490 491 498 499 502 504 505 509 510 

561
369 
516 518 519 521 522 529 530 531 532 533 534 535 539 541 543 547 548 549 554 555 557 562 564 568 571 572 173 198 349 351 354 356 357 358 359 361 367 371 372 377 379 380 381 382 383 386 389 390 396 397 399 403 405 406 407 410 411 421 424 425 427 429 435 437 441 442 443 445 447 448 449 450 453 457 458 459 464 466 467 468 469 470 474 476 477 478 480 481 485 486 489 490 498 499 501 502 504 505 509 

562

512 513 514 515 516 517 523 524 525 526 527 536 537 538 540 542 543 544 545 549 552 556 558 559 561 563 565 566 567 350 352 353 357 360 362 363 366 368 369 370 373 378 380 385 387 388 389 392 394 395 398 400 402 404 408 413 414 416 417 420 421 423 424 425 426 427 428 430 431 436 438 439 440 443 444 445 446 451 453 456 460 461 465 471 479 482 483 484 488 492 494 495 496 503 505 506 507 508 509 511 

563
416 508 510 
512 519 521 522 526 530 532 533 535 536 538 539 540 547 548 555 557 560 562 564 565 568 570 572 349 351 352 354 355 356 358 359 361 362 363 364 365 366 367 368 371 372 375 377 379 382 383 385 386 390 393 395 396 398 399 403 404 406 408 409 410 411 422 429 437 443 446 447 448 450 453 454 458 462 463 466 467 468 470 472 474 476 478 481 482 487 488 489 490 491 493 494 495 498 499 501 502 

564

512 514 519 521 526 528 531 533 535 536 537 539 540 541 545 547 548 552 555 556 557 558 559 560 568 570 350 352 353 355 360 361 362 363 366 368 370 372 374 382 388 395 396 397 398 402 403 404 406 407 408 409 413 415 416 417 419 420 421 422 423 425 426 430 432 435 436 440 444 445 446 450 452 455 458 460 463 465 469 470 473 475 477 479 481 482 483 484 489 493 495 496 500 502 503 504 507 508 510 511 

565
455 
512 516 518 522 529 530 531 532 533 534 535 539 540 541 543 546 547 34 552 554 556 557 562 563 568 571 572 173 349 352 356 357 358 359 361 362 369 371 372 375 377 379 380 383 384 386 393 394 397 398 399 405 406 407 408 411 413 415 418 421 422 424 425 426 429 435 437 441 443 445 447 448 449 450 453 457 459 462 464 466 467 468 472 474 476 477 480 481 485 489 490 494 498 499 501 502 504 505 509 

566

516 518 519 522 528 529 530 531 532 533 535 539 540 541 543 34 547 551 554 555 562 564 568 571 572 198 350 351 354 355 356 358 359 361 362 364 365 369 371 372 377 379 380 381 382 383 384 386 389 390 393 396 399 403 405 406 407 410 411 418 424 429 433 435 437 441 443 447 448 449 450 453 454 455 457 458 459 462 463 466 467 468 469 470 474 477 480 481 485 486 489 490 498 499 501 502 504 505 509 510 

567
472 348 
518 519 521 522 528 529 530 531 532 533 534 535 539 540 541 543 546 547 548 549 551 552 555 557 562 564 568 570 571 572 198 349 351 354 355 356 358 359 361 364 369 371 372 377 379 381 382 383 384 386 389 393 396 403 405 406 407 410 411 418 424 426 429 433 435 437 440 441 443 447 448 449 450 453 454 455 458 462 463 466 467 468 469 470 474 476 478 480 481 485 489 490 498 499 501 504 505 510 

568

513 514 515 516 517 520 521 523 524 525 526 527 533 536 537 538 540 544 545 556 558 559 561 563 567 569 572 350 352 353 356 360 362 363 365 368 370 371 373 374 375 380 384 385 386 387 388 389 391 394 395 398 400 402 404 406 408 409 413 414 417 419 420 425 426 427 434 436 438 439 440 441 444 445 449 451 456 459 461 462 465 467 469 471 472 480 482 483 488 490 492 493 494 495 499 503 505 506 507 511 

569

516 518 519 521 522 531 532 533 534 535 536 539 540 542 543 545 546 547 548 551 552 555 562 568 570 571 349 352 354 355 356 359 361 362 364 365 367 369 371 372 375 380 381 382 384 385 389 390 396 398 403 405 407 409 410 411 413 415 421 422 429 434 435 437 440 441 443 446 447 448 449 450 452 453 454 457 459 460 463 466 468 470 474 477 478 480 481 486 489 490 491 498 501 502 504 505 508 509 510 511 

570
531 439 
512 515 516 519 522 530 532 536 537 539 540 541 34 548 549 551 552 554 563 564 568 569 572 173 350 352 354 355 356 357 358 359 361 364 367 369 379 380 381 382 384 386 389 393 399 403 404 405 407 408 409 410 411 419 424 426 430 433 435 437 440 443 446 447 450 452 453 454 457 458 459 462 466 467 468 469 471 472 474 475 477 478 480 481 482 484 486 490 491 493 494 496 498 499 500 501 502 509 

571

515 516 517 518 519 520 523 524 525 528 531 534 535 536 538 542 543 545 551 554 556 558 565 566 567 349 352 353 354 355 357 359 362 363 365 367 369 370 371 372 373 375 378 380 381 384 385 387 388 390 392 395 398 400 405 407 408 410 413 414 415 419 421 423 424 427 433 434 436 440 442 444 445 446 448 451 458 461 462 469 474 475 477 478 479 482 485 487 488 489 490 491 492 493 494 495 500 508 509 511 

572

513 514 515 520 521 525 526 527 528 531 537 539 541 542 544 545 546 547 548 549 552 553 555 557 558 559 561 563 565 566 568 570 173 350 353 355 359 362 363 366 367 370 371 372 374 375 378 382 385 388 392 396 400 402 403 407 410 413 414 416 418 419 421 422 423 425 426 427 428 432 433 435 436 440 442 444 451 452 455 456 458 460 461 473 475 479 482 483 484 489 490 491 492 495 497 500 502 504 507 510 

