34

573 574 575 576 577 578 579 581 582 583 584 586 587 588 589 590 592 593 594 595 596 597 598 599 600 602 603 605 609 610 611 612 615 616 617 618 619 620 621 622 623 625 626 627 628 629 630 631 632 633 634 635 636 637 638 639 640 641 642 643 644 645 647 648 649 650 652 653 654 655 656 657 658 659 660 661 662 663 664 665 666 668 670 671 672 673 674 675 677 678 679 680 681 682 683 684 685 363 414 422 

107

34 558 573 574 575 576 577 578 579 581 582 583 584 586 587 588 589 590 592 594 595 596 597 598 599 600 602 603 605 609 610 611 612 614 615 616 617 618 619 620 621 622 623 625 626 627 628 630 631 632 633 634 635 636 638 639 640 642 643 644 645 646 647 648 650 652 653 654 655 656 657 658 659 660 661 662 663 664 665 666 668 670 671 672 673 674 675 677 678 679 680 681 682 684 685 173 422 423 427 436 

173
649 
544 573 574 575 576 577 578 579 580 581 582 583 584 586 587 588 589 590 592 593 594 595 596 597 598 599 600 601 603 605 609 610 611 612 615 616 617 618 619 620 621 622 623 107 625 626 627 628 629 630 631 632 633 635 636 637 639 640 641 642 643 644 647 648 650 651 652 653 654 655 656 657 658 659 660 661 662 663 664 665 666 669 670 671 672 673 675 677 678 679 680 681 682 684 685 395 422 436 496 

348
431 
573 574 575 576 577 578 579 581 582 583 584 586 587 588 589 590 592 593 594 595 596 597 598 599 600 601 602 603 605 609 610 611 612 615 616 617 618 619 620 621 622 623 625 626 627 628 629 630 631 632 633 634 635 636 637 638 639 640 641 642 643 644 646 647 648 649 650 652 653 654 655 656 657 658 659 660 661 662 663 664 665 666 667 668 670 671 672 673 674 675 676 677 678 679 680 681 682 684 685 

363
107 637 
34 558 573 574 575 576 577 578 579 581 582 583 584 586 588 589 590 592 594 595 596 597 598 599 600 601 602 603 605 609 610 611 612 615 616 617 618 619 620 621 622 623 625 626 627 628 629 630 631 632 633 635 636 638 639 640 642 643 644 646 647 648 649 650 652 653 654 655 657 658 659 660 661 662 663 664 665 666 667 668 670 671 672 673 674 675 677 678 679 680 681 682 684 685 173 395 422 427 

370

34 556 573 574 575 576 577 578 579 581 582 583 584 586 588 589 590 592 593 594 595 596 597 598 599 600 601 602 603 605 609 610 611 612 615 616 617 618 619 620 621 622 623 107 625 626 627 628 629 630 631 632 633 635 636 637 638 639 640 641 642 643 644 647 648 649 650 652 653 654 655 656 657 658 659 660 661 662 663 664 665 667 668 670 672 673 674 675 677 678 679 680 681 682 684 685 173 422 427 480 

373
680 558 414 
34 573 574 575 576 577 578 579 581 582 583 584 586 588 589 592 593 594 595 596 597 598 599 600 601 602 603 605 609 610 611 612 615 616 617 618 619 620 621 622 623 107 625 626 627 628 629 630 631 632 633 635 636 638 639 640 642 643 644 647 648 649 650 652 653 654 655 656 657 658 659 660 661 662 663 664 665 666 667 668 670 671 672 673 674 675 677 678 679 681 682 684 685 173 422 427 480 

374

34 558 573 574 575 576 577 578 579 581 582 583 584 586 588 589 590 592 593 594 595 596 597 598 599 600 601 602 603 605 609 611 612 615 616 617 618 619 620 621 622 623 107 625 626 627 628 629 630 631 632 633 635 636 637 638 639 640 642 643 644 647 648 649 650 652 653 654 655 656 657 658 659 660 661 662 663 664 665 666 667 668 670 671 672 673 674 675 677 678 679 680 681 682 684 685 173 422 427 480 

376
673 646 363 400 436 
34 558 573 574 575 576 577 578 579 581 582 583 584 588 589 590 592 593 594 595 596 597 598 599 600 601 602 603 605 609 611 612 615 616 617 618 619 620 621 622 623 625 626 627 628 629 630 631 632 633 635 636 638 639 640 642 643 644 647 648 649 650 653 654 655 656 657 658 659 660 661 662 663 664 665 666 667 668 670 671 672 674 675 677 678 679 680 681 682 684 685 173 422 427 480 

378
414 
34 573 574 575 576 577 578 579 581 582 583 584 586 588 589 590 592 594 595 596 597 598 599 600 601 602 603 605 609 610 611 612 615 616 617 618 619 620 621 622 623 107 625 626 627 628 629 630 631 632 633 635 636 638 639 640 642 643 644 646 647 648 649 650 652 653 654 655 656 657 658 659 660 661 662 663 664 665 666 667 668 670 671 672 673 674 675 677 678 679 680 681 682 684 685 173 422 427 480 

391
414 
34 558 573 574 575 576 577 578 579 581 582 583 584 586 588 589 590 592 593 594 595 596 597 598 599 600 602 603 605 609 610 611 612 615 616 617 618 619 620 621 622 623 107 625 626 627 628 629 630 631 632 633 635 636 638 639 640 642 643 644 647 648 649 650 652 653 654 655 656 657 658 659 660 661 662 663 664 665 666 667 668 670 671 672 673 674 675 677 678 679 680 681 682 684 685 173 422 427 480 

394
601 
34 573 574 575 576 577 578 579 581 582 583 584 586 587 588 589 590 592 593 594 595 596 597 598 599 600 602 603 605 609 610 611 612 615 616 617 618 619 107 621 622 623 625 626 627 628 629 630 631 632 633 634 635 636 637 638 639 640 642 643 644 647 648 649 650 653 654 655 656 657 658 659 660 661 662 663 664 665 666 667 668 670 671 672 673 674 675 677 678 679 680 681 682 684 685 173 422 427 428 

395

34 558 563 573 575 576 577 578 579 581 582 583 584 586 587 588 589 590 592 593 594 595 596 597 598 599 600 602 603 605 609 610 611 612 615 616 617 618 619 107 621 622 623 625 626 627 628 629 631 632 633 634 635 636 638 639 640 642 643 644 646 647 648 649 650 652 653 654 655 656 657 658 659 660 661 662 663 664 665 666 667 668 670 671 672 673 674 675 677 679 680 681 682 684 685 173 363 394 427 480 

400

34 558 563 573 574 575 576 577 578 579 581 582 583 584 586 587 588 589 590 592 593 594 595 596 597 598 599 600 602 603 605 609 610 611 612 615 616 617 618 619 620 621 622 623 625 626 627 628 630 631 632 633 635 636 638 639 640 642 643 644 646 647 648 649 650 652 653 654 655 656 657 658 659 660 661 662 663 664 665 666 667 668 670 671 672 673 674 675 677 678 679 680 681 682 684 685 173 422 427 480 

412
422 
34 563 573 574 575 576 577 578 579 581 582 583 584 586 587 588 589 590 592 594 595 596 597 598 599 600 602 603 605 610 611 612 615 616 617 618 619 620 621 622 623 107 625 626 627 628 629 630 631 632 633 634 635 636 638 639 640 642 643 644 646 647 648 649 650 652 653 654 655 656 657 658 659 660 661 662 663 664 665 666 667 668 670 671 672 673 674 675 677 678 679 680 681 682 684 685 173 427 480 

414
641 513 515 391 657 664 665 672 675 676 682 559 436 567 579 592 596 483 616 628 373 378 639 
480 673 642 610 34 581 646 645 648 586 587 652 656 593 634 414 671 

422
483 593 601 604 412 
513 514 515 524 542 544 34 556 558 559 563 566 567 576 577 578 580 581 582 583 586 587 590 591 594 595 599 600 602 605 606 610 615 107 626 627 628 629 632 634 635 637 638 640 641 642 643 645 646 647 649 650 651 652 656 658 659 661 662 665 667 668 669 670 671 673 674 675 676 681 683 173 363 370 373 374 376 378 391 394 400 423 427 428 431 434 436 461 465 475 480 492 496 500 506 

423

34 563 573 574 575 576 577 578 579 581 582 583 584 588 589 590 592 593 594 595 596 597 598 599 600 601 602 603 605 609 610 611 612 615 616 617 618 619 620 621 622 623 107 625 626 627 628 629 630 631 632 633 635 636 638 639 640 641 642 643 644 647 648 649 650 652 653 654 655 656 657 658 659 660 661 662 663 664 665 666 667 668 670 671 672 673 674 675 677 678 679 680 681 682 684 685 173 422 427 480 

427

573 574 575 576 577 578 579 580 581 582 583 584 586 587 588 589 590 592 593 595 596 597 598 599 600 601 603 605 609 610 611 612 615 616 617 618 619 620 621 622 623 107 625 626 627 628 629 630 631 632 633 635 636 637 638 639 640 641 642 643 644 647 648 649 650 651 652 653 654 655 656 657 658 659 660 661 662 663 664 665 666 668 669 670 671 672 673 675 677 678 679 680 681 682 683 684 685 363 395 422 

428
544 651 
556 573 574 575 576 577 578 579 581 582 583 584 586 587 588 589 590 592 595 596 597 598 599 600 602 603 605 610 611 612 615 616 617 618 619 620 621 622 623 625 626 627 628 630 631 632 633 634 635 636 637 638 639 640 642 643 644 646 647 648 649 650 652 653 654 655 656 657 658 659 660 661 662 663 664 665 666 668 670 671 672 673 674 675 677 678 679 680 681 682 684 685 173 363 394 422 480 496 

431

34 558 573 574 575 576 577 578 579 581 582 583 584 586 587 588 589 590 592 594 595 596 597 598 599 600 602 603 605 609 610 611 612 615 616 617 618 619 620 621 622 623 107 625 626 627 628 629 630 631 632 633 634 635 636 638 639 640 642 643 644 646 647 648 649 650 652 653 654 655 656 657 658 659 660 661 662 663 664 665 666 667 668 670 672 673 674 675 677 678 679 680 681 682 684 685 173 422 427 480 

434
436 
34 556 558 573 574 575 576 577 578 579 581 582 583 584 586 588 589 590 592 594 595 596 597 598 599 600 601 602 603 605 609 610 611 612 615 616 617 618 619 620 621 622 623 107 625 626 627 628 629 630 631 632 633 635 636 638 639 640 642 643 644 647 648 649 650 652 653 654 655 656 657 658 659 660 661 662 663 664 665 666 667 668 670 671 672 673 674 675 677 678 679 680 681 682 684 685 173 422 427 

436
434 414 431 
34 573 574 575 576 577 578 579 581 582 583 584 586 588 589 590 592 593 594 595 596 597 598 599 600 601 602 603 605 609 610 611 612 615 616 617 618 619 620 621 622 623 107 625 626 627 628 629 630 631 632 633 636 638 639 640 641 642 643 644 647 648 649 650 653 654 655 656 657 658 659 660 661 662 663 664 665 666 667 668 670 671 672 674 675 677 678 679 680 681 682 684 685 173 422 427 480 

438
563 
34 558 573 574 575 576 577 578 579 581 582 583 584 586 587 588 589 590 592 593 594 595 597 598 599 600 601 602 603 605 609 610 611 612 615 616 617 618 619 620 621 622 623 107 625 626 627 628 629 630 631 632 633 635 636 638 639 640 642 643 644 647 648 649 650 652 653 654 655 656 657 658 659 660 661 662 663 664 665 666 667 668 670 671 672 673 674 675 677 678 679 680 681 682 684 685 173 427 480 

461
653 
34 558 573 574 575 576 577 578 579 581 582 583 584 588 589 592 593 594 595 596 597 598 599 600 601 602 603 605 609 610 611 612 615 616 617 618 619 620 621 622 623 107 625 626 627 628 629 630 631 632 633 635 636 637 638 639 640 642 643 644 647 648 649 650 652 654 655 656 657 658 659 660 661 662 663 664 665 666 667 668 670 671 672 673 674 675 677 678 679 680 681 682 684 685 173 422 427 434 480 

465
436 
34 563 573 574 575 576 577 578 579 581 582 583 584 586 587 588 589 590 592 593 594 595 596 597 598 599 600 602 603 605 609 610 611 612 615 616 617 618 619 620 621 622 623 625 626 627 628 630 631 632 633 635 636 638 639 640 642 643 644 647 648 649 650 652 653 654 655 656 657 658 659 660 661 662 663 664 665 666 667 668 670 671 672 673 674 675 677 678 679 680 681 682 684 685 173 363 422 427 480 

475

34 573 574 575 576 577 578 579 581 582 583 584 586 587 588 589 590 592 593 594 595 596 597 598 599 600 601 602 603 605 609 610 611 612 615 616 617 618 619 620 621 622 623 625 626 627 628 629 630 631 632 633 635 636 637 638 639 640 642 643 644 647 648 649 650 652 653 654 655 656 657 658 659 660 661 662 663 664 665 666 667 668 670 671 672 673 674 675 677 678 679 680 681 682 684 685 173 422 427 480 

480
593 
573 574 575 576 577 578 579 581 582 583 584 586 587 588 589 590 592 595 596 597 598 599 600 601 602 603 605 609 610 611 612 615 616 617 618 619 620 621 622 623 107 625 626 627 628 629 630 631 632 633 635 636 637 638 639 640 641 642 643 644 646 647 648 649 650 652 653 654 655 656 657 658 659 660 661 662 663 664 665 666 667 668 670 672 673 674 675 677 678 679 680 681 682 683 684 685 414 422 431 

483
601 414 596 422 
34 556 558 573 574 575 576 577 578 579 581 582 583 584 586 587 588 589 590 592 594 595 597 598 599 600 602 603 605 609 610 611 612 615 616 617 618 619 620 621 622 623 625 626 627 628 629 630 631 632 633 634 635 636 638 640 642 643 644 646 647 648 649 650 652 653 654 655 657 658 659 660 661 662 663 664 665 666 667 668 670 672 673 674 675 677 678 679 680 681 682 684 685 173 394 427 

492

34 563 573 574 575 576 577 578 579 581 582 583 584 587 588 589 590 592 593 594 595 596 597 598 599 600 602 603 605 609 610 611 612 615 616 617 618 619 620 621 622 623 107 625 626 627 628 629 630 631 632 633 635 636 638 639 640 642 643 644 646 647 648 649 650 652 653 654 655 656 657 658 659 660 661 662 663 664 665 666 667 668 670 671 672 673 674 675 677 678 679 680 681 682 684 685 173 422 427 480 

496
427 
34 573 574 575 576 577 578 579 581 582 583 584 586 587 588 589 590 592 594 595 596 597 598 599 600 601 602 603 605 609 610 611 612 614 615 616 617 618 619 620 621 622 623 107 625 626 627 628 629 630 631 632 633 635 636 638 639 640 642 643 644 647 648 649 650 652 653 654 655 656 657 658 659 660 661 662 663 664 665 666 667 668 670 671 672 673 674 675 677 678 679 680 681 682 684 685 173 422 428 

500

34 558 573 574 575 576 577 578 579 581 582 583 584 586 588 589 590 592 593 594 595 596 597 598 599 600 602 603 605 609 610 611 612 615 616 617 618 619 620 621 622 623 107 625 626 627 628 630 631 632 633 635 636 638 639 640 642 643 644 646 647 648 649 650 652 653 654 655 656 657 658 659 660 661 662 663 664 665 666 667 668 670 671 672 673 674 675 677 678 679 680 681 682 684 685 173 422 427 436 480 

506

34 558 573 574 575 576 577 578 579 581 582 583 584 587 588 589 590 592 593 594 595 596 597 598 599 600 601 602 603 605 609 611 612 615 616 617 618 619 620 621 622 623 107 625 626 627 628 629 630 631 632 633 635 636 638 639 640 641 642 643 644 647 648 649 650 652 653 654 655 656 657 658 659 660 661 662 663 664 665 666 667 668 670 671 672 673 674 675 677 678 679 680 681 682 684 685 173 394 422 427 

513
601 610 414 
34 558 573 574 575 576 577 578 579 581 582 583 584 586 588 589 590 592 593 594 595 596 597 598 599 600 602 603 605 609 611 612 615 616 617 618 619 620 621 622 623 107 625 626 627 628 629 630 631 632 633 635 636 638 639 640 642 643 644 647 648 649 650 652 653 654 655 656 657 658 659 660 661 662 663 664 665 666 667 668 670 671 672 673 674 675 677 678 679 680 681 682 684 685 173 422 427 

514

34 558 573 574 575 576 577 578 579 581 582 583 584 586 587 588 589 590 592 594 595 596 597 598 599 600 602 603 605 609 610 611 612 615 616 617 618 619 620 621 622 623 107 625 626 627 628 629 630 631 632 633 634 635 636 638 639 640 642 643 644 647 648 649 650 652 653 654 655 656 657 658 659 660 661 662 663 664 665 666 667 668 670 671 672 673 674 675 677 678 679 680 681 682 684 685 173 422 427 480 

515
414 620 654 
34 556 558 573 574 575 576 577 578 579 581 582 583 584 586 587 588 589 590 592 593 594 595 596 597 598 599 600 602 603 605 609 610 611 612 615 616 617 618 619 621 622 623 625 626 627 628 630 631 632 633 635 636 638 639 640 642 643 644 646 647 648 649 650 652 653 655 657 658 659 660 661 662 663 664 665 666 667 668 670 671 672 673 674 675 677 678 679 680 681 682 684 685 173 422 427 436 

524
637 
34 563 573 574 575 576 577 578 579 581 582 583 584 588 589 592 593 594 595 596 597 598 599 600 601 602 603 605 609 610 611 612 615 616 617 618 619 620 621 622 623 107 625 626 627 628 629 630 631 632 633 634 635 636 638 639 640 642 643 644 647 648 649 650 652 653 654 655 656 657 658 659 660 661 662 663 664 665 666 667 668 670 671 672 673 674 675 677 678 679 680 681 682 684 685 173 422 427 480 

542

34 573 574 575 576 577 578 579 581 582 583 584 586 588 589 590 592 593 594 595 596 597 598 599 600 601 602 603 605 609 610 611 612 615 616 617 618 619 620 621 622 623 107 625 626 627 628 629 630 631 632 633 635 636 637 638 639 640 642 643 644 647 648 649 650 652 653 654 655 656 657 658 659 660 661 662 663 664 665 666 667 668 670 671 672 673 674 675 677 678 679 680 681 682 684 685 173 422 427 480 

544
428 
34 573 574 575 576 577 578 579 581 582 583 584 586 587 588 589 590 592 594 595 596 597 598 599 600 601 602 603 605 609 610 611 612 615 616 617 618 619 620 621 622 623 107 625 626 627 628 629 630 631 632 633 635 636 638 639 640 642 643 644 646 647 648 649 650 652 653 654 655 656 657 658 659 660 661 662 663 664 665 666 667 668 670 672 673 674 675 677 678 679 680 681 682 684 685 173 422 427 480 

553
609 
34 563 573 574 575 576 577 578 579 581 582 583 584 586 588 589 590 592 593 594 595 596 597 598 599 600 601 602 603 605 610 611 612 615 616 617 618 619 107 621 622 623 625 626 627 628 629 630 631 632 633 635 636 637 638 639 640 641 642 643 646 647 648 649 650 652 653 654 655 656 657 658 659 660 661 662 663 664 665 667 668 670 671 672 673 674 675 677 678 679 680 681 682 684 685 173 427 431 480 

556
431 
34 558 573 574 575 576 577 578 579 581 582 583 584 588 589 590 592 593 594 595 596 597 598 599 600 601 602 603 605 609 610 611 612 615 616 617 618 619 620 621 622 623 107 625 626 627 628 629 630 631 632 633 635 636 638 639 640 642 643 644 646 647 648 649 650 653 654 655 656 657 658 659 660 661 662 663 664 665 666 667 668 670 671 672 674 675 677 678 679 680 681 682 684 685 173 422 427 428 480 

558

573 574 575 576 577 578 579 581 582 583 584 588 589 590 592 594 595 596 597 598 599 600 601 602 603 605 606 609 610 611 612 615 616 617 618 619 620 621 622 623 107 625 626 627 628 629 630 631 632 633 635 636 637 638 639 640 641 642 643 644 646 647 648 649 650 652 653 654 655 656 657 658 659 660 661 662 663 664 665 666 667 668 670 672 673 674 675 677 678 679 680 681 682 684 685 173 363 422 427 438 

559
414 
34 558 573 574 575 576 577 578 579 581 582 583 584 586 587 588 589 590 592 594 595 596 597 598 599 600 602 603 605 609 610 611 612 615 616 617 618 619 620 621 622 623 107 625 626 627 628 629 630 631 632 633 635 636 638 639 640 642 643 644 646 647 648 649 650 652 653 654 655 656 657 658 659 660 661 662 663 664 665 666 667 668 670 671 672 673 674 675 677 678 679 680 681 682 684 685 173 422 427 

561

34 558 563 573 574 575 576 577 578 579 581 582 583 584 586 588 589 590 592 594 595 596 597 598 599 600 601 602 603 605 609 610 611 612 615 616 617 618 619 620 621 622 623 107 625 626 627 628 629 630 631 632 633 635 636 637 638 639 640 642 643 644 647 648 649 650 652 653 654 655 656 657 658 659 660 661 662 663 664 665 666 667 668 670 671 672 673 674 675 677 678 679 680 681 682 684 685 173 427 480 

563

34 558 573 574 575 576 577 578 579 581 582 583 584 586 587 588 589 590 592 593 595 596 597 598 599 600 601 602 603 605 609 610 611 612 614 615 616 617 618 619 620 621 622 623 107 625 626 627 628 629 630 631 632 633 635 636 637 638 639 640 642 643 644 647 648 649 650 652 653 654 655 656 657 658 659 660 661 662 663 664 665 666 667 668 670 672 673 674 675 677 678 679 680 681 682 684 685 173 395 422 

566

34 558 573 574 575 576 577 578 579 581 582 583 584 586 587 588 589 590 592 594 595 596 597 598 599 600 601 602 603 605 609 610 611 612 615 616 617 618 619 620 621 622 623 625 626 627 628 629 630 631 632 633 635 636 638 639 640 642 643 644 646 647 648 649 650 652 653 654 655 656 657 658 659 660 661 662 663 664 665 666 667 668 670 671 672 673 674 675 677 678 679 680 681 682 684 685 173 422 427 480 

567
563 414 
34 573 574 575 576 577 578 579 581 582 583 584 588 589 592 593 594 595 596 597 598 599 600 601 602 603 605 609 611 612 615 616 617 618 619 620 621 622 623 107 625 626 627 628 629 630 631 632 633 635 636 637 638 639 640 642 643 644 647 648 649 650 652 653 654 655 656 657 658 659 660 661 662 663 664 665 666 667 668 670 671 672 673 674 675 677 678 679 680 681 682 684 685 173 363 422 427 480 

573

513 514 515 524 542 544 34 553 556 558 559 561 563 566 567 576 577 578 580 582 583 586 587 591 593 594 595 599 600 601 604 606 610 614 615 107 627 628 629 632 634 635 637 638 640 641 643 645 646 647 649 650 651 652 656 658 659 661 662 665 667 668 669 670 671 673 674 675 676 681 683 173 348 363 370 373 374 376 378 391 394 395 400 412 423 427 428 431 434 436 438 461 465 475 480 483 492 496 500 506 

574

513 514 515 524 542 544 34 553 556 558 559 561 563 566 567 576 577 578 580 582 583 586 587 591 593 594 595 599 600 601 602 604 606 610 614 615 107 627 628 629 632 634 635 638 640 641 643 645 646 647 648 649 650 651 652 656 658 659 661 662 665 667 668 669 670 671 673 674 675 676 681 683 173 348 363 370 373 374 376 378 391 394 400 412 423 427 428 431 434 436 438 461 465 475 480 483 492 496 500 506 

575

513 514 515 524 542 544 34 553 556 558 559 561 563 566 567 576 577 578 580 582 583 586 587 591 593 594 595 599 600 601 602 604 606 610 614 615 107 627 628 632 634 635 637 638 640 641 643 645 646 647 649 650 651 652 656 658 659 661 662 665 667 668 669 670 671 673 674 675 676 681 683 173 348 363 370 373 374 376 378 391 394 395 400 412 423 427 428 431 434 436 438 461 465 475 480 483 492 496 500 506 

576

513 515 542 544 34 553 556 558 559 561 563 566 567 573 574 575 579 580 584 586 587 588 589 590 591 592 593 596 597 598 601 603 604 605 609 610 611 612 616 617 618 619 620 107 622 623 625 626 629 630 631 633 634 636 637 639 641 644 645 646 648 651 653 654 657 663 664 666 669 671 672 673 676 677 678 679 680 682 684 685 173 348 373 376 378 391 394 395 412 422 423 428 438 465 475 480 483 496 500 506 

577

513 515 524 542 544 34 553 556 558 559 561 563 566 567 573 574 575 579 584 586 587 588 589 590 591 592 596 597 598 603 605 606 609 610 611 612 614 616 617 618 619 620 621 622 623 107 625 626 629 630 633 634 636 639 641 644 645 646 648 651 653 654 655 656 657 663 664 666 669 671 672 676 677 678 680 682 684 685 348 363 370 373 374 376 378 391 394 395 412 422 423 428 434 438 475 480 483 492 500 506 

578

513 515 524 542 544 34 553 556 558 559 561 563 566 567 573 575 579 580 584 586 587 588 589 590 591 592 593 596 597 598 601 603 604 605 609 610 611 612 614 616 617 618 619 620 622 623 625 626 630 631 633 634 636 637 639 641 644 645 646 648 652 653 654 656 657 664 666 669 671 672 676 677 678 679 680 682 683 684 685 348 370 373 376 378 391 394 395 412 422 423 428 434 465 475 480 483 492 496 500 506 

579

513 514 515 524 542 544 34 556 558 559 561 563 566 567 576 577 578 580 582 583 586 587 591 593 594 595 599 600 601 602 604 606 610 614 615 107 627 628 629 632 634 635 637 638 640 641 643 645 646 647 649 650 651 652 656 658 659 661 662 665 667 668 669 670 671 673 674 675 676 681 683 173 348 363 370 373 374 376 378 391 394 395 400 412 423 427 428 431 434 436 438 461 465 475 480 483 492 496 500 506 

580
656 
34 558 563 573 574 575 576 577 578 579 581 582 583 584 586 587 588 589 590 592 594 595 596 597 598 599 600 602 603 605 609 610 611 612 615 616 617 618 619 620 621 622 623 625 626 627 628 630 631 632 633 634 635 636 638 639 640 642 643 644 646 647 648 649 650 652 653 654 655 657 658 659 660 661 662 663 664 665 666 667 668 670 671 672 673 674 675 677 678 679 680 681 682 684 685 173 422 427 480 

581

513 514 524 542 544 34 553 556 558 559 561 563 566 567 574 580 584 586 587 588 590 591 593 594 596 597 601 602 604 605 606 609 610 614 616 617 107 620 621 622 625 626 629 631 634 637 638 639 641 645 646 648 649 651 652 653 655 656 660 663 666 667 668 669 671 673 674 676 679 683 173 348 363 370 373 374 376 378 391 394 395 400 412 414 423 427 428 431 434 436 438 461 465 475 480 483 492 496 500 506 

582

513 514 515 542 544 34 553 556 558 559 561 563 566 567 573 575 579 580 584 588 589 590 591 592 593 596 597 598 601 603 605 606 609 610 611 612 614 616 617 618 619 620 107 622 623 625 626 629 630 631 633 634 636 637 639 641 644 645 648 652 653 654 655 656 657 663 664 666 669 671 672 676 677 678 679 680 682 685 173 348 370 373 376 378 391 394 395 412 422 427 428 434 438 465 475 480 483 492 496 500 

583

513 515 524 544 553 556 559 561 563 566 567 573 574 575 579 584 586 587 588 589 590 591 592 593 596 597 598 605 609 610 611 612 614 616 617 618 619 620 621 622 623 625 626 629 630 631 633 634 636 637 639 641 644 645 646 648 651 652 653 654 655 657 663 664 666 669 671 672 676 677 678 679 680 682 683 684 685 363 370 373 374 376 378 391 394 395 412 422 423 428 431 438 461 465 475 480 483 492 500 506 

584

513 514 515 524 542 544 34 553 556 558 559 561 563 566 567 576 577 578 580 582 583 586 587 590 591 593 594 595 599 600 601 602 604 605 606 610 614 615 107 627 628 629 632 634 635 640 641 643 645 646 647 648 649 650 651 652 656 658 659 661 662 665 667 668 669 670 671 673 675 676 681 683 173 348 363 370 373 374 376 378 391 394 400 412 423 427 428 431 434 436 438 461 465 475 480 483 492 496 500 506 

586

514 34 573 574 575 576 577 578 579 581 582 583 584 588 589 590 592 593 594 595 596 597 598 599 600 601 602 603 605 609 610 611 612 615 616 617 618 619 620 621 622 623 107 625 626 627 628 629 630 631 632 633 635 636 638 639 640 642 643 644 647 648 649 650 653 654 655 656 657 658 659 660 661 662 663 664 665 666 667 668 670 672 673 674 675 677 678 679 680 681 682 684 173 685 363 414 422 427 428 480 

587

34 573 574 575 576 577 578 579 581 582 583 584 588 589 590 592 593 594 595 596 597 598 599 600 601 602 603 605 609 610 611 612 615 616 617 618 619 620 621 622 623 107 625 626 627 628 629 630 631 632 633 635 636 638 639 640 642 643 644 647 648 649 650 653 654 655 656 657 658 659 660 661 662 663 664 665 666 667 668 670 671 672 673 674 675 677 678 679 680 681 682 684 685 173 414 422 427 428 431 480 

588

513 514 515 524 542 544 34 553 556 558 559 561 563 566 567 576 577 578 580 582 583 586 587 591 593 594 595 599 600 601 602 604 606 610 614 615 107 627 628 629 632 634 635 637 640 641 643 645 646 647 649 650 651 652 656 658 659 661 662 665 667 668 669 670 671 673 674 675 676 681 683 173 348 363 370 373 374 376 378 391 394 395 400 412 423 427 428 431 434 436 438 461 465 475 480 483 492 496 500 506 

589

513 514 515 524 542 544 34 553 556 558 559 561 563 566 567 576 577 578 580 582 583 586 587 591 593 594 595 599 600 601 602 604 606 610 614 615 107 627 628 629 632 634 635 637 640 641 643 645 646 647 649 650 651 652 656 658 659 660 661 662 665 667 668 669 670 671 673 674 675 676 681 683 173 348 363 370 373 374 376 378 391 394 395 400 412 423 427 428 431 434 436 438 461 465 475 480 483 492 496 506 

590

514 515 542 544 34 556 558 559 563 566 574 576 577 578 580 581 582 583 584 586 587 593 594 595 596 599 600 601 602 604 606 614 615 107 627 628 629 630 631 632 634 635 637 638 639 640 641 642 643 645 646 647 649 650 652 655 656 657 658 659 660 661 662 663 665 667 668 669 670 671 672 673 674 675 676 679 681 682 173 348 363 370 376 378 391 394 395 412 422 423 427 428 431 434 436 465 480 483 496 500 

591

34 558 573 574 575 576 577 578 579 581 582 583 584 588 589 592 593 594 595 596 597 598 599 600 601 602 603 605 609 610 611 612 614 615 616 617 618 619 620 621 622 623 107 625 626 627 628 629 630 631 632 633 635 636 638 639 640 642 643 644 647 648 649 650 652 653 654 655 656 657 658 659 660 661 662 663 664 665 666 667 668 670 671 672 673 674 675 677 678 679 680 681 682 684 685 173 394 422 427 480 

592

513 514 515 524 542 544 34 556 558 559 561 563 566 567 576 577 578 580 582 583 586 587 591 593 594 595 599 600 601 602 604 606 610 614 615 107 627 628 629 632 634 635 637 638 640 641 643 645 646 647 649 650 651 652 656 658 659 661 662 665 667 668 669 670 671 673 674 675 676 681 683 173 348 363 370 373 374 376 378 391 394 395 400 412 423 427 428 431 434 436 438 461 465 475 480 483 492 496 500 506 

593
480 422 
34 573 574 575 576 577 578 579 581 582 583 584 586 587 588 589 590 592 594 595 596 597 598 599 600 602 603 605 609 610 611 612 615 616 617 618 619 620 621 622 623 625 626 627 628 629 630 631 632 633 635 636 637 638 639 640 642 643 644 646 647 648 649 650 652 653 654 655 656 657 658 659 660 661 662 663 664 665 666 667 668 670 671 672 674 675 677 678 679 680 681 682 684 685 173 414 427 461 

594

544 556 573 574 575 576 577 578 579 581 582 583 584 586 587 588 589 590 592 595 596 597 598 599 600 603 605 606 610 611 612 614 615 616 617 618 619 620 621 622 623 625 626 627 628 630 631 632 633 634 635 636 637 639 640 642 644 646 647 648 650 651 652 653 654 655 656 657 658 659 661 662 663 664 665 666 669 670 671 672 673 675 676 677 678 679 680 681 682 683 684 685 363 376 378 391 394 422 436 492 

595

513 515 524 542 544 34 553 556 558 559 561 563 566 567 573 574 575 579 580 584 586 587 589 590 591 592 596 597 598 601 603 604 605 609 610 611 612 614 616 617 618 619 620 621 622 623 107 625 626 630 631 633 634 636 637 639 641 644 645 646 648 651 653 654 655 657 663 664 666 669 672 676 677 678 679 680 682 684 685 348 370 373 374 376 378 394 395 412 422 423 428 434 438 461 465 475 480 496 500 506 

596
483 604 414 
513 514 515 524 542 544 34 553 556 558 559 561 563 566 567 576 577 578 580 582 583 586 587 591 593 594 595 599 600 601 602 606 610 614 615 107 627 628 629 632 634 635 637 638 640 641 643 645 646 647 649 650 651 652 656 658 659 661 662 665 667 668 669 670 671 673 674 675 676 681 683 173 348 363 370 373 374 376 378 391 394 400 412 423 427 428 431 434 436 461 465 475 480 492 496 500 506 

597

513 514 515 524 542 544 34 553 556 558 559 561 563 566 567 576 577 578 580 581 582 583 586 587 591 593 594 595 599 600 601 604 606 610 614 615 107 627 628 629 632 634 635 637 640 641 642 643 645 646 647 649 650 651 652 656 658 659 661 662 665 667 668 669 670 671 673 675 676 681 683 173 348 363 370 373 374 376 378 391 394 395 400 412 423 427 428 431 434 436 438 461 465 475 480 483 492 496 500 506 

598

513 514 524 542 544 34 553 556 558 559 561 563 566 567 576 577 578 580 582 583 586 587 591 593 594 595 599 600 601 602 604 606 610 614 615 107 627 628 632 634 635 637 638 640 641 643 645 646 647 649 650 651 652 656 658 659 660 661 662 665 667 668 669 670 671 673 674 675 676 681 683 173 348 363 370 373 374 376 378 391 394 395 400 412 423 427 428 431 434 436 438 461 465 475 480 483 492 496 500 506 

599

513 514 515 524 542 34 553 556 559 561 563 566 567 573 574 575 579 580 584 586 587 588 589 590 591 592 593 596 597 598 601 603 605 609 610 611 612 614 616 617 618 107 620 619 622 623 621 625 626 629 630 631 633 634 636 637 639 641 644 645 646 648 653 654 655 656 657 660 663 664 666 667 669 671 672 676 677 678 679 680 682 684 685 373 376 378 394 395 400 412 422 428 431 434 438 465 475 480 483 500 

600

513 515 542 544 34 553 558 559 561 563 566 567 573 574 575 579 584 586 587 588 589 590 591 592 593 596 597 598 601 603 604 605 609 610 611 612 614 616 617 618 619 620 621 622 623 625 626 630 631 633 634 636 637 639 641 644 645 646 648 653 654 655 656 657 663 664 666 669 671 672 676 677 678 679 680 682 684 685 173 348 363 370 373 378 391 394 395 412 422 423 427 428 438 461 475 480 492 496 500 506 

601
630 422 394 
34 558 573 574 575 576 577 578 579 581 582 583 584 586 587 588 589 590 592 594 595 596 597 598 599 600 602 603 605 610 611 612 615 616 617 618 619 620 621 622 623 625 626 627 628 631 632 633 634 635 636 638 639 640 642 643 646 647 648 649 650 652 653 654 655 656 657 658 659 660 661 662 663 664 665 666 667 668 670 671 672 673 674 675 677 678 679 680 681 682 684 685 173 363 427 436 480 

602

513 514 515 524 542 544 34 553 556 558 559 563 566 567 574 575 579 581 584 586 587 588 589 590 591 592 593 596 598 603 604 605 606 609 610 611 612 616 617 107 620 621 619 623 622 625 626 629 630 631 633 634 636 637 639 641 642 644 645 646 648 651 652 655 656 657 664 666 669 671 672 673 676 678 679 680 682 685 348 363 370 373 376 378 391 394 395 412 422 434 436 438 465 475 480 483 492 496 500 506 

603

513 514 515 524 542 544 34 553 556 558 559 561 563 566 567 576 577 578 580 582 583 586 587 591 593 594 595 599 600 602 604 606 610 614 615 107 627 628 629 632 634 635 637 638 640 641 643 645 646 647 649 650 651 652 656 658 659 660 661 662 665 667 669 670 671 673 674 675 676 681 683 173 348 363 370 373 374 376 378 391 394 395 400 412 423 427 428 431 434 436 438 461 465 475 480 483 492 496 500 506 

604
395 596 422 671 
34 573 574 575 576 577 578 579 581 582 583 584 588 589 590 592 593 594 595 597 598 599 600 601 602 603 605 609 610 611 612 615 616 617 618 619 620 621 622 623 107 625 626 627 628 629 630 631 632 633 635 636 638 639 640 642 643 644 647 648 649 650 652 653 654 655 656 657 658 659 660 661 662 663 664 665 666 667 668 670 672 673 674 675 677 678 679 680 681 682 684 685 173 394 427 480 

605

513 514 515 524 544 34 553 556 558 559 561 563 566 567 576 577 578 581 582 583 586 587 593 594 595 599 600 604 606 610 614 615 107 627 628 629 631 632 634 635 637 638 640 641 642 643 645 646 647 649 650 651 652 656 658 659 660 661 662 665 667 669 670 671 673 675 676 679 681 682 683 173 348 363 370 373 374 376 378 391 394 395 400 412 423 427 428 431 434 436 438 461 465 475 480 483 492 496 500 506 

606

34 558 573 574 575 576 577 578 579 581 582 583 584 586 587 588 589 590 592 593 594 595 596 597 598 599 600 602 603 605 609 610 611 612 615 616 617 618 619 620 621 622 623 107 625 626 627 628 629 630 631 632 633 635 636 638 639 640 642 643 644 646 647 648 649 650 652 653 654 655 656 657 658 659 660 661 662 663 664 665 666 667 668 670 672 673 674 675 677 678 679 680 681 682 684 685 173 422 427 480 

609
553 
513 514 515 524 542 544 34 556 558 559 561 563 566 567 574 576 577 578 581 582 583 584 586 587 593 594 595 599 600 602 604 606 610 614 615 107 621 627 628 631 632 634 635 638 639 640 642 643 645 646 647 649 650 651 652 655 656 658 659 660 661 662 663 665 667 668 669 670 671 673 674 675 676 679 681 682 683 173 348 363 370 374 376 378 391 394 395 423 427 431 434 436 438 461 480 483 492 496 506 

610

34 558 573 574 575 576 577 578 579 581 582 583 584 588 589 592 594 595 596 597 598 599 600 601 602 603 605 606 609 611 612 615 616 617 618 619 620 621 622 623 107 625 626 627 628 629 630 631 632 633 635 636 637 638 639 640 641 642 643 644 647 648 649 650 653 654 655 656 657 658 659 660 661 662 663 664 665 666 667 668 670 671 672 673 674 675 677 678 679 680 681 682 684 685 173 394 414 422 427 480 

611

513 514 515 524 542 544 34 553 556 558 559 561 563 566 567 576 577 578 580 582 583 586 587 591 593 594 595 599 600 601 602 604 606 610 614 615 107 627 628 629 632 634 635 637 638 640 641 643 645 646 647 649 650 651 652 656 658 659 661 662 665 667 669 670 671 673 674 675 676 681 683 173 348 363 370 373 374 376 378 391 394 395 400 412 423 427 428 431 434 436 438 461 465 475 480 483 492 496 500 506 

612

513 514 515 524 542 544 34 553 556 558 559 561 563 566 567 576 577 578 580 582 583 586 587 593 594 595 599 600 601 602 604 606 610 614 615 107 627 628 629 632 634 635 637 638 640 641 643 645 646 647 649 650 651 652 656 658 659 661 662 665 667 668 669 670 671 673 674 675 676 681 683 173 348 363 370 373 374 376 378 391 394 395 400 412 423 427 428 431 434 436 438 461 465 475 480 483 492 496 500 506 

614

34 558 563 573 574 575 576 577 578 579 581 582 583 584 587 588 589 590 592 594 595 596 597 598 599 600 601 602 603 605 609 610 611 612 615 616 617 618 619 107 621 622 623 620 625 626 627 628 629 630 631 632 633 635 636 638 639 640 642 643 644 646 647 648 649 650 652 653 654 655 656 657 658 659 660 661 662 663 664 665 666 667 668 670 671 672 673 674 675 677 678 679 680 681 682 684 685 173 427 480 

615

513 515 542 544 34 553 556 558 559 561 563 566 573 574 575 579 580 584 586 587 588 589 590 591 592 593 596 598 601 603 605 609 610 611 612 614 616 617 618 619 620 107 622 623 625 626 629 630 631 633 634 636 637 639 641 644 645 646 648 649 651 652 653 654 655 656 657 663 664 666 669 671 672 673 676 677 678 680 682 684 685 173 348 363 370 373 374 376 378 395 422 428 438 465 475 480 483 496 500 506 

616
414 
513 514 515 524 542 544 34 553 556 558 559 561 563 566 567 576 577 578 580 582 583 586 587 591 593 594 595 599 600 601 602 604 606 610 614 615 107 627 628 629 632 634 635 638 640 641 643 645 646 647 649 650 651 652 656 658 659 661 662 665 667 668 669 670 671 673 674 675 676 681 683 173 348 363 370 373 374 376 378 391 394 400 412 423 427 428 431 434 436 438 461 465 475 480 483 492 496 500 506 

617

513 514 515 524 542 544 34 556 558 559 561 563 566 576 577 578 580 581 582 583 586 587 591 593 594 595 599 600 601 602 604 606 610 614 615 107 627 628 629 632 634 635 637 638 639 640 641 642 643 645 646 647 649 650 651 652 656 658 659 660 661 662 665 667 668 669 670 671 673 674 675 676 681 683 173 348 363 370 374 376 378 391 394 395 400 412 423 427 428 431 434 436 438 465 475 480 483 496 500 506 

618

513 514 515 524 542 544 34 553 556 558 559 561 563 566 567 576 577 578 580 582 583 586 587 591 593 594 595 599 600 601 604 606 610 614 615 107 627 628 629 632 634 635 637 638 640 641 643 645 646 647 649 650 651 652 656 658 659 661 662 665 667 668 669 670 671 673 674 675 676 681 683 173 348 363 370 373 374 376 378 391 394 395 400 412 423 427 428 431 434 436 438 461 465 475 480 483 492 496 500 506 

619

513 514 515 524 542 544 34 553 556 558 559 561 563 566 567 576 577 578 580 582 583 586 587 591 593 594 595 599 600 602 604 606 610 614 615 107 627 628 629 632 634 635 637 638 640 641 643 645 646 647 649 650 651 652 656 658 659 661 662 665 667 668 669 670 671 673 674 675 676 681 683 173 348 363 370 373 374 376 378 391 394 395 400 412 423 427 428 431 434 436 438 461 465 475 480 483 492 496 500 506 

620
515 
513 514 524 542 544 34 558 559 563 566 567 576 577 578 580 581 582 583 586 587 591 593 594 595 599 600 601 602 604 606 610 615 107 627 628 629 632 634 635 637 638 639 640 641 642 643 645 646 647 649 650 651 652 656 657 658 659 660 661 662 665 667 668 669 670 671 673 674 675 676 679 681 683 173 348 363 370 373 374 376 378 391 400 412 423 427 428 431 434 436 438 461 475 480 483 492 496 500 506 

621

513 514 515 524 542 544 34 553 556 558 559 561 563 566 567 576 577 578 580 581 582 583 586 587 591 593 594 595 599 600 601 602 604 606 610 614 615 107 627 628 629 632 634 635 637 638 640 641 642 643 645 646 647 650 651 652 656 658 659 661 662 665 667 669 670 671 673 675 676 681 683 173 348 363 370 373 374 376 378 391 394 395 400 412 423 427 428 431 434 436 438 461 465 475 480 483 492 496 500 506 

622

513 514 515 524 542 544 34 553 556 558 559 561 563 566 567 576 577 578 580 581 582 583 586 587 591 593 594 595 599 600 601 604 606 610 614 615 107 627 628 629 632 634 635 638 640 641 642 643 645 646 647 649 650 651 652 656 658 659 661 662 665 667 669 670 671 673 674 675 676 681 683 173 348 363 370 373 374 376 378 391 394 395 400 412 423 427 428 431 434 436 438 461 465 475 480 483 492 496 500 506 

623

513 514 515 524 542 544 34 553 556 558 559 561 563 566 567 576 577 578 580 582 583 586 587 591 593 594 595 599 600 601 602 604 606 610 614 615 107 627 628 629 632 634 635 637 638 640 641 643 645 646 647 649 650 651 652 656 658 659 661 662 665 667 668 669 670 671 673 674 675 676 681 683 173 348 363 370 374 376 378 391 394 395 400 412 423 427 428 431 434 436 438 461 465 475 480 483 492 496 500 506 

625

513 514 515 524 542 544 34 553 556 558 559 561 563 566 567 576 577 578 580 582 583 586 587 591 593 594 595 599 600 601 602 604 606 610 614 615 107 627 628 632 634 635 637 638 640 641 643 645 646 647 649 650 651 652 656 658 659 660 661 662 665 667 668 669 670 671 673 674 675 676 681 683 173 348 363 370 373 374 376 378 391 394 395 400 412 423 427 428 431 434 436 438 461 465 480 483 492 496 500 506 

626

513 514 515 524 542 544 34 553 556 558 559 561 563 566 567 576 577 578 580 582 583 586 587 591 593 594 595 599 600 602 604 606 610 614 615 107 627 628 629 632 634 635 637 638 640 641 643 645 646 647 649 650 651 652 656 658 659 660 661 662 665 667 669 670 671 673 674 675 676 681 683 173 348 363 370 373 374 376 378 391 394 395 400 412 423 427 428 431 434 436 438 461 465 475 480 483 492 496 500 506 

627

513 515 542 544 34 553 558 559 561 566 573 575 579 580 584 586 587 588 589 590 591 592 596 597 598 601 603 604 605 609 610 611 612 614 616 617 618 107 620 619 622 623 621 625 626 629 630 633 634 636 637 639 641 644 645 646 648 653 654 655 656 657 663 664 666 669 671 672 676 677 678 679 680 682 684 685 173 348 370 373 374 376 378 391 394 395 400 412 422 427 428 434 438 465 475 480 483 492 496 500 

628

513 515 524 542 544 34 553 556 558 559 561 567 573 574 579 580 584 586 587 588 589 590 591 592 593 594 596 597 598 601 603 605 606 609 611 612 614 616 617 618 107 620 621 619 623 625 626 629 630 631 633 634 636 637 639 641 644 645 646 648 651 652 653 654 655 656 657 663 664 666 667 671 672 673 676 677 678 679 680 682 684 685 373 376 378 394 395 400 412 422 423 428 438 465 475 480 492 496 500 506 

629

34 556 558 573 574 575 576 577 578 579 581 582 583 584 586 588 589 590 592 593 594 595 596 597 598 599 600 602 603 605 610 611 612 615 616 617 618 619 620 621 622 623 625 626 627 628 631 632 633 635 636 638 639 640 642 643 646 647 648 650 652 653 654 655 656 657 658 659 660 661 662 663 664 665 666 667 668 670 671 672 673 674 675 677 678 679 680 681 682 684 173 685 370 394 422 427 431 436 461 480 

630
601 666 
513 514 515 524 542 544 34 553 556 558 559 561 563 566 567 576 577 578 580 582 583 586 587 591 593 594 595 599 600 602 604 606 610 614 615 107 627 628 632 634 635 638 640 642 643 645 646 647 649 650 651 652 656 658 659 660 661 662 665 667 668 669 670 671 673 674 675 676 681 683 173 348 363 370 373 374 376 378 391 394 400 412 423 427 428 431 434 436 438 461 465 475 480 483 492 496 500 506 

631

513 514 515 524 542 544 34 553 556 558 559 561 563 566 567 576 577 578 580 582 583 586 587 590 591 593 594 595 599 600 601 604 605 606 610 614 615 107 627 628 629 632 634 635 640 641 643 644 645 646 647 648 649 650 651 652 656 658 659 661 662 665 667 668 669 670 671 673 675 676 681 683 173 348 363 370 373 374 376 378 391 394 400 412 423 427 428 431 434 436 438 461 465 475 480 483 492 496 500 506 

632

513 515 524 542 544 34 553 556 558 559 561 566 567 573 574 575 579 580 584 586 587 588 589 590 591 592 593 596 597 598 601 603 605 609 610 611 612 614 616 617 618 619 620 621 622 623 107 625 626 630 631 633 634 636 639 641 644 645 646 648 652 653 654 655 656 657 663 664 666 669 671 672 676 677 678 679 680 682 683 684 685 348 370 373 374 376 395 412 422 423 428 438 461 465 475 480 483 492 500 506 

633

513 514 515 524 542 544 34 553 556 558 559 561 563 566 567 576 577 578 580 582 583 586 587 591 593 594 595 599 600 601 604 606 610 614 615 107 627 628 629 632 634 635 637 638 639 640 641 643 645 646 647 649 650 651 652 656 658 659 661 662 665 667 669 670 671 673 674 675 676 681 683 173 348 363 370 373 374 376 378 391 394 395 400 412 423 427 428 431 434 436 438 461 465 475 480 483 492 496 500 506 

634
647 
34 558 573 574 575 576 577 578 579 581 582 583 584 588 589 590 592 593 594 595 596 597 598 599 600 601 602 603 605 609 610 611 612 615 616 617 618 619 620 621 622 623 107 625 626 627 628 629 630 631 632 633 635 636 638 639 640 642 643 644 648 649 650 652 653 654 655 656 657 658 659 660 661 662 663 664 665 666 667 668 670 672 674 675 676 677 678 679 680 681 682 684 685 173 394 414 422 427 480 

635

513 515 524 542 544 34 553 556 559 561 563 566 567 573 574 575 579 580 584 586 587 588 589 590 591 592 593 594 596 597 598 601 603 605 609 610 611 612 614 616 617 618 107 620 619 621 623 622 625 626 629 630 631 633 634 636 639 641 644 645 646 648 653 654 655 657 660 663 664 666 672 676 677 678 679 680 682 684 685 173 348 373 374 376 378 391 394 395 400 412 422 427 428 434 438 465 475 480 500 506 

636

513 514 515 524 542 544 34 556 558 559 561 563 566 567 576 577 578 580 582 583 586 587 591 593 594 595 599 600 601 602 604 606 610 614 615 107 627 628 629 632 634 635 637 638 640 641 643 645 646 647 649 650 651 652 656 658 659 661 662 665 667 668 669 670 671 673 674 675 676 681 683 173 348 363 370 373 374 376 378 391 394 395 400 412 423 427 428 431 434 436 438 461 465 475 480 483 492 496 500 506 

637
363 
34 558 563 567 573 574 575 576 577 578 579 581 582 583 587 588 589 590 592 593 594 595 596 597 598 599 600 602 603 605 609 610 611 612 615 616 617 618 619 620 621 622 623 625 626 627 628 630 631 632 633 634 635 636 638 640 642 643 644 646 647 648 649 650 652 653 654 655 656 657 658 659 660 661 662 663 664 665 666 667 668 670 671 672 673 674 675 677 680 681 682 684 685 173 394 422 427 461 480 

638

513 514 515 524 542 544 34 553 556 558 559 561 563 566 567 573 574 575 579 581 586 587 589 590 591 592 593 596 598 601 603 604 605 606 609 610 611 612 614 616 617 618 619 620 621 622 623 625 626 629 630 631 633 634 636 637 639 641 642 644 645 646 648 651 652 653 654 656 657 663 664 666 669 671 672 673 676 677 678 679 680 682 684 685 348 363 373 374 378 391 395 412 427 428 434 436 480 483 496 506 

639
414 
513 514 515 524 542 544 34 556 558 559 561 563 566 567 576 577 578 580 581 582 583 586 587 590 593 594 595 599 600 601 602 604 606 610 614 615 617 107 627 628 629 632 633 634 635 638 640 642 643 645 646 647 648 649 650 651 652 656 658 659 661 662 665 667 668 669 670 673 674 675 676 681 683 173 348 363 370 373 374 376 378 391 394 400 412 423 427 428 431 434 436 438 461 465 475 492 496 500 506 

640

513 515 524 542 544 34 553 556 558 559 561 563 566 567 573 575 579 580 584 586 588 589 590 591 592 593 596 597 598 601 603 604 605 609 610 611 612 614 616 617 618 619 620 107 622 623 625 626 629 630 631 633 634 636 637 639 641 644 645 648 653 654 655 656 657 664 666 669 671 672 676 677 678 680 682 684 685 173 348 370 373 376 378 391 394 395 400 412 422 427 428 434 465 475 480 483 492 496 500 506 

641
630 414 
34 558 573 574 575 576 577 578 579 581 582 583 584 586 587 588 589 590 592 593 594 595 596 597 598 599 600 602 603 605 609 610 611 612 615 616 617 618 619 620 621 622 623 625 626 627 628 631 632 633 635 636 638 639 640 642 643 644 647 648 649 650 652 653 654 655 656 657 658 659 660 661 662 663 664 665 666 667 668 670 671 672 673 674 675 677 678 679 680 681 682 684 685 173 422 427 436 480 

642

513 514 524 542 544 34 553 556 558 559 561 563 566 567 574 580 584 586 587 588 590 591 593 594 596 597 601 602 603 604 605 606 609 610 614 617 107 620 621 622 625 626 629 631 634 637 638 639 641 645 646 648 649 651 652 653 655 656 660 663 666 667 668 669 671 673 674 676 679 683 173 348 363 370 373 374 376 378 391 394 395 400 412 414 423 427 428 431 434 436 438 461 465 475 480 483 492 496 500 506 

643

513 515 542 34 553 556 558 559 561 567 573 574 575 579 580 584 586 587 588 589 590 591 592 593 596 597 598 601 603 605 609 610 611 612 614 616 617 618 619 620 621 622 623 107 625 626 629 630 631 633 634 636 637 639 641 644 645 648 651 653 654 655 656 657 663 664 666 669 671 672 673 676 677 678 679 680 682 683 684 685 173 348 373 376 378 391 394 395 400 412 422 428 438 461 465 475 480 483 492 500 

644

514 515 524 542 544 34 556 558 559 563 566 567 574 576 577 578 581 582 583 584 586 587 593 594 595 596 599 600 602 604 606 610 614 615 107 627 628 631 632 634 635 637 638 639 640 642 643 645 646 647 649 650 651 652 655 656 657 658 659 660 661 662 663 665 667 668 669 670 671 673 674 675 676 679 681 682 683 173 348 363 370 374 376 378 391 394 412 423 427 428 431 434 436 438 461 475 480 483 496 506 

645

34 573 574 575 576 577 578 579 581 582 583 584 588 589 590 592 593 594 595 596 597 598 599 600 601 602 603 605 609 610 611 612 615 616 617 618 619 620 621 622 623 107 625 626 627 628 629 630 631 632 633 635 636 638 639 640 641 642 643 644 647 648 649 650 652 653 654 655 656 657 658 659 660 661 662 663 664 665 666 667 668 670 672 673 674 675 677 678 679 680 681 682 684 685 173 394 414 422 427 480 

646

34 573 574 575 576 577 578 579 581 582 583 584 588 589 590 592 593 594 595 596 597 598 599 600 601 602 603 605 609 610 611 612 615 616 617 618 619 620 621 622 623 107 625 626 627 628 629 630 631 632 633 635 636 637 638 639 640 642 643 644 647 648 649 650 652 653 654 655 656 657 658 659 660 661 662 663 664 665 666 667 668 670 671 672 674 675 676 677 678 679 680 681 682 684 685 173 414 422 427 480 

647
634 
513 515 542 544 34 553 556 558 559 561 563 566 567 573 575 579 580 584 586 587 588 589 590 591 592 596 597 598 601 603 604 605 606 609 610 611 612 614 616 617 618 107 620 619 622 623 621 625 626 629 630 633 636 637 639 641 644 645 646 648 649 651 652 653 654 655 657 663 664 666 669 671 672 676 677 678 679 680 682 683 684 685 348 370 373 374 376 378 391 394 422 428 438 461 465 475 480 483 500 

648

513 514 515 524 542 544 34 556 558 559 561 563 566 574 576 577 578 580 581 582 583 586 587 591 593 594 595 599 600 601 602 604 606 610 614 615 107 627 628 629 631 632 634 635 637 638 639 640 642 643 645 647 650 651 652 655 656 658 659 660 661 662 665 667 669 670 671 673 674 675 676 679 681 683 173 348 363 370 373 376 378 391 394 395 400 412 414 423 427 428 431 434 436 438 461 475 480 483 496 506 

649
173 
544 34 553 556 558 559 573 574 575 576 577 579 581 582 583 584 586 587 588 589 590 592 596 597 598 599 603 604 605 609 610 611 612 614 615 616 617 618 619 620 622 623 625 626 627 628 630 631 632 633 635 636 637 639 642 643 644 645 647 650 652 653 654 655 656 657 658 659 660 661 662 664 665 666 669 670 671 672 675 677 678 679 680 681 682 684 685 378 391 394 412 422 427 431 434 436 461 480 506 

650

513 515 524 542 544 34 553 558 559 561 563 566 567 573 575 579 580 584 586 587 588 589 590 591 592 593 596 597 598 603 605 606 609 610 611 612 616 617 618 107 620 619 622 623 625 626 629 630 633 634 636 637 639 641 644 645 646 648 651 652 653 654 655 656 657 664 666 669 671 672 673 676 677 678 680 682 683 684 173 685 348 370 373 376 378 395 412 422 427 428 434 438 465 475 480 483 492 496 500 506 

651
428 
34 563 573 574 575 576 577 578 579 581 582 583 584 588 589 590 592 593 594 595 596 597 598 599 600 601 602 603 605 609 610 611 612 615 616 617 618 619 620 621 622 623 107 625 626 627 628 629 630 631 632 633 635 636 637 638 639 640 642 643 644 647 648 649 650 652 653 654 655 656 657 658 659 660 661 662 663 664 665 666 667 668 670 671 672 674 675 677 678 679 680 681 682 684 685 173 422 427 480 

652

34 558 573 574 575 576 577 578 579 581 582 583 584 588 589 590 592 594 595 596 597 598 599 600 601 602 603 605 609 611 612 615 616 617 618 619 620 621 622 623 107 625 626 627 628 629 630 631 632 633 635 636 637 638 639 640 641 642 643 644 647 648 649 650 653 654 655 656 657 658 659 660 661 662 663 664 665 666 667 668 670 671 672 674 675 677 678 679 680 681 682 684 685 173 414 422 427 428 431 480 

653
461 
513 514 515 524 542 544 34 553 556 558 559 561 563 566 567 576 577 578 580 582 583 586 587 591 593 594 595 599 600 601 602 604 606 610 614 615 107 627 628 629 632 634 635 637 638 640 641 643 645 646 647 649 650 651 652 656 658 659 661 662 665 667 668 669 670 671 673 675 676 681 683 173 348 363 370 373 374 376 378 391 394 395 400 412 423 427 428 431 434 436 438 465 475 480 483 492 496 500 506 

654
515 
513 514 524 542 544 34 553 556 558 559 561 563 566 567 576 577 578 580 582 583 586 587 591 593 594 595 599 600 601 602 604 606 610 614 615 107 627 628 629 632 634 635 637 638 640 641 643 645 646 647 649 650 651 652 656 658 659 661 662 665 667 668 669 670 671 673 674 675 676 681 173 348 363 370 373 374 376 378 391 394 395 400 412 423 427 428 431 434 436 438 461 465 475 480 483 492 496 500 506 

655

513 514 515 524 542 544 34 553 556 558 559 561 563 566 567 576 577 578 580 581 582 583 586 587 590 591 593 594 595 599 600 601 602 604 606 610 614 615 107 627 628 632 634 635 637 640 641 642 643 645 646 647 648 649 650 651 652 656 658 659 661 662 665 667 669 670 671 673 675 676 681 683 173 348 363 370 373 374 376 378 391 394 395 400 412 423 427 428 431 434 436 461 465 475 480 483 492 496 500 506 

656

34 573 574 575 576 577 578 579 581 582 583 584 586 587 588 589 590 592 593 594 595 596 597 598 599 600 601 602 603 605 609 610 611 612 615 616 617 618 619 620 621 622 623 625 626 627 628 629 630 631 632 633 634 635 636 638 639 640 642 643 644 646 647 648 649 650 652 653 654 655 657 658 659 660 661 662 663 664 665 666 667 668 670 671 672 674 675 677 678 679 680 681 682 684 685 173 395 414 422 427 

657
414 
513 514 515 524 542 544 34 553 556 558 559 561 563 566 567 576 577 578 580 582 583 586 587 591 593 594 595 599 600 601 602 604 606 610 614 615 107 627 628 632 634 635 637 638 640 641 643 645 646 647 649 650 651 652 656 658 659 661 662 665 667 668 669 670 671 673 674 675 676 681 683 173 348 363 370 373 374 376 378 391 394 400 412 423 427 428 431 434 436 438 461 465 475 480 483 492 496 500 506 

658

513 515 524 542 544 34 553 556 558 559 561 563 566 567 573 574 575 579 584 586 587 589 590 591 592 596 597 598 601 603 605 609 610 611 612 616 617 618 107 620 619 622 623 621 625 626 629 630 631 633 634 636 637 639 641 644 645 646 648 653 654 655 656 657 663 664 666 669 671 672 677 678 679 680 682 684 685 173 348 370 373 374 376 378 394 395 412 422 423 427 428 434 438 465 475 480 483 496 500 506 

659

513 514 515 542 544 34 553 556 558 559 561 563 566 567 573 574 575 579 584 586 587 588 589 590 591 592 596 597 598 601 603 605 609 610 611 612 614 616 617 618 619 620 107 622 623 625 626 629 630 631 633 634 636 637 639 641 644 645 646 648 651 653 654 656 657 663 664 666 669 671 672 676 677 678 679 680 682 683 684 685 348 370 373 376 378 391 394 395 412 422 423 438 461 465 475 480 483 496 500 506 

660

513 514 515 524 542 544 34 553 556 558 559 561 563 566 567 576 577 578 580 581 582 583 586 587 590 591 593 595 599 600 601 603 604 605 606 609 610 614 615 107 620 625 626 628 629 632 634 635 641 642 643 644 645 646 647 649 650 651 652 656 658 659 661 662 664 665 666 669 670 673 675 676 680 681 683 173 348 370 373 374 376 378 391 394 400 412 423 427 428 431 434 436 461 465 475 480 492 496 500 506 

661

513 515 542 34 553 556 558 559 563 566 567 573 574 575 579 584 586 587 589 590 591 592 593 596 597 598 601 603 604 605 609 610 611 612 614 616 617 618 619 620 621 622 623 625 626 629 630 631 633 634 636 639 641 644 645 646 648 651 652 654 655 656 657 663 664 666 669 671 672 673 676 677 678 679 680 682 683 684 685 370 373 376 378 391 394 395 412 422 423 428 431 438 461 465 475 480 483 492 500 506 

662

513 515 524 34 553 556 558 559 561 563 567 573 574 575 579 584 586 587 588 589 590 591 592 593 594 596 597 598 601 603 605 606 609 610 611 612 614 616 617 618 619 620 621 622 623 107 625 626 629 630 631 633 634 636 639 641 644 645 646 648 651 653 654 655 657 663 664 666 667 669 671 672 673 676 677 678 679 680 682 684 173 685 348 370 373 376 394 395 412 422 423 427 428 431 438 465 475 480 500 506 

663

513 514 515 524 542 544 34 553 556 558 559 561 563 566 567 576 577 578 580 581 582 583 586 587 590 591 593 594 595 599 600 601 602 604 606 609 610 614 615 107 627 628 632 634 635 637 638 640 641 642 643 645 646 647 650 651 652 656 658 659 661 662 665 667 668 669 670 671 673 675 676 681 683 173 348 363 370 373 374 376 378 391 394 400 412 423 427 428 431 434 436 461 465 475 480 483 492 496 500 506 

664
414 
513 514 515 524 542 544 34 556 558 559 561 563 566 567 576 577 578 580 582 583 586 587 591 593 594 595 599 600 601 602 604 606 610 614 615 107 627 628 629 632 634 635 637 638 640 641 643 645 646 647 649 650 651 652 656 658 659 661 662 665 667 668 669 670 671 673 674 675 676 681 683 348 363 370 373 374 376 378 391 394 395 400 412 423 427 428 431 434 436 438 461 465 475 480 483 492 496 500 506 

665

513 515 524 542 544 34 553 556 558 559 561 563 566 567 573 575 579 580 584 586 587 588 589 590 591 592 593 596 597 598 601 603 604 605 606 609 610 611 612 614 616 617 618 107 620 619 622 623 621 625 626 629 630 633 634 636 637 639 641 644 645 648 651 653 654 656 657 663 664 666 669 671 672 676 677 678 679 680 682 684 685 370 373 378 391 394 395 400 412 422 428 431 438 465 475 480 483 492 500 506 

666
630 
513 514 34 556 559 561 563 567 574 576 577 578 580 582 583 584 586 587 591 593 594 595 599 600 601 602 604 606 610 614 615 107 627 628 629 631 632 634 635 637 638 639 640 641 643 645 646 647 649 650 651 652 656 657 658 659 660 661 662 665 667 668 669 670 671 673 674 675 676 679 681 682 683 173 348 363 373 374 376 378 391 394 395 400 423 427 428 431 434 436 438 465 475 480 483 492 496 500 506 

667

544 556 573 574 575 576 577 578 579 581 582 583 584 586 587 588 589 590 592 595 596 597 598 599 600 603 604 605 611 612 614 615 616 617 618 619 620 621 622 623 625 626 627 628 630 631 632 633 635 636 639 640 642 643 644 646 647 648 650 651 652 653 654 655 656 657 658 659 660 661 662 663 664 665 666 669 670 672 673 675 676 677 678 679 680 681 682 684 685 173 363 374 376 378 391 394 422 436 438 492 

668

513 515 524 542 544 34 553 556 559 561 567 573 574 575 579 581 584 586 587 588 589 590 592 593 596 597 598 601 603 604 606 609 610 611 612 614 616 617 618 107 620 619 622 623 625 629 630 631 634 636 637 639 641 642 644 645 646 648 651 652 653 654 656 657 663 664 666 669 671 672 673 677 678 679 680 682 684 685 348 363 373 376 378 391 394 395 412 422 423 427 428 436 438 465 480 483 492 496 500 506 

669

34 556 573 574 575 576 577 578 579 581 582 583 584 586 587 588 589 590 592 593 594 595 596 597 598 599 600 602 603 605 609 610 611 612 615 616 617 618 619 620 621 622 623 107 625 626 627 628 629 630 631 632 633 635 636 638 639 640 642 643 644 647 648 649 650 652 653 654 655 656 657 658 659 660 661 662 663 664 665 666 667 668 670 672 673 674 675 677 678 679 680 681 682 684 685 173 394 422 427 480 

670

513 515 542 544 34 553 556 558 559 561 563 566 573 574 575 579 580 584 586 587 588 589 590 591 592 593 596 597 598 601 603 605 609 610 611 612 614 616 617 618 619 620 107 622 623 625 626 630 631 633 634 636 637 639 641 644 645 646 648 653 654 655 656 657 664 666 669 671 672 676 677 678 679 680 682 683 684 685 173 348 370 373 374 376 378 391 394 395 412 422 428 434 438 465 475 480 483 496 500 506 

671

34 556 573 574 575 576 577 578 579 581 582 583 584 588 589 590 592 594 595 596 597 598 599 600 601 602 603 605 609 610 611 612 615 616 617 618 619 620 621 622 623 107 625 626 627 628 629 630 631 632 633 635 636 638 639 640 642 643 644 646 647 648 649 650 652 653 654 655 656 657 658 659 660 661 662 663 664 665 666 667 668 670 672 673 674 675 677 678 679 680 681 682 684 685 173 394 414 422 427 436 

672
414 
513 514 515 524 542 544 34 553 556 558 559 561 563 566 567 576 577 578 580 582 583 586 587 591 593 594 595 599 600 601 602 604 606 610 614 615 107 627 628 632 634 635 637 638 640 641 643 645 646 647 649 650 651 652 656 658 659 661 662 665 667 668 669 670 671 673 674 675 676 681 683 173 348 363 370 373 374 376 378 391 394 400 412 423 427 428 431 434 436 438 461 465 475 480 483 492 496 500 506 

673

34 558 563 573 574 575 576 577 578 579 581 582 583 584 588 589 590 592 594 595 596 597 598 599 600 601 602 603 605 609 610 611 612 615 616 617 618 619 620 621 622 623 107 625 626 627 628 629 630 631 632 633 635 636 638 639 640 642 643 644 647 648 649 650 653 654 655 656 657 658 659 660 661 662 663 664 665 666 667 668 670 671 672 674 675 677 678 679 680 681 682 684 685 173 414 422 427 431 434 480 

674

513 515 524 542 544 34 553 556 558 559 561 563 566 567 573 574 575 579 580 581 586 587 588 589 590 591 592 593 596 598 601 603 606 609 610 611 612 614 616 617 618 619 620 107 622 623 625 626 629 630 631 633 634 636 637 639 641 642 644 645 646 648 651 652 654 656 657 664 666 669 671 672 673 676 677 678 680 682 683 684 685 363 373 376 378 391 394 395 412 422 431 436 461 465 475 480 483 492 500 506 

675

513 515 524 542 544 553 556 558 559 561 563 566 567 573 574 575 579 580 584 586 587 589 590 591 592 593 596 598 601 603 604 605 609 610 611 614 616 617 618 107 620 621 622 623 626 630 631 633 634 636 637 639 641 644 645 646 648 651 653 654 655 656 657 660 663 664 666 669 671 672 676 678 679 680 682 683 685 370 373 376 378 391 394 395 400 412 422 423 428 431 438 461 465 475 480 483 492 496 500 506 

676
414 
34 573 574 575 576 577 578 579 581 582 583 584 586 587 588 589 590 592 594 595 596 597 598 599 600 602 603 605 609 610 611 612 615 616 617 618 619 620 621 622 623 107 625 626 627 628 629 630 631 632 633 634 635 636 638 639 640 642 643 644 646 647 648 649 650 653 654 655 656 657 658 659 660 661 662 663 664 665 666 667 668 670 671 672 673 674 675 677 678 679 680 681 682 684 685 173 422 427 480 

677

513 514 515 524 542 544 34 553 556 558 559 561 563 566 567 576 577 578 580 582 583 586 587 591 593 594 595 599 600 601 604 606 610 614 615 107 627 628 629 632 634 635 637 638 640 641 643 645 646 647 649 650 651 652 656 658 659 661 662 665 667 668 669 670 671 673 674 675 676 681 683 173 348 363 370 373 374 376 378 391 394 395 400 412 423 427 428 431 434 436 438 461 465 475 480 483 492 496 500 506 

678

513 514 515 524 542 544 34 553 556 558 559 561 563 566 567 576 577 578 580 582 583 586 587 591 593 594 595 599 600 601 602 604 606 610 614 615 107 627 628 629 632 634 635 638 640 641 643 645 646 647 648 649 650 651 652 656 658 659 661 662 665 667 668 669 670 671 673 674 675 676 681 683 173 348 363 370 373 374 376 378 391 394 400 412 423 427 428 431 434 436 438 461 465 475 480 483 492 496 500 506 

679

513 514 515 524 542 544 34 553 556 558 559 561 563 566 567 576 577 578 580 582 583 586 587 590 591 593 594 595 599 600 601 604 605 606 610 614 615 107 627 628 632 634 635 640 641 643 644 645 646 647 649 650 651 652 656 658 659 661 662 664 665 667 668 669 670 671 673 675 676 681 683 173 348 363 370 373 374 376 378 391 394 395 400 412 423 427 428 431 434 436 438 461 465 475 480 483 492 496 500 506 

680
373 
513 514 515 524 542 544 34 556 558 559 561 563 566 567 576 577 578 580 582 583 586 587 593 594 595 599 600 601 602 604 606 610 614 615 107 627 628 629 632 634 635 637 638 640 641 643 645 646 647 649 650 651 652 656 658 659 660 661 662 665 667 668 669 670 671 673 674 675 676 681 683 173 348 363 370 374 376 378 391 394 395 400 412 423 427 428 431 434 436 438 461 465 475 480 483 492 496 500 506 

681

513 515 542 34 553 556 558 559 561 563 566 573 574 575 579 580 584 586 587 588 589 590 591 592 593 596 597 598 601 603 604 605 609 610 611 612 614 616 617 618 619 620 107 622 623 621 625 626 629 630 631 633 634 636 637 639 641 644 645 646 648 651 653 654 655 656 657 660 663 664 666 669 671 672 676 677 678 679 680 682 684 685 173 348 373 376 395 400 412 422 423 428 438 465 480 483 492 496 500 506 

682
414 
513 514 515 524 542 544 34 553 556 558 559 561 563 566 567 576 577 578 580 582 583 586 587 590 591 593 594 595 599 600 602 604 606 610 614 615 107 627 628 629 632 634 635 638 640 641 643 645 646 647 649 650 651 652 656 658 659 661 662 665 667 668 669 670 671 673 674 675 676 681 683 173 348 363 370 373 374 376 378 391 394 400 412 423 427 428 431 434 436 438 461 465 475 480 483 492 496 500 506 

683

34 558 563 573 574 575 576 577 578 579 581 582 583 584 588 589 590 592 594 595 596 597 598 599 600 601 602 603 605 609 610 611 612 615 616 617 618 619 620 621 622 623 107 625 626 627 628 629 630 631 632 633 635 636 637 638 639 640 642 643 644 647 648 649 650 652 653 655 656 657 658 659 660 661 662 663 664 665 666 667 668 670 671 672 673 674 675 677 678 679 680 681 682 684 685 173 422 427 434 480 

684

513 514 515 524 542 544 34 553 556 558 559 561 563 566 567 576 577 578 580 582 583 586 587 591 593 594 595 599 600 601 604 606 610 614 615 107 627 628 629 632 634 635 637 638 640 641 643 645 646 647 649 650 651 652 656 658 659 661 662 665 667 668 669 670 671 673 674 675 676 681 683 173 348 363 370 373 374 376 378 391 394 395 400 412 423 427 428 431 434 436 438 461 465 475 480 483 492 496 500 506 

685

513 514 515 524 542 544 34 553 556 558 559 561 563 566 567 576 577 578 580 582 583 586 587 591 593 594 595 599 600 601 602 604 606 610 614 615 107 627 628 629 632 634 635 637 638 640 641 643 645 646 647 649 650 651 652 656 658 659 661 662 665 667 668 669 670 671 673 675 676 681 683 173 348 363 370 373 374 376 378 391 394 395 400 412 423 427 428 431 434 436 438 461 465 475 480 483 492 496 500 506 

