3980 4033 4036 4026 4003 3989 3982 4027 4014 3998 4004 4016 4031 3980
3981 4027 3983 4012 4006 3989 3991 3992 3987 4000 4011 4033 594 4028 4004 4025 3996 4016 4013 3986 4031 4017 4038 3985 4014 4007 3984 4015 4036 3990 4029 4032 4001 4024 4020 3995 3993 4010 3988 3999 4037 4002 4005 4026 4034 4021 4030 4023 3982 4003 3981
3982 4028 4029 4025 4012 4006 3991 4016 4007 3990 3989 3996 594 4027 4011 4001 3987 3983 4015 4031 3984 3992 4004 4036 4032 3999 4038 4002 4033 4000 4017 4010 4013 4024 4005 3980 4034 4020 3993 3985 3995 4018 4019 3981 4009 3982
3983 594 4018 4023 3999 3994 3998 4009 4036 4005 3993 3981 4037 4027 4003 4019 3990 3997 3982 4011 4012 3987 3988 3985 4006 4025 3989 4014 4029 4032 4002 4007 4013 4001 3991 4031 4016 4034 4004 4038 4028 4020 3995 4015 3996 3984 3992 4033 4030 4000 4024 4010 3986 4021 4026 3983
3984 3995 3993 3988 3998 3989 4030 3982 3997 3985 3986 4026 4033 4014 594 4003 3981 4011 4004 4019 4036 4021 4016 4027 4002 4009 4000 3999 3996 4037 4023 4031 4018 4017 4034 4013 3991 3994 4007 3983 4028 4038 3990 4006 4020 4025 4005 3992 3987 4012 4029 4001 4024 4032 4015 4010 3984
3985 4036 3999 4033 4005 4016 4001 3986 4000 4006 4012 3996 3983 3998 4025 3992 4027 3994 4028 4017 3990 3984 4019 4029 4007 3987 3981 4015 4009 3989 594 4034 4011 4032 4018 4010 4003 4024 3997 4026 4023 3991 4031 4002 3982 4020 4038 4013 4021 4037 4030 3995 3985
3986 3990 4028 3996 4007 4016 4004 4025 594 4006 4032 4027 4029 4012 3999 4002 3991 4001 4038 4005 3985 3987 4036 4011 4034 4031 4013 3993 3989 4015 4023 3984 4009 3981 3997 4018 4020 3998 3994 4010 4019 3988 4037 4003 4024 3995 3983 3992 3986
3987 3989 4014 4013 4036 3999 3998 4031 4038 4027 3982 3986 4011 3981 4033 4019 3983 4016 3988 4017 3997 594 4006 4026 4037 3994 3995 4003 4023 4009 4004 4018 3993 4021 4007 4000 3985 4030 4020 4002 4005 3990 3991 4025 3996 4028 4029 4034 4001 3992 3984 4010 4032 4024 4015 3987
3988 4011 4027 4028 4006 4038 3996 4016 4001 3989 4025 594 4012 4007 4010 4029 3990 3987 3984 3983 4002 3991 4015 4031 4036 4005 4013 4033 3992 3999 4034 3986 4023 4024 4020 4017 4004 3994 4032 4009 4000 3981 4019 3998 4018 4037 4003 3997 4026 4014 3988
3989 3987 3999 4026 4033 4012 3995 4016 3996 4021 4005 4028 3988 3982 3981 4036 4017 3998 3994 4019 3990 4000 3993 4007 4009 4029 4025 3984 4037 4032 3986 3992 3983 4003 3997 4010 4006 4030 4001 4024 3985 3980 4018 4034 4014 4027 4002 4015 4020 4023 4004 4031 3989
3990 3986 4026 4003 4030 4017 4021 4014 4033 4036 3982 4027 4000 3995 4038 3983 3989 3992 3999 4006 3993 3988 4009 3994 4019 4013 4020 4004 4023 4018 3998 4031 4037 3985 4005 3997 594 3996 4002 3987 3981 3991 4011 4012 4028 4034 4015 4024 3984 4001 4010 4029 4032 4016 3990
3991 4026 4021 3982 4017 3986 3981 4033 4037 3994 4009 4019 4005 3995 3997 4016 3996 3993 4007 3988 4028 3998 3999 4000 3983 4003 4036 4025 3992 4012 4018 3987 3990 4029 4014 4032 4030 4010 4023 3984 4006 4001 3985 4024 4002 4027 4034 4015 4020 4004 4038 4011 4013 594 3991
3992 3996 3998 4003 3997 3981 3990 4007 4027 4016 4004 4018 4009 3993 4002 4023 4019 4036 4037 3999 4028 3985 4020 3989 594 4011 3982 4013 3994 4038 4025 3988 4006 4031 4034 4005 3991 4014 4032 4030 3983 4001 3995 4029 3987 4012 4021 4010 4026 4017 3984 4024 4015 3986 4033 3992
3993 4027 4006 3999 4036 4016 3983 594 4028 4029 3984 4007 4011 4005 3996 3989 4033 4013 4012 3990 4038 4025 3992 3986 3991 4031 3994 4010 4001 4015 3987 4017 3998 4024 4002 4034 4032 4000 4037 4003 4019 4009 3981 4004 4020 4023 3997 4018 3982 4021 4026 4014 3993
3994 4027 4006 3983 3996 4011 4028 3991 3989 4004 4007 3990 4017 3987 4016 4012 594 4025 4033 4031 3985 3993 4000 3992 4038 4001 3986 4015 4029 4013 3995 4032 4020 4002 4036 3988 3984 4014 4010 4024 3999 4037 4026 4034 4005 4030 4021 4003 4018 3994
3995 3984 594 4006 4027 4012 4011 3989 4028 4001 3996 4016 4015 4025 4031 4036 4029 3990 4010 4038 4032 3991 4013 3987 4005 3999 4007 4004 4024 4020 4002 4009 3994 3983 4018 3998 3981 4017 3997 4033 4019 4003 3992 4037 4034 3986 4030 3982 4021 3985 3995
3996 4000 3986 4033 3999 4018 4036 3988 3989 3992 3994 3995 4037 3982 4019 4011 594 4027 4014 3993 4026 4017 4005 3991 3985 4021 3981 4013 4038 4003 4006 3997 4010 4012 4023 4007 4031 4004 4032 3990 4016 4029 4009 3998 4025 3987 4024 4030 3983 3984 4001 4034 4015 4020 3996
3997 3992 4027 3983 4033 4006 4028 3991 3987 4000 4012 594 3984 4017 4001 4025 3989 4011 3996 4029 4036 3986 4007 3990 4038 4015 4016 3999 4031 4013 4010 3985 4005 4032 4004 3995 3993 4024 4014 4002 4037 4020 4026 3988 4034 4003 3998 4009 3997
3998 4027 4006 3983 4017 3992 4012 3987 4033 3989 4029 4007 4011 3984 4004 4024 4001 4025 3985 3990 4031 4000 594 4010 3991 4028 4016 4038 4015 3993 3986 3996 4013 4026 3995 4032 3980 4020 3988 4034 4030 4037 4003 4036 4018 3997 3998
3999 4027 4006 4011 3989 3996 4028 4026 4017 3983 3985 3993 4004 4033 4025 594 4016 4000 3986 4013 3987 4031 4001 4012 4002 4007 3990 4038 4030 4034 3992 3995 4024 4010 4014 3991 4020 4003 4015 4029 4021 3988 4023 3982 3997 4018 3984 4009 4037 3981 4019 3994 4032 3999
4000 3996 594 4016 4027 4002 4031 4007 3999 4028 4006 4005 3990 4025 4038 4036 3985 3989 3981 4004 4011 4023 4029 4032 4019 4018 3997 4020 4034 3998 4003 3994 4012 4013 4009 3991 3987 4001 3993 4037 3982 4010 4015 3984 3988 4014 4024 3983 4000
4001 4026 4033 3995 3988 3999 3986 3982 4021 4014 4036 3985 4003 4030 4019 3998 3997 3993 3983 4017 4000 4037 4004 3994 3989 4027 4009 4005 4018 4038 4016 3981 3996 4023 4031 4013 4002 4012 4028 3987 3991 594 3992 4006 4007 4011 4020 4025 3990 4034 4024 4032 4010 3984 4015 4001
4002 4033 4000 3986 4036 3999 3992 3988 4007 4026 4019 3983 4017 4016 4025 3993 4012 3987 4037 3990 4010 3995 4021 3982 4005 4029 3984 4011 4032 3994 4014 4006 3989 4001 4024 594 4027 4009 3991 3981 3985 4015 3997 4003 4038 4018 4013 4034 4004 4030 4031 4028 4002
4003 4007 4025 4016 4011 4006 3990 4012 4029 3992 3983 4028 594 4001 4032 4010 4027 3987 4015 4000 3989 4036 3996 4033 4024 3991 3999 3984 3980 4017 3985 3993 4031 3986 4004 3995 4005 4038 4002 4013 3988 4021 4026 4037 4014 4020 4034 3998 4019 4018 3997 3981 3994 4003
4004 4036 4033 3986 4005 3999 4019 4007 4000 4026 4016 3994 3992 4021 3998 3990 3981 4012 4025 3995 3987 4017 4029 4010 3982 4001 4028 4009 3996 4024 3983 4032 3984 4006 3988 3997 3993 4037 4003 4018 3980 4027 4015 4014 4034 594 4011 4023 4002 4030 3989 3991 4004
4005 4033 594 4011 4006 4004 3985 4017 4027 3983 3989 4000 3986 3993 4030 4016 3996 3991 4026 4031 4013 3995 4038 3988 3990 4014 4021 4025 4007 3987 3992 4034 4024 4029 4001 4002 4020 4028 4012 3982 4037 3997 4010 4015 4003 4018 4009 3981 4023 4019 3984 3994 4032 4036 4005
4006 4036 3999 3993 4019 4009 4017 4037 4003 4021 3995 4005 3988 3994 3986 3998 4033 3982 4000 3981 4026 4016 3985 4014 4028 3990 3997 4034 4025 3987 4030 4018 3983 4012 4007 3996 3989 3992 4011 4023 594 4029 4024 4004 4038 4002 3991 4013 4001 4015 3984 4020 4010 4032 4031 4006
4007 4003 4030 3986 4014 4027 4026 4000 4017 3982 4013 4036 4033 4038 4020 3993 4031 3988 3999 4021 4004 3989 3992 4018 4009 3994 3998 4019 594 3991 4002 3995 4006 3985 4005 3983 3987 4037 3996 4011 3997 4023 3981 4012 4028 4015 4034 4024 3984 4001 4029 4010 4032 4007
4009 4006 4027 3983 594 4033 3991 4025 4016 3989 4007 3990 3992 4011 4028 3987 4000 4017 3986 4029 4031 4004 4012 3985 4038 3996 4036 4001 4013 3995 3984 4015 3999 4032 4037 4014 4010 3993 3988 4024 4002 4026 4020 4005 4034 4021 4023 3982 4018 3997 4009
4010 4014 3995 3988 4003 4036 3999 3998 3993 4004 4033 3989 3996 4013 4002 3986 4034 4028 4000 3982 4037 4030 3985 3997 3991 4019 4023 4009 4038 594 4031 4005 4016 4026 3981 4017 4018 3994 4027 4011 4020 4021 4006 3990 4007 3983 3992 4025 4012 3987 4029 4001 4015 4032 4024 3984 4010
4011 4026 3988 3999 4005 4003 4017 4021 3995 4036 4012 3996 3994 3982 4033 4037 3993 3987 3981 3983 3986 4014 4000 3998 4009 4019 4016 4028 3992 3997 4018 4007 3984 4006 4029 4032 4034 3985 4030 4002 3990 4025 4023 4027 4015 4001 4010 4020 4024 4004 4038 4013 3991 4011
4012 4037 4026 3995 3989 3982 4014 3986 4033 4003 3981 4011 4036 3998 3988 3999 4017 4027 4019 4021 3983 3993 4038 4013 3985 3997 3994 4004 594 4030 4006 4018 4000 4031 4020 3996 4009 4016 4002 4025 4007 4023 3991 4005 3990 4001 4034 4029 4028 3992 4024 4010 3984 4032 4015 4012
4013 4026 4016 3987 3999 4033 4007 4025 4021 4036 3993 4012 3995 4005 3986 3990 4028 4017 3996 4000 3988 3992 3981 3983 4029 4010 4019 4032 4024 3998 3994 3982 4009 3997 4037 4001 3984 4006 4015 4018 4027 3985 4014 4030 4003 4002 4034 594 4011 4020 3991 4013
4014 4007 4016 4025 4028 3990 3987 4029 4012 4010 4001 3996 4027 4006 4036 4011 3983 3999 594 4005 4015 3984 4032 3981 4017 3992 4019 3991 4024 4002 4009 3989 4033 3980 4031 3994 4000 4018 3997 4034 4026 4020 4013 4004 3993 4003 3988 4014
4015 3995 4026 3982 4019 3988 3986 4003 4033 3998 3993 4036 4021 4014 4016 3999 3985 3981 4027 3997 3994 4007 4037 4017 3983 4000 4009 3989 4030 4025 4018 4005 3990 594 4011 3996 4006 4013 4002 4023 4028 3991 4004 4038 4020 4031 4034 3992 3987 4012 4024 4010 4032 4029 4001 3984 4015
4016 4003 4030 3986 4027 4014 4031 4000 3993 3989 3999 4036 4026 4013 3988 3982 3995 3985 4019 4020 4021 4033 4017 4038 4006 4009 4005 4004 3992 3987 4018 3991 594 4023 3994 4011 3998 3981 4037 4002 4015 3983 4012 3996 4028 3997 4024 3984 4001 4034 4029 4032 4010 3980 3990 4025 4016
4017 4025 4006 594 3999 3990 4011 4005 4036 3998 4034 4027 4007 3991 4038 3989 4016 4012 4029 4032 4031 3996 4023 3987 4020 3994 4028 4013 3985 3997 4009 4004 3993 4002 3981 4018 4001 4037 4014 4019 3982 4015 4003 3988 3984 3995 4010 4024 3992 4033 4017
4018 3983 3996 4028 4033 4007 3992 4016 4000 4006 3990 4025 4012 3987 4027 4011 4017 3986 4036 4037 3991 4001 3989 3999 4029 3985 594 3995 4024 3984 4015 4004 4010 4038 4032 4005 4026 4014 3993 4013 3988 4031 4002 4021 4020 3982 4034 3998 4003 4009 4019 3994 4018
4019 4006 4027 4028 4016 3996 3983 4004 4012 3989 3991 3987 4029 594 4007 3990 4000 3992 4001 4025 4011 4015 4031 4033 3985 4024 4002 4038 4037 4032 4013 3984 4017 3986 4014 4036 4020 4010 3993 3988 3995 4034 3999 4005 4023 4021 3982 4003 4018 4019
4020 4033 4016 4007 4017 3990 4000 4036 3992 4026 3999 4012 4025 3995 3986 3987 4029 4005 3983 4028 3994 4037 3988 4019 3981 3982 4021 3993 3998 4024 4001 4010 594 4011 4009 3984 3996 3985 4006 4014 3997 4015 4032 4027 4034 3991 3989 4003 4018 4023 4038 4013 4020
4021 4027 3991 4006 3990 594 4011 3989 4016 4025 4001 4029 4013 4007 4031 4012 4028 4004 4036 3996 4015 4032 4038 4005 3987 3999 4034 4002 3984 4020 4023 4010 4024 3992 3993 3985 4018 4003 3981 3983 4037 4009 4033 3994 4019 3995 4021
4023 3983 4033 4017 4000 3992 4016 4028 3990 4025 3987 3986 3996 4007 4024 4012 3999 4029 4036 4006 594 4026 4032 3988 4027 3984 4011 4010 4001 3991 4021 3985 3993 4015 4005 4037 4030 4004 3989 4020 4019 4009 3981 4023
4024 4036 3998 3999 4038 4019 4027 4003 3993 3995 4023 4013 4004 3989 4005 4016 3982 3996 4006 3981 3988 3985 4014 4033 4031 4018 4028 4007 4002 4037 4009 3990 4030 4020 594 3991 3986 3994 3997 4017 4026 4034 4025 4011 4000 3983 4021 4012 3992 3987 4029 4001 4032 4015 3984 4010 4024
4025 4003 4017 4027 4014 3982 3986 3999 4036 4030 4026 3988 3995 4000 4013 4021 4033 4009 4038 4031 3993 3989 4006 4019 3998 3985 3981 4037 3994 4023 4004 4018 3983 3997 4005 4020 4002 3992 3991 4012 594 3996 3987 4034 4011 4028 4015 4024 4001 3984 4029 4032 4010 4016 4025
4026 594 4011 4001 3991 4029 3990 3989 3999 4012 4007 4038 4016 4013 4027 4031 4036 4025 4032 4006 4028 4015 3996 4004 4005 3987 4034 4002 4020 3984 3980 4023 3998 4037 4010 3985 4018 4009 4024 4014 3994 3981 3992 3993 4003 3997 3983 3988 4033 4026
4027 4037 3993 3999 4021 4033 4036 3988 4009 3998 4007 4016 4025 3994 3995 3981 4019 4000 3986 4005 4028 4017 4026 3990 3983 3982 4034 3996 3987 4014 4012 3997 3992 4003 3985 4024 4029 4018 4030 4015 4001 3984 4023 4011 3980 3989 594 4002 4010 4004 4032 3991 4038 4013 4020 4027
4028 4033 3982 3986 3988 3999 4014 4037 4018 3995 4036 4027 4000 3989 3993 4019 3994 4026 4003 4006 4021 3997 4038 4013 4017 4023 3981 3992 4030 3985 3991 594 4009 4011 3998 4031 4004 4016 3983 4007 4034 4010 4029 4032 4005 4020 3987 3990 4024 4025 4001 3984 4012 4015 4002 4028
4029 4026 3982 4014 3986 4003 4033 3993 3995 4021 4017 4036 3998 3988 4019 3989 4000 4030 3985 4027 3983 4004 3997 4013 4009 3999 3996 4037 4023 4031 594 3994 4011 3981 4005 4006 4028 3991 4020 4002 4018 4038 3987 4016 4012 4007 3992 4025 4034 3990 4024 4032 4010 3984 4015 4029
4030 4007 4016 3990 4025 4036 4005 3999 4001 4006 3984 4029 4028 4012 4032 594 3987 4027 3989 4011 3996 4010 4037 3991 4015 3992 4024 4038 3983 4033 4031 4013 3995 4023 4034 3998 3994 3985 3981 4004 4002 4030
4031 4033 4016 4000 4026 3995 3999 3987 4036 4007 4017 4021 4025 4005 3986 3982 4037 4019 3993 3990 3998 3994 3988 4012 4028 3981 3983 4009 3992 3996 4029 3997 4024 3984 4001 4003 4010 4014 4034 3985 3980 4032 4018 4030 4015 4006 4002 3989 4031
4032 4033 3986 4026 4017 4003 3995 4000 3989 4038 4030 3983 4021 4019 4014 3996 3982 4013 4004 3993 4011 4028 3981 594 3985 3994 4023 4002 4009 3991 4034 4016 3992 3998 3997 4037 3988 4018 4027 4031 4036 3999 4025 4007 4020 3990 4005 4006 3987 4012 4029 4001 4024 3984 4015 4010 4032
4033 4032 4028 4027 4005 594 4031 4002 4004 3996 3989 3985 4038 4001 3999 4006 3990 4012 4029 4036 4020 4013 4007 3998 4016 4011 3991 4025 4009 3987 3993 4018 4023 3981 3997 3980 4034 3994 4019 4015 4003 4010 3984 4037 3988 3982 4024 4014 3995 3983 4030 4021 4017 4026 3992 4033
4034 4017 4036 4027 3986 4006 3999 4026 4000 4033 594 3983 3993 4037 3992 4021 4005 4010 4028 3985 4011 3988 4025 3989 4016 4007 4032 3996 3987 3984 4012 3982 3990 4019 4031 4024 4014 3995 3998 3991 4001 3981 4004 3994 4030 4029 4038 4020 4009 4003 4013 3997 4015 4018 4002 4034
4036 4006 3985 4027 4004 3993 3996 4017 4011 3983 4025 4016 4028 4034 3990 4033 594 4026 4030 3987 4038 4007 4012 3989 3995 4000 4031 4002 4001 4013 4029 3986 4014 4024 4021 3992 4010 4020 3988 4003 4015 3997 3991 3982 3980 4018 4023 4009 3981 3984 4019 4037 3994 4032 3998 4005 4036
4037 4027 4012 4006 4028 3996 3983 3991 594 4011 3989 3987 3992 4031 4025 3990 4016 4019 4033 4007 4001 4017 4002 4034 4029 4018 3993 4015 4000 4010 4013 4005 4038 4020 3984 4030 4036 4009 4026 3986 3999 4032 4004 4024 3981 3995 3994 3997 4023 3988 3998 3985 4003 4021 4037
4038 4033 3988 4026 4036 4017 4000 4007 3987 3986 3990 4016 4025 3999 3995 3993 4012 4028 4005 4032 4024 3996 3998 4019 4021 3992 3994 3981 3997 4009 3983 3982 4001 4029 4037 4006 4010 4018 3984 4030 4003 4027 3985 4015 4002 4034 4011 594 4020 3991 4038
594 4026 3983 4005 4033 4017 3995 3986 4000 4021 3999 4036 3993 3988 3982 3996 4009 4037 4003 4019 4007 3987 3981 4016 4012 3994 3997 3998 4028 3992 4034 4014 3984 4030 3990 4025 4029 4006 4023 3985 4032 4018 4010 4027 4001 4015 4002 4024 4020 4004 4038 4013 3991 594
