769 862 857 868 870 859 874 885 776 858 871 872 866 887 894 873 879 867 895 881 877 865 860 893 875 884 864 886 825 883 729 863 882 889 876 804 878 698 803 888 880 719 861 805 810 703 772 830 745 713 774 840 823 697 819 708 769
772 894 859 776 874 885 887 872 877 884 895 881 866 867 870 857 858 871 868 879 873 865 864 862 893 798 876 804 825 803 875 886 878 882 889 863 861 883 890 729 753 869 888 769 880 860 811 713 774 747 745 830 708 810 840 819 823 703 772
774 857 859 887 894 881 870 867 858 885 884 776 874 877 866 871 872 895 879 868 873 864 865 825 862 893 886 882 804 878 863 729 876 888 889 875 861 798 803 880 883 860 753 769 890 703 772 697 823 828 774
776 798 811 890 858 769 729 861 862 857 703 800 865 888 876 886 879 881 753 895 882 868 863 804 871 856 869 840 772 889 713 864 866 878 708 819 870 747 810 774 745 830 880 894 823 893 805 803 825 719 828 884 697 860 875 883 859 873 885 874 776
894 888 861 729 882 804 886 876 878 753 856 703 798 889 863 708 859 890 769 869 840 877 823 803 745 811 772 873 805 885 747 880 830 893 774 713 825 884 819 800 872 697 810 867 776 887 719 864 828 874 862 698 865 868 875 860 883 857 858 871 895 881 894
798 860 776 866 887 872 867 885 870 877 873 894 881 859 874 857 895 858 871 879 884 868 865 825 862 875 883 864 893 698 889 888 882 719 886 878 863 876 803 729 804 880 830 810 713 805 703 861 772 774 819 823 840 856 745 753 828 697 708 800 747 811 890 869 798
800 887 874 776 867 885 859 872 877 881 870 894 873 866 857 858 871 879 862 868 895 865 884 889 876 886 878 729 864 882 825 861 893 888 863 875 804 860 803 883 698 880 753 798 703 890 869 719 819 840 800
803 879 868 881 857 871 859 866 894 895 884 864 893 887 870 858 885 872 862 867 825 882 886 888 776 876 865 874 878 863 877 873 861 729 811 856 890 889 804 869 798 860 769 753 883 875 800 774 772 719 697 708 810 745 830 713 840 823 819 805 828 703 803
804 879 895 894 866 871 858 870 868 862 865 872 867 881 857 873 874 885 887 883 776 877 859 875 884 860 864 698 893 880 713 774 803 745 890 810 869 830 719 805 769 798 828 840 800 823 811 772 703 708 697 819 825 856 753 888 804
805 859 894 871 870 881 868 857 885 879 858 895 866 874 887 865 872 884 776 877 862 889 864 867 876 893 873 886 825 863 882 729 878 804 861 888 798 890 875 698 769 753 883 869 811 803 860 856 708 805
810 870 859 857 872 887 874 871 877 867 858 776 894 866 885 881 895 868 879 865 876 873 882 878 862 884 886 729 864 863 889 825 804 861 893 875 888 798 890 753 880 869 769 803 860 883 811 703 772 708 697 819 823 840 830 810
811 776 887 867 866 885 872 873 874 870 859 858 877 871 857 894 895 881 884 868 879 865 862 860 875 893 864 825 803 878 882 729 880 876 883 889 888 698 886 861 863 804 719 753 703 805 713 830 810 828 745 772 747 823 819 840 798 697 869 811
887 798 890 811 861 888 729 858 800 857 856 819 889 769 862 863 804 882 865 713 703 886 895 869 708 871 747 876 803 753 879 774 864 810 719 880 866 772 868 881 893 878 840 805 870 894 830 823 745 828 825 884 697 860 698 875 883 859 873 877 867 887
819 885 887 868 859 874 867 872 871 870 873 881 865 884 857 776 894 858 895 866 877 862 879 864 893 875 825 882 886 878 876 729 798 883 889 698 804 863 860 888 861 803 890 869 769 880 811 772 810 745 800 708 840 819
823 866 894 857 870 874 879 871 862 881 868 895 885 858 859 776 887 872 867 825 865 877 884 864 873 886 863 878 876 882 893 729 861 804 889 875 888 798 883 890 860 803 769 753 869 811 772 810 774 823
697 870 894 866 858 881 857 871 895 879 868 862 885 872 874 887 865 884 776 859 867 877 864 825 893 873 886 863 729 882 878 804 876 889 888 875 803 861 860 798 883 880 769 869 703 811 810 774 697
698 882 886 729 798 804 859 888 894 866 890 861 769 887 869 811 703 872 819 840 805 800 698
825 859 868 871 865 858 862 867 880 798 894 874 857 895 872 885 873 803 887 881 877 870 776 823 879 869 811 747 745 774 828 713 840 830 708 769 805 866 719 883 810 890 800 697 819 886 875 703 882 729 860 772 876 863 804 753 878 888 861 884 893 825
828 870 859 866 857 871 887 881 862 885 894 874 884 879 872 776 867 868 825 864 893 858 895 877 873 886 876 863 865 888 882 889 878 861 729 804 875 883 798 753 860 890 869 811 803 856 708 747 774 828
830 894 859 864 857 884 874 868 776 870 887 885 866 872 871 862 881 895 867 858 893 865 879 877 886 873 825 889 863 876 878 882 888 729 804 861 798 875 890 883 769 753 803 880 860 869 856 811 703 772 719 810 840 830
703 894 859 857 858 862 868 874 871 885 776 887 881 879 895 870 867 866 877 865 872 884 873 875 864 883 893 876 860 825 798 698 886 890 889 804 753 878 863 882 861 888 729 869 769 811 745 774 803 713 830 800 708 810 697 747 840 772 703
708 870 894 881 866 871 872 858 857 874 879 887 884 895 885 867 776 859 864 868 877 873 893 865 862 825 875 886 882 878 729 876 863 804 883 889 860 880 888 803 861 798 719 703 769 772 810 805 828 745 713 747 819 708
840 868 894 866 870 857 859 865 776 881 858 871 862 874 895 879 887 885 884 872 867 864 873 877 825 876 893 888 882 878 886 875 889 729 861 804 863 883 860 698 753 798 803 769 890 880 869 811 703 772 810 819 800 745 830 840
713 885 887 874 881 870 879 857 872 867 859 776 868 894 871 895 865 877 858 864 866 873 862 884 882 876 889 825 886 878 893 863 729 888 804 875 861 798 890 883 753 880 860 803 869 769 811 856 703 772 708 719 713
719 859 885 887 874 862 877 894 857 868 884 881 867 872 870 776 866 871 858 879 895 865 876 873 864 889 825 863 798 886 893 861 878 888 804 882 729 890 875 753 869 769 883 803 811 860 880 708 856 745 800 830 713 719
889 872 867 894 866 873 887 879 895 858 862 870 885 857 871 868 877 776 874 859 881 865 880 875 713 805 884 798 800 830 719 745 803 893 810 828 860 869 840 769 883 774 864 811 823 890 703 747 697 708 819 772 886 882 729 863 889
856 866 870 894 857 868 871 895 881 879 874 887 862 859 858 867 865 885 872 776 873 877 875 803 883 884 860 880 798 745 886 830 876 890 713 804 753 805 719 828 856
729 894 866 895 871 879 872 870 867 858 885 862 881 868 887 865 873 874 776 857 883 877 859 875 884 698 880 860 864 893 803 869 713 745 810 890 830 769 800 805 774 811 840 798 828 719 823 819 825 747 708 697 703 772 753 889 861 729
857 869 878 861 804 856 888 769 747 882 886 798 703 887 890 880 803 877 729 776 753 823 876 811 889 840 708 863 864 774 885 810 867 713 805 819 893 872 873 825 830 828 745 859 884 719 800 697 772 874 875 883 860 894 866 870 879 858 895 881 862 857
858 888 804 882 878 861 729 876 886 776 753 869 769 887 703 798 856 811 863 877 889 708 747 890 872 825 859 840 885 803 867 874 873 884 880 805 810 774 819 823 697 713 864 893 745 800 772 830 719 828 862 883 865 875 868 860 857 894 866 879 881 858
859 864 880 825 798 769 866 893 879 703 811 894 856 803 870 819 861 890 895 719 881 840 858 800 805 865 729 882 772 810 804 774 888 863 747 713 828 886 862 889 869 830 878 884 871 708 823 857 876 753 745 868 860 698 697 875 883 776 874 887 867 872 877 873 859
860 798 769 869 811 890 882 886 804 876 729 864 861 893 859 878 880 888 863 884 872 889 885 887 874 803 753 868 867 873 703 776 877 747 856 825 800 840 857 862 894 865 708 881 745 879 819 858 895 871 823 866 810 697 713 870 828 774 719 830 805 772 883 875 860
861 894 872 879 895 857 874 867 873 870 858 868 871 862 865 885 887 881 776 859 866 877 884 883 875 803 860 893 864 880 745 719 800 810 805 828 698 830 840 713 811 823 774 798 869 769 703 890 772 747 697 819 708 825 882 886 878 729 861
862 804 882 878 861 769 886 729 888 869 856 703 872 863 776 887 889 877 876 885 864 873 825 890 884 867 893 840 859 823 798 753 880 803 811 719 819 747 874 713 828 830 800 805 745 894 774 697 708 810 772 866 870 858 895 875 879 881 883 860 871 857 862
863 865 873 867 868 872 894 895 862 887 858 879 871 866 874 885 857 776 877 884 870 859 881 875 883 864 893 803 713 830 880 869 745 828 805 860 719 810 769 774 798 823 800 890 840 811 747 708 697 703 825 819 772 753 889 886 863
864 859 862 803 874 872 857 866 867 871 895 887 776 865 880 830 890 885 868 870 879 798 708 873 713 858 881 894 877 819 876 886 863 774 840 869 811 769 805 804 729 828 860 703 747 745 753 719 861 823 882 810 772 888 878 800 697 889 875 883 864
865 804 888 863 882 886 861 878 876 869 729 877 872 856 885 887 776 825 873 840 798 867 859 893 703 819 769 874 811 753 864 890 889 880 713 747 805 884 810 803 745 823 800 830 708 774 719 697 828 772 894 866 870 883 858 875 860 879 881 895 871 868 865
866 804 888 798 729 882 886 856 876 878 811 889 877 859 869 753 769 890 708 823 803 861 747 880 863 840 884 745 703 864 873 885 893 776 828 805 887 872 867 819 697 810 774 800 713 874 830 772 719 825 698 862 875 865 883 868 860 857 858 871 870 866
867 798 888 804 861 863 729 889 811 890 886 882 856 876 769 753 819 893 800 865 703 825 878 869 862 857 858 864 713 708 895 774 879 810 866 803 747 868 894 871 884 880 881 840 870 772 719 823 830 745 828 805 697 860 875 883 859 877 873 887 867
868 804 888 882 878 863 861 856 869 769 886 803 729 840 825 876 880 819 703 890 753 798 889 776 893 805 811 877 747 713 873 823 864 887 884 885 830 708 867 872 810 874 719 774 745 800 772 828 697 859 875 860 894 883 870 866 879 858 895 881 871 865 868
869 857 881 868 862 865 866 858 871 870 895 894 879 872 887 884 776 885 867 874 859 873 860 877 893 825 864 875 729 886 888 882 876 863 878 880 889 804 803 698 883 861 719 703 810 772 805 713 830 745 819 828 840 747 753 823 800 697 798 811 869
870 888 804 798 729 861 856 882 708 878 769 876 886 811 869 753 890 877 859 889 747 745 840 703 823 713 805 810 819 863 803 828 884 800 885 774 776 697 893 864 880 887 830 872 873 867 825 719 772 874 862 868 865 875 883 860 857 871 866 870
871 804 888 878 729 882 861 886 876 856 753 769 869 798 747 877 703 803 708 863 811 825 889 776 805 819 887 840 864 745 713 890 893 823 880 810 859 828 872 867 774 884 885 873 874 830 800 697 719 772 883 862 875 860 865 868 894 866 870 871
745 870 894 881 866 871 879 857 895 776 887 874 885 858 884 868 859 872 865 876 862 867 825 878 877 882 864 873 886 889 888 729 863 861 804 893 875 753 860 798 880 883 803 890 769 856 869 703 811 772 708 719 819 840 745
872 798 861 804 888 729 882 889 863 886 890 811 753 769 878 862 865 708 876 856 858 869 819 800 895 864 879 810 893 713 857 703 803 881 747 880 825 894 866 772 871 868 774 870 805 840 823 884 830 719 745 828 697 860 875 698 883 859 877 872
747 857 871 870 866 881 858 895 894 887 879 885 859 868 884 872 776 865 867 874 862 877 873 893 825 864 875 882 860 886 878 863 729 876 889 888 861 883 890 798 869 811 772 703 708 828 747
873 798 863 861 811 804 888 889 729 769 886 865 890 862 894 876 819 866 879 856 753 882 858 878 857 868 881 869 895 880 800 825 864 893 870 713 871 708 774 703 747 840 810 803 772 745 719 830 823 828 805 884 697 860 875 883 877 859 776 874 887 867 873
874 888 861 804 798 811 769 856 729 800 890 703 882 819 886 863 753 878 876 713 708 864 772 889 893 823 869 865 858 840 880 810 825 719 895 805 774 830 747 879 862 745 866 828 871 868 881 894 884 857 803 870 697 860 875 883 859 877 873 776 874
875 798 729 804 863 886 811 882 861 703 876 769 888 889 869 878 890 856 840 713 868 859 893 753 819 857 810 747 800 862 708 866 774 825 719 872 880 881 884 823 887 745 894 805 879 864 874 803 828 830 885 865 867 870 858 873 895 772 697 877 871 776 883 860 875
876 894 866 895 879 858 871 865 870 868 867 872 857 862 881 885 776 874 873 884 887 883 877 893 864 859 803 875 860 745 810 713 719 805 840 828 830 869 800 880 774 798 769 890 823 811 819 703 772 708 825 747 697 856 753 888 878 876
877 798 879 866 895 865 857 871 870 881 858 888 811 894 862 886 861 882 729 863 889 804 890 800 703 769 868 810 893 819 774 876 772 713 719 747 856 708 869 864 878 880 825 753 805 823 884 803 840 745 830 828 697 860 875 883 874 859 873 872 887 867 877
753 894 879 858 871 872 866 895 870 857 868 867 881 874 776 885 887 873 865 862 884 877 859 893 864 875 880 860 803 719 883 703 810 745 840 825 713 886 805 772 798 828 882 830 811 800 729 774 878 823 863 869 856 804 876 888 753
878 894 871 895 858 866 862 879 857 868 865 870 881 872 885 874 867 883 776 873 859 887 877 803 745 884 810 880 875 713 893 830 860 869 840 800 774 864 798 811 890 719 805 823 828 819 769 747 708 703 697 772 825 753 861 876 882 878
879 888 804 886 729 861 878 882 876 803 877 753 859 856 889 798 869 863 769 703 776 885 708 713 872 747 887 873 823 811 880 805 745 890 867 840 864 893 819 884 874 774 810 800 828 825 830 697 772 719 862 883 875 865 868 860 857 858 895 881 879
880 859 868 857 884 885 866 894 825 895 879 881 874 887 864 871 858 862 893 872 870 865 873 776 867 877 729 889 882 886 878 888 861 863 860 804 876 869 890 811 753 798 875 769 883 856 708 810 774 713 745 800 772 830 697 840 719 819 880
881 804 798 869 882 729 856 878 886 803 888 861 708 890 877 703 876 745 859 753 747 776 811 713 805 840 769 819 800 863 880 774 889 873 823 872 887 885 810 893 697 828 864 867 825 884 874 830 772 719 862 875 883 865 860 868 857 894 858 879 881
882 894 866 895 858 862 871 879 868 872 865 870 881 885 857 867 883 874 887 877 776 859 873 884 860 803 875 698 713 880 810 745 893 869 864 830 890 805 840 828 774 798 800 769 811 823 819 719 747 825 708 697 703 772 753 889 861 888 878 882
883 882 729 804 886 878 876 798 888 861 863 703 890 769 825 893 856 889 811 857 884 895 868 869 753 881 862 840 858 879 803 880 865 866 887 708 859 871 819 864 719 800 823 894 870 867 872 713 828 873 772 885 805 745 877 830 774 810 747 776 697 874 860 875 883
884 880 798 803 866 811 869 890 863 708 876 862 886 819 870 894 858 747 753 859 868 830 774 729 879 804 895 861 882 840 871 772 867 703 857 805 872 865 713 881 828 719 745 888 874 887 823 877 769 885 889 878 800 776 697 810 873 860 856 883 875 825 884
885 798 729 861 811 882 769 819 886 804 888 865 713 703 856 878 880 889 862 876 863 800 879 894 753 869 857 890 866 747 895 719 858 803 708 805 772 870 864 823 774 881 868 893 840 825 810 745 830 871 828 884 697 860 875 883 776 885
886 894 879 866 895 865 858 872 871 867 868 862 881 870 857 885 873 877 874 776 887 883 884 859 875 803 860 698 864 890 713 880 893 830 869 745 828 769 805 810 774 840 800 719 798 823 819 825 811 747 708 697 703 772 753 856 889 861 888 863 886
888 894 879 870 866 858 871 895 868 874 872 865 867 857 862 887 873 881 885 877 776 859 883 803 884 875 880 869 798 698 745 860 840 830 713 828 893 864 719 890 774 800 805 810 811 769 823 747 708 697 703 819 772 825 886 882 753 876 804 888
893 859 867 865 868 803 862 872 890 866 874 894 857 871 880 895 870 887 877 879 885 798 769 881 873 876 776 869 858 708 753 747 830 811 863 828 729 774 882 886 860 713 861 804 878 805 840 703 883 819 889 888 719 745 772 697 875 800 823 810 825 893
890 887 872 867 776 894 857 866 870 874 881 868 859 873 858 862 884 877 885 893 895 871 865 864 879 860 886 875 883 803 882 729 880 825 804 878 888 698 876 863 719 889 805 703 810 861 713 772 823 830 745 828 747 840 819 774 856 800 798 890
895 804 888 729 882 876 878 886 861 856 877 863 798 753 869 889 803 769 859 703 811 776 887 872 747 880 885 708 864 890 840 867 825 893 805 823 874 819 873 713 745 884 774 810 772 800 830 697 719 828 862 883 875 868 865 860 857 894 879 895
