686
771 776 779 783 784 795 802 812 687 690 819 825 827 828 830 832 705 837 712 716 722 850 725 730 733 735 738 742 753 754 767 
686 

687
686 
689 690 691 692 693 695 698 699 700 702 704 706 707 710 711 712 713 714 715 716 717 721 722 724 725 726 727 729 732 733 734 736 738 740 742 743 744 746 751 756 757 758 761 762 763 767 768 769 771 772 773 775 776 778 782 784 785 786 788 789 790 791 794 795 796 798 799 802 803 804 806 810 811 812 813 814 816 818 821 822 826 829 831 832 833 836 837 839 841 842 846 847 848 850 851 852 853 854 855 

688
751 
689 690 691 692 699 700 702 703 707 710 711 712 714 715 716 717 718 720 721 722 725 728 729 730 731 732 733 736 737 738 741 742 743 744 745 746 748 749 753 755 757 758 759 761 762 763 764 767 768 769 775 776 779 782 784 785 786 787 788 789 790 791 794 795 796 798 799 802 803 804 806 807 808 809 810 812 813 814 816 817 818 822 825 829 831 832 833 835 836 837 838 839 843 846 850 851 852 854 855 

689

687 690 694 695 696 697 698 700 701 703 705 708 709 710 711 715 716 718 720 722 723 726 727 728 730 731 735 737 738 739 741 745 747 748 751 752 753 754 755 758 760 761 762 763 764 765 766 769 770 772 773 774 777 778 779 780 781 783 784 787 790 792 793 797 799 803 807 808 809 810 811 812 814 815 817 819 820 821 823 824 825 827 828 830 831 832 834 835 836 837 838 840 842 843 845 847 849 851 854 856 

690
686 
687 689 691 692 698 699 702 704 707 708 709 712 714 715 717 718 720 721 725 728 729 730 732 733 734 735 736 739 740 742 743 744 746 747 749 753 755 757 758 759 761 762 763 764 765 767 768 769 771 772 775 776 777 779 780 782 783 785 786 787 788 789 791 792 793 796 798 799 802 803 804 806 807 808 809 811 814 816 818 819 821 822 825 829 832 833 835 836 837 838 839 841 843 846 850 851 852 855 856 

691

687 690 693 694 695 696 697 700 701 704 705 706 708 709 711 715 716 718 719 720 721 722 723 726 728 730 731 734 735 737 738 739 740 741 748 751 752 753 754 755 756 758 759 760 761 762 764 765 766 770 772 774 777 778 779 780 781 783 784 787 790 792 794 797 799 800 803 805 807 808 810 812 814 815 817 819 820 821 823 824 825 826 827 828 830 831 832 834 835 837 838 840 842 844 845 847 848 849 851 856 

692

687 688 690 693 694 695 696 697 698 701 703 705 706 708 709 711 713 715 716 718 719 722 723 726 728 730 731 733 735 737 738 741 745 747 748 751 752 754 755 758 759 760 763 764 765 766 768 769 770 772 773 774 776 777 778 779 781 783 784 786 787 792 793 794 795 797 799 800 805 807 808 809 810 812 814 815 817 818 819 820 821 823 824 825 827 828 830 831 834 836 837 838 839 840 842 844 845 848 849 851 

693

687 689 691 692 698 699 702 703 704 707 710 711 712 714 716 717 720 721 723 725 728 729 730 732 733 735 736 739 740 741 742 743 744 746 748 749 753 755 757 758 759 761 762 763 764 765 767 768 769 771 772 774 775 776 779 782 783 786 787 788 789 790 791 792 793 796 797 798 799 802 803 804 806 807 808 809 811 813 814 816 817 818 821 822 825 831 832 833 836 838 839 841 843 848 850 851 852 854 855 856 

694
798 
687 689 691 692 698 699 702 704 707 708 709 712 714 715 716 717 718 720 721 725 728 729 730 732 733 735 736 739 740 741 742 743 744 746 747 748 749 753 755 757 758 759 762 763 764 765 767 768 769 770 771 775 776 777 779 782 783 785 786 787 788 789 790 791 792 793 796 797 799 802 803 804 806 807 808 809 811 816 817 818 819 822 825 832 833 835 836 837 838 839 841 843 846 849 850 851 852 855 856 

695

687 689 691 692 698 699 702 703 704 707 708 709 712 714 716 717 720 721 725 728 729 730 732 733 735 736 739 740 741 742 743 744 746 747 748 749 753 755 757 758 759 761 762 763 764 765 767 768 769 770 771 772 775 776 779 782 783 785 786 787 788 789 790 791 792 793 796 797 798 799 802 803 804 806 807 808 809 811 816 817 818 822 825 831 832 833 835 836 837 838 839 841 843 846 848 849 850 851 852 855 

696
773 829 
689 691 692 693 698 699 702 703 704 707 708 712 714 715 716 717 718 720 721 725 728 729 730 732 733 734 735 736 740 741 742 743 744 746 748 749 753 755 757 758 759 761 762 763 764 765 767 768 769 770 771 775 776 779 782 783 785 786 787 788 789 790 791 793 796 797 798 799 802 803 804 806 807 808 809 811 816 817 818 821 822 825 831 832 833 835 836 837 838 839 841 843 846 850 851 852 855 856 

697
753 698 747 748 
689 691 692 699 700 702 703 704 707 710 711 712 714 715 716 717 718 720 722 725 728 729 730 732 733 734 736 738 739 740 741 742 743 744 746 749 755 756 757 758 759 762 763 764 767 768 770 771 773 775 776 782 783 785 786 787 788 789 790 791 793 795 796 797 798 799 802 803 804 806 807 808 809 810 811 813 814 816 817 821 822 829 831 832 833 836 839 841 843 846 850 851 852 853 854 855 

698

689 690 691 692 693 694 695 699 700 701 702 704 706 707 711 712 714 715 716 717 721 722 723 724 725 727 732 733 734 736 738 739 740 742 743 744 746 748 749 751 754 755 756 757 758 762 764 765 766 767 768 770 771 773 775 777 779 781 782 783 784 785 786 788 789 791 792 793 794 795 796 797 799 802 806 808 809 812 813 815 816 817 818 821 822 826 829 831 833 835 836 839 841 842 846 850 851 852 853 855 

699

687 688 690 693 695 696 698 700 701 703 704 705 708 709 715 716 718 719 720 721 722 726 728 729 730 734 735 737 739 741 745 747 748 751 753 754 756 757 758 759 760 761 762 763 764 765 769 770 772 773 774 776 777 778 779 780 781 783 784 787 790 792 793 794 795 797 799 800 803 804 805 807 808 810 811 812 814 819 820 821 823 825 826 827 828 830 831 832 834 835 836 837 838 840 842 843 845 847 849 856 

700

687 688 689 691 698 699 702 703 704 707 708 709 710 712 714 716 717 720 721 725 728 729 730 732 733 734 735 736 739 740 741 742 743 744 746 747 748 749 753 755 757 758 759 763 764 765 767 768 769 770 771 772 775 776 777 779 780 782 783 785 786 787 788 789 791 792 793 796 797 798 799 802 803 804 806 808 809 811 816 817 818 819 820 822 825 829 832 833 836 837 839 840 841 843 848 849 850 852 855 856 

701

689 690 691 692 698 699 702 703 707 708 710 712 714 715 716 717 718 720 721 722 725 729 730 732 733 735 736 737 740 741 742 743 744 746 748 749 753 755 757 758 759 761 762 763 764 767 768 769 770 771 775 776 782 783 785 786 787 788 789 790 791 792 793 795 796 797 798 799 802 803 804 806 807 808 809 811 813 814 816 817 818 822 825 826 829 831 832 833 835 837 838 839 841 843 846 848 850 851 852 855 

702

687 690 694 695 696 698 701 703 704 705 708 709 710 711 715 716 718 720 722 723 724 726 727 728 729 730 731 735 737 738 739 741 745 747 748 751 752 753 754 755 758 761 762 763 764 765 769 770 772 773 774 776 777 778 779 780 783 784 787 792 793 797 799 800 803 804 805 807 809 810 812 814 815 817 819 820 821 823 824 825 827 828 830 831 832 834 835 836 837 838 840 842 843 844 845 847 848 849 854 856 

703
765 
688 689 691 692 693 695 697 699 700 701 702 704 706 707 710 711 712 713 714 715 716 717 721 722 723 724 725 726 727 729 732 733 734 735 736 738 740 742 743 744 746 749 751 756 757 761 762 767 768 769 770 771 772 774 775 777 778 782 784 785 786 788 789 790 791 794 795 796 798 799 802 804 806 810 811 813 816 818 821 822 825 826 829 832 833 834 837 839 841 842 844 846 847 848 850 851 852 854 855 

704

689 690 691 693 695 698 699 700 702 703 706 707 708 710 711 712 713 714 715 717 720 722 725 726 729 730 731 732 733 735 736 737 738 741 742 743 745 746 748 751 752 753 755 757 758 763 764 767 768 769 771 774 776 778 782 784 786 787 788 789 790 791 793 794 796 798 800 802 804 805 806 808 809 811 812 813 815 816 817 818 819 822 825 827 831 833 834 837 838 839 841 842 843 844 847 850 851 854 855 856 

705
807 778 843 780 842 686 847 819 824 
687 688 689 691 692 698 699 700 701 702 704 707 708 709 710 712 714 716 717 721 723 725 727 729 730 732 733 734 735 736 740 742 743 744 746 749 751 753 756 757 765 767 768 769 771 774 775 776 777 779 782 783 785 786 788 789 790 791 792 793 794 795 796 798 802 804 806 811 812 813 816 818 821 822 825 826 832 833 837 838 839 840 841 846 848 850 851 852 854 855 856 

706

687 689 691 692 698 699 702 703 704 707 708 709 712 714 716 717 720 721 725 729 730 732 733 735 736 739 740 741 742 743 744 746 747 748 749 753 755 757 758 759 762 763 764 765 767 768 769 770 771 772 775 776 777 779 780 782 783 785 786 787 788 789 790 791 792 793 795 796 797 798 799 802 803 804 806 807 808 809 811 816 818 822 825 832 833 835 836 837 838 839 840 841 843 846 848 849 850 852 855 856 

707

687 688 690 693 694 695 697 698 700 701 703 704 706 708 709 715 716 718 720 721 722 723 727 728 729 730 731 734 735 737 739 740 741 747 748 751 753 754 755 756 758 760 761 763 764 765 766 769 770 772 773 774 776 777 779 780 781 783 784 787 790 793 794 797 799 800 803 805 807 808 809 810 811 815 817 819 820 821 823 824 825 826 827 830 831 832 835 836 837 838 840 842 843 845 847 848 849 851 853 856 

708

689 690 691 692 693 695 699 700 701 702 704 706 707 710 711 712 714 715 716 717 721 722 723 725 727 732 733 734 736 737 738 740 741 742 743 744 746 748 749 751 754 756 757 759 761 762 767 768 770 771 772 773 775 776 777 779 782 785 786 788 789 790 791 792 793 795 796 798 799 802 804 806 812 813 815 816 818 821 822 829 831 832 833 835 836 837 839 841 842 843 844 845 846 847 850 851 852 853 854 855 

709

689 690 691 692 693 699 700 702 706 707 710 711 712 714 715 716 717 718 719 720 722 725 726 729 730 732 733 734 736 738 740 741 742 743 744 745 746 749 751 755 756 757 759 761 762 763 766 767 768 769 770 771 772 773 775 776 781 782 783 786 787 788 789 790 791 793 794 795 796 797 798 799 802 803 804 806 808 809 810 811 813 814 816 818 822 825 829 831 832 833 836 839 841 842 850 851 852 853 854 855 

710

687 688 689 691 692 693 697 699 701 702 703 704 707 708 709 712 714 715 716 717 718 719 721 725 728 729 730 732 733 735 736 739 740 741 742 743 744 746 747 749 751 753 754 755 757 758 759 762 763 764 765 767 768 771 775 777 779 781 782 783 785 786 787 788 789 791 793 796 797 798 799 802 804 806 807 808 809 813 814 816 817 818 821 822 825 833 835 836 838 839 841 843 844 845 848 849 850 852 855 856 

711

687 689 691 692 693 698 699 702 703 704 707 708 709 712 714 716 717 720 721 725 728 729 730 732 736 739 740 741 742 743 744 746 747 748 749 753 754 755 757 758 759 761 763 764 765 767 768 769 770 771 772 775 776 777 779 782 783 785 786 787 788 789 790 791 792 793 796 797 798 799 802 803 804 806 807 808 809 811 816 817 818 821 822 825 832 833 835 836 837 839 840 841 843 845 849 850 851 852 855 856 

712

687 688 690 693 694 696 697 701 703 704 705 706 708 709 710 716 718 720 722 723 727 728 729 730 731 735 737 738 739 741 745 747 748 751 753 754 755 756 758 759 761 763 764 765 766 769 770 772 773 774 778 779 780 781 783 784 787 790 797 799 800 803 805 807 808 809 810 812 814 815 817 819 820 821 823 824 825 826 827 828 830 831 832 834 835 836 837 838 840 842 843 845 846 847 848 849 851 853 854 856 

713
736 813 782 721 690 701 734 831 
687 689 691 692 699 700 702 703 704 707 709 710 712 714 715 716 717 718 720 723 725 728 729 730 732 733 735 739 740 741 743 744 749 753 754 755 756 757 758 759 761 763 764 765 767 768 769 770 771 775 776 779 783 785 786 788 789 790 791 792 793 795 796 797 798 799 802 803 804 806 807 808 809 811 820 821 822 825 832 835 836 837 838 839 841 843 846 849 852 854 855 856 

714

687 690 693 694 695 698 701 703 704 705 708 709 710 711 715 716 718 720 722 723 724 726 727 728 729 730 731 734 735 737 739 741 747 748 751 753 754 755 758 759 760 761 763 764 765 766 769 770 772 773 774 776 777 779 780 781 783 784 787 790 792 794 797 800 803 807 809 811 812 814 815 817 819 820 821 823 824 825 827 828 830 831 832 834 835 836 837 838 840 842 843 844 845 847 848 849 851 853 854 856 

715

687 688 689 691 692 698 699 702 703 704 707 708 709 710 712 714 716 717 720 721 725 727 728 729 730 732 733 735 736 739 740 741 742 743 744 746 747 748 749 753 754 757 759 763 764 765 767 768 769 770 771 775 776 777 779 782 783 785 786 788 789 790 791 792 793 795 796 797 798 799 802 803 804 806 807 808 811 812 816 817 818 820 821 822 825 832 833 835 837 838 839 841 843 845 846 848 850 851 852 856 

716
686 
688 689 691 692 693 694 695 697 698 699 700 701 702 707 709 710 711 712 713 714 715 717 721 722 724 725 729 731 732 734 735 736 740 742 743 744 745 746 753 754 756 757 759 761 765 767 768 769 771 772 775 776 777 778 779 780 782 785 786 788 789 790 791 792 796 798 800 802 805 806 807 811 812 815 816 818 821 822 824 825 826 829 833 834 837 838 839 841 843 844 846 847 848 850 851 852 854 855 856 

717

687 690 693 694 695 696 700 701 703 705 706 708 709 710 711 713 715 716 718 719 720 722 724 726 728 729 730 731 733 734 737 738 743 745 747 751 752 754 755 758 759 760 761 762 764 765 766 770 773 774 777 779 780 781 782 783 784 790 792 793 794 795 803 804 805 807 808 809 810 812 813 814 815 817 819 820 823 824 825 826 827 828 829 830 831 832 833 834 835 837 838 840 842 843 845 847 848 849 850 853 

718

688 689 690 691 692 693 694 697 698 699 700 701 702 704 707 709 710 711 712 714 715 717 721 722 723 724 725 727 729 732 733 735 736 737 738 742 743 744 746 749 751 753 754 756 757 760 761 765 767 768 769 771 772 775 776 777 778 780 782 785 786 788 789 791 792 794 795 796 798 802 804 806 811 813 816 818 819 821 822 824 825 826 829 832 833 835 838 839 841 843 846 847 848 850 851 852 853 854 855 856 

719
768 772 755 724 764 
689 690 691 692 699 700 701 702 704 707 709 710 712 714 715 716 717 721 723 725 729 730 732 735 736 739 740 741 742 743 744 746 748 749 753 754 757 758 761 763 765 767 769 770 771 775 776 777 779 782 783 785 786 788 789 790 791 792 793 796 797 798 802 803 804 806 807 808 809 811 812 813 816 818 821 822 825 831 832 833 835 836 837 838 839 841 843 844 846 850 851 852 854 855 856 

720

688 689 691 693 694 695 697 699 700 701 702 704 707 709 711 712 713 714 715 717 721 722 723 724 725 726 727 729 731 732 733 734 735 736 737 738 740 741 742 743 746 751 753 754 756 759 761 765 766 767 768 771 772 773 777 778 779 782 785 786 788 789 791 795 796 799 802 804 805 806 810 812 813 814 815 816 818 819 821 822 825 826 829 833 834 835 838 839 841 842 846 847 848 850 851 852 853 854 855 856 

721
736 713 
687 688 689 690 691 698 699 700 702 703 706 707 708 710 714 715 716 718 720 725 726 728 729 730 731 732 733 735 737 740 741 742 743 745 746 748 751 752 753 755 756 758 759 762 763 764 767 768 769 770 771 773 776 778 779 781 782 783 786 787 788 789 790 792 793 798 799 802 803 804 808 809 810 812 813 814 815 816 817 821 822 824 825 829 831 832 833 834 836 837 838 839 842 843 845 850 853 856 

722
768 686 
687 688 689 691 692 698 699 701 702 703 704 707 708 709 712 714 716 717 718 720 721 725 728 729 730 732 735 736 739 740 741 742 743 744 746 748 749 753 754 755 757 759 761 762 763 764 765 767 769 770 771 772 775 776 779 782 783 785 786 788 789 790 791 792 793 796 797 798 799 802 803 804 806 807 808 809 811 816 817 818 822 825 832 833 835 836 838 839 840 841 843 846 849 850 851 852 855 856 

723

689 691 692 693 698 699 702 703 704 707 708 710 712 714 715 716 717 718 720 721 722 724 725 728 729 730 732 733 735 736 740 741 742 743 744 746 748 749 753 755 757 758 761 762 763 764 765 767 768 769 771 772 775 776 779 781 782 783 785 786 787 788 789 790 791 793 795 796 797 798 799 802 803 804 806 807 808 809 811 813 814 816 818 821 822 825 829 831 832 833 835 836 837 839 841 843 850 851 852 855 

724
821 
687 689 691 692 698 699 702 703 704 707 709 710 712 714 716 717 718 720 721 722 723 725 728 729 730 732 733 735 737 739 740 741 743 744 746 747 748 749 753 755 757 758 759 761 762 763 764 765 767 768 769 770 771 775 776 779 783 785 787 788 789 790 791 792 793 796 797 798 799 802 803 804 806 807 808 809 811 816 817 818 822 825 831 832 833 835 836 837 838 839 840 841 843 849 850 851 852 855 856 

725

687 694 695 696 698 701 703 704 705 706 708 709 710 711 715 716 718 720 721 722 723 724 726 727 728 729 730 735 737 738 739 741 745 747 748 751 752 753 754 755 758 760 761 762 763 764 765 766 769 770 772 773 774 776 777 778 779 780 783 787 792 793 797 799 803 804 807 808 809 810 811 812 814 815 817 819 820 821 823 824 825 827 828 830 831 832 834 835 836 837 838 840 843 844 845 847 848 849 854 856 

726

687 689 691 692 698 699 702 703 704 707 708 709 710 712 714 715 716 717 720 721 725 729 730 732 733 735 736 739 740 741 742 743 744 746 747 748 749 753 755 757 758 759 761 763 764 765 767 768 769 770 771 772 775 776 779 782 783 785 786 787 788 789 790 791 792 793 795 796 797 798 799 802 803 804 806 807 808 809 811 816 817 818 822 825 829 832 833 835 836 838 839 841 843 846 848 850 851 852 855 856 

727

687 689 691 693 698 699 702 703 704 707 708 712 714 715 716 717 718 720 722 725 728 729 730 732 733 735 736 739 740 741 742 743 744 746 748 749 753 754 755 757 758 759 761 762 763 764 765 767 768 769 771 775 776 779 782 783 786 787 788 789 790 791 792 793 795 796 797 798 799 802 803 804 806 807 808 809 811 813 814 816 818 821 822 825 829 831 832 833 835 836 837 838 839 841 843 850 851 852 855 856 

728
856 805 
688 689 690 691 692 693 695 696 698 699 700 701 702 704 707 710 711 712 713 714 715 717 721 722 724 725 727 729 732 733 734 735 736 738 740 742 743 744 746 748 749 753 756 757 760 761 762 766 767 768 769 771 772 775 776 778 782 784 785 786 788 789 791 793 794 795 796 798 799 800 802 804 806 808 810 811 812 813 814 816 818 822 825 826 829 833 839 841 842 844 846 847 848 850 851 852 854 855 

729

689 690 693 695 699 700 702 704 705 706 707 710 711 712 714 715 716 717 718 720 721 722 723 724 725 727 728 732 733 734 736 738 740 741 742 744 748 751 754 756 758 761 764 766 767 768 770 771 773 775 777 779 781 783 784 785 786 787 789 790 791 792 793 794 795 796 799 802 805 806 808 809 812 813 814 816 818 821 822 824 826 828 829 831 833 834 835 836 837 839 842 843 844 846 848 850 851 852 853 855 

730
686 
688 689 690 691 692 693 695 696 697 699 700 701 702 704 706 707 710 711 712 713 714 715 717 721 722 723 724 725 726 727 731 732 733 734 735 736 738 740 742 743 744 746 751 756 757 761 762 767 768 769 771 772 775 776 777 778 781 782 784 785 786 788 789 791 794 795 796 798 799 800 802 805 806 810 811 812 813 814 816 818 821 822 826 829 833 834 839 841 842 844 846 847 848 850 851 852 853 854 855 

731

687 688 689 691 692 698 699 702 704 707 708 709 712 714 716 717 718 720 721 725 729 730 732 733 734 735 736 739 740 741 742 743 744 746 747 748 749 753 754 755 757 758 761 763 764 765 767 768 769 770 771 772 775 776 777 779 782 783 785 786 787 788 789 790 791 792 793 795 796 797 798 799 802 803 804 806 807 808 809 811 816 817 818 821 822 825 829 832 833 835 836 837 839 841 843 848 850 851 852 855 

732

687 690 693 694 695 698 701 703 705 708 709 710 711 713 715 716 718 719 720 722 723 724 726 727 728 729 730 731 735 737 738 739 741 745 747 748 751 752 753 754 755 758 759 760 761 762 763 764 765 766 769 770 772 773 774 776 777 778 779 780 781 783 784 787 793 794 797 800 803 807 808 810 812 814 815 817 819 820 821 823 824 827 828 830 831 832 834 835 836 837 840 842 844 845 847 848 849 851 854 856 

733

687 688 690 692 693 697 698 700 701 703 704 705 708 709 710 717 718 720 721 723 726 727 728 729 730 735 737 739 740 741 744 747 748 749 753 754 755 756 757 758 761 763 764 765 769 770 772 774 775 776 777 778 779 780 783 785 787 790 792 793 797 798 799 800 803 804 807 808 809 810 811 812 815 817 819 821 823 825 826 827 828 831 832 835 836 837 838 840 841 843 844 845 846 848 849 851 852 854 855 856 

734
803 
687 689 690 691 692 698 699 700 702 703 707 708 709 712 714 716 717 720 725 728 729 730 732 735 736 739 741 742 743 746 747 748 749 753 754 755 757 758 759 761 762 763 764 765 767 768 769 771 772 774 775 776 779 780 782 786 788 789 790 791 792 793 796 797 798 799 802 804 806 807 808 809 810 811 813 816 817 818 819 821 822 825 831 832 833 835 836 837 838 839 840 841 843 848 850 851 852 855 856 

735
686 
689 690 691 692 693 694 699 700 702 703 704 707 710 712 714 715 716 718 719 720 721 722 723 724 725 727 728 730 732 733 734 736 738 739 740 742 743 744 746 748 751 754 755 756 757 758 759 761 762 763 764 767 768 770 771 773 775 777 782 783 785 786 787 788 789 790 791 793 795 796 797 799 802 803 806 808 809 812 813 814 816 817 818 820 821 822 827 829 831 832 833 836 837 839 841 842 846 848 850 

736

687 688 690 693 694 695 696 697 698 701 703 704 705 706 708 709 710 711 715 716 718 719 720 722 723 727 728 730 735 737 739 740 741 745 747 748 751 753 754 755 756 758 759 760 761 762 763 764 765 766 769 770 772 773 774 776 777 779 780 781 783 784 787 790 797 799 803 805 807 808 809 811 812 815 817 819 820 821 825 826 827 828 830 831 832 834 835 836 837 838 840 842 843 844 845 847 848 849 853 856 

737
843 
688 689 691 692 698 699 701 702 704 707 708 712 714 715 716 717 718 720 721 724 725 729 730 732 733 734 735 736 739 740 741 742 743 744 746 748 749 753 755 757 758 759 761 762 763 764 767 768 769 770 771 772 775 776 779 782 783 785 786 787 788 789 790 791 793 795 796 797 798 799 802 803 804 806 807 808 809 811 813 814 816 818 821 822 825 829 832 833 836 838 839 841 846 850 851 852 854 855 856 

738
686 
687 688 689 691 692 698 699 702 703 704 707 708 712 714 717 718 720 721 725 728 729 730 732 735 736 739 740 741 742 743 744 746 747 748 749 753 755 757 758 759 761 763 764 765 767 768 769 770 771 772 775 776 779 782 783 785 787 788 789 790 791 792 793 796 797 798 799 802 803 804 806 807 808 809 811 816 817 818 819 821 822 825 832 833 835 836 837 838 839 840 841 843 846 848 849 850 852 855 856 

739
740 805 
689 690 691 692 693 694 697 698 699 700 702 706 707 710 711 712 713 714 715 716 717 719 721 722 724 725 726 727 729 731 732 733 734 735 736 737 738 742 743 746 749 751 752 760 761 762 765 766 767 768 769 770 771 772 773 776 778 782 785 786 788 789 790 791 794 795 796 798 799 800 802 804 806 810 811 812 813 815 816 818 822 825 829 832 833 837 839 841 842 844 846 847 850 851 852 853 854 855 

740

687 689 691 697 698 701 702 705 707 708 709 711 712 713 714 715 716 719 720 721 722 724 725 728 729 730 731 732 733 735 736 737 738 741 742 745 746 751 753 754 757 759 760 761 762 763 765 766 767 768 769 771 773 774 776 779 780 781 782 784 786 788 789 790 791 792 793 794 795 796 799 803 804 806 807 810 812 813 816 818 819 822 823 824 826 828 829 830 832 833 835 836 837 838 839 840 843 844 848 850 

741

688 689 691 692 693 694 695 696 699 700 701 702 704 707 708 709 710 711 712 713 714 715 717 719 720 721 722 723 724 725 726 729 732 733 734 736 738 740 742 743 744 746 749 754 756 757 759 761 762 765 767 768 769 771 775 777 778 780 782 785 786 788 789 790 791 794 795 796 798 799 802 805 806 810 811 812 813 814 816 818 821 822 825 826 829 832 833 834 838 839 840 841 842 844 846 847 850 852 854 855 

742
759 
687 688 690 696 697 698 700 701 703 704 705 708 710 711 715 716 718 720 721 722 723 726 727 728 729 730 731 735 737 739 740 741 747 748 753 754 755 756 757 758 760 761 763 764 765 766 769 770 772 774 776 779 780 781 783 784 785 787 790 793 797 798 799 800 803 805 807 808 809 810 811 812 815 817 819 820 821 823 824 825 827 828 830 831 832 835 836 837 838 840 841 843 844 845 846 848 849 853 856 

743

687 688 690 694 695 696 697 700 701 703 704 705 706 708 710 711 713 715 716 717 718 719 720 721 722 723 726 727 730 731 735 737 739 745 747 748 752 753 754 755 756 758 760 761 762 764 766 769 770 772 774 776 777 779 781 783 784 787 793 794 795 797 798 800 802 805 807 808 809 810 811 812 814 815 817 819 820 821 824 826 827 828 830 831 834 835 836 838 840 842 843 844 845 847 848 849 851 852 853 856 

744
848 
687 688 690 693 694 695 696 697 698 701 703 705 706 708 710 711 713 715 716 719 722 723 725 726 727 728 729 730 731 733 735 737 738 741 751 752 753 755 756 759 760 761 762 763 764 765 766 769 770 771 772 773 774 776 778 779 780 781 783 784 792 793 794 795 797 799 800 802 803 805 807 810 811 812 813 815 817 818 819 820 823 824 825 827 828 829 830 835 838 839 840 842 843 845 847 850 851 853 856 

745
720 845 799 
687 688 689 691 692 693 699 701 702 704 707 709 710 712 714 716 717 721 725 728 729 730 732 733 734 735 736 740 741 742 743 744 746 748 749 753 754 756 757 759 761 763 764 765 767 768 769 770 771 772 775 776 777 779 782 783 785 786 788 789 791 792 793 796 797 798 802 803 804 806 807 808 811 816 818 819 821 822 825 831 832 833 835 836 837 838 839 840 841 843 846 848 850 851 852 855 856 

746

687 688 690 693 695 696 697 698 700 701 703 704 705 708 709 710 711 716 718 720 721 722 723 726 727 728 730 734 735 737 738 739 740 741 745 747 748 751 754 755 756 758 759 760 763 764 765 766 769 770 774 776 777 779 780 783 784 785 787 790 794 795 797 799 800 803 805 807 809 811 812 815 817 819 820 821 823 824 825 826 827 828 830 831 832 834 835 836 837 838 840 842 843 845 846 847 848 849 853 856 

747
769 708 810 716 697 765 
689 690 691 692 693 694 695 699 700 702 704 706 707 710 711 712 714 715 717 721 722 723 724 725 726 727 731 732 733 734 735 736 738 740 742 743 744 746 749 751 756 757 759 760 761 762 766 767 768 771 772 775 776 778 782 784 785 786 788 789 790 791 794 795 796 798 799 802 806 811 812 813 816 818 822 825 826 829 832 833 834 839 841 842 843 844 846 847 850 851 852 853 854 855 

748
697 
688 689 691 692 693 698 699 700 701 702 704 706 707 711 712 714 715 716 717 719 721 722 724 725 726 729 732 733 734 735 736 738 742 743 744 746 749 751 757 760 761 762 765 766 767 768 769 771 772 774 775 776 777 778 782 785 786 788 789 790 791 792 794 795 796 798 799 802 804 806 810 811 812 813 816 818 821 822 823 825 826 829 832 833 834 837 839 840 843 844 846 847 848 850 851 852 854 855 856 

749

690 694 695 696 697 698 701 703 705 706 707 709 710 711 712 713 714 715 718 719 722 723 726 727 729 731 733 737 738 741 745 747 748 751 752 753 754 755 758 759 760 761 762 763 766 767 768 771 772 773 774 776 778 781 784 787 791 792 793 794 795 796 799 800 804 805 808 809 810 812 813 814 815 817 818 819 820 821 822 823 824 826 827 828 829 830 831 834 836 837 839 842 844 845 847 848 849 850 853 854 

751
688 
687 689 691 692 698 699 702 703 704 707 708 709 710 712 714 716 717 718 720 721 725 729 730 732 733 735 736 739 740 741 742 743 744 746 747 748 749 753 755 756 757 758 759 761 763 764 765 767 768 769 770 771 772 775 776 779 782 783 785 786 787 788 789 790 791 792 793 796 797 798 799 802 803 804 806 807 808 809 811 816 818 821 822 825 831 832 833 835 836 837 838 839 841 843 848 849 850 852 855 

752
688 759 
687 689 691 692 693 698 699 702 704 707 708 712 714 716 717 720 721 725 729 730 732 733 734 735 736 739 740 741 742 743 744 746 748 749 753 754 755 757 758 761 763 764 765 767 768 769 770 771 772 775 776 777 779 782 783 785 786 787 788 789 790 791 792 793 796 797 798 799 802 803 804 806 807 808 809 811 816 817 818 821 822 825 832 833 835 836 837 838 839 841 843 846 849 850 851 852 855 856 

753
686 
689 690 691 692 693 694 695 699 700 701 702 704 705 706 707 710 711 712 713 714 715 716 720 721 722 724 725 726 728 732 733 734 736 738 740 742 743 744 746 749 751 752 754 756 757 759 761 762 765 766 767 768 770 771 773 775 779 781 782 784 785 786 788 789 790 791 792 793 794 795 796 799 802 805 806 808 812 813 816 817 818 821 822 826 829 831 832 833 836 839 841 842 843 846 850 851 853 854 855 

754
805 686 
689 690 691 692 698 699 700 702 707 708 710 711 712 714 715 716 717 718 719 720 721 722 725 729 732 733 734 735 736 740 741 742 743 744 745 746 749 753 755 756 757 759 761 762 763 764 767 768 769 770 771 772 775 776 782 783 785 786 787 788 789 790 791 793 795 796 797 798 799 800 802 803 804 806 808 809 810 811 813 814 816 817 818 822 825 829 832 833 839 841 843 846 850 851 852 854 855 856 

755

688 689 690 691 692 693 697 698 699 700 701 702 704 707 709 710 711 712 714 717 721 722 723 725 726 729 732 733 734 735 736 738 740 742 743 744 746 749 751 754 756 757 759 761 765 767 768 769 771 772 775 776 777 778 779 780 782 785 786 788 789 791 792 794 795 796 798 799 802 803 804 805 806 807 811 812 813 816 818 822 825 826 829 833 835 837 838 839 841 843 844 846 847 848 850 851 852 854 855 856 

756

687 689 691 692 698 699 702 703 704 705 707 708 709 712 713 714 715 716 717 718 720 721 722 725 728 729 730 732 733 735 736 740 741 742 743 744 746 747 749 751 753 754 755 758 761 762 763 765 767 768 769 771 774 776 777 779 782 786 787 788 789 790 791 792 793 795 796 797 798 799 802 803 804 806 807 808 809 810 811 813 814 816 818 820 822 825 832 833 835 836 837 838 839 841 843 850 851 852 855 856 

757

690 691 694 697 698 699 700 701 703 704 706 709 710 711 712 713 715 716 719 722 723 725 726 727 728 731 732 733 735 737 738 742 743 745 747 751 752 754 760 762 765 766 767 768 769 770 771 772 773 774 776 779 781 782 784 786 788 789 790 791 792 794 795 796 800 802 803 806 810 811 812 813 815 818 819 820 821 822 823 824 825 828 829 830 831 832 834 835 837 838 839 840 842 843 845 847 850 851 853 856 

758

688 689 690 691 692 693 698 699 700 701 702 704 706 707 710 711 712 713 714 716 717 719 721 722 724 725 726 729 731 732 733 734 735 736 738 742 743 746 749 751 756 757 760 761 765 767 768 769 770 771 772 774 775 776 777 778 780 782 785 786 788 789 790 791 792 795 796 798 799 802 803 804 806 811 812 813 816 818 822 825 826 829 832 833 835 837 838 839 841 843 844 846 847 848 850 851 852 854 855 856 

759
742 
689 690 691 692 693 696 699 700 701 702 704 707 708 710 711 712 713 714 715 716 717 720 721 722 724 725 729 732 733 734 735 736 738 740 741 743 744 746 749 751 753 755 757 761 767 768 769 770 771 772 773 774 775 778 781 782 786 788 789 790 791 792 793 794 795 796 798 799 802 803 804 806 808 809 811 812 813 816 818 821 822 825 829 832 833 835 836 837 838 839 840 841 843 848 850 851 852 854 855 

760

689 691 692 698 699 702 703 704 707 709 710 712 714 715 716 717 718 720 721 725 728 729 730 732 733 735 736 739 740 741 742 743 744 746 747 748 749 753 755 757 758 759 761 762 763 764 765 767 768 769 770 771 772 775 776 779 782 783 785 786 787 788 789 790 791 792 793 796 797 798 799 802 803 804 806 807 808 809 811 813 816 817 818 821 822 825 831 832 833 835 836 837 839 841 843 848 850 851 852 855 

761
842 
687 689 691 693 699 701 702 707 711 712 714 716 717 718 719 720 723 725 726 728 729 730 732 733 735 736 738 739 740 741 742 743 744 746 747 748 749 751 753 755 757 759 765 767 768 769 771 774 777 778 779 780 782 783 785 786 788 789 790 791 792 793 794 795 796 797 798 802 803 804 806 807 808 809 811 812 813 816 818 821 822 824 825 829 832 833 835 836 837 838 839 841 843 846 847 850 851 852 855 

762

687 688 689 690 691 693 697 698 699 701 702 703 707 709 710 712 714 717 720 721 723 725 727 729 730 732 733 734 735 736 737 739 740 741 742 743 744 746 747 748 749 753 754 756 757 763 764 765 767 768 769 771 775 776 777 779 782 783 785 786 788 789 790 791 792 793 795 796 798 802 803 804 806 807 808 812 816 818 819 821 822 824 825 831 832 833 835 836 837 838 839 840 841 843 848 850 851 852 855 856 

763

688 689 690 691 692 693 694 695 696 697 699 700 701 702 704 706 707 710 711 712 713 714 715 717 719 721 722 723 724 725 726 727 732 733 734 735 736 738 740 742 746 749 751 754 756 757 762 765 767 768 769 771 774 775 777 778 780 782 784 785 786 788 789 790 791 792 794 795 796 798 802 805 806 810 812 813 815 816 818 821 822 824 825 826 829 833 838 839 841 842 843 846 847 848 850 851 852 853 854 855 

764

688 689 690 691 692 693 694 695 697 698 699 700 701 702 704 706 707 710 711 712 713 714 715 717 721 722 724 725 726 727 729 731 732 733 734 735 736 738 740 742 743 744 746 751 754 757 759 762 767 768 769 771 772 773 775 776 778 782 785 786 788 789 790 791 794 795 796 798 799 800 802 804 806 810 811 812 813 814 816 818 821 822 825 829 832 833 839 841 842 844 845 846 847 848 850 851 852 853 854 855 

765

689 690 691 692 695 699 700 702 705 706 707 710 711 712 713 714 715 716 717 719 720 721 722 724 725 732 733 734 736 738 740 741 742 743 744 745 746 748 753 755 756 757 758 761 762 763 767 768 770 771 775 776 778 782 783 785 786 787 788 789 790 791 793 794 795 796 797 798 799 802 804 806 808 809 811 812 813 814 816 817 818 821 822 826 827 829 831 832 833 836 839 841 846 848 849 850 852 853 854 855 

766
771 
689 691 692 698 699 701 702 704 707 708 709 710 712 714 716 717 720 721 725 728 729 730 732 733 735 736 739 740 741 742 743 744 746 747 748 749 753 754 755 757 758 761 762 763 764 765 767 768 769 772 775 776 779 782 783 785 786 787 788 789 790 791 792 793 795 796 797 798 799 802 803 804 806 807 808 809 811 813 816 817 818 821 822 825 829 831 832 833 835 836 837 838 839 841 843 850 851 852 855 

767

687 688 690 693 696 697 698 700 701 703 704 705 706 708 709 710 716 718 720 723 726 727 728 729 730 734 735 737 738 739 740 741 747 748 749 751 753 754 755 756 758 760 761 763 764 765 766 769 770 772 773 774 776 777 778 779 780 783 784 785 787 790 792 793 797 799 800 803 805 807 808 809 811 812 815 817 819 820 823 824 825 826 827 828 830 831 832 835 836 837 838 840 843 845 846 847 848 849 851 856 

768

687 688 690 697 698 700 701 703 704 705 708 709 710 716 718 720 721 723 726 727 728 729 730 735 737 739 740 741 747 748 749 753 754 755 756 757 758 760 761 763 764 765 766 769 770 772 774 775 776 777 778 779 780 783 784 785 787 790 792 793 797 799 800 803 804 805 807 808 809 811 812 814 815 817 819 821 823 824 825 827 828 830 831 832 834 835 836 837 838 840 841 843 844 845 846 848 849 851 854 856 

769

689 690 691 692 693 694 699 701 702 704 705 707 712 714 715 716 718 719 721 722 724 725 728 730 732 733 734 736 737 738 739 740 742 743 744 746 748 751 754 755 756 757 758 759 761 763 764 767 768 770 771 773 775 777 779 780 781 782 783 785 786 787 788 789 790 791 792 793 795 796 797 799 802 804 805 806 808 809 813 814 816 817 818 821 822 827 829 831 832 833 836 837 839 841 842 846 848 849 850 854 

770

689 691 692 694 695 697 698 699 700 701 702 703 706 707 708 709 710 711 712 713 714 715 717 720 721 722 725 729 731 732 733 735 736 738 739 742 743 744 745 746 753 754 757 758 759 761 765 767 768 769 771 773 774 775 776 779 782 784 785 786 788 789 790 791 792 794 795 796 798 802 804 806 807 808 810 811 812 813 814 816 818 819 821 822 825 829 832 833 835 836 838 839 843 844 848 850 851 852 855 856 

771
766 
687 690 693 694 695 697 698 700 703 704 705 708 709 711 715 716 718 719 720 721 722 723 726 727 728 729 730 731 735 737 738 739 741 745 747 748 751 752 753 754 755 758 760 761 762 763 764 765 769 772 773 774 776 777 778 779 780 781 783 784 787 790 794 797 799 800 803 807 808 810 812 814 815 817 819 820 823 824 825 827 828 830 831 832 834 835 836 837 838 840 842 843 844 847 848 849 851 854 856 

772
719 
687 689 690 691 692 693 699 700 702 703 707 708 709 710 711 712 714 716 717 720 722 723 725 728 730 732 733 734 736 737 738 739 740 742 743 744 746 748 749 751 753 754 755 757 759 760 763 764 767 768 771 773 775 777 779 782 783 785 786 787 788 789 790 791 792 793 794 795 796 797 798 802 806 807 808 809 812 813 816 817 818 822 826 829 832 833 835 836 837 839 841 843 844 846 850 851 852 853 855 

773
780 
687 688 689 691 692 697 698 699 702 704 707 708 709 710 712 714 717 720 721 725 729 730 732 733 734 735 736 738 739 740 741 742 743 744 746 748 749 753 755 756 757 759 761 764 765 767 768 769 770 771 772 775 776 779 782 783 785 786 788 789 790 791 792 795 796 797 798 799 802 803 804 806 808 809 811 813 816 817 818 822 825 826 832 833 835 837 838 839 840 841 843 845 846 848 850 852 854 855 856 

774
728 
689 691 692 693 699 700 702 703 704 707 710 712 714 715 716 717 718 721 723 725 729 730 732 733 734 736 737 740 741 742 743 744 746 748 749 755 756 757 758 759 761 762 763 767 768 770 771 772 775 776 777 778 779 782 783 785 786 787 788 789 790 791 792 793 795 796 797 798 799 802 803 804 806 808 809 812 813 816 817 818 822 825 829 831 832 833 835 836 837 838 839 841 846 848 849 850 851 852 855 

775

690 691 694 697 698 699 700 701 706 710 711 712 713 715 716 718 719 722 723 724 726 727 728 731 733 735 737 738 741 742 743 745 747 751 752 753 754 759 760 762 765 767 768 769 770 772 773 774 776 779 781 782 783 784 786 788 790 791 792 794 795 796 800 802 803 804 806 809 810 811 812 813 815 818 820 821 822 823 824 825 828 829 830 831 832 834 835 836 837 838 839 840 842 843 845 847 850 853 854 856 

776
686 
687 689 690 691 692 693 694 697 699 700 701 702 704 707 711 712 714 716 721 722 723 724 725 727 732 733 734 736 737 738 739 740 742 743 744 746 748 749 751 755 756 757 760 765 766 767 768 770 771 775 777 779 780 782 783 784 785 786 788 789 791 793 794 795 797 799 802 806 808 809 813 814 815 816 817 818 821 822 825 826 829 830 831 833 835 836 839 841 842 843 845 846 848 849 850 851 853 854 855 

777

689 690 691 692 693 698 699 700 702 705 706 707 708 710 711 712 714 715 716 717 718 720 722 725 729 730 732 733 735 736 738 740 741 742 743 744 745 746 748 753 755 756 757 758 759 761 762 763 767 768 769 771 772 775 776 781 782 783 785 786 787 788 789 790 791 793 795 796 797 798 799 800 802 803 804 806 808 809 810 811 813 814 816 817 818 822 825 831 832 833 836 837 839 841 843 850 851 852 854 855 

778

687 689 691 692 698 699 702 703 704 707 709 710 712 714 716 717 718 720 721 725 728 729 730 732 733 736 739 740 741 742 743 744 746 748 749 753 755 757 758 759 761 762 763 764 765 767 768 769 771 772 775 776 779 782 783 786 787 788 789 790 791 792 793 795 796 797 798 799 802 803 804 806 807 808 809 811 813 814 816 817 818 821 822 825 827 831 832 833 835 836 837 838 839 841 843 848 850 852 855 856 

779
686 
688 689 690 691 692 693 698 699 702 706 707 708 710 711 712 713 714 715 716 717 719 720 721 722 724 725 727 729 732 733 734 736 737 738 740 742 743 744 746 749 753 755 756 757 761 762 763 767 768 769 770 771 772 773 775 776 782 785 786 788 789 790 791 793 794 795 796 798 799 800 802 804 806 808 810 811 813 814 816 818 821 822 826 829 832 833 834 839 841 842 846 848 849 850 851 852 853 854 855 

780
773 
689 690 691 692 693 699 700 702 703 704 706 707 708 710 712 714 715 716 717 718 720 721 722 725 729 730 732 733 734 735 736 738 740 741 742 743 744 746 748 749 753 755 757 758 759 761 762 763 767 768 769 770 771 775 776 782 785 786 787 788 789 790 791 793 795 796 797 798 799 802 804 806 808 809 810 811 813 814 816 817 818 821 822 829 831 832 833 836 839 841 843 846 848 850 851 852 853 854 855 

781
708 809 783 817 793 764 830 
687 688 689 691 692 698 699 702 704 707 709 710 712 714 716 717 721 722 723 725 727 729 730 732 733 735 736 739 740 742 743 744 746 749 753 756 757 759 761 763 765 767 768 769 771 775 776 777 779 780 782 785 786 788 789 790 791 792 796 797 798 799 802 803 804 806 807 808 811 813 816 818 819 820 822 825 832 833 835 837 838 839 840 841 843 844 846 848 850 851 852 855 856 

782

687 688 690 693 695 696 697 701 703 704 705 708 709 710 715 716 717 718 719 720 721 722 723 727 728 731 735 737 739 740 745 748 752 754 755 756 757 758 759 760 761 762 764 765 769 770 772 773 774 775 776 777 778 779 781 783 785 787 790 793 794 797 798 799 803 805 808 809 810 811 812 814 815 817 819 820 823 824 825 826 827 828 830 831 832 835 836 837 838 840 842 843 844 845 846 848 849 851 852 855 

783
781 686 
689 690 691 692 693 694 695 698 699 700 701 702 706 707 709 710 711 712 713 714 715 717 719 721 722 724 725 726 729 731 732 733 735 736 737 738 742 743 744 746 749 751 754 757 761 762 765 767 768 769 771 774 775 776 777 778 782 784 785 786 788 789 791 794 795 796 798 799 802 804 806 810 811 812 813 815 816 818 821 822 825 829 833 834 835 837 839 840 841 843 844 848 850 851 852 853 854 855 

784
829 686 
687 688 689 691 692 698 699 702 703 704 707 708 709 710 712 714 716 717 718 720 721 725 728 729 730 732 733 735 736 740 741 742 743 744 746 747 748 749 753 757 759 761 763 764 765 767 768 769 770 771 772 775 776 777 779 782 783 785 786 787 788 789 790 791 792 793 796 797 798 799 802 803 804 806 808 809 811 816 817 818 819 821 822 825 832 833 835 836 837 838 839 841 843 848 850 852 855 856 

785

687 688 689 690 695 696 698 699 701 702 703 705 707 708 710 711 712 713 714 715 716 718 719 720 722 725 728 729 730 733 735 736 737 738 741 742 746 747 748 751 754 755 758 761 763 764 765 767 768 769 772 773 776 779 780 781 782 783 786 789 790 792 793 794 795 796 797 799 803 804 807 808 809 812 813 815 816 819 820 821 822 825 827 828 829 831 832 833 834 835 836 837 838 839 840 848 849 850 851 856 

786

687 688 690 696 697 698 700 701 703 704 705 708 709 710 715 718 720 721 723 726 728 729 730 735 737 739 740 741 747 748 753 754 755 756 757 758 759 761 762 763 764 765 766 769 770 772 774 775 776 778 779 780 783 784 785 787 790 792 793 797 798 799 800 803 804 805 807 808 809 810 811 812 815 817 819 820 821 823 825 827 828 830 831 832 835 836 837 838 840 841 843 844 845 846 848 849 851 852 854 856 

787

688 689 690 691 692 693 695 697 699 700 701 702 704 706 707 709 710 711 712 714 717 721 722 723 724 725 726 729 732 733 735 736 738 740 742 743 744 746 749 751 756 757 761 765 767 768 769 771 772 774 775 777 778 780 782 785 786 788 789 790 791 792 794 795 796 798 802 806 811 812 813 815 816 818 819 821 822 824 825 826 829 832 833 834 835 837 838 839 840 841 843 846 847 848 850 851 852 854 855 856 

788

687 690 693 694 695 696 698 701 703 704 705 706 708 709 710 715 716 718 719 720 722 723 726 727 728 730 735 737 738 739 741 745 747 748 751 752 753 754 755 756 758 759 760 762 763 764 766 769 770 772 773 774 776 777 778 779 780 781 783 784 787 794 797 799 800 803 805 807 808 809 810 812 814 815 817 819 820 821 823 824 826 827 828 830 831 832 834 835 836 837 838 840 843 844 845 847 848 849 853 856 

789

687 690 694 696 698 701 703 705 706 708 709 710 711 715 716 718 720 722 723 726 727 728 730 735 737 738 739 740 741 745 747 748 751 752 753 754 755 758 759 761 763 764 765 766 769 770 772 773 774 776 778 779 780 783 784 785 787 790 792 793 797 799 800 803 805 807 809 810 811 812 814 815 817 819 820 821 823 824 825 827 828 830 831 832 834 835 836 837 838 840 842 843 844 845 847 848 849 853 854 856 

790

688 689 691 693 695 697 699 701 702 703 704 706 707 709 712 713 714 716 717 721 722 724 725 726 729 732 733 734 735 736 740 741 742 743 746 753 754 756 757 759 760 761 766 767 768 769 771 772 773 775 777 778 779 782 785 786 788 789 791 795 796 797 798 799 804 805 806 807 812 813 814 815 816 817 818 819 821 822 824 825 826 827 828 829 833 835 836 839 842 843 844 845 846 847 848 850 851 852 855 856 

791

687 690 693 694 695 696 698 701 703 704 705 708 709 715 716 718 719 720 722 723 724 726 728 729 730 731 735 737 738 739 741 745 747 748 751 752 753 754 755 757 758 759 761 762 763 764 765 766 770 772 773 774 777 778 779 780 781 783 784 787 790 792 793 794 797 799 800 803 807 808 809 810 812 814 815 817 819 820 823 824 825 826 827 828 830 831 832 834 835 836 837 840 844 845 847 848 849 851 854 856 

792

689 690 691 692 693 698 699 700 701 702 704 706 707 708 711 712 714 715 716 717 718 721 722 725 729 732 733 734 736 738 740 742 743 744 746 748 749 753 755 756 757 758 759 761 762 763 767 768 769 770 771 772 773 775 776 778 781 782 784 785 786 787 788 789 791 794 795 796 797 798 799 800 802 804 806 808 809 810 811 813 814 817 818 821 822 827 829 831 833 836 839 841 842 846 849 851 852 853 854 855 

793

689 690 692 693 695 697 698 699 700 701 702 704 707 709 710 711 712 714 715 717 719 721 722 723 725 726 729 731 732 733 734 735 737 738 740 742 743 746 749 751 753 756 760 761 762 766 767 768 769 771 772 775 776 777 778 779 782 784 785 786 788 789 791 794 795 796 798 799 800 802 805 806 811 812 813 818 822 823 824 825 826 829 833 834 835 838 839 840 841 842 843 844 846 847 848 851 852 854 855 856 

794

687 688 689 691 692 698 699 702 703 704 707 709 712 714 716 717 718 720 721 725 728 729 730 732 735 736 739 740 741 742 743 744 746 747 748 749 753 755 757 758 759 761 763 764 765 767 768 769 770 771 772 775 776 779 782 783 785 787 788 789 790 791 792 793 796 797 798 799 802 803 804 806 807 808 809 811 816 817 818 821 822 825 831 832 833 835 836 837 838 839 840 841 843 846 848 850 851 852 855 856 

795
686 
687 688 691 692 697 698 699 701 703 704 707 708 709 717 718 720 721 723 728 729 730 735 736 739 740 741 743 744 746 747 748 749 753 754 755 756 757 758 759 761 762 763 764 765 767 769 771 772 773 775 776 777 779 782 783 785 787 788 789 790 791 792 793 796 798 802 803 804 806 807 808 809 811 812 815 816 817 818 819 821 823 825 831 832 835 836 837 838 840 841 843 844 846 848 850 851 852 855 856 

796

687 688 690 693 694 695 697 698 701 703 704 705 706 708 709 710 716 718 719 720 723 726 727 728 729 730 731 734 735 737 739 740 741 747 748 749 751 752 753 754 755 756 758 759 760 761 763 764 765 766 769 770 772 774 775 777 778 779 780 783 784 787 790 792 793 794 797 800 803 805 807 808 809 812 815 817 819 820 823 825 827 830 831 832 834 835 836 837 838 840 843 844 845 847 848 849 851 853 854 856 

797

689 691 692 693 695 696 697 698 699 700 701 702 704 706 707 710 711 712 713 714 715 717 721 722 724 725 726 727 729 731 732 733 734 735 736 737 738 742 743 744 746 749 751 753 756 757 761 762 765 767 768 769 771 772 775 776 778 780 782 784 785 786 788 789 790 791 792 794 795 796 798 799 800 802 806 810 811 812 813 816 818 821 822 826 829 832 833 835 837 839 841 842 846 847 848 850 851 852 854 855 

798
694 
687 689 690 691 693 699 701 704 705 706 707 711 712 713 714 716 718 719 721 722 724 726 728 730 733 734 736 737 738 739 741 742 743 745 747 751 752 754 755 758 759 760 761 762 763 764 765 767 768 770 773 777 780 781 782 783 784 786 787 790 791 792 793 795 796 797 799 803 804 805 808 809 812 813 814 815 816 817 818 821 822 827 829 830 831 832 833 835 836 837 838 839 842 845 847 848 849 850 853 

799

687 689 690 691 692 693 695 697 698 699 701 702 703 707 710 712 714 715 720 721 722 723 725 726 729 731 732 733 735 736 737 739 740 742 743 744 746 747 748 749 751 753 754 756 757 760 764 765 767 768 769 771 776 777 778 779 782 783 785 786 788 789 790 791 792 793 796 798 802 804 805 806 807 808 811 812 816 817 818 822 824 825 826 829 831 832 833 836 837 838 839 841 843 844 847 850 851 852 855 856 

800
761 
687 689 691 692 693 699 701 702 703 704 707 709 712 714 715 716 717 718 720 721 724 725 728 729 730 732 733 736 739 740 742 743 744 746 748 749 754 755 756 757 758 759 763 764 765 767 768 770 771 775 776 777 779 782 783 785 786 787 788 789 790 791 792 793 795 796 797 799 802 803 804 806 807 808 809 812 813 816 817 818 821 822 825 829 831 832 833 835 836 837 838 839 841 843 846 848 850 852 855 

802

687 690 693 694 695 696 700 701 703 705 706 708 709 711 713 715 716 718 719 720 722 723 724 726 727 728 730 731 735 737 738 739 741 745 747 748 751 752 753 754 755 756 757 758 759 760 762 763 764 765 766 770 773 774 775 777 778 779 781 784 787 794 797 799 800 804 807 808 809 810 812 813 814 815 817 819 820 821 823 824 826 827 828 830 831 834 835 836 837 840 842 843 844 845 847 849 851 853 854 856 

803
734 
688 689 690 691 692 693 695 696 697 699 700 701 702 704 706 707 712 714 715 717 721 722 723 724 725 726 727 731 732 733 735 736 738 740 742 743 744 746 751 753 754 756 757 758 759 760 761 762 765 766 767 768 769 771 775 777 778 782 784 785 786 788 789 791 794 795 796 798 799 800 802 806 807 810 812 813 814 816 818 821 822 825 826 827 829 831 833 834 839 841 842 844 846 850 851 852 853 854 855 

804

688 689 690 693 694 695 696 697 699 700 701 702 704 706 709 710 711 713 714 715 717 719 721 722 723 724 725 726 727 728 731 733 734 737 738 740 751 752 754 756 759 760 761 762 765 766 767 768 773 774 775 777 778 779 780 781 784 785 786 789 790 791 792 794 795 796 798 799 802 805 806 810 812 814 815 817 818 822 824 826 827 828 829 830 831 834 835 837 841 842 843 844 846 847 848 850 851 852 853 855 

805
739 709 838 807 837 687 754 728 762 
689 691 692 698 699 701 702 704 707 708 712 714 716 717 720 721 723 725 729 730 732 733 735 736 740 741 742 743 744 746 748 749 753 755 757 758 759 763 765 767 768 769 770 771 775 776 777 779 782 783 785 786 787 788 789 790 791 793 794 795 796 797 798 799 802 803 804 806 808 809 811 812 813 816 820 821 822 825 832 833 835 836 839 841 845 850 851 852 854 855 856 

806

687 693 694 695 696 697 698 701 703 704 705 708 709 710 715 716 718 719 720 722 723 726 727 728 729 730 731 734 735 737 739 741 745 747 748 751 752 753 754 755 758 759 760 762 763 764 765 766 769 770 772 773 774 776 777 778 779 780 781 783 784 787 794 797 799 800 803 804 807 808 810 812 814 815 817 819 820 821 823 824 825 826 827 828 830 831 834 836 837 838 840 842 843 844 845 847 848 849 854 856 

807

688 689 690 691 692 693 694 695 699 701 702 704 706 707 710 711 712 713 714 715 716 717 721 722 724 725 726 727 729 732 733 734 736 738 740 742 743 744 746 749 751 755 756 761 762 763 766 767 768 770 771 772 775 776 778 782 785 786 788 789 790 791 793 794 795 796 798 799 802 803 804 806 808 810 812 813 814 816 817 818 821 822 829 831 832 833 836 839 841 842 845 846 847 849 850 851 852 853 854 855 

808

688 689 691 692 693 695 697 698 699 700 701 702 704 707 710 711 712 714 717 721 723 724 725 726 727 729 731 732 733 734 735 736 738 742 743 746 749 753 754 756 759 760 762 765 766 767 768 769 770 771 773 776 777 778 779 780 782 784 785 786 788 789 791 792 794 795 796 798 799 802 806 811 812 813 815 816 818 819 821 822 824 825 829 832 833 835 837 838 839 841 842 846 848 850 851 852 853 854 855 856 

809

688 689 690 691 692 693 694 695 697 698 699 700 701 702 704 706 707 710 711 712 713 714 717 719 721 722 724 725 726 729 732 733 734 735 736 738 742 743 746 749 751 756 757 760 761 765 766 767 768 769 771 772 774 775 776 777 778 782 785 786 788 789 791 792 794 795 796 798 799 800 802 804 806 810 811 812 813 816 818 819 821 822 824 826 828 829 833 835 838 839 841 846 847 848 850 851 852 854 855 856 

810
698 747 710 
687 688 689 691 692 693 699 702 703 704 707 709 712 714 717 720 721 725 728 729 730 732 733 734 735 736 739 740 741 742 743 744 746 748 749 753 754 755 756 757 761 763 764 765 767 768 770 771 775 776 777 779 780 782 783 785 786 788 789 790 791 792 793 795 796 797 798 802 803 804 806 807 808 809 811 816 817 818 819 821 822 825 829 832 833 836 837 839 840 841 843 846 848 849 850 852 855 

811

687 689 690 691 693 694 695 699 700 701 702 704 705 706 707 711 712 713 714 715 716 718 723 725 726 727 728 732 733 734 736 737 738 740 741 742 743 744 746 748 751 754 755 756 757 758 759 761 764 766 767 768 770 771 773 775 777 778 779 780 781 782 783 786 787 789 791 792 793 794 795 796 799 806 808 809 812 813 815 816 817 818 820 821 822 826 827 829 831 833 834 835 836 837 839 842 845 848 849 850 

812
686 
687 688 689 691 692 698 699 702 704 707 708 710 712 714 715 716 717 720 721 725 729 730 732 733 735 736 739 740 741 742 743 744 746 747 748 749 753 755 757 758 759 761 762 763 764 765 767 768 769 770 771 772 775 776 779 782 783 785 786 787 788 789 790 791 793 795 796 797 798 799 802 803 804 806 807 808 809 811 814 816 817 818 821 822 825 829 832 833 836 839 841 843 846 848 849 850 852 855 856 

813

687 688 689 692 693 697 698 701 702 703 704 708 709 710 714 717 718 719 720 721 723 725 728 729 730 732 734 735 737 739 740 741 744 747 748 749 753 754 755 756 757 758 759 761 763 764 765 769 770 771 772 775 776 777 779 780 783 785 787 789 790 791 792 793 796 797 798 802 803 804 806 807 808 809 811 817 818 819 821 822 823 825 831 832 836 837 838 839 840 841 843 846 847 848 849 850 851 852 855 856 

814

687 688 689 690 691 692 693 697 698 699 701 702 704 707 709 710 712 714 717 720 721 723 725 727 728 729 730 732 733 735 736 737 740 741 742 743 744 746 749 753 754 756 757 759 763 764 765 767 768 769 770 771 775 776 777 779 780 782 785 786 788 789 790 791 792 793 795 796 798 802 803 804 806 807 811 812 813 816 818 820 821 822 825 826 832 833 835 837 838 839 841 843 846 847 848 850 851 852 854 855 

815

689 691 692 698 699 702 704 707 708 710 712 714 715 716 717 720 721 724 725 729 730 732 733 734 735 736 738 739 740 741 742 743 744 746 748 749 753 755 757 758 759 761 762 763 764 765 767 768 769 770 771 772 775 776 777 782 783 785 786 787 788 789 790 791 793 795 796 797 798 799 802 803 804 806 807 808 809 811 813 814 816 817 818 821 822 825 829 831 832 833 836 839 841 843 846 848 850 851 852 855 

816

687 688 690 693 694 695 697 698 700 701 703 704 705 708 709 710 715 716 718 719 720 721 722 723 727 728 729 730 731 734 735 737 739 741 745 747 748 751 753 755 756 758 759 760 761 762 763 764 765 766 769 770 772 774 776 777 779 781 783 784 785 787 790 797 799 803 805 807 808 809 810 811 814 815 817 819 820 821 823 824 825 826 827 828 830 831 832 834 835 836 837 838 840 842 843 845 848 849 853 856 

817
850 819 781 
688 689 691 692 693 695 698 699 700 701 702 704 707 710 711 712 714 715 716 717 721 722 724 725 726 729 732 733 734 735 736 738 742 743 744 746 749 753 754 757 761 762 765 767 768 769 771 772 773 774 775 776 777 780 782 785 786 788 789 790 791 792 794 795 796 798 799 800 802 803 804 806 807 810 811 812 813 816 818 821 822 825 829 832 833 835 837 838 839 842 843 848 851 852 854 855 856 

818

687 690 694 695 698 701 703 704 705 708 709 711 715 716 718 720 722 724 727 728 729 730 731 735 737 738 739 740 741 745 747 748 749 751 752 753 754 755 757 758 759 761 762 763 764 765 769 770 773 774 775 776 777 778 779 780 781 783 784 787 793 794 797 798 799 800 803 804 807 808 809 811 812 813 814 817 819 820 821 823 824 826 827 828 830 831 832 834 835 836 837 840 843 845 847 848 849 853 854 856 

819
817 686 
689 690 691 692 699 700 702 704 707 710 711 712 714 715 716 717 718 720 721 722 723 725 730 732 733 734 736 738 740 741 742 743 744 746 748 749 751 755 756 757 758 759 761 762 763 767 768 770 771 772 773 775 781 782 783 784 785 786 787 788 789 790 791 793 795 796 797 798 799 802 804 806 808 809 810 813 814 816 818 821 822 825 829 831 832 833 836 839 841 842 843 846 850 851 852 853 854 855 

820
783 
688 689 691 692 693 698 699 700 702 704 707 710 712 714 715 717 720 721 725 729 732 733 734 735 736 739 740 742 743 744 746 748 749 753 754 755 756 757 758 759 761 762 764 765 767 768 769 771 772 775 776 779 781 782 785 786 787 788 789 790 791 793 794 796 798 799 802 804 805 806 808 809 810 811 813 814 816 818 821 822 825 829 832 833 835 836 837 838 839 841 842 843 846 850 851 852 854 855 856 

821

687 689 691 692 693 698 699 702 707 708 710 711 712 713 714 715 716 717 718 719 720 721 723 725 727 729 730 732 733 734 735 736 738 740 742 743 746 748 749 753 757 759 761 762 763 764 765 767 768 769 770 771 775 776 779 782 783 785 786 788 789 790 791 792 795 796 797 798 799 802 803 804 805 806 807 808 809 811 813 816 817 818 819 820 822 825 832 833 835 837 838 839 841 843 846 850 851 852 854 855 

822

687 688 690 693 694 696 697 698 701 703 704 705 708 709 710 715 716 718 720 723 726 727 728 729 730 735 737 739 741 745 747 748 752 753 754 755 756 757 758 760 761 762 763 764 765 766 769 770 772 773 774 775 776 777 778 779 780 781 783 784 787 790 793 797 799 800 803 807 808 809 810 812 815 817 819 820 821 823 824 825 826 827 828 830 831 832 834 835 836 837 838 840 843 844 845 848 849 851 854 856 

823
853 
689 690 691 692 699 700 702 704 707 710 711 712 714 715 716 717 720 721 722 725 727 730 732 733 734 735 736 738 740 742 743 744 746 748 749 751 755 756 757 758 759 761 762 763 767 768 769 770 771 772 775 776 778 782 783 785 786 788 789 790 791 793 794 795 796 797 798 799 802 803 804 806 808 809 811 812 813 814 816 817 818 821 822 825 826 829 831 832 833 836 839 841 846 849 850 851 852 854 855 

824
737 770 843 848 849 728 
689 690 691 692 698 699 702 704 707 710 712 714 715 716 717 718 720 721 722 725 729 730 732 733 734 735 736 740 741 742 743 744 746 747 748 749 753 755 757 758 759 761 762 763 765 767 768 769 771 772 775 776 782 783 785 786 787 788 789 790 791 793 795 796 797 798 799 802 803 804 806 808 809 811 813 814 816 817 818 821 822 825 831 832 833 836 839 841 846 850 851 852 854 855 

825
686 
689 690 691 692 693 694 699 700 701 702 704 705 706 707 710 711 712 713 714 715 716 717 718 719 720 721 722 725 726 727 728 732 733 734 736 737 738 739 741 742 744 746 752 754 756 757 759 761 762 763 767 768 771 773 775 776 778 781 782 785 786 787 788 789 790 791 793 794 795 796 799 802 803 805 806 808 812 813 816 818 821 822 826 829 831 832 833 835 836 837 839 845 846 848 850 852 853 854 855 

826

687 689 691 692 698 699 701 702 703 704 707 708 709 710 712 714 716 717 718 720 721 725 728 729 730 732 733 735 736 740 741 742 743 744 746 748 749 753 755 757 758 761 762 763 764 765 767 768 769 771 772 773 775 776 779 782 783 785 786 787 788 789 790 791 793 795 796 797 798 799 802 803 804 806 807 808 809 811 814 816 817 818 821 822 825 829 831 832 833 835 836 837 839 841 843 848 850 851 852 855 

827
686 
689 690 691 692 693 698 699 700 701 702 704 707 709 710 712 714 716 717 720 721 722 725 726 728 729 730 732 733 734 735 736 738 739 740 742 743 744 746 749 753 754 757 759 763 765 767 768 769 770 771 775 776 777 778 779 782 785 786 788 789 790 791 792 793 795 796 798 799 802 803 804 806 807 811 812 813 816 818 821 822 825 829 832 833 835 837 838 839 840 841 843 846 848 850 851 852 854 855 856 

828
708 711 727 747 686 846 688 687 724 759 764 829 
689 691 692 699 700 701 702 704 707 710 712 714 715 716 717 720 721 722 725 729 730 732 733 734 735 736 738 740 742 743 744 746 748 749 753 755 756 757 758 761 762 763 765 767 768 771 775 776 777 782 783 785 786 787 788 789 790 791 793 794 795 796 798 799 802 803 804 806 808 809 811 813 816 818 821 822 825 831 832 833 836 839 841 843 850 852 854 855 

829
828 
687 688 690 691 692 697 698 699 700 701 702 703 704 708 709 710 716 717 718 720 721 723 727 728 729 730 735 739 740 741 743 744 746 747 748 749 753 754 755 757 758 759 761 762 763 764 765 769 770 772 775 776 779 780 783 785 787 790 792 793 797 798 799 800 802 803 804 807 808 809 811 812 815 816 817 819 820 823 825 831 832 833 835 836 837 838 840 841 843 845 846 848 849 850 851 852 854 855 856 

830
724 748 781 686 
689 691 692 693 698 699 700 702 703 704 707 710 712 714 715 716 717 720 721 725 729 730 732 733 734 735 736 739 740 741 742 743 744 746 749 753 755 757 758 761 762 763 764 767 768 769 770 771 772 773 775 776 779 782 783 785 786 787 788 789 790 791 793 795 796 797 798 799 802 803 804 806 807 808 809 811 813 814 816 818 821 822 825 829 831 832 833 836 839 841 843 850 851 852 854 855 

831

688 689 691 692 693 697 698 699 701 702 704 707 708 709 712 714 715 716 717 720 721 723 724 725 727 729 732 733 734 735 736 742 743 744 746 749 751 753 756 757 761 762 765 766 767 768 769 771 772 775 776 777 778 779 780 782 785 786 788 789 790 791 792 794 795 796 798 799 802 803 804 806 807 811 813 816 818 819 821 822 823 825 826 829 832 833 835 837 838 839 840 843 844 846 848 850 851 852 855 856 

832
686 
688 689 691 693 695 696 697 699 701 702 707 709 712 713 714 715 717 721 722 724 725 726 731 732 733 734 735 736 738 740 741 742 743 746 754 756 757 759 762 765 766 767 768 769 771 773 775 777 778 779 782 784 785 786 788 789 791 795 796 797 798 799 800 805 806 807 812 813 814 815 816 817 818 819 821 822 824 825 826 828 829 831 833 835 836 839 841 842 843 844 846 848 850 851 852 853 854 855 856 

833

687 688 693 695 696 697 698 701 703 704 705 708 709 710 715 716 718 719 720 721 722 723 727 728 729 730 734 735 737 739 740 741 747 748 752 753 754 755 756 758 759 760 761 762 763 764 765 766 769 770 772 773 774 776 777 778 779 780 781 783 787 790 797 798 800 803 805 807 809 811 812 815 817 819 820 821 824 825 827 828 830 831 832 834 835 836 837 838 840 842 843 844 845 846 847 848 849 853 854 856 

834

689 691 692 698 699 702 703 704 707 709 710 712 714 716 717 720 721 725 728 729 730 732 733 735 736 739 740 741 742 743 744 746 747 748 749 753 754 755 757 758 759 761 763 764 765 767 768 769 770 771 772 775 776 779 782 783 785 786 787 788 789 790 791 792 793 795 796 797 798 799 802 803 804 806 807 808 809 811 813 816 817 818 821 822 825 832 833 835 836 837 838 839 841 843 846 848 850 851 852 855 

835

688 689 690 691 696 698 699 701 702 704 707 710 711 712 713 714 715 716 717 719 720 721 722 724 725 727 729 732 733 734 736 738 740 742 743 744 745 746 751 755 756 757 758 759 761 767 768 769 770 771 772 774 775 776 778 782 783 785 786 787 788 789 790 791 793 794 795 796 797 798 802 804 806 808 809 811 814 816 818 820 821 822 825 826 829 831 832 833 836 839 841 842 846 849 850 851 852 853 854 855 

836

689 690 691 692 693 695 699 700 702 704 707 709 711 712 713 714 717 719 721 722 723 724 725 727 729 732 733 734 735 736 738 740 742 743 746 749 751 753 756 757 759 760 761 762 765 767 768 769 771 775 776 777 778 780 782 785 786 788 789 790 791 792 794 795 796 798 799 802 805 806 807 811 812 813 816 818 819 822 824 825 826 829 832 833 837 838 839 840 841 842 843 844 846 848 850 851 852 854 855 856 

837
686 
687 688 689 690 691 692 699 701 702 704 707 708 711 712 714 715 716 717 720 721 724 725 727 729 732 733 735 736 738 739 740 742 743 744 746 749 751 755 756 757 758 759 761 762 767 768 769 771 772 773 775 776 777 782 783 784 785 786 787 788 789 791 793 794 795 796 797 798 799 800 802 804 806 808 810 811 813 814 816 817 818 821 822 825 829 831 833 836 839 841 842 843 846 850 851 852 854 855 856 

838

689 690 691 692 693 695 699 701 702 704 705 706 707 710 712 714 715 716 717 719 720 721 722 724 725 727 732 733 734 736 738 740 741 742 743 744 745 746 749 751 755 756 757 758 759 761 762 763 767 768 770 771 773 775 778 781 782 783 785 786 787 788 789 790 791 793 794 795 796 797 798 799 800 802 806 808 809 813 814 816 817 818 820 821 822 829 831 832 833 836 839 841 842 846 850 851 852 853 854 855 

839

687 690 694 698 701 703 704 705 706 708 709 710 715 718 720 721 723 726 727 728 730 735 737 739 740 741 745 747 748 752 753 754 755 757 758 760 761 762 763 764 765 766 769 770 772 773 774 775 776 777 778 779 780 781 783 784 785 787 790 792 793 797 798 799 800 803 805 807 808 809 810 812 815 817 819 820 821 823 824 825 827 828 830 831 832 834 835 836 837 838 840 843 844 845 846 848 849 851 854 856 

840

689 690 691 692 699 700 702 704 705 706 707 710 711 712 714 715 716 717 718 720 722 724 725 726 727 732 733 734 736 738 740 741 742 743 744 746 748 749 755 756 757 758 759 761 762 763 767 768 770 771 773 775 781 782 783 785 786 787 788 789 790 791 793 794 795 796 797 798 799 802 804 806 808 809 810 812 813 814 816 817 818 821 822 826 827 829 831 833 836 839 841 842 843 846 850 851 852 853 854 855 

841

687 691 693 694 696 697 698 705 706 708 709 711 713 715 716 719 720 722 723 724 726 727 728 730 731 733 735 737 738 741 742 745 747 751 753 754 755 759 760 761 762 763 764 765 766 767 768 769 773 774 776 777 778 780 781 782 784 786 787 789 792 793 794 795 799 803 804 807 808 810 812 813 814 815 818 819 820 821 823 824 826 827 828 829 830 832 834 835 836 837 838 839 840 843 844 845 847 848 849 850 

842
761 
687 689 691 692 698 699 702 703 704 707 708 709 710 712 714 716 717 720 721 725 728 729 730 732 733 735 736 739 740 741 742 743 744 746 747 748 749 753 755 757 759 763 764 765 767 768 769 771 772 775 776 779 782 783 785 786 787 788 789 790 791 792 793 796 797 798 799 802 803 804 806 807 808 809 811 816 817 818 819 821 822 825 831 832 833 835 836 837 838 839 840 841 843 848 850 851 852 855 856 

843

689 690 691 692 695 699 701 702 704 706 707 710 711 712 713 714 715 716 717 718 721 722 723 724 725 726 729 732 733 734 736 738 740 742 743 744 746 748 751 752 755 756 757 758 759 761 762 763 767 768 770 771 772 775 776 778 782 783 786 788 789 790 791 793 794 795 796 799 802 804 806 810 812 813 814 815 816 817 818 821 822 826 829 831 832 833 836 837 839 841 842 845 847 848 849 850 851 852 854 855 

844
848 
689 690 691 692 698 699 700 702 703 704 707 708 710 712 714 716 717 718 720 721 725 728 729 730 732 733 735 736 739 740 741 742 743 744 746 748 749 753 755 757 758 759 761 762 763 764 765 767 768 769 770 771 772 775 776 779 782 783 785 786 787 788 789 790 791 792 793 795 796 797 798 799 802 803 804 806 807 808 809 811 813 816 818 821 822 825 829 831 832 833 835 836 839 841 843 849 850 852 855 

845
745 
689 690 691 692 693 698 699 700 702 704 707 708 710 711 712 714 715 717 720 721 722 725 728 729 730 732 733 735 736 738 739 740 741 742 743 744 746 748 749 753 756 757 759 761 763 764 765 767 768 769 771 773 775 776 779 782 783 785 786 787 788 789 790 791 792 793 795 796 798 802 803 804 806 807 808 809 811 813 816 818 821 822 825 829 831 832 833 835 836 837 838 839 841 843 846 850 851 852 855 

846
828 
689 690 691 694 698 699 701 702 707 708 710 712 713 714 715 716 718 720 722 725 728 729 730 732 733 735 736 738 739 740 741 742 743 745 746 747 748 753 754 755 758 761 763 764 765 767 768 769 771 772 773 774 776 779 781 782 786 787 788 789 790 791 792 793 794 795 796 797 798 799 802 803 804 806 807 808 809 810 811 812 813 814 816 818 820 821 822 825 831 832 833 835 836 837 838 839 850 851 856 

847

687 689 691 692 698 699 702 703 704 707 708 709 712 714 715 716 717 718 720 721 725 728 729 730 732 733 735 736 739 740 741 742 743 744 746 747 748 749 753 755 757 758 761 762 763 764 765 767 768 769 770 771 772 775 776 779 782 783 785 786 787 788 789 790 791 792 793 795 796 797 798 799 802 803 804 806 807 808 809 811 813 814 816 818 822 825 832 833 835 836 837 838 839 841 843 848 850 851 852 855 

848
744 844 
687 689 691 692 693 699 700 702 703 706 707 710 712 714 715 716 717 718 720 725 729 730 732 733 734 735 736 738 740 742 743 745 746 748 749 753 755 757 758 759 762 763 764 765 767 768 769 770 771 773 775 776 779 782 783 785 786 787 788 789 790 791 793 795 796 797 798 799 802 804 806 808 809 810 811 812 813 814 816 818 822 825 829 831 832 833 834 835 836 839 841 842 843 846 850 851 852 855 

849

689 690 691 692 698 699 700 701 702 704 706 707 709 710 711 712 713 714 715 717 721 722 724 725 726 729 732 733 735 736 737 738 740 742 743 744 746 749 751 753 754 757 759 761 762 765 767 768 769 771 772 773 774 775 776 777 779 782 785 786 788 789 790 791 792 794 795 796 798 802 803 806 807 810 811 812 813 816 818 819 821 822 825 829 831 832 833 835 837 838 839 841 843 844 847 848 850 851 852 855 

850

687 690 693 694 695 697 698 700 704 705 706 708 709 710 715 716 717 718 719 721 722 723 726 727 728 729 730 731 734 735 737 738 740 741 745 748 751 753 754 755 756 757 758 759 760 761 762 763 764 766 769 770 772 773 774 776 777 778 779 781 784 785 787 794 797 798 799 807 808 809 810 811 812 814 819 820 821 823 824 825 826 827 828 830 831 834 836 837 838 840 842 843 844 845 847 848 849 853 854 856 

851

687 689 691 692 698 701 703 704 707 710 711 712 714 715 716 718 720 721 722 725 728 729 730 732 733 734 736 739 740 742 743 744 745 747 748 753 754 755 756 757 758 759 761 762 763 764 767 768 770 771 772 775 776 777 779 780 782 783 785 786 787 788 789 790 791 792 793 795 796 797 799 802 803 804 806 807 808 809 813 816 817 818 821 822 823 829 831 832 833 835 836 837 838 839 840 843 846 849 850 852 

852

687 690 693 694 695 696 700 701 703 705 706 708 709 711 713 716 719 720 722 724 726 728 729 730 731 733 734 736 737 738 739 743 745 747 751 752 754 755 759 760 762 764 765 766 770 773 774 777 779 780 781 782 783 784 786 787 789 790 792 793 794 795 797 803 804 805 807 809 810 812 813 815 817 818 819 820 821 824 825 826 827 828 829 830 831 832 833 835 837 838 839 840 842 843 845 847 849 850 853 854 

853
836 
687 689 691 692 697 698 699 702 704 707 708 709 712 714 716 717 718 720 721 725 728 729 730 732 733 735 736 739 740 741 742 743 744 746 747 748 749 753 754 755 757 758 761 763 764 765 767 768 769 771 772 775 776 777 779 780 782 783 785 786 787 788 789 790 791 792 793 796 797 798 799 802 803 804 806 807 808 809 811 816 818 819 821 822 825 832 833 835 837 838 839 840 841 843 848 850 852 855 856 

854

687 688 689 691 693 699 702 703 704 707 708 709 712 714 715 716 717 718 719 720 725 728 729 730 732 733 735 736 739 741 742 743 744 746 748 749 753 754 755 757 758 759 761 763 764 765 767 768 769 771 775 776 777 779 780 782 783 786 787 788 789 790 791 792 793 795 796 797 798 799 802 803 804 806 807 808 809 811 816 817 818 819 821 822 825 829 832 833 835 836 837 838 839 840 843 850 851 852 855 856 

855

687 688 690 694 695 696 700 701 703 705 706 708 709 711 713 714 716 718 719 720 722 724 726 728 729 730 733 737 738 739 741 743 745 747 748 751 752 754 755 758 759 760 761 762 764 765 772 773 776 777 779 780 782 783 784 787 789 790 792 793 794 795 797 799 803 804 807 808 809 810 812 813 815 817 818 819 820 821 823 824 825 827 828 829 830 831 832 833 837 838 839 840 843 845 847 848 849 850 853 856 

856
728 
689 690 691 692 693 699 700 702 704 706 707 710 711 712 713 714 715 716 717 718 720 721 722 724 725 726 727 732 733 734 736 738 740 742 743 744 746 748 754 755 756 757 758 759 761 762 763 767 768 770 771 773 775 778 781 782 783 784 785 786 787 788 789 790 791 793 794 795 796 797 799 802 803 806 808 809 812 813 816 817 818 821 822 829 831 832 833 835 836 837 839 841 846 848 850 852 853 854 855 

