512 382 457 407 349 530 478 534 474 397 481 358 543 504 485 541 458 522 449 372 562 516 490 570 480 563 529 357 425 356 381 396 496 477 518 385 533 455 442 354 380 489 470 367 472 355 405 450 426 491 531 459 421 469 509 547 454 415 528 351 424 571 429 403 433 411 359 555 519 476 502 549 361 568 418 546 486 369 466 551 505 410 434 463 508 390 510 464 557 388 460 548 360 448 535 453 444 468 370 441 377
513 466 481 562 429 522 382 529 372 489 530 359 448 406 571 504 533 356 547 411 435 541 407 468 470 490 198 499 379 449 454 543 476 531 485 399 450 568 386 369 351 401 396 383 491 393 532 377 480 535 534 354 539 564 443 447 474 433 498 467 380 501 459 572 453 390 477 546 464 519 367 384 410 361 540 472 502 528 389 364 549 512 358 371 362 355 357 437 555 518 421 441 349 422 458 510 552 548 455 505 463
514 562 530 411 379 359 522 470 449 393 358 356 348 568 468 447 480 405 399 467 543 198 435 403 364 406 383 481 572 549 377 529 466 361 518 372 443 448 354 498 386 533 499 401 501 476 532 485 453 34 539 564 491 380 441 410 454 349 462 452 540 407 429 489 547 477 474 535 552 385 455 396 531 351 384 437 173 472 390 528 371 369 382 519 459 554 433 418 413 389 510 464 427 557 546 571 367 505 551 450 490
515 459 351 480 369 522 454 468 476 198 549 349 543 541 449 477 529 466 380 399 531 429 530 356 393 562 564 563 485 442 357 448 382 571 568 358 411 518 379 447 441 364 372 554 534 509 361 501 371 478 457 427 405 504 464 499 443 535 406 508 498 453 551 540 389 422 440 435 437 516 173 552 486 401 547 386 397 474 424 433 444 491 421 467 381 407 481 359 383 365 384 472 390 539 532 455 388 469 533 377 490
516 474 530 462 533 489 481 404 352 539 396 472 361 493 410 502 522 552 512 535 418 547 494 536 387 519 365 384 448 412 548 490 529 565 431 372 450 382 546 543 409 568 421 445 446 408 460 362 511 413 388 464 463 500 385 521 558 478 487 34 429 545 556 367 569 538 482 465 492 375 391 353 414 466 363 452 405 470 173 356 517 422 394 451 355 525 428 557 390 461 560 359 415 562 555 475 366 566 488 354 403
517 380 369 407 442 382 477 518 541 455 531 467 357 554 429 509 466 522 441 435 505 499 406 481 449 433 572 437 424 351 447 486 474 454 383 485 480 562 571 453 379 510 397 543 470 568 377 468 359 516 399 448 530 469 358 534 528 457 459 489 564 504 563 411 551 356 364 529 472 389 396 547 371 198 546 393 381 349 501 533 476 390 498 532 540 354 401 384 421 539 418 372 548 367 570 549 426 405 386 508 490
518 365 552 464 465 448 530 521 482 568 539 362 571 557 34 478 384 462 352 508 533 173 436 502 450 512 415 387 517 460 413 535 432 496 421 414 522 402 519 410 461 545 446 495 417 507 396 451 394 452 404 372 385 363 494 558 514 388 412 556 566 504 428 391 427 544 472 438 511 463 489 565 378 407 474 429 547 418 375 367 523 481 471 355 405 515 349 409 353 455 395 529 487 560 440 466 490 431 543 493 473
519 421 478 541 34 534 349 365 444 380 496 479 427 493 477 572 486 173 544 508 480 369 569 451 563 516 401 570 386 443 383 558 540 453 539 394 466 498 518 473 381 494 549 357 467 411 416 409 390 377 462 459 425 512 472 434 528 571 360 487 529 442 437 468 457 491 408 428 495 554 420 469 542 509 424 533 433 430 523 567 520 419 449 545 415 356 440 485 389 412 507 566 400 505 503 532 352 551 399 406 395
520 382 489 530 531 466 562 470 568 359 522 351 429 474 454 372 499 435 396 354 361 481 468 393 450 539 529 406 476 399 547 490 467 543 410 355 519 403 407 379 386 405 485 437 447 453 198 541 480 401 501 571 510 557 443 356 564 491 441 369 532 397 548 572 546 411 498 449 518 358 509 455 459 555 505 364 173 554 357 549 504 528 458 377 380 421 448 533 367 551 383 433 384 390 389 569 349 486 521 427 464
521 405 485 554 435 480 467 518 403 173 549 34 440 470 568 449 530 450 359 361 457 505 399 369 572 540 477 441 543 383 379 396 380 459 474 531 489 422 501 384 377 424 491 558 478 481 442 446 365 562 198 371 516 445 569 469 490 502 499 427 354 563 534 410 466 397 463 454 533 526 564 535 362 390 539 407 413 472 393 557 476 509 532 495 537 443 519 406 560 420 414 415 381 355 486 357 367 385 388 458 425
522 567 357 465 427 469 505 440 556 445 451 425 472 511 430 408 439 173 479 34 507 436 414 493 416 392 496 514 404 423 352 377 520 537 371 394 551 487 512 516 566 383 525 535 508 417 513 402 419 398 370 428 536 461 477 389 549 434 515 365 540 538 492 558 381 438 526 494 495 387 486 562 360 462 375 353 518 468 431 420 453 483 415 542 385 368 506 485 517 484 460 400 456 409 464 559 457 388 362 373 545
523 454 466 532 571 462 351 541 489 539 379 564 359 562 440 371 528 470 474 540 547 535 406 399 501 356 481 198 364 377 519 572 361 382 543 429 536 411 354 518 389 401 522 393 426 410 384 386 480 396 551 468 355 555 499 498 433 459 476 437 383 441 34 453 560 447 403 372 531 482 435 358 472 443 552 546 568 467 548 349 407 381 529 485 455 380 469 357 458 409 569 367 445 491 352 424 530 390 512 504 450
524 530 562 382 549 541 356 470 361 571 543 447 379 435 454 489 468 472 547 467 449 477 481 411 466 474 359 358 351 568 349 354 480 485 533 499 380 429 509 372 529 407 369 457 198 555 522 564 410 396 364 453 386 427 422 405 401 448 406 424 490 504 367 455 357 377 441 551 459 355 442 443 572 539 371 501 557 518 384 437 421 464 531 450 440 399 34 476 498 486 532 519 505 383 462 418 393 548 563 554 403
525 562 522 407 457 351 470 354 383 358 364 543 509 397 380 531 568 554 406 382 359 469 449 534 441 530 377 349 399 381 454 541 528 424 437 533 481 369 429 455 467 433 468 426 480 499 448 464 510 418 516 549 384 466 505 442 519 552 486 357 572 356 489 389 393 379 427 411 361 458 450 555 551 508 474 571 546 422 372 459 478 518 447 501 355 476 371 362 435 535 173 532 564 490 198 529 443 453 463 396 405
526 571 466 480 449 441 476 531 351 429 564 477 546 489 358 504 198 562 501 349 34 448 474 547 522 411 534 481 356 397 396 364 543 382 508 383 454 379 530 426 407 442 529 359 393 361 422 390 554 490 380 498 467 399 541 549 372 455 459 377 424 521 173 457 357 502 406 365 509 528 458 548 437 435 405 519 486 447 499 427 470 371 491 421 381 434 433 418 450 533 539 445 540 518 495 369 478 535 472 568 443
527 562 468 449 372 543 467 531 429 466 470 568 522 453 361 356 447 354 379 541 489 448 499 547 411 480 454 490 481 443 549 530 437 382 504 427 406 351 474 405 418 476 529 383 399 498 359 407 472 364 377 358 478 455 349 572 410 539 534 532 198 571 554 563 485 501 386 510 533 401 459 528 564 555 380 435 369 355 393 442 433 396 548 509 422 477 457 491 173 508 34 518 397 464 441 569 415 367 390 440 486
528 440 383 448 351 545 34 413 377 454 447 462 564 379 393 474 362 495 501 535 536 499 371 173 530 446 410 450 540 445 353 348 441 478 532 491 562 409 358 386 468 415 482 437 512 361 444 372 406 375 394 557 493 523 388 453 422 198 352 519 376 489 364 570 476 494 461 427 408 366 502 414 463 539 487 537 496 484 568 401 399 387 572 558 443 492 525 396 488 434 428 460 349 511 389 360 526 561 378 517 385
529 383 377 427 445 389 373 420 493 567 404 469 535 511 450 438 465 440 357 495 417 365 556 482 353 388 475 415 354 544 413 458 451 505 441 545 446 512 538 471 513 173 551 419 371 424 552 540 492 435 557 562 516 570 416 403 554 515 464 509 488 514 381 479 534 536 520 486 408 393 462 491 526 394 457 519 425 402 506 497 454 366 198 370 566 489 530 376 392 503 414 564 390 385 487 472 395 387 351 537 349
530 426 397 419 389 477 469 381 505 357 514 486 516 457 541 540 520 554 524 538 553 440 433 512 380 408 504 424 438 459 509 431 560 518 352 482 556 430 353 394 563 485 492 446 392 511 421 483 439 521 375 444 528 400 398 420 487 369 472 363 395 409 425 460 484 374 378 432 513 445 503 456 473 566 551 370 384 526 537 567 495 479 544 417 515 465 542 471 368 533 510 488 508 462 570 539 412 480 506 365 404
531 462 34 494 536 556 465 520 561 425 448 368 352 482 479 420 416 394 488 414 496 553 436 173 491 445 456 427 511 572 417 506 490 409 533 526 395 408 349 534 542 440 404 356 391 495 569 472 451 508 353 493 423 558 464 559 398 517 434 468 406 378 540 371 492 387 392 512 375 363 487 505 478 532 521 567 515 383 525 549 385 388 377 386 447 552 557 527 419 362 467 365 545 469 538 566 453 421 473 430 497
532 510 502 438 452 365 403 455 425 426 444 539 418 541 523 470 433 555 558 173 429 489 397 427 422 528 504 465 407 350 460 570 360 531 366 566 387 390 374 552 535 471 492 445 421 359 553 547 458 372 546 412 405 514 446 507 367 434 414 543 544 495 439 388 382 430 394 396 500 519 565 428 392 567 563 442 354 373 568 508 569 521 435 533 556 497 496 534 473 432 469 513 463 451 402 480 537 450 545 479 538
533 459 489 397 477 372 422 534 545 389 442 469 379 474 34 435 516 508 173 495 509 531 491 380 410 362 359 357 557 381 485 445 349 518 446 512 413 439 546 419 547 391 383 450 463 403 428 440 420 536 486 460 365 394 457 535 551 539 541 444 540 462 351 513 382 543 530 361 427 369 570 558 448 502 353 467 352 424 548 387 492 386 514 434 519 367 505 475 425 484 479 454 481 404 377 478 559 524 521 480 572
534 481 555 354 568 382 410 511 360 359 365 533 450 519 422 539 375 444 396 361 512 403 470 472 363 531 557 562 352 489 429 390 384 388 377 548 547 552 565 507 376 418 498 463 526 509 466 455 458 553 398 452 462 411 572 474 404 495 420 529 383 415 402 505 494 385 437 537 449 356 419 504 350 372 560 510 369 461 497 464 484 540 408 387 397 424 525 571 482 521 451 445 558 446 421 467 355 551 442 522 515
535 349 405 541 478 468 443 411 359 356 453 529 498 455 437 440 369 485 34 449 433 536 509 549 472 511 427 522 477 425 516 546 459 426 528 554 390 380 543 462 508 562 466 518 424 447 352 397 486 434 551 457 357 467 563 571 480 490 435 399 442 364 476 569 532 533 539 375 394 389 358 545 381 523 429 504 173 510 499 407 458 540 198 385 544 568 367 414 348 471 572 419 430 505 501 379 441 464 372 368 422
536 562 531 504 481 455 568 359 429 396 474 468 554 535 449 443 365 427 457 458 382 173 528 415 442 522 546 397 516 489 383 448 405 563 418 547 433 384 558 453 459 403 466 367 380 470 533 491 555 541 469 557 529 509 490 543 372 570 360 381 476 495 549 407 530 464 361 446 450 426 496 357 198 565 377 501 508 510 480 523 486 390 424 572 389 502 534 551 477 569 425 452 441 451 362 564 478 467 369 410 485
537 411 562 477 396 354 356 405 522 448 407 498 474 510 478 568 442 489 429 361 449 485 470 571 530 369 349 173 476 466 534 437 504 410 406 427 443 467 457 459 433 549 358 403 458 481 528 531 415 572 453 529 365 390 468 554 397 543 357 379 490 551 364 472 502 547 486 426 521 518 501 564 399 480 34 418 555 532 516 372 198 401 535 384 435 351 533 382 393 441 386 455 546 464 367 425 422 563 499 444 380
538 568 530 562 429 543 481 467 489 529 522 358 466 351 442 427 354 361 382 380 173 563 359 34 470 464 490 454 572 531 447 516 405 450 372 406 509 557 448 547 571 459 198 410 549 377 356 449 411 369 477 396 453 357 474 418 437 457 505 499 355 518 485 393 384 555 383 458 443 349 424 426 554 435 498 519 455 501 480 478 468 486 532 463 379 399 504 364 476 441 348 407 381 533 541 469 367 546 552 389 548
539 451 459 472 534 365 357 572 427 516 453 508 389 478 398 532 437 505 518 498 467 454 403 554 549 385 469 379 386 523 358 485 443 436 360 425 507 519 449 551 496 173 439 499 477 434 559 457 406 557 520 533 563 535 411 562 377 435 442 461 564 371 370 468 419 530 445 383 381 566 464 397 399 198 356 426 351 368 558 380 369 393 355 349 401 528 552 448 404 352 514 420 561 553 415 452 441 509 495 378 414
540 359 418 530 361 396 382 510 450 568 489 405 403 555 433 570 470 421 547 490 426 508 474 448 557 571 481 410 415 562 478 522 367 528 541 529 521 519 531 354 548 365 355 349 558 390 445 432 523 533 360 387 552 434 535 495 534 34 376 466 504 507 375 413 511 351 569 407 460 472 429 422 546 475 488 352 556 356 435 514 436 572 425 452 467 411 499 372 444 384 539 544 496 468 430 455 431 378 440 464 494
541 410 535 362 173 445 491 482 530 396 377 383 34 519 470 549 494 446 442 556 415 463 428 524 361 532 512 411 568 502 489 379 403 371 552 450 566 384 404 360 523 562 490 394 356 558 427 464 376 481 540 413 488 517 378 414 492 400 557 515 493 560 543 500 472 542 406 461 545 474 462 480 487 501 536 393 354 533 391 555 425 363 388 498 479 436 365 359 431 449 507 435 409 513 370 372 548 439 350 441 386
542 449 466 429 543 531 474 356 372 568 541 522 489 485 472 530 481 480 562 433 407 470 519 349 435 411 477 379 490 359 504 455 361 571 467 468 382 547 533 499 554 396 518 450 529 384 355 393 510 476 453 569 546 447 354 351 509 437 198 572 405 534 549 443 386 502 528 406 441 390 501 539 401 464 416 403 457 505 426 427 564 397 454 380 532 357 410 491 548 552 498 399 440 459 486 448 523 364 418 424 557
543 511 488 408 390 428 495 438 388 544 394 34 435 562 483 377 387 556 368 450 365 423 538 542 395 512 398 383 431 502 391 479 551 400 571 492 491 446 555 473 389 349 436 559 437 409 456 535 514 378 414 524 498 487 561 486 503 521 499 471 430 415 515 454 482 541 526 452 434 493 472 557 385 462 527 432 525 475 351 376 572 419 403 566 404 516 461 420 468 533 478 445 469 359 536 484 506 463 352 453 439
544 435 543 382 481 361 485 489 396 529 390 519 384 377 383 470 480 547 407 474 371 379 562 359 454 554 530 505 468 476 453 472 518 354 448 549 535 369 173 411 356 406 358 499 532 477 450 498 403 449 531 522 501 198 351 533 429 551 548 539 380 491 399 490 362 464 447 389 437 443 509 540 364 458 568 401 372 375 455 546 459 564 386 466 357 528 512 367 552 34 467 405 572 355 424 446 441 502 348 381 427
545 490 533 361 369 528 403 382 477 356 485 426 407 529 474 470 359 548 411 469 458 472 502 446 433 510 518 381 562 541 498 377 568 424 384 380 355 371 555 554 535 522 383 565 457 489 516 531 459 509 486 491 455 481 357 547 466 519 505 464 367 499 443 354 437 552 551 478 364 349 198 358 415 406 435 530 448 453 534 450 564 539 351 405 350 393 429 410 468 399 549 532 442 173 454 389 396 546 397 501 34
34 407 433 382 350 531 372 429 455 541 519 533 543 522 474 528 397 504 535 367 375 448 369 470 493 509 413 355 458 521 548 472 494 354 388 518 490 421 569 526 389 547 396 452 546 510 385 491 571 420 562 446 442 381 357 487 466 457 403 552 481 449 553 497 538 555 359 468 360 516 483 408 430 540 505 398 489 557 453 551 356 410 507 469 460 386 384 419 514 486 438 508 424 495 426 365 563 416 459 479 484
546 469 472 486 462 377 425 383 551 446 491 415 490 406 526 445 535 386 440 536 428 356 495 404 451 424 427 533 34 411 493 437 572 381 365 505 430 467 447 369 401 362 366 516 482 385 435 453 448 498 507 387 434 487 494 473 459 457 511 443 353 349 388 371 532 420 512 567 479 508 499 358 375 468 352 503 409 379 554 501 360 496 389 458 478 465 442 414 540 558 477 368 471 441 534 502 412 423 419 374 569
547 569 451 427 420 496 486 469 369 414 495 408 540 505 409 434 493 365 516 572 551 398 425 357 385 534 430 494 561 349 34 368 526 487 383 533 371 544 536 467 554 563 512 472 549 436 416 440 421 471 478 377 509 524 464 459 389 523 473 513 394 173 381 457 423 479 503 405 352 520 411 532 552 442 498 488 518 443 477 419 404 437 386 545 441 492 353 465 431 538 508 484 417 433 567 378 387 453 428 356 424
548 427 173 464 369 349 508 425 552 34 444 386 440 534 545 495 356 448 381 424 549 441 478 358 486 401 516 467 540 371 405 564 551 399 554 443 509 569 442 480 380 411 457 472 384 447 469 383 493 364 393 533 462 357 558 498 541 453 560 543 409 432 571 377 426 198 501 415 407 362 454 477 476 563 570 421 351 544 439 526 398 466 512 434 436 385 437 433 485 468 423 473 451 350 348 562 449 420 518 572 445
549 377 383 448 491 413 495 375 490 446 541 396 398 557 397 429 422 466 445 460 510 458 524 409 521 535 568 372 539 361 571 522 410 400 548 444 415 463 456 515 504 420 353 376 403 547 519 514 474 359 426 382 461 481 531 365 500 389 432 433 512 367 470 462 395 388 450 536 544 484 455 482 537 354 508 511 526 360 497 498 475 437 390 553 423 366 394 538 451 483 352 507 493 407 430 569 506 362 452 418 556
551 502 372 570 568 410 474 546 522 446 543 556 384 481 547 500 490 396 529 478 355 421 487 463 462 539 405 535 507 460 409 548 412 464 558 362 569 367 552 445 530 465 418 480 448 413 533 388 511 557 365 508 494 482 565 387 173 352 429 489 472 450 394 361 34 512 531 491 493 402 422 444 534 566 545 426 461 385 504 536 471 523 455 368 519 404 544 537 451 492 366 382 390 353 506 375 434 517 391 496 438
552 383 377 380 411 410 491 459 356 359 468 562 349 498 518 435 397 490 449 379 509 442 467 444 556 382 372 554 466 453 502 360 478 548 472 396 437 516 499 406 389 541 418 424 508 405 365 571 572 443 477 568 534 357 381 474 529 487 420 367 438 348 570 422 390 451 551 557 532 445 447 485 34 555 569 531 461 385 495 434 540 486 358 480 547 454 470 469 387 479 386 352 539 492 545 489 361 415 511 457 530
553 454 530 499 531 393 351 568 364 474 571 379 448 564 372 534 198 399 386 361 501 447 401 34 480 406 405 532 453 441 543 173 468 562 462 549 539 410 522 396 467 449 443 358 437 572 476 382 450 518 529 535 481 498 485 354 356 384 536 435 442 459 411 489 470 477 440 349 547 377 390 519 383 413 545 541 429 357 466 540 557 375 418 362 512 546 371 490 478 380 502 495 486 446 505 464 552 472 427 359 444
554 530 385 462 481 382 521 372 552 387 413 571 412 536 464 352 463 436 490 470 494 507 460 432 502 452 539 474 535 409 362 422 492 559 461 557 478 495 448 365 438 367 489 547 548 465 417 558 384 517 479 404 391 529 444 456 431 544 396 472 504 545 525 556 522 526 375 488 511 519 450 415 466 378 410 484 471 394 388 568 395 361 546 500 493 402 416 533 173 537 515 473 434 376 423 506 370 496 429 366 570
555 534 480 498 420 427 440 377 383 437 499 406 572 508 453 358 467 540 443 543 532 569 401 386 462 464 375 447 385 451 379 417 448 487 439 478 421 394 471 536 353 430 512 409 349 173 411 357 545 425 541 472 348 552 426 476 423 34 477 436 465 567 356 483 390 563 198 495 399 468 365 371 404 405 446 384 493 491 511 492 479 496 445 388 523 380 350 538 524 556 393 362 413 398 407 506 516 560 537 351 525
556 369 522 531 457 552 403 543 562 529 509 381 530 541 359 551 455 459 389 442 464 424 466 571 386 429 425 384 435 505 401 486 477 385 478 485 481 406 518 554 470 433 489 516 397 350 357 448 411 501 427 476 407 382 393 437 443 452 356 469 458 557 450 380 198 540 354 399 419 549 468 418 372 533 532 440 555 361 546 441 460 426 453 422 499 490 498 379 570 449 510 572 564 528 472 349 547 390 364 491 474
557 424 369 549 371 466 384 407 486 426 534 457 173 381 518 533 540 357 433 383 554 469 464 365 455 529 442 419 356 434 541 480 543 404 552 429 490 427 528 421 539 472 536 504 551 431 360 377 478 531 375 350 522 508 511 352 408 441 449 571 394 425 440 34 358 538 415 380 446 414 382 453 556 477 491 409 448 512 349 366 502 565 471 372 413 399 521 520 468 476 411 516 462 496 390 560 443 564 428 402 485
558 349 478 469 490 498 568 468 405 437 406 443 433 426 411 532 453 382 459 499 531 449 541 491 522 354 407 519 462 389 536 481 509 508 386 554 356 540 486 551 372 429 446 518 424 562 381 471 510 521 359 361 379 489 455 533 472 410 516 375 447 435 403 539 401 369 548 458 476 534 571 470 357 396 397 419 440 493 528 380 505 485 393 572 420 480 418 457 504 546 367 350 442 530 563 198 377 474 434 466 502
559 477 543 568 554 531 449 396 361 407 485 410 474 405 539 466 562 522 429 356 411 380 372 369 533 377 383 480 358 468 447 355 529 457 397 442 470 509 547 359 354 382 504 424 505 481 459 379 357 498 455 510 367 406 530 425 518 486 489 467 472 519 418 433 546 399 389 469 563 435 528 453 437 557 403 450 490 422 516 541 549 476 381 351 555 454 551 364 570 443 499 571 421 532 401 386 548 540 390 371 384
560 405 478 356 530 407 396 571 435 361 411 459 541 504 474 489 458 485 562 510 454 349 397 403 534 410 467 477 470 472 548 476 563 449 490 491 354 437 502 508 518 377 427 442 531 498 543 358 496 406 522 426 529 422 434 451 379 382 516 418 448 521 533 557 523 433 359 555 547 501 383 546 505 507 499 528 425 399 369 365 351 549 554 381 441 532 372 357 568 457 360 464 198 393 453 481 173 364 572 367 34
561 531 449 547 466 543 359 372 562 474 470 354 429 571 504 480 411 522 379 491 382 356 467 468 568 477 489 448 410 361 539 407 498 499 406 485 528 396 437 454 541 572 453 397 481 401 435 386 447 555 358 383 405 351 529 490 530 535 554 349 399 563 377 476 459 380 457 519 34 534 390 548 441 518 501 533 549 198 557 367 443 364 381 532 433 516 510 502 486 371 403 418 564 508 472 478 458 393 421 505 357
562 350 384 502 514 430 563 426 394 494 456 492 536 421 552 525 493 496 417 420 375 433 419 503 352 373 479 398 397 465 471 569 520 537 566 439 511 513 543 538 438 524 409 480 376 556 527 451 464 414 504 505 404 483 487 395 378 391 506 508 534 374 440 173 512 416 365 423 431 473 482 368 541 540 390 526 427 436 535 455 428 485 400 529 522 528 460 446 484 523 34 434 544 412 477 545 425 407 408 561 570
563 562 352 383 448 474 462 470 396 377 371 530 410 495 409 488 572 363 403 512 356 362 491 519 536 468 502 382 481 413 547 568 535 479 450 372 489 482 539 538 385 515 463 406 565 390 364 354 375 571 379 359 521 555 499 361 560 494 453 398 492 408 452 467 388 446 368 454 443 378 472 411 34 548 532 394 501 393 552 570 558 423 349 522 440 517 511 437 198 404 386 564 484 487 422 355 490 478 392 557 441
564 446 491 407 490 433 528 365 394 526 375 404 510 482 507 458 553 523 374 445 548 434 428 483 397 366 353 422 413 481 539 504 478 568 566 515 484 430 496 511 418 460 361 350 529 493 400 543 426 487 514 388 462 506 405 391 521 360 402 494 410 429 456 383 489 421 363 533 570 455 396 450 368 444 475 536 517 409 520 531 376 569 547 524 385 522 377 537 415 557 545 431 403 367 563 502 398 535 508 495 378
565 449 485 571 377 480 534 435 477 468 383 434 516 386 459 508 448 454 379 545 405 457 551 518 563 397 472 470 536 530 389 511 466 357 381 401 356 440 532 385 504 427 557 491 371 499 554 415 444 469 486 450 424 533 375 490 570 354 540 509 568 361 478 505 489 358 411 535 416 419 543 430 549 390 442 541 547 531 351 572 407 380 493 425 364 447 372 453 446 519 369 388 368 359 498 406 443 445 173 413 521
566 466 562 358 359 571 522 572 541 467 377 504 406 371 382 468 379 474 449 383 429 532 437 453 351 530 357 458 543 410 364 411 518 499 348 443 476 454 502 198 564 447 396 539 399 424 531 457 529 380 369 361 486 498 418 481 533 490 519 551 356 455 407 501 489 568 433 547 442 505 393 381 469 384 403 441 516 509 470 365 548 459 367 372 405 540 386 389 435 401 422 554 349 464 477 448 549 397 555 354 444
567 522 529 429 467 572 568 466 531 504 470 562 530 435 406 555 546 447 509 519 489 403 426 547 481 474 571 541 478 379 359 552 410 355 532 361 358 468 354 372 351 543 349 458 396 384 459 449 455 490 457 383 454 371 521 380 350 405 369 437 539 389 551 382 549 433 548 364 198 516 464 418 377 557 554 518 499 381 424 501 407 476 510 453 386 399 362 397 450 505 401 535 486 463 469 482 443 564 540 441 427
568 414 538 534 431 471 409 352 536 484 438 479 551 419 540 493 469 425 385 350 424 381 487 558 357 387 449 492 520 553 427 430 404 518 549 373 420 541 434 494 395 417 445 521 464 394 375 514 432 389 459 559 440 552 173 456 537 423 457 444 567 441 379 416 383 408 435 501 477 353 439 452 370 542 495 563 384 398 503 545 569 462 489 475 407 516 437 461 476 402 525 368 509 506 512 378 480 388 564 391 451
569 354 547 470 382 361 474 481 463 562 396 359 397 478 435 448 403 457 489 389 531 422 555 405 486 34 425 450 519 173 364 384 462 458 477 449 551 548 371 501 452 568 491 535 460 464 476 366 469 444 552 399 427 381 543 415 521 468 362 441 516 372 424 394 572 429 355 379 380 504 351 437 390 540 505 459 393 453 414 406 536 357 549 466 198 442 485 496 518 532 349 445 360 369 443 498 554 410 564 529 546
570 462 551 356 349 435 490 411 540 433 440 375 485 498 472 478 512 369 437 470 519 443 491 466 499 502 529 532 552 467 562 572 505 351 446 533 530 474 536 528 390 468 405 486 407 447 367 406 469 450 404 501 173 509 357 403 355 494 476 493 379 548 384 380 554 564 426 424 563 539 464 359 459 420 487 389 358 454 399 518 381 549 394 565 34 452 393 198 522 534 556 419 569 496 453 457 386 448 364 568 401
571 491 526 485 408 490 494 493 173 361 389 462 405 445 428 565 419 554 487 413 425 446 427 355 566 418 523 518 543 500 560 502 420 474 540 410 460 414 552 451 442 391 549 388 553 556 463 492 452 404 402 366 524 488 505 465 482 469 362 378 387 357 511 34 471 458 394 535 439 512 496 376 435 537 440 412 459 353 513 472 470 350 483 561 365 519 434 403 398 423 478 484 375 430 370 416 363 475 563 415 557
572 439 394 425 367 492 446 539 438 555 445 531 491 444 407 567 429 519 563 566 382 547 372 510 434 508 552 460 485 433 450 388 521 365 426 480 546 418 534 514 455 360 497 490 543 502 570 412 366 374 373 354 419 403 400 517 504 538 469 370 487 427 431 493 489 475 430 523 422 173 408 569 359 500 465 507 535 452 414 528 533 537 436 483 503 415 536 558 479 471 353 402 541 413 464 553 421 416 350 495 511
173 377 383 396 490 541 433 466 372 548 491 448 356 504 455 375 571 522 472 411 418 437 382 531 397 410 510 533 432 409 521 509 367 426 407 562 557 453 468 403 429 519 536 470 361 528 498 532 568 529 518 359 460 569 458 499 413 390 389 398 539 474 430 406 479 355 462 538 379 369 494 537 555 547 467 357 420 535 380 551 368 349 386 447 360 385 354 446 452 572 507 493 508 544 442 381 570 553 435 401 526
198 375 446 404 397 400 491 407 433 426 526 482 422 460 353 514 515 458 377 510 383 430 553 429 506 365 455 444 463 504 484 418 419 528 395 394 434 396 445 566 523 521 529 539 438 535 431 490 456 507 360 496 555 493 536 398 538 432 513 372 389 403 548 428 388 413 544 421 520 556 472 475 500 569 415 387 522 420 408 376 511 568 545 402 494 466 524 487 558 495 533 409 492 483 461 462 366 502 563 367 465
348 510 433 365 514 407 483 528 552 429 418 438 452 363 446 445 555 394 566 404 535 392 391 504 173 428 413 384 367 492 548 531 408 464 538 370 544 472 419 389 485 412 505 381 424 401 386 411 498 443 501 348
349 384 350 535 558 362 500 552 439 495 396 375 489 512 481 449 445 519 570 463 511 548 426 360 444 442 438 415 531 354 474 465 504 543 471 450 419 382 446 526 533 482 464 547 507 420 460 515 395 470 540 403 398 494 425 477 487 435 510 537 555 402 502 410 455 560 413 485 367 391 490 173 546 492 542 369 522 475 473 539 422 524 352 452 525 370 357 518 529 458 448 400 371 472 528 376 361 355 372 414 493
350 562 383 349 377 34 478 379 440 468 411 443 467 568 388 356 453 445 499 410 448 405 491 415 382 354 447 390 406 435 532 498 358 477 454 490 466 495 450 437 418 571 434 386 557 534 362 402 459 556 508 541 472 359 564 396 530 502 462 413 474 399 446 351 420 463 397 380 444 367 372 387 352 572 401 485 535 558 393 489 371 555 428 487 507 414 536 548 360 496 545 385 569 198 567 365 449 482 361 441 539
351 491 353 482 528 484 375 433 434 553 515 428 446 472 526 407 510 520 456 404 523 490 394 422 398 418 538 525 400 419 360 512 494 431 485 511 566 543 458 368 483 496 487 367 506 500 460 533 365 493 504 409 570 497 396 517 475 539 388 478 524 383 366 569 540 391 363 529 425 402 377 445 350 479 374 544 408 430 477 548 372 397 426 403 567 429 405 423 489 439 387 352 508 513 373 455 449 413 541 545 417
352 563 396 568 369 380 562 531 459 442 516 477 530 357 480 554 522 490 470 534 407 405 457 467 489 485 383 449 377 518 448 397 491 535 358 427 509 450 403 355 455 372 528 422 381 533 426 468 543 547 505 474 551 481 557 424 510 425 349 546 389 435 552 361 476 469 433 539 410 486 354 504 549 464 519 384 365 540 399 359 418 541 350 472 421 382 478 446 429 413 393 351 447 501 356 420 572 453 441 458 443
353 466 454 351 449 489 529 359 530 470 380 455 531 377 467 399 504 198 528 549 522 568 354 433 457 369 383 485 382 555 564 477 571 509 562 442 474 358 533 459 403 481 355 405 546 361 396 397 505 441 407 364 547 410 516 510 429 393 422 518 468 572 543 486 435 372 554 551 349 448 365 501 418 381 367 424 360 535 541 495 476 450 548 357 390 34 411 447 356 173 384 425 563 519 437 499 443 421 472 453 558
354 569 365 534 480 451 414 368 409 508 442 471 383 421 537 439 479 529 349 430 456 478 419 34 484 377 428 378 427 511 506 512 496 405 558 520 503 350 404 398 420 371 370 392 540 505 525 353 473 538 472 431 561 541 449 425 406 498 445 572 464 423 437 438 459 494 514 411 408 369 544 468 502 416 434 387 356 394 433 563 443 173 521 549 440 524 362 492 571 495 523 560 465 417 469 527 545 352 379 483 384
355 440 449 383 371 34 419 571 365 446 377 444 480 486 471 447 387 385 511 469 551 381 512 491 493 415 424 540 356 505 173 503 352 495 434 357 545 508 487 498 425 439 442 473 395 431 353 375 457 390 379 456 389 417 420 411 448 496 378 483 441 520 539 453 380 477 479 432 369 569 427 445 484 459 400 518 492 428 358 541 386 494 534 559 509 570 430 388 349 421 567 535 414 523 393 478 538 443 409 516 423
356 552 502 173 535 413 389 397 445 427 384 570 446 507 560 545 418 350 360 537 495 362 496 363 531 404 514 481 465 428 458 524 365 489 492 563 429 493 546 548 426 542 512 414 541 464 452 444 557 463 526 497 391 558 355 410 376 435 459 359 394 450 434 515 513 392 534 523 469 482 475 559 395 408 539 354 422 555 561 460 372 421 494 398 34 504 455 456 527 361 484 367 544 519 388 556 419 508 522 390 396
357 522 530 478 372 361 481 429 466 539 529 568 470 410 352 474 359 367 533 547 385 557 494 512 396 552 365 384 464 571 482 502 517 405 535 519 421 436 489 34 566 455 463 452 403 355 382 562 555 388 496 414 412 173 387 446 507 500 556 363 548 515 418 428 413 472 543 431 461 545 536 407 490 349 558 375 570 450 488 390 415 378 565 480 511 408 526 531 467 394 538 362 402 569 537 449 404 448 444 473 462
358 510 363 555 512 433 566 408 452 514 394 526 365 387 481 500 538 548 539 456 475 438 429 397 404 528 352 374 483 446 402 350 367 525 460 418 428 403 535 430 444 487 353 395 400 373 407 392 445 391 489 552 471 414 417 412 507 524 537 388 413 370 546 484 461 557 482 431 515 494 544 355 531 409 382 463 559 502 416 419 474 490 470 458 553 361 497 439 432 504 375 450 384 426 567 422 560 547 545 462 488
359 448 420 464 540 404 384 552 535 471 362 371 534 427 536 569 375 462 496 407 480 401 514 430 520 353 426 556 433 494 357 451 566 408 511 498 386 473 508 492 533 385 409 472 477 545 521 413 495 173 415 437 440 439 406 394 493 523 423 434 453 425 387 561 428 478 443 549 487 513 446 465 544 417 374 356 482 512 467 366 373 431 538 558 526 444 459 543 395 411 485 505 365 532 541 34 400 392 421 525 524
360 534 407 406 384 349 443 552 356 464 462 401 466 386 541 490 440 502 480 478 476 539 411 485 453 403 522 426 351 468 572 441 532 477 379 393 437 454 491 498 557 519 540 536 467 390 34 446 508 399 364 173 501 198 571 481 434 549 499 546 474 564 450 543 533 528 447 448 405 569 512 568 472 372 547 410 433 518 350 354 548 427 505 353 504 529 361 493 391 494 397 429 487 389 459 352 560 385 455 511 416
361 471 540 569 357 365 421 426 571 449 545 409 480 469 544 534 440 380 427 487 491 505 420 516 412 493 492 541 369 394 484 385 479 389 391 438 446 459 549 173 476 439 521 444 524 381 560 423 503 509 520 417 397 486 414 559 430 378 392 456 528 537 553 400 419 538 482 366 464 451 465 514 473 387 404 558 508 526 533 512 370 507 495 457 411 477 441 362 433 434 462 431 353 536 472 496 425 551 511 563 523
362 541 349 359 480 485 433 478 466 510 429 356 528 382 518 533 449 405 554 424 397 563 411 390 571 472 435 498 502 505 469 551 509 455 546 420 367 451 489 522 516 504 457 369 380 350 508 361 389 531 569 426 403 440 381 490 354 477 543 530 407 521 434 548 357 385 549 529 427 547 544 511 536 450 442 419 486 534 555 519 471 474 467 470 468 418 491 452 459 437 173 384 494 443 568 416 430 372 386 525 458
363 377 534 358 383 356 453 411 563 447 382 442 530 369 448 485 468 531 379 477 518 348 435 467 437 541 454 478 498 405 380 357 571 543 509 396 406 480 472 516 351 393 562 443 470 510 499 459 489 564 399 568 441 449 361 572 554 476 349 501 533 505 198 529 551 457 372 364 450 410 433 532 469 424 490 407 466 34 540 401 440 381 558 535 548 386 486 508 549 504 359 418 397 375 523 389 547 539 427 474 371
364 446 491 375 407 365 494 458 553 404 422 430 507 428 569 433 383 490 482 514 493 460 510 445 402 526 434 377 525 455 504 535 566 528 403 548 506 418 523 360 415 366 563 496 413 388 531 367 389 353 397 419 444 483 465 378 545 515 461 487 475 420 421 426 396 410 400 398 537 394 450 438 489 435 395 481 374 484 429 544 517 524 478 409 511 463 361 485 540 391 355 539 471 555 529 480 442 568 519 570 408
365 485 401 386 354 477 518 453 435 466 474 443 534 361 396 470 379 468 450 437 441 539 393 499 476 532 501 364 491 372 529 543 407 519 536 403 467 448 564 454 481 447 390 348 426 355 399 489 562 452 358 547 356 552 504 498 522 457 459 434 463 462 516 357 557 572 381 424 554 509 429 411 546 540 406 505 472 198 375 380 533 384 549 492 433 551 409 351 571 367 486 521 541 359 530 531 421 382 385 510 397
366 467 369 477 449 571 399 442 532 499 379 361 546 564 359 569 572 466 454 459 529 528 562 364 530 406 393 351 377 549 411 468 437 509 554 426 557 485 418 522 457 551 380 510 480 469 401 407 386 198 543 383 516 441 501 403 504 534 498 356 355 476 433 424 358 396 372 489 448 397 518 381 410 563 540 470 531 429 453 455 447 349 435 486 357 385 505 450 443 541 535 405 382 568 350 472 413 451 384 508 354
367 405 427 442 371 572 509 34 448 389 173 499 467 478 397 357 406 369 495 453 464 505 440 437 540 434 451 512 428 377 552 496 554 383 394 381 358 536 486 379 409 443 385 551 457 362 424 351 472 445 365 549 408 349 444 426 477 507 415 516 469 570 398 459 533 447 404 535 399 420 498 384 364 356 460 532 508 518 545 454 511 402 476 441 568 468 350 501 425 558 400 480 380 393 543 401 433 386 348 462 387
368 354 531 543 383 481 397 562 429 547 382 489 422 458 377 372 470 369 474 426 522 351 467 480 568 530 449 173 405 455 539 448 454 359 442 541 563 396 535 468 501 425 546 551 476 380 361 358 450 564 534 34 441 427 477 549 508 393 349 478 365 466 571 554 403 463 509 453 367 390 424 443 421 516 469 459 519 399 518 364 529 198 410 510 540 357 435 490 499 572 371 360 491 407 362 558 379 548 570 565 355
369 556 403 460 352 387 474 535 557 545 478 511 463 404 548 34 449 413 502 547 394 414 480 517 488 445 361 489 396 410 366 470 508 515 418 367 374 408 570 490 519 448 420 451 434 530 481 521 363 388 417 368 402 465 500 461 493 458 378 446 507 400 496 546 353 385 432 373 562 173 537 436 382 487 375 533 450 362 506 390 416 421 354 412 423 495 482 534 372 409 491 558 544 539 392 349 512 383 428 444 504
370 405 468 453 435 522 466 354 443 478 568 396 467 530 474 562 481 539 361 447 449 504 529 429 571 541 543 572 379 433 358 499 349 383 406 531 372 554 377 411 356 399 533 498 34 410 476 534 472 454 477 407 437 418 485 382 512 371 440 470 501 528 459 380 198 348 518 546 375 364 441 545 422 549 510 532 421 489 455 390 401 386 359 480 491 564 384 403 351 173 450 393 448 369 547 427 357 505 490 442 519
371 397 359 367 506 450 438 557 510 563 455 418 355 522 481 388 541 485 528 496 529 547 489 354 531 566 548 544 452 504 435 410 396 523 569 429 451 502 470 426 490 545 382 500 539 487 521 434 389 395 474 421 546 390 475 394 478 419 403 407 433 414 375 361 373 365 555 480 446 387 405 349 372 497 402 422 507 400 173 568 565 420 385 416 350 471 515 374 534 430 449 425 508 391 417 408 472 526 543 493 567
372 414 469 496 173 551 357 34 435 533 427 430 425 436 431 505 451 472 465 552 554 464 420 365 511 423 462 440 445 471 439 428 388 434 512 510 494 424 381 437 387 572 379 378 549 384 520 406 542 377 513 441 438 493 498 433 368 419 373 553 407 495 527 561 486 404 563 518 389 487 499 412 528 558 383 516 492 385 394 416 509 473 514 352 478 453 477 456 488 398 536 390 534 395 375 397 532 369 411 484 508
373 529 562 466 568 454 470 372 435 468 369 433 359 522 572 386 358 530 453 449 429 401 481 467 371 531 379 447 406 442 499 411 532 356 405 351 407 382 510 486 437 534 361 571 455 528 399 459 418 552 462 410 521 549 393 540 349 485 498 555 504 403 362 380 384 464 469 457 381 443 518 551 541 480 490 476 364 396 458 354 389 489 516 564 474 198 424 357 350 448 377 365 491 173 509 557 533 505 495 426 547
374 468 382 562 437 369 453 379 443 383 467 489 564 498 406 474 358 530 476 499 448 532 359 455 447 572 450 393 470 377 386 411 380 466 501 401 543 372 351 541 403 454 442 481 477 384 509 480 405 554 356 371 449 571 546 396 399 435 441 364 531 518 198 390 349 490 429 529 549 485 427 522 459 469 551 381 422 491 464 361 426 539 425 519 354 478 34 357 457 547 552 516 397 407 540 389 424 355 568 555 458
375 549 198 562 349 173 427 359 534 364 441 351 508 34 476 501 399 564 570 418 530 568 478 467 459 510 555 429 393 480 474 405 477 504 522 531 410 442 422 449 397 454 365 528 448 535 396 369 424 481 490 557 355 372 554 558 502 380 571 403 426 563 455 414 516 446 457 458 546 491 518 361 540 489 509 470 466 450 357 371 541 463 533 482 547 486 495 382 358 381 354 507 385 543 551 496 529 565 407 544 505
376 449 562 480 435 468 534 541 549 504 379 356 543 571 433 443 411 459 528 476 380 455 407 540 454 529 453 464 382 349 554 485 518 498 198 393 383 466 469 377 530 173 564 384 386 533 389 399 351 357 401 470 477 422 572 421 472 371 359 424 501 522 364 509 516 406 552 510 532 508 441 486 457 381 358 521 427 429 34 447 474 547 403 569 499 437 551 467 369 478 445 512 425 462 440 505 539 375 490 563 555
377 552 173 464 384 427 549 350 462 529 429 433 412 541 394 510 452 474 481 546 414 555 407 494 426 543 528 504 363 391 476 563 460 409 418 508 522 496 565 355 485 354 534 471 352 372 455 544 446 353 566 497 382 368 367 198 397 502 392 434 483 404 514 364 487 545 547 521 519 421 428 539 531 557 431 374 408 438 492 493 568 489 488 425 523 490 432 511 465 503 466 366 536 533 525 448 439 559 548 526 475
378 477 485 481 449 382 562 466 470 372 354 380 435 543 486 541 571 531 407 424 530 361 429 369 454 504 472 568 480 397 522 355 518 554 467 474 509 547 468 457 357 364 396 447 539 563 533 489 399 529 549 421 459 528 411 455 422 356 453 379 540 564 405 390 505 551 359 555 410 358 351 519 393 572 427 443 499 469 401 516 476 418 386 501 381 510 389 450 384 441 448 433 377 557 442 535 371 498 437 198 173
379 510 455 433 350 429 452 552 533 504 365 502 418 438 426 514 390 528 425 444 541 408 466 372 473 413 374 539 553 523 555 403 394 568 500 524 521 566 544 446 445 367 363 360 376 526 400 366 407 471 173 415 492 422 412 451 558 565 432 392 421 355 507 487 430 427 561 542 370 359 563 465 511 419 461 397 414 470 384 569 546 387 420 497 531 520 436 495 382 515 535 517 373 513 527 488 354 458 567 402 464
380 552 384 464 352 414 462 530 428 474 490 361 507 517 489 495 502 519 533 353 413 394 438 535 471 494 511 378 391 436 412 512 385 482 475 472 452 460 461 432 450 415 492 521 434 404 500 536 431 515 548 365 525 538 465 446 402 545 408 409 451 396 481 403 376 390 362 173 504 448 375 363 526 539 566 559 374 355 463 420 496 571 569 557 488 429 483 558 514 387 388 493 350 556 470 522 484 524 487 410 570
381 474 530 396 462 568 502 556 478 384 557 372 472 410 533 490 548 512 552 361 522 365 412 355 546 481 405 489 519 404 500 367 545 394 34 529 494 385 464 409 558 445 414 535 547 352 569 536 539 421 461 482 434 450 448 362 487 543 463 471 173 388 422 525 387 565 408 511 495 446 508 465 460 418 375 391 566 382 431 467 451 534 413 521 491 570 429 416 428 475 402 496 353 488 390 426 466 523 526 356 492
382 425 451 512 34 520 508 569 427 534 540 473 374 428 554 544 467 511 448 552 545 524 496 464 173 471 378 404 505 362 413 384 478 495 493 440 536 572 363 513 420 449 558 349 506 492 426 517 368 405 414 417 377 482 350 494 465 563 566 385 398 434 423 479 456 526 409 390 447 549 462 538 383 353 394 516 416 502 433 369 357 386 387 371 533 391 483 392 438 446 401 459 480 525 486 365 445 561 406 491 477
383 552 384 464 173 427 350 549 529 485 433 462 494 394 429 414 510 528 541 563 426 481 412 474 418 409 555 407 460 546 397 354 497 355 368 504 508 452 476 543 363 455 522 352 536 496 557 374 502 471 391 439 544 438 364 547 519 483 198 568 565 514 521 367 525 533 566 526 404 472 511 465 353 416 372 531 382 432 489 446 493 405 431 434 534 428 425 545 539 548 410 385 387 419 477 466 503 369 351 393 401
384 383 377 349 562 380 491 359 435 487 418 478 508 397 509 459 410 356 360 389 557 411 405 381 424 382 551 490 541 472 387 534 518 544 388 372 467 442 396 440 516 357 420 438 468 569 385 536 556 445 554 568 451 444 479 495 434 521 390 530 545 365 458 492 502 466 548 507 432 452 469 400 510 461 486 408 421 394 367 470 379 34 462 511 454 447 415 506 354 555 523 352 539 374 570 465 358 422 428 430 395
385 554 397 455 481 489 568 485 429 418 361 396 359 389 505 474 357 410 539 547 512 355 555 380 384 34 491 382 435 407 403 451 543 450 367 522 390 369 490 381 422 556 486 421 518 372 426 546 531 510 534 477 563 552 405 516 383 469 493 173 535 504 365 529 459 433 424 457 509 541 466 502 508 458 551 565 462 472 362 440 416 371 354 375 356 528 464 548 564 530 452 350 460 557 514 394 521 377 533 442 445
386 365 510 433 426 418 359 455 360 470 546 555 403 445 548 502 539 556 450 519 452 438 528 558 489 553 414 396 565 444 425 458 382 397 350 531 373 471 492 390 173 514 533 387 374 463 495 541 552 547 568 422 34 405 388 427 428 500 355 504 520 415 436 400 523 442 451 429 354 383 497 469 367 513 421 394 487 376 366 407 535 563 524 435 412 561 361 402 496 544 482 465 566 570 377 461 408 507 475 542 537
387 369 554 543 407 568 396 474 505 477 372 384 466 510 358 516 355 518 522 571 531 359 490 433 532 485 406 499 403 455 382 361 546 442 509 540 357 551 435 448 533 383 467 354 386 389 504 534 470 401 552 429 379 528 454 446 529 381 380 371 547 424 486 480 457 350 530 356 562 198 481 351 464 367 519 572 453 458 377 418 469 459 541 557 450 476 535 491 468 512 437 410 447 549 411 564 399 563 440 498 364
388 466 543 455 529 350 485 477 372 371 449 34 458 534 384 467 571 510 469 572 397 369 407 480 433 459 504 470 551 528 426 518 531 357 522 505 429 464 541 516 568 425 549 490 457 411 351 546 562 468 358 435 476 554 405 364 422 386 382 381 442 406 356 564 563 448 380 443 532 502 198 399 401 355 478 396 403 359 555 512 552 489 501 454 424 365 509 383 379 533 498 393 539 530 508 377 486 521 548 547 453
389 530 529 356 533 472 571 464 489 474 478 495 384 502 539 411 367 471 552 462 466 543 361 569 385 556 490 568 522 34 420 467 470 558 173 412 443 421 394 436 372 405 504 434 429 508 549 410 407 396 547 535 562 448 487 480 371 498 362 355 387 428 468 423 352 364 365 451 413 565 523 453 198 519 546 507 432 531 536 463 444 461 450 528 481 431 391 402 382 496 358 479 454 446 544 426 427 349 534 418 570
390 470 543 469 495 445 379 459 462 544 365 427 534 435 535 562 464 362 173 350 406 552 382 540 532 385 426 384 519 468 499 480 449 422 451 380 526 369 570 355 372 386 360 463 433 371 508 563 555 511 418 529 448 401 569 536 453 416 438 549 458 357 537 356 409 494 541 398 571 521 510 512 504 404 460 403 444 498 420 477 490 478 551 516 528 507 442 471 557 518 394 506 467 407 505 389 410 474 432 485 500
391 447 377 449 562 543 531 361 477 571 418 435 383 380 509 405 472 468 533 356 554 480 467 459 541 382 454 518 457 448 349 466 568 478 358 397 470 440 485 442 516 433 369 453 351 564 399 403 413 348 424 547 499 389 529 437 549 381 498 422 411 505 551 371 354 427 379 425 486 198 530 410 364 443 522 393 421 476 501 360 469 510 357 429 372 355 528 450 406 396 441 572 519 407 463 504 532 384 390 445 34
392 522 481 530 466 429 354 531 449 377 470 361 411 474 406 499 467 356 379 382 358 359 568 489 455 369 529 372 407 442 447 383 485 435 533 562 348 532 410 571 510 543 380 572 546 351 547 519 418 480 437 563 490 454 518 534 349 450 468 405 498 355 504 555 433 509 528 472 549 478 397 396 422 448 457 386 384 477 554 367 401 424 393 459 535 357 551 426 389 564 516 390 491 365 399 539 540 453 486 364 360
393 504 365 407 433 553 446 458 528 514 375 426 404 510 402 430 520 397 460 405 490 409 541 428 487 360 482 529 526 374 429 491 445 418 515 398 422 434 494 548 493 419 496 539 366 383 438 400 506 444 455 543 353 556 508 363 475 523 413 361 415 558 569 507 495 535 511 478 492 568 394 421 355 367 521 350 376 563 538 566 352 377 456 542 502 555 461 368 513 473 388 481 442 531 525 431 545 533 519 505 570
394 467 562 383 466 470 572 377 543 407 449 418 531 468 504 369 530 522 442 564 454 361 453 358 455 568 458 380 481 351 541 510 379 435 406 359 448 519 571 389 367 501 518 437 381 555 413 396 528 533 382 469 356 372 509 443 447 433 535 477 457 547 529 198 348 405 424 474 505 441 354 486 499 371 569 557 415 554 551 425 384 476 485 397 429 399 459 549 403 422 532 489 498 357 393 563 516 410 364 401 411
395 477 543 562 531 405 568 470 530 485 349 468 198 359 358 355 476 549 372 454 356 371 459 399 403 554 464 478 529 474 518 447 411 453 442 571 466 427 519 533 384 501 429 441 480 508 407 382 364 443 490 455 410 383 361 458 351 380 516 481 491 379 534 505 449 396 489 528 563 546 498 564 552 486 504 393 377 440 557 472 433 457 357 173 435 510 450 425 446 539 502 381 541 522 418 367 547 555 469 424 397
396 440 427 352 173 508 464 541 469 540 424 349 381 365 451 420 549 569 534 493 486 492 563 430 536 471 387 478 516 480 537 409 509 544 552 494 369 496 385 560 487 457 505 479 551 473 357 512 34 384 520 419 495 503 559 526 521 370 518 371 434 386 394 511 484 472 444 462 414 439 483 389 456 554 375 380 400 436 459 428 198 401 351 404 566 454 506 477 353 411 421 363 350 465 402 438 558 431 398 408 433
397 530 371 464 533 490 384 552 356 494 385 562 443 498 404 453 34 569 549 411 383 198 173 512 368 367 416 499 472 536 352 362 462 468 491 493 532 388 535 358 377 398 361 446 409 431 526 413 375 393 525 511 501 564 473 461 386 476 448 401 399 415 560 372 539 427 441 378 391 565 556 437 454 534 543 365 480 353 474 445 379 406 521 394 364 558 429 492 434 571 478 350 488 517 559 537 414 351 479 465 467
398 562 549 481 468 539 466 543 477 489 522 470 547 530 474 531 354 351 173 397 534 427 382 399 429 407 568 349 467 405 504 410 476 508 372 393 448 571 449 478 480 359 455 367 34 441 356 563 454 490 198 396 502 426 491 501 459 442 529 390 510 443 369 364 548 418 411 485 358 355 555 541 546 464 564 435 379 458 361 528 453 554 406 422 434 447 357 371 383 516 572 535 446 377 421 558 380 457 403 499 424
399 446 375 504 458 433 365 490 428 494 514 493 496 430 353 404 521 415 419 507 366 491 548 398 482 553 400 487 413 535 515 483 506 460 397 523 569 407 520 421 422 429 539 566 510 360 395 450 408 426 526 367 445 492 383 555 438 414 503 525 528 456 502 402 394 350 488 388 391 541 434 455 352 361 378 449 519 420 556 444 484 543 418 517 513 363 372 481 370 463 557 461 544 511 431 423 436 529 377 374 495
400 468 543 198 489 530 549 477 476 466 562 459 351 541 474 399 407 406 361 369 379 435 427 467 522 453 449 454 396 358 572 464 384 359 501 442 470 393 372 571 564 355 418 382 568 405 519 386 349 410 547 529 433 371 508 367 364 447 380 401 403 443 481 455 504 458 480 552 354 425 356 441 509 478 557 485 457 534 499 554 528 448 563 533 429 531 437 411 516 518 569 357 381 498 173 452 486 532 510 490 505
401 365 510 359 360 445 433 502 555 403 418 450 470 426 519 548 425 438 458 452 556 546 489 397 553 396 444 414 382 436 455 558 492 514 387 568 405 469 539 496 383 495 390 373 528 523 374 471 173 565 541 422 388 427 533 463 520 350 415 367 442 552 487 354 497 400 451 377 394 34 421 531 513 366 428 547 355 482 435 505 500 561 408 544 535 376 507 537 504 524 349 566 570 475 530 361 551 563 440 412 424
402 466 522 571 485 459 393 518 369 364 358 380 477 403 568 534 349 435 441 501 486 529 476 350 447 468 429 491 426 474 443 462 405 411 396 554 453 530 551 562 433 399 406 351 498 359 367 541 490 564 505 572 379 371 357 502 389 437 198 356 455 499 557 549 532 516 467 381 531 509 386 450 454 569 385 410 504 519 481 449 512 424 470 508 528 533 377 489 446 401 383 173 382 539 375 457 440 469 372 390 540
403 508 369 421 545 532 556 451 480 534 569 540 521 365 448 541 173 440 539 563 401 495 386 462 487 498 413 379 514 360 467 453 385 444 511 427 549 536 406 499 349 415 533 529 352 486 512 434 473 387 414 437 543 357 402 496 420 449 358 34 492 456 572 380 353 364 571 560 464 493 443 472 558 375 465 362 442 505 537 445 395 371 520 469 567 425 411 430 408 479 198 478 441 428 544 570 431 394 374 509 484
404 359 449 529 477 397 454 369 466 516 198 411 481 562 522 382 485 568 364 489 429 531 564 356 435 351 541 459 476 442 469 546 474 399 571 393 354 358 480 381 424 377 534 380 554 372 557 504 518 470 383 505 509 543 361 396 441 501 530 426 407 510 547 367 455 422 348 570 533 425 539 453 555 457 490 498 468 390 410 551 357 418 447 406 458 549 528 173 486 508 405 443 563 448 519 433 572 472 403 450 389
405 535 367 560 370 490 489 494 521 571 432 504 465 558 471 413 540 384 420 537 445 479 440 395 421 352 424 569 552 482 448 462 362 514 441 492 495 446 493 350 382 536 354 375 416 491 458 391 503 512 551 497 548 381 357 469 389 398 507 393 460 559 409 383 449 394 419 483 547 565 422 385 464 570 368 408 430 363 353 553 435 477 487 509 538 532 452 401 388 474 480 359 541 501 402 386 433 461 518 457 516
406 425 502 360 426 555 558 446 546 439 552 367 510 452 465 372 418 359 394 445 531 497 566 514 444 350 374 173 390 365 403 541 400 392 460 479 428 438 408 528 427 387 511 556 429 492 419 513 539 354 455 520 489 523 525 504 473 487 517 434 543 553 421 537 563 430 458 567 485 422 366 570 382 538 397 363 484 507 470 544 388 370 503 402 471 412 508 416 432 373 500 526 496 569 396 519 547 561 568 423 560
407 511 34 408 422 512 428 394 495 360 364 383 377 393 387 564 359 444 365 557 461 492 501 572 413 445 351 545 560 352 173 462 420 537 198 488 503 348 454 517 432 484 440 450 558 438 525 388 425 443 479 544 532 378 468 447 410 372 496 441 385 448 493 559 509 465 398 414 400 562 499 379 526 389 568 442 456 415 423 399 500 376 358 419 542 478 535 570 453 518 412 536 404 452 513 451 556 371 382 520 353
408 543 407 571 522 530 481 547 531 429 358 359 477 379 442 467 411 369 491 466 470 455 485 449 568 435 448 562 406 410 380 458 529 516 367 510 519 474 354 433 377 405 356 528 498 486 34 557 534 384 499 490 399 572 505 504 361 403 396 563 450 480 381 357 422 173 457 351 489 349 464 459 372 424 198 383 454 554 501 541 476 418 478 453 509 441 472 401 382 371 348 389 355 551 558 364 386 518 437 393 469
409 449 568 470 354 361 383 562 489 480 481 377 173 396 531 477 549 450 563 547 359 554 543 467 485 410 429 425 418 530 474 422 458 528 551 397 367 382 442 490 519 393 405 555 381 516 469 380 522 466 502 365 459 351 427 509 454 424 443 507 455 541 369 510 457 546 504 548 468 518 358 441 435 390 478 508 407 415 557 529 453 535 403 421 491 384 355 379 571 349 564 198 413 534 399 501 569 372 364 406 476
410 541 464 552 427 534 472 440 433 419 384 551 357 509 431 173 477 479 563 533 516 369 469 381 350 434 540 571 385 549 528 462 409 414 478 375 407 471 518 457 425 473 508 371 356 559 484 424 408 389 566 398 449 444 349 456 485 537 496 558 383 442 503 560 446 554 480 486 520 459 436 488 451 421 521 34 430 353 492 495 561 352 512 553 538 504 523 400 494 564 411 505 493 567 514 404 380 458 483 392 506
411 552 537 445 535 418 514 502 173 350 465 507 397 413 404 384 570 446 389 496 541 427 363 463 558 493 458 408 545 425 426 489 560 362 497 546 526 360 365 534 464 392 519 452 487 421 548 508 512 482 414 492 539 376 555 419 444 566 359 430 524 354 361 547 513 543 561 388 355 460 372 494 559 542 495 556 374 396 428 435 469 473 544 402 531 403 523 429 471 481 515 366 538 395 410 563 415 434 373 370 450
412 377 383 457 554 509 361 449 468 424 380 381 516 389 459 477 562 551 505 372 480 448 571 572 518 379 357 486 530 369 407 358 485 532 499 447 519 541 453 426 406 469 481 467 356 546 397 454 437 443 429 359 405 386 474 547 411 522 354 543 489 401 450 390 563 382 349 498 442 540 435 350 534 508 504 410 371 458 351 568 531 470 384 466 535 396 433 539 403 446 348 445 472 564 491 463 415 552 421 528 375
413 485 549 449 356 459 468 477 528 411 554 405 369 571 455 34 529 407 382 433 474 510 380 379 504 359 472 480 533 403 518 426 541 490 173 509 457 563 443 476 397 486 491 501 399 496 478 394 453 466 551 469 429 564 427 440 516 349 446 425 522 357 470 358 364 424 540 464 435 389 441 543 350 393 489 372 481 568 198 418 572 391 521 348 557 498 458 352 434 482 444 454 494 539 569 409 555 546 351 381 406
414 568 372 383 354 448 380 466 470 377 467 522 531 447 468 562 547 369 498 433 453 491 429 499 571 356 382 543 410 509 518 541 361 490 504 440 407 454 386 403 435 455 489 396 411 437 381 357 426 401 418 358 528 375 535 529 379 371 399 532 516 443 477 424 572 450 462 557 510 442 539 546 457 569 349 397 359 355 476 533 459 406 521 486 350 502 519 458 481 367 508 472 501 530 463 364 474 446 441 534 554
415 502 426 529 480 541 349 546 440 433 536 459 540 359 350 518 434 549 399 455 489 543 355 528 380 490 512 498 403 429 522 485 476 467 453 379 510 474 534 407 435 491 466 468 470 446 443 477 397 569 501 508 554 472 420 367 364 449 571 394 458 493 568 519 557 537 372 384 531 386 393 539 357 572 441 552 548 533 454 409 411 173 471 509 424 405 198 356 401 545 358 565 427 410 516 564 521 504 351 464 505
416 531 522 470 562 397 466 481 405 429 467 568 448 482 529 547 478 383 519 426 372 382 442 369 463 354 571 504 510 365 361 554 390 358 495 486 477 406 433 34 498 572 377 458 385 407 371 533 422 424 518 468 425 453 539 443 501 546 381 543 396 457 551 509 384 411 410 349 437 565 413 362 356 355 399 351 364 459 516 415 552 455 441 511 350 449 512 403 528 418 380 542 198 427 476 360 450 379 541 173 545
417 562 466 529 531 485 477 522 568 435 481 382 369 555 361 429 554 518 489 455 359 530 470 510 442 355 358 547 354 459 474 372 396 403 468 449 467 454 509 486 410 504 447 377 371 424 351 411 406 549 357 407 380 469 505 433 397 457 453 533 571 356 405 528 383 399 548 519 379 502 458 516 491 551 572 499 384 198 539 463 173 381 490 34 532 498 464 564 535 426 441 448 367 418 480 393 546 501 437 427 476
418 449 446 480 499 540 491 498 411 384 464 471 505 379 437 383 476 394 173 356 377 371 469 479 386 385 532 468 571 375 552 516 440 369 401 427 459 511 391 462 502 406 484 534 443 409 536 454 351 572 490 422 447 348 421 551 358 198 495 501 350 503 393 414 453 364 487 456 512 472 564 485 441 357 492 365 518 390 477 509 400 566 445 457 482 558 486 413 352 538 543 438 399 381 372 549 366 407 424 404 525
419 530 467 562 410 568 466 571 429 454 489 355 474 354 522 349 529 533 399 396 372 470 557 499 351 504 481 443 361 490 543 406 198 411 572 405 539 534 453 407 531 383 447 393 510 547 379 371 476 519 478 498 34 364 535 448 558 356 358 382 464 556 449 173 441 549 501 359 468 362 546 437 455 541 502 418 528 450 508 564 570 403 565 555 377 365 427 480 532 495 413 415 482 548 445 401 433 390 521 472 458
420 481 359 529 555 562 470 396 547 531 372 450 361 427 405 429 435 568 466 407 571 382 389 530 464 369 504 384 552 354 549 422 349 449 34 522 489 533 362 534 403 478 474 543 173 433 519 508 355 415 510 546 491 485 367 380 379 539 505 490 502 350 558 476 499 468 364 399 441 448 390 198 371 418 459 463 570 521 447 434 352 548 498 457 454 351 411 458 452 467 410 393 518 437 486 535 409 532 453 413 564
421 562 519 361 403 470 354 540 474 498 490 530 468 426 405 453 34 478 443 435 510 551 491 518 389 512 486 458 448 357 547 555 418 411 437 385 467 377 489 557 469 516 499 485 442 532 501 451 369 399 379 406 440 381 359 365 371 459 531 396 356 384 410 534 568 509 477 438 471 447 472 439 446 355 198 424 452 564 548 572 349 432 393 409 364 352 505 378 475 434 488 401 464 571 552 386 457 484 454 433 481
422 433 533 407 426 534 549 462 569 476 453 364 441 554 198 501 457 439 351 368 487 468 532 409 471 420 493 511 375 418 440 469 552 521 451 424 454 385 494 528 379 564 508 390 526 352 472 488 405 430 473 393 509 445 399 443 356 406 483 572 349 404 502 386 388 485 381 551 353 446 479 394 535 408 401 540 482 478 464 371 448 467 477 437 486 384 431 358 428 516 427 434 391 491 380 560 416 378 503 173 357
423 372 481 543 522 562 429 531 449 568 361 504 359 382 474 466 435 470 407 547 555 354 571 459 369 510 389 480 476 490 549 485 433 396 489 554 468 454 380 351 406 355 405 563 546 399 548 397 505 410 534 448 477 424 442 418 518 467 486 530 367 349 499 379 509 539 572 384 533 528 541 519 457 455 403 447 198 551 529 532 364 469 356 437 535 458 173 411 365 450 357 358 564 371 383 501 441 463 393 440 478
424 474 478 557 396 462 530 568 490 384 372 552 405 412 556 448 548 362 546 529 464 535 365 500 495 378 355 502 404 512 422 545 410 488 367 558 482 521 507 508 375 436 491 472 533 409 394 489 517 463 487 566 519 352 461 569 494 534 522 413 465 460 385 414 34 446 571 526 536 525 450 481 387 547 421 543 496 415 391 403 511 408 418 361 570 468 388 451 559 443 428 416 467 538 565 426 417 493 423 492 431
425 382 499 429 522 406 372 466 572 531 568 467 437 462 546 435 494 504 532 481 498 455 571 502 548 379 433 535 547 489 569 470 411 512 510 409 401 530 539 407 556 359 446 410 472 562 349 519 426 474 488 354 386 453 555 541 383 355 529 388 491 493 495 413 468 448 377 352 557 361 533 394 487 365 403 404 480 396 454 351 356 369 368 440 536 367 540 380 528 418 450 509 441 371 416 400 391 422 438 463 443
426 530 562 478 499 383 361 494 379 422 470 474 377 349 415 406 468 386 532 449 557 453 359 545 173 540 498 365 443 558 421 535 198 401 356 411 382 393 413 466 572 512 480 447 482 511 360 549 368 390 437 385 416 425 526 371 454 388 435 493 450 491 505 485 427 555 448 476 414 352 489 463 367 496 539 487 362 404 490 375 402 472 501 460 399 536 434 564 571 567 486 398 548 484 523 34 551 412 446 403 441
427 377 383 466 490 474 396 522 491 410 548 529 382 367 372 455 555 359 547 375 429 448 356 504 470 361 481 539 420 531 568 462 536 571 411 519 535 472 390 418 541 354 562 546 532 352 398 403 510 538 446 432 406 557 400 433 494 413 533 499 426 518 409 450 569 444 528 502 442 537 397 437 489 435 379 473 572 521 500 556 355 493 445 386 452 430 509 453 401 479 560 498 456 530 395 565 422 458 362 407 389
428 543 407 382 476 571 380 454 470 351 372 541 399 356 474 509 354 522 546 562 364 437 367 498 490 359 466 533 501 441 406 564 429 455 393 377 505 383 499 457 358 518 504 396 519 480 389 357 435 369 449 411 489 447 386 355 403 198 528 547 468 448 532 481 568 384 422 348 350 530 516 424 401 531 557 440 572 379 554 381 365 349 491 453 450 459 540 486 529 397 502 477 371 421 521 569 549 539 458 426 445
429 377 434 425 383 34 445 379 477 472 511 468 462 357 465 536 427 542 440 538 435 549 459 567 385 419 362 420 469 408 496 572 451 404 526 513 453 495 173 534 520 414 505 356 499 487 423 368 375 493 532 485 392 443 556 416 409 358 365 436 348 537 417 478 398 437 198 517 378 566 439 415 507 430 557 515 371 558 512 389 461 428 406 498 448 454 456 508 561 413 431 559 447 494 471 393 441 388 535 527 551
430 562 372 522 449 396 359 530 568 354 476 364 547 399 543 478 501 474 173 361 198 393 546 489 448 429 502 481 467 555 358 411 463 422 405 564 379 406 571 34 441 531 480 519 572 466 410 403 535 427 442 383 532 355 435 351 470 549 384 458 365 464 407 490 371 382 540 349 533 356 421 377 447 450 369 426 415 498 454 499 362 437 565 554 521 418 389 455 570 552 510 491 380 459 548 445 518 386 534 390 504
431 568 372 530 467 410 543 448 562 459 481 449 468 454 397 522 442 351 380 354 516 457 477 383 435 554 359 455 429 557 509 466 377 355 474 541 198 361 572 504 357 447 489 358 547 396 369 470 403 405 480 531 518 422 389 379 485 443 381 399 349 453 450 564 540 393 424 418 535 371 382 490 571 463 549 519 364 529 508 486 469 539 570 505 415 546 427 534 528 563 406 390 551 173 555 548 362 413 478 458 499
432 405 450 505 173 485 554 568 477 407 518 478 480 380 530 543 427 383 369 468 474 540 549 379 384 459 562 443 491 377 446 355 548 449 198 476 382 481 389 470 464 406 354 358 534 421 349 535 453 552 499 440 490 469 361 547 34 532 454 351 466 390 445 572 442 425 531 399 435 463 501 424 457 516 375 393 357 486 448 529 437 551 458 410 467 447 381 397 487 386 533 356 472 411 502 403 489 415 509 519 498
433 34 383 173 379 422 491 377 562 410 445 386 454 530 362 501 487 393 351 535 461 564 358 540 348 359 570 399 502 558 415 465 414 446 532 413 444 425 401 198 441 448 557 492 572 474 499 447 364 372 545 536 489 388 387 440 450 353 482 460 467 478 484 496 512 488 434 376 511 373 427 451 493 382 365 394 549 500 495 508 420 463 542 462 517 408 556 390 361 537 490 443 354 519 370 371 391 352 385 405 547
434 429 474 351 455 372 568 547 450 449 410 470 572 509 505 522 504 365 466 467 415 367 369 531 359 535 557 382 377 462 562 543 364 380 564 565 396 384 539 389 501 403 433 383 356 355 481 519 350 198 571 472 546 463 393 406 371 552 468 540 447 354 361 533 381 489 442 437 426 448 476 360 532 454 444 510 512 498 457 397 528 541 362 554 486 399 493 411 422 421 548 560 413 453 558 551 420 477 536 357 424
435 365 384 464 544 372 552 533 460 521 451 543 570 429 508 425 569 420 471 376 404 417 390 370 560 473 487 462 443 520 391 565 478 378 421 514 394 484 529 496 490 472 568 408 524 350 362 385 480 373 482 371 556 535 356 479 511 400 444 414 571 349 431 363 423 426 546 446 517 402 539 415 567 507 498 387 558 495 513 466 467 427 541 405 542 502 388 428 411 439 352 522 440 413 436 455 407 173 409 453 448
436 372 522 531 554 477 485 543 518 562 380 481 539 429 459 449 547 509 389 357 467 369 466 396 424 489 541 401 555 474 468 410 504 435 448 379 572 455 386 470 540 447 568 486 457 548 491 382 355 354 399 397 530 480 358 458 361 516 384 571 367 403 505 198 442 441 359 546 476 450 551 426 371 381 421 501 446 393 549 528 490 383 557 469 407 406 453 351 510 535 364 570 350 532 422 564 444 533 569 377 418
437 502 535 418 365 425 555 173 489 558 510 539 552 374 372 543 445 570 491 446 367 359 504 428 452 546 458 465 485 528 429 566 394 439 508 421 479 426 403 568 414 360 350 534 363 460 537 519 354 517 427 482 397 434 480 547 442 455 492 470 497 569 549 556 493 545 560 525 473 520 487 463 366 464 433 553 382 422 496 538 450 407 451 481 391 384 531 402 526 523 477 495 561 544 412 548 541 355 527 419 469
438 467 480 543 568 379 529 532 466 562 530 371 572 349 477 361 380 485 372 383 522 384 358 407 386 401 552 464 554 406 348 481 470 489 476 354 382 377 518 448 198 468 499 393 429 399 396 34 421 501 390 441 453 510 449 447 418 405 457 369 549 535 533 491 443 531 454 410 364 571 433 458 486 551 425 442 424 539 462 356 478 540 508 173 359 427 474 351 357 455 403 437 459 564 505 557 498 435 541 411 519
439 572 349 522 562 467 470 466 489 372 458 490 354 504 406 530 474 481 361 383 422 533 359 539 448 568 555 429 571 437 478 449 396 455 468 499 355 543 541 435 447 377 382 532 510 480 443 508 421 358 548 547 403 496 351 34 454 528 356 407 453 552 367 379 464 549 433 534 441 502 452 385 476 531 390 450 386 384 410 535 519 482 491 557 401 411 393 529 521 405 418 198 472 501 446 364 173 564 427 380 462
440 396 449 455 504 448 510 522 528 410 350 555 530 535 355 463 481 429 474 529 361 372 405 466 570 521 562 531 415 403 502 382 490 418 491 360 546 548 568 367 489 407 359 384 523 470 422 433 414 480 533 547 495 571 413 460 421 446 391 362 543 557 450 467 354 435 365 475 519 558 485 518 565 451 425 385 377 572 432 457 539 477 556 552 563 458 426 500 369 383 428 442 540 498 507 482 554 459 445 380 469
441 365 375 526 529 433 422 405 548 372 568 490 521 528 504 407 360 460 458 446 428 491 493 463 482 517 510 429 496 402 494 361 404 394 397 481 569 418 430 557 553 355 525 541 398 353 547 507 474 413 403 409 515 535 506 539 415 449 514 367 438 483 377 426 420 487 456 396 445 543 546 383 536 484 363 410 395 419 500 489 523 368 502 425 451 478 556 374 450 566 480 408 366 452 442 531 455 461 511 400 522
442 533 367 464 552 494 352 493 354 349 541 394 408 462 536 466 472 445 404 571 556 363 508 384 517 443 510 512 537 557 538 375 366 506 431 488 34 409 548 535 450 511 474 484 526 465 407 353 539 421 387 416 521 519 355 503 502 458 490 492 427 410 417 491 467 478 448 515 547 434 504 403 400 391 562 437 173 388 368 392 414 482 534 430 487 398 446 546 374 396 356 453 395 499 559 560 481 386 373 379 532
443 535 365 510 397 350 360 555 536 558 465 426 552 502 374 435 421 442 429 418 519 539 460 497 407 570 458 370 389 413 419 452 548 489 359 446 463 367 469 394 514 376 445 507 566 415 409 403 537 492 455 546 494 422 433 547 354 432 372 471 402 531 482 491 414 545 543 504 556 528 388 439 444 363 563 553 475 493 448 522 398 495 480 355 396 520 438 431 490 569 400 544 521 527 424 538 470 395 505 487 404
444 552 534 491 499 407 349 519 532 467 474 572 379 548 433 485 355 472 530 361 489 549 568 450 508 356 502 406 403 464 505 384 528 554 458 198 435 386 562 396 462 533 411 410 359 358 569 401 427 367 448 369 469 393 478 364 476 434 551 522 173 443 490 447 389 350 459 390 354 477 399 452 357 564 481 413 565 518 547 540 468 510 470 557 34 437 382 529 535 512 441 351 466 440 405 471 404 482 546 498 380
445 467 541 411 529 522 429 455 433 356 498 349 571 449 390 549 531 572 372 405 369 407 468 546 350 401 478 568 480 453 386 442 437 533 470 528 466 406 485 364 476 564 384 504 379 472 530 551 540 552 532 381 447 516 348 367 443 454 354 543 198 393 508 539 521 509 358 491 422 458 490 464 499 510 382 489 403 534 397 399 481 459 502 457 562 355 427 418 469 474 351 396 441 555 569 518 359 426 554 501 505
446 418 467 364 564 549 399 356 468 572 198 541 546 454 393 411 452 571 351 551 406 530 510 449 433 543 355 361 529 349 377 528 405 533 477 437 501 470 545 499 489 480 562 397 358 425 379 495 518 476 448 443 369 34 441 359 427 466 558 509 453 383 380 348 435 516 508 457 570 451 413 415 485 521 382 357 360 410 440 459 173 536 472 532 375 432 455 479 534 504 557 387 424 422 563 371 350 486 461 498 442
447 510 391 528 414 365 363 458 514 355 555 500 506 433 535 502 524 489 350 407 426 481 418 488 546 382 455 552 394 445 553 374 487 429 495 548 507 531 370 566 558 452 517 402 434 173 538 570 419 567 431 456 367 482 450 439 475 463 428 412 384 527 396 515 392 504 372 473 559 395 492 373 520 378 421 444 474 438 470 460 490 403 471 360 354 436 400 404 465 544 451 479 352 483 397 359 417 361 420 526 491
448 549 359 440 173 485 449 484 414 528 563 469 531 427 382 518 480 367 34 569 459 403 472 489 365 537 458 431 502 493 540 492 464 405 496 433 352 548 424 350 536 487 526 369 471 553 516 554 363 486 555 394 450 439 407 505 416 511 421 481 446 408 430 374 513 477 412 503 551 470 375 429 483 451 546 488 565 474 397 479 514 426 533 389 494 455 391 398 510 380 387 544 438 500 442 355 368 425 457 556 381
449 418 440 565 409 462 413 508 482 478 404 448 473 542 494 552 492 376 361 349 353 450 526 394 445 430 535 355 369 378 568 536 391 465 426 452 561 412 514 512 493 500 446 388 511 434 521 527 362 382 456 431 352 558 423 366 463 559 539 408 483 506 392 420 436 566 375 515 569 537 479 439 405 354 400 390 403 410 475 524 34 368 534 487 490 370 517 497 398 502 541 460 455 415 488 557 525 489 428 373 495
450 508 534 540 529 365 467 449 371 432 543 420 480 459 409 541 486 434 478 521 401 349 469 569 518 528 407 572 386 444 512 448 471 477 380 451 533 433 494 352 563 385 442 520 516 356 501 350 426 374 487 472 455 462 369 457 427 468 549 495 554 381 538 551 536 399 440 447 570 375 488 466 408 414 405 357 476 509 544 424 556 464 491 360 389 358 453 437 411 552 553 564 513 368 173 364 498 542 362 34 425
451 382 522 547 466 354 539 474 396 372 435 403 481 562 470 489 359 429 529 531 571 546 519 490 369 555 367 477 385 450 384 518 552 422 459 502 371 361 362 448 433 379 380 491 390 446 421 568 543 468 464 499 407 534 410 389 504 549 453 476 457 449 480 440 386 442 437 551 516 541 530 424 401 536 447 560 381 394 441 349 478 548 406 532 455 486 415 351 434 383 570 509 462 535 355 467 375 505 554 427 454
452 379 467 377 532 480 383 446 453 449 498 358 365 406 554 477 571 34 386 437 356 485 487 380 534 371 457 568 543 443 499 478 401 518 411 569 468 357 348 508 490 384 459 447 407 173 405 349 572 516 462 563 466 486 427 556 502 539 421 464 536 514 549 397 444 540 509 433 472 482 455 528 505 541 351 473 385 441 362 570 420 469 442 375 439 425 522 512 369 491 529 364 503 495 424 558 451 372 521 381 400
453 365 535 502 397 552 555 510 539 350 452 426 465 429 394 363 414 173 370 445 421 558 422 367 374 458 489 471 519 360 460 359 403 536 455 497 522 566 413 494 446 415 400 528 425 546 507 372 490 544 419 543 481 492 418 491 553 407 531 548 504 373 527 475 355 34 482 487 563 480 514 376 402 390 391 389 537 517 404 463 435 557 547 427 451 412 438 569 442 395 520 473 409 538 511 479 496 450 354 432 469
454 491 482 353 553 433 404 528 484 428 490 446 523 419 394 365 539 510 520 373 407 456 515 500 475 418 431 524 472 543 512 455 414 375 526 350 460 422 429 378 426 544 478 400 360 483 445 565 560 391 366 511 363 566 409 504 396 395 529 538 496 552 494 376 397 485 517 533 398 384 368 434 521 387 473 508 425 507 367 525 462 497 522 513 563 374 415 506 548 405 514 423 488 388 417 438 487 408 389 412 527
455 440 379 34 462 427 445 536 173 535 385 388 495 532 371 413 425 477 459 434 499 383 353 511 468 394 386 556 491 465 377 490 408 562 512 508 496 517 557 534 415 505 480 487 453 572 454 472 364 417 362 198 357 374 414 428 352 447 387 439 485 479 498 469 431 406 558 349 450 463 448 493 376 456 392 443 401 368 549 409 506 449 398 494 375 545 404 446 542 437 356 435 393 526 507 436 518 501 467 566 525
456 562 531 354 351 449 454 543 568 358 549 466 361 382 504 530 476 429 474 554 522 396 480 407 372 403 410 470 455 418 355 468 198 447 356 489 399 510 564 427 379 435 441 433 459 533 547 453 467 481 393 380 519 359 501 405 442 406 411 535 457 357 173 464 448 369 426 463 349 572 571 364 499 509 371 437 424 540 383 458 469 384 518 397 477 450 552 539 446 443 555 541 486 377 534 565 529 546 498 485 528
457 530 512 412 556 462 474 569 557 536 396 352 502 500 365 422 489 521 568 481 472 525 413 495 535 410 452 478 494 493 471 353 431 367 548 533 34 539 428 522 394 490 529 446 547 362 391 450 545 361 519 355 565 465 461 388 546 537 448 566 409 375 571 482 445 385 418 405 492 378 487 382 511 434 526 552 404 408 559 558 451 414 387 538 372 438 384 524 366 517 359 488 436 440 411 421 515 403 562 508 463
458 393 439 549 468 34 364 529 512 399 448 536 356 394 447 411 388 453 545 173 487 564 368 405 198 409 443 534 437 498 511 571 401 569 421 508 369 441 478 444 560 351 566 384 408 386 462 499 485 480 493 472 442 501 535 445 532 406 372 568 558 415 537 466 375 390 546 467 365 349 385 556 379 358 410 530 474 377 416 539 427 430 526 413 522 464 404 500 494 538 552 567 440 400 479 438 387 477 544 454 543
459 533 472 552 413 462 384 539 352 466 530 429 390 515 448 511 455 450 464 482 431 535 556 507 415 404 361 494 375 568 481 418 558 365 560 461 436 400 402 536 512 412 510 388 521 451 356 502 488 490 519 565 571 547 391 376 409 465 487 396 522 359 473 489 353 452 354 470 382 423 366 546 545 432 350 537 446 421 474 367 395 410 500 445 385 355 463 492 538 569 526 417 496 543 394 493 398 529 460 444 363
460 369 435 383 377 549 468 554 467 571 501 572 198 173 518 443 530 364 453 349 380 562 551 532 466 358 441 476 406 393 454 433 533 485 405 569 522 351 509 437 516 399 440 480 498 411 449 486 564 499 359 356 426 505 34 367 510 424 477 502 540 490 474 478 528 459 489 390 354 568 381 447 541 379 512 464 407 531 429 396 455 427 385 450 556 384 357 557 361 472 470 539 534 375 529 365 469 442 462 555 418
461 477 485 407 433 522 554 459 380 518 369 541 466 549 429 568 543 469 397 486 539 562 552 528 457 381 384 534 510 424 489 357 379 358 490 481 509 405 464 505 551 446 364 372 389 449 529 531 356 399 571 455 349 359 470 516 396 468 476 406 393 198 441 382 447 467 435 564 491 386 563 540 454 427 403 532 504 371 493 501 453 401 443 480 472 421 411 546 458 530 362 383 351 533 572 570 173 354 440 462 350
462 377 531 449 383 516 455 570 554 477 470 546 505 459 429 381 424 571 380 457 425 563 359 510 509 372 427 528 489 486 360 390 389 407 422 480 442 523 405 518 555 469 403 418 435 535 397 410 466 365 485 558 481 551 522 569 534 434 543 504 382 541 173 568 519 396 444 458 529 533 530 450 502 549 508 433 463 548 562 361 402 384 350 452 553 414 564 454 369 385 448 539 514 426 478 358 355 357 34 547 367
463 569 440 349 369 554 541 480 411 571 365 534 549 508 449 490 551 498 356 472 533 443 441 198 357 455 543 426 434 430 516 433 416 563 476 518 462 424 390 386 468 464 478 380 528 381 467 459 447 521 383 358 407 453 512 375 350 389 437 509 491 486 377 477 552 401 399 505 420 379 485 572 457 532 34 427 384 368 425 364 499 538 502 393 536 469 564 540 394 432 488 173 431 406 446 494 456 501 414 529 442
464 383 377 410 380 359 397 396 435 418 509 518 491 442 389 548 490 372 382 562 466 554 360 459 474 568 448 556 367 555 502 487 390 349 420 470 541 557 531 510 424 356 357 438 472 411 444 551 529 467 361 381 569 547 522 508 354 388 516 400 479 538 405 539 403 511 445 534 536 451 365 463 395 429 413 545 376 495 461 535 530 450 352 432 465 492 379 437 422 512 572 408 452 449 455 468 571 426 419 478 489
465 522 531 429 562 518 481 529 478 372 411 405 468 449 504 453 443 433 349 356 406 466 498 455 571 382 470 532 437 474 369 554 407 359 383 551 361 380 510 442 530 486 459 457 543 505 555 403 379 516 568 480 377 424 467 572 396 547 477 499 354 364 485 546 476 533 464 469 384 381 397 472 435 447 355 549 489 539 509 399 198 389 386 426 390 564 541 490 365 462 350 357 501 393 552 528 540 401 427 34 422
466 427 496 353 365 173 566 388 394 451 520 513 425 542 526 357 438 414 419 417 492 459 552 362 373 404 402 439 557 549 469 464 508 398 440 523 378 487 420 392 389 511 472 360 505 471 379 493 387 465 442 370 416 556 408 462 434 535 561 445 400 426 484 475 495 538 534 567 570 519 480 460 456 428 536 461 507 515 517 500 446 514 413 34 423 350 559 409 384 537 415 436 482 366 431 391 524 488 497 477 491
467 438 394 446 445 419 452 552 492 366 511 425 382 450 350 414 439 521 431 491 555 567 444 365 500 367 485 539 538 497 352 469 460 408 375 409 566 384 388 353 389 494 514 374 434 416 484 475 547 517 403 548 535 519 546 370 570 503 464 433 415 398 430 436 421 493 359 400 391 368 363 524 483 392 173 533 527 479 360 490 487 489 387 442 520 435 510 531 537 560 505 526 378 440 561 504 502 465 463 534 472
468 535 374 552 502 510 400 492 365 429 413 350 446 370 558 536 394 465 414 426 398 458 471 460 445 418 527 173 412 421 455 497 514 507 431 397 515 376 494 422 384 565 531 563 407 363 528 566 522 391 520 504 360 373 481 524 395 452 390 432 439 544 482 543 539 415 519 352 450 570 475 473 34 354 434 402 456 569 425 493 451 438 388 463 436 506 389 561 546 487 513 496 555 483 553 433 409 378 490 559 368
469 474 530 546 372 522 478 396 390 529 533 448 568 361 558 466 502 547 418 429 472 481 410 467 404 462 450 545 539 557 388 355 490 571 488 511 512 405 422 362 394 494 443 413 536 409 461 455 421 487 569 543 489 548 356 384 521 519 531 572 359 385 500 367 525 552 499 570 401 444 411 403 34 352 354 445 556 504 482 503 465 412 493 508 468 453 376 517 386 432 495 366 565 437 566 541 532 492 387 498 446
470 508 569 390 511 420 493 394 409 462 365 541 421 426 414 427 520 487 563 439 357 534 34 428 451 496 514 540 532 554 353 416 352 521 378 369 386 471 434 524 173 545 502 398 425 401 395 477 482 492 408 389 445 570 464 373 512 446 544 494 478 368 419 465 525 349 480 392 440 503 506 484 536 483 404 537 561 388 567 495 448 371 491 523 438 571 423 374 415 417 549 473 456 556 498 538 459 479 505 542 552
471 361 359 568 418 474 562 478 405 354 396 382 372 468 389 466 435 481 470 377 349 355 380 529 383 448 453 422 508 543 450 571 410 457 547 555 379 532 558 530 429 498 386 505 358 554 443 486 531 535 509 381 518 411 421 499 401 489 406 522 504 572 485 551 415 490 539 546 447 533 557 449 371 459 369 384 390 362 467 491 477 510 357 364 352 516 437 458 480 521 528 444 351 549 541 34 407 455 564 397 463
472 489 459 546 522 429 410 389 173 539 372 534 516 448 552 535 469 351 502 34 466 427 381 570 531 384 359 444 397 474 442 508 413 545 530 380 512 457 362 490 435 480 463 391 495 464 454 547 541 425 543 445 365 455 354 383 491 507 548 524 396 557 367 542 477 554 571 519 555 509 378 494 450 422 434 558 424 458 544 518 403 415 418 481 551 560 426 361 357 565 350 446 529 369 482 467 568 363 540 382 486
473 449 382 359 543 562 480 379 474 435 396 499 519 410 354 530 403 397 372 361 547 459 470 406 355 546 422 468 429 489 427 522 531 349 476 411 454 485 437 447 541 356 467 571 554 453 407 518 380 504 426 490 357 568 572 405 442 532 481 548 393 351 452 498 477 389 478 369 549 198 528 491 358 505 464 458 450 516 173 418 457 509 399 472 534 529 433 421 564 443 552 521 510 501 557 386 555 367 563 384 440
474 427 469 381 516 424 365 486 569 509 369 479 511 471 451 533 506 551 563 377 383 434 440 34 426 380 457 389 536 512 387 357 444 528 477 542 421 349 464 419 413 540 428 553 545 571 520 439 385 554 537 472 505 473 404 433 526 552 375 495 398 508 409 494 487 173 544 430 368 374 480 465 566 534 478 549 521 400 392 423 560 541 561 559 442 456 425 370 523 415 503 432 420 510 448 353 570 408 431 352 394
475 529 358 467 380 466 454 543 568 449 480 356 468 351 371 571 476 572 448 453 349 533 447 549 440 433 393 383 377 509 478 540 443 505 364 198 459 372 421 472 564 541 501 406 173 569 516 34 455 510 384 381 410 532 551 464 437 477 399 411 386 441 457 534 401 552 389 427 405 554 407 379 522 485 426 518 486 498 504 369 435 469 362 418 528 424 570 535 508 397 365 382 562 429 375 545 558 499 512 357 495
476 428 365 418 377 375 526 383 430 422 404 361 515 400 360 445 413 374 493 446 460 506 511 456 415 535 569 512 568 398 537 397 544 495 438 376 426 555 520 566 507 528 395 536 463 402 494 475 388 514 500 556 558 560 473 419 434 394 352 423 482 444 510 450 432 465 513 367 420 570 451 548 497 489 405 442 410 553 368 34 521 414 523 539 557 504 433 408 529 503 359 461 462 481 542 370 484 363 421 496 531
477 530 365 533 378 461 490 429 462 413 404 493 545 537 494 352 395 455 410 507 511 388 409 492 387 559 436 474 526 408 478 438 398 519 417 535 391 359 452 502 366 522 470 552 487 432 446 400 565 512 517 482 521 375 451 568 450 412 569 360 515 489 562 350 539 363 556 448 431 495 349 402 353 472 394 385 524 372 500 415 496 361 481 555 466 367 383 405 560 542 488 396 547 355 382 561 418 508 484 362 421
478 535 426 350 357 489 469 424 384 449 519 495 362 369 471 558 465 509 512 560 389 569 396 505 539 552 381 486 367 382 477 445 354 570 450 481 375 518 421 537 540 551 435 548 554 360 504 470 410 528 432 430 370 474 429 359 457 452 531 555 547 416 480 458 439 433 413 556 502 507 493 454 420 510 372 521 543 564 557 363 516 500 391 407 571 442 398 351 371 497 463 419 395 533 444 403 494 546 475 409 377
479 474 562 568 522 531 418 354 405 410 543 519 361 396 490 480 481 407 382 554 510 173 563 384 406 435 437 449 529 530 455 448 547 541 467 464 470 504 485 429 546 552 355 533 446 359 403 491 422 498 482 351 572 427 34 453 489 397 466 442 555 499 459 389 468 447 549 478 411 426 458 369 518 356 454 532 357 443 528 476 371 535 433 415 548 379 372 399 505 557 383 569 444 401 358 534 386 571 380 451 540
480 418 555 438 362 495 354 482 511 361 526 521 452 562 448 403 409 359 450 352 415 396 369 463 376 515 462 445 473 512 355 514 519 565 413 360 375 544 479 510 446 572 404 481 426 472 474 455 432 435 470 388 466 557 440 535 548 489 478 412 391 551 541 494 390 488 368 456 568 475 492 458 542 561 530 497 553 389 378 484 382 460 493 496 428 487 552 398 500 410 430 397 465 437 524 405 423 453 536 517 425
481 420 534 536 383 508 378 357 569 349 554 385 377 440 513 465 544 516 451 398 409 427 408 404 494 423 425 512 392 538 368 496 371 469 365 495 551 471 356 431 478 417 394 540 511 439 505 459 358 416 541 436 369 506 457 509 520 462 479 526 480 381 558 563 447 514 419 487 468 448 430 549 556 438 483 434 492 564 542 521 524 34 370 380 375 523 488 353 453 517 477 486 352 441 472 493 545 498 537 360 461
482 541 454 449 351 480 531 529 530 509 518 459 564 562 485 405 198 470 349 380 571 382 477 364 357 426 528 543 435 416 399 433 361 441 359 563 546 411 424 393 468 466 551 356 498 369 437 381 549 516 534 447 453 457 358 407 443 472 481 476 418 442 479 499 486 422 469 375 448 429 501 504 533 413 452 401 554 377 34 354 467 523 440 386 384 383 372 536 350 421 403 450 444 385 379 352 505 397 419 390 552
483 543 562 530 348 383 449 358 377 522 470 351 564 399 448 396 481 454 467 571 382 405 34 355 555 422 466 468 477 480 380 489 572 372 354 364 549 435 441 369 531 410 411 485 447 198 359 361 534 389 474 547 393 443 356 437 518 509 541 501 455 459 424 406 510 349 453 379 519 407 554 476 173 469 551 568 442 504 418 426 429 384 498 486 533 458 478 397 427 546 371 450 570 502 425 536 403 499 529 401 528
484 448 568 351 454 361 354 407 418 467 435 466 530 562 470 510 410 433 442 198 522 396 543 480 564 549 571 534 372 554 358 533 359 528 477 356 355 406 383 547 490 426 403 380 449 429 369 399 34 535 405 455 441 531 481 397 474 504 349 421 382 541 489 364 377 459 476 563 447 422 393 357 518 546 424 450 501 411 572 457 499 519 516 468 437 173 555 502 427 509 367 570 529 485 444 478 413 415 508 390 469
485 365 495 383 413 571 448 507 378 565 362 521 535 461 544 385 388 492 404 432 545 512 530 467 417 436 377 570 482 444 352 533 371 438 572 429 409 402 490 539 562 395 462 452 445 360 408 363 437 537 351 387 487 415 559 353 522 460 556 542 560 552 455 502 421 458 426 349 410 359 446 479 515 499 406 418 488 412 391 454 420 372 514 394 517 524 422 519 493 473 440 506 558 520 465 423 392 513 376 471 508
486 530 474 546 396 489 547 557 462 478 490 450 519 569 355 502 548 378 543 535 522 448 494 361 421 413 372 367 558 507 403 556 533 385 529 461 412 465 365 402 481 570 382 517 552 408 384 460 545 394 512 410 471 511 566 500 359 536 34 568 426 352 452 446 472 416 487 482 508 387 418 353 480 375 434 463 422 534 571 537 436 488 417 565 464 404 362 526 525 493 492 414 373 455 445 438 391 451 504 538 354
487 384 433 568 470 571 361 489 562 522 466 504 396 509 429 435 477 403 464 448 530 458 552 543 422 547 551 452 474 455 531 555 481 377 399 359 485 372 411 541 34 349 351 393 469 447 355 369 459 450 519 371 358 449 389 546 406 467 516 418 379 480 424 426 405 572 453 528 381 425 468 529 498 564 510 457 442 407 382 518 486 365 437 354 383 380 356 364 441 505 533 534 397 401 410 454 198 350 499 357 386
488 543 531 369 563 407 571 541 469 447 442 529 459 489 424 433 425 480 448 530 372 422 481 466 554 522 485 477 377 547 562 449 429 410 450 380 357 474 379 505 399 568 405 528 397 540 361 403 455 454 504 358 356 467 421 518 457 486 411 470 384 354 510 453 509 516 472 381 393 508 552 476 427 198 367 349 468 463 551 390 464 396 34 385 359 555 355 371 362 383 539 564 437 435 401 491 382 532 415 440 570
489 533 472 520 478 511 349 405 385 389 540 498 516 508 505 486 353 409 437 487 439 544 451 380 569 462 448 419 404 369 541 526 398 365 538 534 400 509 356 352 425 536 457 440 523 444 532 368 411 512 453 496 537 374 513 371 446 447 415 433 492 381 554 524 386 443 417 420 477 521 430 563 480 357 542 560 383 488 568 421 414 401 503 362 438 558 406 495 528 459 469 426 436 424 392 467 551 556 518 427 499
490 427 509 173 397 571 477 545 549 552 405 464 558 380 424 564 454 570 531 439 554 352 505 540 546 421 384 399 486 440 512 389 360 381 551 351 34 495 497 369 541 455 479 451 485 441 364 413 469 463 435 516 472 418 414 428 387 415 535 409 419 385 572 557 459 350 393 371 494 452 562 453 457 536 449 375 467 349 442 388 520 538 526 445 426 521 433 198 408 542 448 377 362 461 560 398 357 423 513 510 493
491 351 549 427 552 384 571 541 418 454 433 173 464 510 364 564 509 444 365 361 531 467 546 572 533 543 198 414 440 455 408 437 352 397 558 563 350 405 421 385 570 528 512 355 34 399 504 413 495 441 536 472 569 470 521 360 529 415 426 451 393 424 519 425 445 466 453 442 568 561 402 369 545 511 448 420 432 382 375 551 560 443 514 496 479 398 497 450 477 449 555 557 463 499 530 494 409 565 544 438 501
492 562 449 468 467 466 572 396 568 407 485 477 361 530 543 359 448 356 433 405 382 554 470 571 522 529 531 541 489 380 372 384 406 532 365 411 379 481 403 480 386 453 442 377 474 533 443 349 401 418 516 399 547 437 369 410 499 354 459 552 563 457 355 528 429 397 447 464 435 555 393 510 551 509 504 358 348 198 455 486 498 383 424 469 472 519 390 539 381 518 564 508 367 364 454 357 427 351 490 476 501
493 562 529 470 571 568 477 396 442 522 34 516 361 449 382 519 547 448 466 411 356 399 531 429 397 405 372 501 359 364 546 355 422 407 541 369 476 543 457 498 441 528 383 467 478 433 426 351 504 458 455 548 425 403 377 480 468 385 393 572 481 173 530 198 564 510 415 427 554 551 490 558 485 437 459 533 380 555 549 410 570 349 443 518 434 469 509 435 365 534 354 472 406 474 499 453 358 464 486 454 357
494 562 531 383 571 449 397 426 405 442 377 425 541 364 477 481 359 396 554 34 568 372 459 399 516 357 380 547 467 468 522 470 382 486 474 519 457 505 450 351 504 349 381 480 453 422 469 518 173 427 534 490 551 429 472 495 508 448 501 546 528 354 441 393 476 443 411 454 489 424 455 563 356 509 498 369 358 407 355 478 390 570 410 564 499 491 403 543 198 485 458 533 413 389 433 530 540 510 549 362 555
495 485 549 349 543 480 390 478 407 455 529 389 547 533 380 356 563 481 528 382 531 429 403 367 490 548 546 405 359 502 474 554 522 466 396 424 457 472 372 446 568 518 491 509 508 534 384 440 477 470 355 530 350 418 447 476 489 510 433 494 361 552 425 519 536 435 450 369 504 540 411 386 449 541 505 555 401 410 354 34 379 464 532 416 539 393 562 381 571 377 375 443 498 397 572 521 437 468 469 459 198
496 466 372 562 547 359 382 531 522 470 429 481 411 356 519 396 377 498 448 371 399 383 512 354 489 455 435 518 539 367 407 510 413 369 571 433 351 403 501 357 441 504 410 477 543 426 480 454 564 355 364 361 393 536 198 401 380 449 528 468 546 459 491 529 406 554 424 453 437 555 560 533 485 530 568 389 439 467 569 532 557 474 540 490 358 457 375 350 379 551 476 381 499 442 548 386 570 472 502 509 516
497 383 468 467 490 498 377 411 443 406 405 356 453 572 351 34 529 480 449 466 499 534 531 478 549 437 379 522 504 491 454 568 371 571 358 476 477 530 386 401 532 372 502 447 349 541 365 198 415 472 399 442 429 481 547 448 564 364 501 535 173 562 533 459 361 539 393 410 382 543 407 548 362 508 485 390 427 569 563 518 441 528 446 420 380 385 357 440 426 540 381 554 470 516 451 462 445 421 369 486 556
498 418 555 552 535 445 397 489 502 558 425 452 359 426 414 539 421 570 496 537 173 510 465 365 497 403 534 372 543 508 374 463 428 362 519 458 350 415 545 493 429 455 360 546 354 471 355 435 541 363 470 482 514 389 460 408 530 504 526 547 548 481 367 419 494 566 361 549 487 568 507 544 402 434 479 446 396 531 394 427 561 404 416 390 560 495 376 413 391 523 384 370 450 442 569 349 388 485 536 553 492
499 425 502 418 510 426 365 553 555 444 504 367 455 552 350 397 414 528 429 520 558 473 433 173 446 543 539 570 419 374 452 403 366 372 407 387 390 392 428 439 458 507 421 517 427 566 535 497 489 445 514 485 394 408 412 438 460 469 521 451 546 500 563 370 492 360 480 545 544 465 508 513 471 524 541 482 420 442 363 527 491 525 561 494 373 511 391 479 538 568 542 432 523 565 405 464 540 487 493 549 533
500 349 467 449 571 551 457 447 358 454 424 379 369 509 541 381 380 466 549 351 433 371 477 407 516 478 357 448 469 480 427 499 476 459 572 486 554 530 386 405 532 406 377 198 464 568 458 441 518 508 440 505 383 401 562 390 397 437 564 365 529 468 393 442 485 399 533 552 34 534 429 543 411 364 435 528 389 490 384 356 385 443 453 498 501 491 472 570 540 360 536 173 510 372 425 522 539 481 504 361 496
501 433 365 504 375 407 528 510 460 526 422 446 493 430 568 413 394 428 521 553 569 434 397 541 450 496 418 523 402 421 494 507 506 458 404 415 400 360 514 426 556 508 570 405 536 546 438 374 535 548 372 455 383 398 544 566 368 481 502 377 482 367 511 429 531 520 539 515 563 388 395 480 491 419 490 408 361 475 552 537 445 352 462 478 409 529 416 366 538 560 353 363 456 384 390 489 557 485 355 442 495
502 562 499 551 356 468 437 509 453 379 415 411 532 498 406 381 369 469 552 389 425 380 543 472 516 433 541 448 440 554 571 401 470 457 477 486 443 464 360 386 418 518 383 495 545 505 447 563 377 444 357 570 424 362 510 430 459 451 572 478 371 384 382 512 409 349 485 533 462 442 566 449 427 375 354 435 528 521 422 467 531 445 350 398 460 359 399 405 385 560 358 452 388 420 508 536 529 526 480 501 402
503 562 407 354 361 543 405 396 470 568 530 467 355 448 474 489 418 442 547 410 383 531 529 377 382 369 546 399 481 406 359 572 519 469 468 534 522 433 490 356 397 429 476 422 528 480 380 459 435 454 351 379 504 533 349 516 571 411 541 367 555 554 424 532 501 198 508 563 403 549 449 452 564 393 466 372 437 535 499 34 455 425 453 463 364 458 510 450 498 441 477 381 478 447 457 509 357 358 491 362 472
504 440 536 173 379 427 530 405 393 34 377 425 501 394 562 383 439 512 465 499 399 487 349 526 413 365 434 505 353 478 420 437 549 423 566 532 441 375 419 371 468 414 376 491 445 456 560 404 494 462 364 388 389 198 567 398 557 554 513 518 378 493 428 351 564 362 561 537 496 535 406 534 380 454 370 479 572 495 498 511 385 442 387 453 431 540 542 369 416 467 356 436 408 409 569 448 446 443 386 497 451
505 530 522 462 418 372 489 361 432 478 562 382 387 539 490 547 529 508 466 396 385 429 474 481 434 367 504 521 571 502 455 354 448 546 531 444 507 494 362 365 412 556 355 404 428 544 534 570 517 388 426 359 352 470 471 394 465 467 403 34 533 353 460 408 495 543 545 569 512 420 535 558 488 461 519 402 552 410 568 446 511 475 356 538 487 349 566 421 472 464 463 491 525 559 443 423 452 528 391 500 480
506 474 371 531 562 382 447 354 481 449 442 470 476 198 522 351 399 568 543 369 529 501 364 530 455 396 468 466 393 485 441 564 384 454 429 554 549 410 533 379 490 380 448 551 358 539 489 390 555 356 435 407 518 406 433 480 547 365 505 532 491 405 372 411 361 509 540 457 477 535 357 472 397 422 486 415 459 355 552 467 548 502 510 437 367 383 424 469 478 498 446 464 546 453 440 450 377 360 173 443 499
507 485 356 522 411 380 477 554 459 468 564 364 534 399 349 539 551 505 518 466 369 486 429 405 472 478 424 453 499 443 546 384 435 447 361 501 476 543 357 409 379 541 367 358 540 198 568 173 532 382 34 441 572 448 406 519 389 498 455 454 393 549 467 371 509 474 372 359 375 529 377 491 489 350 530 390 547 450 552 383 446 410 401 502 440 351 457 437 433 403 352 560 571 562 386 548 469 512 533 508 442
508 470 403 382 396 450 449 384 481 489 435 354 375 533 555 548 539 383 377 466 540 562 359 522 505 369 552 531 519 572 442 518 472 535 509 455 474 463 498 444 471 558 410 458 495 526 437 510 411 389 452 429 565 355 422 398 551 424 361 446 464 530 433 494 445 462 362 557 415 420 360 390 372 350 546 501 173 549 477 536 511 367 34 547 499 407 454 393 568 356 385 571 467 560 439 409 486 512 502 406 480
509 490 464 502 474 384 552 478 491 367 530 410 462 556 412 535 533 34 482 173 396 487 489 428 434 391 508 361 481 534 414 413 365 558 352 512 500 407 548 495 436 517 362 529 525 547 446 404 372 394 353 460 568 536 472 431 387 409 445 422 519 545 405 567 363 538 471 375 461 494 421 418 470 378 570 385 450 475 511 427 539 543 403 355 366 522 463 524 466 480 415 448 374 526 515 507 493 559 571 452 521
510 386 379 440 532 499 447 401 383 468 540 491 443 377 358 462 362 348 371 453 549 173 437 351 446 372 564 406 413 454 501 572 537 375 498 387 425 421 442 388 394 464 393 34 480 198 364 545 496 459 427 502 479 484 508 349 465 415 474 385 511 478 558 560 441 530 495 408 417 448 384 535 534 467 399 420 461 445 352 409 423 404 365 419 416 493 536 353 460 487 490 476 477 414 434 456 439 517 390 512 363
511 407 543 534 470 522 489 429 529 474 480 467 382 369 562 349 372 459 531 477 359 535 530 449 466 455 481 418 380 354 355 571 422 426 458 469 403 448 351 476 383 435 397 442 406 396 433 551 510 516 454 518 554 557 464 546 564 504 491 379 390 377 361 486 549 540 541 508 384 565 367 509 457 357 552 568 381 528 393 555 505 453 468 501 499 572 424 198 358 362 399 502 356 563 389 421 485 519 441 364 410
