769 894 866 870 879 881 871 895 887 864 874 884 857 858 868 776 885 872 873 862 865 859 888 867 875 877 861 863 878 825 803 880 883 889 876 882 804 886 698 729 772 810 745 893 713 719 805 823 840 830 703 819 774 890 769
772 894 879 866 881 871 870 895 857 862 877 861 865 859 885 868 858 825 884 867 776 880 873 874 872 889 888 887 882 864 863 803 804 886 876 878 729 869 890 811 753 798 769 774 875 883 708 747 703 823 800 745 840 819 893 828 810 830 772
774 881 871 858 894 870 895 866 887 776 874 873 879 868 857 884 872 885 865 864 825 867 862 882 861 886 877 859 863 889 876 888 878 804 729 875 880 803 893 883 772 798 753 810 703 745 769 713 823 890 697 856 830 774
776 811 890 753 857 865 708 862 868 774 798 869 880 803 804 703 886 819 863 823 889 769 882 825 828 866 871 713 800 894 830 729 719 895 879 864 861 840 745 810 747 888 870 856 697 805 858 772 881 876 884 878 893 698 875 883 873 859 776
894 798 729 769 890 861 856 753 876 708 703 811 878 774 840 869 772 886 804 880 882 859 893 803 800 747 888 830 819 825 863 889 864 823 873 697 810 805 885 877 867 828 776 872 713 887 874 745 884 719 875 865 698 883 868 862 857 858 895 871 881 894
798 894 879 866 870 871 885 873 884 861 878 857 874 888 881 877 859 889 895 867 858 804 887 776 862 880 876 872 875 698 868 864 863 865 803 825 882 886 729 883 810 745 840 772 819 805 890 823 719 893 713 774 747 828 703 856 830 753 708 800 811 697 869 798
800 881 894 870 866 895 862 871 857 865 858 874 868 879 887 776 885 877 873 825 864 872 867 884 859 886 889 863 861 882 876 888 878 729 880 804 875 803 893 798 883 753 772 890 869 703 747 697 719 840 819 828 800
803 858 895 871 884 879 868 870 881 888 894 866 864 776 873 857 862 859 863 886 876 885 865 887 861 874 867 882 872 877 869 798 825 878 889 890 729 804 811 893 769 772 753 875 856 823 745 883 800 697 708 774 713 703 719 830 810 819 805 828 803
804 858 895 870 887 894 879 798 874 881 857 871 776 866 872 867 885 873 862 859 877 865 869 868 880 811 803 890 805 884 774 864 719 772 769 893 708 697 875 800 828 840 810 713 745 823 883 825 830 703 819 753 889 888 804
805 866 871 857 870 888 881 895 868 884 825 865 894 858 879 886 864 876 863 874 873 861 885 872 862 887 882 776 889 877 867 804 859 729 878 798 890 811 875 753 869 883 769 893 803 708 856 828 805
810 894 895 866 884 871 862 881 873 868 867 858 874 885 859 776 879 887 864 825 870 877 888 889 861 863 872 857 882 865 886 876 878 804 729 798 869 811 880 753 890 893 769 803 875 883 856 774 708 772 840 697 819 703 830 810
811 776 862 868 874 871 881 870 872 894 887 873 865 857 866 885 877 858 859 884 879 895 867 864 875 882 880 876 889 878 825 888 804 698 886 803 863 861 729 883 893 810 772 805 745 713 703 747 828 719 798 753 823 697 840 819 830 811
887 890 811 804 886 769 774 869 798 863 703 889 857 753 888 825 882 865 862 868 708 819 861 729 828 803 878 800 823 876 856 871 894 880 895 713 866 840 810 830 805 879 719 881 697 864 747 870 772 745 858 884 893 875 883 859 877 873 867 887
819 874 881 858 894 895 870 866 871 887 879 862 776 873 857 877 872 885 867 865 868 864 884 859 825 888 889 861 875 876 886 863 798 882 698 878 804 803 880 729 893 869 883 769 811 890 772 745 810 800 819
823 857 874 894 865 866 879 776 872 870 871 867 877 859 895 887 868 881 873 862 885 858 884 888 864 825 861 876 886 889 863 803 882 878 880 804 875 798 729 869 769 811 883 890 772 893 774 708 713 840 823
697 871 864 879 881 866 870 862 894 868 895 874 884 857 858 873 859 885 877 865 889 867 872 776 888 887 861 825 863 886 876 729 804 878 882 803 880 875 753 890 883 798 869 811 893 774 810 747 713 800 703 697
698 798 811 869 890 880 894 769 886 825 703 878 708 861 871 859 819 776 698
825 859 858 890 874 868 871 719 877 872 894 887 885 866 879 867 895 865 753 862 805 745 870 708 776 857 873 803 798 881 713 774 869 811 840 800 880 772 810 769 830 823 747 828 697 819 703 875 698 888 878 804 893 861 886 883 729 876 882 863 884 825
828 877 881 858 895 871 870 885 872 887 874 866 879 873 776 894 857 859 864 867 884 862 865 868 888 861 825 876 886 889 863 878 729 882 804 875 890 798 893 811 869 753 883 803 772 703 800 805 828
830 871 866 894 881 868 895 879 870 858 857 862 873 865 776 874 884 887 864 885 859 877 872 825 867 888 861 886 863 882 889 876 729 878 880 804 803 875 798 883 769 890 753 869 893 811 772 774 713 703 810 830
703 870 866 871 894 862 895 873 879 881 868 874 859 858 887 872 776 867 877 865 885 884 857 864 888 889 863 825 861 698 875 882 886 729 876 803 878 883 880 804 890 798 811 869 893 753 769 772 774 708 713 745 828 800 840 697 810 830 703
708 881 862 894 871 895 857 858 870 868 776 884 866 865 874 887 877 864 879 825 867 859 873 872 889 885 888 876 861 882 863 875 878 886 804 880 729 893 698 803 883 798 772 856 805 703 810 747 823 745 708
840 881 871 858 894 895 870 879 865 862 857 866 884 868 864 874 872 877 825 776 887 888 889 873 885 867 863 886 861 859 882 876 729 804 878 798 875 753 890 893 869 769 883 811 880 772 810 703 745 823 800 840
713 864 884 871 895 877 881 776 866 868 825 859 879 894 867 858 857 887 873 885 870 862 861 865 874 872 888 863 878 889 886 729 880 882 876 804 803 893 869 798 890 811 875 753 769 883 856 774 703 823 697 830 713
719 864 825 884 871 895 881 879 866 857 888 885 776 870 873 868 861 894 874 877 867 872 876 865 729 858 887 889 878 863 862 859 886 804 882 803 798 880 890 769 811 753 869 875 893 883 856 800 719
889 870 879 798 872 895 887 866 857 858 871 894 859 776 885 880 868 881 890 874 803 867 865 873 877 708 811 862 697 774 840 869 805 719 745 800 810 772 769 713 828 703 819 823 753 830 747 875 893 883 884 864 878 804 889
856 894 857 871 866 881 865 870 895 868 862 879 858 885 872 887 873 874 859 867 776 877 880 803 875 884 890 798 883 753 861 888 886 810 713 745 719 708 805 774 856
729 894 870 866 879 895 871 858 881 857 862 887 880 872 874 885 867 776 859 868 865 877 803 798 719 884 864 805 869 873 774 745 697 811 800 713 840 828 772 875 708 810 893 830 703 769 890 823 883 825 747 819 886 878 729
857 890 856 798 811 708 867 869 882 885 776 753 823 886 859 876 840 877 729 861 887 805 889 804 873 803 769 880 878 864 893 872 830 774 819 800 874 863 703 825 719 697 745 828 772 888 713 747 884 810 883 875 894 866 858 870 879 881 895 865 857
858 803 880 878 840 804 729 825 774 861 708 863 859 811 876 703 882 798 886 819 869 889 828 769 864 830 890 856 888 805 800 885 747 823 697 753 873 713 810 872 884 867 772 776 719 745 877 874 887 893 865 883 875 868 862 857 894 866 879 871 858
859 825 895 890 798 858 871 703 811 881 894 866 857 886 753 879 803 863 870 882 889 880 804 864 823 708 862 828 713 861 869 769 729 856 876 774 697 772 865 819 810 868 888 830 800 884 805 719 878 893 747 840 745 698 875 883 874 877 873 887 776 872 867 859
861 894 870 798 866 858 879 895 872 880 857 862 881 887 871 803 867 874 885 859 865 868 774 772 805 776 890 873 719 864 769 713 884 811 708 810 745 840 877 828 800 869 697 823 893 830 703 875 819 883 753 747 698 825 856 882 886 863 861
862 890 811 708 703 878 869 840 776 886 753 876 856 880 861 729 877 798 803 887 882 867 888 825 697 819 800 804 830 885 747 859 823 769 810 772 873 774 864 889 828 872 745 874 805 863 713 893 719 884 883 866 894 858 879 870 875 881 895 871 862
863 858 872 887 867 894 803 874 870 859 895 877 776 879 880 857 798 885 871 881 866 805 873 890 774 862 811 865 719 769 840 800 810 869 708 713 868 697 772 745 884 893 828 875 864 703 830 823 753 747 819 883 825 861 878 863
864 713 719 890 753 803 697 769 870 868 894 811 880 895 879 857 858 866 708 840 865 798 859 805 774 871 828 745 862 747 881 776 819 874 877 873 885 810 872 800 703 830 861 878 869 888 887 867 729 886 823 804 772 876 882 863 875 893 889 883 864
865 890 811 856 880 776 840 753 708 867 877 825 885 887 869 893 823 876 803 703 805 878 864 800 873 798 745 774 804 830 888 769 861 886 889 772 819 729 828 882 884 874 872 859 697 719 713 863 747 810 894 866 858 879 870 883 881 895 875 871 857 865
866 769 798 729 703 753 890 856 811 861 805 772 774 830 859 876 708 803 878 880 889 893 840 800 825 747 819 804 869 697 864 886 823 877 882 885 828 873 810 867 888 776 872 719 713 863 884 745 887 874 875 865 862 883 868 857 858 871 870 866
867 857 886 798 882 863 890 865 868 811 825 895 871 862 804 703 803 879 894 861 823 881 866 870 708 880 729 819 869 774 753 889 828 810 713 769 878 876 888 856 858 697 745 719 800 747 805 840 772 864 830 884 893 875 883 874 859 887 867
868 811 890 877 703 803 880 708 825 856 776 830 869 867 885 864 753 887 893 805 840 774 697 769 876 798 800 878 889 872 823 874 713 873 861 884 810 886 729 747 819 804 719 882 888 772 859 828 745 863 894 883 858 875 866 870 879 881 895 871 868
869 870 894 857 874 881 862 885 873 887 858 776 871 868 879 865 866 880 875 884 872 895 803 877 867 878 859 825 804 876 882 864 698 889 888 886 863 861 729 772 810 893 883 713 745 823 747 703 805 753 719 828 840 697 819 830 798 800 890 869
870 769 798 729 890 703 880 861 811 869 804 774 886 889 803 876 708 840 878 753 882 856 800 805 888 864 819 830 863 697 859 828 825 823 867 747 893 772 885 877 719 873 745 713 810 776 872 887 874 884 875 865 883 862 868 857 866 895 881 879 870
871 798 769 811 880 729 703 840 708 856 803 774 890 886 859 830 882 876 825 878 697 805 713 869 889 804 747 753 819 828 867 861 885 800 719 873 772 823 863 776 877 810 864 893 887 872 888 874 884 745 875 883 698 865 862 868 894 866 858 871
872 811 889 863 861 886 825 703 880 882 890 798 804 828 857 823 878 888 729 869 819 803 774 866 856 868 769 753 895 876 708 894 871 840 862 879 858 865 805 747 864 697 800 881 719 830 713 870 772 810 745 884 893 875 883 859 877 872
745 884 825 865 895 857 881 866 864 862 894 776 870 877 874 867 871 885 868 858 889 879 888 861 859 873 872 887 863 882 876 886 729 878 803 804 798 880 875 893 869 890 811 769 753 883 774 856 772 703 708 840 819 745
873 798 703 811 869 774 857 803 886 894 819 804 866 828 865 890 895 871 753 830 825 882 880 769 708 823 856 868 810 879 697 889 881 862 800 858 863 719 805 870 713 747 861 864 840 888 772 878 876 745 729 893 884 875 883 877 859 776 887 873
747 894 866 895 871 879 881 870 862 858 864 868 884 857 874 873 776 885 872 867 887 825 877 859 865 888 886 889 861 876 863 875 882 893 878 798 729 890 869 811 880 883 772 708 800 697 747
874 811 798 703 869 890 819 825 804 708 774 823 753 769 863 880 886 828 882 803 857 840 800 861 729 697 889 878 868 805 856 830 895 871 894 888 865 747 810 864 862 879 745 719 866 876 713 881 772 870 858 884 893 875 883 859 877 867 874
875 798 890 869 811 769 708 880 866 882 878 894 879 863 871 774 825 888 804 861 753 729 800 870 886 803 895 876 703 864 819 889 858 856 859 881 747 745 823 840 857 805 868 828 697 873 885 776 830 713 884 887 867 872 865 810 719 862 877 874 772 893 883 875
876 894 870 895 871 858 879 866 857 862 803 798 881 880 865 868 805 887 872 811 859 867 869 885 719 874 774 708 890 776 873 877 884 800 769 840 864 828 697 745 772 823 810 713 893 875 819 747 830 753 703 883 825 876
877 868 798 811 890 828 857 825 753 865 862 708 882 866 703 863 819 886 894 713 823 803 804 869 880 871 895 879 800 889 772 870 774 697 840 729 864 769 745 719 881 810 830 805 856 888 858 884 861 876 747 878 893 883 875 873 874 859 887 872 877
878 858 798 894 895 870 862 871 879 866 881 857 865 872 887 868 890 874 803 880 869 811 867 884 864 885 719 769 774 873 859 776 877 708 805 713 875 800 745 772 828 753 697 893 810 698 840 823 883 830 825 703 819 747 889 882 729 888 863 878
753 894 866 864 870 776 857 865 862 859 877 887 874 868 825 871 879 885 884 873 872 867 858 881 895 880 878 803 875 889 882 863 861 893 876 772 810 886 888 774 805 804 713 697 798 856 883 719 869 840 745 703 811 828 830 800 753
879 798 769 880 729 703 803 889 890 882 861 772 840 876 804 878 811 893 859 886 825 856 697 830 774 753 869 864 747 819 708 823 888 863 828 867 885 805 800 719 877 713 873 776 872 810 874 887 884 745 875 865 883 862 868 857 858 895 870 879
880 858 895 879 870 871 881 888 884 868 894 865 861 862 866 776 872 886 857 864 798 874 876 869 863 859 729 889 877 873 885 867 878 890 882 811 887 804 893 825 772 698 769 856 875 753 713 708 800 883 823 774 745 810 830 697 703 719 819 747 840 880
881 708 769 774 811 890 840 880 798 703 729 800 856 803 869 819 859 878 804 830 828 805 697 882 876 861 747 886 772 867 719 713 889 825 823 885 863 810 745 888 873 753 864 877 872 887 874 776 884 893 875 883 865 868 862 857 894 870 881
882 857 870 879 895 894 871 858 867 887 872 862 881 885 877 859 866 874 803 776 873 811 880 798 774 865 868 869 805 890 708 810 772 875 840 800 884 769 745 719 864 893 713 828 697 830 753 703 823 819 747 883 825 888 861 878 882
883 798 769 811 880 861 894 857 858 871 862 803 878 868 866 888 865 869 879 886 870 895 804 863 774 889 703 708 881 890 876 729 825 882 859 877 856 805 713 753 776 885 864 867 697 719 887 772 745 874 873 830 840 747 872 828 810 800 893 823 819 884 875 883
884 798 890 803 880 713 811 708 719 769 840 805 745 753 774 869 810 703 697 866 823 868 828 747 830 871 819 865 858 878 894 772 886 879 895 857 800 861 859 729 881 776 877 804 862 888 870 876 885 872 882 887 863 874 873 867 856 889 893 875 883 825 884
885 798 811 886 857 890 869 825 868 865 895 882 828 753 871 866 803 804 894 879 889 863 858 703 888 819 862 769 729 856 774 861 880 881 823 800 719 870 708 697 713 805 810 772 747 864 876 840 830 745 878 884 893 875 883 885
886 867 870 887 894 885 871 857 862 858 859 895 872 879 880 803 873 874 866 776 881 805 877 865 868 774 798 811 890 884 869 800 840 864 719 708 697 828 810 713 745 772 769 893 823 698 830 875 747 819 703 753 883 825 856 861 888 729 886
888 798 880 803 894 887 870 805 862 879 858 895 872 885 866 719 865 881 769 857 871 874 867 811 890 708 868 776 840 859 823 810 697 828 873 864 869 774 745 713 877 772 884 893 703 800 819 830 747 875 825 883 753 856 882 886 804 878 888
893 894 879 866 868 865 857 870 871 880 803 862 859 881 888 895 890 804 863 873 861 882 872 886 874 858 878 885 876 708 887 729 753 776 811 869 867 889 713 877 745 774 798 810 825 747 884 800 864 769 828 819 703 719 840 805 883 823 830 697 875 772 893
890 894 862 857 870 868 881 884 865 776 866 864 887 871 859 879 874 825 877 885 867 872 895 858 875 873 889 878 880 888 803 861 804 863 886 882 698 876 893 772 805 798 729 856 810 883 745 719 713 703 828 747 697 840 830 823 769 819 774 800 869 890
895 880 803 729 703 804 708 859 840 878 769 876 882 861 774 798 856 889 886 819 830 811 825 867 890 828 805 747 885 864 800 713 863 888 697 810 873 719 823 869 745 877 872 772 776 887 874 753 884 893 875 883 865 862 868 857 894 870 879 895
