34

556 558 573 574 575 576 577 578 579 581 582 583 584 586 587 588 589 590 592 593 594 595 596 597 598 599 600 603 604 605 607 609 610 611 612 615 616 617 618 619 620 621 622 623 625 626 627 628 629 630 631 632 633 634 635 636 639 640 641 642 643 644 646 647 648 650 652 653 654 655 657 658 659 660 661 662 663 664 665 666 670 671 672 673 674 675 677 678 679 680 681 682 684 685 376 414 422 436 465 480 

107

524 556 558 573 574 575 576 577 578 579 581 582 583 584 586 587 588 589 590 592 593 594 595 596 597 598 599 600 603 604 605 607 609 610 611 612 614 615 616 617 618 619 620 621 622 623 625 626 627 628 630 631 632 633 634 635 636 639 640 642 643 644 645 647 648 650 652 653 654 655 657 658 659 660 661 662 663 664 665 666 667 669 670 671 672 673 674 675 677 678 679 680 681 682 684 685 395 422 427 480 

173

515 556 573 574 575 576 577 578 579 582 583 584 586 587 588 589 590 592 593 595 596 597 598 599 600 601 603 604 605 609 611 612 615 616 617 618 619 620 621 622 623 625 626 627 628 629 630 631 632 633 634 635 636 637 639 640 641 643 644 645 646 647 648 650 651 652 653 654 655 656 657 658 659 660 661 662 663 664 665 666 670 671 672 673 675 676 677 678 679 680 681 682 684 685 394 422 423 465 480 483 

348
480 483 558 
573 574 575 576 577 578 579 581 582 583 584 586 587 588 589 590 592 593 594 595 596 597 598 599 600 601 603 605 606 607 609 610 611 612 615 616 617 618 619 620 621 622 623 625 626 627 628 629 630 631 632 633 634 635 636 637 639 640 642 643 644 646 647 648 649 650 652 653 654 655 656 657 658 659 660 661 662 663 664 665 666 667 670 671 672 673 674 675 676 677 678 679 680 681 682 684 685 

363

34 556 558 563 573 574 575 576 577 578 579 581 582 583 584 586 587 588 589 590 592 593 594 595 596 597 598 599 600 603 605 607 609 610 611 612 615 616 617 618 619 620 621 622 623 625 626 627 628 629 630 631 632 633 634 635 636 639 640 642 643 644 646 647 648 649 650 652 653 654 655 657 658 659 660 661 662 663 664 665 666 667 670 671 672 673 674 675 677 678 679 680 681 682 684 685 173 422 427 480 

370

34 558 573 574 575 576 577 578 579 581 582 583 584 586 588 589 590 592 593 594 595 596 597 598 599 600 601 603 605 607 609 610 611 612 615 616 617 618 619 620 621 622 623 107 625 626 627 628 629 630 631 632 633 634 635 636 639 640 642 643 644 647 648 649 650 652 653 654 655 656 657 658 659 660 661 662 663 664 665 667 670 671 672 673 674 675 676 677 678 679 680 681 682 684 685 173 394 422 427 480 

373
496 363 590 
34 573 574 575 576 577 578 579 581 582 583 584 586 588 589 592 593 594 595 596 597 598 599 600 601 603 605 607 609 610 611 612 615 616 617 618 619 620 621 622 623 107 625 626 627 628 629 630 631 632 633 635 636 639 640 642 643 644 646 647 648 649 650 652 653 654 655 656 657 658 659 660 661 662 663 664 665 666 667 670 671 672 673 674 675 676 677 678 679 681 682 684 685 173 422 427 480 

374
563 556 
34 558 573 574 575 576 577 578 579 581 582 583 584 586 587 588 589 590 592 593 594 595 596 597 598 599 600 601 603 605 607 609 611 612 615 616 617 618 619 620 621 622 623 107 625 626 627 628 630 631 632 633 634 635 636 639 640 642 643 644 647 648 649 650 652 653 654 655 656 657 658 659 660 661 662 663 664 665 666 667 670 671 672 673 674 675 677 678 679 680 681 682 684 685 173 422 427 480 

376
580 553 563 566 506 348 
34 558 573 574 575 576 577 578 579 581 582 583 584 588 589 590 592 593 594 595 596 597 598 599 600 601 603 605 607 609 611 612 615 616 617 618 619 620 621 622 623 625 626 627 628 629 630 631 632 633 635 636 639 640 641 642 643 644 647 648 649 650 653 654 655 656 657 658 659 660 661 662 663 664 665 666 667 670 671 672 674 675 677 678 679 680 681 682 684 685 173 422 427 480 

378
563 
34 556 558 573 574 575 576 577 578 579 581 582 583 584 586 587 588 589 590 592 593 594 595 596 597 598 599 600 603 605 607 609 610 611 612 615 616 617 618 619 620 621 622 623 107 625 626 627 628 630 631 632 633 634 635 636 639 640 642 643 644 646 647 648 649 650 652 653 654 655 657 658 659 660 661 662 663 664 665 666 667 670 671 672 673 674 675 677 678 679 680 681 682 684 685 173 422 427 480 

391
563 
34 558 573 574 575 576 577 578 579 581 582 583 584 586 588 589 590 592 593 594 595 596 597 598 599 600 601 603 605 607 609 610 611 612 615 616 617 618 619 620 621 622 623 107 625 626 627 628 629 630 631 632 633 634 635 636 639 640 642 643 644 646 647 648 649 650 652 653 654 655 657 658 659 660 661 662 663 664 665 666 667 670 671 672 673 674 675 677 678 679 680 681 682 684 685 173 422 427 480 

394
620 
34 558 563 573 574 575 576 577 578 579 581 582 583 584 586 587 588 589 590 592 593 594 595 596 597 598 599 600 603 605 607 609 610 611 612 615 616 617 618 619 621 622 623 625 626 627 628 630 631 632 633 634 635 636 639 640 642 643 644 645 646 647 648 649 650 653 654 655 656 657 658 659 660 661 662 663 664 665 666 667 670 671 672 674 675 677 678 679 680 681 682 684 685 173 422 423 427 480 496 

395
601 620 574 
34 563 573 575 576 577 578 579 580 581 582 583 584 586 588 589 590 592 593 594 595 596 597 598 599 600 603 605 607 609 610 611 612 615 616 617 618 619 107 621 622 623 625 626 627 628 629 631 632 633 634 635 636 639 640 641 642 643 644 647 648 649 650 652 653 654 655 656 657 658 659 660 661 662 663 664 665 666 667 670 671 672 673 674 675 676 677 679 680 681 682 684 685 173 427 434 480 

400
414 
34 558 563 573 574 575 576 577 578 579 581 582 583 584 586 587 588 589 590 592 593 594 595 596 597 598 599 600 603 605 607 609 610 611 612 615 616 617 618 619 620 621 622 623 625 626 627 628 630 631 632 633 634 635 636 639 640 642 643 644 646 647 648 649 650 652 653 654 655 656 657 658 659 660 661 662 663 664 665 666 667 670 671 672 673 674 675 677 678 679 680 681 682 684 685 173 422 427 480 

412
676 414 
34 556 573 574 575 576 577 578 579 581 582 583 584 586 587 588 589 590 592 594 595 596 597 598 599 600 601 603 605 607 610 611 612 615 616 617 618 619 620 621 622 623 107 625 626 627 628 629 630 631 632 633 634 635 636 639 640 642 643 644 646 647 648 649 650 652 653 654 655 656 657 658 659 660 661 662 663 664 665 666 667 670 671 672 673 674 675 677 678 679 680 681 682 684 685 173 427 480 

414
644 400 412 669 544 677 422 423 680 681 434 583 588 461 589 591 604 609 617 619 492 622 629 636 
480 673 610 34 642 645 646 581 648 586 587 652 656 593 634 414 671 

422
614 617 682 438 663 414 
515 524 542 544 34 556 558 559 563 567 574 575 576 577 578 582 583 586 587 589 590 594 595 598 599 600 603 605 606 607 610 611 615 621 623 625 626 627 628 632 633 634 635 640 641 643 645 646 647 648 649 650 651 652 656 658 659 660 661 662 665 667 669 670 671 672 673 674 675 676 677 679 681 683 684 173 363 370 373 374 376 378 391 394 400 423 427 428 434 461 465 480 496 506 

423
414 
34 563 573 574 575 576 577 578 579 580 581 582 583 584 588 589 590 592 593 594 595 596 597 598 599 600 601 603 605 607 609 610 611 612 615 616 617 618 619 620 621 622 623 107 625 626 627 628 629 630 631 632 633 635 636 639 640 642 643 644 647 648 649 650 652 653 654 655 656 657 658 659 660 661 662 663 664 665 666 667 670 671 672 674 675 677 678 679 680 681 682 684 685 173 394 422 427 480 496 

427

515 556 558 573 574 575 576 577 578 579 580 581 582 583 584 586 587 588 589 590 592 595 596 597 598 599 600 601 603 605 606 607 609 610 611 612 615 616 617 618 619 620 621 622 623 625 626 627 628 629 630 631 632 633 635 636 639 640 642 643 644 646 647 648 650 652 653 654 655 656 657 658 659 660 661 662 663 664 665 666 670 671 672 673 675 676 677 678 679 680 681 682 684 685 363 394 395 422 465 483 

428
514 
556 566 573 574 575 576 577 578 579 581 582 583 584 586 587 588 589 590 592 593 595 596 597 598 599 600 603 605 607 610 611 612 615 616 617 618 619 620 621 622 623 625 626 627 628 629 630 631 632 633 634 635 636 637 639 640 642 643 644 645 646 647 648 649 650 652 653 654 655 656 657 658 659 660 661 662 663 664 665 666 670 671 672 673 674 675 677 678 679 680 681 682 684 685 173 363 422 480 496 

431

34 573 574 575 576 577 578 579 581 582 583 584 586 588 589 590 592 593 594 595 596 597 598 599 600 601 603 605 607 609 610 611 612 615 616 617 618 619 620 621 622 623 107 625 626 627 628 629 630 631 632 633 634 635 636 639 640 642 643 644 647 648 649 650 652 653 654 655 656 657 658 659 660 661 662 663 664 665 666 667 670 671 672 673 674 675 677 678 679 680 681 682 684 685 173 394 422 427 480 496 

434
414 
34 556 558 573 574 575 576 577 578 579 581 582 583 584 586 587 588 589 590 592 593 594 595 596 597 598 599 600 603 605 607 609 610 611 612 615 616 617 618 619 620 621 622 623 625 626 627 628 629 630 631 632 633 634 635 636 639 640 642 643 644 647 648 649 650 652 653 654 655 656 657 658 659 660 661 662 663 664 665 666 667 670 671 672 673 674 675 677 678 679 680 681 682 684 685 173 422 427 480 

436
635 
34 558 573 574 575 576 577 578 579 581 582 583 584 586 588 589 590 592 593 594 595 596 597 598 599 600 601 603 605 607 609 610 611 612 614 615 616 617 618 619 620 621 622 623 107 625 626 627 628 629 630 631 632 633 636 639 640 641 642 643 644 645 647 648 649 650 653 654 655 656 657 658 659 660 661 662 663 664 665 666 667 670 671 672 674 675 676 677 678 679 680 681 682 684 685 173 422 427 480 

438
596 422 
34 558 573 574 575 576 577 578 579 581 582 583 584 587 588 589 590 592 593 594 595 597 598 599 600 601 603 605 607 609 610 611 612 615 616 617 618 619 620 621 622 623 107 625 626 627 628 629 630 631 632 633 635 636 639 640 641 642 643 644 646 647 648 649 650 652 653 654 655 656 657 658 659 660 661 662 663 664 665 666 667 670 671 672 673 674 675 677 678 679 680 681 682 684 685 173 427 480 

461
590 414 
34 563 573 574 575 576 577 578 579 581 582 583 584 586 588 589 592 593 594 595 596 597 598 599 600 601 603 605 607 609 610 611 612 615 616 617 618 619 620 621 622 623 107 625 626 627 628 629 630 631 632 633 634 635 636 637 639 640 642 643 644 647 648 649 650 652 654 655 656 657 658 659 660 661 662 663 664 665 666 667 670 671 672 673 674 675 677 678 679 680 681 682 684 685 173 422 427 480 

465

34 563 573 574 575 576 577 578 579 581 582 583 584 586 587 588 589 590 592 593 594 595 596 597 598 599 600 603 605 607 609 610 611 612 615 616 617 618 619 620 621 622 623 107 625 626 627 628 630 631 632 633 634 635 636 639 640 642 643 644 645 646 647 648 649 650 652 653 654 655 656 657 658 659 660 661 662 663 664 665 666 667 670 671 672 674 675 677 678 679 680 681 682 684 685 173 422 427 480 496 

475

34 558 573 574 575 576 577 578 579 581 582 583 584 586 587 588 589 590 592 593 594 595 596 597 598 599 600 601 603 605 607 609 610 611 612 615 616 617 618 619 620 621 622 623 625 626 627 628 629 630 631 632 633 634 635 636 639 640 642 643 644 645 647 648 649 650 652 653 654 655 656 657 658 659 660 661 662 663 664 665 666 667 670 671 672 673 674 675 677 678 679 680 681 682 684 685 173 422 427 480 

480

34 573 574 575 576 577 578 579 581 582 583 584 586 587 588 589 590 592 595 596 597 598 599 600 601 603 605 607 609 610 611 612 615 616 617 618 619 620 621 622 623 107 625 626 627 628 629 630 631 632 633 634 635 636 639 640 641 642 643 644 645 646 647 648 649 650 652 653 654 655 656 657 658 659 660 661 662 663 664 665 666 670 671 672 673 674 675 677 678 679 680 681 682 684 685 173 376 394 395 414 

483
496 348 
34 556 558 573 574 575 576 577 578 579 581 582 583 584 586 587 588 589 590 592 593 594 595 597 598 599 600 603 605 607 609 610 611 612 615 616 617 618 619 620 621 622 623 625 626 627 628 630 631 632 633 634 635 636 640 642 643 644 646 647 648 649 650 652 653 654 655 656 657 658 659 660 661 662 663 664 665 666 667 670 672 673 674 675 676 677 678 679 680 681 682 684 685 173 394 427 434 480 

492
414 
34 556 558 563 573 574 575 576 577 578 579 581 582 583 584 586 588 589 590 592 593 594 595 596 597 598 599 600 603 605 607 609 610 611 612 615 616 617 618 619 620 621 622 623 107 625 626 627 628 629 630 631 632 633 634 635 636 639 640 642 643 644 647 648 649 650 652 653 654 655 657 658 659 660 661 662 663 664 665 666 667 670 671 672 673 674 675 677 678 679 680 681 682 684 685 173 422 427 480 

496

34 556 558 573 574 575 576 577 578 579 581 582 583 584 586 587 588 589 590 592 593 594 595 596 597 598 599 600 603 605 607 609 611 612 615 616 617 618 619 620 621 622 623 625 626 627 628 630 631 632 633 634 635 636 639 640 642 643 644 645 646 647 648 649 650 652 653 654 655 656 657 658 659 660 661 662 663 664 665 666 667 670 671 672 673 674 675 677 678 679 680 681 682 684 685 173 394 422 423 480 

500
563 
34 558 573 574 575 576 577 578 579 581 582 583 584 586 587 588 589 590 592 593 594 595 596 597 598 599 600 603 605 607 609 610 611 612 615 616 617 618 619 620 621 622 623 107 625 626 627 628 630 631 632 633 634 635 636 639 640 642 643 644 646 647 648 649 650 652 653 654 655 657 658 659 660 661 662 663 664 665 666 667 670 671 672 673 674 675 677 678 679 680 681 682 684 685 173 422 427 480 496 

506
610 
34 556 573 574 575 576 577 578 579 581 582 583 584 586 587 588 589 590 592 593 594 595 596 597 598 599 600 601 603 605 607 609 611 612 615 616 617 618 619 620 621 622 623 107 625 626 627 628 629 630 631 632 633 634 635 636 639 640 642 643 644 646 647 648 649 650 652 653 654 655 657 658 659 660 661 662 663 664 665 666 667 670 671 672 673 674 675 677 678 679 680 681 682 684 685 173 422 427 480 

513
436 
34 556 558 573 574 575 576 577 578 579 581 582 583 584 586 587 588 589 590 592 593 594 595 596 597 598 599 600 603 605 607 609 611 612 615 616 617 618 619 620 621 622 623 107 625 626 627 628 630 631 632 633 635 636 639 640 642 643 644 647 648 649 650 652 653 654 655 656 657 658 659 660 661 662 663 664 665 666 667 670 671 672 673 674 675 676 677 678 679 680 681 682 684 685 173 363 422 427 480 

514

34 556 558 563 573 574 575 576 577 578 579 581 582 583 584 586 587 588 589 590 592 593 594 595 596 597 598 599 600 603 605 607 609 610 611 612 615 616 617 618 619 620 621 622 623 625 626 627 628 629 630 631 632 633 634 635 636 639 640 642 643 644 646 647 648 649 650 652 653 654 655 657 658 659 660 661 662 663 664 665 666 667 670 671 672 673 674 675 677 678 679 680 681 682 684 685 173 422 427 480 

515

34 556 558 563 573 574 575 576 577 578 579 581 582 583 584 586 587 588 589 590 592 593 594 595 596 597 598 599 600 601 603 605 607 609 610 611 612 615 616 617 618 619 107 621 622 623 625 626 627 628 630 631 632 633 634 635 636 639 640 642 643 644 645 646 647 648 649 650 652 653 655 657 658 659 660 661 662 663 664 665 666 667 670 671 672 673 674 675 677 678 679 680 681 682 684 685 173 422 427 480 

524

34 558 563 573 574 575 576 577 578 579 581 582 583 584 586 588 589 592 593 594 595 596 597 598 599 600 601 603 605 607 609 610 611 612 615 616 617 618 619 620 621 622 623 107 625 626 627 628 629 630 631 632 633 634 635 636 639 640 642 643 644 646 647 648 649 650 652 653 654 655 656 657 658 659 660 661 662 663 664 665 666 667 670 671 672 673 674 675 677 678 679 680 681 682 684 685 173 422 427 480 

542

34 558 563 573 574 575 576 577 578 579 581 582 583 584 586 587 588 589 590 592 593 594 595 596 597 598 599 600 601 603 605 607 609 610 611 612 615 616 617 618 619 620 621 622 623 107 625 626 627 628 629 630 631 632 633 634 635 636 639 640 642 643 644 647 648 649 650 653 654 655 656 657 658 659 660 661 662 663 664 665 666 667 670 671 672 674 675 677 678 679 680 681 682 684 685 173 422 427 480 496 

544
563 414 
34 573 574 575 576 577 578 579 581 582 583 584 586 587 588 589 590 592 593 594 595 596 597 598 599 600 601 603 605 607 609 611 612 615 616 617 618 619 620 621 622 623 107 625 626 627 628 629 630 631 632 633 634 635 636 639 640 642 643 644 647 648 649 650 652 653 654 655 656 657 658 659 660 661 662 663 664 665 666 667 670 671 672 673 674 675 677 678 679 680 681 682 684 685 173 422 427 480 

553
634 558 
514 34 563 573 574 575 576 577 578 579 580 581 582 583 584 586 587 588 589 590 592 593 594 595 596 597 598 599 600 601 603 605 607 610 611 612 615 616 617 618 619 107 621 622 623 625 626 627 628 629 630 631 632 633 635 636 639 640 641 642 643 646 647 648 649 650 652 653 654 655 656 657 658 659 660 661 662 663 664 665 667 670 671 672 673 674 675 677 678 679 680 681 682 684 685 173 427 480 

556

34 573 574 575 576 577 578 579 580 581 582 583 584 587 588 589 590 592 593 594 595 596 597 598 599 600 601 603 605 607 609 611 612 615 616 617 618 619 620 621 622 623 107 625 626 627 628 629 630 631 632 633 634 635 636 637 639 640 641 642 643 644 647 648 649 650 653 654 655 656 657 658 659 660 661 662 663 664 665 666 667 670 671 672 674 675 677 678 679 680 681 682 684 685 173 363 422 427 480 496 

558

514 34 573 574 575 576 577 578 579 581 582 583 584 586 588 589 590 592 593 594 595 596 597 598 599 600 603 605 607 609 610 611 612 615 616 617 618 619 620 621 622 623 107 625 626 627 628 629 630 631 632 633 634 635 636 639 640 641 642 643 644 647 648 649 650 652 653 654 655 656 657 658 659 660 661 662 663 664 665 666 670 672 673 674 675 677 678 679 680 681 682 684 685 173 363 394 422 427 480 496 

559

34 563 573 574 575 576 577 578 579 581 582 583 584 586 587 588 589 590 592 593 594 595 596 597 598 599 600 601 603 605 607 609 610 611 612 615 616 617 618 619 620 621 622 623 107 625 626 627 628 629 630 631 632 633 634 635 636 639 640 641 642 643 644 647 648 649 650 652 653 654 655 657 658 659 660 661 662 663 664 665 666 667 670 671 672 673 674 675 677 678 679 680 681 682 684 685 173 422 427 480 

561

34 563 573 574 575 576 577 578 579 581 582 583 584 586 587 588 589 590 592 593 594 595 596 597 598 599 600 601 603 605 607 609 610 611 612 615 616 617 618 619 620 621 622 623 107 625 626 627 628 629 630 631 632 633 634 635 636 639 640 642 643 644 646 647 648 649 650 652 653 654 655 656 657 658 659 660 661 662 663 664 665 666 667 670 671 672 673 674 675 677 678 679 680 681 682 684 685 173 427 480 

563
634 
514 515 573 574 575 576 577 578 579 581 582 583 584 586 587 588 589 590 592 595 596 597 598 599 600 601 603 605 607 609 610 611 612 615 616 617 618 619 620 621 622 623 107 625 626 627 628 629 630 631 632 633 635 636 637 639 640 641 642 643 644 647 648 649 650 652 653 654 655 656 657 658 659 660 661 662 663 664 665 666 667 670 671 672 673 674 675 677 678 679 680 681 682 684 685 173 363 394 422 

566
107 
34 573 574 575 576 577 578 579 581 582 583 584 586 587 588 589 590 592 594 595 596 597 598 599 600 601 603 605 607 609 610 611 612 615 616 617 618 619 620 621 622 623 625 626 627 628 629 630 631 632 633 634 635 636 639 640 642 643 644 645 646 647 648 649 650 652 653 654 655 656 657 658 659 660 661 662 663 664 665 666 667 670 671 672 673 674 675 677 678 679 680 681 682 684 685 173 422 427 480 

567
580 
34 556 558 573 574 575 576 577 578 579 581 582 583 584 586 588 589 592 593 594 595 596 597 598 599 600 601 603 605 607 609 611 612 615 616 617 618 619 620 621 622 623 107 625 626 627 628 629 630 631 632 633 634 635 636 639 640 641 642 643 644 647 648 649 650 652 653 654 655 656 657 658 659 660 661 662 663 664 665 666 667 670 671 672 673 674 675 677 678 679 680 681 682 684 685 173 422 427 480 

573

513 514 515 524 542 544 34 553 556 558 559 561 563 566 567 576 577 578 580 582 583 584 586 587 591 593 594 595 599 600 601 604 606 610 614 615 107 627 628 629 632 634 635 637 640 641 643 645 646 647 649 650 651 652 655 656 658 659 661 662 665 667 669 670 671 673 674 675 676 681 683 173 348 363 370 373 374 376 378 391 394 395 400 412 423 427 428 431 434 436 438 461 465 475 480 483 492 496 500 506 

574
395 
513 514 515 524 542 544 34 553 556 558 559 561 563 566 567 576 577 578 580 582 583 586 587 590 591 593 594 595 599 600 601 604 606 610 614 615 107 627 628 629 632 634 635 637 640 641 643 645 646 647 648 649 650 651 652 656 658 659 661 662 665 667 669 670 671 673 675 676 680 681 683 173 348 363 370 373 374 376 378 391 394 400 412 423 427 428 431 434 436 438 461 465 475 480 483 492 496 500 506 

575

513 514 515 524 542 544 34 553 556 558 559 561 563 566 567 576 577 578 580 582 583 586 587 591 593 594 595 599 600 601 604 606 610 614 615 107 627 628 629 632 634 635 637 640 641 643 645 646 647 649 650 651 652 655 656 658 659 660 661 662 665 667 669 670 671 673 674 675 676 681 683 173 348 363 370 373 374 376 378 391 394 395 400 412 423 427 428 431 434 436 438 461 465 475 480 483 492 496 500 506 

576

513 515 524 542 544 34 553 556 558 559 561 563 566 567 573 575 579 580 586 587 588 589 590 591 592 593 596 597 598 601 604 605 609 610 612 616 617 618 619 620 107 621 623 622 625 626 629 630 633 636 637 639 641 644 646 648 651 652 653 654 656 660 664 666 669 671 672 673 676 677 678 680 683 684 685 173 348 370 373 374 376 378 394 395 400 412 422 423 428 431 434 436 461 465 475 480 483 492 496 506 

577

513 515 542 544 34 553 556 561 563 566 567 573 574 575 579 580 586 587 588 589 590 591 592 596 597 598 601 603 604 605 609 610 612 614 616 617 618 619 620 107 622 623 621 626 629 630 631 633 636 637 639 641 644 645 646 648 649 651 652 653 654 655 656 657 663 664 666 669 671 672 673 676 677 678 680 682 683 684 685 348 363 373 374 376 378 391 395 400 412 422 423 428 431 434 436 461 475 483 492 496 

578

514 515 544 34 553 556 561 567 573 574 575 579 580 584 587 588 589 590 591 592 593 594 596 597 598 601 603 604 605 606 609 610 611 612 616 617 618 619 620 621 622 623 107 625 626 629 630 631 633 636 637 639 641 644 646 648 649 651 652 653 654 655 656 657 663 664 666 667 669 671 672 673 676 677 678 679 680 682 684 685 173 348 370 373 374 376 378 395 412 422 423 427 428 431 434 480 483 492 496 506 

579

513 514 515 524 542 544 34 553 556 558 559 561 563 566 567 576 577 578 580 582 583 586 587 591 593 594 595 599 600 601 604 606 607 610 614 615 107 627 628 629 632 634 635 637 640 641 643 645 646 647 649 650 651 652 656 657 658 659 661 662 665 667 669 670 671 673 674 675 676 681 683 173 348 363 370 373 374 376 378 391 394 395 400 412 423 427 428 431 434 436 438 461 465 475 480 483 492 496 500 506 

580

34 556 563 573 574 575 576 577 578 579 581 582 583 584 586 587 588 589 590 592 593 594 595 596 597 598 599 600 603 605 607 609 610 611 612 615 616 617 618 619 620 621 622 623 625 626 627 628 630 631 632 633 634 635 636 639 640 642 643 644 645 646 647 648 649 650 652 653 654 655 657 658 659 660 661 662 663 664 665 666 667 670 671 672 673 674 675 676 677 678 679 680 681 682 684 685 173 422 427 480 

581

513 514 515 524 542 544 34 553 556 558 559 561 563 566 567 580 586 587 588 589 590 591 593 594 596 598 601 604 606 609 610 611 614 617 107 620 621 626 629 630 633 634 637 639 641 644 645 646 647 648 649 651 652 653 655 656 657 660 666 667 669 671 672 673 676 677 680 682 683 173 348 363 370 373 374 376 378 391 394 395 400 412 414 422 423 427 428 431 434 436 438 461 465 475 480 483 492 496 500 506 

582

513 515 524 542 34 553 556 558 561 563 566 567 573 575 579 580 584 587 588 589 590 591 592 593 594 596 597 598 601 603 604 605 609 610 611 612 616 617 618 619 620 107 622 623 621 625 626 629 630 633 636 637 639 641 644 645 646 648 651 652 653 654 655 656 657 663 664 666 669 671 672 673 676 677 678 680 682 683 684 685 363 373 374 376 378 394 395 400 412 422 423 428 431 434 461 475 480 483 492 496 

583

514 515 542 34 553 556 561 563 566 567 573 575 579 580 584 588 589 590 591 592 593 596 597 598 601 603 604 605 609 610 611 612 616 617 618 619 620 107 622 623 625 626 629 630 631 633 636 637 639 641 644 645 646 648 649 651 652 653 654 655 656 657 660 663 664 666 669 671 672 673 677 678 680 682 683 684 685 173 348 373 374 376 378 391 394 395 400 412 422 423 427 428 431 434 461 475 480 483 492 496 

584

513 514 515 524 542 544 34 553 556 558 559 561 563 566 567 576 577 578 580 582 583 586 587 590 591 593 594 595 599 600 601 603 604 606 610 614 615 107 626 627 628 629 632 634 635 640 641 643 644 645 646 647 648 649 650 651 652 656 658 659 661 662 665 667 669 670 671 673 675 676 681 683 173 348 363 370 373 374 376 378 391 394 395 400 412 423 427 428 431 434 436 438 461 465 475 480 492 496 500 506 

586

514 34 563 573 574 575 576 577 578 579 581 582 583 584 588 589 590 592 593 594 595 596 597 598 599 600 601 603 605 607 609 611 612 615 616 617 618 619 620 621 622 623 107 625 626 627 628 629 630 631 632 633 635 636 639 640 641 642 643 644 647 648 649 650 653 654 655 656 657 658 659 660 661 662 663 664 665 666 667 670 671 672 674 675 676 677 678 679 680 681 682 684 685 173 414 422 427 428 480 483 

587

34 556 558 563 566 573 574 575 576 577 578 579 581 582 583 584 588 589 590 592 593 594 595 596 597 598 599 600 601 603 605 607 609 611 612 615 616 617 618 619 620 621 622 623 107 625 626 627 628 629 630 631 632 633 635 636 639 640 642 643 644 647 648 649 650 653 654 655 656 657 658 659 660 661 662 663 664 665 666 667 670 672 674 675 676 677 678 679 680 681 682 684 685 173 348 414 422 427 428 480 

588
414 
513 514 515 524 542 544 34 553 556 558 559 561 563 566 567 576 577 578 580 582 583 586 587 591 593 594 595 599 600 601 604 606 607 610 614 615 107 627 628 629 632 634 635 637 640 641 643 645 646 647 649 650 651 652 655 656 657 658 659 661 662 665 667 669 670 671 673 674 675 676 681 683 173 348 363 370 373 374 376 378 391 394 395 400 412 423 427 428 431 434 436 438 461 465 475 480 492 496 506 

589
414 
513 514 515 524 542 544 34 553 556 558 559 561 563 566 576 577 578 580 582 583 586 587 591 593 594 595 599 600 601 604 606 607 610 614 615 107 627 628 629 632 634 635 637 640 641 643 645 646 647 649 650 651 652 656 658 659 660 661 662 665 667 669 670 671 673 674 675 676 681 683 173 348 363 370 373 374 376 378 391 394 395 400 412 423 427 428 431 434 436 438 461 465 475 480 483 492 496 500 506 

590
461 591 
514 515 544 34 556 558 561 563 566 574 576 577 578 580 582 583 584 586 587 593 594 595 596 599 600 604 606 607 614 615 107 621 627 628 629 630 631 632 634 635 637 639 640 641 643 645 646 647 649 650 652 655 656 657 658 659 660 661 662 663 665 667 669 670 671 672 673 674 675 676 678 679 681 682 173 348 363 370 374 376 378 394 395 400 422 427 428 431 434 436 438 465 475 480 483 492 496 506 

591
590 634 414 
34 556 558 563 573 574 575 576 577 578 579 581 582 583 584 588 589 592 593 594 595 596 597 598 599 600 601 603 605 607 609 610 611 612 615 616 617 618 619 620 621 622 623 625 626 627 628 629 630 631 632 633 635 636 639 640 642 643 644 647 648 649 650 652 653 654 655 656 657 658 659 660 661 662 663 664 665 666 667 670 671 672 673 674 675 677 678 679 680 681 682 684 685 173 422 427 480 

592
621 
513 514 515 524 542 544 34 553 556 558 559 561 563 566 567 576 577 578 580 582 583 586 587 591 593 594 595 599 600 601 604 606 607 610 614 615 107 627 628 629 632 634 635 637 640 641 643 645 646 647 649 650 651 652 656 658 659 661 662 665 667 669 670 671 673 674 675 676 681 683 173 348 363 370 373 374 376 378 391 394 395 400 412 423 427 428 431 434 436 438 461 465 475 480 483 492 496 500 506 

593

34 556 573 574 575 576 577 578 579 581 582 583 584 586 587 588 589 590 592 594 595 596 597 598 599 600 601 603 604 605 606 607 610 611 612 615 616 617 618 619 620 621 622 623 625 626 627 628 629 630 631 632 633 634 635 636 639 640 641 642 643 644 647 648 649 650 651 652 653 654 655 656 657 658 659 660 661 662 663 664 665 666 667 670 671 672 673 674 675 677 678 679 680 681 682 684 173 685 414 423 

594

514 515 524 553 556 561 573 574 575 576 577 578 579 582 583 584 586 588 589 590 592 595 596 597 598 599 600 603 605 609 610 611 612 614 615 616 617 618 619 620 621 622 623 625 626 627 628 629 630 631 632 633 634 635 636 637 639 640 641 643 644 647 648 650 652 653 654 655 656 657 658 659 660 661 662 663 664 665 666 669 670 672 673 675 676 677 678 679 680 681 682 684 685 363 378 394 395 412 422 496 

595

513 524 542 544 34 553 556 559 561 563 566 567 573 575 579 580 587 588 589 590 591 592 593 594 596 597 598 601 603 604 605 609 610 611 612 616 617 618 619 620 107 622 623 621 625 629 630 633 636 639 641 644 645 646 648 651 652 653 654 655 656 663 664 666 667 669 671 673 676 677 678 680 683 684 685 173 348 363 370 373 374 376 394 395 400 412 422 423 427 428 431 434 436 461 475 480 483 492 496 506 

596
438 
513 514 515 524 542 544 34 553 556 558 559 561 563 566 567 575 576 577 578 580 582 583 586 587 590 591 593 594 595 599 600 606 607 610 614 615 617 107 627 628 629 632 634 635 637 640 641 643 645 646 647 648 649 650 651 652 656 658 659 661 662 665 667 669 670 673 674 675 676 680 681 683 173 348 363 370 373 374 376 378 391 394 395 400 412 423 427 428 431 434 436 461 465 475 480 492 496 500 506 

597

513 514 515 524 542 544 34 553 556 558 559 561 563 566 567 576 577 578 580 582 583 586 587 591 593 594 595 599 600 604 606 607 610 614 615 107 627 628 632 634 635 637 640 641 643 645 646 647 649 650 651 652 655 656 657 658 659 660 661 662 665 667 669 670 671 673 674 675 676 681 683 173 348 363 370 373 374 376 378 391 394 395 400 412 423 427 428 431 434 436 438 461 465 475 480 483 492 496 500 506 

598

513 514 515 524 542 544 34 553 556 558 559 561 563 566 567 576 577 578 580 582 583 586 587 591 593 594 595 599 600 601 604 606 610 614 615 107 627 628 629 632 634 635 637 640 641 643 645 646 647 649 650 651 652 656 657 658 659 661 662 665 667 669 670 671 673 674 675 676 681 683 173 348 363 370 373 374 376 378 391 394 395 400 412 422 423 427 428 431 434 436 438 461 465 475 480 483 492 496 500 506 

599

513 514 515 542 544 553 556 561 567 573 574 575 579 580 584 588 589 590 591 592 593 596 597 598 601 603 604 605 609 610 611 612 616 617 618 619 620 107 622 623 621 625 626 629 630 631 633 636 637 639 641 644 645 646 648 651 652 653 654 655 656 657 663 664 666 669 671 672 673 676 677 678 680 682 684 685 348 363 370 373 374 376 378 394 395 400 412 422 423 428 431 434 436 461 465 475 480 483 492 496 

600

513 514 515 524 544 34 553 556 559 561 566 567 573 574 579 580 584 587 588 589 590 591 592 593 596 597 601 604 606 609 610 612 616 617 618 619 620 107 621 623 625 626 629 630 633 636 637 639 641 644 645 646 648 649 651 652 653 655 656 657 663 666 669 671 673 676 677 678 680 682 683 684 685 173 348 363 373 374 376 378 391 394 395 400 412 422 423 427 428 431 434 436 461 475 480 483 492 496 500 506 

601

34 556 558 563 573 574 575 576 577 578 579 581 582 583 584 586 587 588 589 590 592 593 594 595 596 597 598 599 600 603 605 606 607 610 611 612 615 616 617 618 619 620 621 622 623 625 626 627 628 631 632 633 634 635 636 639 640 642 643 645 646 647 648 649 650 652 653 654 655 657 658 659 660 661 662 663 664 665 666 667 669 670 671 672 673 674 675 677 678 679 680 681 682 684 173 685 370 423 427 480 

603

513 514 515 524 542 544 34 553 556 558 559 561 563 566 567 576 577 578 580 582 583 584 586 587 591 593 594 595 599 600 601 604 606 614 615 107 627 628 629 632 634 635 637 640 641 643 645 646 647 649 650 651 652 655 656 657 658 659 660 661 662 665 667 669 670 671 673 675 676 681 683 173 348 363 370 373 374 376 378 391 394 395 400 412 423 427 428 431 434 436 438 461 465 475 480 483 492 496 500 506 

604
637 414 
34 556 573 574 575 576 577 578 579 580 581 582 583 584 586 587 588 589 590 592 593 594 595 597 598 599 600 601 603 605 607 609 610 611 612 615 616 617 618 619 620 621 622 623 107 625 626 627 628 629 630 631 632 633 634 635 636 639 640 642 643 644 647 648 649 650 652 653 654 655 656 657 658 659 660 661 662 663 664 665 666 667 670 672 674 675 677 678 679 680 681 682 684 685 173 427 480 496 

605

513 514 515 524 542 544 34 553 556 558 559 561 563 566 567 576 577 578 580 582 583 586 587 591 593 594 595 599 600 601 604 606 607 610 614 615 107 627 628 629 632 634 635 637 640 641 643 645 646 647 649 650 651 652 656 658 659 660 661 662 665 667 669 670 671 673 674 675 676 681 683 173 348 363 370 373 374 376 378 391 394 395 400 412 423 427 428 431 434 436 438 461 465 475 480 483 492 496 500 506 

606

34 563 573 574 575 576 577 578 579 581 582 583 584 586 588 589 590 592 593 594 595 596 597 598 599 600 601 603 605 607 609 610 611 612 615 616 617 618 619 620 621 622 623 107 625 626 627 628 629 630 631 632 633 634 635 636 639 640 642 643 644 647 648 649 650 652 653 654 655 657 658 659 660 661 662 663 664 665 666 667 670 671 672 673 674 675 676 677 678 679 680 681 682 684 685 173 348 422 427 480 

607

513 514 515 524 542 544 34 553 556 558 559 561 563 566 567 580 586 587 588 589 590 591 592 593 594 596 597 601 604 605 606 609 610 612 614 617 618 619 107 620 622 623 625 629 630 633 634 636 637 639 641 644 645 646 648 651 652 653 655 656 663 664 666 669 671 673 676 677 678 680 682 683 685 348 363 370 373 374 376 378 391 394 395 400 412 422 423 428 431 434 436 438 461 465 475 480 483 492 500 506 

609
598 414 
514 515 524 542 544 34 556 558 559 561 563 566 574 576 577 578 582 583 584 586 587 591 593 594 595 599 600 604 606 607 610 614 615 616 618 621 622 627 628 631 632 634 635 637 639 640 643 645 646 647 648 649 650 651 652 655 656 657 658 659 660 661 662 663 665 667 669 670 671 673 674 675 676 678 679 681 682 683 173 348 370 373 374 376 378 391 395 423 427 431 436 438 461 475 480 492 496 506 

610

34 558 573 574 575 576 577 578 579 580 581 582 583 584 588 589 590 592 593 594 595 596 597 598 599 600 603 605 607 609 611 612 614 615 616 617 618 619 620 621 622 623 625 626 627 628 629 630 631 632 633 634 635 636 637 639 640 641 642 643 644 647 648 649 650 653 654 655 656 657 658 659 660 661 662 663 664 665 666 667 670 671 672 674 675 676 677 678 679 680 681 682 684 685 173 363 414 422 427 480 

611

513 514 515 524 542 544 34 553 556 558 559 561 563 566 567 576 577 578 580 582 583 586 587 591 593 594 595 599 600 601 604 606 610 614 615 107 627 628 629 632 634 635 637 640 641 643 645 646 647 649 650 651 652 655 656 657 658 659 660 661 662 665 667 669 670 671 673 675 676 681 683 173 348 363 370 373 374 376 378 391 394 395 400 412 423 427 428 431 434 436 438 461 465 475 480 483 492 496 500 506 

612

513 514 515 524 542 544 34 553 556 558 559 561 563 566 567 576 577 578 580 582 583 586 587 591 593 594 595 599 600 604 606 607 610 614 615 627 628 629 632 634 635 637 640 641 643 645 646 647 649 650 651 652 655 656 657 658 659 660 661 662 665 667 669 670 671 673 674 675 676 681 683 173 348 363 370 373 374 376 378 391 394 395 400 412 423 427 428 431 434 436 438 461 465 475 480 483 492 496 500 506 

614
422 
34 563 573 574 575 576 577 578 579 581 582 583 584 586 588 589 590 592 593 594 595 596 597 598 599 600 601 603 605 607 609 610 611 612 615 616 617 618 619 620 621 622 623 107 625 626 627 628 629 630 631 632 633 634 635 636 639 640 642 643 644 647 648 649 650 652 653 654 655 656 657 658 659 660 661 662 663 664 665 666 667 670 671 672 673 674 675 677 678 679 680 681 682 684 685 173 427 480 496 

615

514 515 524 542 544 34 553 556 558 559 561 566 567 573 575 579 580 584 586 587 588 589 590 591 592 593 596 597 598 601 603 604 605 606 609 610 611 612 616 617 618 619 620 107 622 623 625 626 629 630 631 633 636 637 639 641 644 645 646 648 651 652 653 654 655 656 657 664 666 669 671 672 673 676 677 678 680 682 684 685 348 373 374 376 378 395 400 412 422 423 428 431 434 461 465 475 480 483 492 496 

616
657 
513 514 515 524 542 544 34 553 556 558 559 561 563 566 567 576 577 578 580 582 583 586 587 591 593 594 595 599 600 601 604 606 607 610 614 615 107 627 628 629 632 634 635 637 640 641 643 645 646 647 648 649 650 651 652 656 658 659 661 662 665 667 669 670 671 673 675 676 681 683 173 348 363 370 373 374 376 378 391 394 395 400 412 423 427 428 431 434 436 438 461 465 475 480 483 492 496 500 506 

617
414 
513 514 515 542 544 34 556 558 559 561 563 566 576 577 578 580 582 583 586 587 591 593 594 595 596 599 600 601 604 606 607 610 614 615 107 627 628 629 632 634 635 637 640 641 643 645 646 647 649 650 651 652 655 656 658 659 660 661 662 665 667 669 670 671 673 674 675 676 681 683 173 348 363 370 373 374 376 378 391 394 395 400 412 423 427 428 431 434 436 438 461 465 475 480 483 492 496 500 506 

618

513 514 515 524 542 544 34 553 556 558 559 561 563 566 567 576 577 578 580 582 583 586 587 591 593 594 595 599 600 601 604 606 607 610 614 615 107 627 628 629 632 634 635 637 640 641 643 645 646 647 649 650 651 652 655 656 657 658 659 661 662 665 667 669 670 671 673 675 676 681 683 173 348 363 370 373 374 376 378 391 394 395 400 412 423 427 428 431 434 436 438 461 465 475 480 483 492 496 500 506 

619
414 
513 514 515 524 542 544 34 553 556 558 559 561 563 566 576 577 578 580 582 583 586 587 591 593 594 595 599 600 604 606 607 610 614 615 107 627 628 629 632 634 635 637 640 641 643 645 646 647 649 650 651 652 655 656 657 658 659 661 662 665 667 669 670 671 673 674 675 676 681 683 173 348 363 370 373 374 376 378 391 394 395 400 412 423 427 428 431 434 436 438 461 465 475 480 483 492 496 500 506 

620
394 
513 514 524 542 544 34 556 558 559 563 566 567 574 576 577 578 580 582 583 586 587 591 593 594 595 598 599 600 601 604 606 607 610 614 615 107 621 627 628 629 631 632 634 635 637 640 641 643 645 646 647 649 650 651 652 656 657 658 659 660 661 662 663 665 667 669 670 671 673 674 675 676 679 681 682 683 173 348 363 373 374 376 391 400 412 423 427 428 431 434 436 438 461 465 480 483 492 496 506 

621

513 514 515 524 542 544 34 553 556 558 559 561 563 566 567 576 577 578 580 582 583 586 587 591 593 594 595 599 600 601 604 606 610 614 615 107 620 627 628 629 632 634 635 637 640 641 643 645 646 647 648 649 650 651 652 656 657 658 659 661 662 665 669 670 671 673 675 676 680 681 683 173 348 363 370 373 374 376 378 391 394 395 400 412 423 427 428 431 434 436 438 461 465 475 480 483 492 496 500 506 

622

513 514 515 524 542 544 34 553 556 558 559 561 563 566 567 576 577 578 580 582 583 586 587 591 593 594 595 599 600 601 604 606 607 610 614 615 107 627 628 629 632 634 635 640 641 643 645 646 647 648 649 650 651 652 655 656 657 658 659 661 662 665 667 669 670 671 673 675 676 681 683 173 348 363 370 373 374 376 378 391 394 395 400 412 423 427 428 431 434 436 438 461 465 475 480 483 492 496 500 506 

623

513 514 515 542 544 34 553 556 558 559 561 563 566 576 577 578 580 582 583 586 587 591 593 594 595 599 600 601 604 606 607 610 614 615 107 627 628 629 632 634 635 637 640 641 643 645 646 647 649 650 652 655 656 657 658 659 660 661 662 665 667 669 670 671 673 674 675 676 679 681 683 173 348 363 370 373 374 376 378 391 394 395 400 412 423 427 428 431 434 436 438 461 465 475 480 483 492 496 500 506 

625

513 514 515 524 542 544 34 553 556 558 559 561 563 566 567 576 577 578 580 582 583 586 587 591 593 594 595 599 600 601 604 606 607 610 614 615 107 627 628 629 632 634 635 637 640 641 643 645 646 647 649 650 651 652 655 656 657 658 659 661 662 665 667 669 670 671 673 675 676 681 683 173 348 363 370 373 374 376 378 391 394 395 400 412 423 427 428 431 434 436 438 461 465 475 480 483 492 496 500 506 

626

513 514 515 524 542 544 34 553 556 558 559 561 563 566 567 576 577 578 580 582 583 584 586 587 591 593 594 595 599 600 604 606 610 614 615 107 621 627 628 629 632 634 635 637 639 640 641 643 645 646 647 649 650 651 652 656 658 659 661 662 665 667 669 670 671 673 675 676 679 681 683 173 348 363 370 373 374 376 378 391 394 395 400 412 423 427 428 431 434 436 438 461 465 475 480 483 492 496 500 506 

627

513 514 515 524 542 544 34 553 556 559 561 567 573 575 579 580 587 588 589 590 591 592 593 594 596 597 598 601 603 604 605 606 609 610 611 612 616 617 618 619 620 107 622 623 625 626 629 630 633 636 637 639 641 644 645 646 648 651 652 653 654 655 656 664 666 669 671 672 673 676 677 678 680 682 683 684 685 173 363 370 373 374 376 378 391 394 395 400 412 422 423 428 431 434 436 461 480 483 492 496 

628

513 514 515 524 542 544 553 556 559 561 566 567 573 579 580 584 587 588 589 590 591 592 593 596 597 598 601 603 604 605 606 609 610 611 612 614 616 617 618 619 620 107 622 623 625 626 629 630 631 633 636 637 639 641 644 646 648 651 652 653 654 655 656 657 663 664 666 669 671 672 676 677 678 680 682 684 685 348 363 373 374 376 378 391 395 400 412 422 423 428 431 434 461 465 475 480 483 492 496 506 

629
414 
34 556 558 563 573 574 575 576 577 578 579 581 582 583 584 586 587 588 589 590 592 593 594 595 596 597 598 599 600 603 605 607 610 611 612 615 616 617 618 619 620 621 622 623 625 626 627 628 631 632 633 634 635 636 639 640 642 643 645 647 648 649 650 652 653 654 655 656 657 658 659 660 661 662 663 664 665 666 667 669 670 671 672 673 674 675 676 677 678 679 680 681 682 684 173 685 427 438 480 

630

513 514 515 524 542 544 34 553 556 558 559 561 563 566 567 576 577 578 580 582 583 586 587 590 591 593 594 595 599 600 603 604 606 607 610 611 614 615 107 623 627 628 632 633 634 635 637 640 643 645 646 647 648 649 650 651 652 656 658 659 661 662 665 667 669 670 671 673 674 675 676 681 683 173 348 363 370 373 374 376 378 391 394 400 412 423 427 428 431 434 436 438 461 465 475 480 492 496 500 506 

631

513 514 515 524 542 544 34 553 556 558 559 561 563 566 567 576 577 578 580 582 583 586 587 590 591 593 594 595 599 600 601 604 606 609 610 614 615 107 627 628 629 632 634 635 640 641 643 644 645 646 647 648 649 650 651 652 656 658 659 661 662 665 667 669 670 671 673 675 676 681 683 173 348 363 370 373 374 376 378 391 394 395 400 412 423 427 428 431 434 436 438 461 465 475 480 483 492 496 500 506 

632

513 514 515 542 544 34 553 556 559 561 566 567 573 575 579 580 584 588 589 590 591 592 593 596 597 598 601 603 604 605 606 609 610 611 612 616 617 618 619 620 621 622 623 107 625 626 629 630 631 633 636 637 639 641 644 645 648 651 652 653 654 655 656 660 663 664 666 669 671 672 673 677 678 679 680 682 683 684 685 173 363 373 374 376 378 391 395 412 422 428 431 434 436 461 480 483 492 496 500 506 

633

513 514 515 542 544 34 553 556 558 559 561 563 566 574 576 577 578 580 582 583 586 587 591 593 594 595 599 600 601 604 606 607 614 615 107 627 628 629 632 634 635 637 639 640 641 643 645 646 647 649 650 651 652 655 656 657 658 659 660 661 662 665 667 669 670 671 673 674 675 676 681 683 173 348 363 370 373 374 376 378 391 394 395 400 412 423 427 428 431 434 436 438 465 475 480 483 492 496 500 506 

634

34 573 574 575 576 577 578 579 580 581 582 583 584 588 589 590 592 593 594 595 596 597 598 599 600 601 603 605 607 609 610 611 612 615 616 617 618 619 620 621 622 623 107 625 626 627 628 629 630 631 632 633 635 636 639 640 641 642 643 644 648 649 650 653 654 655 656 657 658 659 660 661 662 663 664 665 666 667 670 672 674 675 676 677 678 679 680 681 682 684 685 173 363 378 394 414 422 427 428 480 

635

513 514 515 524 542 544 34 553 556 561 563 566 567 573 574 575 579 580 584 588 589 590 591 592 593 596 597 598 601 603 604 605 609 610 611 612 616 617 618 619 620 621 622 623 107 625 626 629 630 631 633 636 637 639 644 648 649 651 652 653 654 655 656 657 660 663 664 666 669 671 672 673 676 677 678 679 680 682 684 685 173 348 373 374 376 378 394 395 400 412 422 427 428 431 434 461 480 483 492 496 

636
414 
513 514 515 524 542 544 34 556 558 559 561 563 566 567 576 577 578 580 582 583 586 587 591 593 594 595 599 600 604 606 607 610 614 615 107 627 628 632 634 635 637 639 640 641 643 645 646 647 649 650 651 652 656 657 658 659 660 661 662 665 667 669 670 671 673 674 675 676 681 683 173 348 363 370 373 374 376 378 391 394 395 400 412 423 427 428 431 434 436 438 461 465 475 480 483 492 496 500 506 

637
584 604 679 
34 556 558 563 573 574 575 576 577 578 579 581 582 583 586 588 589 590 592 593 594 595 596 597 598 599 600 603 605 607 609 610 611 612 615 616 617 618 619 620 621 622 623 625 626 627 628 630 631 632 633 634 635 636 640 642 643 644 647 648 649 650 652 653 654 655 657 658 659 660 661 662 663 664 665 666 667 670 671 672 673 674 675 676 677 680 681 682 683 684 685 173 348 422 427 428 480 

639

513 514 515 524 542 544 34 553 556 558 559 561 563 566 567 576 577 578 580 582 583 586 587 590 591 593 594 595 599 600 601 604 606 610 614 615 107 626 627 628 629 632 634 635 636 640 641 643 644 645 646 647 648 649 650 651 652 655 656 657 658 659 661 662 665 667 670 671 673 675 676 681 683 173 348 363 370 373 374 376 378 391 394 400 412 423 427 428 431 434 436 438 461 465 475 480 492 496 500 506 

640

513 514 515 544 34 556 561 563 566 567 573 574 575 579 580 584 588 589 590 591 592 593 596 597 598 601 603 604 605 609 610 611 612 616 617 618 619 620 107 622 623 621 625 626 629 630 631 633 636 637 639 641 644 645 646 648 649 651 652 653 654 655 656 663 664 666 669 671 673 676 677 678 679 680 682 683 684 685 173 348 373 374 376 378 395 412 422 423 428 431 434 436 438 461 475 480 483 492 496 506 

641

34 556 558 563 573 574 575 576 577 578 579 581 582 583 584 586 587 588 589 590 592 593 594 595 596 597 598 599 600 603 605 607 609 610 611 612 615 616 617 618 619 620 621 622 623 625 626 627 628 631 632 633 634 635 636 639 640 642 643 644 645 646 647 648 649 650 652 653 654 655 657 658 659 660 661 662 663 664 665 666 667 670 671 672 673 674 675 676 677 678 679 680 681 682 684 685 173 422 427 480 

642

513 514 515 524 542 544 34 553 556 558 559 561 563 566 567 580 586 587 588 589 590 591 593 594 596 598 601 604 606 609 610 611 614 617 107 620 621 626 629 630 633 634 637 639 641 644 645 646 647 648 649 651 652 653 655 656 657 660 666 667 669 671 672 673 676 677 680 682 683 173 348 363 370 373 374 376 378 391 394 395 400 412 414 422 423 427 428 431 434 436 438 461 465 475 480 483 492 496 500 506 

643

514 515 524 542 544 553 556 558 559 561 566 567 573 579 580 584 586 587 588 589 590 591 592 593 596 597 598 601 603 604 605 606 609 610 611 612 617 618 619 620 107 622 623 621 626 629 630 633 636 637 639 641 644 645 646 648 651 652 653 654 655 656 657 664 666 669 671 672 673 676 677 678 680 682 683 684 685 348 363 373 374 376 378 391 395 400 412 422 423 428 431 434 436 461 475 480 483 492 496 506 

644
414 
514 515 544 34 556 558 559 563 566 574 576 577 578 582 583 584 586 587 591 593 594 595 596 598 599 600 604 606 607 610 611 614 615 616 618 621 622 627 628 631 632 634 635 637 639 640 643 645 646 647 649 650 651 652 655 656 657 658 659 660 661 662 663 665 667 669 670 671 672 673 674 675 676 678 679 681 682 683 173 348 363 370 374 376 378 391 394 395 423 427 431 434 436 438 461 465 480 496 506 

645

34 556 573 574 575 576 577 578 579 581 582 583 584 588 589 590 592 593 594 595 596 597 598 599 600 601 603 605 607 609 611 612 615 616 617 618 619 620 621 622 623 107 625 626 627 628 629 630 631 632 633 635 636 639 640 641 642 643 644 647 648 649 650 652 653 654 655 656 657 658 659 660 661 662 663 664 665 666 667 670 672 673 674 675 676 677 678 679 680 681 682 684 685 173 394 414 422 427 480 496 

646

514 34 556 563 573 574 575 576 577 578 579 580 581 582 583 584 588 589 590 592 593 594 595 596 597 598 599 600 601 603 605 607 609 611 612 615 616 617 618 619 620 621 622 623 107 625 626 627 628 629 630 631 632 633 635 636 639 640 642 643 644 647 648 649 650 653 654 655 656 657 658 659 660 661 662 663 664 665 666 667 670 672 674 675 676 677 678 679 680 681 682 684 685 173 378 414 422 427 480 500 

647

514 515 524 542 544 34 553 556 559 561 566 573 575 579 580 588 589 590 591 592 593 594 596 597 598 601 603 604 605 609 610 611 612 614 616 617 618 619 620 107 622 623 621 625 626 629 630 633 636 637 639 641 644 648 652 653 654 655 656 657 660 663 664 666 667 669 671 672 673 676 677 678 680 682 683 684 685 348 363 370 373 374 378 391 394 395 400 412 422 428 431 434 461 465 475 480 483 492 500 506 

648

513 514 515 542 544 34 556 558 561 563 566 574 576 577 578 580 582 583 584 586 587 591 593 594 595 596 599 600 601 604 606 607 610 614 615 107 621 622 627 628 629 631 632 634 635 637 640 641 643 645 646 647 649 650 652 655 656 658 659 660 661 662 663 665 667 669 670 671 673 674 675 676 681 683 173 363 374 376 378 391 394 395 400 412 414 422 423 427 428 431 434 436 438 461 465 480 483 496 500 506 

649

515 524 553 556 558 559 561 573 574 576 577 578 579 582 583 584 586 587 588 589 590 592 593 595 596 597 598 599 600 603 604 605 606 609 612 614 615 616 617 618 619 620 621 622 623 625 626 627 628 630 631 632 633 634 635 636 639 640 643 645 648 650 651 652 653 654 655 658 659 660 661 662 663 664 665 666 669 670 671 672 673 675 676 677 678 679 680 681 682 684 685 373 391 395 423 431 436 461 465 480 

650

513 515 524 542 544 34 553 556 559 561 566 567 573 575 579 580 588 589 590 591 592 593 596 597 598 601 603 604 605 606 609 610 612 614 616 617 619 620 107 622 623 625 626 629 630 633 636 637 639 641 644 646 648 651 652 653 654 655 656 664 666 669 671 672 673 676 677 678 680 682 683 684 685 173 348 363 370 373 374 376 378 391 394 395 400 412 422 428 431 434 436 461 465 475 480 483 492 496 500 506 

651

34 556 558 563 573 574 575 576 577 578 579 581 582 583 584 588 589 590 592 593 594 595 596 597 598 599 600 601 603 605 607 609 610 611 612 615 616 617 618 619 620 621 622 623 107 625 626 627 628 629 630 631 632 633 635 636 639 640 642 643 644 647 648 649 650 652 653 654 655 656 657 658 659 660 661 662 663 664 665 666 667 670 671 672 673 674 675 676 677 678 679 680 681 682 684 685 173 422 427 480 

652

34 558 573 574 575 576 577 578 579 580 581 582 583 584 588 589 590 592 593 594 595 596 597 598 599 600 601 603 605 606 607 609 611 612 615 616 617 618 619 620 621 622 623 107 625 626 627 628 629 630 631 632 633 635 636 639 640 641 642 643 644 645 647 648 649 650 653 654 655 656 657 658 659 660 661 662 663 664 665 666 667 670 671 672 674 675 677 678 679 680 681 682 684 685 173 414 422 427 428 480 

653
625 
513 514 515 524 542 544 34 553 556 558 559 561 563 566 567 576 577 578 580 582 583 586 587 591 593 594 595 599 600 601 604 606 607 610 614 615 107 627 628 629 632 634 635 637 639 640 641 643 645 646 647 649 650 651 652 656 657 658 659 660 661 662 665 667 670 671 673 674 675 676 681 683 173 348 363 370 373 374 376 378 391 394 400 412 423 427 428 431 434 436 438 465 475 480 483 492 496 500 506 

654
683 
513 514 524 542 544 34 553 556 558 559 561 563 566 567 576 577 578 580 582 583 586 587 591 593 594 595 599 600 601 604 606 610 614 615 107 627 628 629 632 634 635 637 640 641 643 645 646 647 649 650 651 652 655 656 657 658 659 660 661 662 665 667 669 670 671 673 674 675 676 681 173 348 363 370 373 374 376 378 391 394 395 400 412 423 427 428 431 434 436 438 461 465 475 480 483 492 496 500 506 

655

514 515 524 542 544 34 553 556 558 559 561 563 566 567 575 576 577 578 580 582 583 586 587 588 590 591 594 595 599 600 603 606 610 611 614 615 617 107 627 628 632 633 634 635 637 640 641 643 644 645 646 647 648 649 650 651 652 656 658 659 660 661 662 665 666 667 669 670 671 673 675 676 681 683 173 348 363 370 373 374 376 378 391 394 423 427 428 431 434 436 438 461 465 475 480 483 492 496 500 506 

656

34 558 563 573 574 575 576 577 578 579 581 582 583 584 586 587 588 589 590 592 593 594 595 596 597 598 599 600 603 604 605 607 609 610 611 612 615 616 617 618 619 620 621 622 623 625 626 627 628 630 631 632 633 634 635 636 639 640 642 643 644 646 647 648 649 650 652 653 654 655 657 658 659 660 661 662 663 664 665 666 667 670 671 672 673 674 675 677 678 679 680 681 682 684 685 173 414 422 427 480 

657

513 514 515 524 542 544 34 553 556 558 559 561 563 566 567 577 578 580 582 583 586 587 588 590 591 594 595 599 600 604 606 610 614 615 107 621 622 623 625 627 628 632 633 634 635 637 640 643 645 646 647 650 651 652 656 658 659 660 661 662 665 667 669 670 671 673 675 676 678 680 681 683 173 363 370 373 374 376 378 391 394 395 400 412 423 427 428 431 434 436 438 461 465 475 480 483 492 496 500 506 

658

513 514 515 542 544 34 553 556 561 563 566 567 573 575 579 580 584 588 589 590 591 592 593 596 597 598 601 603 604 605 609 610 612 616 617 618 107 620 619 622 623 625 626 629 630 631 633 636 637 639 641 644 645 646 648 649 651 652 653 654 655 656 663 664 666 669 671 672 673 676 677 678 680 682 684 685 173 348 363 373 374 376 378 394 395 400 412 422 427 428 431 434 436 461 475 480 483 492 496 506 

659

513 515 524 544 34 553 556 558 561 563 566 567 573 575 579 586 587 588 589 590 591 592 593 594 596 597 598 601 603 604 605 609 610 611 612 616 617 618 619 620 107 622 623 621 625 626 629 630 633 636 637 639 641 644 645 646 648 649 651 652 653 654 656 657 664 666 669 671 672 673 676 677 678 680 682 684 685 173 348 370 373 374 376 378 391 395 412 422 423 427 428 431 434 436 461 475 480 483 492 496 

660

513 514 515 524 542 544 34 553 556 558 559 561 566 567 576 577 578 580 582 583 586 587 591 593 594 595 600 601 604 605 606 609 610 612 614 615 107 627 628 629 632 634 635 637 640 641 644 645 646 647 648 649 650 651 652 655 656 657 658 659 661 662 665 669 671 673 675 676 681 683 173 348 363 370 373 374 376 378 391 394 395 400 412 422 423 427 428 431 434 436 438 461 465 475 480 483 492 496 500 506 

661

513 515 524 542 544 34 553 556 558 561 566 567 573 575 579 580 584 587 588 589 590 591 592 593 594 596 597 598 601 603 604 605 609 610 611 612 616 617 618 619 620 107 622 623 621 625 626 629 630 631 633 636 637 639 641 644 645 646 648 651 652 653 654 655 656 657 664 666 669 671 672 673 676 677 678 680 682 683 684 685 348 373 374 376 378 395 400 412 422 423 428 431 434 436 461 475 480 483 492 496 

662

514 515 524 542 544 34 553 559 561 563 566 567 573 575 579 580 587 588 589 590 591 592 593 594 596 597 601 603 604 605 609 610 612 617 618 107 620 619 622 623 626 629 630 633 636 637 639 641 644 645 646 648 649 651 652 653 654 655 656 664 666 667 669 671 672 673 676 677 678 680 682 683 684 685 173 348 363 373 374 376 378 391 394 395 400 412 422 423 427 428 431 434 436 461 475 480 483 492 496 506 

663

513 514 515 524 542 544 34 553 556 558 559 561 563 566 567 576 577 578 580 582 583 586 587 590 591 593 594 595 599 600 601 604 606 610 614 615 107 627 628 629 632 634 635 637 640 641 643 645 646 647 648 649 650 651 652 656 658 659 661 662 665 667 669 670 671 673 675 676 680 681 683 173 348 363 370 373 374 376 378 391 394 395 400 412 423 427 428 431 434 436 438 461 465 475 480 483 492 496 500 506 

664

513 514 515 524 542 544 34 553 556 558 559 561 563 566 567 576 577 578 580 582 583 586 587 591 593 594 595 599 600 601 604 606 607 610 614 615 107 627 628 629 632 634 635 637 639 640 641 643 645 646 647 649 650 651 652 656 658 659 661 662 665 667 669 670 671 673 674 675 676 681 683 173 348 363 370 373 374 376 378 391 394 395 400 412 423 427 428 431 434 436 438 461 465 475 480 483 492 496 500 506 

665

513 514 515 524 542 544 34 553 556 559 561 563 566 567 573 575 579 580 586 587 588 589 590 591 592 593 596 597 598 601 603 604 605 609 610 612 614 616 617 618 619 620 107 622 623 625 626 629 630 633 636 637 639 641 644 646 648 651 652 653 654 655 656 657 664 666 669 671 672 673 676 677 678 680 683 684 685 173 348 363 370 373 374 376 378 391 395 412 422 423 428 431 434 436 461 480 483 492 496 506 

666

513 514 524 542 544 34 556 558 559 563 566 576 577 578 580 582 583 584 586 587 591 593 594 595 596 599 600 601 604 606 607 610 614 615 107 626 627 628 629 631 632 634 635 637 639 640 641 643 645 646 647 649 650 651 652 655 656 657 658 659 660 661 662 665 667 670 671 673 674 675 676 679 681 682 683 173 348 363 374 376 378 391 394 400 412 423 427 428 431 434 436 438 461 465 475 480 483 492 496 506 

667

514 515 524 556 573 574 575 576 577 578 579 582 583 584 586 587 588 589 590 592 593 595 596 597 598 599 600 603 605 609 610 611 612 614 615 616 617 618 619 620 621 622 623 625 626 627 628 630 631 632 633 634 635 636 637 639 640 643 644 647 648 650 652 653 654 655 656 657 658 659 660 661 662 663 664 665 666 669 670 671 672 673 675 677 678 679 680 681 682 684 685 363 374 376 378 394 395 422 475 496 

669
414 671 
34 558 573 574 575 576 577 578 579 581 582 583 584 586 588 589 590 592 593 594 595 596 597 598 599 600 601 603 605 607 609 610 611 612 615 616 617 618 619 620 621 622 623 107 625 626 627 628 629 630 631 632 633 634 635 636 639 640 642 643 644 647 648 649 650 652 653 654 655 657 658 659 660 661 662 663 664 665 666 667 670 672 673 674 675 676 677 678 679 680 681 682 684 685 173 422 427 480 

670

515 524 542 544 34 553 556 561 563 566 567 573 575 579 580 587 588 589 590 591 592 593 596 597 598 601 603 604 605 606 609 610 611 612 616 617 618 619 620 107 622 623 625 626 629 630 633 636 637 639 641 644 646 648 649 651 652 653 654 655 656 657 664 666 669 671 672 673 676 677 678 680 683 684 685 173 348 363 373 374 376 378 391 395 400 412 422 423 427 428 431 434 438 461 475 480 483 492 496 506 

671

34 556 573 574 575 576 577 578 579 580 581 582 583 584 588 589 590 592 593 594 595 597 598 599 600 601 603 605 607 609 611 612 615 616 617 618 619 620 621 622 623 107 625 626 627 628 629 630 631 632 633 635 636 639 640 641 642 643 644 647 648 649 650 652 653 654 655 656 657 658 659 660 661 662 663 664 665 666 667 670 672 674 675 676 677 678 679 680 681 682 684 685 173 348 394 414 422 427 480 496 

672

513 514 515 524 542 544 34 553 556 558 559 561 563 566 567 576 577 578 580 582 583 586 587 591 593 594 595 599 600 601 604 606 610 614 615 107 627 628 629 632 634 635 637 640 641 643 645 646 647 649 650 651 652 656 657 658 659 660 661 662 665 667 669 670 671 673 674 675 676 681 683 173 348 363 370 373 374 376 378 391 394 395 400 412 423 427 428 431 434 436 438 461 465 475 480 483 492 496 500 506 

673

514 34 558 563 566 573 574 575 576 577 578 579 581 582 583 584 588 589 590 592 593 594 595 596 597 598 599 600 601 603 605 607 609 611 612 615 616 617 618 619 620 621 622 623 107 625 626 627 628 629 630 631 632 633 635 636 637 639 640 641 642 643 644 647 648 649 650 653 654 655 656 657 658 659 660 661 662 663 664 665 666 667 670 671 672 674 675 677 678 679 680 681 682 684 173 685 414 422 427 480 

674

513 514 515 524 542 544 553 556 558 561 563 566 567 573 575 580 586 587 588 589 590 591 592 593 596 597 598 601 604 605 606 609 610 612 614 617 619 620 107 622 623 629 630 633 634 636 637 641 644 645 646 648 651 652 653 654 655 656 664 666 669 671 672 673 676 677 678 680 682 683 684 685 348 363 370 373 374 376 378 391 394 395 400 412 422 423 428 431 434 436 438 461 465 475 480 483 492 496 500 506 

675

513 514 515 524 542 544 34 553 556 559 561 566 567 573 579 580 587 588 589 590 591 592 593 596 597 601 603 604 605 606 609 610 611 612 614 616 617 618 619 620 107 622 623 625 626 629 630 633 636 637 639 641 644 645 646 648 651 652 653 654 655 656 664 666 669 671 672 673 676 677 678 680 683 684 685 363 370 373 374 376 378 391 394 395 400 412 422 423 428 431 434 436 438 461 465 475 483 492 496 506 

676

34 573 574 575 576 577 578 579 581 582 583 584 586 587 588 589 590 592 593 594 595 596 597 598 599 600 603 605 606 607 609 610 611 612 615 616 617 618 619 620 621 622 623 107 625 626 627 628 629 630 631 632 633 634 635 636 639 640 642 643 644 645 646 647 648 649 650 653 654 655 656 657 658 659 660 661 662 663 664 665 666 667 670 671 672 673 674 675 677 678 679 680 681 682 684 685 173 422 427 480 

677
414 
513 514 515 542 544 34 553 556 558 559 561 563 566 567 576 577 578 580 582 583 586 587 591 593 594 595 599 600 601 604 606 607 610 614 615 107 627 628 629 632 634 635 637 640 641 643 645 646 647 649 650 651 652 656 658 659 660 661 662 665 667 669 670 671 673 674 675 676 681 683 173 348 363 370 373 374 376 378 391 394 395 400 412 423 427 428 431 434 436 438 461 465 475 480 483 492 496 500 506 

678

513 514 515 524 542 544 34 553 556 558 559 561 563 566 567 576 577 578 580 582 583 586 587 590 591 593 594 595 599 600 601 604 606 607 610 614 615 107 627 628 629 632 634 635 640 641 643 645 646 647 649 650 651 652 655 656 657 658 659 661 662 665 667 669 670 671 673 674 675 676 681 683 173 348 363 370 373 374 376 378 391 394 400 412 423 427 428 431 434 436 438 461 465 475 480 483 492 496 500 506 

679
637 
513 514 515 524 542 544 34 553 556 558 559 561 563 566 567 576 577 578 580 582 583 586 587 590 591 593 594 595 599 600 601 604 606 609 610 614 615 107 627 628 629 632 634 635 640 641 643 644 645 646 647 649 650 651 652 656 657 658 659 661 662 665 667 669 671 673 675 676 681 683 173 348 363 370 373 374 376 378 391 394 395 400 412 423 427 428 431 434 436 438 461 465 475 480 483 492 496 500 506 

680
414 
513 514 515 542 544 34 553 556 558 559 563 566 574 576 577 578 580 582 583 584 586 587 593 594 595 596 599 600 601 604 606 607 610 614 615 107 621 627 628 629 632 634 635 637 639 640 643 645 646 647 649 650 652 655 656 657 658 659 660 661 662 663 665 667 669 670 671 673 674 675 676 681 682 683 173 348 363 370 374 376 378 391 394 395 400 412 423 427 428 431 436 438 475 480 483 492 496 500 506 

681

513 514 515 524 544 34 553 556 559 561 566 567 573 574 579 580 584 587 588 589 590 591 592 593 596 597 598 601 603 604 605 606 609 610 611 612 614 616 617 618 619 620 107 622 623 625 626 629 630 631 633 636 637 639 641 644 646 648 651 652 653 654 655 656 663 664 666 669 671 672 673 677 678 679 680 682 683 684 685 363 373 374 376 378 394 395 400 412 422 423 428 431 434 436 475 480 483 492 496 506 

682

513 514 515 524 542 544 34 553 556 558 559 561 563 566 567 576 577 578 580 582 583 586 587 590 591 593 594 595 599 600 601 604 606 609 610 614 615 107 627 628 629 632 634 635 640 641 643 644 645 646 647 649 650 651 652 656 658 659 661 662 665 666 667 669 670 671 673 675 676 681 683 173 348 363 370 373 374 376 378 391 394 395 400 412 423 427 428 431 434 436 438 461 465 475 480 483 492 496 500 506 

683
654 
34 558 563 573 574 575 576 577 578 579 581 582 583 584 586 588 589 590 592 593 594 595 596 597 598 599 600 601 603 605 607 609 610 611 612 615 616 617 618 619 620 621 622 623 107 625 626 627 628 629 630 631 632 633 634 635 636 637 639 640 641 642 643 644 647 648 649 650 653 655 656 657 658 659 660 661 662 663 664 665 666 667 670 671 672 674 675 677 678 679 680 681 682 684 685 173 422 427 480 

684

513 514 515 524 542 544 34 553 556 558 559 561 563 566 567 576 577 578 580 582 583 586 587 591 593 594 595 599 600 601 604 606 610 614 615 107 627 628 629 632 634 635 637 640 641 643 645 646 647 649 650 651 652 655 656 657 658 659 661 662 665 667 669 670 671 673 674 675 676 681 683 173 348 363 370 373 374 376 378 391 394 395 400 412 423 427 428 431 434 436 438 461 465 475 480 483 492 496 500 506 

685

513 514 515 524 542 544 34 553 556 558 559 561 563 566 567 576 577 578 580 582 583 586 587 591 593 594 595 599 600 601 604 606 607 610 614 615 107 627 628 629 632 634 635 637 640 641 643 645 646 647 649 650 651 652 656 658 659 660 661 662 665 667 669 670 671 673 674 675 676 681 683 173 348 363 370 373 374 376 378 391 394 395 400 412 423 427 428 431 434 436 438 461 465 475 480 483 492 496 500 506 

