594

3981 3982 3983 3984 3985 3986 3988 3990 3991 3992 3993 3994 3995 3996 3997 3998 3999 4000 4001 4002 4003 4004 4005 4006 4007 4008 4009 4010 4012 4013 4014 4016 4017 4018 4019 4020 4021 4023 4024 4025 4026 4027 4028 4029 4030 4032 4033 4034 4035 4036 4037 4038 594 

3980
4038 3986 3994 3995 4028 4030 3999 
3980 

3981
4019 3997 3998 
3981 3982 3983 3984 3985 3986 3988 3989 3990 3991 3992 3993 3995 3996 3999 4000 4001 4002 4003 4004 4005 4006 4007 4008 4010 4011 4012 4013 4014 4016 4017 4020 4021 4024 4025 4026 4027 4028 4029 4030 4031 4032 4033 4034 4035 4036 4037 4038 594 

3982
4026 3988 
3981 3982 3983 3984 3985 3989 3990 3991 3992 3993 3995 3996 3999 4000 4001 4002 4004 4005 4006 4007 4008 4010 4011 4012 4013 4016 4017 4018 4019 4020 4024 4025 4027 4028 4029 4031 4032 4033 4034 4035 4036 4038 594 

3983

3981 3982 3983 3984 3985 3986 3988 3989 3990 3991 3992 3993 3994 3995 3996 3997 3998 3999 4000 4001 4002 4003 4004 4005 4006 4007 4008 4009 4010 4011 4012 4013 4014 4016 4018 4019 4020 4021 4023 4024 4025 4026 4027 4028 4029 4030 4031 4032 4033 4034 4035 4036 4037 4038 594 

3984

3981 3982 3983 3984 3985 3986 3988 3989 3990 3991 3992 3993 3994 3995 3996 3997 3998 3999 4000 4001 4002 4003 4004 4005 4006 4007 4008 4009 4010 4011 4012 4013 4014 4016 4017 4018 4019 4020 4021 4023 4024 4025 4026 4027 4028 4029 4030 4031 4032 4033 4034 4035 4036 4037 4038 594 

3985
4014 
3981 3982 3983 3984 3985 3986 3989 3990 3991 3992 3994 3996 3997 3998 3999 4000 4001 4002 4003 4005 4006 4007 4008 4009 4010 4011 4012 4013 4016 4017 4018 4019 4020 4021 4023 4024 4025 4026 4027 4028 4029 4030 4031 4032 4033 4034 4035 4036 4037 4038 594 

3986
4026 3980 
3981 3983 3984 3985 3986 3988 3989 3990 3991 3992 3993 3994 3995 3996 3997 3998 3999 4001 4002 4003 4004 4005 4006 4007 4008 4009 4010 4011 4012 4013 4016 4018 4019 4020 4023 4024 4025 4027 4028 4029 4031 4032 4034 4035 4036 4037 4038 594 

3988
3995 4021 3982 
3981 3983 3984 3986 3988 3989 3990 3991 3992 3994 3996 3997 3998 3999 4000 4001 4002 4003 4004 4005 4006 4007 4008 4009 4010 4011 4012 4013 4014 4016 4017 4018 4019 4020 4023 4024 4025 4026 4027 4028 4029 4031 4032 4033 4034 4035 4036 4037 4038 594 

3989
4011 
3981 3982 3983 3984 3985 3986 3988 3989 3990 3992 3993 3994 3995 3996 3997 3998 3999 4000 4001 4002 4003 4004 4005 4006 4007 4008 4009 4010 4012 4014 4016 4017 4018 4019 4020 4021 4023 4024 4025 4026 4027 4028 4029 4030 4031 4032 4033 4034 4035 4036 4037 

3990

3981 3982 3983 3984 3985 3986 3988 3989 3990 3991 3992 3993 3994 3995 3996 3997 3998 3999 4000 4001 4002 4003 4004 4005 4006 4008 4009 4010 4011 4012 4013 4014 4017 4018 4019 4020 4021 4023 4024 4026 4027 4028 4029 4030 4031 4032 4033 4034 4035 4036 4037 4038 594 

3991
4031 
3981 3982 3983 3984 3985 3986 3988 3990 3991 3992 3993 3994 3995 3996 3997 3998 3999 4000 4001 4002 4003 4004 4005 4006 4007 4008 4009 4010 4011 4012 4013 4014 4016 4017 4018 4019 4020 4021 4023 4024 4025 4026 4027 4028 4029 4030 4032 4033 4034 4035 4036 4037 4038 594 

3992

3981 3982 3983 3984 3985 3986 3988 3989 3990 3991 3992 3993 3994 3995 3996 3997 3998 3999 4001 4002 4003 4004 4005 4006 4007 4008 4009 4010 4011 4012 4013 4014 4016 4018 4019 4020 4021 4023 4024 4025 4026 4027 4028 4029 4030 4031 4032 4033 4034 4035 4036 4037 4038 594 

3993

3981 3982 3983 3984 3986 3989 3990 3991 3992 3993 3994 3996 3997 3998 3999 4000 4001 4002 4003 4005 4006 4007 4008 4009 4010 4011 4012 4013 4014 4016 4017 4018 4019 4020 4021 4023 4024 4025 4026 4027 4028 4029 4031 4032 4033 4034 4035 4036 4037 4038 594 

3994
3980 3997 
3983 3984 3985 3986 3988 3989 3990 3991 3992 3993 3994 3995 3999 4000 4001 4002 4003 4004 4005 4006 4007 4008 4010 4011 4012 4013 4014 4016 4017 4020 4021 4024 4025 4026 4027 4028 4029 4031 4032 4033 4034 4035 4036 4037 4038 594 

3995
4000 3988 3980 
3981 3982 3983 3984 3986 3989 3990 3991 3992 3994 3995 3996 3997 3998 3999 4001 4002 4003 4005 4006 4007 4008 4009 4010 4011 4012 4013 4016 4017 4018 4019 4020 4021 4024 4025 4027 4028 4029 4030 4031 4032 4033 4034 4035 4036 4037 4038 594 

3996

3981 3982 3983 3984 3985 3986 3988 3989 3990 3991 3992 3993 3995 3996 3997 3998 3999 4000 4001 4003 4004 4005 4006 4007 4008 4009 4010 4011 4012 4013 4014 4016 4017 4018 4019 4020 4021 4023 4024 4025 4026 4027 4029 4030 4031 4032 4033 4034 4035 4036 4037 4038 594 

3997
3994 4019 3981 
3983 3984 3985 3986 3988 3989 3990 3991 3992 3993 3995 3996 3997 3999 4000 4001 4002 4003 4004 4005 4006 4007 4008 4010 4011 4012 4013 4014 4016 4017 4020 4024 4025 4026 4027 4028 4029 4031 4032 4033 4034 4035 4036 4037 4038 594 

3998
4005 3981 3999 
3983 3984 3985 3986 3988 3989 3990 3991 3992 3993 3995 3996 3998 4000 4001 4003 4004 4006 4007 4008 4010 4011 4012 4013 4016 4017 4020 4024 4025 4026 4027 4028 4029 4030 4031 4032 4033 4034 4035 4036 4037 4038 594 

3999
4036 3980 3998 
3981 3982 3983 3984 3985 3986 3988 3989 3990 3991 3992 3993 3994 3995 3996 3997 3999 4000 4001 4002 4003 4004 4006 4007 4008 4009 4010 4011 4012 4013 4014 4016 4017 4018 4019 4020 4021 4023 4024 4025 4026 4027 4028 4029 4030 4031 4032 4033 4034 4035 4037 4038 594 

4000
4017 3995 4021 4030 
3981 3982 3983 3984 3985 3988 3989 3990 3991 3993 3994 3996 3997 3998 3999 4000 4001 4002 4003 4004 4005 4006 4007 4008 4009 4010 4011 4012 4013 4014 4016 4018 4019 4020 4023 4024 4025 4027 4028 4029 4031 4032 4034 4035 4036 4037 4038 594 

4001
4029 
3981 3982 3983 3984 3985 3986 3988 3989 3990 3991 3992 3993 3994 3995 3996 3997 3998 3999 4000 4001 4002 4003 4004 4005 4006 4007 4008 4009 4010 4011 4012 4013 4014 4016 4017 4018 4019 4020 4021 4023 4024 4025 4026 4027 4028 4030 4031 4032 4033 4034 4035 4036 4037 4038 594 

4002
4020 
3981 3982 3983 3984 3985 3986 3988 3989 3990 3991 3992 3993 3994 3995 3997 3999 4000 4001 4002 4003 4004 4005 4006 4007 4008 4009 4010 4011 4012 4013 4014 4016 4017 4018 4019 4021 4024 4025 4026 4028 4029 4030 4032 4033 4034 4035 4036 4037 4038 594 

4003
4009 4030 
3981 3983 3984 3985 3986 3988 3989 3990 3991 3992 3993 3994 3995 3996 3997 3998 3999 4000 4001 4002 4003 4004 4005 4006 4007 4008 4010 4011 4012 4013 4014 4016 4017 4018 4019 4020 4021 4024 4025 4026 4027 4028 4029 4031 4032 4033 4034 4035 4036 4037 4038 594 

4004

3981 3982 3983 3984 3986 3988 3989 3990 3991 3992 3994 3996 3997 3998 3999 4000 4001 4002 4003 4004 4005 4006 4007 4008 4009 4010 4011 4012 4014 4016 4017 4018 4019 4021 4024 4025 4026 4027 4028 4029 4032 4033 4034 4035 4036 4037 594 

4005
3998 
3981 3982 3983 3984 3985 3986 3988 3989 3990 3991 3992 3993 3994 3995 3996 3997 4000 4001 4002 4003 4004 4005 4006 4007 4008 4009 4010 4011 4012 4013 4014 4016 4017 4018 4019 4020 4021 4023 4024 4025 4026 4027 4028 4029 4030 4031 4032 4033 4034 4035 4036 4037 4038 594 

4006

3981 3982 3983 3984 3985 3986 3988 3989 3990 3991 3992 3993 3994 3995 3996 3997 3998 3999 4000 4001 4002 4003 4004 4005 4006 4007 4008 4009 4010 4011 4012 4013 4014 4016 4017 4018 4019 4020 4021 4023 4024 4025 4026 4028 4029 4030 4031 4032 4033 4034 4035 4036 4037 4038 594 

4007
4025 
3981 3982 3983 3984 3985 3986 3988 3989 3991 3992 3993 3994 3995 3996 3997 3998 3999 4000 4001 4002 4003 4004 4005 4006 4007 4008 4009 4010 4011 4012 4013 4014 4017 4018 4019 4020 4021 4023 4024 4026 4027 4028 4029 4030 4031 4032 4033 4034 4035 4036 4037 4038 594 

4008

3981 3982 3983 3984 3985 3986 3988 3989 3990 3991 3992 3993 3994 3995 3996 3997 3998 3999 4000 4001 4002 4003 4004 4005 4006 4007 4008 4009 4010 4011 4012 4013 4014 4016 4017 4018 4019 4020 4021 4023 4024 4025 4026 4027 4028 4029 4030 4031 4032 4033 4034 4035 4036 4037 4038 594 

4009
4003 4019 
3983 3984 3985 3986 3988 3989 3990 3991 3992 3993 3995 3996 3999 4000 4001 4002 4004 4005 4006 4007 4008 4009 4010 4011 4012 4013 4014 4016 4017 4018 4020 4021 4024 4025 4026 4027 4028 4029 4031 4032 4033 4034 4035 4036 4037 4038 594 

4010

3981 3982 3983 3984 3985 3986 3988 3989 3990 3991 3992 3993 3994 3995 3996 3997 3998 3999 4000 4001 4002 4003 4004 4005 4006 4007 4008 4009 4010 4011 4012 4013 4014 4016 4017 4018 4019 4020 4021 4023 4024 4025 4026 4027 4028 4029 4030 4031 4032 4033 4034 4035 4036 4037 4038 594 

4011
3989 4031 
3981 3982 3983 3984 3985 3986 3988 3990 3991 3992 3993 3994 3995 3996 3997 3998 3999 4000 4001 4002 4003 4004 4005 4006 4007 4008 4009 4010 4011 4012 4013 4014 4016 4017 4018 4019 4020 4021 4023 4024 4025 4026 4027 4028 4029 4030 4032 4033 4034 4035 4036 4037 4038 

4012

3981 3982 3983 3984 3985 3986 3988 3989 3990 3991 3992 3993 3994 3995 3996 3997 3998 3999 4000 4001 4002 4003 4004 4005 4006 4007 4008 4009 4010 4011 4012 4013 4014 4016 4017 4018 4019 4020 4021 4023 4024 4025 4026 4027 4028 4029 4030 4031 4032 4033 4034 4035 4036 4037 4038 594 

4013

3981 3982 3983 3984 3985 3986 3988 3990 3991 3992 3993 3994 3995 3996 3997 3998 3999 4000 4001 4002 4003 4005 4006 4007 4008 4009 4010 4011 4012 4013 4014 4016 4017 4018 4019 4020 4021 4024 4025 4026 4027 4028 4029 4030 4032 4033 4034 4035 4036 4037 594 

4014
3985 4038 
3981 3983 3984 3988 3989 3990 3991 3992 3993 3994 3996 3997 3999 4000 4001 4002 4003 4004 4005 4006 4007 4008 4009 4010 4011 4012 4013 4014 4016 4018 4019 4020 4024 4025 4026 4027 4028 4029 4031 4032 4033 4034 4035 4036 594 

4016

3981 3982 3983 3984 3985 3986 3988 3989 3991 3992 3993 3994 3995 3996 3997 3998 3999 4000 4001 4002 4003 4004 4005 4006 4008 4009 4010 4011 4012 4013 4014 4016 4017 4018 4019 4020 4021 4023 4024 4026 4027 4028 4029 4030 4031 4032 4033 4034 4035 4036 4037 4038 594 

4017
4000 
3981 3982 3984 3985 3988 3989 3990 3991 3993 3994 3995 3996 3997 3998 3999 4001 4002 4003 4004 4005 4006 4007 4008 4009 4010 4011 4012 4013 4016 4017 4018 4019 4020 4023 4024 4025 4027 4028 4029 4031 4032 4033 4034 4035 4036 4037 4038 594 

4018

3982 3983 3984 3985 3986 3988 3989 3990 3991 3992 3993 3995 3996 3999 4000 4001 4002 4003 4004 4005 4006 4007 4008 4009 4010 4011 4012 4013 4014 4016 4017 4018 4019 4020 4021 4024 4025 4026 4027 4028 4029 4031 4032 4033 4034 4035 4036 4037 4038 594 

4019
4009 3997 3981 
3982 3983 3984 3985 3986 3988 3989 3990 3991 3992 3993 3995 3996 3999 4000 4001 4002 4003 4004 4005 4006 4007 4008 4010 4011 4012 4013 4014 4016 4017 4018 4019 4020 4021 4023 4024 4025 4027 4028 4029 4031 4032 4033 4034 4035 4036 4037 4038 594 

4020
4002 
3981 3982 3983 3984 3985 3986 3988 3989 3990 3991 3992 3993 3994 3995 3996 3997 3998 3999 4000 4001 4003 4005 4006 4007 4008 4009 4010 4011 4012 4013 4014 4016 4017 4018 4019 4020 4021 4023 4024 4025 4026 4028 4029 4032 4033 4034 4035 4036 594 

4021
4000 3988 
3981 3983 3984 3985 3989 3990 3991 3992 3993 3994 3995 3996 3999 4001 4002 4003 4004 4005 4006 4007 4008 4009 4010 4011 4012 4013 4016 4018 4019 4020 4021 4023 4024 4025 4027 4028 4029 4031 4032 4033 4034 4035 4036 4037 4038 594 

4023

3983 3984 3985 3986 3988 3989 3990 3991 3992 3993 3996 3999 4000 4001 4005 4006 4007 4008 4010 4011 4012 4016 4017 4019 4020 4021 4023 4024 4025 4026 4027 4028 4029 4032 4033 4035 4036 4037 594 

4024

3981 3982 3983 3984 3985 3986 3988 3989 3990 3991 3992 3993 3994 3995 3996 3997 3998 3999 4000 4001 4002 4003 4004 4005 4006 4007 4008 4009 4010 4011 4012 4013 4014 4016 4017 4018 4019 4020 4021 4023 4024 4025 4026 4027 4028 4029 4030 4031 4032 4033 4034 4035 4036 4037 4038 594 

4025
4007 
3981 3982 3983 3984 3985 3986 3988 3989 3991 3992 3993 3994 3995 3996 3997 3998 3999 4000 4001 4002 4003 4004 4005 4006 4008 4009 4010 4011 4012 4013 4014 4017 4018 4019 4020 4021 4023 4024 4025 4026 4027 4028 4029 4030 4031 4032 4033 4034 4035 4036 4037 4038 594 

4026
3986 4030 3982 
3981 3983 3984 3985 3988 3989 3990 3991 3992 3993 3994 3996 3997 3998 3999 4001 4002 4003 4004 4005 4006 4007 4008 4009 4010 4011 4012 4013 4014 4016 4018 4020 4023 4024 4025 4026 4027 4028 4029 4031 4032 4033 4034 4035 4036 4037 4038 594 

4027
4031 
3981 3982 3983 3984 3985 3986 3988 3989 3990 3991 3992 3993 3994 3995 3996 3997 3998 3999 4000 4001 4003 4004 4005 4007 4008 4009 4010 4011 4012 4013 4014 4016 4017 4018 4019 4021 4023 4024 4025 4026 4027 4028 4029 4030 4033 4034 4035 4036 4037 594 

4028
3980 
3981 3982 3983 3984 3985 3986 3988 3989 3990 3991 3992 3993 3994 3995 3997 3998 3999 4000 4001 4002 4003 4004 4005 4006 4007 4008 4009 4010 4011 4012 4013 4014 4016 4017 4018 4019 4020 4021 4023 4024 4025 4026 4027 4028 4029 4030 4031 4032 4033 4034 4035 4036 4037 4038 594 

4029
4001 
3981 3982 3983 3984 3985 3986 3988 3989 3990 3991 3992 3993 3994 3995 3996 3997 3998 3999 4000 4002 4003 4004 4005 4006 4007 4008 4009 4010 4011 4012 4013 4014 4016 4017 4018 4019 4020 4021 4023 4024 4025 4026 4027 4028 4029 4030 4031 4032 4033 4034 4035 4036 4037 4038 594 

4030
4000 4026 4003 3980 
3981 3983 3984 3985 3989 3990 3991 3992 3995 3996 3998 3999 4001 4002 4005 4006 4007 4008 4010 4011 4012 4013 4016 4024 4025 4027 4028 4029 4030 4031 4032 4033 4034 4035 4036 4037 4038 594 

4031
4011 4027 3991 
3981 3982 3983 3984 3985 3986 3988 3989 3990 3992 3993 3994 3995 3996 3997 3998 3999 4000 4001 4003 4005 4006 4007 4008 4009 4010 4012 4014 4016 4017 4018 4019 4021 4024 4025 4026 4028 4029 4030 4031 4032 4033 4034 4035 4036 4037 

4032

3981 3982 3983 3984 3985 3986 3988 3989 3990 3991 3992 3993 3994 3995 3996 3997 3998 3999 4000 4001 4002 4003 4004 4005 4006 4007 4008 4009 4010 4011 4012 4013 4014 4016 4017 4018 4019 4020 4021 4023 4024 4025 4026 4028 4029 4030 4031 4032 4033 4034 4035 4036 4037 4038 594 

4033

3981 3982 3983 3984 3985 3988 3989 3990 3991 3992 3993 3994 3995 3996 3997 3998 3999 4001 4002 4003 4004 4005 4006 4007 4008 4009 4010 4011 4012 4013 4014 4016 4017 4018 4019 4020 4021 4023 4024 4025 4026 4027 4028 4029 4030 4031 4032 4033 4034 4035 4036 4037 4038 594 

4034

3981 3982 3983 3984 3985 3986 3988 3989 3990 3991 3992 3993 3994 3995 3996 3997 3998 3999 4000 4001 4002 4003 4004 4005 4006 4007 4008 4009 4010 4011 4012 4013 4014 4016 4017 4018 4019 4020 4021 4024 4025 4026 4027 4028 4029 4030 4031 4032 4033 4034 4035 4036 4037 4038 594 

4035

3981 3982 3983 3984 3985 3986 3988 3989 3990 3991 3992 3993 3994 3995 3996 3997 3998 3999 4000 4001 4002 4003 4004 4005 4006 4007 4008 4009 4010 4011 4012 4013 4014 4016 4017 4018 4019 4020 4021 4023 4024 4025 4026 4027 4028 4029 4030 4031 4032 4033 4034 4035 4036 4037 4038 594 

4036
3999 
3981 3982 3983 3984 3985 3986 3988 3989 3990 3991 3992 3993 3994 3995 3996 3997 3998 4000 4001 4002 4003 4004 4005 4006 4007 4008 4009 4010 4011 4012 4013 4014 4016 4017 4018 4019 4020 4021 4023 4024 4025 4026 4027 4028 4029 4030 4031 4032 4033 4034 4035 4036 4037 4038 594 

4037

3981 3983 3984 3985 3986 3988 3989 3990 3991 3992 3993 3994 3995 3996 3997 3998 3999 4000 4001 4002 4003 4004 4005 4006 4007 4008 4009 4010 4011 4012 4013 4016 4017 4018 4019 4021 4023 4024 4025 4026 4027 4028 4029 4030 4031 4032 4033 4034 4035 4036 4037 4038 594 

4038
3980 4014 
3981 3982 3983 3984 3985 3986 3988 3990 3991 3992 3993 3994 3995 3996 3997 3998 3999 4000 4001 4002 4003 4005 4006 4007 4008 4009 4010 4011 4012 4016 4017 4018 4019 4021 4024 4025 4026 4028 4029 4030 4032 4033 4034 4035 4036 4037 4038 594 

