34

512 516 518 519 522 528 529 530 531 533 536 537 539 540 541 542 543 546 547 548 551 554 555 556 557 560 562 563 565 568 569 571 354 355 357 359 361 362 367 368 369 371 372 374 377 380 381 382 383 388 389 390 396 397 403 404 405 407 409 410 413 416 418 419 420 426 429 433 435 442 445 446 448 450 455 457 459 460 462 463 466 469 470 471 474 481 482 486 487 489 490 491 494 497 500 502 504 505 509 510 

173

512 517 519 521 522 523 526 529 530 531 535 536 539 540 541 542 543 545 546 547 548 553 555 556 557 560 562 565 568 571 354 355 357 359 360 361 362 366 367 368 371 372 376 377 382 383 387 388 390 396 403 404 405 406 408 409 410 416 418 420 426 429 432 435 436 440 445 446 448 449 450 451 458 459 460 462 463 466 470 471 472 474 475 478 481 482 486 487 488 489 490 491 493 494 497 502 504 508 510 511 

198

512 519 521 523 526 528 531 535 536 539 540 541 543 544 545 546 547 548 552 555 557 563 565 566 568 570 350 354 355 359 360 366 367 375 376 377 382 383 384 387 388 394 397 403 404 407 408 409 410 413 415 416 417 419 420 421 422 426 435 436 439 440 442 444 445 448 449 450 452 455 456 457 458 459 460 463 465 469 470 471 473 474 477 478 479 481 482 486 487 489 490 491 493 494 496 497 506 507 510 511 

348
512 520 526 398 410 542 547 422 553 426 427 556 554 430 432 561 564 568 572 448 449 198 463 469 350 354 359 489 362 364 378 494 503 376 506 508 383 
384 386 552 464 401 443 348 

349

512 513 519 521 524 526 528 529 530 531 533 535 536 537 538 539 540 543 544 547 548 549 552 555 556 557 558 559 560 561 562 565 566 569 572 350 352 353 354 355 359 361 362 365 366 367 375 377 382 383 384 385 387 388 391 394 396 403 404 406 407 409 412 414 415 416 419 420 421 422 429 432 435 438 445 448 450 452 455 462 463 465 470 471 472 474 480 481 482 483 484 487 489 491 494 500 502 504 507 510 

350
348 519 
512 518 522 530 532 534 535 547 548 555 557 558 562 564 568 570 571 572 198 349 351 356 359 361 362 364 365 367 371 372 377 379 380 382 385 386 388 390 393 396 399 401 403 405 406 410 411 415 418 420 422 424 429 435 436 437 439 441 442 443 445 446 448 450 452 453 454 457 459 460 462 463 465 466 467 468 470 474 476 477 478 480 481 482 485 489 490 491 494 495 496 498 499 501 502 505 507 511 

351

512 516 519 523 526 528 531 533 535 536 537 538 539 540 543 545 546 547 548 552 557 558 563 566 570 350 352 353 354 355 359 360 362 366 367 368 373 375 376 377 382 383 384 385 387 388 391 397 402 403 404 407 408 409 410 413 415 416 418 419 421 422 424 425 430 436 439 440 442 448 449 450 452 456 458 460 462 463 465 469 471 472 473 474 477 482 484 485 486 489 490 491 492 493 494 496 502 507 510 511 

352

516 518 519 522 528 529 530 531 532 534 535 539 540 541 543 544 546 547 548 552 555 558 562 564 568 570 571 572 173 349 351 354 355 356 359 360 361 364 365 367 372 377 379 380 381 382 383 384 385 389 390 393 396 397 403 405 406 407 410 411 418 420 421 422 424 425 426 427 429 432 433 435 449 450 452 454 455 457 458 459 464 466 467 469 470 471 478 480 481 482 486 489 490 498 499 502 504 505 508 510 

353

516 518 519 522 528 529 530 531 532 533 534 535 541 543 546 547 549 551 552 554 557 562 563 564 568 570 571 572 173 349 351 354 355 356 357 359 361 364 365 367 369 371 372 377 380 381 382 383 384 389 393 396 397 399 403 405 406 407 410 411 415 422 424 426 427 429 433 435 437 441 443 449 450 452 453 454 455 457 459 464 466 467 468 470 474 476 477 481 485 486 489 491 498 499 501 502 504 505 509 510 

354
348 
516 518 521 522 523 526 528 529 534 535 536 537 538 539 540 541 34 551 556 558 563 564 566 567 569 571 173 198 349 351 352 353 356 360 362 364 365 369 371 372 377 379 381 383 390 392 393 394 398 399 408 411 412 414 417 421 424 425 427 430 432 433 438 440 442 443 446 448 451 453 454 455 456 457 459 462 464 466 468 471 472 476 477 478 479 480 486 488 490 494 495 498 501 502 504 505 508 509 511 

355

512 513 516 520 523 526 529 534 535 536 537 540 541 34 549 551 552 564 566 567 569 570 571 173 198 349 351 356 362 364 365 368 369 371 375 377 379 381 383 384 385 387 389 393 394 399 400 404 406 407 408 411 414 415 417 420 421 423 424 425 426 427 428 430 431 433 434 436 439 440 442 444 445 449 451 453 456 459 462 464 465 469 471 472 476 477 478 479 480 486 492 493 494 495 501 502 505 508 509 511 

356

512 514 519 521 526 529 531 533 535 538 539 540 541 542 544 545 547 549 552 553 555 557 558 561 563 566 568 570 571 352 354 359 361 362 363 366 367 368 370 372 374 375 377 378 382 383 384 387 394 396 397 403 405 410 412 413 414 415 416 417 418 421 422 426 427 428 429 430 432 433 436 439 442 444 448 449 450 452 455 458 461 464 465 469 474 479 481 483 487 489 490 493 494 495 500 502 504 507 510 511 

357

512 519 521 526 528 529 530 531 533 535 537 538 539 541 543 545 34 547 548 549 552 555 556 557 558 560 562 566 568 570 173 359 360 361 362 363 366 367 368 371 372 377 382 383 384 385 387 388 390 391 395 396 400 402 403 405 406 408 410 412 413 414 415 418 422 427 428 429 431 443 445 446 448 450 452 455 460 463 464 465 466 470 472 473 474 480 481 482 484 487 489 490 491 494 495 496 502 503 504 511 

359

516 518 521 523 528 532 534 535 537 538 539 540 541 543 545 34 549 551 552 554 556 558 559 560 563 565 569 572 173 349 350 352 356 357 362 365 368 369 371 374 375 379 380 381 383 384 385 389 392 406 407 408 411 413 414 415 417 419 420 421 424 425 426 427 430 431 433 434 437 439 442 443 445 448 451 453 457 459 461 462 464 465 467 469 471 472 477 478 480 485 486 492 493 494 495 498 499 505 509 511 

360
565 
512 516 518 522 529 530 531 532 535 536 537 539 540 541 549 551 552 554 557 560 562 564 568 569 571 572 173 198 349 351 352 354 356 357 361 364 367 368 371 372 375 377 379 380 381 382 383 384 386 389 390 393 394 399 401 404 405 406 407 409 411 416 419 420 424 426 427 429 430 433 437 440 441 443 446 453 457 458 459 462 464 466 467 468 472 476 477 478 480 481 485 486 494 498 499 501 502 505 509 

361

512 516 518 521 523 526 536 538 540 543 544 545 34 549 551 552 554 556 558 565 569 173 349 350 352 357 362 365 369 370 373 374 375 378 379 380 381 383 384 385 387 389 391 394 397 398 407 408 409 414 416 417 419 420 421 423 424 425 427 430 433 434 436 438 439 440 442 443 445 446 448 449 451 453 455 456 457 461 464 465 469 472 473 477 479 480 482 485 486 490 492 493 494 495 496 502 503 505 509 511 

362

516 518 519 522 531 533 534 536 538 539 541 546 547 34 549 551 552 554 555 557 562 563 568 571 572 173 349 350 351 354 356 357 359 361 364 365 369 377 380 381 382 383 384 385 389 396 397 399 403 405 406 407 410 411 419 422 424 426 427 429 430 433 435 437 440 441 443 446 449 450 451 454 455 457 458 459 462 464 467 468 469 470 471 472 474 476 477 478 480 481 485 486 494 499 501 504 505 508 509 510 

363

516 518 528 529 530 531 532 533 534 535 539 540 541 543 547 549 551 554 555 562 563 564 568 571 572 173 198 349 354 355 356 357 361 362 364 365 369 372 377 379 380 381 382 383 386 389 390 393 396 397 399 401 403 405 406 407 410 411 415 421 424 425 426 427 429 433 435 437 440 441 442 443 448 449 453 454 457 458 459 464 466 467 468 469 470 472 474 476 477 478 485 486 489 490 491 498 499 505 509 510 

364

512 519 521 523 526 528 531 535 536 537 538 539 540 543 544 545 546 547 552 553 557 558 560 563 566 568 570 350 352 353 354 355 359 362 366 367 370 373 374 375 376 382 384 387 388 391 396 397 403 404 407 408 409 410 416 418 419 422 425 426 430 434 436 439 440 445 448 449 450 455 456 458 460 462 463 465 469 471 473 474 475 477 478 479 482 483 484 489 490 491 493 494 496 497 502 503 506 507 510 511 

365

516 519 521 522 529 530 531 532 533 534 535 539 540 541 546 547 551 552 554 557 558 565 568 569 572 349 350 352 353 354 355 359 361 362 367 368 371 372 375 377 378 379 382 383 384 386 390 396 397 401 403 405 406 410 413 418 424 427 429 430 432 433 434 437 443 446 448 449 450 452 455 457 458 460 463 464 466 467 469 471 472 474 475 477 478 481 482 485 486 489 490 491 494 496 499 502 504 505 508 509 

366

516 518 519 522 528 529 530 531 532 533 534 535 541 543 546 34 549 551 552 554 562 563 564 568 569 571 572 173 198 349 350 351 354 356 357 361 364 365 369 372 379 380 381 384 389 390 393 396 397 399 403 405 406 407 411 413 415 421 424 425 427 429 433 435 437 439 440 441 443 449 450 453 454 455 457 459 462 464 466 467 468 469 470 474 476 477 480 481 485 486 494 498 499 501 502 504 505 508 509 510 

367

513 516 518 520 521 530 532 533 534 535 536 537 540 541 542 543 34 549 551 552 554 556 560 563 564 569 570 572 173 198 349 350 351 352 353 356 357 360 362 364 365 368 369 371 375 377 379 380 381 383 384 387 389 397 399 405 406 407 408 409 411 413 415 418 419 420 421 424 425 426 427 434 437 441 442 443 444 445 448 451 453 454 457 459 464 467 469 472 477 478 479 480 484 485 486 496 499 505 508 511 

368

516 518 519 522 528 529 530 531 532 534 539 541 543 34 546 548 547 549 552 554 558 562 563 565 568 569 571 173 349 351 354 355 356 357 359 360 361 364 365 367 369 372 377 379 380 381 382 383 384 390 393 396 397 399 401 403 405 406 407 410 411 415 420 421 422 424 425 427 429 433 435 437 442 446 449 450 455 457 459 463 464 466 469 470 474 476 477 478 480 481 485 489 490 491 498 499 504 505 508 509 

369

512 515 519 521 530 531 534 535 536 537 538 539 545 546 547 548 34 549 552 555 556 557 558 560 562 568 570 572 354 355 359 361 362 366 367 371 372 373 375 377 382 383 384 385 387 388 390 391 392 394 396 400 402 403 404 405 406 408 410 413 414 415 418 422 423 425 428 436 437 440 443 444 445 446 448 449 450 452 453 462 463 465 467 470 471 473 474 480 481 487 488 489 493 494 495 498 499 503 508 511 

370
548 
512 519 521 522 528 529 530 531 532 533 534 535 536 539 543 547 549 551 557 558 562 564 568 570 571 572 173 198 349 351 355 356 359 361 362 364 365 367 369 371 372 379 380 381 382 386 390 393 396 399 401 403 405 406 407 410 411 421 424 426 427 429 433 437 441 442 443 446 449 450 453 454 455 457 462 464 466 467 468 470 472 474 476 478 480 481 487 489 490 491 494 498 499 501 502 504 505 509 510 

371

512 516 518 519 529 533 537 539 541 543 546 34 547 549 551 552 554 555 557 561 562 563 568 569 571 173 350 354 355 357 359 361 365 367 369 380 381 382 383 384 385 388 389 396 397 403 405 406 407 414 418 419 420 421 422 424 426 427 429 430 433 434 435 437 438 439 440 446 449 450 451 452 455 456 457 458 459 462 464 466 469 470 471 472 474 477 478 480 481 484 485 486 489 490 496 499 504 505 509 510 

372

512 513 515 517 518 521 523 524 525 526 527 533 534 535 536 537 538 552 556 559 561 565 566 567 569 173 350 352 353 356 357 365 368 370 374 375 378 384 385 387 389 391 392 394 398 400 404 406 407 408 409 413 414 416 417 419 420 423 426 427 430 431 433 434 436 438 439 440 445 448 451 456 458 459 461 462 464 469 471 472 473 478 479 482 484 486 487 488 490 491 492 494 496 497 499 503 506 507 508 511 

373
450 397 463 
512 516 518 519 521 522 529 530 531 533 535 536 539 540 541 547 549 551 552 554 555 557 562 564 568 569 571 572 173 198 350 351 354 357 359 361 364 369 372 375 377 380 381 382 383 384 386 389 393 396 399 401 403 405 407 410 416 418 419 422 424 426 429 430 432 433 435 440 441 442 448 449 457 458 459 464 466 467 468 469 470 472 474 476 477 478 481 485 486 489 499 501 504 505 508 509 510 

374

516 518 519 522 529 530 531 532 533 534 539 543 546 34 547 549 548 551 554 557 562 564 568 571 173 198 349 351 354 356 357 359 361 364 365 367 369 371 372 377 379 380 381 382 383 384 386 389 393 396 397 399 401 403 405 406 407 410 411 424 427 429 433 435 437 440 441 442 443 446 449 450 453 454 457 458 459 462 464 466 467 468 469 470 472 474 476 477 478 481 485 490 491 498 499 501 502 505 508 509 

375

516 518 519 522 523 528 529 530 531 532 533 534 540 541 543 546 547 548 552 554 555 562 563 564 568 569 570 571 572 198 349 351 355 356 359 360 361 364 367 369 372 377 380 382 386 390 393 396 397 399 401 403 405 406 407 410 411 413 415 418 421 422 424 426 427 429 433 435 437 441 443 450 453 454 455 457 459 463 466 467 470 471 474 476 478 480 481 489 490 491 495 496 498 499 501 504 505 508 509 510 

376
348 
516 518 521 522 528 529 530 532 533 534 535 536 537 539 540 541 543 34 549 551 552 554 558 560 564 565 569 571 572 173 198 349 350 351 356 357 362 364 365 369 371 372 375 377 379 380 381 383 384 389 393 399 401 404 406 407 411 421 424 425 427 429 433 435 437 440 441 443 448 449 453 454 455 457 459 462 464 466 467 468 469 472 476 477 478 480 485 486 493 494 495 498 499 501 504 505 508 509 510 

377

512 516 518 520 531 534 535 539 540 542 543 34 546 547 549 551 552 553 554 556 557 560 563 173 349 351 354 355 356 357 362 365 367 369 375 378 380 381 384 388 389 391 394 397 399 402 404 407 409 413 414 416 418 419 421 422 424 425 427 434 440 441 442 445 446 450 452 455 456 457 458 459 462 463 464 468 469 473 474 475 476 477 478 479 480 481 482 486 489 492 493 494 495 497 500 502 505 508 509 511 

378
348 
516 518 519 522 528 529 530 531 532 533 534 539 540 541 543 34 547 549 551 552 555 557 562 564 568 570 571 572 173 198 349 351 354 355 356 357 359 361 364 365 372 377 379 380 382 383 384 393 396 397 399 401 403 405 406 407 410 411 415 421 424 427 429 433 435 437 441 443 448 449 450 453 454 457 458 459 462 463 464 466 467 468 470 472 476 477 478 481 485 486 489 490 498 499 504 505 508 509 510 

379

512 513 519 520 521 525 531 537 538 541 542 543 546 547 548 552 555 556 557 561 562 563 566 568 569 349 350 352 354 355 359 360 361 363 365 367 370 374 376 378 382 384 388 392 396 397 403 405 408 409 410 413 415 416 418 420 421 422 423 425 426 427 428 430 434 435 439 444 445 448 449 450 451 452 456 458 461 464 470 471 473 474 475 477 481 483 484 489 490 491 493 494 495 500 503 504 506 507 508 510 

380

512 521 523 526 529 531 533 534 535 536 537 538 539 541 543 544 545 546 547 548 34 552 553 556 558 560 562 565 567 568 569 350 352 359 361 362 363 366 367 371 372 375 377 382 383 384 387 388 390 391 395 396 398 400 405 408 409 410 412 413 414 417 418 422 425 426 427 428 434 436 440 444 445 446 448 449 456 462 463 465 470 471 472 480 481 482 484 487 489 490 491 492 493 494 495 502 506 508 510 511 

381

512 519 520 521 523 531 533 534 535 537 538 541 545 546 547 548 34 552 555 556 557 558 560 562 568 569 570 352 353 354 355 359 361 362 363 366 367 371 373 374 377 382 383 387 388 390 391 394 395 396 400 402 403 404 405 406 408 409 410 413 415 418 422 425 426 427 428 434 436 437 444 445 446 448 450 452 462 463 465 470 472 473 474 480 481 484 487 489 490 491 492 494 495 496 504 506 507 508 510 511 

382

512 514 516 518 523 528 532 533 534 535 536 537 539 540 541 544 545 549 552 553 556 558 560 563 564 569 571 572 173 198 349 350 351 352 356 362 364 365 369 371 373 374 375 378 379 381 384 387 389 390 391 404 406 407 408 411 413 414 415 416 420 421 423 425 427 428 431 433 434 436 439 440 442 443 449 451 453 455 456 462 464 465 467 478 479 480 483 484 486 490 491 492 493 494 495 496 498 502 508 511 

383
348 
512 516 518 519 520 522 528 531 534 535 539 540 542 543 546 547 549 551 552 553 554 555 556 560 563 568 173 349 351 354 355 356 357 359 361 365 367 369 372 380 381 384 388 389 390 394 397 399 402 409 411 413 414 416 418 419 421 424 425 427 429 434 435 440 442 445 446 450 452 455 457 458 459 463 464 466 468 469 473 474 475 476 477 478 479 480 481 482 485 486 489 493 494 497 500 502 505 508 509 

384

512 518 519 521 522 523 526 529 530 532 533 535 539 541 546 547 548 555 556 557 558 560 562 565 568 569 570 571 348 349 353 355 356 357 359 361 362 364 365 366 367 368 369 371 372 377 379 380 382 383 385 387 393 403 405 406 408 410 411 413 418 429 435 440 441 443 445 448 450 452 454 458 459 460 462 463 466 468 470 472 473 474 476 478 481 482 487 488 489 490 491 493 495 496 498 499 501 502 505 507 

385

512 516 518 522 528 529 530 532 533 534 535 539 540 541 543 545 546 548 549 551 552 554 555 558 562 563 564 568 569 571 572 349 350 351 352 355 357 359 361 362 369 371 372 379 381 382 384 386 389 396 397 399 401 403 404 405 406 407 410 415 418 421 422 424 425 427 429 430 433 435 437 440 441 442 445 446 448 455 457 458 459 462 464 466 467 469 470 472 477 481 486 490 491 494 499 504 505 508 509 510 

386

512 513 521 522 523 524 526 528 533 534 536 540 541 543 544 546 34 552 553 556 558 565 567 569 570 571 350 354 356 360 362 363 365 367 368 369 370 371 373 374 375 385 387 388 390 394 395 397 402 406 407 408 409 412 418 420 422 423 425 426 430 431 432 433 434 436 438 439 440 442 444 448 449 451 452 455 456 458 461 462 463 470 471 472 478 480 482 483 488 490 492 493 494 495 497 502 504 507 510 511 

387

516 518 519 521 522 528 529 530 531 534 535 536 539 540 541 543 547 549 551 554 555 557 562 564 568 569 571 173 198 349 351 354 355 356 357 359 361 364 367 369 371 372 380 381 382 384 386 389 393 396 397 399 401 403 404 405 407 409 410 411 418 424 427 429 433 435 440 441 446 449 450 452 455 457 458 459 464 466 468 469 470 474 476 477 478 480 481 485 486 489 490 494 499 501 502 504 505 508 509 510 

388

512 516 518 522 528 529 530 531 532 533 534 535 536 540 541 34 546 547 549 551 552 554 558 562 563 564 568 569 571 572 173 198 349 350 351 355 356 357 359 361 362 364 369 371 372 375 377 379 380 381 382 383 384 386 389 393 399 401 403 405 406 407 411 424 425 426 427 429 433 435 437 441 443 448 453 454 455 457 458 459 462 464 466 467 468 469 470 476 477 478 480 485 486 498 499 501 502 505 508 509 

389

512 519 521 528 529 530 531 532 533 534 535 536 537 538 539 546 547 548 549 34 552 555 556 557 558 560 562 565 568 569 352 353 355 359 361 362 366 367 371 372 373 377 382 383 387 388 390 391 394 396 400 403 405 406 408 410 412 413 414 415 418 426 428 429 437 438 443 444 445 446 448 450 452 453 455 456 460 462 463 466 470 472 473 474 480 481 482 484 487 489 490 491 492 494 495 496 498 502 504 511 

390

516 518 519 520 526 530 533 535 536 538 540 541 543 34 547 549 551 552 554 555 557 562 563 566 569 571 173 350 352 354 357 359 361 365 368 369 375 380 381 382 383 384 389 394 397 398 399 403 404 405 406 407 409 415 416 418 419 420 422 424 426 427 430 432 433 435 440 444 445 448 449 451 452 454 457 458 459 462 463 464 469 470 472 474 477 478 479 485 486 489 493 494 495 500 504 505 508 509 510 511 

391

516 518 521 522 529 530 531 532 533 534 535 541 543 546 547 551 552 554 555 557 558 562 564 568 570 571 572 173 198 349 350 351 352 354 355 357 361 364 369 371 372 377 379 380 381 382 383 384 389 393 396 397 399 403 405 406 407 410 413 415 421 422 424 426 429 433 435 437 440 441 443 448 449 452 453 454 455 457 459 463 464 466 467 468 469 470 476 477 478 481 485 486 494 499 501 504 505 508 509 510 

392
482 
516 518 519 522 528 529 530 531 532 533 534 539 541 543 546 547 548 549 34 551 552 554 555 557 558 562 563 568 570 571 572 349 354 355 356 357 359 360 361 362 369 371 372 377 379 380 381 382 383 384 390 393 396 397 399 403 405 406 407 410 411 418 421 422 424 426 429 433 435 437 443 449 450 453 454 455 457 458 459 466 467 468 470 474 476 477 478 481 485 486 489 490 491 498 499 504 505 509 510 

393

512 520 521 523 526 528 531 535 536 538 539 541 543 544 545 546 552 556 560 561 563 565 566 570 350 352 353 354 355 359 360 362 363 366 367 368 373 374 375 376 377 383 384 385 387 388 391 394 397 402 404 408 409 413 415 416 418 419 421 422 425 426 430 432 436 438 439 440 444 445 448 449 450 452 455 456 460 462 463 465 469 473 474 475 478 481 482 484 489 491 493 494 495 496 497 504 506 507 510 511 

394

516 518 519 521 522 523 528 529 530 531 532 533 534 535 539 541 543 546 547 548 551 552 554 558 562 564 568 570 571 572 198 349 354 355 356 357 359 360 361 364 369 371 372 377 379 380 381 382 383 384 389 390 393 396 397 399 403 405 406 407 410 411 418 422 424 429 433 435 437 440 441 443 449 450 453 454 455 457 458 459 464 466 467 470 472 477 478 481 485 486 489 491 498 499 501 502 504 508 509 510 

395

516 518 519 522 528 529 530 531 532 533 535 539 541 546 547 548 549 551 554 557 562 563 568 571 572 173 349 354 355 356 357 359 361 367 369 372 375 377 379 380 381 382 383 384 386 389 393 396 397 399 401 403 405 407 410 411 418 424 429 433 435 437 440 441 442 443 446 449 450 453 454 455 457 459 462 464 466 467 468 469 470 472 474 477 478 481 482 485 486 487 489 490 491 498 499 502 504 505 508 509 

396

512 516 517 518 524 526 532 534 535 536 538 540 543 544 545 34 551 554 556 560 563 565 566 569 571 572 173 349 350 352 356 357 362 365 368 369 371 375 379 380 381 385 389 394 398 402 404 406 407 408 409 411 413 414 415 419 420 424 427 430 431 434 436 439 440 442 443 445 448 449 451 453 456 457 459 462 464 467 469 471 473 477 479 480 484 485 486 488 492 493 494 495 496 498 499 502 505 508 509 511 

397
418 426 
512 521 526 529 530 532 533 535 536 537 539 34 547 548 549 556 558 560 562 564 572 198 349 351 352 356 361 362 363 364 365 366 367 368 371 375 377 378 379 383 385 387 390 391 392 393 394 398 399 400 404 405 406 408 409 410 411 412 414 415 423 425 427 428 429 431 437 441 443 445 446 453 456 460 462 465 467 468 472 473 474 476 480 482 484 487 488 489 490 491 492 494 495 498 499 501 502 511 

398

516 518 519 522 528 530 531 532 533 534 535 539 540 541 543 546 547 548 552 555 557 562 563 568 570 571 572 173 349 354 355 357 359 361 364 365 367 369 372 377 379 380 381 382 383 384 389 390 396 397 403 405 406 407 410 411 415 418 421 422 424 425 426 427 429 433 435 437 449 450 455 457 458 459 463 464 466 467 469 470 473 474 477 478 480 481 485 486 489 490 491 495 498 499 502 504 505 508 509 510 

399

512 521 523 526 528 531 535 537 538 539 543 544 545 546 547 548 552 555 557 560 563 565 566 569 570 350 353 354 355 359 361 362 363 366 367 368 374 375 376 377 382 383 384 385 387 388 390 391 394 396 397 403 404 405 408 409 410 413 415 416 418 419 420 421 422 425 426 430 432 436 439 444 445 448 449 450 452 456 460 462 463 465 471 474 475 481 482 484 488 489 490 491 493 494 496 497 506 507 510 511 

400
539 
516 518 519 522 529 530 531 532 533 534 540 541 543 546 547 549 551 552 554 555 557 562 563 568 570 571 572 173 349 354 355 356 357 361 367 369 372 377 379 380 381 382 384 385 389 393 396 397 399 403 405 406 407 410 411 418 422 424 425 427 429 433 435 437 440 441 443 449 450 453 454 455 457 458 459 464 466 467 468 469 470 474 476 477 478 480 481 485 486 489 490 491 498 499 502 504 505 509 510 

401

512 513 521 523 524 526 528 533 534 536 537 540 541 543 544 546 34 552 553 556 558 565 567 569 570 571 350 354 356 360 362 365 367 368 369 370 371 373 374 375 385 387 388 390 394 395 397 402 406 407 408 409 412 418 420 422 423 425 426 430 431 432 433 434 436 438 439 440 442 444 448 449 451 452 455 456 458 461 462 470 471 472 478 479 480 482 483 488 490 492 493 494 495 497 502 504 506 507 510 511 

402
463 
512 516 518 519 522 529 530 531 532 533 535 536 539 540 547 548 551 552 554 557 562 564 568 571 572 198 349 350 351 352 356 357 359 361 364 369 372 377 379 380 381 382 383 384 386 390 393 396 399 401 403 405 406 407 410 411 418 424 426 429 433 435 437 440 441 443 446 450 453 454 455 457 459 462 464 466 467 468 470 472 474 477 478 480 481 484 485 486 487 490 491 498 499 501 502 504 505 509 510 

403

512 514 516 518 522 523 526 529 532 534 536 537 538 539 540 541 542 543 544 34 549 552 554 556 558 563 564 565 569 570 571 173 198 349 350 351 352 353 356 357 362 365 369 371 373 375 378 379 381 384 387 389 390 391 394 395 398 400 402 404 408 411 413 414 415 416 419 420 421 425 427 430 439 440 442 443 445 453 455 456 459 462 464 478 479 480 484 485 486 487 492 493 494 495 498 502 503 508 509 511 

404
452 
516 518 519 521 522 529 530 531 532 539 541 34 547 546 549 548 551 552 554 555 558 562 563 564 568 569 570 571 572 173 198 349 351 354 355 359 361 364 367 369 372 377 381 382 383 384 385 387 389 390 393 396 397 399 403 405 406 407 410 418 422 424 425 426 427 429 433 434 435 441 442 443 446 449 454 455 457 458 459 464 466 467 468 470 474 476 477 480 481 485 486 489 490 491 501 504 508 509 510 

405

512 516 521 522 525 526 528 532 536 537 538 539 540 545 551 552 553 554 556 558 560 561 565 569 571 173 350 352 356 357 362 363 365 368 369 371 373 374 375 379 380 381 384 385 387 388 389 390 392 397 404 406 408 409 411 413 416 419 421 423 424 430 431 437 438 439 440 443 444 445 446 448 449 451 453 456 462 465 468 469 471 472 473 477 483 486 487 488 490 493 494 495 498 499 501 502 503 505 507 509 

406

514 516 522 526 528 529 531 537 538 539 540 541 543 547 548 549 552 553 554 556 558 563 566 568 569 173 349 350 352 354 355 357 359 360 362 365 366 367 369 372 374 375 381 382 384 388 389 392 394 396 397 402 403 404 405 407 409 410 413 416 417 419 421 422 425 426 427 429 434 435 439 440 445 446 448 449 455 456 457 458 460 464 466 469 470 471 477 481 482 484 489 490 491 493 494 495 502 504 506 510 

407

512 514 517 519 530 532 534 535 537 538 545 546 547 556 557 558 559 560 568 569 570 572 349 352 353 355 359 361 362 363 366 367 368 370 371 372 375 377 382 385 387 390 392 394 395 396 398 400 402 406 408 409 410 413 414 415 416 420 421 422 423 425 428 430 432 436 437 438 443 444 445 448 450 451 454 456 460 461 462 463 465 468 473 474 480 482 484 489 491 493 494 495 497 498 499 500 502 503 508 511 

408

516 518 519 522 529 530 531 532 533 534 541 543 546 547 34 549 548 551 552 554 555 558 562 563 564 568 571 572 173 198 349 351 354 355 357 359 361 364 367 369 372 377 379 380 381 382 384 386 389 393 396 397 399 401 403 405 407 410 411 424 427 429 433 435 437 441 442 443 450 453 454 455 457 458 459 464 466 467 468 469 470 472 474 476 477 478 481 485 486 489 490 491 498 499 501 502 504 505 509 510 

409

516 518 519 528 529 530 531 532 534 540 541 543 34 546 547 549 551 552 554 558 562 563 564 568 570 571 173 198 349 350 351 354 355 357 359 361 362 364 367 369 372 377 379 380 381 383 384 387 390 393 396 397 399 403 405 406 407 410 411 413 415 418 421 422 424 425 426 427 429 433 437 441 442 443 449 450 453 455 457 458 459 463 464 466 467 469 470 474 476 477 478 481 485 489 490 491 498 502 505 509 

410

512 513 516 518 520 526 532 533 534 535 536 537 540 544 545 34 549 551 552 554 556 559 560 561 563 569 571 572 173 350 352 353 356 357 362 365 369 375 379 380 381 384 385 387 389 394 400 404 406 407 408 411 413 414 415 419 420 424 425 426 427 428 430 431 433 434 439 440 445 448 449 451 453 456 457 458 459 462 464 465 467 469 471 472 473 477 478 479 480 485 486 488 492 494 496 498 499 505 507 509 

411

512 513 514 519 521 523 526 529 531 533 535 538 539 540 542 544 545 549 552 553 555 557 559 561 563 565 566 569 570 571 350 352 354 359 361 362 363 366 367 368 370 374 375 376 378 382 383 384 387 394 396 397 403 405 407 410 412 413 414 415 416 417 418 420 421 422 427 428 430 432 433 435 436 439 442 444 445 448 449 455 458 464 469 470 471 479 481 482 483 487 489 492 493 494 495 500 504 507 510 511 

412
473 355 
516 518 519 522 530 531 532 534 535 539 540 541 543 546 34 551 552 554 562 568 570 571 572 173 349 354 356 357 359 361 364 369 372 377 379 380 381 382 383 384 386 389 390 396 397 401 403 405 406 407 410 411 413 420 421 424 425 426 429 433 435 437 439 440 441 443 445 448 449 450 453 454 457 458 459 463 464 466 467 468 469 470 471 474 477 478 480 485 486 489 490 491 498 499 502 505 508 509 

413

512 516 518 519 522 529 530 532 533 534 536 539 540 541 546 34 548 549 547 551 552 554 557 562 568 571 356 357 359 365 367 369 372 375 377 379 380 381 382 383 384 389 393 396 399 403 405 406 407 409 410 411 418 419 422 424 427 429 430 433 434 435 440 441 443 446 449 453 454 455 457 458 459 462 464 466 467 468 469 470 472 474 476 477 478 480 481 485 486 487 490 491 496 499 501 502 504 505 509 510 

414

516 518 519 522 529 530 531 532 533 534 536 539 540 541 543 547 548 551 554 555 557 562 568 571 572 349 351 354 355 356 357 359 361 365 367 369 371 372 377 379 380 381 382 383 389 396 397 403 404 405 406 407 410 411 415 418 419 424 429 433 435 437 440 441 442 443 445 446 448 449 450 454 457 459 462 463 466 467 468 469 470 474 477 478 481 485 486 487 489 490 491 494 498 499 502 504 505 508 509 510 

415

516 521 522 526 529 532 533 534 536 539 541 546 547 548 549 551 552 554 562 564 568 571 572 198 349 351 353 355 356 357 359 367 369 375 377 379 380 381 382 384 389 396 397 399 403 405 407 409 410 411 418 419 424 426 429 430 431 433 434 435 437 440 441 443 446 449 450 453 454 455 458 459 462 467 468 469 470 471 472 474 475 476 477 478 480 481 485 486 487 490 491 494 496 499 501 502 504 505 509 510 

416
563 367 
516 518 519 521 522 528 529 530 531 532 533 534 535 539 540 541 543 34 547 548 552 558 562 564 568 572 173 198 349 351 354 355 356 357 359 361 364 365 369 372 373 377 379 382 383 390 393 397 399 403 405 406 407 411 413 422 425 426 427 429 433 434 435 436 437 440 441 442 446 448 449 450 454 455 457 458 459 464 466 467 470 476 477 478 480 481 485 489 490 491 496 498 499 501 502 504 508 510 

417

516 518 519 522 529 530 531 532 533 535 539 541 34 547 546 549 548 551 552 554 555 557 562 564 568 569 571 572 173 198 351 354 355 356 357 359 361 364 367 369 372 377 379 380 381 382 389 393 396 397 399 403 405 406 407 410 411 418 422 424 427 429 433 435 437 441 443 449 450 452 453 454 455 457 459 462 463 464 466 467 468 469 470 474 476 477 478 481 485 486 489 490 491 498 499 501 504 505 509 510 

418
397 
516 518 529 530 532 533 535 536 539 540 543 34 546 549 551 552 554 558 564 565 173 350 351 352 356 357 362 364 365 367 369 371 373 375 377 379 380 381 383 384 385 387 389 390 393 394 398 399 406 407 411 413 415 417 419 420 421 424 425 427 431 435 438 440 441 446 449 453 454 455 457 458 459 462 464 466 468 469 471 472 476 477 478 479 480 482 485 486 487 490 491 493 495 498 499 501 502 505 509 

419
544 
519 521 522 523 528 529 530 531 532 533 534 535 539 541 543 545 34 547 548 549 546 555 557 558 562 564 568 569 570 571 572 173 198 349 351 354 355 359 360 361 362 364 365 367 371 372 377 379 382 383 388 390 393 396 399 403 405 406 410 411 413 415 418 425 426 427 429 433 434 437 441 443 446 448 450 453 454 455 458 463 466 467 470 472 474 476 478 480 481 485 489 490 491 498 501 502 504 508 510 

420

519 521 522 528 529 530 531 532 533 534 535 536 538 539 543 34 547 546 549 551 552 555 557 558 562 564 568 570 572 173 198 349 350 352 355 356 359 361 362 367 369 371 372 379 382 384 386 390 396 399 401 403 405 406 407 410 411 413 418 422 425 427 429 433 434 435 437 440 441 442 443 449 450 452 453 454 455 458 463 464 466 467 468 470 473 474 476 478 481 486 489 490 491 498 499 501 502 504 508 509 

421
487 
512 515 518 519 521 526 527 532 533 534 535 538 541 542 547 548 549 551 552 555 562 564 568 569 571 572 173 198 349 351 352 354 355 356 359 361 366 367 368 369 371 375 376 377 379 382 383 384 385 393 396 398 399 403 405 406 407 409 411 418 426 430 433 434 435 436 437 439 440 442 443 446 448 450 452 453 454 458 462 463 467 470 472 475 476 478 479 481 482 484 488 489 490 491 494 501 502 503 508 

422
348 
516 518 532 533 534 536 537 539 540 541 542 549 551 552 554 556 559 560 563 564 571 572 198 349 350 351 352 353 356 357 362 364 368 369 371 375 377 379 380 381 383 384 385 386 389 393 394 399 400 401 404 405 406 407 409 411 413 416 424 425 426 427 430 433 434 435 437 441 443 445 451 453 454 457 459 462 464 467 468 469 471 472 473 476 477 478 479 482 485 486 487 491 494 498 499 501 502 505 509 

423

516 518 519 521 522 529 530 531 532 533 535 539 541 543 547 548 551 554 555 557 562 564 568 571 572 349 351 354 355 356 357 359 361 364 369 371 372 377 379 380 381 382 383 386 389 393 396 397 399 401 403 405 406 407 410 411 418 422 424 429 433 435 437 441 442 443 446 448 449 453 454 455 457 459 462 463 466 467 468 469 470 472 474 476 477 478 481 485 486 489 490 491 498 499 501 504 505 508 509 510 

424

512 519 520 521 523 529 531 535 539 541 542 543 545 546 547 548 549 552 556 557 558 560 562 565 568 570 353 354 355 359 361 362 363 365 366 367 371 373 374 375 377 383 387 388 390 391 394 395 396 400 403 405 408 410 412 413 414 415 417 418 422 423 425 426 427 428 429 434 436 438 440 444 445 446 448 450 452 455 460 461 463 466 470 473 474 480 481 482 484 487 488 489 490 491 492 494 495 503 504 508 

425
479 
516 518 519 521 522 529 530 531 532 533 536 538 539 543 547 548 551 554 555 557 562 568 569 571 572 351 352 354 355 359 361 364 367 368 369 372 377 379 380 381 382 383 386 388 393 396 397 399 401 403 404 406 407 409 410 416 418 419 420 422 424 426 429 433 435 440 441 443 445 446 449 450 453 454 455 459 462 463 466 467 468 470 472 474 476 481 484 487 488 489 490 491 494 501 502 504 505 509 511 

426
397 
512 516 518 519 523 526 532 534 535 536 538 540 34 548 549 551 554 558 560 565 568 570 572 173 198 349 352 354 355 356 357 359 361 362 364 367 371 372 375 379 380 381 382 386 388 389 390 398 399 401 402 403 404 406 410 415 416 419 421 422 424 427 434 435 437 440 441 443 445 448 453 456 458 460 462 467 468 469 473 474 475 476 477 481 482 485 486 489 492 493 494 496 498 499 502 505 508 509 511 

427

512 519 522 529 530 531 532 533 535 536 539 540 541 543 546 547 548 555 556 557 560 562 565 568 571 572 354 355 356 357 359 360 361 362 366 367 371 372 374 375 376 377 379 382 383 385 387 388 396 397 403 404 406 408 409 410 411 418 419 420 422 429 432 435 437 440 443 444 445 448 449 450 453 454 458 459 462 463 467 468 470 471 472 474 478 481 482 486 487 489 490 491 493 494 498 504 507 509 510 511 

428
404 
516 518 519 521 522 528 529 530 531 532 533 535 536 539 540 541 543 546 547 551 554 555 562 568 571 572 349 351 352 354 355 356 357 359 361 365 367 368 369 371 372 375 377 379 380 381 382 388 389 396 397 399 403 407 409 410 411 416 424 429 433 435 437 440 442 443 448 449 450 453 454 455 457 458 459 462 466 467 468 469 470 474 477 478 481 485 486 487 489 490 491 494 498 499 502 504 505 509 510 

429

512 515 517 520 523 525 526 527 533 534 535 536 537 538 542 544 545 34 552 556 559 561 563 565 566 567 569 173 352 353 360 365 368 373 375 378 383 384 385 387 388 391 392 394 398 400 402 404 406 408 409 414 416 417 419 420 423 424 425 427 430 431 434 436 437 438 439 440 442 443 445 448 451 456 458 461 462 465 469 471 472 477 479 482 484 487 488 490 491 492 494 495 496 497 499 503 506 507 508 511 

430

519 521 522 529 530 531 532 533 534 535 539 543 34 547 548 555 558 562 564 568 570 571 572 173 198 349 351 354 355 356 359 360 361 362 364 365 367 371 372 377 379 380 382 385 386 387 390 393 396 399 401 403 405 406 407 410 411 413 415 421 422 429 433 434 435 437 441 442 443 446 448 449 450 453 454 457 458 459 462 463 466 467 468 470 472 474 476 478 481 482 488 489 490 491 498 499 501 502 504 510 

431

516 518 519 522 528 529 530 531 532 535 539 540 541 543 546 547 34 549 548 551 552 554 555 557 558 562 568 569 571 173 349 351 354 355 357 359 360 361 362 364 367 369 371 372 377 379 380 381 382 383 384 386 389 390 393 396 397 401 403 405 406 407 410 413 415 418 422 427 429 435 437 442 443 446 448 449 450 453 454 455 457 459 463 464 466 467 469 470 474 476 477 481 485 486 489 490 491 504 505 509 

432

516 518 522 530 531 532 533 534 535 536 539 540 543 34 549 551 552 554 558 560 564 572 173 349 351 352 354 355 356 359 361 362 364 365 372 375 377 379 380 382 384 385 386 390 393 396 399 401 403 405 406 407 410 411 415 421 424 426 427 429 433 434 435 436 437 440 441 443 446 450 453 454 457 458 459 462 463 464 466 467 468 469 470 472 474 476 477 478 481 485 486 489 490 491 498 499 501 502 505 509 

433

512 517 519 520 525 526 531 535 537 538 539 545 34 546 547 548 556 557 558 560 565 568 570 353 354 355 356 359 361 362 363 365 366 371 372 373 375 376 382 385 386 387 388 390 391 392 394 395 398 400 401 402 404 408 409 410 411 413 414 415 421 422 423 425 428 434 436 437 443 444 445 446 448 450 451 453 456 461 463 465 471 473 474 475 477 480 481 482 484 487 488 489 491 493 494 498 499 500 503 511 

434

516 518 519 521 522 529 530 531 532 535 539 540 541 543 546 547 548 551 552 554 555 557 560 562 568 571 572 173 352 354 355 357 359 361 364 365 367 369 371 372 377 379 380 381 382 383 384 396 403 404 406 407 410 411 413 415 416 420 421 422 424 426 429 432 433 437 440 443 444 445 448 449 450 451 452 453 454 455 462 463 466 467 468 469 472 474 477 481 485 489 491 494 498 499 501 502 504 505 509 510 

435

512 514 517 522 526 529 532 533 534 535 537 538 539 540 544 545 34 549 552 558 560 565 567 568 570 572 173 198 349 350 352 353 362 363 366 368 371 373 375 378 383 384 385 387 388 390 391 392 394 395 398 400 406 408 411 412 413 414 415 417 418 422 425 426 427 428 429 430 431 436 437 440 444 445 446 448 451 460 462 464 465 466 472 473 480 481 482 484 487 488 490 491 492 493 494 496 502 506 508 511 

436

516 518 519 521 522 528 529 530 531 532 533 535 539 540 541 543 547 548 549 551 552 554 555 557 562 564 568 569 570 571 572 173 198 350 351 354 355 356 357 359 361 362 364 365 369 371 372 379 380 381 382 384 386 389 393 396 397 399 401 403 407 410 411 416 421 424 429 433 435 437 441 443 453 454 455 457 459 462 464 466 467 468 469 470 472 474 476 477 481 485 486 489 490 491 498 499 501 504 505 509 

437

513 521 522 526 527 528 529 539 541 542 543 544 548 552 554 556 558 559 563 566 567 569 349 350 353 359 360 362 365 366 367 369 370 371 375 376 378 381 382 384 385 388 389 391 392 394 397 402 405 407 412 415 416 419 420 421 422 423 426 427 429 430 432 433 434 435 436 440 442 444 445 448 449 451 455 456 457 458 459 460 465 466 469 471 477 479 481 482 483 484 490 492 495 496 497 502 503 504 508 510 

438

516 518 519 522 528 529 530 531 532 533 534 535 536 539 540 541 543 547 549 551 552 554 557 558 562 564 568 569 571 572 173 198 349 350 351 354 355 356 357 359 361 362 369 371 372 380 381 382 384 386 389 393 396 397 399 401 403 405 406 407 410 411 418 424 426 427 429 433 434 437 441 449 455 457 458 459 462 463 464 466 467 468 469 471 472 474 476 477 478 481 485 486 489 494 498 499 502 505 508 509 

439
445 
512 515 519 521 522 528 529 530 531 532 533 535 539 540 543 546 547 548 549 34 551 552 555 556 557 560 562 564 568 571 572 198 349 350 351 355 356 359 361 362 364 365 367 371 372 377 379 382 383 390 393 394 396 399 401 403 405 406 407 410 411 415 421 426 429 433 435 441 443 446 450 453 454 455 462 463 466 467 468 470 472 474 476 478 479 480 481 482 488 489 491 494 498 499 502 504 508 510 511 

440

518 519 521 522 528 529 530 531 533 535 539 546 547 548 549 552 555 557 558 559 563 564 569 570 572 173 198 351 354 355 360 361 362 364 369 371 372 377 380 382 383 384 385 386 390 391 393 396 401 403 405 406 410 413 414 415 418 424 426 427 428 429 434 435 437 442 443 446 448 450 452 453 454 455 459 460 463 464 466 467 469 470 471 472 474 476 480 481 486 489 490 491 495 499 500 504 505 507 509 510 

441

512 520 521 523 526 528 531 535 538 539 541 543 544 545 546 547 548 552 553 556 561 563 565 566 569 570 350 353 354 355 359 360 362 366 367 373 374 375 376 377 382 383 384 385 387 388 390 391 394 397 400 402 404 408 409 413 414 415 417 418 419 420 421 422 425 426 430 432 434 436 438 439 440 442 444 445 448 449 450 452 456 460 463 465 473 478 482 484 489 490 491 492 493 495 496 497 506 507 510 511 

442
531 
512 515 519 522 526 530 532 535 536 537 539 540 541 34 546 547 552 555 556 557 558 560 562 565 568 571 572 198 350 351 352 354 355 356 359 361 367 368 372 375 377 379 382 383 384 385 386 390 394 396 401 403 404 406 408 409 410 411 420 421 426 429 430 437 440 441 445 446 449 450 453 456 458 462 463 464 466 467 468 470 473 474 476 478 479 480 481 487 489 491 493 494 498 499 500 501 503 504 511 

443

513 518 519 521 522 529 531 535 536 538 539 540 541 542 543 545 552 554 556 559 560 561 562 563 565 568 569 571 350 354 357 359 360 361 362 365 367 369 370 375 376 382 384 388 389 396 397 402 403 405 407 408 413 415 419 420 421 422 423 426 427 428 429 433 434 435 436 439 440 444 445 449 450 451 452 455 456 457 458 459 460 463 464 466 469 470 473 477 481 482 487 489 495 500 502 503 504 507 508 510 

444
372 397 
512 516 518 519 522 528 530 532 533 534 539 540 541 546 547 549 551 554 557 562 563 564 565 568 569 572 173 198 349 354 355 356 357 359 361 364 367 369 371 379 380 381 382 384 386 389 390 393 399 401 403 405 406 407 410 411 418 424 427 429 433 434 435 437 441 443 450 453 454 455 457 458 459 464 466 467 469 471 472 474 476 477 478 481 482 485 486 489 490 491 494 498 499 501 502 505 509 510 

445
439 
516 518 521 522 528 532 533 534 541 543 546 34 547 549 548 551 552 554 555 557 562 563 564 568 569 571 572 173 198 349 354 355 357 359 361 367 369 372 377 379 380 381 382 383 384 385 389 396 397 399 403 405 406 407 410 411 422 424 425 426 427 429 433 434 435 437 441 442 443 449 452 453 454 455 457 458 459 462 464 466 467 469 470 472 477 478 481 485 486 490 491 498 499 501 502 504 505 509 510 

446

512 516 518 526 528 530 531 532 533 534 535 536 540 541 543 545 34 547 551 552 554 558 562 563 565 567 569 570 572 173 349 350 354 357 359 361 362 365 368 369 371 372 375 377 380 381 382 383 384 385 387 389 397 402 403 404 405 406 413 415 416 418 419 421 424 425 426 427 430 432 433 435 440 442 448 449 452 454 455 457 459 463 464 467 469 470 472 477 478 480 485 486 489 494 497 499 505 508 509 510 

448
348 
512 516 518 519 522 528 529 531 532 533 539 543 546 34 548 549 551 552 554 556 557 562 564 568 572 173 198 349 350 351 354 356 357 359 361 364 365 367 369 372 376 380 381 382 384 386 389 390 393 396 397 399 401 405 406 407 410 411 421 424 426 427 429 433 434 435 437 440 441 443 446 450 453 455 457 458 459 463 464 466 467 468 469 474 475 476 478 480 481 486 487 490 491 498 499 501 502 505 509 

449
480 348 
512 514 517 518 519 520 524 526 527 530 532 533 535 537 548 549 559 560 564 566 567 568 569 572 173 198 351 352 353 356 361 362 364 365 366 368 369 371 378 379 380 382 386 387 390 391 392 393 394 395 396 398 399 400 401 405 406 410 411 413 416 418 425 427 430 431 434 437 441 442 443 445 446 450 453 462 463 465 467 471 472 474 475 476 478 488 489 491 492 494 495 498 499 500 501 502 506 511 

450
373 
518 521 526 528 533 534 536 540 541 542 545 34 549 551 552 553 554 558 561 564 565 569 571 173 198 349 350 351 352 356 357 362 364 365 368 369 370 371 375 377 378 379 380 381 383 384 387 389 393 394 398 399 402 407 408 409 412 414 415 419 421 424 425 427 430 433 439 440 441 442 443 448 449 451 453 454 455 456 457 459 460 464 469 471 472 476 477 478 479 480 485 486 494 495 501 505 508 509 511 

451

516 519 522 529 530 531 532 533 534 535 536 539 540 543 546 547 548 549 551 552 558 562 568 572 173 349 352 354 355 356 357 359 361 362 367 369 371 372 377 379 381 382 383 384 386 390 396 401 403 405 406 407 410 411 418 422 424 427 429 433 434 435 437 440 441 443 446 448 449 450 453 454 455 457 459 462 463 464 466 467 468 470 472 474 477 478 480 481 485 489 490 491 494 498 499 502 504 505 509 510 

452
404 
512 514 516 518 522 523 529 532 534 535 536 538 539 540 541 543 552 554 556 558 562 563 564 568 570 571 572 173 198 349 350 351 352 353 356 357 362 364 365 369 371 372 375 377 379 381 383 384 386 387 389 390 393 397 399 401 406 407 411 415 417 420 421 424 425 427 433 434 440 441 443 445 446 449 453 459 462 464 467 469 472 476 477 478 479 482 484 485 486 487 490 494 498 499 502 505 508 509 511 

453

513 519 520 521 522 526 529 531 536 538 539 540 541 542 543 545 547 548 549 552 556 557 560 561 562 563 565 568 569 571 350 354 355 359 360 361 366 367 369 370 375 376 382 384 388 389 396 397 402 403 405 407 408 410 413 415 418 422 426 427 429 430 432 433 434 436 439 440 442 444 445 448 449 450 452 455 456 457 458 460 464 469 470 473 477 481 482 484 487 489 490 495 497 500 503 504 507 508 510 511 

454

512 513 520 526 529 531 533 535 536 537 538 539 540 542 545 552 553 558 559 560 561 563 565 566 567 569 350 352 353 354 359 361 362 366 367 370 375 376 378 384 388 390 391 392 394 396 402 404 405 407 408 410 413 414 415 416 417 418 419 420 421 422 423 425 427 428 430 431 434 436 440 444 445 446 450 451 455 456 458 464 465 469 471 473 479 483 484 489 490 492 493 494 495 496 497 500 502 503 504 511 

455
359 
514 515 517 519 525 534 535 536 538 540 34 548 559 564 572 198 349 352 354 356 357 361 362 365 366 368 371 375 376 377 382 383 385 386 387 388 389 392 394 398 401 403 404 405 406 408 410 411 413 415 423 424 425 427 428 434 435 437 439 440 443 445 446 448 450 453 454 456 458 460 462 463 465 467 468 469 470 473 475 477 478 480 484 485 487 489 490 491 492 493 495 498 499 502 503 505 508 509 511 

456

516 518 519 522 528 529 530 531 532 533 535 539 540 543 546 547 34 549 554 555 557 562 564 568 571 572 173 198 349 351 354 355 359 361 364 365 369 371 372 377 379 380 381 382 383 384 385 389 390 393 396 397 399 403 405 406 407 410 418 422 424 426 427 429 433 435 437 441 442 443 446 450 452 453 454 455 457 459 463 464 466 467 468 470 472 474 476 478 480 481 485 489 490 498 499 501 502 504 509 510 

457

512 514 517 519 521 523 526 528 531 532 533 535 536 537 538 539 542 545 34 546 548 547 552 556 557 560 562 569 572 352 353 354 359 361 362 363 366 367 368 371 375 377 383 385 387 388 390 391 394 395 396 400 405 406 408 409 410 412 413 414 418 422 428 432 437 438 443 444 445 446 448 450 451 453 462 463 467 471 473 474 479 480 482 483 484 487 488 489 490 491 492 493 494 495 496 498 502 503 508 511 

458

512 519 521 522 525 528 529 530 531 532 534 535 536 537 538 539 541 542 34 549 552 556 558 560 562 568 569 571 173 198 351 352 356 362 363 364 365 371 372 373 375 377 379 383 384 385 386 387 388 390 394 398 401 404 406 408 409 410 411 413 415 416 418 420 421 426 427 429 432 435 437 438 440 443 445 448 453 454 455 462 463 464 465 466 468 472 473 474 480 481 484 491 494 495 498 501 502 504 505 506 

459

512 514 519 525 526 531 533 535 536 538 539 545 34 547 548 549 552 553 558 560 566 568 570 173 198 350 352 353 354 359 362 363 366 367 371 372 375 377 383 384 385 387 388 390 391 394 395 396 398 400 403 404 408 410 412 413 414 418 422 423 425 427 428 436 437 438 440 443 444 445 446 448 450 456 460 461 462 463 464 465 471 472 473 474 475 480 482 484 487 488 489 490 491 492 493 494 495 496 500 502 

460
508 
516 518 519 522 528 529 531 532 533 536 539 541 546 34 549 551 552 554 557 562 564 568 569 571 572 173 198 349 350 351 352 354 356 357 359 361 364 365 369 375 377 380 381 383 384 389 390 393 396 397 399 405 406 407 410 411 424 426 429 433 434 435 437 440 441 443 446 449 450 453 455 459 462 464 466 467 469 474 476 477 478 480 481 483 485 486 487 488 489 490 491 494 498 499 501 502 504 505 509 

461

512 516 518 519 522 528 529 530 531 532 533 534 535 539 540 541 543 546 547 549 551 554 555 557 558 562 563 564 568 571 572 198 349 354 355 356 357 359 361 364 369 372 377 379 380 381 382 386 389 393 396 397 399 401 403 404 405 406 407 411 418 421 424 429 433 435 437 440 441 443 449 453 454 455 457 458 459 462 464 466 467 468 469 470 472 474 476 477 478 481 485 486 489 498 499 501 502 504 505 509 

462

516 522 523 529 530 531 534 535 539 541 543 546 547 34 548 554 555 557 558 563 568 569 570 571 173 349 350 351 354 355 359 360 362 364 369 371 372 377 380 381 382 383 384 385 389 390 396 397 402 403 405 407 410 413 414 415 418 421 422 425 426 427 428 429 433 434 435 436 439 442 445 449 451 455 457 458 459 460 464 465 466 469 470 471 473 474 477 478 480 481 482 486 489 490 495 496 504 508 509 510 

463

516 518 522 526 528 529 533 534 536 540 541 543 34 549 551 552 553 554 558 563 564 566 567 569 571 173 198 349 350 351 352 356 357 364 365 368 369 375 377 380 381 383 384 389 390 391 393 397 399 407 409 411 419 420 421 424 425 427 430 431 433 434 435 439 440 441 442 443 446 448 449 451 453 455 456 457 458 459 464 469 472 476 477 478 480 482 485 486 487 490 491 494 495 496 501 502 505 508 509 511 

464

512 517 519 521 522 523 526 530 531 532 533 535 536 539 540 541 546 547 548 555 556 557 558 560 562 565 566 568 569 570 571 353 354 355 356 357 359 360 361 362 365 366 367 368 371 372 376 377 379 382 383 385 388 396 400 403 404 406 408 409 410 411 413 418 422 429 435 440 443 445 446 448 450 451 452 453 454 458 459 460 462 463 468 470 472 474 478 481 482 488 489 490 491 493 495 496 498 502 507 511 

465

516 518 519 522 528 529 530 531 532 533 534 539 540 541 543 546 547 548 549 551 552 554 555 562 564 565 568 571 572 198 349 350 351 354 355 356 357 359 361 364 367 369 372 377 380 381 382 384 390 393 396 397 399 403 405 406 407 410 411 424 426 429 433 435 437 440 441 443 449 450 453 454 455 457 458 459 462 466 467 468 469 470 474 476 477 478 481 485 486 490 491 498 499 501 502 504 505 508 509 510 

466

512 513 514 515 517 520 523 524 525 526 534 536 537 538 544 545 34 552 556 559 563 566 567 173 350 352 353 354 357 360 365 366 368 370 371 373 375 378 383 384 387 392 394 398 400 402 404 406 408 409 413 414 416 417 419 420 423 424 425 427 428 430 431 434 435 436 437 438 439 440 442 443 445 448 451 456 458 462 465 469 471 477 478 479 482 484 485 487 490 491 492 494 496 497 500 503 506 507 508 511 

467

513 514 515 521 522 526 527 529 531 537 539 541 542 543 544 548 552 555 556 558 559 560 563 566 568 569 350 352 359 360 362 365 366 367 369 370 375 376 378 382 384 385 388 392 394 396 397 400 402 408 410 413 415 416 417 419 420 421 422 423 425 426 427 428 430 432 435 436 438 440 444 445 448 449 452 455 456 457 465 469 470 473 477 479 481 484 488 490 491 492 493 495 500 502 503 506 507 508 510 511 

468

512 517 520 523 524 526 527 528 531 539 540 541 543 544 545 546 552 553 557 559 560 561 563 565 566 569 570 173 350 353 354 360 362 365 366 370 374 375 376 377 378 383 384 387 388 390 391 395 397 402 404 405 407 408 412 413 414 415 417 418 420 422 423 425 426 427 428 430 432 434 436 438 439 442 448 449 451 455 456 458 461 464 465 471 475 482 483 484 488 489 490 492 495 496 502 504 506 507 510 511 

469

517 519 521 522 529 530 531 532 533 534 535 539 543 544 34 547 548 549 552 556 562 568 570 572 198 349 351 355 356 359 361 362 363 364 365 366 367 371 372 373 377 383 385 387 390 391 395 396 400 405 406 408 409 410 411 412 413 414 415 418 426 428 429 434 436 437 438 443 444 445 446 448 450 453 454 455 462 463 466 467 472 474 478 480 481 482 484 487 489 490 491 494 498 501 502 504 506 508 510 511 

470

512 516 518 520 523 526 528 532 534 535 536 537 538 539 540 542 544 34 549 551 552 554 558 560 561 563 567 569 572 173 349 350 352 353 362 369 371 375 378 379 380 381 383 384 387 389 390 391 394 398 400 404 406 409 411 413 414 415 416 420 421 424 425 427 430 431 439 440 442 443 445 451 453 456 462 464 465 467 471 477 478 479 483 484 485 486 487 488 492 493 494 495 496 498 502 503 505 508 509 511 

471

516 518 519 521 522 529 530 531 532 533 535 536 538 539 543 34 547 549 551 552 554 557 558 562 568 570 571 173 198 349 351 352 354 355 356 359 362 364 365 369 371 372 375 379 380 381 382 384 389 394 396 399 403 405 406 407 410 411 415 418 421 422 424 427 429 433 435 437 440 443 444 445 449 450 453 454 457 459 462 464 466 468 470 474 478 481 482 485 486 489 490 491 495 498 501 502 508 509 510 511 

472

512 516 518 519 522 528 529 531 535 539 540 541 543 546 548 552 553 554 555 557 558 562 568 569 571 173 349 351 354 355 357 359 361 362 365 367 370 371 372 374 380 381 382 384 385 386 389 390 394 397 401 405 408 410 413 415 418 421 422 425 427 429 432 434 435 436 437 439 440 444 445 446 449 450 452 458 459 463 464 466 469 473 474 477 478 481 482 486 487 488 489 490 491 495 496 502 504 505 508 509 

473
539 
516 518 522 523 528 529 530 532 533 534 536 541 543 544 546 547 548 551 552 554 562 563 564 568 569 571 572 173 198 349 351 356 357 359 361 364 367 369 372 377 379 380 381 382 383 384 389 393 396 397 403 405 406 407 410 411 420 421 422 424 426 429 433 435 437 441 442 443 450 453 454 455 457 458 459 462 464 466 467 469 470 472 474 476 477 478 480 481 485 486 490 494 499 501 502 504 505 508 509 

474

512 513 516 518 520 521 523 526 533 534 535 536 537 540 541 544 34 549 551 552 554 556 558 561 563 564 565 569 571 173 198 349 351 357 364 365 368 369 370 371 373 374 375 377 379 381 383 384 387 389 390 392 395 404 407 408 413 419 420 423 424 425 426 427 428 430 433 434 436 439 440 448 449 451 456 457 458 459 462 464 469 471 472 473 477 478 479 480 484 486 488 492 494 495 496 501 503 505 508 509 

475
434 
516 518 522 526 528 529 530 532 533 534 535 536 539 540 541 543 34 549 551 552 554 558 560 562 564 569 571 572 173 198 349 350 351 356 357 362 364 365 369 371 372 375 377 379 380 381 383 384 385 387 389 393 399 406 407 411 413 415 421 424 425 426 427 429 433 435 437 441 443 445 448 449 453 454 455 457 459 462 464 466 467 468 469 472 476 477 478 480 485 486 494 498 499 501 504 505 508 509 510 

476

512 520 521 523 526 528 535 538 539 541 543 544 545 546 552 556 558 563 565 566 568 570 350 352 353 354 355 359 360 362 363 366 368 373 374 375 376 377 382 383 384 387 388 390 391 396 397 400 403 404 405 408 409 410 413 415 418 419 420 421 422 425 426 430 434 436 438 439 440 442 444 445 448 449 450 456 460 462 463 465 473 474 475 478 479 482 484 489 490 491 492 493 494 496 497 504 506 507 510 511 

477

512 515 517 519 521 522 526 528 529 530 531 532 533 535 536 537 539 542 545 546 547 552 556 557 558 559 560 562 571 572 353 359 361 362 363 366 367 368 371 377 379 383 387 388 390 391 392 394 396 400 404 405 406 408 409 410 412 413 415 417 418 422 423 426 428 429 433 436 437 438 444 445 446 450 452 455 463 466 467 470 472 473 474 480 481 482 484 488 489 491 492 493 494 495 498 502 503 504 510 511 

478

512 519 521 525 526 528 529 530 533 535 536 537 538 539 540 543 544 546 547 548 549 552 555 556 557 558 560 561 569 571 173 350 354 355 359 360 362 365 367 368 371 372 375 377 382 383 384 390 391 393 398 403 407 408 410 413 415 416 419 421 422 427 429 430 432 438 444 445 446 448 449 450 451 452 455 460 462 464 465 466 469 470 471 474 476 479 480 481 482 484 487 489 490 491 493 494 495 502 503 510 

479
425 
516 518 519 521 522 529 530 531 532 534 539 541 543 34 547 548 549 551 555 562 563 564 568 571 572 173 198 349 354 355 356 357 359 361 364 365 367 372 377 379 380 381 382 383 390 393 396 397 403 405 406 407 410 411 418 421 422 424 427 429 433 435 437 439 441 442 443 448 449 450 452 453 454 455 457 458 459 464 466 467 468 470 472 474 476 477 478 480 481 485 489 491 498 499 501 502 504 509 510 

480
449 563 540 543 
516 518 519 522 523 526 528 531 534 535 536 538 539 541 546 547 548 551 552 554 555 556 557 560 562 568 349 350 352 354 355 357 359 360 361 362 367 369 371 375 376 377 380 381 382 383 386 387 388 389 396 397 401 403 405 407 410 413 415 418 419 424 429 433 435 439 440 442 446 448 450 455 456 457 458 459 460 462 463 469 473 474 477 478 481 482 485 486 489 490 491 502 505 508 509 510 

481

512 520 526 532 534 535 536 537 540 545 34 552 554 556 558 559 563 566 569 570 173 349 350 352 356 357 360 362 365 368 369 371 373 375 377 380 383 384 385 387 389 395 400 404 406 408 411 413 414 415 417 420 421 424 425 426 427 428 430 433 434 435 437 439 440 442 443 445 448 451 453 456 460 461 462 464 465 467 469 471 472 473 477 478 479 480 482 484 485 486 492 494 495 496 498 499 503 507 508 511 

482

516 518 519 521 522 530 531 532 533 534 536 539 541 543 34 546 547 549 551 552 554 557 562 563 564 568 569 173 198 349 350 351 352 354 356 357 361 364 365 369 372 375 377 380 382 383 384 389 393 396 397 399 403 406 407 411 418 421 422 424 426 427 429 430 433 435 437 439 440 441 443 449 452 453 454 457 459 462 463 464 466 468 469 471 472 476 477 478 480 481 485 486 498 499 501 504 505 508 509 510 

483
535 
516 518 519 522 529 530 531 532 533 534 541 543 546 549 551 555 558 562 564 565 568 570 571 572 198 349 351 354 355 356 357 359 361 362 364 365 369 371 372 377 379 380 381 382 383 386 390 393 396 399 401 403 405 406 407 410 411 424 425 427 429 433 435 437 441 443 448 449 452 453 454 455 457 458 459 460 462 464 466 467 468 469 470 472 474 476 477 478 485 486 489 498 499 501 504 505 508 509 510 

484

516 518 519 522 523 529 530 531 532 534 535 541 543 546 34 547 551 554 555 562 564 568 570 571 572 173 198 349 351 354 355 356 357 359 361 364 365 367 369 371 372 377 379 380 381 382 383 389 393 396 397 399 403 405 406 407 410 411 421 424 425 427 429 433 434 435 437 441 449 452 453 454 455 457 458 459 464 466 467 468 469 470 474 476 477 478 480 481 485 486 489 490 491 498 499 504 505 508 509 510 

485

512 515 517 519 520 521 526 527 529 533 535 537 539 540 542 546 547 548 552 553 555 556 559 560 561 562 567 571 353 359 360 361 362 363 365 366 367 368 371 373 376 378 383 387 388 390 391 392 394 395 396 400 403 404 408 409 410 412 413 417 418 422 423 431 432 434 438 444 445 446 450 452 455 463 466 470 473 475 479 480 481 482 484 487 488 489 490 491 492 493 494 495 496 497 500 502 503 504 510 511 

486

512 514 519 521 529 530 531 533 534 535 537 538 539 541 34 547 548 549 546 555 556 557 558 560 562 568 570 173 352 353 354 355 359 361 362 365 366 367 371 372 377 382 383 385 387 388 390 391 394 395 396 400 403 405 408 410 412 413 414 415 418 420 422 423 426 427 428 429 436 440 444 445 446 448 449 450 460 462 463 464 465 470 471 472 473 474 480 481 484 487 489 490 491 492 494 495 496 502 504 511 

487
421 
516 518 519 522 523 528 529 530 531 532 533 534 535 540 541 543 34 547 546 549 551 552 553 554 555 558 563 568 569 570 571 173 198 349 350 354 355 356 357 361 362 369 371 372 377 380 381 382 383 384 389 396 397 403 405 411 413 415 418 422 424 425 426 427 429 433 435 442 443 448 449 450 452 453 454 455 457 459 460 463 464 466 469 470 472 477 478 480 481 485 486 489 495 498 504 505 508 509 510 

488

516 518 519 522 529 530 531 533 535 539 540 541 543 34 546 548 549 551 552 554 562 563 568 571 572 173 352 354 355 356 357 359 361 362 369 371 372 377 380 381 382 383 384 386 389 393 396 397 399 401 403 405 407 410 411 413 415 421 424 425 426 427 429 430 433 435 437 439 440 445 448 449 455 457 459 460 463 464 466 467 468 469 470 472 474 477 480 481 485 486 489 490 491 495 499 504 505 508 509 510 

489
348 
512 516 518 523 526 528 529 532 534 536 540 541 544 34 549 551 552 554 556 563 564 565 569 571 173 198 349 350 351 352 356 357 364 365 368 369 371 375 377 379 380 381 383 384 387 389 390 393 398 399 400 406 407 408 409 411 419 420 421 424 425 427 430 433 434 436 439 440 441 442 443 446 449 451 453 454 456 457 459 462 464 468 472 476 477 478 480 485 486 487 492 494 495 498 501 505 508 509 511 

490

512 516 518 521 522 526 528 529 530 532 535 536 537 540 541 542 543 34 549 551 552 554 556 558 559 560 563 564 565 568 569 570 571 572 173 351 352 354 356 361 364 365 368 372 374 375 380 381 382 384 385 389 397 405 406 409 413 414 415 416 419 420 421 424 425 427 429 430 435 436 437 440 445 451 454 455 457 459 460 462 463 464 466 467 468 469 473 478 480 485 486 493 494 495 498 499 505 508 509 511 

491

512 516 518 520 521 522 526 529 530 531 532 533 534 536 537 540 541 542 543 544 545 34 551 552 554 559 560 561 563 569 570 571 572 173 349 350 351 353 357 364 365 372 374 375 379 380 381 382 384 385 389 397 404 406 407 413 415 416 417 419 420 421 424 425 427 429 431 434 435 436 440 444 445 449 451 455 457 459 464 466 467 469 471 472 476 477 478 480 485 486 488 493 495 497 499 505 508 509 510 511 

492

516 518 519 522 528 529 530 531 532 539 541 543 547 549 551 552 554 555 557 562 563 564 568 571 572 198 350 351 354 355 356 357 359 361 364 367 369 372 377 379 380 381 382 383 384 386 389 390 393 396 397 399 401 403 405 406 407 410 411 422 424 426 427 429 433 435 437 440 441 442 443 449 450 453 454 455 457 459 463 464 466 467 468 469 470 474 476 477 481 485 486 489 491 498 499 501 502 504 505 509 

493

518 519 521 522 528 530 531 532 533 534 535 541 543 34 547 548 549 551 552 554 555 562 564 568 571 572 173 198 349 351 354 355 356 357 359 361 364 367 369 371 372 377 379 380 381 382 383 384 389 390 393 396 399 403 405 406 407 410 411 418 424 425 426 427 433 435 437 441 442 448 449 453 454 455 457 459 464 466 467 470 472 474 476 477 478 481 485 486 489 490 491 496 498 499 501 502 504 505 509 510 

494

516 518 519 522 523 528 530 531 532 533 534 535 539 541 543 34 546 547 548 551 552 554 555 563 568 570 571 173 349 350 351 354 355 356 357 359 361 362 365 369 372 377 379 380 381 382 383 385 389 390 393 396 397 399 403 405 406 407 410 411 415 421 422 424 425 426 427 429 433 434 435 449 450 454 457 458 459 463 464 466 467 469 470 474 476 477 478 481 485 486 489 490 496 498 499 504 505 508 509 510 

495

512 516 518 519 522 526 528 530 531 532 533 536 539 540 541 546 547 549 551 552 554 555 557 562 563 564 565 568 572 350 354 355 356 357 359 361 369 372 375 377 379 380 381 382 384 386 389 390 396 397 401 403 405 406 407 410 411 418 424 429 433 437 440 441 443 449 450 453 454 455 457 458 459 462 463 464 467 468 469 470 471 472 474 477 478 481 485 486 487 489 490 491 496 498 499 501 502 504 505 509 

496
427 
516 518 519 522 529 530 531 532 533 535 536 539 541 546 547 549 551 552 554 555 562 564 568 569 571 173 198 350 351 354 356 357 359 361 364 365 367 369 371 372 375 377 380 381 382 383 384 389 393 396 397 399 403 410 411 413 415 416 424 426 429 433 435 437 441 443 450 452 453 454 457 459 462 463 464 466 468 469 470 472 474 476 477 481 485 486 489 491 493 494 495 498 499 501 502 504 505 509 510 

497
403 565 455 
516 519 522 528 529 530 532 533 535 536 539 541 543 34 548 549 551 558 562 564 568 569 571 572 173 198 349 351 352 356 357 359 361 362 364 365 367 371 372 377 379 380 381 382 383 385 386 390 393 399 401 405 406 407 410 411 413 415 421 426 427 429 433 437 440 441 442 443 445 446 448 449 453 454 457 464 466 467 468 471 472 474 476 477 480 481 485 490 491 498 499 501 502 504 505 508 509 

498

513 515 519 520 521 522 526 527 529 531 533 539 540 541 542 543 547 549 552 554 555 557 559 561 562 563 566 567 568 569 350 354 359 360 361 363 366 368 369 370 374 375 376 382 384 388 389 396 397 403 405 407 410 412 416 418 419 420 422 426 427 428 429 430 432 433 436 442 444 445 448 449 451 452 455 457 458 464 469 470 471 477 479 481 482 484 487 489 490 492 493 494 495 497 500 504 506 508 510 511 

499

513 514 522 524 526 527 528 529 531 539 541 542 543 552 556 558 561 563 566 568 569 570 350 352 353 359 360 362 363 365 366 367 368 369 370 371 372 375 376 378 382 383 384 385 388 392 394 396 397 398 400 405 407 408 410 412 415 416 417 418 422 423 426 429 430 433 434 436 440 442 444 445 446 448 449 451 455 460 461 465 479 481 482 483 484 488 490 491 492 493 494 495 502 503 504 506 507 508 510 511 

500
521 563 
516 518 522 523 528 529 530 532 533 534 535 539 540 541 543 34 549 551 552 554 558 562 564 569 571 572 173 198 349 350 351 356 359 362 364 369 371 372 375 377 379 380 381 383 384 387 389 390 397 399 405 406 407 411 422 424 425 426 427 429 433 434 435 437 440 441 442 443 448 449 453 454 458 459 464 466 467 468 469 472 476 477 478 480 481 485 486 490 491 498 499 501 502 504 505 508 509 510 

501

512 520 521 523 526 528 531 535 536 538 539 540 543 544 545 546 547 548 552 553 557 558 559 560 563 565 566 568 570 350 352 353 354 355 362 366 367 373 375 376 382 384 387 388 394 397 402 403 404 405 407 408 409 413 415 416 417 418 419 420 421 422 425 426 430 434 436 440 442 444 445 448 449 450 456 458 460 462 463 465 469 473 474 478 481 482 489 490 492 493 494 495 496 497 502 504 506 507 510 511 

502

513 516 518 519 520 521 523 528 531 532 533 534 535 540 541 543 34 547 549 551 552 554 555 556 557 558 563 565 567 569 570 572 173 349 350 352 354 355 356 357 360 361 365 374 377 380 382 383 384 387 389 396 397 402 403 405 406 407 408 409 415 416 418 420 421 422 425 426 427 428 432 435 437 443 444 445 448 449 452 454 456 457 459 463 464 467 469 470 472 477 478 480 485 486 496 499 505 508 509 510 

503
348 
516 518 519 522 528 529 530 531 532 533 534 541 543 34 547 546 549 548 551 552 554 555 558 562 563 568 571 572 173 198 349 351 354 355 356 357 359 361 364 367 369 371 372 379 380 381 382 390 393 396 397 399 403 405 406 407 410 411 421 422 424 426 427 429 433 435 437 441 442 443 448 449 453 454 455 457 459 464 466 467 470 472 474 476 477 478 480 481 485 489 490 491 498 499 504 505 508 509 510 

504
570 
512 518 523 526 527 532 534 535 536 537 538 540 542 34 549 551 552 554 560 567 572 173 349 352 353 354 356 357 362 365 370 371 375 378 380 381 384 385 387 389 390 392 393 394 398 400 404 406 411 413 414 415 416 419 424 425 427 428 430 434 437 439 440 442 443 445 451 453 454 458 460 462 465 467 468 469 472 473 477 478 479 482 484 485 486 487 492 493 494 495 497 498 499 501 503 505 508 509 511 

505

512 519 520 521 523 528 531 533 535 543 544 545 34 547 548 549 546 552 553 556 557 558 562 565 567 570 350 354 355 359 360 361 362 363 365 366 367 371 373 374 375 376 377 383 384 387 388 390 391 395 396 400 402 403 405 407 409 410 412 413 414 415 417 418 422 425 426 427 428 434 438 444 445 446 448 450 455 461 465 470 472 473 474 480 482 484 488 489 490 491 492 494 495 496 502 504 506 508 510 511 

506
348 508 
516 518 522 529 530 531 532 533 534 535 536 539 540 541 543 34 547 548 549 551 554 555 558 562 564 568 571 572 173 198 349 351 354 355 356 357 359 361 362 364 369 371 372 377 379 380 381 382 383 386 389 393 396 399 401 403 405 406 407 410 411 415 424 427 429 433 435 437 440 441 446 449 450 453 457 458 459 462 466 467 468 469 470 474 476 477 481 485 486 489 490 491 498 499 501 502 505 509 

507
495 
512 516 518 522 529 530 531 532 533 534 535 539 541 546 549 551 552 554 562 564 568 569 571 572 173 198 349 350 351 352 356 357 359 361 362 364 367 369 371 372 375 379 381 382 384 386 389 393 396 399 401 405 406 407 409 410 411 413 415 422 424 427 429 430 433 434 435 437 440 441 443 446 453 454 455 457 459 462 464 466 467 468 469 472 474 476 480 481 486 487 490 494 498 499 501 502 505 508 509 

508
460 
512 518 519 521 522 526 529 530 531 532 535 536 537 539 540 546 547 548 549 551 552 554 555 557 558 560 561 565 572 173 352 354 355 359 361 362 365 366 367 369 372 375 377 379 380 381 382 383 384 385 387 388 390 391 396 403 407 410 414 419 420 424 426 427 429 435 437 443 446 450 452 453 455 457 462 463 466 467 469 470 471 472 473 474 480 481 482 484 487 489 490 491 494 498 499 502 504 505 509 

509

512 513 519 520 521 533 535 536 537 539 544 545 34 547 548 549 556 558 560 562 567 568 569 570 354 355 359 361 362 363 365 366 368 371 373 374 375 377 383 385 387 388 390 391 395 396 400 402 403 405 408 409 410 412 413 414 415 417 418 420 422 423 425 426 427 428 431 438 440 444 445 448 450 451 452 461 462 463 465 470 471 473 474 480 482 484 489 490 491 492 493 494 495 496 502 504 506 508 510 511 

510

512 516 518 520 522 530 532 534 535 536 537 538 539 540 545 34 549 554 558 564 569 571 572 173 198 349 351 352 353 356 357 362 364 366 371 373 375 377 378 379 380 381 383 384 385 386 390 391 393 394 398 399 400 401 404 406 411 413 414 415 416 419 427 430 434 437 439 440 441 443 445 446 451 453 462 464 465 467 469 476 477 478 479 480 482 484 485 487 488 491 493 494 496 498 499 501 502 505 509 511 

511

516 518 519 522 528 529 530 531 533 541 543 546 547 548 551 552 554 555 562 564 565 568 569 571 572 173 198 349 351 354 355 356 357 359 361 364 367 369 372 377 380 381 382 383 384 389 390 393 396 397 399 403 405 407 410 411 424 425 426 427 429 433 435 441 442 443 448 449 450 453 454 455 457 459 463 464 466 467 468 469 470 471 474 476 477 478 481 485 486 489 490 491 498 499 501 502 504 505 509 510 

512
348 
516 518 519 521 522 530 531 534 535 541 543 34 547 548 549 551 552 554 557 558 562 564 568 571 173 198 349 351 354 355 356 357 359 360 361 364 369 371 372 377 380 381 382 383 384 385 386 389 393 396 397 399 401 403 405 407 410 411 421 424 426 427 429 433 435 441 443 444 446 448 449 453 454 457 458 459 464 466 468 470 472 474 476 477 478 481 485 486 489 490 491 495 498 501 504 505 508 509 510 

513

516 518 519 522 529 530 531 532 534 535 536 539 540 541 546 547 34 549 551 554 555 558 562 568 571 572 173 349 352 354 355 356 357 359 361 362 367 369 371 372 375 377 379 380 381 382 383 384 386 390 393 396 399 401 403 406 410 411 418 422 424 427 429 433 435 437 440 441 443 446 448 449 453 454 455 457 458 459 462 463 464 466 467 468 469 470 474 476 477 481 485 486 489 490 491 498 499 502 505 509 

514

516 518 519 522 528 529 530 531 532 533 534 535 539 543 546 547 34 549 551 552 554 555 557 562 568 571 572 173 349 354 355 356 357 359 361 362 365 369 371 372 377 379 380 381 382 383 384 389 396 399 403 405 406 407 410 411 415 422 424 427 429 433 435 437 440 441 443 449 450 452 453 454 455 457 459 462 463 464 466 467 468 469 470 472 473 474 477 478 481 485 486 489 491 498 499 502 505 508 509 510 

515

516 518 522 529 530 531 532 533 534 535 536 538 539 540 541 543 34 549 551 554 558 562 563 564 568 570 571 572 173 349 351 352 356 357 361 364 365 369 371 372 377 379 380 381 383 384 386 389 393 397 399 401 405 406 407 411 415 421 422 424 425 427 429 433 435 437 439 441 442 443 448 449 453 454 455 457 459 462 464 466 467 468 469 472 474 476 477 478 481 485 486 495 498 499 501 502 504 505 508 509 

516

512 517 519 521 523 526 530 531 533 535 537 538 539 542 545 34 547 548 549 552 553 555 557 558 560 562 565 567 569 570 352 353 354 359 361 362 363 365 366 367 368 371 373 374 375 377 382 383 387 388 390 394 395 396 400 403 404 405 406 408 409 410 412 413 414 415 417 418 422 426 427 428 438 444 445 446 448 452 460 462 463 470 473 474 480 482 484 487 488 489 490 491 492 494 495 496 502 507 510 511 

517

516 518 519 522 528 529 530 531 532 533 534 535 539 541 543 34 547 549 551 552 554 562 563 564 568 571 572 173 349 350 354 355 356 357 359 361 369 372 377 379 380 381 382 383 384 386 389 393 396 397 399 401 403 405 406 407 410 411 422 424 427 429 433 435 437 440 441 442 443 449 450 453 454 455 457 459 464 466 467 468 469 470 474 476 477 478 481 485 486 489 490 491 498 499 501 502 504 505 509 510 

518

512 519 521 523 531 533 534 535 538 539 543 545 34 547 548 552 556 557 558 560 568 570 350 354 359 361 362 363 366 367 368 371 372 373 374 375 376 377 382 383 384 385 387 388 390 391 392 395 396 400 403 408 409 410 412 413 414 417 418 422 425 426 428 434 436 438 440 443 444 445 446 448 449 450 456 460 463 465 470 472 473 474 479 480 482 484 488 489 490 491 493 494 495 496 502 503 504 508 510 511 

519
350 
512 514 516 518 526 532 534 535 536 539 540 541 543 544 545 34 551 552 554 556 558 561 563 564 569 571 173 349 352 353 357 362 365 366 369 371 374 375 378 379 381 383 384 387 389 390 394 400 407 408 409 411 413 414 417 419 420 421 424 425 426 427 433 434 436 439 440 442 443 449 451 453 456 457 459 464 465 469 472 477 478 479 480 482 484 485 486 487 488 492 493 494 495 498 502 505 508 509 511 

520
348 
516 518 519 522 528 529 530 531 532 533 535 539 540 541 543 547 548 549 551 554 557 562 564 568 571 572 198 349 351 354 355 356 357 359 361 362 364 367 369 371 372 377 379 380 381 382 383 389 390 393 396 397 399 403 405 406 407 410 411 424 426 429 433 435 437 440 441 443 449 450 453 454 455 457 459 466 467 468 469 470 474 476 477 478 480 481 485 486 489 490 491 498 499 501 502 504 505 509 510 

521

512 516 518 523 529 530 532 534 535 536 539 540 543 549 551 552 554 558 564 565 568 569 570 572 173 198 349 354 356 357 359 361 362 364 365 367 369 372 377 379 380 381 383 384 386 387 389 393 394 396 397 399 401 403 405 406 410 411 415 420 421 422 424 425 427 430 434 435 437 439 440 441 443 445 450 453 457 458 459 464 467 469 471 474 476 477 478 482 485 486 489 490 491 498 499 501 502 505 508 509 

522

512 515 520 523 525 526 533 534 535 536 537 538 544 545 34 552 553 556 559 563 566 567 570 572 173 350 352 354 360 365 368 373 375 383 384 387 388 392 394 395 398 402 403 404 405 406 408 413 414 415 416 417 420 423 425 427 428 430 431 434 435 436 437 438 439 440 442 443 444 448 451 453 456 458 460 461 462 464 465 467 469 471 473 477 479 482 484 490 491 492 493 494 496 497 498 499 503 506 508 511 

523

516 518 519 521 522 529 530 531 535 536 539 540 34 549 551 552 554 555 557 562 564 568 571 572 173 198 350 351 352 354 355 356 357 359 361 364 367 371 372 375 379 380 381 382 384 386 389 393 394 396 399 401 403 407 409 410 411 415 419 421 424 426 427 429 433 435 437 441 450 452 453 455 457 459 462 464 466 467 468 469 470 472 473 474 476 480 481 484 486 487 489 491 494 498 499 501 502 504 505 509 

524

516 518 519 521 522 529 530 531 532 533 534 535 536 539 540 541 543 546 547 548 549 551 554 557 562 568 570 571 173 349 351 354 355 356 357 359 361 362 367 371 372 375 379 380 382 384 386 393 396 397 401 403 405 406 407 410 411 418 421 422 424 427 429 433 435 437 440 445 446 449 450 454 457 458 459 462 464 466 467 468 469 470 472 474 476 477 478 481 485 486 489 490 491 494 499 502 504 505 508 509 

525
482 
516 518 522 528 529 530 531 532 533 534 539 540 541 543 546 547 549 551 554 555 558 562 564 568 570 571 572 198 349 351 354 355 356 357 359 361 364 365 369 371 372 377 379 380 381 382 383 389 393 396 397 399 401 405 406 407 410 411 418 422 424 429 433 435 437 441 442 443 445 448 450 454 455 457 458 459 466 467 468 469 470 472 474 476 477 478 480 481 485 486 489 490 491 498 499 502 504 505 509 

526
348 
516 518 519 522 528 529 530 531 532 533 534 539 541 543 546 547 548 549 551 552 554 562 563 564 568 571 572 173 198 349 351 354 355 356 357 359 361 364 372 379 380 382 384 389 390 393 396 397 399 403 405 406 407 410 411 415 421 426 427 429 433 435 437 441 442 443 445 446 449 450 453 454 457 459 463 464 466 467 468 470 472 474 476 477 478 480 481 485 489 490 491 495 498 499 501 502 504 508 509 

527

516 518 519 522 529 530 531 532 533 534 535 539 540 541 543 34 547 549 551 554 557 558 562 564 568 571 572 173 198 349 354 355 356 357 359 361 362 364 367 369 372 379 380 381 382 393 396 397 399 403 405 406 407 410 411 415 418 421 422 424 427 429 433 435 437 440 441 445 446 448 449 450 453 454 455 457 458 459 462 466 467 468 469 470 476 477 478 481 485 489 490 491 498 499 501 502 504 505 509 510 

528

516 518 526 530 534 535 536 538 540 34 551 557 564 568 570 571 572 173 198 349 351 352 353 354 357 359 364 371 372 375 376 377 380 381 382 383 385 386 387 388 389 390 393 394 399 401 403 405 406 409 410 413 416 419 420 424 428 435 436 437 439 440 441 444 445 446 448 450 457 458 460 462 463 465 467 468 469 470 472 473 474 475 476 477 478 480 481 485 487 489 490 493 494 495 499 500 501 502 505 511 

529

515 518 520 523 524 526 532 534 535 536 538 545 34 552 554 556 557 559 563 572 173 349 352 354 355 356 357 365 368 371 373 375 376 380 384 385 387 389 394 397 400 402 403 404 406 408 411 413 414 415 416 417 419 420 424 425 427 431 435 436 437 438 439 440 443 445 448 451 453 456 458 460 461 462 463 465 467 469 472 473 475 477 478 479 484 485 486 487 489 490 491 496 497 498 499 500 506 507 508 511 

530

512 513 514 515 517 520 521 523 524 525 526 527 534 536 537 538 34 552 553 554 556 561 563 565 566 567 569 173 349 350 352 353 357 363 365 367 369 370 373 374 375 378 384 385 387 388 389 391 392 394 397 398 400 407 408 409 414 416 417 419 423 425 427 428 430 431 432 434 436 438 439 440 444 449 451 456 458 461 462 464 469 471 477 479 483 486 487 488 490 491 492 493 494 496 497 503 506 507 508 511 

531
442 563 
512 516 518 523 526 533 534 536 537 538 540 544 545 34 549 551 554 556 564 566 567 569 173 198 349 352 356 362 364 365 368 369 377 379 380 381 383 387 389 391 392 398 399 400 404 406 408 409 411 414 416 417 419 420 423 424 425 427 430 433 434 438 439 440 441 443 448 451 453 454 456 457 460 462 465 469 472 477 479 480 482 484 486 487 488 491 492 493 494 495 496 498 499 501 502 505 508 511 

532

513 514 519 520 525 526 529 531 533 535 537 539 540 541 547 548 549 556 557 559 562 563 565 566 567 569 359 360 365 366 367 370 375 376 378 382 384 385 388 389 392 394 396 397 402 403 405 407 409 410 415 416 417 418 419 420 421 422 423 425 426 427 428 430 434 435 436 439 442 444 445 448 449 451 452 456 457 458 460 464 465 469 470 471 477 481 484 489 490 491 492 493 494 495 502 503 506 507 508 510 

533

514 516 518 522 525 526 531 534 535 539 540 545 546 34 552 554 556 557 558 560 565 568 570 571 349 356 357 359 361 362 365 370 371 372 373 375 376 380 381 382 384 385 386 388 389 390 391 394 397 401 402 408 410 411 413 415 419 420 421 422 425 427 428 429 430 435 436 439 440 444 445 446 448 449 451 457 459 461 463 464 465 469 471 473 474 477 478 482 485 487 488 491 493 494 498 502 503 505 509 511 

534

512 518 519 521 522 524 526 528 529 530 531 533 535 536 537 538 539 543 544 546 547 548 549 551 552 554 555 557 560 561 562 566 569 350 352 354 355 359 361 362 363 365 367 368 369 372 375 377 380 381 382 383 384 389 391 394 396 403 407 408 409 410 413 415 416 419 420 422 426 429 432 435 438 445 446 450 451 452 455 462 463 465 466 469 470 474 480 481 482 483 484 486 487 489 491 494 502 503 504 510 

535

512 516 518 519 521 522 523 529 533 534 536 539 541 546 548 549 551 552 554 562 564 568 571 572 173 198 349 350 351 353 354 355 356 357 359 364 365 369 372 377 380 382 383 384 385 388 389 393 394 396 397 399 407 410 411 420 421 424 426 427 429 433 434 435 439 441 442 443 446 449 451 454 455 457 458 459 462 464 469 470 471 472 474 476 477 478 481 485 486 487 488 490 494 496 501 502 504 505 508 509 

536

518 519 522 529 530 531 533 534 535 539 541 546 547 34 549 548 552 554 555 558 563 564 568 569 570 571 173 198 349 351 354 355 359 360 361 362 364 367 369 372 377 380 382 383 384 386 387 388 389 390 396 397 401 403 405 410 411 413 414 415 418 420 422 425 426 427 429 435 442 443 446 449 450 452 453 454 455 457 458 459 460 464 466 470 473 474 477 478 480 481 482 489 490 491 495 496 504 508 509 510 

537

516 518 519 521 522 529 530 531 532 533 534 539 541 543 546 547 34 548 551 552 554 555 562 564 568 570 571 572 173 349 351 354 355 356 357 359 360 361 362 364 367 369 371 372 379 380 381 382 383 384 389 393 396 397 399 403 405 406 407 410 411 422 424 429 433 434 435 437 441 442 443 449 453 454 455 457 458 459 464 466 467 470 474 476 477 478 481 485 486 489 490 491 498 501 502 504 505 508 509 510 

538

516 518 519 522 528 529 530 531 532 533 534 535 539 540 541 546 547 34 551 554 555 557 562 563 564 568 571 572 173 349 351 354 355 356 357 359 361 362 364 365 369 372 377 379 380 381 382 383 389 390 393 396 397 399 403 405 406 407 410 411 415 418 420 421 425 426 427 429 433 435 441 443 452 453 454 455 457 458 459 464 466 467 470 471 472 474 476 477 478 480 481 485 486 489 498 499 501 504 509 510 

539

518 519 520 523 525 527 533 534 535 536 537 34 551 552 554 563 566 567 572 173 349 352 354 356 357 359 360 362 364 365 368 370 371 377 380 382 383 384 387 389 397 399 402 403 405 406 413 414 415 416 417 419 420 424 425 427 431 432 433 435 436 437 439 440 442 443 448 452 453 454 456 457 458 459 461 462 464 465 467 469 470 472 477 478 479 480 485 486 488 492 494 495 496 498 499 506 507 508 509 510 

540
480 
519 521 522 523 528 530 531 532 533 541 543 544 546 34 547 549 548 552 555 556 557 562 563 568 569 571 173 349 351 352 354 355 356 359 360 361 365 367 372 373 375 376 377 382 383 384 385 387 390 396 400 402 403 405 406 410 411 414 416 418 422 426 427 432 433 434 435 436 437 438 442 443 449 450 453 454 455 463 464 465 468 470 472 474 477 478 481 485 488 489 490 491 498 501 502 504 506 508 510 

541

512 515 517 519 520 526 531 532 535 536 538 540 545 34 549 551 552 556 557 558 560 567 570 572 173 198 352 354 355 357 359 360 362 365 371 373 375 379 380 382 384 385 387 388 390 391 394 395 398 400 403 404 406 408 412 413 414 415 423 424 427 431 437 441 443 444 445 446 450 452 453 458 462 463 464 465 467 472 473 474 480 482 483 486 487 488 489 490 491 492 493 494 496 497 498 499 502 503 507 511 

542

516 518 519 522 528 529 530 531 532 533 534 539 541 543 34 547 548 549 546 551 554 557 558 562 568 569 571 572 173 354 355 356 357 359 361 367 369 372 377 379 380 381 382 383 384 390 396 397 403 405 406 407 410 411 418 421 422 424 426 427 429 433 435 437 442 443 449 450 452 453 454 455 457 458 459 462 464 466 467 468 469 470 472 477 478 480 481 485 486 489 490 491 498 499 501 502 504 505 509 510 

543
480 
512 514 518 519 520 526 527 534 535 537 540 34 547 549 551 557 560 564 568 569 173 198 349 351 352 353 357 359 361 363 364 366 367 368 371 375 376 377 380 382 383 385 386 387 390 392 393 394 396 399 401 403 406 409 414 416 418 419 420 423 424 425 427 430 437 438 439 441 443 445 446 448 452 453 456 462 467 469 471 472 473 475 476 478 483 484 487 488 490 491 492 494 498 499 501 502 505 509 511 

544
419 508 
516 518 519 522 528 529 530 531 532 534 535 536 539 540 541 546 547 548 551 552 554 555 562 564 568 572 198 349 351 352 354 355 356 357 359 361 362 364 367 372 377 379 380 381 382 383 384 386 389 393 396 399 401 403 406 407 410 411 424 429 433 435 437 440 441 443 450 453 454 455 457 459 462 463 464 466 467 468 469 470 472 473 474 476 477 478 481 486 489 490 491 494 498 499 501 502 505 509 

545

516 518 519 522 529 530 531 533 535 539 541 546 547 548 549 551 552 554 555 557 562 564 565 568 569 571 173 198 349 351 355 356 357 359 361 364 367 369 377 379 380 381 382 383 384 385 389 393 396 397 399 403 405 406 407 410 411 418 419 424 426 427 429 433 435 441 442 443 446 450 453 454 455 457 459 464 466 467 468 469 470 472 474 476 477 478 481 485 486 489 490 491 498 499 501 504 505 508 509 510 

546
426 563 
516 518 524 526 532 533 534 535 536 537 538 539 540 34 549 551 552 554 558 560 564 567 173 198 349 351 352 353 362 364 365 368 369 371 374 375 377 379 380 381 383 384 385 389 393 394 399 400 404 406 407 408 409 413 415 418 419 420 424 427 431 433 434 439 440 441 442 445 448 457 459 460 462 464 465 467 468 469 472 473 476 477 478 480 482 484 485 486 487 490 494 495 496 502 505 508 509 511 

547

512 513 516 518 526 532 534 535 536 537 538 540 543 544 545 34 549 551 552 554 556 558 563 565 567 569 173 349 350 352 353 356 357 362 364 365 369 371 373 375 377 379 380 381 383 384 387 389 390 394 397 399 404 406 407 408 411 413 415 417 419 420 421 424 425 427 430 431 433 434 439 440 444 445 451 453 456 457 459 462 464 469 471 477 478 479 480 485 486 492 493 494 495 496 498 502 505 508 509 511 

548
556 
512 516 518 526 529 532 534 535 536 537 540 543 545 34 549 551 552 554 558 559 560 561 563 564 569 570 572 173 198 349 350 351 352 357 362 368 369 375 379 380 381 383 384 385 389 394 397 399 405 406 407 408 413 414 415 416 419 421 424 425 426 427 430 433 434 435 436 437 440 445 448 449 451 453 455 457 459 462 464 465 467 469 472 473 477 478 479 480 485 486 488 493 494 498 499 505 508 509 511 

549

512 516 521 522 523 526 531 532 534 535 536 540 541 543 545 546 547 548 553 555 556 557 562 565 568 570 571 572 349 355 356 357 359 360 361 362 366 367 369 371 372 373 376 377 380 382 383 385 388 389 390 396 397 403 404 406 408 409 410 411 413 417 419 421 422 424 426 435 439 440 445 448 449 450 458 459 460 463 465 469 470 471 474 478 479 482 486 489 490 491 495 496 497 498 502 503 505 508 509 510 

551

512 519 520 521 523 530 531 534 535 539 541 543 544 545 34 547 548 552 553 556 557 558 560 562 565 566 567 568 569 570 353 354 359 361 362 363 365 366 367 371 372 373 377 382 383 387 388 390 391 394 395 396 400 402 405 408 410 412 413 414 415 417 418 420 422 425 426 428 434 436 438 444 445 446 448 450 460 463 465 470 473 474 480 481 482 484 487 488 489 490 491 492 494 495 496 502 504 506 508 511 

552

512 516 518 519 522 529 530 533 534 535 539 541 547 555 556 557 558 562 564 568 569 570 571 198 349 351 355 357 359 361 362 364 365 366 367 368 371 372 375 377 379 380 381 382 385 393 399 403 405 408 410 415 418 421 422 424 429 434 435 436 441 442 443 445 448 450 451 452 454 457 458 459 460 463 466 468 469 470 472 474 476 477 478 481 482 485 487 488 489 490 491 493 495 498 499 501 502 505 508 511 

553
403 348 
516 518 519 521 522 529 530 531 532 533 535 536 539 541 34 548 549 551 552 554 557 562 564 568 571 572 173 349 351 354 356 357 359 361 362 364 369 371 377 380 381 382 383 384 385 386 389 393 396 399 401 405 406 407 410 411 415 424 426 427 429 433 435 437 440 441 442 443 445 450 453 454 457 459 462 463 464 466 467 468 472 474 476 477 478 481 485 486 487 491 494 498 499 501 502 505 508 509 

554

512 519 521 523 529 530 531 533 534 535 536 539 545 546 547 548 34 555 556 557 558 560 562 568 354 359 361 362 363 365 366 367 371 372 373 375 376 377 382 383 387 388 390 391 395 396 400 403 404 405 406 408 409 410 412 413 414 415 418 422 425 426 428 434 436 437 438 443 444 445 446 448 450 452 462 463 465 466 470 472 473 474 480 481 482 484 487 488 489 490 491 492 494 496 498 502 504 508 510 511 

555

512 516 523 532 533 534 535 536 537 538 539 540 545 34 549 552 554 556 558 560 564 565 567 569 572 173 198 349 350 352 356 357 362 363 369 371 373 375 377 379 381 383 384 385 387 389 390 398 399 400 404 407 408 411 413 417 419 420 421 424 425 427 430 431 433 434 437 439 440 443 445 449 453 456 457 462 464 465 467 472 477 478 479 480 484 485 486 487 490 492 493 494 495 498 499 502 505 508 509 511 

556
548 
516 518 519 522 529 530 531 532 533 534 540 541 34 547 546 549 551 552 554 555 557 562 565 568 570 571 572 173 349 350 354 357 359 361 367 369 372 377 379 380 381 382 383 384 386 389 393 396 397 399 401 403 405 406 407 410 422 424 427 429 433 435 437 440 441 442 443 448 449 450 452 453 455 457 458 459 462 464 466 467 469 470 472 474 476 477 478 480 481 485 486 489 490 499 502 504 505 509 510 

557

512 516 518 521 523 528 529 532 533 534 535 538 540 541 543 545 34 549 551 552 554 556 558 560 563 564 569 571 572 173 198 349 350 351 356 357 362 364 365 369 371 373 377 379 380 381 383 384 387 389 390 398 399 406 407 411 413 414 415 424 425 426 427 433 434 436 439 440 442 443 444 445 448 449 453 454 456 457 459 460 462 464 469 472 477 478 480 482 485 486 490 492 495 498 499 501 502 505 508 509 

558

512 515 516 518 519 521 532 533 536 541 546 547 548 551 552 554 555 557 562 568 569 571 572 349 350 351 352 354 356 357 359 361 364 365 367 369 375 376 380 381 382 384 385 388 389 397 403 405 406 407 408 409 410 418 419 420 424 426 430 432 433 435 437 440 446 449 450 452 454 457 458 459 462 463 464 467 469 470 471 472 474 475 476 477 478 481 485 486 487 489 490 494 499 501 502 503 505 508 509 510 

559

516 518 519 521 522 528 529 530 531 532 533 534 539 541 543 546 34 548 547 549 551 555 557 558 562 568 571 572 173 349 351 354 355 356 357 359 361 364 367 369 372 377 379 380 381 382 386 393 396 397 399 401 403 405 406 407 410 411 418 421 422 424 426 427 429 433 437 440 441 443 446 449 450 453 454 455 457 459 464 466 467 468 470 474 476 477 478 481 485 489 490 491 498 499 501 502 504 505 508 509 

560

516 518 519 521 530 531 533 534 541 543 34 546 547 548 551 552 554 555 557 558 562 563 564 568 570 571 572 173 349 354 355 356 357 359 360 364 367 369 372 377 380 381 382 383 384 387 389 393 396 397 399 403 405 406 407 410 411 421 422 424 426 427 429 432 433 434 435 439 441 442 443 449 453 454 457 458 459 464 467 468 469 470 472 474 476 477 478 480 481 485 486 490 491 498 501 504 505 508 509 510 

561
348 
516 518 519 522 529 530 531 532 533 534 535 541 543 546 34 548 549 547 551 555 557 558 562 563 564 568 571 572 198 349 351 354 356 357 359 361 364 367 371 372 377 379 380 382 383 386 393 396 399 401 403 405 406 407 410 411 424 425 427 429 433 434 435 437 440 441 443 446 449 450 453 454 457 459 462 466 467 468 470 472 474 476 477 478 480 481 485 489 490 491 498 499 501 502 504 505 508 509 510 

562

516 520 523 524 525 526 527 532 534 540 542 544 545 34 549 551 552 554 556 558 559 563 565 566 567 570 173 350 352 357 362 363 366 368 369 371 373 375 378 379 380 381 384 385 387 388 389 392 397 398 402 408 413 414 415 416 417 419 421 423 424 425 427 428 430 431 434 436 438 439 442 443 448 451 453 457 458 460 461 464 465 469 471 473 477 479 480 482 483 485 486 492 493 495 496 503 506 507 509 511 

563
480 449 546 549 531 
512 515 517 519 522 526 529 530 532 536 538 539 540 34 547 548 557 560 562 564 565 568 572 173 198 351 353 354 356 359 361 362 363 364 366 367 368 371 372 375 377 379 382 383 385 388 390 393 396 398 399 403 404 406 408 409 410 411 422 429 437 440 441 443 444 445 446 450 452 453 454 462 463 466 467 468 470 473 474 476 479 481 482 487 488 489 490 491 494 495 498 499 501 502 511 

564

512 519 521 523 526 528 531 535 536 538 539 540 543 544 545 546 547 548 552 553 555 557 560 563 566 568 569 570 350 352 353 354 355 359 360 362 366 367 373 374 375 376 377 382 383 384 385 387 388 394 396 397 403 404 408 409 410 413 415 416 418 419 420 421 422 426 430 436 439 440 444 445 448 449 450 452 455 456 460 462 463 465 469 473 474 475 478 482 489 490 491 492 493 494 495 496 506 507 510 511 

565
360 
516 518 519 521 530 531 532 533 534 535 541 543 34 547 548 549 551 552 554 555 556 562 563 564 568 570 571 572 173 198 349 352 359 361 364 365 368 369 371 372 375 377 380 384 386 389 393 396 399 401 403 405 407 410 411 415 418 424 426 427 429 433 435 437 440 441 442 443 444 446 448 449 450 453 454 459 462 464 467 468 470 474 476 477 481 485 489 490 491 495 498 499 501 502 504 505 508 509 511 

566

516 518 522 529 530 531 532 533 534 535 539 541 543 34 547 549 551 552 554 557 562 564 568 571 572 173 198 349 351 354 355 356 357 359 361 364 365 369 371 372 377 379 380 381 382 383 384 389 390 393 396 397 399 403 405 406 407 410 411 415 422 424 426 429 433 435 437 440 441 443 446 449 450 453 454 455 457 459 462 463 464 466 467 468 470 476 477 478 481 485 486 489 490 498 499 501 504 505 509 510 

567

516 518 519 521 522 529 530 531 532 534 535 539 540 541 543 546 547 34 549 548 551 554 555 557 562 568 571 572 349 354 355 356 357 359 361 362 369 372 379 380 381 382 384 386 389 390 393 396 397 401 403 405 406 410 411 418 422 424 427 429 435 437 440 443 445 446 449 450 452 453 454 455 457 458 459 463 464 466 467 468 469 470 474 476 477 478 481 485 486 489 490 491 498 499 501 502 504 505 509 510 

568

512 513 517 518 520 521 523 524 526 527 528 533 535 536 537 538 540 543 34 549 551 552 556 559 561 563 565 567 569 572 173 350 352 356 357 365 368 369 370 374 375 379 380 381 384 385 387 388 389 391 392 394 398 400 402 404 406 407 408 409 412 414 415 416 419 423 425 426 427 428 431 433 434 436 438 444 445 451 453 456 458 459 462 464 469 472 479 480 482 483 486 488 492 494 495 496 498 507 509 511 

569

516 519 521 522 530 531 532 534 536 540 543 545 34 547 548 551 552 555 557 558 568 572 349 354 355 356 359 361 362 365 367 371 372 375 376 377 379 380 381 382 383 384 385 386 387 388 389 390 396 399 401 403 405 406 407 410 411 421 424 425 429 435 436 437 440 443 444 445 446 449 450 453 454 457 458 460 462 463 464 467 468 470 472 473 474 478 481 482 487 489 490 491 496 498 499 502 508 509 510 511 

570
504 
512 515 516 518 521 522 528 533 536 537 539 540 541 547 548 549 551 552 554 556 562 564 565 569 571 173 198 350 351 352 355 356 357 359 361 364 367 369 375 377 380 381 383 384 386 389 393 394 399 401 403 404 405 407 409 411 419 420 424 426 427 430 433 434 435 436 437 440 441 443 446 453 454 455 457 459 462 464 466 468 469 470 471 474 476 478 480 481 484 486 487 490 491 494 499 501 502 505 509 

571

512 519 520 523 524 526 533 535 536 537 538 34 549 552 554 556 557 558 559 560 561 565 567 568 570 173 352 354 355 356 359 361 362 366 368 372 375 376 382 384 385 390 392 394 395 396 398 403 404 405 408 410 411 413 414 415 421 422 425 427 428 430 431 434 436 439 442 443 445 450 453 456 458 462 463 464 465 471 472 473 474 475 477 478 479 483 484 485 489 490 491 492 493 494 496 497 502 506 510 511 

572

521 522 526 529 531 535 537 539 541 542 548 549 555 556 557 558 559 563 565 566 568 569 349 352 359 360 362 365 366 367 369 370 372 375 376 378 382 384 385 388 392 394 396 397 400 402 405 407 410 412 414 415 417 419 420 421 422 423 425 426 427 430 434 435 436 438 440 442 444 445 448 449 452 455 456 457 460 461 464 465 469 470 473 475 477 481 484 488 490 491 492 493 495 502 503 506 507 508 510 511 

