512 424 543 383 485 457 551 477 546 459 568 554 522 518 380 377 403 396 472 531 557 449 516 480 397 365 571 411 563 372 489 389 528 454 381 406 478 533 369 435 429 505 509 448 486 357 474 547 426 433 427 367 530 450 390 351 382 410 468 521 359 443 350 464 541 384 469 442 504 481 502 552 354 356 349 379 405 466 173 564 418 490 562 535 498 570 455 519 385 510 470 360 388 401 508 387 539 386 422 501 558
513 529 396 383 372 173 390 427 377 549 481 522 34 429 474 466 358 447 464 450 403 562 437 470 499 453 382 435 459 468 509 379 441 364 399 530 454 393 455 361 531 477 501 486 539 572 369 449 424 349 448 198 532 410 502 551 552 564 443 469 406 485 411 476 480 543 355 381 384 356 547 351 442 367 568 457 380 505 518 386 489 498 401 546 357 389 467 571 491 516 528 519 557 463 535 534 354 371 508 478 558
514 562 477 459 485 464 384 509 435 518 549 34 358 173 424 372 447 427 468 377 349 457 486 531 552 383 403 359 381 369 516 539 380 546 448 480 390 530 449 433 528 489 551 411 505 571 481 529 389 357 429 502 543 554 534 361 469 371 382 396 453 472 470 422 356 535 466 521 519 367 563 437 533 393 442 474 415 405 455 399 558 407 547 362 522 421 413 499 385 450 454 443 540 508 410 501 478 425 351 441 364
515 554 477 457 369 516 380 505 356 405 383 427 551 357 384 509 486 568 442 466 406 543 435 381 459 533 469 522 531 379 349 429 464 529 424 411 518 552 499 472 541 173 455 433 449 377 485 569 549 365 447 532 358 563 498 454 407 571 453 562 502 389 539 426 451 419 34 437 401 443 351 386 534 478 364 530 504 390 564 421 521 468 467 528 508 501 399 480 558 572 393 441 476 372 510 385 198 360 494 375 350
516 519 530 359 410 452 372 490 463 489 481 555 515 361 557 502 403 488 521 548 396 355 470 367 535 512 475 478 496 365 491 446 450 534 371 523 382 560 412 504 529 531 547 440 522 458 539 402 546 444 434 473 429 570 366 556 558 466 418 462 545 448 362 415 510 390 508 451 395 500 520 354 492 474 376 414 407 568 507 543 388 398 482 514 526 484 405 391 445 432 455 537 392 536 542 438 428 460 549 495 565
517 380 485 369 470 435 382 351 562 477 518 529 393 480 357 442 489 554 457 377 568 454 198 449 34 367 564 429 531 551 364 543 459 372 530 405 433 466 441 359 510 501 427 399 448 504 173 383 464 509 546 505 349 361 407 384 362 481 474 486 389 379 397 381 552 396 447 411 424 450 390 549 365 403 358 468 356 498 516 522 490 453 528 469 563 355 410 519 558 571 535 476 443 406 557 502 539 499 445 455 541
518 530 452 359 539 396 462 372 522 410 491 390 440 502 504 463 558 475 365 548 422 512 34 444 470 492 450 520 428 429 412 493 355 536 529 353 367 517 547 371 173 560 388 455 408 519 521 540 361 549 409 535 481 368 537 490 557 523 514 466 479 431 398 507 556 487 495 545 394 494 562 387 515 407 360 376 445 568 465 570 489 561 555 543 538 362 446 438 404 402 377 569 395 461 510 406 385 566 403 474 423
519 505 516 551 357 509 381 554 477 459 486 541 365 469 424 457 558 425 476 540 435 419 356 394 564 380 198 389 399 534 375 449 451 508 511 409 471 494 374 34 501 518 442 444 533 441 349 348 383 472 447 454 440 411 408 364 563 371 369 529 358 393 495 571 569 352 379 362 478 421 482 430 385 498 468 567 467 351 545 480 423 453 443 387 537 456 465 445 462 426 526 416 570 402 565 532 535 493 455 404 485
520 424 562 369 382 470 486 450 518 529 435 459 485 568 466 457 546 454 490 551 509 477 429 34 554 380 474 447 389 351 522 433 361 403 557 358 372 516 381 541 505 354 502 531 499 399 393 407 198 481 173 539 364 379 411 547 397 396 468 357 367 564 480 449 453 504 359 469 519 405 410 390 549 377 572 521 455 437 543 418 441 569 548 501 442 530 427 467 532 383 355 476 528 448 384 443 489 498 552 356 386
521 568 480 449 405 485 552 173 499 422 464 454 384 516 472 403 427 365 437 478 34 530 511 549 428 396 356 477 572 522 532 509 569 533 518 353 383 490 467 401 415 498 386 413 434 379 369 570 558 387 408 421 486 457 445 389 440 382 462 380 560 512 565 362 446 411 430 354 406 459 385 443 487 435 468 424 505 450 474 481 466 489 528 361 502 410 473 543 355 372 360 564 448 465 381 496 566 534 469 548 453
522 540 476 571 380 364 505 542 457 352 454 419 351 441 518 402 451 439 511 349 425 368 445 564 533 536 472 377 198 448 509 558 440 512 356 393 362 534 384 386 554 381 465 435 401 556 423 447 399 498 409 473 508 567 387 501 411 365 348 495 544 521 559 373 415 370 413 526 434 371 545 469 358 468 417 353 516 515 535 496 486 464 444 528 513 494 424 538 414 404 394 548 552 406 551 431 383 480 443 460 532
523 468 411 358 377 529 562 390 453 541 571 443 470 466 396 429 424 354 539 433 348 499 382 467 381 516 450 356 437 532 509 361 357 447 379 572 518 448 564 457 426 393 383 372 554 498 480 407 198 489 486 386 501 481 455 474 351 401 504 546 551 449 173 505 435 464 427 364 399 533 535 522 34 441 521 477 494 403 454 540 530 406 472 410 389 384 459 462 469 371 359 569 446 397 485 547 476 543 375 536 350
524 562 372 530 481 539 470 433 396 411 466 502 498 504 359 509 379 447 429 349 477 543 453 468 427 450 485 532 499 405 572 390 357 386 377 522 369 358 474 529 449 528 518 549 489 401 531 361 443 491 356 406 490 424 403 441 469 382 383 437 407 516 551 435 571 421 459 410 457 505 389 486 519 354 381 380 399 422 464 467 397 554 476 413 173 521 393 480 34 355 455 458 558 568 541 454 367 364 547 448 548
525 562 531 470 481 530 568 485 396 489 380 369 405 435 382 529 557 372 361 477 429 399 468 466 518 522 359 441 433 393 455 543 365 389 390 198 379 349 442 34 362 354 474 551 486 510 357 554 450 454 407 403 410 546 447 443 564 351 498 358 501 453 377 547 539 459 411 397 457 448 509 519 381 355 173 418 505 406 422 528 458 383 549 480 570 504 555 535 427 499 364 532 571 476 434 356 452 424 516 521 449
526 448 459 435 485 369 397 531 474 529 486 480 455 382 365 433 502 466 384 424 543 372 429 562 546 522 426 390 380 351 399 389 396 530 464 551 552 403 564 504 407 198 422 509 571 449 477 481 364 491 362 472 425 454 413 411 505 447 458 489 568 558 554 555 379 519 358 470 450 533 570 539 510 418 518 516 490 457 548 501 355 357 410 381 508 354 360 547 498 534 469 495 453 356 359 441 442 528 34 499 393
527 562 480 481 468 453 449 529 403 498 466 34 372 379 543 443 437 349 485 393 377 470 530 406 399 474 429 382 539 504 564 405 532 358 499 351 380 198 367 572 390 528 364 441 531 427 549 501 447 396 369 411 173 361 454 386 450 383 433 546 518 457 359 509 490 407 401 459 489 467 442 502 476 477 519 522 356 568 365 486 534 355 422 448 510 516 410 558 478 381 455 551 354 357 491 571 563 505 362 424 570
528 571 491 502 34 422 349 375 390 450 452 557 413 465 371 356 512 385 474 522 446 404 477 487 419 473 376 424 495 468 462 535 460 551 410 539 489 486 530 394 361 383 470 509 463 441 440 494 438 547 406 354 556 431 445 396 362 472 536 542 521 405 435 533 416 353 478 414 505 398 560 352 400 503 358 482 481 409 492 529 451 359 386 511 417 382 479 559 351 392 428 411 372 377 537 524 453 508 389 527 379
529 387 419 556 478 534 540 349 490 523 494 488 389 491 496 495 380 439 431 434 458 497 388 403 456 424 465 360 511 526 408 513 554 353 420 370 378 520 373 469 413 536 552 518 538 445 416 457 558 436 173 428 425 354 352 505 517 548 440 482 371 384 542 516 461 462 509 545 435 551 571 366 492 527 381 451 385 515 473 519 486 423 395 559 535 402 396 464 553 484 537 472 368 414 386 480 375 406 563 448 350
530 369 380 411 486 459 518 498 551 356 453 435 389 443 516 554 477 536 381 357 471 467 440 505 509 457 533 494 468 424 469 406 397 572 462 409 563 472 540 532 499 387 375 437 485 425 383 352 394 571 521 419 370 442 414 379 451 538 407 433 420 476 565 353 439 524 561 430 426 348 458 364 373 510 526 448 358 506 363 416 525 413 544 479 368 365 431 542 449 378 480 512 528 198 482 541 487 511 404 495 507
531 540 462 34 537 465 423 431 536 556 571 476 352 505 451 173 420 526 494 559 468 419 408 440 365 387 551 487 525 353 389 448 443 512 482 496 566 377 385 438 484 409 381 425 441 456 436 542 449 453 469 386 371 373 516 356 404 375 435 459 380 572 515 492 394 467 368 424 558 457 415 532 379 430 378 509 538 554 488 427 437 401 388 395 414 364 493 411 511 416 499 553 565 473 507 399 498 349 564 535 458
532 534 458 426 372 480 530 410 405 546 382 478 568 465 490 414 541 418 34 557 430 556 434 555 523 521 422 544 563 428 565 553 416 445 570 531 497 508 392 397 558 402 452 522 444 473 403 432 455 359 535 482 489 350 375 484 384 547 471 496 504 435 409 562 510 460 421 419 549 378 470 506 374 349 475 450 561 360 420 415 371 368 485 524 519 354 515 376 451 539 495 388 463 425 527 385 408 488 511 537 503
533 562 534 470 478 349 405 530 490 474 546 355 522 361 539 568 403 563 535 359 369 427 547 413 504 396 442 433 481 390 407 508 552 557 521 371 548 519 515 502 476 512 565 511 452 445 434 571 382 415 473 441 464 362 34 544 384 357 485 510 482 499 491 367 450 545 455 570 531 488 410 529 496 389 487 462 555 426 360 348 528 466 375 354 372 526 446 558 489 437 418 543 507 572 553 458 560 523 422 404 352
534 399 393 501 468 411 564 443 356 198 532 406 572 453 467 533 437 466 499 364 441 377 386 448 529 498 472 401 424 447 358 450 380 429 379 535 539 348 381 390 476 362 495 486 462 541 487 351 522 551 369 413 354 457 519 455 445 396 516 547 435 397 569 549 421 463 473 407 426 449 419 509 383 173 556 554 510 389 394 489 382 409 469 560 481 410 446 415 504 375 558 571 403 548 470 352 372 34 494 359 474
535 541 474 459 534 369 435 449 407 429 433 389 455 533 554 504 516 466 539 472 485 562 568 359 424 377 490 548 478 536 486 518 569 505 442 509 491 522 350 458 502 355 454 396 390 529 440 528 357 510 457 367 430 434 356 551 532 531 426 476 498 411 553 477 403 545 446 546 381 405 349 555 488 383 530 547 419 540 543 437 563 494 351 425 481 352 549 366 519 462 354 397 364 523 493 469 427 544 452 512 173
536 454 383 365 530 435 478 351 485 354 477 568 557 531 429 562 455 466 522 459 504 564 448 555 403 546 349 447 547 442 359 571 348 469 543 489 470 380 554 433 396 410 529 541 518 481 399 198 413 358 552 450 535 539 464 369 356 496 474 427 501 372 509 361 505 424 472 502 390 377 426 548 384 468 463 418 405 508 441 490 397 449 355 491 528 411 364 480 558 389 357 451 379 360 350 534 453 421 563 457 565
537 485 531 396 449 543 504 470 369 562 481 477 397 466 433 554 459 380 518 382 464 424 349 372 403 474 509 486 410 552 529 429 359 384 383 480 377 427 357 457 547 447 519 530 546 407 443 448 568 411 442 498 522 381 34 401 551 516 422 354 386 528 532 555 453 463 367 469 358 379 478 405 365 476 173 501 355 364 548 468 489 563 399 499 549 455 393 505 441 521 454 361 406 510 437 534 570 490 198 539 571
538 562 485 543 427 530 382 369 34 372 529 449 546 405 481 173 480 470 522 568 531 429 459 358 502 442 433 571 365 549 435 349 518 489 454 397 477 474 486 457 383 491 466 563 499 469 390 380 453 464 541 504 359 447 381 448 510 424 509 455 551 468 519 403 552 377 421 396 490 478 443 361 407 399 450 367 554 357 379 384 534 539 528 505 437 418 535 351 547 415 406 558 498 393 364 564 548 572 521 389 411
539 384 380 518 454 552 433 457 540 173 549 480 508 435 534 397 448 464 403 425 485 495 469 533 456 496 478 349 571 430 449 355 357 414 505 351 467 477 535 523 427 356 413 510 459 360 415 572 389 387 432 350 536 472 362 445 436 559 476 553 365 516 369 551 558 524 402 34 488 354 364 423 506 370 428 439 509 440 418 528 565 419 542 543 479 453 381 382 377 498 371 434 386 473 385 499 358 401 408 468 352
540 522 531 568 466 429 372 383 481 361 529 539 557 547 390 369 555 442 450 354 530 405 519 448 359 504 541 543 415 396 489 380 403 562 485 469 474 518 377 422 455 382 406 387 490 552 375 470 433 397 510 413 464 410 412 478 558 418 379 570 546 486 535 371 502 452 488 491 435 563 384 409 427 534 365 401 389 473 425 451 523 569 477 565 458 362 463 434 459 424 545 533 430 357 508 472 386 367 512 554 411
541 349 450 396 383 487 474 413 519 508 502 377 495 535 403 388 491 462 523 354 362 382 445 490 387 470 390 365 534 489 540 492 34 359 371 352 437 173 475 511 532 400 467 499 458 438 536 379 406 446 368 572 452 404 353 355 378 453 463 399 361 558 431 444 464 496 434 360 556 480 442 427 443 515 530 498 448 410 428 520 375 367 415 358 356 425 512 501 478 570 547 386 460 552 405 384 373 419 436 497 500
542 522 568 449 466 429 562 433 546 455 543 407 531 510 529 390 504 447 372 480 499 442 530 502 470 377 359 539 358 453 490 383 454 406 474 382 528 369 379 173 459 396 443 541 549 427 554 551 437 481 397 485 422 516 351 364 498 403 486 457 355 399 468 532 380 384 519 349 424 405 367 476 198 386 381 572 571 564 552 411 361 477 34 501 547 441 393 563 489 450 401 491 534 410 505 418 469 569 464 357 365
543 420 494 390 512 409 378 405 448 419 385 395 434 411 368 445 408 537 482 416 394 366 571 503 371 556 450 452 505 398 538 471 540 353 352 430 376 474 536 465 487 490 354 389 491 542 492 493 446 526 515 431 501 479 400 462 349 496 382 488 34 560 404 356 489 559 569 484 502 483 500 388 473 375 511 439 447 413 391 498 567 551 561 173 451 392 564 393 499 467 380 539 527 518 437 509 470 476 457 379 524
544 468 396 454 386 499 356 411 437 372 384 359 522 470 464 532 453 447 379 173 401 358 377 361 552 466 403 472 498 427 443 530 533 383 549 390 405 568 490 572 435 364 455 462 399 424 382 467 569 571 486 535 501 410 474 381 198 562 448 429 34 509 351 502 459 481 529 393 440 433 489 519 547 564 539 449 406 485 450 477 413 350 367 543 426 478 491 441 541 380 469 516 457 385 357 518 354 546 407 365 480
545 562 406 379 377 351 358 499 198 383 356 441 501 447 466 564 454 411 382 348 396 568 365 522 424 453 529 468 476 478 518 551 472 489 474 437 516 361 359 386 554 399 364 467 533 433 535 552 519 477 385 393 450 486 401 448 548 572 429 509 357 464 384 547 498 443 481 369 531 543 571 381 546 504 480 390 505 532 349 371 469 539 470 418 534 491 540 459 528 457 485 354 380 555 405 350 510 173 549 521 541
34 433 510 406 375 421 397 477 498 531 387 354 458 485 407 439 491 383 494 350 368 504 446 568 518 444 451 528 521 474 445 541 503 455 570 538 416 548 532 379 425 398 396 409 554 413 543 361 478 496 380 519 369 442 386 490 450 403 546 553 411 488 352 401 520 513 514 366 505 388 372 539 405 472 404 495 511 469 466 533 471 502 417 557 527 357 452 487 489 456 389 426 382 359 555 517 377 556 376 373 355
546 498 379 533 512 462 356 468 472 365 437 556 411 386 532 536 401 353 467 443 542 491 398 421 453 499 551 569 494 415 441 451 387 476 404 526 445 381 423 371 487 380 520 465 538 448 560 34 425 385 567 516 572 558 406 482 460 368 408 505 413 447 564 439 364 383 399 349 362 357 440 366 375 509 409 535 407 414 446 501 537 198 471 549 540 508 469 523 394 486 444 495 352 427 559 420 393 514 374 479 391
547 459 563 357 505 540 435 365 425 440 480 498 554 381 369 536 486 419 509 375 494 533 467 389 534 518 453 551 469 356 400 406 457 476 352 508 364 430 349 516 471 385 468 443 380 477 572 353 384 451 499 512 407 387 564 433 496 449 472 502 421 482 399 437 537 362 528 409 444 532 427 448 462 198 535 371 541 383 424 464 358 379 434 543 558 545 511 479 394 416 571 368 411 401 402 567 495 487 520 465 565
548 357 380 477 383 389 457 426 427 459 518 516 369 437 34 435 486 173 485 464 535 356 529 399 533 453 469 509 384 381 568 375 551 569 371 522 472 494 563 405 454 536 385 468 393 552 460 349 508 466 478 425 362 554 444 534 394 416 449 455 428 424 545 443 409 411 570 387 433 377 440 407 495 549 467 442 358 505 560 368 521 352 397 526 406 541 543 415 456 351 499 434 565 571 480 430 572 447 451 445 471
549 474 478 485 539 354 406 383 397 505 385 448 446 413 421 387 363 438 389 521 374 554 379 477 465 424 469 361 400 534 513 419 405 504 375 371 377 502 518 496 445 426 357 368 390 514 439 492 556 471 560 508 444 498 367 544 458 386 491 538 436 551 509 557 388 486 487 411 570 531 420 429 546 522 490 532 362 418 466 530 404 515 381 431 416 366 489 401 351 417 488 457 535 378 510 410 555 450 548 425 463
551 530 359 519 410 489 452 372 490 403 396 512 481 384 470 478 531 555 361 446 463 462 534 354 552 546 515 444 408 504 464 415 511 547 367 355 412 350 502 450 488 475 520 418 529 500 376 568 570 508 407 474 493 566 539 451 548 557 395 455 526 429 522 545 560 371 528 387 543 535 400 556 432 549 496 402 428 466 558 353 405 494 460 445 495 517 440 383 377 365 366 491 523 434 375 449 562 409 458 510 473
552 539 411 502 569 409 390 458 482 521 450 379 494 505 382 448 354 474 491 551 466 416 421 462 498 404 388 529 400 557 446 375 536 533 463 394 544 366 368 444 429 406 526 522 540 553 419 410 556 515 496 537 487 385 490 451 353 472 367 548 545 352 443 469 420 405 514 418 363 471 445 465 512 541 481 356 349 438 560 488 452 430 455 371 509 402 503 567 396 362 425 568 381 376 434 440 493 566 468 535 398
553 449 508 453 386 499 406 427 571 468 173 411 464 539 424 532 447 34 562 442 384 552 383 454 529 379 401 377 531 522 429 364 390 349 535 450 498 443 476 462 369 477 505 530 358 533 480 356 421 440 467 437 348 385 393 381 351 359 448 543 564 375 361 474 472 457 501 504 518 554 516 549 572 372 198 365 441 502 546 551 481 558 519 399 435 466 547 568 509 357 380 405 426 485 490 459 486 382 389 478 491
554 489 530 372 519 515 359 463 481 403 396 470 410 361 440 355 408 512 547 490 422 535 529 555 452 522 390 365 549 536 382 474 560 354 502 511 34 558 493 568 479 428 537 450 491 480 449 534 520 394 402 367 444 531 173 508 473 462 504 429 500 371 570 495 557 517 494 415 395 523 556 478 387 466 475 405 414 460 545 418 465 398 562 567 363 352 409 548 507 566 434 412 526 446 432 413 375 487 392 400 431
555 349 457 540 411 375 516 356 505 357 494 486 536 509 499 437 369 440 551 459 554 498 385 381 467 383 380 477 468 407 453 443 508 532 379 389 476 406 451 447 358 502 421 371 427 364 572 408 424 448 462 173 365 348 558 435 465 425 399 518 390 409 34 449 384 387 564 495 535 416 471 377 526 533 563 569 511 464 445 501 434 426 472 441 549 534 351 454 493 423 469 362 541 352 198 433 393 537 401 394 480
556 529 568 397 369 485 435 477 531 466 459 546 429 380 453 543 468 406 455 481 522 383 486 563 372 433 498 532 437 442 384 457 443 509 407 499 562 350 534 381 518 173 403 405 549 450 480 424 516 357 552 541 554 464 551 349 470 557 569 411 393 34 361 528 467 422 572 427 377 501 356 426 399 510 478 505 508 449 533 401 472 462 359 448 198 390 502 489 386 474 454 396 452 389 355 441 530 539 547 504 418
557 427 536 502 384 540 467 464 375 459 173 516 486 365 369 457 437 572 499 440 563 371 512 424 509 358 425 357 532 498 552 448 411 386 453 533 380 528 462 401 487 407 381 447 518 435 449 505 408 406 551 389 472 356 379 433 352 34 554 469 558 520 443 549 442 556 480 362 525 398 423 468 385 477 508 471 494 394 490 413 400 511 349 387 383 428 543 491 476 492 368 350 419 364 479 420 484 391 445 529 535
558 474 568 377 470 478 450 405 499 571 519 459 518 490 469 522 390 505 562 454 411 433 389 383 440 443 462 437 382 426 466 529 359 453 361 554 477 435 357 485 498 379 367 471 458 369 541 467 531 364 539 356 509 546 354 351 452 532 418 446 521 358 468 491 516 403 502 420 569 555 486 557 407 563 534 510 551 409 419 349 540 416 476 526 381 447 488 455 489 504 572 536 355 496 547 430 533 394 508 366 376
559 429 481 466 531 489 372 562 383 449 522 411 485 539 361 396 543 354 359 568 504 529 369 390 377 450 403 480 424 379 455 407 530 468 477 474 433 546 397 486 406 509 405 528 362 382 518 454 393 356 519 470 367 437 380 453 551 389 499 558 464 502 491 448 413 173 498 564 547 381 457 541 435 422 447 34 572 399 570 427 459 355 358 351 410 467 443 357 549 501 516 198 365 440 386 554 532 384 552 563 401
560 397 568 380 369 504 485 490 359 424 449 554 453 406 516 518 379 457 543 443 442 546 427 433 437 563 407 356 447 551 549 348 502 426 381 349 534 454 358 351 474 382 521 499 498 480 401 522 531 377 405 469 455 411 477 562 396 384 472 389 470 403 528 510 571 552 435 429 529 548 459 476 489 572 478 509 533 481 357 464 491 350 468 486 173 466 519 532 541 383 467 365 441 564 367 458 386 451 198 501 547
561 562 349 377 454 447 358 474 571 379 468 453 530 443 403 348 489 449 411 543 390 351 499 518 470 427 399 429 393 476 532 361 382 410 441 508 396 198 437 424 372 383 546 359 519 433 364 450 490 501 529 572 564 457 485 547 502 498 401 354 510 386 467 464 356 478 466 491 554 459 480 504 551 34 413 448 173 365 380 528 516 481 548 389 486 552 406 381 505 509 521 534 405 384 469 557 477 357 549 531 435
562 533 472 356 387 494 471 456 388 373 375 425 465 561 408 495 411 380 524 444 545 567 438 496 416 417 420 369 431 523 488 520 492 493 536 430 525 514 570 439 362 404 451 419 460 538 569 498 442 511 462 487 542 527 378 368 537 558 370 565 415 445 389 461 395 448 397 394 535 486 353 559 440 517 363 526 540 482 400 473 436 497 477 398 556 406 553 503 392 446 563 484 485 506 518 352 350 475 500 458 421
563 382 489 547 377 410 474 470 530 491 406 463 462 533 396 498 502 411 557 482 445 441 452 556 496 361 354 450 365 472 512 359 501 390 532 383 448 352 458 356 466 351 564 519 495 198 560 446 562 548 490 385 372 399 398 403 362 558 488 481 529 476 538 409 473 379 418 413 535 555 422 358 571 487 429 540 393 536 565 375 515 475 443 447 387 364 453 479 521 388 366 570 467 408 461 371 386 367 454 404 537
564 405 534 478 568 371 508 490 522 502 494 536 425 519 458 545 434 409 378 412 460 398 491 421 523 563 394 418 436 448 526 547 361 430 470 546 531 446 543 432 359 493 367 555 566 415 517 403 462 428 353 570 473 350 416 444 375 397 410 439 530 521 395 417 512 527 413 400 402 456 408 368 440 541 539 561 511 433 442 520 471 553 373 535 569 372 560 354 488 480 396 420 387 355 388 374 544 349 475 404 376
565 386 401 379 406 562 530 349 411 356 472 532 405 468 448 533 571 427 435 498 490 409 361 421 531 437 539 390 457 372 521 447 443 572 509 450 371 499 462 358 396 459 424 377 451 519 508 541 410 467 563 382 536 518 453 480 502 470 474 476 547 495 516 375 489 469 398 381 548 464 477 505 540 504 486 529 389 491 403 551 380 369 429 546 173 416 494 452 384 407 394 449 554 359 442 552 444 422 535 549 511
566 379 447 476 531 393 551 411 568 441 486 358 354 380 429 433 454 470 377 466 407 396 501 372 564 509 361 364 554 562 406 450 365 369 518 198 464 382 399 448 359 499 521 383 384 549 552 498 381 351 362 529 504 449 468 410 547 485 543 532 390 357 510 541 435 530 443 356 481 535 477 437 401 424 516 522 386 474 457 350 489 459 173 442 413 548 571 453 397 389 491 405 455 34 495 505 427 467 469 519 539
567 562 485 470 466 369 568 522 357 468 474 546 433 481 361 377 372 349 543 380 519 429 449 359 554 396 447 453 379 382 571 477 455 531 504 530 441 390 358 443 437 399 529 403 383 552 393 547 407 384 389 572 448 541 499 464 421 397 405 454 410 381 521 535 551 467 518 478 528 476 442 532 502 501 367 198 469 362 509 539 486 418 34 490 435 457 491 516 557 364 480 548 351 355 549 424 173 422 406 458 459
568 476 540 448 571 441 558 386 364 556 445 451 401 564 349 521 501 536 542 377 393 505 425 457 419 415 198 449 440 512 480 468 424 353 413 368 447 370 472 362 411 352 399 351 462 371 373 533 404 34 460 487 508 402 453 498 560 532 358 499 381 388 348 437 509 567 515 427 535 421 414 366 387 406 443 438 545 417 464 380 458 467 488 356 473 389 439 554 511 431 495 520 479 379 173 482 507 409 469 551 394
569 464 552 489 384 562 365 470 349 546 406 354 478 383 534 521 356 422 444 410 535 449 397 372 485 474 480 543 476 548 361 498 396 379 519 377 491 558 438 413 508 502 390 452 389 556 487 504 409 530 448 350 454 518 359 481 495 490 462 173 515 385 369 427 442 429 555 441 531 447 382 411 358 544 446 34 387 472 364 440 522 403 380 536 450 362 477 360 547 540 386 457 564 466 529 458 509 554 568 533 539
570 435 499 562 498 407 405 437 364 34 468 411 459 446 381 454 572 433 173 357 426 551 390 351 469 385 389 532 467 443 509 478 476 440 516 352 521 409 453 554 441 501 447 518 427 494 533 371 450 419 502 549 367 505 564 540 470 472 541 358 379 462 571 519 466 548 356 526 430 350 377 424 490 198 386 491 474 512 539 401 369 457 487 393 522 448 382 406 563 486 568 383 528 353 529 504 451 399 423 480 569
571 568 522 405 375 354 531 426 558 450 480 409 493 528 490 444 396 442 523 446 492 388 543 369 407 539 494 530 536 421 502 359 412 361 561 367 433 512 425 553 462 487 414 445 458 511 529 397 565 403 481 533 413 495 497 408 350 519 373 474 526 400 463 538 362 496 363 419 355 404 449 372 385 371 455 429 472 415 382 431 534 503 410 484 423 567 383 510 387 488 570 436 378 366 563 560 428 461 547 479 500
572 534 458 530 478 405 410 418 426 508 354 557 359 490 434 450 521 375 570 539 541 485 403 531 523 465 547 568 546 422 555 444 361 388 350 497 372 470 439 374 402 452 349 565 544 507 376 451 416 556 419 382 558 482 472 414 545 409 432 445 496 384 489 475 430 504 522 533 560 408 524 484 421 420 425 543 429 562 383 511 567 561 463 473 397 360 371 527 460 391 548 471 455 415 500 362 407 385 503 423 373
173 474 458 446 485 421 539 375 354 504 510 491 368 477 531 433 557 521 496 405 478 406 488 466 409 429 445 367 494 541 548 407 455 513 397 404 529 502 518 439 451 465 410 413 403 553 361 568 498 544 570 418 534 366 383 511 538 363 471 416 425 374 495 556 426 372 373 490 514 554 444 503 452 376 362 555 543 391 515 522 359 438 387 450 385 530 382 475 400 357 469 481 355 569 396 489 505 379 448 431 420
198 405 478 534 490 568 508 522 494 545 434 519 502 458 421 536 491 425 371 400 378 430 563 493 446 480 398 436 526 444 416 460 418 530 523 517 439 419 428 531 359 367 546 547 349 520 361 566 403 353 470 409 388 412 462 420 561 375 354 432 404 555 533 570 394 408 492 372 451 396 456 544 373 496 497 527 488 402 415 448 397 395 471 556 387 417 558 539 511 543 438 450 449 368 473 560 465 525 350 513 569
348 534 405 446 478 536 568 480 494 523 545 371 425 522 530 418 403 410 519 561 363 492 416 560 368 555 439 496 533 409 490 428 395 553 375 417 432 431 451 455 485 384 373 472 397 552 462 464 469 369 459 401 386 498 572 467 443 393 198 348
349 541 455 510 533 568 529 397 522 555 406 466 403 350 472 418 561 352 426 375 489 481 363 569 429 536 367 539 407 384 528 503 401 449 465 374 487 420 414 463 421 386 446 565 543 354 382 547 471 519 410 515 416 369 464 415 450 537 359 395 435 362 445 422 494 560 567 495 394 531 546 483 432 462 355 553 498 556 419 538 572 527 548 396 514 558 437 535 461 452 524 392 504 198 532 399 512 372 353 433 409
350 379 468 411 443 365 453 498 349 448 34 358 502 491 474 362 551 539 462 410 556 535 486 505 377 361 425 499 447 571 390 446 415 438 422 413 482 562 404 450 572 532 467 460 382 445 490 386 428 463 529 414 451 512 406 569 367 440 437 352 421 508 564 394 473 444 353 441 351 536 371 570 401 356 416 420 399 388 533 465 560 400 469 383 409 478 454 530 360 557 173 501 476 198 357 548 470 393 481 558 402
351 502 405 494 536 522 430 490 545 491 568 458 409 425 418 493 534 539 375 398 460 444 517 478 480 526 504 508 368 570 378 563 446 558 394 400 520 365 419 421 397 561 434 371 560 372 512 412 428 462 519 391 470 354 420 403 416 523 359 450 543 530 510 488 535 549 396 531 503 350 395 427 438 373 492 469 367 555 387 442 415 475 521 455 528 456 511 439 542 527 451 553 497 548 544 448 566 417 482 426 422
352 448 522 433 485 531 349 568 490 458 354 426 502 355 530 407 390 510 365 543 504 470 541 397 361 468 529 477 435 547 478 480 403 563 418 359 455 410 466 372 34 443 464 411 557 396 570 453 519 382 427 562 384 429 405 481 413 489 552 459 554 469 389 383 449 486 350 369 173 534 509 546 508 528 472 539 454 535 450 463 424 356 548 442 533 555 551 518 571 457 474 505 499 380 422 377 432 460 421 558 516
353 466 568 372 455 435 504 377 429 369 485 383 546 543 531 529 510 562 530 518 481 365 407 403 449 477 541 521 354 486 382 522 433 509 547 464 384 442 459 357 457 501 405 552 380 399 480 470 424 551 364 418 397 454 489 564 447 396 448 469 359 528 350 198 393 427 349 474 505 358 381 389 490 571 476 361 406 558 534 426 410 450 390 385 554 549 367 351 502 441 570 413 355 173 516 478 491 458 356 452 533
354 427 508 536 34 459 571 480 173 549 449 540 541 467 440 369 502 464 380 384 352 371 437 394 572 401 442 552 375 357 468 551 365 381 523 534 543 563 569 554 499 386 428 529 424 349 451 487 495 421 353 453 462 457 435 493 476 415 559 478 558 446 539 379 566 407 469 389 385 505 441 488 409 362 516 399 521 528 351 482 364 520 368 443 472 393 456 425 404 512 423 419 438 432 533 501 417 532 406 535 198
355 435 356 365 457 533 505 472 424 486 375 554 381 419 411 509 352 516 385 539 379 421 451 369 389 447 459 518 358 495 362 380 551 469 357 541 416 508 477 535 448 494 406 571 394 468 349 427 371 440 399 442 499 430 445 408 536 34 173 511 502 409 391 401 423 558 465 413 404 521 398 400 529 462 431 526 467 387 390 453 368 476 454 428 386 503 444 493 392 532 405 542 479 383 420 564 364 415 537 417 569
356 562 530 534 478 355 480 470 405 546 458 555 375 488 371 519 545 428 522 455 544 515 521 490 361 539 510 425 523 433 508 359 481 548 568 547 504 474 418 569 565 482 543 403 528 536 531 410 415 507 446 442 563 360 384 374 434 409 558 560 557 452 396 502 402 376 367 493 535 423 382 387 494 391 460 416 390 473 451 541 368 484 372 491 556 385 398 463 512 413 471 469 445 552 570 492 450 496 388 414 553
357 359 519 548 396 490 410 530 452 403 491 547 361 470 502 372 475 382 555 489 367 463 450 474 462 539 354 365 511 515 481 557 408 567 409 446 558 406 402 355 472 523 376 570 549 507 440 412 517 512 496 431 438 420 535 360 366 482 556 353 533 34 495 414 465 546 461 537 363 504 436 444 422 390 173 494 458 531 368 473 434 536 377 415 545 479 388 562 356 407 432 428 524 560 383 526 429 394 478 510 387
358 405 523 534 418 545 397 478 350 425 561 568 367 410 557 378 426 458 355 388 371 536 366 446 434 471 373 544 485 494 522 492 530 555 439 508 368 514 519 538 480 566 361 558 360 421 395 496 560 513 520 428 451 420 432 463 416 542 430 541 531 402 431 565 460 487 465 570 404 484 539 547 438 563 363 391 419 455 526 491 500 375 408 553 493 528 567 353 422 403 548 442 569 444 452 515 409 445 503 497 527
359 505 357 425 457 551 486 459 380 480 509 469 516 389 518 381 477 449 554 440 435 421 448 413 369 409 467 453 443 451 415 424 540 485 495 419 494 533 378 411 472 541 439 498 536 362 370 572 571 397 437 408 560 430 406 535 444 487 558 544 356 563 476 508 462 482 507 420 402 352 499 426 365 379 364 559 404 506 371 392 417 473 400 385 349 374 398 511 416 442 545 537 388 532 542 427 567 492 173 564 465
360 411 529 466 390 462 539 498 356 357 541 358 518 502 468 454 470 435 389 472 361 469 424 522 443 409 429 448 505 382 377 532 533 478 536 371 521 440 562 499 453 381 486 474 450 430 526 403 569 437 509 405 457 401 572 516 512 393 386 447 568 441 426 504 354 350 427 368 446 364 467 351 433 571 420 485 352 489 488 407 375 477 367 530 501 481 198 490 372 397 487 349 459 547 399 554 359 546 511 551 379
361 435 459 480 449 389 540 369 380 357 385 533 554 457 516 378 509 472 440 424 427 381 430 426 407 486 551 419 451 448 505 498 365 387 571 411 409 356 352 563 476 494 362 420 558 400 433 549 443 511 375 34 523 518 456 173 544 444 417 559 488 487 495 437 541 425 502 350 467 536 406 569 565 567 384 564 477 358 572 442 364 545 465 471 496 528 360 431 453 479 520 399 462 388 556 392 482 566 469 525 493
362 562 478 541 568 534 433 498 522 502 405 420 359 377 350 390 474 472 361 504 355 443 466 539 451 385 449 437 440 499 403 453 349 462 533 470 455 411 519 571 173 383 397 454 469 516 418 526 354 427 531 546 485 446 429 563 481 381 521 547 407 557 518 530 510 457 548 508 435 367 528 549 490 529 477 489 488 505 424 494 356 555 382 410 552 426 419 559 491 569 536 551 554 471 532 566 452 430 572 517 540
363 349 427 549 562 468 447 173 464 449 530 348 390 433 411 377 571 443 470 437 357 435 448 554 453 396 552 543 379 382 358 386 518 359 401 383 384 442 499 365 369 519 459 539 407 372 406 393 410 474 516 380 546 541 508 486 405 531 491 389 457 532 529 356 480 558 34 399 509 478 504 485 570 466 528 441 454 477 424 440 501 572 450 498 362 381 551 534 198 547 476 563 429 510 502 467 505 361 403 364 568
364 478 522 568 534 405 458 502 460 434 490 371 418 570 436 530 547 378 425 494 412 462 428 359 558 519 372 421 398 531 539 430 444 555 492 403 361 367 388 526 553 546 448 416 545 394 508 456 432 353 420 354 491 566 496 517 415 536 544 387 482 470 446 374 473 438 480 541 523 471 543 535 493 569 422 520 451 488 475 400 561 396 563 497 452 542 527 376 513 373 402 489 404 557 395 360 362 355 410 414 533
365 485 416 536 389 382 474 469 355 519 477 350 494 375 404 471 509 403 547 367 465 546 424 421 518 397 569 557 541 419 489 531 450 462 352 521 455 554 354 361 357 526 516 371 493 410 409 563 512 522 434 353 545 380 452 539 459 359 430 433 457 481 530 446 381 398 351 429 435 454 538 393 458 368 555 369 504 441 568 372 496 390 486 483 478 551 411 529 566 515 500 466 534 34 418 472 426 356 400 497 363
366 449 377 480 384 466 543 464 383 568 477 427 429 455 358 406 173 529 369 552 34 509 485 435 357 516 522 457 470 407 433 546 486 379 442 411 551 549 498 447 571 372 535 468 504 381 554 558 397 443 422 380 502 510 393 354 453 499 563 532 533 382 562 356 399 364 349 403 424 564 390 437 501 459 518 481 531 454 418 365 350 572 505 386 198 441 521 426 536 472 401 387 351 489 476 528 389 474 448 539 541
367 509 365 495 486 457 415 357 505 349 516 173 369 380 383 358 459 571 387 453 518 381 371 551 443 435 476 375 384 454 558 480 554 389 512 440 423 441 535 377 549 464 364 445 437 356 421 416 487 533 552 469 413 456 477 427 564 448 479 541 517 451 570 198 350 473 447 362 472 398 462 484 409 394 460 482 442 351 468 430 444 499 408 379 508 485 426 494 520 527 501 449 465 537 467 532 34 559 399 560 534
368 485 477 427 522 173 568 543 433 468 34 454 390 562 449 443 481 466 480 541 453 405 407 447 372 518 549 351 552 369 531 358 470 429 530 397 546 396 464 348 459 365 529 510 403 498 399 490 356 354 384 499 442 357 359 383 509 532 386 457 455 547 418 406 548 539 401 450 411 489 448 355 564 380 421 502 379 410 571 557 349 486 437 554 360 367 519 198 474 558 555 469 463 364 361 478 551 362 572 528 424
369 530 440 410 396 463 556 361 478 562 452 526 444 462 540 445 535 359 377 515 402 354 372 520 470 400 491 474 458 446 465 409 557 489 537 451 450 353 517 395 571 555 432 547 404 460 473 560 533 449 367 508 496 534 548 431 567 385 355 438 507 538 471 420 394 422 484 436 392 390 415 481 511 374 472 413 34 536 398 414 494 512 366 479 408 368 558 349 488 493 500 539 519 411 521 382 559 498 387 375 448
370 568 429 466 562 530 359 529 372 522 379 539 411 498 405 502 481 531 433 361 447 474 407 356 532 349 455 396 478 454 453 383 489 358 382 549 443 390 572 437 504 406 377 499 508 410 543 468 354 450 365 467 449 528 512 547 386 364 351 384 534 510 571 535 367 533 546 464 470 441 491 422 472 173 34 401 427 442 462 477 552 476 440 198 519 495 564 393 521 558 385 445 362 541 399 424 444 488 403 501 350
371 449 382 397 411 564 407 447 450 433 454 490 568 476 426 356 543 399 354 396 364 418 485 557 541 477 441 480 365 491 472 403 516 406 348 501 518 367 358 422 466 198 546 529 429 533 549 531 458 489 522 383 528 510 498 421 389 474 499 457 505 481 442 410 502 504 555 519 359 548 470 379 478 551 554 380 369 507 571 351 355 511 437 570 372 446 539 453 455 390 565 547 435 393 540 444 530 532 381 434 360
372 540 554 516 389 518 505 409 476 387 494 551 380 532 357 459 469 353 420 369 484 381 411 524 435 493 386 478 462 559 471 425 401 406 370 379 556 499 437 513 544 414 419 385 383 538 413 483 498 526 374 400 512 424 467 497 378 454 436 368 432 449 486 542 352 485 569 426 377 536 509 461 34 364 173 457 408 440 508 537 482 431 567 514 527 563 523 492 375 571 473 487 430 351 465 423 510 572 502 565 520
373 562 466 568 377 529 429 522 470 530 531 358 173 447 571 390 454 441 501 383 381 459 382 34 435 359 389 379 369 541 393 476 351 486 405 361 450 198 357 349 551 489 505 516 564 509 372 469 521 364 407 572 380 375 499 546 449 455 424 406 554 442 549 539 399 427 396 356 494 426 348 547 481 467 480 365 419 532 448 416 352 422 518 512 468 477 411 510 410 368 433 403 452 555 437 472 533 557 495 386 457
374 450 549 349 377 468 453 372 396 369 519 411 437 449 356 173 499 405 359 383 443 406 489 572 447 427 470 498 467 382 532 393 522 364 474 454 424 485 518 546 403 480 399 358 501 433 361 486 462 389 481 509 380 34 386 390 476 505 401 531 539 442 379 435 477 564 367 407 466 530 459 490 441 536 457 448 422 547 458 351 381 543 397 426 563 562 551 429 198 354 529 355 440 357 464 491 415 528 552 472 533
375 470 562 34 407 468 453 571 427 443 173 365 499 448 433 557 485 555 454 411 530 355 489 349 356 480 354 396 403 528 351 474 379 519 547 418 466 477 426 464 572 437 413 552 490 397 399 361 549 367 402 422 429 491 449 450 531 478 508 498 510 467 502 382 548 543 504 410 540 369 405 472 522 386 372 458 435 401 532 534 529 384 546 481 541 424 568 434 406 554 551 455 533 505 358 564 380 518 198 563 432
376 449 480 543 383 459 377 433 380 357 453 435 411 551 440 379 468 528 173 356 406 518 369 454 443 464 34 384 516 572 498 457 397 427 437 499 469 389 532 399 381 558 509 554 467 552 571 504 521 364 386 485 486 477 441 447 351 393 358 424 564 541 549 505 533 472 401 455 476 198 501 371 375 349 407 466 510 540 495 403 529 350 365 448 421 462 568 562 536 409 429 565 502 352 494 508 534 425 362 522 416
377 405 482 378 478 534 428 487 558 523 541 568 545 480 407 563 490 425 366 456 488 446 435 369 420 442 471 522 397 392 426 561 473 353 485 477 458 508 494 512 455 412 445 492 430 439 462 391 373 496 460 495 504 362 531 404 374 434 511 376 535 491 398 388 513 549 418 421 540 544 497 475 372 350 419 451 559 567 448 484 536 500 385 569 553 367 363 395 389 440 517 566 542 469 502 537 479 459 423 417 539
378 377 543 396 481 470 361 562 383 359 449 529 466 382 358 441 454 489 564 447 406 372 541 364 403 386 198 379 393 401 429 351 531 501 530 498 476 422 450 485 390 499 411 532 468 433 571 549 399 477 504 365 443 354 427 453 546 519 547 173 455 464 486 457 356 510 522 509 384 410 437 572 570 528 474 349 480 552 535 557 463 539 421 568 452 558 569 418 355 518 397 448 467 405 555 415 34 462 425 357 440
379 350 384 458 418 426 546 388 545 534 480 405 565 552 430 464 408 471 566 463 485 407 355 483 530 375 510 506 484 372 549 34 561 397 419 541 416 478 410 555 421 497 560 465 544 482 432 494 568 428 427 496 523 417 378 370 515 558 359 470 376 422 400 531 435 403 500 521 371 557 354 569 415 519 553 527 452 504 414 492 460 461 508 524 366 522 409 420 391 394 543 540 567 488 559 493 373 475 446 173 570
380 530 359 522 470 440 539 548 562 478 390 450 361 480 396 372 481 534 429 449 410 418 529 517 422 463 446 491 354 502 493 556 508 504 515 500 462 452 474 444 519 405 512 560 385 479 367 408 540 398 536 555 404 431 403 490 487 568 355 400 557 365 546 376 34 526 466 537 428 547 412 494 531 489 484 520 414 510 394 566 430 371 567 525 521 417 420 543 353 458 426 488 475 409 436 507 492 465 538 455 173
381 519 359 530 410 489 490 478 481 534 372 355 361 463 396 547 434 452 502 522 491 568 354 555 403 440 523 531 570 367 394 449 418 515 444 470 546 504 488 412 557 512 507 458 529 474 508 556 450 548 422 465 365 432 560 402 496 395 382 473 446 405 429 415 404 408 362 520 390 539 511 535 373 558 455 384 413 387 493 445 543 549 388 475 460 409 462 371 514 494 537 495 366 428 353 521 479 436 376 360 538
382 440 371 365 462 563 385 459 498 427 415 464 541 384 494 468 477 357 482 443 520 387 407 437 493 532 397 552 401 386 508 526 558 426 538 400 409 406 554 545 378 453 517 523 492 471 425 435 516 495 543 349 478 411 449 433 540 353 420 480 537 467 503 419 533 375 423 505 479 388 476 383 434 369 391 430 352 457 534 392 496 465 389 381 413 356 444 509 405 521 394 560 512 350 34 428 398 414 445 487 525
383 490 488 428 536 407 462 541 480 446 540 482 512 435 548 458 426 504 549 432 34 510 422 545 530 487 404 353 405 497 391 378 456 366 558 367 491 513 425 515 556 555 496 376 471 372 559 492 430 569 455 445 409 508 563 448 412 470 371 534 420 500 521 173 397 495 519 502 475 418 416 493 473 395 382 479 460 522 553 389 374 419 439 362 544 523 451 433 398 423 546 537 467 369 528 568 442 440 484 531 410
384 411 539 379 390 491 502 450 557 474 551 569 382 505 482 366 498 462 388 521 354 458 409 448 446 522 349 494 405 496 421 515 466 406 438 544 463 526 416 400 444 556 443 404 529 410 367 514 490 394 418 478 452 356 469 547 396 548 553 468 481 434 361 451 353 533 488 385 352 429 536 537 453 568 467 487 425 375 472 555 532 376 420 512 509 368 389 381 489 560 541 402 419 424 572 545 540 493 363 447 422
385 382 543 361 397 549 403 355 489 486 380 555 369 485 531 470 372 449 421 410 427 547 362 528 490 498 462 546 570 396 529 415 459 359 401 426 386 508 510 504 354 384 377 563 455 519 552 469 439 548 571 422 464 452 474 453 450 495 545 173 521 390 502 429 539 530 569 518 407 356 557 466 383 443 432 433 480 445 562 418 472 532 405 553 451 568 491 477 512 393 441 493 481 425 522 536 394 353 572 444 349
386 458 426 568 534 565 496 482 418 405 546 434 372 478 544 522 382 490 407 553 455 440 388 349 354 557 531 480 34 378 452 510 430 460 521 475 435 385 497 549 375 409 450 463 545 529 484 350 471 523 410 444 539 414 470 428 541 402 506 422 368 429 465 530 363 390 485 416 392 442 524 528 489 403 570 421 488 433 359 355 537 473 436 508 397 369 360 569 376 389 512 555 419 556 494 374 547 413 362 492 561
387 529 562 466 435 372 34 455 429 502 530 541 407 382 405 481 474 549 531 459 361 426 505 450 367 403 568 522 546 410 470 539 490 485 469 504 540 547 369 518 399 521 551 486 454 477 554 356 173 441 555 519 446 393 433 458 509 381 571 364 390 480 548 448 427 424 359 351 411 569 447 397 355 354 389 543 357 563 557 440 516 512 198 457 349 491 449 564 371 482 445 421 409 396 452 487 489 464 419 460 384
388 562 466 379 541 449 529 571 384 468 429 499 401 464 568 480 552 386 403 358 377 518 427 447 454 510 485 34 453 543 382 433 498 531 405 441 435 470 455 443 397 406 572 364 359 522 504 477 361 549 426 383 469 508 381 467 516 481 198 369 356 357 534 173 554 551 437 478 532 350 486 424 459 411 399 371 512 393 351 563 530 372 501 564 349 422 509 502 536 476 535 380 521 479 389 489 528 457 407 546 355
389 530 359 365 372 361 529 481 463 548 410 403 470 396 535 429 491 412 489 490 558 549 519 531 562 406 452 466 355 408 543 547 462 446 474 555 568 539 451 512 415 526 371 504 502 407 500 495 570 498 557 367 534 482 402 520 511 383 354 405 394 382 377 449 521 507 360 34 478 508 398 569 418 352 522 420 414 384 373 533 455 536 450 440 475 560 390 480 472 376 510 353 413 387 445 426 567 540 431 473 395
390 543 384 397 485 380 456 552 523 435 432 540 518 418 414 444 534 480 496 541 478 407 558 469 368 352 360 554 464 424 528 409 494 477 362 449 436 433 533 513 404 369 563 428 526 542 430 549 570 486 402 426 488 412 495 415 363 438 509 431 535 350 472 454 559 536 510 373 422 401 460 553 561 457 544 516 565 484 512 403 569 555 511 381 356 507 406 378 398 385 357 408 419 365 371 421 500 538 425 387 423
391 383 470 377 455 466 477 509 449 489 454 411 485 382 481 568 543 426 173 369 356 351 529 498 379 486 443 437 355 453 358 429 562 554 516 380 457 546 410 361 403 510 354 541 549 424 531 572 433 396 381 372 406 450 447 468 571 389 480 422 551 505 528 557 467 357 518 448 349 532 533 397 472 459 34 435 463 547 522 504 469 198 570 478 564 530 474 384 427 442 393 405 499 464 364 441 421 362 521 555 452
392 377 433 498 369 449 443 562 359 532 411 396 474 453 382 485 407 499 486 543 406 504 468 361 383 447 491 530 429 349 510 401 531 568 379 554 386 457 502 516 450 528 405 437 355 490 481 546 470 442 534 390 477 356 422 381 467 354 551 365 466 393 518 509 522 358 427 372 547 519 501 424 367 464 397 563 572 403 380 399 478 552 384 480 357 441 571 489 454 421 529 173 410 548 539 426 549 505 198 364 564
393 478 534 405 568 490 508 436 458 480 522 494 425 421 444 502 517 430 378 418 566 412 397 519 400 446 417 449 523 365 487 548 451 491 440 543 398 420 556 434 545 531 396 387 439 493 354 561 527 496 520 415 371 374 353 448 395 470 456 373 484 546 563 492 438 473 500 408 536 403 510 567 460 462 432 366 482 553 402 385 555 409 360 525 375 419 388 570 541 559 363 413 465 558 530 349 507 513 475 497 404
394 455 433 407 543 519 354 485 530 449 454 474 562 480 466 489 369 381 510 405 429 490 504 424 464 427 552 384 426 531 568 564 554 397 481 522 534 518 351 380 477 389 396 355 349 528 382 491 364 442 450 509 548 435 379 403 498 418 499 546 350 372 399 406 410 457 367 547 558 557 463 551 470 198 359 357 571 437 469 476 453 555 383 377 505 385 502 516 541 478 361 535 413 440 508 393 34 421 459 441 572
395 543 369 468 562 424 429 454 407 466 551 383 447 529 349 531 486 477 485 433 399 453 522 381 554 377 358 470 480 568 516 427 459 502 518 403 455 393 351 564 380 348 549 443 509 359 389 34 499 198 441 437 539 501 449 476 571 372 364 411 357 396 457 173 505 504 405 397 478 361 442 390 532 510 435 356 528 474 379 490 572 426 458 464 569 469 563 467 406 481 384 519 530 365 541 498 558 450 382 491 547
396 541 357 369 471 518 457 505 440 378 537 380 469 551 459 477 554 420 389 409 544 571 486 435 381 419 371 516 563 496 523 465 512 485 540 416 421 513 375 521 404 536 425 508 534 545 34 400 430 533 374 414 509 495 493 423 526 454 408 559 482 494 385 384 448 487 434 398 399 462 472 535 392 436 569 352 451 356 529 424 428 368 524 525 394 484 442 506 566 453 431 349 445 567 417 415 393 476 528 426 363
397 502 34 371 556 390 349 530 526 434 539 377 385 358 549 365 398 491 382 560 508 562 359 490 352 511 448 462 379 537 512 478 173 488 534 409 375 406 427 468 383 410 571 437 569 441 394 476 393 532 440 484 436 368 416 482 404 388 399 443 540 501 362 452 400 351 496 460 536 467 473 461 538 353 474 492 446 494 475 376 487 447 453 454 412 361 396 564 559 445 479 451 366 535 405 548 489 495 387 542 413
398 485 480 435 450 449 397 459 543 546 351 380 502 403 34 377 504 454 457 564 407 369 433 562 427 518 477 470 364 510 198 396 359 365 399 383 486 563 393 389 382 554 489 529 509 530 390 429 557 405 356 367 528 568 516 372 464 355 424 173 522 490 422 474 571 551 458 453 505 552 565 481 441 501 531 447 384 499 421 358 361 534 357 354 381 442 455 426 468 466 478 548 443 469 476 498 406 415 402 418 448
399 478 534 405 508 490 494 568 458 371 425 519 522 536 409 460 375 456 548 526 436 493 412 541 432 502 434 446 396 462 398 387 395 444 480 397 563 531 546 448 547 555 361 545 353 416 430 355 440 359 368 354 530 421 561 470 520 473 349 463 418 544 403 394 556 525 491 451 566 417 452 450 500 489 439 527 400 567 523 350 378 376 517 415 374 410 408 388 445 488 558 428 402 513 492 533 484 471 542 479 404
400 369 485 470 382 541 489 464 552 396 384 372 543 361 481 549 547 380 433 562 198 424 407 466 454 379 359 393 429 351 571 568 448 449 551 397 474 410 510 501 486 173 447 406 441 427 531 426 554 403 518 528 355 453 411 399 477 365 422 557 564 476 364 498 522 519 350 356 377 529 354 546 401 530 442 381 504 463 443 490 509 499 532 457 555 386 548 469 467 358 435 437 468 371 367 505 491 516 357 418 459
401 458 568 426 534 565 496 482 418 354 546 382 490 388 405 478 522 349 440 372 434 455 557 544 480 521 378 34 407 531 385 484 452 553 410 390 510 450 375 475 470 409 463 460 560 545 523 529 392 444 539 355 435 506 549 508 530 413 494 403 350 363 414 547 497 416 430 465 537 368 408 429 471 540 556 570 422 428 421 442 436 360 489 555 512 507 524 402 423 561 495 445 473 400 374 362 515 419 502 488 485
402 522 462 369 437 568 447 424 474 406 375 357 359 411 390 499 516 554 539 466 502 389 529 468 532 381 356 486 459 427 551 572 467 498 501 377 518 358 464 386 448 405 384 519 505 457 433 509 441 552 547 564 382 435 393 562 571 198 399 454 401 491 173 477 364 351 455 429 443 485 546 385 379 383 350 504 549 521 476 403 453 541 469 398 34 380 361 487 396 489 442 407 530 440 426 446 531 528 416 470 540
403 440 505 421 508 357 486 467 551 409 554 541 453 349 365 389 539 499 476 529 516 457 385 533 406 494 536 442 509 462 521 424 443 512 411 375 487 437 540 381 484 387 380 398 404 388 371 460 493 415 495 353 472 173 348 356 352 430 378 34 498 572 492 449 561 571 544 527 451 379 556 469 416 526 362 473 413 447 537 423 364 427 558 408 559 459 532 444 478 390 563 520 441 429 428 535 477 448 432 368 445
404 365 562 485 510 568 383 369 433 490 481 435 396 442 552 380 377 459 403 464 173 546 390 384 543 541 427 405 531 470 426 502 528 522 359 443 34 489 474 397 350 486 571 498 469 381 530 480 491 457 455 518 504 429 407 453 477 358 549 354 372 355 382 424 468 519 448 533 472 509 198 410 418 554 454 447 529 476 425 399 393 364 547 466 406 551 389 449 563 564 534 351 357 516 361 478 356 499 450 501 437
405 441 476 198 564 449 393 377 501 358 411 399 571 351 443 406 453 533 447 498 543 364 444 472 448 468 499 421 356 558 437 572 521 379 348 467 540 386 173 532 387 495 383 380 414 424 570 454 362 401 515 458 384 440 451 480 486 506 394 452 368 549 464 415 404 462 445 538 507 565 556 34 374 487 388 548 471 510 389 375 352 353 544 381 382 460 536 554 482 525 551 465 488 493 459 535 503 494 552 398 457
406 428 534 34 426 405 480 470 478 410 508 545 458 530 490 482 435 496 485 349 430 549 563 565 403 173 419 425 471 488 484 469 556 460 389 372 418 504 382 569 384 359 445 568 515 371 541 553 560 459 547 434 414 402 378 555 397 357 366 512 446 483 442 420 562 540 557 361 552 546 449 522 497 464 450 355 455 388 376 408 432 427 487 439 374 475 407 423 392 429 413 492 529 451 500 390 421 528 409 521 350
407 383 375 500 474 377 462 460 34 371 414 394 387 445 463 382 535 390 469 481 352 419 361 478 571 379 570 495 349 410 386 422 530 555 415 173 489 542 440 509 448 477 450 446 457 353 533 508 505 473 534 368 556 557 398 465 468 400 389 452 551 436 395 560 421 401 547 428 484 493 472 526 354 492 431 518 392 496 482 523 413 486 366 424 406 566 558 487 444 362 546 454 425 409 430 485 470 516 537 404 559
408 562 502 485 543 554 531 379 529 435 429 380 481 433 424 470 458 389 551 359 490 504 357 477 455 468 457 443 459 518 450 486 396 510 369 453 519 557 498 372 571 474 546 555 499 466 521 448 568 522 403 406 381 480 489 377 382 355 530 437 390 410 539 34 358 411 467 361 354 173 572 393 509 367 198 478 401 442 532 469 564 399 397 383 491 427 563 351 464 422 349 528 547 386 384 516 533 454 365 434 441
409 485 454 543 372 477 552 427 403 530 571 359 396 490 464 499 489 369 351 468 384 173 481 390 522 382 361 365 564 34 531 433 399 519 480 357 397 449 383 424 478 486 474 518 466 429 568 502 410 422 457 356 459 442 565 418 570 450 534 354 443 413 386 401 437 463 509 453 555 558 569 547 546 554 421 406 379 407 360 380 532 510 563 470 562 355 548 572 381 491 551 367 198 529 349 405 426 528 348 377 498
410 477 459 435 369 505 516 357 467 551 499 406 509 381 457 486 518 563 389 380 572 554 494 498 532 437 468 469 462 427 424 440 407 411 358 365 536 379 387 385 173 384 493 569 348 453 356 397 349 449 350 426 371 464 352 409 495 451 447 433 430 480 485 375 416 552 528 401 537 482 534 400 540 512 541 414 383 425 479 386 571 421 533 442 476 456 408 521 506 419 561 508 394 487 564 471 549 565 34 448 502
411 530 480 534 405 384 523 562 552 350 371 360 428 464 414 555 470 543 375 415 568 427 458 372 451 546 478 355 430 442 558 416 403 563 495 359 410 544 484 545 361 434 418 455 570 522 512 557 565 508 559 553 382 482 500 374 461 376 426 402 412 34 504 510 566 503 519 465 391 352 369 392 446 463 481 515 531 362 363 524 419 492 561 488 452 436 425 526 535 460 490 497 556 521 549 370 420 378 432 483 366
412 449 468 377 389 509 571 518 485 443 424 505 516 551 457 564 383 381 477 364 399 380 453 411 476 357 454 459 390 393 501 435 351 540 421 554 397 441 498 529 198 486 474 469 499 562 480 426 379 365 437 349 532 447 429 358 466 458 356 508 372 467 34 448 530 406 539 541 440 533 369 427 413 386 384 401 464 422 405 470 572 472 433 546 415 535 385 478 502 173 491 450 543 510 552 511 407 410 570 495 354
413 541 504 359 568 455 474 435 549 462 466 534 451 529 539 533 372 536 34 375 522 173 369 528 459 571 521 422 478 530 449 403 543 470 472 350 429 546 433 424 382 407 526 409 569 540 352 367 502 406 494 430 562 418 503 447 457 458 381 484 554 416 563 452 356 355 480 401 490 505 405 557 493 564 397 389 349 519 427 420 437 485 377 426 393 441 512 442 508 476 432 386 531 380 454 419 396 394 555 500 440
414 466 390 411 407 498 405 539 530 532 433 349 372 568 429 396 571 455 406 448 443 369 450 490 522 380 531 491 489 357 447 379 529 554 410 382 505 470 350 546 468 389 562 516 499 386 510 572 485 528 359 437 377 474 401 356 421 383 424 481 501 457 453 441 509 381 397 478 519 403 486 358 427 354 508 462 467 547 364 367 504 543 477 365 502 551 426 393 361 557 518 399 458 521 494 535 413 198 418 435 454
415 568 382 466 411 474 359 367 540 478 429 562 407 426 546 455 435 551 504 539 403 490 522 369 405 419 433 389 356 491 470 521 354 494 531 385 472 390 502 454 349 533 379 350 481 554 424 516 499 534 501 447 381 571 541 476 564 396 477 486 529 364 393 532 446 357 505 509 469 34 485 351 399 440 498 420 459 441 548 530 198 173 358 418 467 462 572 536 518 377 488 361 528 510 355 555 519 375 557 386 468
416 365 562 449 453 443 543 498 411 464 466 396 468 552 499 489 34 448 478 384 379 529 481 485 429 437 470 355 532 383 349 480 173 427 530 433 403 348 447 410 397 454 359 531 198 367 490 504 364 426 399 356 358 372 351 558 555 548 572 406 467 413 361 564 519 528 549 441 386 369 547 496 350 401 377 405 407 501 568 463 382 474 450 491 477 534 380 393 522 508 362 565 446 476 422 440 535 390 539 442 462
417 562 455 466 489 424 468 568 453 379 361 429 522 359 485 443 481 393 34 499 380 377 450 383 396 403 437 501 433 529 470 407 369 459 549 354 399 477 173 498 486 564 411 551 528 406 348 504 546 454 441 351 554 405 547 382 198 390 381 447 476 530 355 518 426 358 386 491 509 410 519 531 397 364 427 356 572 516 367 389 469 467 474 401 502 555 543 435 457 357 510 532 539 571 462 442 557 521 372 505 480
418 440 379 447 499 498 390 358 380 467 572 502 349 386 427 437 401 351 454 371 364 476 462 464 424 491 406 375 532 411 468 448 509 486 457 453 381 348 356 377 487 173 352 551 384 383 393 511 564 441 472 558 409 473 459 516 539 435 443 362 505 495 198 501 536 554 413 389 353 562 540 508 552 446 445 549 563 394 449 34 399 490 533 526 365 368 385 369 407 423 512 518 493 404 451 372 415 545 477 442 571
419 489 466 529 429 522 568 543 562 504 502 481 531 519 406 355 396 365 449 407 359 443 530 361 478 547 372 379 480 453 433 549 470 534 415 498 455 382 437 377 468 454 528 427 441 464 552 383 411 351 571 510 539 508 349 491 570 558 198 403 490 448 390 532 535 572 34 354 458 410 358 384 541 499 476 173 362 463 501 474 393 467 386 440 399 557 515 413 401 555 450 434 418 444 546 548 447 387 367 473 356
420 543 562 377 441 372 396 531 481 362 529 349 530 429 369 361 454 466 509 383 476 359 382 406 421 474 449 433 568 357 468 485 499 440 558 501 442 380 393 358 364 464 552 411 549 379 351 384 389 522 422 437 173 532 34 435 546 450 459 447 198 534 467 350 478 489 448 572 375 415 410 413 490 390 519 407 541 508 371 443 547 521 518 536 355 528 564 397 548 516 453 557 539 360 498 381 457 504 424 554 462
421 34 403 173 489 478 405 359 476 501 434 433 470 365 549 396 355 546 571 552 480 384 510 198 568 393 464 349 474 385 379 534 426 377 354 371 564 555 427 420 502 407 364 522 521 565 519 422 442 351 358 450 367 458 454 547 562 452 467 490 448 406 437 409 435 482 412 399 410 382 488 532 350 390 430 441 383 541 459 536 414 494 553 572 386 369 375 368 401 567 455 447 551 538 508 518 548 569 533 498 352
422 448 380 521 383 518 554 467 528 443 433 471 437 453 407 499 369 465 371 532 498 426 509 569 375 540 447 508 409 462 379 381 478 572 413 487 477 451 505 526 350 390 469 421 349 458 385 459 446 378 473 454 357 556 420 529 485 434 563 386 457 430 424 482 358 411 400 533 384 539 34 406 488 377 366 398 364 472 542 537 173 484 401 516 445 496 356 389 352 435 351 494 512 549 392 511 427 535 408 405 388
423 531 481 485 477 522 427 546 449 396 502 429 382 466 529 539 367 403 498 504 383 356 568 406 372 377 433 519 562 442 499 474 571 557 369 530 407 390 354 543 355 489 411 455 486 437 470 518 448 453 555 418 464 478 397 447 358 349 405 532 547 361 552 380 173 401 467 443 572 549 468 410 490 386 480 357 528 570 450 422 379 548 421 458 426 198 510 452 384 491 359 554 393 424 521 462 399 534 457 413 535
424 512 463 534 530 520 440 519 478 568 355 470 529 365 361 452 489 500 359 449 434 446 444 403 490 481 405 523 450 410 408 417 557 390 395 418 402 480 560 549 535 526 412 504 460 354 372 482 409 394 445 432 400 510 545 553 508 488 465 531 507 522 495 537 473 515 496 514 425 528 536 556 396 494 555 415 429 413 559 407 360 451 466 493 353 375 426 562 521 458 548 547 565 462 506 384 544 422 387 491 484
425 359 466 562 522 568 429 377 519 539 547 501 454 530 489 351 564 406 504 468 447 393 399 358 470 383 372 557 34 396 356 382 348 531 571 198 529 502 474 364 441 546 361 350 173 424 450 481 369 449 526 411 555 384 499 410 476 407 541 548 426 437 354 390 379 452 467 445 535 549 380 435 480 532 572 490 500 552 405 463 472 540 462 487 533 493 385 404 381 464 518 554 403 453 397 362 386 367 516 422 433
426 386 406 379 401 491 532 548 571 383 572 349 377 371 352 462 361 499 382 387 558 415 468 358 502 474 508 498 375 467 473 446 530 421 443 422 526 534 478 549 437 570 493 394 410 404 411 359 372 390 496 173 481 523 512 482 385 560 488 447 536 391 505 494 535 457 34 416 428 476 388 424 436 380 453 425 454 441 470 396 459 451 556 519 533 450 434 400 445 409 555 562 495 365 551 489 487 472 539 427 389
427 354 474 496 368 458 557 375 409 382 450 548 488 418 482 411 445 361 363 478 521 471 410 538 533 515 466 539 568 494 446 448 366 553 472 385 513 423 388 404 452 397 379 394 491 560 463 398 536 565 416 421 489 490 465 504 531 475 440 544 512 419 438 555 431 352 495 487 403 444 541 406 510 485 500 359 514 503 362 402 507 439 355 537 498 505 570 395 383 367 561 374 429 547 400 481 484 556 483 511 376
428 406 383 377 474 411 498 449 356 466 448 521 518 529 354 433 390 554 532 379 380 504 364 509 499 407 396 447 539 477 429 485 455 403 382 551 358 351 426 350 541 441 443 198 453 501 564 450 435 548 386 457 468 571 369 381 357 348 505 355 516 528 424 437 401 399 472 397 557 510 459 476 543 502 393 519 481 533 572 531 469 372 546 494 522 440 446 452 489 367 418 454 491 562 547 486 490 359 555 375 451
429 540 494 419 465 497 425 559 387 448 511 536 435 462 534 380 505 431 469 457 556 542 495 445 535 353 370 461 388 349 492 389 408 436 478 523 173 415 488 518 484 458 473 420 456 526 366 395 373 496 394 414 416 371 471 491 375 459 439 409 417 512 378 520 515 423 552 493 509 506 482 538 551 368 516 400 510 513 434 440 554 365 483 413 428 352 537 384 566 553 424 567 451 381 480 362 403 571 406 524 464
430 351 562 406 474 379 361 411 498 491 539 481 377 543 441 359 532 449 396 383 530 437 454 502 547 403 468 476 393 390 386 489 198 531 410 365 499 382 448 364 443 564 519 380 535 372 495 485 453 399 413 521 358 355 501 407 421 466 470 447 422 429 558 529 467 570 464 572 552 367 401 369 356 360 463 504 490 546 384 548 528 362 440 371 433 472 349 540 450 510 508 522 445 173 34 424 354 350 442 557 415
431 562 531 429 504 529 485 466 369 380 489 433 481 543 568 510 477 518 541 357 447 390 522 455 530 372 427 407 361 442 449 396 377 571 382 450 383 528 358 448 173 470 457 549 509 490 469 459 554 435 359 403 502 355 539 546 389 453 551 365 464 379 443 411 397 348 547 480 356 421 555 454 354 498 441 406 381 198 351 499 552 505 486 367 516 393 410 521 468 384 424 564 519 405 478 364 491 401 349 476 548
432 390 383 491 369 447 467 437 539 379 424 372 433 480 399 454 381 502 505 487 509 457 532 406 349 551 477 564 450 501 474 403 358 364 531 486 476 459 442 411 445 554 543 354 572 385 522 449 498 485 499 357 377 34 530 198 375 516 558 518 490 562 393 453 407 429 448 440 348 351 441 413 466 173 352 380 478 468 389 549 382 464 356 421 470 365 386 362 415 528 443 384 481 355 547 568 361 512 410 552 473
433 34 463 539 394 352 375 173 465 371 421 368 362 535 438 500 542 460 474 558 404 487 472 462 422 408 452 445 495 414 536 530 493 526 571 523 503 556 431 409 392 446 419 356 390 533 361 376 570 537 428 483 400 470 468 475 450 432 415 502 382 398 560 489 353 507 410 491 388 567 365 416 512 420 363 557 547 524 482 479 538 395 540 451 444 383 413 566 511 520 497 436 366 545 423 515 481 508 372 387 417
434 455 397 543 466 529 421 386 424 198 364 381 477 498 564 411 377 468 441 401 365 572 532 453 472 522 406 467 449 463 358 443 499 504 457 533 356 399 521 501 396 384 382 516 486 541 429 464 369 489 535 474 491 351 462 383 481 393 509 539 437 469 448 375 562 435 554 359 403 568 357 422 426 551 361 547 555 371 531 505 450 510 379 485 354 558 380 571 536 476 552 447 427 452 548 372 540 473 454 419 451
435 361 530 387 410 536 463 355 556 526 398 383 570 478 359 406 390 539 429 444 377 547 481 462 535 413 353 507 519 396 372 408 490 489 466 522 517 438 404 548 452 520 491 508 415 382 440 498 534 515 367 352 558 482 474 514 376 529 512 531 354 557 565 473 379 487 446 450 445 386 349 366 388 458 365 418 500 412 375 360 451 538 555 502 568 562 525 504 363 495 421 403 521 362 394 532 544 373 434 428 371
436 393 429 466 390 529 531 369 364 562 372 539 399 441 407 564 450 477 485 396 198 501 397 504 449 411 549 433 486 457 481 357 426 491 380 476 571 442 543 427 541 498 403 381 499 356 551 518 509 354 510 447 554 468 453 386 401 377 424 361 532 474 452 443 410 448 522 519 521 459 379 516 489 382 530 422 455 359 421 480 569 505 437 555 389 435 351 367 547 365 173 467 572 470 502 458 490 558 358 406 405
437 534 405 490 458 418 530 546 508 382 402 410 354 511 555 557 478 521 570 558 422 403 541 548 465 568 359 544 372 451 556 523 432 439 375 430 416 482 495 426 485 450 397 361 510 560 374 419 362 494 444 496 531 545 367 565 363 409 547 371 543 473 474 527 445 421 480 489 349 408 434 425 417 350 463 488 391 420 376 535 471 470 455 492 423 513 414 461 533 475 472 442 567 438 561 460 504 388 407 542 396
438 562 477 433 470 485 549 466 435 369 384 541 531 568 454 390 357 427 350 569 173 464 499 447 528 518 377 481 529 358 354 364 522 509 552 429 405 351 383 457 393 455 459 437 502 486 379 380 516 407 501 426 480 468 532 34 359 547 450 504 198 372 424 399 543 441 411 382 505 389 361 449 530 572 442 563 469 381 551 554 546 403 467 476 453 571 443 489 396 448 490 564 519 458 521 498 386 539 452 349 535
439 522 562 34 529 449 377 359 530 481 437 173 568 450 429 480 468 358 502 466 549 543 453 539 383 546 385 406 348 499 427 447 198 454 572 441 393 470 467 501 448 531 504 372 564 474 476 390 399 433 455 407 443 351 478 464 396 405 532 379 367 440 361 364 410 365 498 349 424 452 422 541 540 508 512 552 528 489 389 548 414 384 535 418 401 356 571 415 509 381 386 354 371 409 558 355 382 554 521 495 357
440 470 403 369 382 477 489 380 418 530 359 396 424 457 442 518 568 450 485 354 554 361 547 522 531 490 555 469 557 502 558 410 455 401 474 386 381 405 562 407 452 435 510 486 481 529 516 357 376 459 519 362 501 427 397 372 367 570 535 505 509 429 451 539 458 377 521 420 463 383 393 528 546 355 399 350 433 551 389 504 548 360 441 491 371 553 569 384 446 415 564 390 466 541 552 533 387 432 549 532 406
441 405 478 568 534 490 522 502 420 508 480 545 430 563 371 546 378 434 531 494 436 519 425 458 397 418 566 533 388 419 367 354 449 493 570 491 462 471 373 455 403 528 444 536 387 365 470 428 439 510 400 426 543 451 421 460 511 412 350 561 569 567 416 555 369 409 402 440 517 496 442 448 523 414 415 472 407 525 513 433 385 446 539 398 360 417 527 541 395 482 372 413 560 384 432 504 524 497 353 438 547
442 448 440 540 377 571 458 562 403 354 411 472 536 530 404 515 474 470 533 556 496 465 560 519 34 535 445 356 406 371 471 479 473 498 553 446 409 542 517 538 353 489 361 359 421 541 420 396 383 462 431 511 557 468 394 355 366 423 512 410 493 368 432 372 478 488 450 436 569 482 537 437 548 367 484 386 351 494 358 363 441 449 352 408 447 384 454 487 401 564 443 500 463 173 392 466 413 382 418 547 374
443 534 530 494 405 375 350 478 458 480 416 382 465 523 495 359 489 482 403 368 546 419 500 422 558 531 484 412 555 568 493 384 362 367 561 408 426 361 556 560 497 511 445 547 434 414 488 444 490 352 392 570 404 544 417 430 485 522 487 450 492 496 388 397 363 506 418 374 541 474 409 508 557 527 460 376 461 552 473 565 512 519 553 428 360 521 354 369 391 537 372 548 433 407 503 385 451 371 545 567 542
444 562 470 405 369 435 390 571 380 459 424 34 518 490 485 551 351 474 393 359 384 453 381 501 569 450 467 519 361 510 522 499 498 443 552 437 541 554 516 468 477 173 364 572 489 549 198 399 532 433 457 427 382 403 568 464 441 407 469 478 547 386 357 548 466 502 476 371 505 401 546 481 350 396 564 454 367 358 462 455 486 529 355 377 410 491 349 379 429 555 539 389 536 385 528 521 509 426 419 446 458
445 568 455 369 522 466 541 543 407 427 470 429 485 478 377 173 34 562 454 433 563 534 406 529 510 474 546 383 481 549 424 539 443 405 571 449 490 442 499 533 480 532 472 458 435 459 469 486 349 367 504 521 518 350 382 468 476 498 453 509 403 491 437 396 355 551 477 528 432 531 418 552 519 359 381 572 356 411 555 494 425 426 489 397 385 502 361 554 516 358 380 379 389 384 399 354 530 422 467 464 357
446 173 383 454 377 380 571 549 369 34 424 348 384 551 449 510 486 477 516 427 389 543 570 433 349 447 509 426 407 541 552 464 357 457 358 406 356 485 528 442 399 435 562 466 198 563 354 351 411 393 350 558 365 568 505 476 470 501 469 508 455 381 564 489 534 362 422 459 521 535 371 518 546 382 387 397 418 379 554 448 415 480 472 364 429 478 533 372 531 569 529 440 441 467 360 468 523 495 511 405 403
447 405 418 534 371 568 471 478 566 492 545 536 561 425 402 522 432 355 496 446 544 378 388 368 458 523 363 557 422 542 555 553 519 490 410 455 452 460 520 431 465 395 560 480 350 497 416 373 488 543 489 403 428 426 514 546 414 570 415 439 495 494 526 475 438 374 565 456 524 513 537 413 392 400 493 511 367 567 558 353 531 397 485 430 366 515 510 508 569 361 530 420 538 384 507 506 372 387 370 563 442
448 568 455 526 352 534 422 478 442 405 543 429 359 507 375 539 451 480 522 510 350 476 540 549 449 536 552 504 384 531 361 428 562 481 511 397 418 427 416 470 407 557 487 502 493 383 546 563 414 530 565 512 523 454 396 494 466 355 564 430 503 377 369 408 555 516 464 477 400 399 364 541 403 367 421 485 529 363 569 496 360 419 547 434 382 34 545 431 537 353 446 173 402 439 393 387 423 486 566 490 521
449 405 371 490 361 359 486 450 478 491 452 366 416 376 521 354 380 537 568 492 502 542 388 412 428 553 535 398 448 489 419 424 439 368 394 539 369 512 446 349 378 471 519 482 475 560 390 494 430 385 381 559 409 531 538 458 423 353 434 534 496 569 372 382 391 445 375 554 410 362 403 469 527 465 374 557 392 473 363 511 406 420 463 413 468 462 547 530 526 561 460 393 436 441 505 425 479 389 571 400 567
450 541 462 449 384 380 558 534 571 540 440 427 371 552 398 374 369 543 365 464 468 467 357 480 485 424 520 518 469 387 528 454 563 516 523 407 477 572 486 478 536 439 554 444 551 433 34 408 375 457 437 453 459 488 508 414 494 381 435 436 511 556 349 425 443 498 559 406 409 472 495 451 401 421 512 350 432 386 533 553 385 417 378 570 173 482 394 431 545 428 565 513 521 456 496 566 351 532 379 442 460
451 568 522 562 448 531 411 359 369 491 34 361 481 474 355 530 485 498 489 468 470 519 413 437 546 405 173 354 389 362 555 464 499 410 529 547 377 453 551 403 422 384 462 396 478 433 509 510 490 440 383 450 393 552 429 469 435 543 516 467 424 358 454 356 406 367 350 382 572 426 441 449 379 486 505 536 443 565 399 501 397 532 502 380 455 407 528 364 385 372 198 466 351 539 459 540 418 371 357 427 554
452 518 516 480 459 357 449 551 369 509 485 468 486 424 380 543 477 454 381 554 433 457 389 563 528 435 440 505 469 405 541 478 427 365 386 407 533 384 508 447 356 467 558 173 532 401 34 464 472 397 379 411 453 421 385 569 572 499 349 406 498 540 502 425 510 413 495 473 490 399 568 534 552 494 358 487 535 443 364 434 362 539 536 437 351 436 556 426 466 565 387 455 352 483 511 375 479 522 462 451 476
453 530 534 405 375 494 458 478 416 350 403 523 488 359 556 500 568 482 480 465 553 489 546 497 422 511 555 382 374 418 561 419 493 367 558 444 560 547 484 557 490 474 544 434 368 531 495 527 376 417 410 541 354 545 548 450 412 408 492 451 388 362 392 496 439 352 395 570 506 461 384 361 522 452 430 463 409 396 539 479 385 445 519 542 428 371 363 426 567 460 510 471 524 508 397 404 391 504 470 538 407
454 536 502 494 409 539 522 504 491 446 458 375 371 490 462 425 493 521 510 544 368 418 558 452 561 394 405 445 503 545 450 480 492 438 378 475 395 420 570 398 430 460 388 520 367 372 512 396 400 519 412 391 448 535 419 415 390 471 432 553 416 548 482 365 362 387 566 360 421 560 526 568 373 517 376 439 451 455 403 497 407 538 422 531 359 542 353 569 426 470 397 463 487 352 374 495 479 555 444 530 355
455 349 448 394 445 387 434 536 461 413 353 462 417 356 535 377 556 491 488 365 526 440 473 386 34 391 542 508 505 534 411 173 415 499 383 401 408 476 366 518 414 419 540 352 511 495 457 447 478 551 468 498 431 362 388 406 385 446 469 532 487 428 441 515 571 472 533 454 465 404 523 371 381 558 490 548 460 567 467 560 395 544 559 389 427 423 437 375 509 358 380 368 424 497 438 464 451 456 519 479 552
456 562 390 377 529 470 539 383 474 481 466 429 531 399 361 504 34 480 489 367 359 364 447 530 519 372 410 354 450 522 502 393 543 406 455 396 468 449 382 564 351 198 546 548 433 501 403 407 453 358 568 491 490 476 369 427 547 454 405 571 441 365 397 443 173 355 379 485 442 499 528 521 555 518 380 464 349 435 510 411 557 477 421 459 384 457 452 551 532 463 516 549 437 381 505 572 554 552 424 486 413
457 359 522 530 539 396 410 463 568 555 355 512 440 490 519 548 515 489 478 429 361 491 502 403 367 557 470 458 534 452 510 474 418 529 475 488 494 556 407 408 412 547 560 520 446 398 466 450 371 434 354 496 523 409 531 455 508 372 365 479 481 535 382 444 517 366 432 353 521 390 426 565 562 537 495 436 404 493 362 538 514 413 543 405 376 460 500 511 507 431 462 422 428 34 402 482 549 368 394 438 392
458 386 401 173 379 427 406 364 468 34 464 552 572 383 532 453 467 454 443 356 529 437 442 411 476 369 351 399 352 393 384 377 564 499 457 405 462 408 198 429 541 358 498 568 530 449 371 447 486 501 563 571 381 487 535 516 558 441 445 435 505 511 481 440 549 365 504 495 421 422 375 531 562 474 472 526 380 413 357 424 387 466 459 469 508 419 493 372 480 551 533 455 518 554 398 451 509 540 569 543 539
459 530 359 410 361 489 519 463 452 526 547 382 354 481 396 535 512 470 473 372 558 536 556 557 548 444 387 398 490 555 491 367 355 462 514 404 376 520 539 570 511 406 408 515 537 429 478 500 474 365 450 502 531 440 412 413 475 409 385 538 445 418 353 402 403 368 422 377 446 352 522 466 521 432 395 405 373 562 568 426 492 458 517 565 495 529 487 465 488 431 417 542 420 504 534 460 421 438 507 560 461
460 407 499 466 562 364 433 568 369 406 351 377 403 424 399 476 454 564 490 386 505 447 501 474 383 546 522 528 491 449 390 502 198 472 405 379 350 397 554 411 468 356 443 510 485 401 548 551 532 429 453 455 358 504 457 477 441 541 450 381 530 367 459 539 469 571 437 393 481 533 173 380 529 516 354 543 572 498 359 518 427 549 352 480 357 467 389 442 420 426 387 478 361 435 519 552 536 462 34 396 384
461 455 485 477 466 429 562 529 411 372 468 453 357 379 443 531 397 349 530 518 498 427 499 433 437 486 571 380 478 509 522 459 568 543 377 359 407 435 516 539 532 403 361 356 504 383 541 470 563 549 390 393 572 519 382 173 554 449 358 405 457 389 502 406 401 489 354 467 469 396 424 447 480 399 462 386 546 369 505 551 450 481 381 464 564 528 454 367 441 472 458 410 198 533 501 421 34 569 474 440 355
462 383 485 450 518 382 531 407 429 530 369 546 541 402 435 455 454 568 384 563 534 562 380 474 413 426 480 504 403 365 410 357 360 478 377 433 551 372 558 418 469 458 552 459 466 397 464 389 481 543 571 509 557 495 359 529 405 354 350 470 489 364 385 508 490 422 396 399 528 362 554 451 476 501 449 516 510 555 441 349 521 434 361 442 472 351 522 564 553 507 477 547 569 565 544 519 34 533 570 463 457
463 369 433 435 459 424 516 554 457 389 486 380 518 563 407 381 379 357 502 551 349 469 384 534 434 552 541 511 508 427 505 449 411 499 571 464 440 536 386 528 409 401 453 358 478 350 467 476 468 490 477 437 509 399 462 356 406 543 454 494 488 352 394 549 532 504 472 430 419 425 572 480 173 375 537 442 429 416 487 501 498 426 540 529 365 447 393 443 485 533 400 368 539 496 569 521 484 455 493 364 391
464 569 458 411 557 539 382 474 502 354 496 409 521 379 494 505 491 482 366 450 416 390 466 388 418 551 490 421 462 400 404 568 548 488 375 544 446 498 514 405 536 394 553 478 451 363 410 471 522 526 515 537 353 352 349 541 533 419 406 434 529 368 367 452 487 448 463 556 469 444 540 438 385 376 429 420 472 511 512 513 493 503 481 402 361 547 465 566 555 523 398 545 531 430 538 396 455 356 423 560 509
465 466 562 429 531 365 433 481 529 443 369 504 453 396 532 522 470 543 349 437 485 486 549 474 508 422 499 173 379 442 528 546 490 407 467 572 449 424 468 411 427 447 381 498 568 382 502 357 361 518 555 372 359 554 405 455 406 519 380 358 552 489 403 464 459 355 386 477 539 34 551 521 480 401 501 478 534 547 350 457 356 448 367 389 393 571 530 476 384 454 505 435 354 198 491 510 440 441 516 410 462
466 540 387 465 419 425 534 494 388 491 353 495 414 556 349 445 460 536 373 559 415 434 542 366 492 461 360 511 508 173 417 523 435 370 428 438 416 464 368 413 431 545 535 567 552 469 487 389 497 378 558 478 496 462 427 456 384 436 375 490 526 515 394 371 484 537 505 420 520 362 391 380 482 473 457 409 488 544 352 400 563 518 395 439 446 423 448 402 527 34 480 408 516 513 524 554 566 424 551 459 548
467 534 530 410 403 557 458 354 418 405 359 490 546 478 450 422 539 555 541 547 523 432 426 568 372 508 470 434 444 504 465 521 382 531 558 375 361 570 452 383 350 543 485 384 451 421 545 489 519 507 402 397 562 463 474 522 556 480 511 455 374 416 396 475 439 425 388 430 349 565 548 408 420 544 34 497 553 409 355 496 429 376 494 473 552 472 445 367 464 419 415 560 510 563 423 561 446 567 471 481 360
468 534 523 350 375 544 530 458 405 494 546 568 478 382 452 368 490 531 409 410 388 484 556 412 489 450 480 395 425 492 354 416 506 497 570 555 451 426 417 561 374 418 434 482 510 352 553 567 408 504 493 363 527 433 471 547 430 397 500 503 407 522 565 508 465 439 545 511 384 461 419 376 455 488 444 528 487 402 449 420 558 495 360 548 519 355 474 536 460 512 445 496 514 442 403 463 392 414 521 378 524
469 489 359 365 530 396 519 429 372 470 490 539 558 390 407 410 406 481 440 536 462 466 450 511 502 529 463 491 452 549 547 540 531 355 522 387 568 473 515 449 548 570 384 475 403 445 34 498 495 474 354 446 422 362 385 455 534 377 451 464 557 404 367 360 478 383 480 444 552 352 562 507 512 434 508 388 361 173 487 560 538 546 353 458 500 356 431 376 351 415 460 504 427 521 571 555 496 543 412 535 408
470 440 375 533 380 472 406 444 486 356 558 563 357 459 554 389 411 469 424 487 494 567 378 369 421 541 445 537 551 569 456 492 488 520 511 523 457 438 516 518 517 391 425 495 465 400 408 525 352 505 536 451 509 477 385 502 442 448 544 381 467 387 373 416 433 383 419 404 462 473 415 379 538 476 398 371 368 524 362 485 540 388 498 413 446 564 360 503 395 366 471 363 566 499 542 493 528 556 401 572 353
471 562 396 530 365 481 377 447 474 379 406 427 543 422 372 449 383 369 382 480 519 429 547 468 358 349 442 173 464 558 549 34 454 405 470 489 361 441 531 386 501 476 522 532 546 555 495 466 453 552 403 437 529 356 359 499 518 557 410 435 486 364 478 401 443 411 450 521 362 490 539 564 198 572 504 399 548 390 351 467 393 505 384 488 571 380 424 508 534 415 357 502 413 509 389 556 452 459 457 352 498
472 562 470 534 405 478 530 355 522 546 568 349 361 521 490 442 474 359 433 512 535 371 504 362 563 508 427 403 434 369 357 539 565 510 481 519 445 544 415 488 557 396 34 548 536 390 418 407 545 413 450 502 375 515 547 452 482 460 526 360 529 499 552 458 455 462 571 372 384 473 491 464 382 528 354 570 367 511 531 572 560 543 476 507 446 352 480 389 555 485 437 365 466 496 569 404 385 426 410 422 463
473 504 459 474 377 369 455 522 429 502 426 486 568 534 407 562 498 466 469 470 477 442 435 449 383 424 529 359 543 528 516 533 554 403 418 505 532 531 381 372 499 478 356 443 437 472 422 397 485 476 480 367 539 564 357 563 399 433 396 350 521 364 411 490 452 468 450 453 551 510 379 457 393 354 389 540 447 509 386 349 572 467 406 501 546 361 434 401 481 571 380 198 530 518 508 355 390 173 358 382 441
474 549 558 173 427 365 428 541 407 533 535 563 384 477 480 464 473 413 415 430 369 526 471 387 462 380 350 472 433 357 34 552 543 561 451 394 456 375 486 440 496 457 554 442 444 426 362 465 421 445 494 425 453 389 402 356 540 409 435 567 371 459 536 528 381 551 569 512 520 460 506 420 482 392 505 404 408 537 571 469 545 495 509 513 484 510 434 468 443 560 458 432 400 385 479 437 498 516 485 467 538
475 357 518 516 541 449 457 454 433 551 377 383 469 386 459 427 509 477 480 562 406 401 554 447 485 173 380 405 397 379 34 532 467 468 381 499 389 369 572 543 437 486 549 351 563 453 364 533 384 411 529 375 464 505 393 424 568 466 501 435 564 530 498 429 552 571 372 361 558 478 443 349 441 476 399 510 494 536 528 356 198 387 455 448 426 358 472 508 535 407 421 522 440 462 534 365 422 362 416 415 495
476 568 522 405 502 478 372 421 531 490 519 534 403 458 448 371 418 566 361 530 546 359 455 367 547 460 555 420 539 430 533 412 354 569 545 470 397 382 570 446 462 500 378 535 445 425 463 415 494 432 553 426 471 563 473 543 508 396 410 558 561 444 436 472 481 373 439 560 419 400 536 353 355 480 565 434 491 496 394 489 492 404 466 428 456 557 413 465 395 537 417 374 451 504 477 493 567 350 362 510 541
477 410 490 530 440 368 34 359 519 536 548 365 409 491 556 502 438 515 512 474 396 493 173 382 461 488 377 452 434 510 423 539 371 537 479 514 555 504 390 470 549 446 521 375 366 408 517 407 450 497 352 558 353 562 391 412 520 547 473 431 484 398 355 528 511 422 436 444 395 482 492 475 361 428 394 489 526 480 448 387 508 432 388 487 535 494 403 367 545 372 496 463 538 445 415 462 524 567 560 553 404
478 399 393 501 198 441 364 564 377 533 529 356 486 476 406 380 536 549 449 495 448 369 421 435 472 558 453 572 424 381 362 468 443 457 498 447 358 173 499 390 411 427 386 445 467 539 551 532 407 437 429 521 415 372 348 462 401 510 419 516 509 466 416 569 397 379 351 494 535 450 382 352 34 452 409 426 459 464 512 375 384 422 545 455 354 413 570 371 487 451 519 554 403 389 473 383 469 463 540 444 548
479 485 380 477 543 490 554 568 442 369 518 382 383 530 457 489 433 449 361 377 539 453 367 474 531 410 504 510 486 529 502 499 372 522 407 491 435 547 357 397 450 454 571 478 381 455 546 359 480 528 541 429 447 365 424 509 563 551 481 532 411 396 355 562 443 390 498 399 466 351 354 469 406 356 557 459 468 358 516 437 198 569 555 441 505 534 452 421 388 389 393 570 427 470 418 401 564 446 426 173 472
480 411 359 498 383 452 361 491 406 521 356 398 377 539 380 354 568 571 443 379 474 532 448 366 390 489 511 547 462 441 376 375 502 393 526 468 453 450 388 499 348 421 490 394 512 371 454 424 527 419 501 488 471 409 368 405 503 351 352 496 386 554 517 401 382 538 432 486 542 445 439 416 367 569 481 198 410 447 358 556 522 494 466 475 399 541 477 530 523 395 537 429 369 559 456 408 529 372 353 404 519
481 540 554 459 496 389 380 559 551 505 516 471 508 435 378 381 465 349 423 387 419 420 407 509 424 409 469 430 368 451 408 556 456 537 404 357 448 527 536 353 462 431 416 439 356 533 400 440 369 445 494 518 511 486 538 371 472 571 513 525 524 394 480 384 426 567 365 425 495 411 457 417 458 391 487 415 526 352 482 534 362 563 436 375 434 523 433 493 569 427 492 173 438 484 521 512 464 498 468 488 444
482 377 383 406 386 401 499 552 384 427 382 543 464 453 443 563 531 449 498 468 504 424 562 437 529 379 356 435 568 509 359 466 411 396 429 474 426 546 389 477 433 372 357 397 522 350 454 519 533 407 410 472 481 532 530 369 547 405 489 450 361 421 354 572 364 442 470 516 457 502 539 528 367 422 518 485 491 173 403 508 393 490 381 480 351 441 551 380 469 521 467 459 571 349 534 541 447 501 387 486 549
483 379 372 433 406 543 429 349 486 504 466 411 427 382 365 529 470 390 407 383 491 356 377 571 549 477 562 528 369 448 499 498 450 453 464 424 403 443 380 393 381 401 405 452 457 485 554 354 447 572 531 551 474 532 396 521 358 490 442 437 173 510 399 386 530 449 451 455 518 552 564 364 467 198 469 454 462 505 508 357 519 426 361 440 502 480 522 410 476 489 468 509 539 459 384 501 534 435 355 351 516
484 372 468 406 498 411 379 485 429 443 403 489 531 369 453 466 499 477 380 543 407 397 562 401 377 529 474 390 396 486 383 386 532 571 356 427 481 413 358 510 504 367 509 393 424 522 470 516 518 442 572 554 455 433 449 448 422 539 447 502 435 361 457 354 530 558 469 491 399 551 381 34 547 382 410 359 437 541 546 467 351 557 568 464 355 454 441 501 421 198 463 495 490 459 528 173 357 564 535 450 552
485 365 493 368 494 409 491 462 173 502 398 537 536 390 556 549 526 512 34 406 567 352 440 375 517 521 539 452 408 479 431 530 404 461 490 423 377 353 359 445 394 538 503 379 487 438 450 400 495 371 396 511 451 560 492 385 535 484 444 412 465 548 520 416 540 559 514 572 558 387 358 437 388 372 569 446 391 410 417 436 366 525 470 395 443 562 420 488 392 533 510 427 497 428 362 506 430 467 460 448 504
486 530 359 489 478 449 519 470 410 403 463 355 557 396 452 367 534 555 526 508 361 385 520 547 556 474 562 515 446 548 491 465 418 405 490 504 473 450 440 488 409 535 458 372 481 408 353 390 480 522 350 512 566 529 568 434 395 445 537 387 402 521 398 493 404 528 392 407 510 558 484 483 436 511 366 549 523 500 400 382 432 538 496 514 545 391 365 415 429 502 479 540 352 507 546 451 423 539 461 559 448
487 541 377 470 534 562 383 568 510 485 531 504 433 403 466 543 349 359 380 571 448 546 489 354 557 418 361 458 508 396 435 518 422 528 405 468 443 478 427 481 464 432 552 34 393 406 372 530 455 367 477 384 407 382 569 549 521 509 469 358 480 397 533 411 459 554 449 410 454 563 429 522 486 424 452 426 547 379 381 442 498 409 570 425 529 555 463 173 472 501 371 356 434 351 558 519 355 441 457 490 387
488 383 562 529 377 509 453 427 477 356 516 173 470 406 455 429 480 397 457 464 568 486 543 381 551 466 361 424 450 498 443 34 390 369 531 472 468 539 447 384 426 485 354 411 563 405 533 380 535 449 421 379 558 504 437 571 442 505 481 540 351 459 549 463 552 362 554 522 407 422 364 386 532 435 546 399 198 365 415 358 564 393 403 401 396 357 350 518 413 471 547 360 569 502 454 440 499 371 555 372 521
489 554 419 469 486 459 440 509 421 516 381 551 563 505 457 569 480 375 349 357 409 369 449 425 424 541 365 435 443 468 389 385 559 540 453 417 536 508 451 416 400 431 484 407 494 394 378 502 512 487 371 511 391 462 433 543 380 430 427 561 534 404 517 447 479 499 444 442 545 498 493 477 434 525 414 34 528 471 446 532 518 456 374 352 408 523 467 482 496 492 526 538 398 490 383 437 353 173 521 558 465
490 477 383 449 357 505 516 441 529 406 551 533 501 377 351 564 198 457 393 381 399 494 476 437 571 409 541 454 371 469 352 558 485 468 435 467 472 364 554 440 509 424 459 401 389 444 532 386 404 397 543 560 480 356 408 464 466 572 495 380 535 486 415 453 394 498 375 479 387 520 508 34 465 384 460 518 445 385 521 447 462 443 414 427 173 565 540 563 503 451 552 416 499 411 421 350 536 368 544 489 463
491 485 480 384 466 426 449 454 477 357 518 529 541 173 509 34 351 380 563 457 432 369 397 528 464 430 350 451 389 459 455 546 383 381 552 418 543 371 486 516 435 198 469 377 429 554 375 495 427 535 415 564 505 433 503 460 558 414 569 549 441 526 434 393 533 394 522 372 568 419 501 404 445 472 392 364 436 538 536 356 551 497 492 409 358 399 540 479 424 482 489 440 571 407 481 560 483 570 406 385 362
492 562 449 571 466 470 429 447 468 541 377 518 485 543 383 382 454 529 403 358 531 453 348 549 477 364 443 407 411 372 498 568 379 359 369 489 406 516 501 397 481 459 380 427 437 491 356 351 393 433 528 435 198 457 424 384 546 474 464 551 476 396 357 173 381 499 399 361 530 455 365 504 557 509 386 405 410 390 519 547 440 441 532 422 522 552 521 472 564 502 401 510 450 533 367 389 563 486 478 539 505
493 485 562 477 571 380 454 372 382 351 433 365 518 543 443 453 403 554 468 448 410 396 498 399 426 354 551 383 369 429 198 531 407 489 441 486 356 470 424 564 457 529 405 466 447 481 464 442 393 361 379 381 359 458 411 510 358 427 519 541 384 555 364 509 413 478 535 504 397 530 418 435 34 546 552 406 355 385 568 425 377 357 547 472 349 469 476 459 528 501 480 521 367 499 532 474 490 557 173 563 533
494 562 485 454 429 443 466 543 351 530 372 529 453 365 468 502 490 564 382 410 198 399 470 552 531 34 555 403 464 377 571 393 359 173 384 390 547 348 546 427 361 449 489 457 498 474 441 519 478 379 481 364 358 369 380 499 504 501 450 396 437 522 415 448 548 355 518 480 424 554 349 426 356 528 447 477 413 383 570 568 551 476 405 357 397 535 534 463 445 557 381 401 452 421 508 442 362 541 509 472 523
495 562 478 502 466 541 529 504 539 367 534 429 443 405 359 407 499 485 411 470 433 377 490 355 522 382 403 568 453 396 437 462 354 505 491 383 361 410 455 389 424 563 571 173 390 518 34 528 481 519 469 427 554 474 468 450 357 498 349 418 458 430 447 457 385 530 435 555 551 569 471 531 459 546 452 381 477 548 454 532 426 397 549 547 489 384 516 369 449 565 401 464 509 536 526 472 552 533 358 446 442
496 427 562 386 406 481 401 529 464 173 390 539 396 369 504 377 384 383 531 474 516 563 466 447 429 543 442 34 549 480 449 379 536 457 522 426 437 357 424 541 453 443 547 381 552 382 571 407 358 361 397 551 468 489 372 501 477 499 365 486 448 532 348 359 364 393 533 450 509 572 558 356 416 568 521 530 441 469 472 410 467 502 519 470 435 403 476 198 491 422 554 433 498 354 411 505 399 362 350 445 518
497 429 529 383 453 468 466 379 477 372 562 443 377 532 571 406 447 498 386 485 433 572 522 411 454 568 531 405 491 504 530 499 541 455 401 467 365 549 543 358 481 449 34 480 437 364 351 502 198 382 558 427 393 486 441 349 399 501 413 535 539 424 516 367 421 462 448 390 569 442 369 356 551 359 173 564 554 457 357 426 518 362 396 509 540 476 464 407 478 384 381 470 410 528 547 490 440 556 371 361 387
498 530 480 546 34 534 405 382 418 350 428 410 478 384 562 570 547 430 414 416 362 568 563 484 555 359 434 361 451 522 552 482 458 556 557 372 426 392 435 494 360 490 464 422 493 473 558 173 419 371 403 385 488 375 511 444 442 521 389 408 565 508 388 544 527 455 465 569 469 503 369 497 423 549 450 470 489 543 519 495 492 523 378 531 404 541 349 504 535 427 524 445 368 560 553 474 539 449 391 370 402
499 534 410 405 570 375 418 558 460 482 530 403 545 521 409 478 555 495 388 557 426 544 568 458 546 480 416 372 541 553 523 422 455 354 465 484 508 556 434 371 359 445 494 444 402 542 451 362 374 547 350 430 428 510 500 511 489 408 504 463 420 417 531 515 392 533 415 470 561 472 439 473 543 490 560 438 425 355 378 496 423 452 414 368 565 520 538 479 394 539 485 475 376 471 461 513 497 419 360 432 503
500 407 380 453 424 433 443 502 383 459 468 411 551 389 369 543 379 499 476 377 554 435 427 562 516 486 406 498 390 457 365 469 358 509 399 541 466 571 510 393 449 505 425 532 442 477 349 572 539 381 467 413 501 518 529 357 528 437 401 429 173 384 464 356 533 364 441 386 472 521 458 491 490 485 447 549 362 504 455 426 552 481 448 34 422 522 198 405 568 564 454 409 434 397 440 508 569 372 385 535 350
501 534 478 405 568 490 421 508 425 545 522 480 371 543 444 563 502 519 458 494 536 434 460 440 378 436 462 446 397 412 570 353 420 418 415 531 432 373 566 510 491 496 400 492 523 471 430 546 541 402 428 417 556 449 439 354 555 451 511 517 414 372 526 465 470 448 530 544 409 438 419 374 561 416 367 403 456 398 361 473 463 512 547 395 528 507 527 513 553 539 504 487 388 537 350 500 375 493 560 433 475
502 454 397 351 485 476 552 557 495 541 384 477 510 494 441 449 518 564 357 408 464 354 418 509 387 380 364 505 516 457 419 352 528 350 480 362 381 463 563 440 198 571 469 526 398 426 470 554 393 489 473 173 425 448 500 501 549 430 551 433 423 533 389 459 383 371 409 507 399 555 361 404 375 439 543 421 535 415 538 402 34 536 560 432 472 356 460 360 542 465 558 503 547 377 524 569 435 372 413 506 570
503 543 485 349 34 454 433 480 468 382 411 562 498 491 173 448 490 470 502 427 369 413 571 405 464 474 396 449 443 351 518 531 403 528 551 499 478 552 358 489 453 380 359 355 519 477 407 532 530 357 534 437 554 379 384 572 555 457 509 361 393 442 558 504 356 486 399 424 568 549 429 547 447 435 441 459 546 198 381 522 364 508 467 367 365 377 410 418 422 476 481 529 564 563 466 390 372 354 397 516 389
504 454 413 473 173 495 431 383 419 518 536 537 380 34 353 465 425 462 540 448 505 560 511 535 487 496 352 509 406 477 377 551 408 533 472 482 362 424 415 486 398 516 356 468 381 549 394 467 456 542 434 351 428 389 387 494 411 371 427 559 375 526 554 385 499 436 458 423 445 379 498 388 416 534 524 365 392 357 435 485 569 483 479 382 532 404 512 523 488 349 460 558 567 497 453 484 490 440 439 459 366
505 359 519 403 410 522 490 530 372 396 568 489 547 429 481 531 355 384 502 549 555 464 558 552 367 543 504 539 515 361 470 387 455 452 412 529 407 466 535 495 371 512 463 350 491 460 557 34 382 536 474 440 422 507 458 446 546 473 432 354 426 449 418 427 511 526 414 520 510 570 360 521 480 173 405 444 553 488 415 451 528 402 375 353 523 562 556 434 433 413 362 548 500 390 406 428 462 365 352 545 398
506 468 379 405 530 359 429 474 539 562 453 443 485 396 502 498 532 543 386 424 410 401 489 522 372 383 377 361 447 406 411 466 356 486 454 390 509 403 381 490 518 437 571 491 364 470 365 477 355 380 558 551 351 481 369 531 568 358 547 554 516 349 457 499 572 433 446 450 357 480 529 198 427 34 459 399 382 407 478 533 449 556 467 441 354 393 367 564 501 472 422 464 421 505 458 463 469 540 389 541 476
507 448 435 369 359 568 405 381 356 357 502 433 424 518 505 531 389 371 427 509 467 390 530 469 474 572 462 554 529 380 486 457 516 411 472 533 459 539 551 372 447 549 349 407 522 498 477 437 382 426 429 401 541 393 379 384 491 409 464 501 358 489 535 410 454 386 453 441 364 532 455 468 361 442 485 350 494 552 173 490 562 443 377 399 528 466 445 499 476 564 34 198 383 521 419 450 375 351 430 425 473
508 354 403 406 399 541 539 564 393 481 510 198 501 441 553 437 380 572 466 568 377 486 397 369 382 489 455 522 519 396 555 435 426 465 472 356 407 533 411 467 359 547 383 499 490 351 424 422 355 375 462 463 551 450 468 381 487 452 509 457 358 498 532 554 372 385 549 446 516 477 569 419 443 389 379 536 364 548 362 433 429 529 476 418 469 453 546 350 388 458 390 485 410 447 352 401 557 502 565 558 556
509 519 359 367 489 530 410 452 365 488 491 502 522 361 355 555 403 481 490 510 504 547 412 557 568 515 478 470 418 407 446 462 521 523 396 422 556 482 514 534 420 529 391 535 520 512 548 353 428 536 372 508 429 558 531 570 366 390 475 440 526 537 451 539 474 432 382 528 549 409 524 507 445 546 543 398 394 434 566 565 384 449 487 387 368 463 496 562 431 352 455 415 450 545 484 500 466 402 438 371 480
510 34 349 502 173 508 448 454 383 404 352 487 477 478 509 379 353 446 421 457 539 356 468 445 440 394 542 431 472 371 424 386 530 388 437 408 444 375 411 534 398 380 499 429 385 535 390 405 451 462 401 533 474 540 485 516 419 427 486 511 372 368 460 558 400 501 505 362 441 479 532 409 453 571 518 392 414 406 351 484 452 447 560 556 549 493 551 526 389 473 517 434 500 393 366 357 538 522 436 359 391
511 522 429 480 529 562 466 437 470 504 521 485 469 357 453 541 397 448 519 377 459 554 551 568 361 369 443 481 489 571 173 533 463 455 498 418 468 449 477 450 543 34 499 389 531 359 458 433 510 505 371 390 530 442 486 381 464 383 447 467 472 355 427 379 457 441 555 382 547 501 435 424 372 528 557 572 351 356 396 532 380 564 354 365 403 384 509 198 393 422 518 407 411 401 410 535 446 399 516 386 454
