3980 3988 3996 4026 3991 594 3998 3994 4019 4004 4031 4002 3980
3981 3983 3992 594 3985 3990 3989 4016 4033 4027 4007 4006 3993 4000 4032 3987 4012 3991 3988 3986 4029 4025 4017 4004 4013 4014 4028 4034 4037 4001 4035 4031 4011 4038 3995 4005 4036 3984 4008 4010 4015 4020 4026 3996 4021 3982 4002 3999 4030 4003 3994 4023 3981
3982 4007 4006 4016 4025 3989 3991 3990 3987 4032 594 4028 4035 4008 4011 4027 4001 3983 4029 4012 4031 4013 3996 4005 4036 4010 4034 4015 3984 3999 4004 4038 3994 4020 4002 3998 3993 3992 4018 3981 4033 4017 4000 4003 3995 4019 3985 4030 3982
3983 3991 3996 3981 4032 3989 4009 3998 4011 4019 4018 3994 4028 4031 3999 3982 3988 594 3995 4013 4003 4027 3993 3985 4006 4012 4002 4023 3997 4020 4025 4007 3987 4016 3990 4034 4033 4004 4037 4030 4038 4014 4021 3986 4029 4026 4035 4000 4001 4008 4015 4036 3984 4005 4010 3992 3983
3984 3996 3991 4028 3988 3998 594 3986 3995 3982 4011 3985 3981 3994 4019 4026 3989 4007 4031 4009 4023 3993 4018 4016 4002 4033 4021 4025 3997 4004 4000 4013 4014 4030 4037 4017 3999 3992 3990 4027 4003 4038 4020 3987 4012 3983 4001 4006 4032 4034 4029 4036 4010 4035 4005 4008 4015 3984
3985 4028 3996 4034 4006 4036 4007 3999 4016 4011 4003 4025 3987 4032 4019 3998 3990 3981 3994 4001 3991 4012 4035 4033 594 4009 4008 3989 4027 3992 4015 4005 4029 3983 4018 3997 4017 4002 4023 4031 3984 3986 4013 4000 4021 4038 4020 4026 4010 4030 4037 3982 3985
3986 594 4028 4011 3996 4016 4031 4006 3989 4032 3991 4027 3990 4018 4013 3994 3993 4007 3987 4025 4012 4002 3999 4023 3997 4038 3981 3998 4020 4004 4029 3988 4003 3984 4001 3985 4015 4010 4009 4034 4035 4037 4030 4005 4008 4019 3995 3983 4036 3992 3986
3987 3994 4017 3991 3996 4030 4026 3998 594 4000 3982 3988 4028 4019 4009 3993 3985 3992 3995 4021 3986 4023 3999 3997 4014 4027 4004 4031 4011 4002 4018 3981 3989 4033 4006 4013 4038 4037 3983 4007 4016 4020 4003 3990 4025 4032 4029 4001 4010 4034 4005 4008 4035 3984 4015 4036 3987
3988 4034 4015 3990 4006 4016 3998 4025 4011 4028 4036 4007 3996 4027 4029 4032 3991 4001 4005 3999 594 3987 3980 3994 4019 4035 4008 3989 4031 4012 4018 4002 4013 4009 3983 4017 3981 3992 4033 4020 4000 4003 3984 3986 4038 3997 4030 4010 4023 4021 4037 4004 4026 4014 3988
3989 4017 3992 4016 4000 3990 3986 3982 4026 3996 3998 4021 4019 4033 4028 4007 3999 3994 4009 4025 3997 3983 4014 3981 3988 4005 4012 4001 3987 4006 3985 4018 4003 4030 4036 4037 4015 4029 4034 4010 3995 4032 4008 4035 3993 4027 3984 4023 4002 4020 4004 4038 4031 3989
3990 4004 4023 3996 3988 4021 3998 3989 4014 4011 3995 4038 4019 4031 4026 594 3991 3994 3986 3982 4013 4002 3985 4020 4027 4009 3981 4018 4003 4028 3997 4017 4000 3993 4033 3992 4006 4030 4032 3999 3983 3987 4037 4029 4012 4001 4008 3984 4035 4034 4010 4015 4036 4005 3990
3991 3983 3992 4017 4012 4025 4021 3987 4019 4009 4014 4007 3988 3986 3982 3990 4005 4028 4036 3996 4016 3997 4000 4033 4026 3994 3998 4003 3999 3985 4029 3981 4001 3995 4037 4018 3984 4015 3993 3980 4010 4006 4035 4034 4008 4023 4030 4032 4027 4020 4002 4004 4038 4011 4013 594 3991
3992 3991 3989 3996 4032 4028 4031 4012 3981 4027 3987 4018 3999 4011 4013 594 3998 4007 4025 4003 3993 3994 4006 3988 4002 3997 4023 4004 4020 3985 4016 4009 3990 4029 4001 4037 4038 4034 4035 3995 4008 4019 4015 4010 4030 4005 3982 4036 3984 4014 4033 3986 4021 4026 3983 3992
3993 4034 4028 4003 3996 3987 3998 3986 4012 3999 4009 4033 4029 4001 594 3994 4000 3981 3992 4035 4019 4027 4005 4011 4015 4036 3990 4006 4016 4007 4025 4008 3983 4017 3991 4032 4021 4002 4018 3997 4026 4038 3989 4013 4031 4020 4037 3984 4023 3982 4010 4014 3993
3994 3987 4007 594 3990 4025 3986 3988 3989 4012 4032 4016 3991 4033 3983 3985 4006 4000 4029 3993 4001 4037 3992 4013 4027 4014 4017 4011 4008 4036 4038 4034 3995 4004 4035 3980 4031 3984 4005 4026 4010 4015 3982 4020 4021 4003 4002 3999 4028 4009 3981 3994
3995 4034 4007 4001 4028 3996 3990 4006 4035 4015 4016 3987 4029 4025 4032 4027 4005 594 4011 4012 4036 3983 3999 3991 4003 3998 4008 4009 3997 3994 3981 3984 3989 4018 4019 4002 3992 4020 4010 4033 4037 4031 4017 3986 4013 4038 4030 4021 3982 3995
3996 4032 4006 4025 4008 3990 4027 4000 3985 3986 4016 4029 4007 594 3987 3992 3988 3995 3983 3989 4013 4033 3993 4037 4012 3991 4026 4017 4015 4014 4001 4020 4004 3984 4038 4005 3980 4031 3982 4021 4011 4036 4035 4030 4034 4003 4009 4002 3999 4010 3998 3981 4019 4023 3997 4018 3996
3997 4016 4011 3991 594 3989 4025 3987 4007 4012 4006 4033 3990 4013 4032 3986 4029 3992 4001 4000 4034 3985 4036 3988 3983 4027 4008 3995 4031 3993 4017 4035 4004 4005 4014 4038 3984 4010 4028 4037 4026 4020 4015 3996 4002 4021 3999 4003 4018 3997
3998 3988 4016 3990 4025 3989 3987 4012 594 3993 4007 4013 3985 3983 4011 4027 4032 4006 3991 3992 4033 4005 4035 4017 4014 3986 4037 3995 4001 3984 4004 4038 4036 4029 4010 4000 4031 4034 4015 3980 4008 4028 4020 3982 3996 4026 4003 4030 3998
3999 594 3988 3985 4004 3989 4037 3987 3992 3993 4011 3991 4013 3986 3983 4014 4032 4017 3995 4027 4031 4033 4020 4012 4026 4005 4000 4007 4006 4016 4038 3990 4028 4025 3982 4001 4029 4015 3996 4035 4003 4021 4034 4036 3984 4030 4010 4008 4023 4009 3994 4002 4019 3997 4018 3981 3999
4000 3996 3989 594 4012 4011 4031 3987 4025 4016 4013 4032 3991 4028 4006 4027 4038 3994 3993 3981 4003 4023 4018 4004 4029 4020 3990 4007 4002 3988 4001 3999 3997 4037 3998 4009 4010 4005 3985 4034 4019 4015 4035 4008 4014 3984 4036 3983 3982 4017 4000
4001 3995 3988 4019 3996 4002 4031 4026 3985 3982 3993 4023 3994 594 3991 3989 4028 4027 4021 3998 4037 4009 4011 4018 4038 3997 4000 4014 3992 4030 3981 4004 4013 4033 4017 3986 3999 4020 4032 4003 4006 4007 4012 3990 3987 4016 4025 3983 4034 3984 4015 4010 4008 4035 4036 4005 4001
4002 4025 4007 3990 4033 4001 3988 3986 3987 4012 4016 4005 3992 4029 4000 4035 4028 3983 4017 3993 4026 3985 4036 3995 4010 4003 3996 4015 4021 4008 3984 4034 3982 3980 4019 594 4009 4032 4006 4014 3989 4011 3991 3981 3994 3997 3999 4018 4013 4027 4037 4004 4030 4038 4002
4003 3993 4016 3985 3990 3991 4006 4007 3992 4000 4033 4017 3983 4031 3995 4025 3988 4027 4032 594 3989 3986 4004 4028 4014 4011 4037 4026 4021 3987 4013 4020 4029 4001 3996 4002 4038 4012 4036 3999 4034 3984 4008 4010 4015 4035 3982 4005 4030 3994 3998 4018 4019 3997 3981 4003
4004 3990 4025 4007 4033 4016 4028 3999 3996 4009 3987 4012 4019 4034 4017 4021 4000 3981 3986 3992 4036 3998 4003 4001 4026 3994 4029 4015 3982 4035 3997 3983 4018 4005 4008 3980 4006 4010 3984 4032 4011 3988 594 4027 4037 3989 3991 4014 4002 4004
4005 3988 3991 4026 594 3998 3995 4031 3989 3996 4002 3993 4011 3985 3982 4021 3999 4019 4014 4023 3981 4009 4000 4018 3997 3994 4027 4028 4038 3986 4004 4033 4013 4037 4017 4020 3992 4030 4032 4006 4007 3987 4012 4003 4016 4025 3990 3983 4034 4029 4001 4008 3984 4036 4015 4010 4035 4005
4006 3996 4028 3988 4026 4033 3982 3986 3985 4017 3995 4021 4019 4009 3997 4000 3998 4018 4003 4012 3994 3981 3992 3989 4025 3987 3993 4016 594 4023 4011 4014 3983 4007 3990 3991 3999 4013 4029 4036 4030 4001 4037 4035 4038 4004 4031 4010 4005 4034 4002 4020 4015 3984 4008 4032 4006
4007 4021 3982 4026 4011 3996 4004 4023 3995 594 3988 4038 3994 3991 4017 4014 3985 4019 3989 4013 4002 3998 3986 4031 4028 4027 3997 4033 4018 3981 3992 4003 4009 4030 4000 3993 4006 4020 4032 3999 4029 4012 4037 3983 3987 4015 3984 4001 4008 4010 4005 4034 4035 4036 4025 4007
4008 3996 3988 4028 3982 4014 3985 3995 3993 4026 4019 4021 3994 3997 4017 4023 594 3991 4009 3998 4011 4018 3989 3981 3992 4037 4031 4004 3986 4002 4038 4033 4016 4007 4013 4030 4000 4025 3990 4020 3999 4003 3987 4012 3983 4027 4032 4029 4006 4001 4034 4036 4010 4035 4005 4015 3984 4008
4009 4027 3991 594 4016 3987 3989 4006 3983 4011 3990 3993 4004 4032 4012 4029 4007 4025 4013 3988 4033 3985 4031 4028 4038 3992 4001 4017 4034 4010 3995 4037 4014 4000 4005 4036 4008 4020 4035 3986 3996 3984 4015 4002 4026 4021 3999 3994 4018 4009
4010 4026 4014 3991 4019 4009 3998 4021 3982 3988 4000 3989 4031 3986 594 4033 4017 4002 4013 3995 3981 4023 4027 3994 4011 3992 4032 4020 4028 4018 4037 4004 3997 4038 3985 3987 4006 3996 4007 4030 3993 3999 4016 4012 4025 4003 3990 3983 4029 4001 4015 4034 4036 4008 3984 4035 4005 4010
4011 3986 3988 4014 4007 3990 4000 4026 4025 4016 4021 3985 4017 3997 4033 4012 4009 3998 3983 3992 4037 3982 4019 3999 3987 3995 3993 4028 4005 4001 4006 4018 4015 4036 3994 3996 3981 4032 4003 4027 4029 3984 4008 4035 4010 4030 4020 4023 4034 4004 4002 4038 4013 3991 4011
4012 4021 3991 594 4000 4030 4017 4026 3996 3992 4023 3998 4031 4033 4011 3993 3994 4028 3997 4027 4019 3986 4009 4006 3988 4004 4002 3985 3989 3981 3995 4014 3982 4013 4018 4037 3999 3983 4020 4038 4007 4032 4029 4025 4016 3990 4001 4003 4010 4035 4034 4005 4008 4015 3984 4036 4012
4013 4021 3996 4033 4026 4019 3986 4007 4000 3990 3998 3992 4028 4025 4017 3999 3997 3988 4009 4016 3994 3983 4012 3981 3982 3987 4018 4001 4036 4029 4014 4034 4003 4006 3985 4010 4005 3993 4015 4037 3995 4008 3984 4032 4023 4030 4035 4027 4002 4020 4011 594 3991 4013
4014 594 4025 4011 3990 3991 4007 3996 3989 4016 4028 3987 4008 3999 4012 3998 4034 3981 4029 4010 3994 4006 4001 4032 4018 4035 4027 4005 4015 4003 4009 4019 4013 4031 4036 4033 3997 3983 4000 3984 4002 4023 3992 4021 3993 4020 4004 4026 3988 4014
4015 3988 3995 3996 3993 3991 3985 4028 594 4011 3989 4014 3982 4026 3998 4004 4031 4007 3986 4017 4033 3994 3992 4021 4019 3981 4025 4002 4000 3999 4038 4013 4023 4020 4016 4018 4009 4030 3997 4037 4027 4003 3990 3983 4012 4006 3987 4032 4034 4001 4029 4036 4010 4035 4008 4005 3984 4015
4016 4021 3988 3996 594 4026 3998 3989 4023 3982 3986 4019 4011 4004 4009 3997 4038 3985 3995 4003 4000 3991 4017 4031 4014 3994 4018 3981 4027 4002 4013 4020 4028 4033 4032 3992 4006 3993 3999 4030 4037 3983 3987 4029 4012 3984 4008 4001 4015 4010 4034 4035 4005 4036 4016
4017 3989 3991 4027 3987 594 4032 4007 4006 4012 4031 4028 4011 3996 4016 4025 4013 3990 3998 4018 4004 3988 3999 4003 3981 4020 4034 3993 4029 4009 3994 4023 4002 4035 3985 4008 4001 4038 3997 4019 4037 4010 4015 4005 3995 4036 3984 3982 4033 4000 4017
4018 3986 4033 3992 4032 4025 4016 3983 3990 4006 4007 3988 4029 3987 594 4017 4000 4012 3991 3989 4001 4034 3985 4037 4011 4014 4013 4027 3993 4036 3995 4008 4035 4026 4005 4038 4004 4031 3984 4010 4028 4015 4020 3982 4021 4002 3999 3996 4003 4009 4019 3997 4018
4019 594 3991 4016 3990 4032 3989 4007 4013 3987 4006 3988 3985 4001 4025 4037 4027 3983 4012 4011 4029 4031 4004 4034 4038 3993 4035 4008 4010 4005 4028 4036 4014 3980 4020 4017 3995 3984 4033 3992 4015 4000 3986 4002 3996 3999 3982 4021 4003 4023 4018 4019
4020 4028 3990 3996 4033 4016 4000 3986 4017 4025 3992 3988 4026 3999 4007 4012 3983 4029 3987 4009 4019 4003 4001 4021 3995 3998 4035 3985 3993 4011 4036 4005 3981 3982 4010 3994 4015 4034 4018 594 4008 3997 3991 3989 3984 4006 4014 4032 4023 4013 4020
4021 4007 4012 4016 4025 3990 3991 4013 594 3989 4032 4011 4006 3987 4027 4031 4004 4001 4035 4028 4005 3993 4034 4008 3996 4038 4010 4029 4003 4020 3988 3985 4037 4015 4002 4036 3984 3983 3999 3981 3994 4018 4023 4014 3995 4009 3997 3992 4019 4033 4021
4023 3990 4016 4007 4025 4012 4033 3987 4001 3986 4000 4029 3992 4034 4006 4032 3983 4017 4005 4036 4008 4035 3985 594 3988 4027 4010 3991 4011 3989 3984 4015 3993 4026 4028 4037 4014 4013 3996 4021 3999 4020 4019 3981 4023
4025 4026 3996 4021 4004 594 4014 3988 3991 3982 4023 3998 4011 4028 3994 4038 4000 4027 3985 4002 4031 3989 4017 3997 4019 3995 3986 4018 4013 3992 4009 4033 3981 4020 4006 4003 4030 3993 4032 3983 3999 3987 4037 4012 4015 4029 3984 4008 4001 4010 4034 4035 4005 4036 4007 4025
4026 4028 4025 4006 4016 4007 4027 4011 3989 3987 3990 4032 594 4012 4013 3996 3991 4029 4034 4031 4005 4001 4035 4010 4038 3980 4020 4008 3999 4036 4004 4002 4015 3993 4003 4018 3994 3984 4037 3981 3985 4023 3997 3998 3983 4009 3988 4030 4014 3992 4033 4026
4027 4009 3996 4017 4028 4026 3988 3986 4025 4033 3992 4007 3998 4019 4021 3990 4012 3995 4000 3982 3981 3987 4016 4036 3993 3994 4001 3983 3985 3999 4003 4029 3997 4014 4018 4011 4034 4023 4035 4005 3989 4010 594 4030 3991 3984 4015 4004 4013 4038 4037 4008 4002 4027
4028 4026 4032 4006 3986 3985 4027 3988 3995 4037 4025 3993 3992 4004 3991 4017 3989 4033 3987 4020 3982 4008 4000 4012 4007 4038 4013 594 4014 4030 3990 3983 4031 4016 4001 4011 4029 4009 3984 4021 3981 4002 4015 4003 4019 3999 4005 3998 4035 4010 4018 4036 3997 4023 4034 3994 4028
4029 3996 3988 3995 4026 4009 3993 4019 4018 3994 3991 3982 3997 4000 4023 3981 4002 4028 3986 4014 3985 4037 4017 4031 4027 4030 3992 3998 594 4007 4038 3989 4021 4004 4020 4033 4013 4011 4012 3990 4016 4003 4006 3987 3999 4032 4025 3983 4034 4036 4010 4015 4008 3984 4035 4005 4029
4030 3987 4012 4028 4007 4025 4029 3989 3990 4001 594 4016 4035 3988 4034 3996 4036 4033 3986 4032 3983 3991 4011 4006 3992 4005 4008 3985 3984 4027 4015 4010 3999 4013 3995 4026 4031 4003 4037 4038 3982 3998 3981 4002 4030
4031 3986 4033 4000 3990 3992 4017 4025 4012 4007 4016 4001 4026 3988 4028 3987 3983 4019 4005 4021 4003 4009 3982 3999 3996 4036 4029 4035 3981 3997 3998 4015 3985 3994 4034 4010 4014 4008 3993 3984 4018 3995 3980 4006 4032 4037 4030 3989 4031
4032 3996 4028 4017 3986 3988 3992 4019 4021 4026 3983 4000 3985 3982 4033 3994 4018 3995 3998 4009 3997 3981 3999 4016 4003 3993 4023 4014 4025 4007 3990 4011 4012 594 3989 3987 4036 4001 4030 3991 4010 4029 4004 4035 4005 4013 4002 4038 4031 4034 4037 4015 4020 3984 4008 4006 4032
4033 594 4006 4004 4031 3996 4013 3989 4028 4038 4011 4027 4023 4018 4012 3991 4032 4002 3993 4020 3994 3981 4007 3997 3998 4025 3985 4009 4003 4016 3988 3987 3990 3999 4037 4001 4029 3983 4010 4030 4019 4015 4005 4014 3995 3984 4008 4035 4034 3982 4017 4036 3992 4021 4026 4033
4034 3988 3993 3995 3985 4026 4019 4004 4014 4023 4017 4018 4009 3981 4021 3997 3992 3994 3982 3998 3989 3991 4030 4031 4013 3996 3983 4027 3986 4038 594 4000 4037 4002 4011 3987 4020 4006 3999 4003 4033 4016 4007 4025 4028 4032 4012 3990 4001 4015 4029 3984 4005 4008 4010 4035 4036 4034
4035 3995 3988 3982 3998 3985 3993 4026 4021 4019 4002 594 4014 4031 3981 4017 3996 3994 4037 4030 3992 3991 4023 3997 4004 4038 4009 4018 3989 4027 4011 3986 4020 4028 4006 4000 3999 4032 4033 4012 4013 3983 4016 4007 3990 4003 4025 3987 4001 4029 4034 4010 4015 4008 3984 4036 4005 4035
4036 3988 3985 3991 594 4027 3995 3993 4004 4031 4026 3998 3997 4011 3989 3994 3982 3996 4023 3981 4013 4002 4009 4018 4019 4038 4030 4037 4014 4032 4006 4020 4021 4017 4028 4003 3999 3992 3986 4000 3990 4033 4016 4007 4012 4025 3983 3987 4029 4015 4010 4001 4008 3984 4034 4005 4035 4036
4037 4028 3996 3999 4019 4011 3994 594 3998 3991 4012 4033 4001 4029 3981 4018 4000 3987 3992 3989 4009 4007 4035 4016 4003 4036 4025 3990 4017 3986 4008 4026 3983 4021 4034 3995 4005 4006 3988 4013 3993 4010 3984 4023 3997 3985 4015 4004 4032 4031 4027 4030 4038 4002 4037
4038 4007 3990 4016 4025 4033 4028 4000 3996 4019 3986 4026 4009 4001 3987 3988 3998 3992 4021 3994 4012 3981 3999 4029 4017 4036 4035 3993 4018 3982 4005 4034 3985 4003 3983 4015 4008 3997 4006 4010 3995 4032 3984 4011 4027 4030 594 3991 4037 3989 4002 4038
594 4033 3986 3999 4025 4016 4014 4019 3996 4017 4007 4000 4012 4021 3990 3987 4009 4026 3994 3988 4036 3998 3997 3982 3981 4028 3992 4005 3993 3995 4018 3983 3985 4001 4037 4006 4003 4035 4015 4029 4030 3984 3980 4008 4023 4032 4010 4027 4034 4002 4020 4004 4038 4013 3991 594
