3980 3985 4000 3988 3997 4009 4013 594 4023 4037 4029 3980
3981 4025 3989 594 3985 4007 4013 4016 4011 3990 3993 3987 4017 4012 4029 4001 3992 3991 4036 4033 4031 3986 3995 4004 3988 4027 4032 4000 4015 4006 4037 4024 3999 4021 4035 4010 4008 4020 4028 4038 3984 4014 4026 4002 3996 4034 3982 4005 4003 4030 4018 3981
3982 4011 4007 4012 3990 3989 4016 3987 4025 594 4029 4006 3992 4015 4028 4010 4001 3991 4024 4032 4035 4013 4031 4008 4033 4036 3984 4027 4017 3999 3996 4005 4004 3986 4002 3993 4000 3995 3985 4020 4034 4018 4038 4003 3994 3981 4021 4019 3982
3984 4000 3988 3992 4017 3993 4026 3985 4037 4021 4013 4028 3995 4030 3996 4009 3982 4002 4014 4031 4004 4020 4019 4038 3989 3991 4027 4003 594 3994 3986 4032 4011 3981 4023 3997 3998 4016 4007 4018 4025 4005 4029 3987 3999 4036 4012 3990 4034 4033 4001 4035 4006 4015 4008 4010 4024 3984
3985 4007 4032 4012 4016 3996 3990 3987 4011 4025 4028 4005 594 3999 3991 4029 4036 3992 4002 4001 4015 3981 4033 3989 4018 4003 4006 3997 3998 4013 4009 4019 4010 4017 4031 3980 4027 4035 3994 4020 3986 3984 4008 4038 4024 4037 4023 4034 4026 4004 4030 4000 4021 3982 3985
3986 3989 594 4013 4031 4027 4004 4011 3991 3990 4007 4032 4028 4016 4025 3996 4002 3993 4023 4029 4009 4005 4036 3987 4012 4038 3994 4020 3999 3981 3985 4018 3997 4037 4001 4015 3998 4003 4034 4030 4019 4008 4006 3988 3982 3995 4024 3984 4010 3992 4035 3986
3987 3988 3995 3985 3989 3993 594 4031 4011 4021 3982 4009 4013 4014 3991 4026 4019 4023 4017 4000 3981 4027 3997 4033 3994 4036 3998 3986 4032 4003 4030 3999 4002 3996 4004 3992 4038 4020 4037 4018 4034 4028 4025 4007 3990 4016 4029 4005 4001 4008 3984 4024 4010 4015 4035 4006 3987
3988 4007 4016 3987 4032 3990 594 4025 4012 4029 4006 4001 4011 3989 4028 3996 4027 4005 3991 3992 3984 3999 4013 4015 4010 4031 4002 4036 4035 4024 4038 4018 3980 4008 3981 4020 4033 4003 4034 4037 3997 3994 4023 4019 4009 4004 4017 3998 3986 4000 4026 4014 3988
3989 3986 4000 4021 3999 4033 4017 3987 3997 3988 4019 4009 4016 4028 3982 4036 4025 4007 3998 4018 3994 4026 4014 4029 4012 3990 3981 4023 3995 3985 3996 3992 4001 4005 4003 3993 4008 4037 4032 4034 4030 4035 4015 3984 4010 4006 4027 4024 4038 4002 4020 4004 4031 3989
3990 4000 3988 3985 4013 4023 4031 3991 3995 3993 4004 3986 3994 4030 3982 4017 4014 3997 4026 4009 3989 3999 4037 4019 4020 4021 594 3981 4038 3996 3992 4011 4018 4027 4003 4002 4033 3998 4036 4034 4032 4029 4028 4012 4001 3987 4005 4008 4035 4015 4024 3984 4010 4006 4007 3990
3991 3990 4021 4000 3986 4025 4033 4007 4016 3985 3988 4018 4036 4026 4012 3997 4009 3987 4017 3998 3995 4028 4019 3993 3996 3999 4001 4003 4005 3981 4029 3982 3994 4014 3992 4023 4034 4030 4037 3984 4035 4008 4032 4015 4006 4010 4024 4027 4038 4002 4020 4004 4013 594 4011 3991
3992 594 4004 4013 3993 3988 4037 3995 3985 3996 4036 4011 3994 3999 4028 4023 4031 4032 3984 4002 4034 4003 3989 3990 4020 3982 4009 4027 4016 4007 4018 3981 3987 3991 4038 4012 3998 4025 4019 3997 4030 4029 4005 4001 4033 4024 4008 4026 3986 4014 4010 4015 4006 4021 4035 4000 3992
3993 4016 4033 3987 4007 3990 4012 4005 3992 4025 3999 3997 4028 4029 4006 4036 3986 4032 3996 3981 594 3991 4017 3998 4001 4009 4015 4003 4027 3984 4035 3989 4011 4019 4010 3994 4018 4037 4024 4002 4031 4034 4008 4023 4038 4013 4020 4000 4030 4026 4021 3982 4014 3993
3994 4025 4007 4016 3990 594 3989 4017 4033 3992 4012 4013 3987 4011 3986 4036 3985 3991 4006 4001 4032 4027 4029 3993 4015 4000 4031 4037 3988 4024 4010 3995 3999 4035 4004 4020 4014 4021 4008 3984 4026 4038 4028 4034 4002 4005 3982 4003 4023 3994
3995 3987 4016 4032 3990 4007 4012 594 4005 3999 3992 4025 3996 4029 4028 4036 3989 4011 3991 4015 4006 4001 4027 3998 4009 3981 4003 4037 4031 3997 3984 4018 4038 4002 4033 4024 4010 4013 4017 4020 4035 3994 4019 4008 3986 4034 4030 3982 4014 4021 3995
3996 3985 4017 3988 4000 3992 3995 594 3986 4036 4014 3989 3993 3990 4012 4029 3991 3999 4025 4011 4033 4016 4001 3987 4026 4004 4032 4013 4021 4006 3984 4007 4008 4031 4003 4034 3982 4037 4038 4015 4027 4030 4010 4035 3997 4024 4023 4020 4005 4019 4009 3998 3981 4018 3996
3997 594 4007 3989 4012 4025 4013 4016 3990 4011 3993 3991 4004 4032 4017 3985 4031 3987 4029 4027 4028 4006 4033 4001 3986 3995 3992 4000 3988 4038 4037 4024 4010 4020 3980 4036 4008 4015 4035 3999 4021 4002 3984 3996 4026 4014 4034 4005 4030 4003 4018 3997
3998 594 4032 3989 4011 4013 4027 4004 4029 4007 3991 4016 3985 3993 4012 4025 4001 3987 3995 4031 4006 3990 4020 3992 4017 3986 4033 4000 4037 4035 3988 4038 4024 4028 4010 4015 4002 4008 4026 3984 4036 4003 4030 4034 3996 4009 3998
3999 594 3989 4013 3985 4031 4007 3993 4017 4011 3995 4037 3990 4025 3988 3992 4028 4004 4016 4003 4009 4038 4027 4006 4012 3991 4000 3996 4020 4002 4030 3986 3987 4029 4001 4014 4026 4032 4021 4024 4023 4019 4033 4035 3982 3994 3981 4034 4018 3997 4008 4010 3984 4005 4015 3999
4000 4032 3990 594 3989 4016 4025 4007 4011 4028 4027 4031 4013 3991 3984 4005 4012 3996 4001 4002 4029 4036 3987 4037 3999 4015 4006 4020 4008 4038 4004 3980 3994 3981 4018 4024 4010 3998 3997 4003 4009 4023 4034 4035 3993 3985 4019 3982 3992 4014 4033 3988 4000
4001 3988 594 4000 3985 4021 3989 4026 4004 3998 4038 3993 4013 3991 3981 4011 3995 4023 3982 4009 4030 4019 3996 3994 4037 3997 3999 4002 4031 3986 4020 4014 4017 4027 4032 4033 4036 4003 4005 3990 4018 3992 4025 4028 4007 4016 4012 4034 3987 3984 4010 4015 4008 4035 4006 4024 4001
4002 4017 3985 4029 4000 3986 4021 3992 4025 3988 4012 4036 3999 3990 4033 3987 4001 4026 3995 4016 4007 3984 3993 4005 4015 4034 4024 4008 594 3997 3998 4006 4014 3982 3989 4035 4011 4019 4010 4003 4009 4018 3991 4028 3981 4013 3994 4032 4030 4004 4037 4038 4002
4003 4033 3999 3985 3992 4017 4007 4012 594 4011 3991 4013 3993 3990 4016 3987 3989 4025 4029 3995 4028 4015 4036 4010 3988 4032 3986 4000 4008 4001 4031 4027 4024 3996 4004 3984 4034 4037 4014 4035 4026 4021 4006 4038 4002 4005 4020 3998 4023 4018 3982 3994 3997 3981 4019 4003
4004 4017 3986 4033 3992 3990 4025 4021 4016 4007 3998 3999 3997 4029 4005 4036 4009 4001 4019 4026 4000 4028 4018 3987 3996 3981 4012 3984 4008 4032 4024 3988 4014 3994 4035 4034 4003 4015 4010 4006 3982 3985 4037 4027 4011 594 3991 4002 3989 4004
4005 3985 3993 4027 3988 594 3995 4000 4032 4004 4033 4013 4017 4037 3989 3986 3991 4011 4038 4026 4031 4007 4029 4020 4001 4002 4016 3992 4025 4014 3982 4008 4036 3990 3987 4021 4010 4030 4024 4034 4035 4006 4012 4028 4023 4015 4009 4003 3984 3996 3999 4019 3994 3997 3981 4018 4005
4006 3988 3993 3982 3999 3985 4000 4009 4023 3995 4019 3997 3998 3994 4026 4036 4021 3996 3981 4013 4018 4014 4037 4017 4004 4030 3986 3989 4031 4034 594 4011 4003 4028 3991 4002 4005 4020 4038 3992 4033 4027 4032 4012 4016 4025 3987 4007 4029 3990 4001 4008 3984 4015 4010 4024 4035 4006
4007 3988 3985 4000 4023 3997 3994 4031 4014 3982 3993 3995 3991 3986 3999 4009 4021 4019 3989 4013 4026 4004 4017 4030 3981 3998 594 4018 4011 4003 4033 4036 3992 4038 4037 4020 4002 4005 3996 4012 4032 4028 4027 4034 3987 4001 4029 4008 3984 4015 4024 4035 4010 4006 3990 4007
4008 4037 4021 4026 4000 3989 4013 594 3988 4009 3982 3985 4019 4003 3996 4004 4011 3986 4030 4031 3997 4023 4028 4025 3993 4014 4016 3981 3995 4005 3991 3994 3990 4007 3992 4002 3998 4033 4017 4020 4018 4038 3999 4012 3987 4027 4036 4029 4034 4032 4001 4006 3984 4024 4035 4015 4010 4008
4009 594 4025 3989 4007 4016 4036 4013 4011 3990 3987 4012 3991 4017 4032 4029 3999 4033 4004 3986 3992 4006 4015 3993 3985 4010 4001 4027 3995 4031 4008 4028 3984 4024 4000 3980 4020 3988 4035 4037 4021 4038 4002 4014 4005 4026 4034 3996 4018 3998 4009
4010 3988 3982 3985 4009 4021 3993 4037 4003 4019 4026 4000 4014 3995 3997 4023 4030 3994 4013 3989 594 4017 4031 4004 3981 3998 4018 4005 4038 3986 4011 3996 4020 3992 3991 4012 4002 4028 3999 4033 4032 3987 4027 4036 4025 3990 4034 4029 4016 4001 4007 3984 4006 4024 4035 4008 4015 4010
4011 4017 4000 3985 4021 3982 4033 3986 3988 4026 4014 4036 3987 3999 3997 4009 3998 4012 3992 4016 4019 4025 4018 4028 3995 3981 4037 4007 4029 3990 4003 4001 3996 3994 4023 4005 3993 4030 4034 4032 4008 4015 4035 4038 4027 3984 4006 4020 4010 4024 4002 4004 4013 3991 4011
4012 3985 3988 594 3997 3982 3993 3995 4023 4019 3989 4000 4032 4009 3991 4011 4031 4026 4021 4013 4027 3996 3999 3994 4002 4003 3998 3981 3986 4030 4037 4036 4017 4020 3992 4038 4018 4034 4004 4014 4025 4016 4033 4007 4028 3990 4029 4001 4005 4010 4024 4008 4015 3984 4006 4035 4012
4013 4033 3986 4021 3990 4025 4000 3999 4017 3997 3992 4026 4036 4016 4009 4007 3998 3987 4028 3988 4019 4012 3981 4018 4014 3994 4005 4029 3985 4001 4003 4035 4008 3984 3982 3996 4023 4032 4006 3995 4015 4030 4010 3980 4034 4024 3993 4027 4037 4038 4002 4020 594 4011 3991 4013
4014 594 4007 4016 4011 4028 3990 4025 3989 3987 4036 3996 4013 4032 4029 3991 4001 3999 4012 4010 4006 3984 4024 4031 4004 4027 4005 4015 4008 3994 4003 4035 4002 4018 3992 4019 3981 3993 4034 3997 4009 3995 4020 4033 4000 4026 3988 4014
4015 3985 3988 4000 3982 3995 4009 3993 4019 4021 4003 594 3994 3986 3981 4018 4023 4030 3989 4013 4026 4031 4011 3997 4014 4037 4004 4017 4028 4002 3996 3998 4038 4034 3991 4033 4020 3992 4005 4032 4027 4016 3990 4012 4007 4025 3999 4029 4001 3987 4036 3984 4006 4024 4008 4035 4010 4015
4016 3988 3985 4000 3993 3995 4031 3994 4017 4021 4014 4026 3997 3991 3989 4009 4004 4013 4023 3982 3986 4011 3999 3981 4019 4030 4033 594 3998 4018 4038 3992 4003 3996 4037 4020 4027 4036 4012 4002 4034 4029 4005 4008 4032 4028 3987 4001 3984 4035 4015 4024 4010 4006 4016
4017 4011 594 4031 3989 4004 4028 4002 4016 3996 4032 4013 4036 4023 3990 4027 3999 3994 4037 4025 4007 4009 3991 3997 4034 3987 3984 4038 4018 4003 4005 3993 4020 3981 3985 4019 4012 4030 3998 4029 4001 3995 4024 3982 4010 3988 4015 4006 4035 4008 4033 4026 4017
4018 594 3989 3991 4025 4011 3985 4013 4007 4017 3990 4016 3992 4036 4004 3988 3986 4029 3987 4037 4012 3993 4027 3995 4000 4015 4032 4006 4033 4031 4021 4001 4026 4035 3999 4024 4010 4038 4028 4020 4008 4014 3984 4002 3982 4003 4030 3996 4034 4005 4009 3997 4019 3981 4018
4019 3989 4012 4007 594 3990 4011 4013 4025 3987 3991 4016 4029 4027 3985 4032 4004 4006 4015 4031 4001 4017 4036 3993 4037 3992 4010 4033 4008 3986 3999 4028 4024 4035 3984 3988 3995 4038 4020 4014 4002 4000 4034 4021 3996 4005 3982 4003 4023 4018 4019
4020 3990 4025 4036 3992 4017 3999 4029 4000 4033 3986 4026 3985 4021 4007 4012 4016 3998 3987 3988 4001 4005 3997 3984 3995 4009 4028 4019 3994 4034 3993 3981 4023 4018 4024 4011 4008 4006 4010 594 4015 3989 3996 4035 4003 4014 3982 3991 4013 4032 4020
4021 594 4013 3989 4032 4011 4031 3991 4016 4029 4007 4004 4027 3987 4001 4012 4028 4002 3990 4036 4025 4008 4010 4015 4020 4038 3984 4034 3996 4006 4024 3999 4023 4037 4018 3981 3994 4003 4009 4035 4005 3997 3993 3985 3992 4019 4033 3995 3982 4021
4023 3990 4007 4025 4012 4017 4016 3989 3992 3987 3986 4029 4006 4001 4011 4028 594 4036 4035 4032 4033 3991 4013 4027 4015 3999 3988 4000 4010 4021 3985 4008 3993 4026 3980 4020 4024 3984 4037 4005 3996 4003 4019 3994 4023
4024 3988 3982 4000 4021 3995 4009 3997 3993 3999 4014 3994 4037 3985 4017 4019 4026 4004 3981 4003 4013 4030 3998 4031 3989 4036 3986 4038 4018 3992 4002 4023 4020 4028 4005 4011 594 4032 3991 3996 4027 4012 4034 3987 3990 4007 4033 4016 4025 4029 4001 4008 4015 3984 4035 4006 4010 4024
4025 4000 3988 3994 4031 3985 4009 4013 4023 3997 3991 4004 3989 3993 4014 4038 3995 3981 4018 4017 3982 3986 3999 4037 4011 4020 4026 4030 4019 4027 4002 4021 594 3998 3996 4033 4034 4003 4036 3992 4032 4012 4029 3987 4028 4001 4005 4008 3984 4035 4015 4010 4024 4006 4025
4026 594 4028 4011 4016 4032 4013 4027 3989 4007 3991 3990 4031 4012 4025 4029 3987 4001 4008 4004 4036 4020 4005 3984 3996 4006 4002 3999 4010 4038 4015 4024 4034 4037 4018 3985 4023 4003 3994 3992 3998 3993 4035 3997 3981 4009 4033 4017 4014 3988 4026
4027 4000 3986 4005 3988 4026 4017 4021 3998 4025 4012 3999 3987 4028 4033 4019 3990 3992 3997 4036 3993 3995 4029 3985 4009 3994 4016 3981 4018 4023 4034 4001 3982 4003 4007 4014 3984 594 3996 4011 3989 4013 4024 3991 4015 4030 4006 4010 4008 4035 4004 4037 4027
4028 594 4000 3985 4026 4017 3988 3989 4014 3986 3993 3995 4013 4036 4021 3999 3992 4037 4011 3991 4034 4027 3982 4033 4023 3997 4004 4003 4031 4038 3984 4009 4032 4012 3990 3987 4019 4007 4020 4025 4030 4029 4008 4001 4015 4016 3998 4018 3981 4024 4006 4035 4005 4010 3994 4002 4028
4029 3988 4021 3985 594 3989 4038 4030 3993 3995 3998 4002 3982 4026 4009 4004 4000 4031 3996 3986 4011 4019 4037 4014 4023 4013 3981 4020 3997 4032 4027 3991 4036 4003 3994 3999 4018 4033 4017 4025 4005 3992 3990 4016 4028 4012 3987 4007 4034 3984 4008 3980 4035 4010 4015 4024 4006 4029
4030 3990 4029 4007 4025 4016 4036 594 3999 4012 3987 4001 4017 4011 3984 3989 3992 4015 3986 4033 4032 3991 4010 4013 4008 4028 4024 4006 3993 4005 3985 3996 4031 4034 4035 3995 4027 3998 4037 4018 4038 3997 4002 3981 4030
4031 3986 4025 4017 4016 3990 4000 4021 4007 4036 3999 3987 4033 4026 4012 3992 3988 4029 3997 3985 3998 4019 3981 4005 4009 4028 4001 3995 3982 3994 4018 3984 4034 4003 4014 4008 4015 3993 3996 4010 4035 4006 4024 4030 4032 4037 4038 3989 4031
4032 3988 4000 3985 4021 3995 4017 4026 3986 3998 4005 4012 4009 3997 4034 3992 3993 4014 4019 4029 3987 4023 3994 3989 3982 4033 3996 3981 4025 4036 4003 4018 4013 3999 4028 4011 3990 4001 4030 4007 4004 594 4016 3984 3991 4037 4024 4031 4015 4035 4010 4006 4008 4002 4020 4038 4032
4033 4013 3989 3993 4011 4004 3991 594 4031 4003 3994 3985 4005 4016 4027 4009 4007 3987 4028 4025 4020 3996 3990 4002 3981 3997 4023 4037 4032 4038 4029 3988 3998 4036 3982 4012 3995 4019 4018 4034 4001 4030 3999 3992 4008 4015 4006 4017 4026 4014 4010 4024 4021 3984 4035 4000 4033
4034 4032 4017 4028 3992 4025 594 4037 3989 4021 3988 4012 4027 3987 3986 4011 3991 4016 3990 4033 4031 4000 4036 4026 3993 4013 4007 3996 4004 3985 4003 4020 3999 4002 4038 4006 4015 4029 4035 4005 4001 4030 3995 4014 4019 3997 3994 4009 4024 3982 3998 3984 4008 4010 3981 4018 4034
4035 3988 3985 3993 4023 594 4013 3982 3989 3995 3999 4019 3998 3994 4009 4004 4011 3997 3981 3991 4000 4031 4036 4018 4003 4014 4021 4034 4037 4017 4005 4028 4026 4002 3996 4038 4030 4032 4020 3986 4016 4025 3990 3992 4007 4027 4033 4029 3987 4001 4012 3984 4008 4024 4015 4010 4006 4035
4036 594 4031 4011 4013 4017 3989 4009 4037 3991 3985 3992 3995 3993 4028 4014 3996 4021 4000 4020 4004 3988 4038 4007 4002 4030 3986 3987 4027 3994 4012 4018 4023 4026 3981 3990 4029 4019 4025 4016 4003 4006 4032 4033 3982 4001 3997 4034 4035 4005 4024 3998 4008 3984 4010 4015 4036
4037 3992 4036 4017 3999 3990 4025 4028 4011 4000 4029 594 4005 4008 4012 4034 4016 3989 4007 4033 4001 3984 3987 3995 4019 3986 4018 4010 3988 3981 3993 3998 3994 3997 4021 4024 3985 3991 4006 4015 4026 4003 3996 4009 3980 4035 4023 4013 4032 4004 4031 4030 4027 4002 4038 4037
4038 4025 4029 3999 4017 3990 4036 4001 4016 3986 4000 4007 3988 4005 3992 4021 3987 4033 4012 4028 3995 4026 3997 3985 3984 4019 3998 4011 3993 3996 594 4034 4015 4024 4018 3989 4010 3981 4009 3994 4008 4003 4006 4035 4013 3991 3982 4030 4031 4032 4037 4002 4038
594 4036 4021 3999 3997 4000 3988 3986 3998 4017 3992 4028 4009 4026 4012 4014 3985 3987 4033 4018 4001 3994 4005 3995 4029 4019 3982 3981 3996 3990 4007 3993 4016 4037 4003 4025 4030 4023 4034 4035 4008 4015 4032 4010 3980 3984 4027 4038 4006 4002 4024 4020 4004 4013 3991 594
